1,192.7565,44334,112.575,237,112.89,110.0157,77.1912,230
2,190.4008,45125,112.2375,231,112.32,109.2373,76.5612,237
3,192.188,44972,113.0375,249,113.25,109.4645,76.6589,234
4,192.4914,44658,114.0375,232,113.63,110.1452,76.4781,232
5,190.2478,43757,111.8625,233,112.15,109.7354,76.6838,230
6,189.1548,47667,112.2875,229,112.75,109.7823,76.7008,252
7,190.2083,45650,115.2125,248,114.83,109.6032,76.4858,240
8,189.3279,46196,112.95,238,113.29,109.7689,76.0694,244
9,188.3347,44447,113.35,229,113.44,109.1771,76.5021,236
10,187.7811,43753,112.925,225,112.59,109.1028,76.2713,233
11,187.2803,44760,113.4125,229,113.39,109.4988,76.655,239
12,186.0868,45033,111.825,232,111.7,109.6897,75.726,242
13,186.9622,44497,114,231,114.14,108.844,76.0156,238
14,186.8918,43172,112.7125,227,112.72,109.9565,76.5951,231
15,187.3377,43275,113.65,236,114.03,110.17,76.351,231
16,186.5385,46075,113.675,219,114.34,109.6747,76.1429,247
17,185.4184,44315,112.7375,224,112.81,110.321,76.3049,239
18,187.2284,43437,113.6625,233,113.91,109.4878,76.2861,232
19,185.4244,44131,112.85,222,112.58,109.1645,76.208,238
20,185.2088,46117,113.3375,216,112.47,109.2347,75.8162,249
21,186.1787,43752,112.45,230,112.44,109.0556,76.0608,235
22,185.8492,46834,112.475,230,112.39,110.0815,75.7888,252
23,185.3293,46147,111.825,224,112.61,109.7542,75.8165,249
24,185.4612,43027,113.1125,229,112.86,109.3374,76.2445,232
25,185.4622,44140,113.55,227,112.89,109.2566,75.7428,238
26,183.1647,45608,111.5,216,112.23,108.9207,76.6265,249
27,184.7371,42859,114.775,225,113.95,109.6872,75.7261,232
28,184.3184,45158,112.975,225,112.84,109.876,75.9417,245
29,184.8333,44360,113.45,222,113.24,109.6347,75.9207,240
30,185.2479,44089,112.8875,215,113.62,109.7732,75.7663,238
31,184.7645,44713,111.6375,247,112.3,109.7838,75.8688,242
32,182.8054,46981,112.6875,223,112.71,108.9222,75.7888,257
33,184.063,46752,114.0875,219,113.39,109.4192,75.7331,254
34,183.4467,44761,112.45,215,112.76,109.1922,75.081,244
35,182.3686,46504,112.8125,210,112.61,109.5904,75.2522,255
36,183.2975,44358,113.5125,222,113.94,110.0551,75.0886,242
37,182.9353,42441,112.4625,234,112.78,109.7242,75.5624,232
38,183.8534,42654,113.3875,220,113.19,109.4879,75.9017,232
39,183.7359,42443,113.0125,230,112.87,110.2016,76.1105,231
40,182.0541,47152,111.75,218,112.47,108.9199,75.7709,259
41,182.1318,46990,112.925,220,113.59,109.7274,75.6158,258
42,181.7166,44884,112.6,218,112.98,109.6737,75.4103,247
43,183.3724,43826,112.8125,224,112.84,110.0915,75.6525,239
44,181.5197,46106,111.7375,211,112.4,109.2923,75.5875,254
45,182.1545,42442,114,234,114.19,109.9354,76.0308,233
46,182.542,43445,112.9625,220,112.58,108.848,75.489,238
47,183.7992,43928,113.1375,214,113.4,109.1102,75.0034,239
48,182.1174,41887,113.6625,222,113.11,108.9922,76.1347,230
49,181.7967,43813,113.45,215,113.43,110.4481,75.6814,241
50,181.342,41890,112.075,214,111.84,109.2138,75.2037,231
51,182.125,43710,113.7375,215,113.6,109.8859,75.5671,240
52,181.2794,44776,112.7625,227,113.03,108.7251,74.8847,247
53,182.8508,45347,112.6,226,112.05,109.1937,74.9113,248
54,180.5385,44593,113.225,221,112.37,108.8994,74.8415,247
55,181.5787,42671,112.775,213,112.53,110.0182,75.5085,235
56,181.8077,42543,111.7625,226,111.47,110.3641,76.1161,234
57,182.8667,43888,114.125,222,114.18,110.4057,75.6172,240
58,181.2025,43851,113.4625,215,113.09,109.3129,75.0816,242
59,179.8058,43513,113.2125,215,113.53,109.8521,75.0007,242
60,180.5551,44236,111.75,221,112.3,110.9344,75.1746,245
61,180.4025,42575,112.8875,219,113.29,110.0843,75.601,236
62,181.4741,42102,111.525,217,111.43,109.6166,75.0131,232
63,180.8182,43758,114.375,210,113.96,109.7754,74.9317,242
64,179.4295,53470,113.6625,214,113.35,109.3762,75.0414,298
65,182.0622,43877,113.0375,226,111.91,109.3971,74.8504,241
66,182.2458,43010,113.1875,218,113.59,109.5635,75.0695,236
67,179.8077,42075,113.65,228,114.33,109.5569,74.8547,234
68,180.2078,45953,113.5625,225,113.41,110.9388,74.9077,255
69,181.3686,42803,114.975,221,113.89,109.5514,75.4815,236
70,179.7819,43687,112.7,226,111.87,110.3059,75.2263,243
71,181.4612,44458,112.9125,219,113.13,108.9017,74.2383,245
72,179.938,43545,113.275,213,113.12,109.3435,74.8156,242
73,182.3306,44124,114.025,242,113.72,109.2352,76.0395,242
74,181.3305,42794,111.825,226,112.03,109.7824,75.2516,236
75,181.084,43098,111.775,238,112.32,109.9277,74.2837,238
76,179.0891,44235,112.4625,220,112.72,109.4218,74.9025,247
77,180.0708,43217,112.7,218,112.4,109.8838,74.6616,240
78,180.4215,43662,114.025,219,113.81,110.9068,75.7635,242
79,180.0309,46628,112.7875,217,113.13,110.3454,74.5479,259
80,180.6356,42630,111.75,226,112.64,109.618,75.6023,236
81,181.4871,42105,112.6625,220,112.86,110.2343,74.6977,232
82,181.3391,41708,113.375,210,112.81,110.5581,75.1389,230
83,179.535,43627,112.8625,209,112.4,108.6868,75.4977,243
84,180.4251,44565,112.7875,211,112.8,109.2532,74.3445,247
85,180.5628,41710,114.6,215,113.78,109.6698,74.4515,231
86,179.5678,42378,113.4375,214,112.7,111.4919,74.5182,236
87,180.0202,44465,111.9125,208,112.34,109.6682,74.7331,247
88,181.5926,44127,112.7125,218,113.39,108.9547,74.5278,243
89,178.7131,44857,112.7375,231,112.56,108.6098,74.2672,251
90,180.0302,41767,113.3,218,113.06,111.0745,74.6192,232
91,180.8197,42131,112.7,219,112.22,109.814,73.9972,233
92,180.9185,42154,113.15,217,113.13,110.1444,74.1343,233
93,179.746,45296,114.5625,216,113.9,111.1843,74.9869,252
94,180.1583,43238,114.4125,246,113.8,110.0821,74.4407,240
95,180.1917,43246,113.3625,215,113.37,110.5992,74.3366,240
96,178.9793,43134,113.8625,211,113.53,110.3923,74.5744,241
97,178.9456,42768,113.4625,212,112.6,111.3381,74.5799,239
98,179.7124,41873,111.925,204,112.57,110.8047,74.4357,233
99,179.0513,41898,114.125,210,112.98,111.262,73.496,234
100,180.3636,43648,112.925,232,112.93,110.4999,74.2555,242
101,179.2826,41235,113.575,217,114.21,110.5824,74.5498,230
102,177.8347,43036,113.2,206,113.2,109.8498,74.3107,242
103,180.887,41604,113.0375,214,112.88,110.6659,74.839,230
104,180.3425,45807,113.825,228,113.32,109.9211,74.3842,254
105,178.35,42804,111.8625,213,111.75,111.4877,74.0876,240
106,180.8197,42131,114.8,211,113.63,109.9953,74.4026,233
107,181.4958,43559,114.2625,227,114.47,110.467,74.0819,240
108,180.3305,42558,113.0375,219,113.05,110.5934,73.9758,236
109,181.7821,42537,115.1375,226,114.33,110.314,74.5413,234
110,180.6429,42993,112.6,223,112.43,109.632,73.8794,238
111,177.6776,43531,112.2125,214,111.08,109.5643,74.5239,245
112,178.2971,42613,113.5375,216,111.97,110.072,74.5518,239
113,180.2627,42542,112.5625,233,112.68,111.3397,74.6475,236
114,179.4467,43785,112.8125,215,113.48,110.8504,73.761,244
115,180.6414,42812,113.5125,214,113.06,110.1046,73.3392,237
116,178.5123,43557,112.525,212,111.98,111.5978,73.9931,244
117,180.3695,44912,113.55,215,114.63,108.3795,74.3659,249
118,179.7273,43494,115.3125,215,113.71,109.8419,73.4447,242
119,179.0798,42621,112.425,215,112.49,111.2743,74.0741,238
120,178.2239,46160,112.4625,216,112.43,109.5091,73.7037,259
121,178.2746,52591,114.4875,225,114.23,110.3589,73.0875,295
122,179.2258,44448,113.875,219,113.23,110.1283,74.1195,248
123,177.1025,43213,112.65,209,113.2,111.211,73.6749,244
124,179.7854,44407,112.8625,206,113.38,109.7538,73.8045,247
125,178.0656,46119,112.8375,224,112.75,110.9201,73.1364,259
126,179.0129,41710,112.5,212,112.73,113.0282,73.5488,233
127,178.7907,46128,111.5375,216,112.56,111.8331,74.48,258
128,179.7984,43691,113.325,210,113.38,110.3309,73.1288,243
129,178.3127,46183,113.2875,215,113.69,109.7845,73.6027,259
130,179.4453,44323,112.75,215,112.92,110.5058,73.9416,247
131,179.6446,43474,112.8375,219,112.59,109.4619,74.0746,242
132,178.0885,46303,113.125,218,112.19,109.7952,73.9475,260
133,178.3705,49587,114.1,220,113.17,110.5069,73.071,278
134,179.7917,43150,114.175,214,113.96,110.7961,73.8091,240
135,178.4163,45853,113.775,221,113.73,110.3733,74.0211,257
136,178.3516,45658,112.9125,219,113.01,111.4696,73.0936,256
137,178.6309,41621,113.15,215,114.02,109.173,73.2955,233
138,177.1197,45874,112.675,213,112.73,110.0037,73.358,259
139,180.5941,43162,113.0375,215,112.64,110.8005,73.1123,239
140,179.3264,43397,112.525,228,113.01,109.8364,73.4032,242
141,178.834,42026,113.325,213,112.87,110.45,73.1766,235
142,177.9665,42534,113.9125,212,112.91,110.8257,73.1011,239
143,179.256,44814,112.675,217,113.26,110.6794,73.5401,250
144,179.8347,44599,114.2875,223,115.74,110.5651,74.0109,248
145,178.2471,46166,112.775,221,112.05,111.398,73.1016,259
146,178.7682,41653,112.475,217,112.21,110.1132,74.3288,233
147,178.4096,44424,113.6375,215,112.72,110.2624,73.3438,249
148,177.937,42349,112.1375,215,112.28,110.6035,73.0896,238
149,177.7796,43556,113.3,207,112.76,110.9097,73.5769,245
150,180.0862,41780,113.5625,215,112.6,111.7253,73.2017,232
151,178.9264,41332,112.6625,213,112.26,111.1732,73.3627,231
152,177.8193,42321,112.8875,218,113.07,110.5619,72.914,238
153,177.4708,42593,113.1625,207,112.91,111.8056,73.0166,240
154,178.4941,45516,113.9125,212,112.6,110.5869,73.9506,255
155,177.1941,48374,113.8125,210,113.38,111.0904,72.8689,273
156,179.0909,41370,112.2,221,112.76,110.821,73.2744,231
157,178.6,41971,112.3875,211,112.3,110.9193,73.5804,235
158,177.0189,46733,112.1875,215,111.8,109.6646,73.5596,264
159,178.1885,46329,113.525,219,113.73,110.7435,72.3996,260
160,179.3348,41785,113.3625,207,112.42,111.4793,73.8978,233
161,179.8918,41555,112.7125,219,113.63,111.7458,73.3517,231
162,178.9426,43662,113.45,229,113.19,110.9061,73.6081,244
163,179.9655,41752,113.4625,220,112.53,111.186,73.8501,232
164,177.775,42666,112.4125,208,112.93,111.6425,72.7532,240
165,177.6833,42644,112.775,204,112.91,110.99,72.5513,240
166,177.3991,41334,112.775,207,113.58,111.1065,72.9009,233
167,178.0337,47535,112.8875,216,113.59,111.1376,73.0502,267
168,178.8571,41316,112.275,212,111.4,110.5473,72.9055,231
169,177.6429,42279,112.8875,219,113.43,112.3715,72.6635,238
170,178.3713,42274,112.425,217,111.89,112.0369,71.7499,237
171,178.6777,43240,111.9625,221,112.22,110.749,72.8909,242
172,178.4852,42301,112.5625,209,112.89,110.1686,73.2284,237
173,177.7792,42667,113.275,213,112.49,111.2374,72.9351,240
174,178.825,42918,113.675,219,113.2,110.2048,72.4823,240
175,178.8024,44343,112.725,214,111.63,111.4231,72.3682,248
176,179.4367,43962,114.925,218,113.26,109.9332,72.5458,245
177,176.6032,44504,112.2,216,113.26,110.6338,73.5403,252
178,178.9156,42403,113.9,216,112.71,111.0321,73.1991,237
179,179.1098,44061,113.825,216,112.87,110.2244,73.0644,246
180,178.7073,43962,112.9375,208,112.7,111.7754,71.3881,246
181,177.1954,46248,113.1,212,112.29,111.2007,72.0332,261
182,178.4658,41761,113.3,210,113.14,110.5189,72.8022,234
183,178.7869,43624,114.1,220,113.43,110.8176,72.854,244
184,177.1579,43758,112.825,207,112.56,112.1011,72.1293,247
185,178.2,42768,113.15,233,112.97,111.4982,72.4714,240
186,178.8708,42929,112.9375,208,113.33,111.6644,71.9961,240
187,178.0082,43434,112.3125,213,111.22,111.841,72.1183,244
188,179.0346,41357,113.4125,217,113.53,111.7485,72.2158,231
189,179.7576,41524,115.475,221,113.96,112.0983,72.1483,231
190,178.66,44665,111.925,223,112.68,111.4658,72.4865,250
191,179.2574,42484,113.875,214,115,111.2061,73.0933,237
192,175.9524,48035,113.2875,211,112.64,111.0151,72.6066,273
193,178.2531,42959,112.7875,222,113.04,112.118,71.5857,241
194,177.2808,46093,112.8625,216,112.56,111.671,72.538,260
195,179.252,44813,113.9125,217,113.23,110.1666,73.1629,250
196,178.2743,42251,113.375,210,114.07,110.7723,72.2486,237
197,178.1943,44014,112.25,206,112.19,111.1405,71.7048,247
198,178.3896,41208,113.3375,208,113.22,111.6854,72.4278,231
199,178.4848,41230,113.3125,209,113.4,111.9837,72.192,231
200,178.7605,47014,113.2,209,112.34,111.9633,72.262,263
201,178.4895,42302,113.5,223,112.79,111.7074,73.331,237
202,177.496,44374,111.7625,228,111.74,110.3071,72.0327,250
203,178.5574,43568,113.5125,207,112.95,111.5933,72.7576,244
204,178.6441,42160,111.775,217,112.68,111.6745,72.8218,236
205,178.8879,41502,112.1375,216,111.75,112.1053,72.2714,232
206,177.6041,43513,112.3625,211,111.86,113.0771,71.8504,245
207,178.7489,41291,112.875,223,113.07,111.8394,71.6909,231
208,179.6695,42402,112.7,223,111.72,111.3913,72.1403,236
209,176.8824,45105,112.2,222,111.56,112.5348,72.3596,255
210,178.1508,44894,111.9125,218,112.46,112.2854,71.5089,252
211,177.6667,45838,112.3375,207,111.97,112.7277,70.6836,258
212,177.4213,45065,114,219,113.52,110.89,71.6813,254
213,177.2551,43073,115.1125,213,114.1,111.7158,71.9698,243
214,178.5078,45698,114.0375,226,113.68,110.3303,71.1643,256
215,180.6383,42450,113.1875,221,113.3,111.6114,72.0763,235
216,176.2883,49537,112.325,212,112.27,110.0075,73.2082,281
217,178.8494,42745,113.1875,219,113.56,111.1575,73.0486,239
218,177.9657,41466,112.75,214,112.94,111.5897,72.4042,233
219,177.7559,45150,114.2125,217,113.97,111.8909,71.1616,254
220,179.1078,41553,112.825,212,112.78,111.6953,71.6685,232
221,179.7106,42232,113.225,213,113.14,112.1863,72.1626,235
222,177.5289,42962,112.3,204,113.05,110.6142,71.531,242
223,179.186,43363,113.575,230,113.09,110.5082,71.3076,242
224,178.1458,42755,113.3375,214,112.31,111.5904,72.0137,240
225,178.413,41035,112.65,209,112.26,110.6249,71.2611,230
226,176.6834,45761,113.3375,207,112.54,112.1103,71.4606,259
227,176.8804,48819,112.9375,208,112.05,111.3274,71.8858,276
228,178.7347,43790,113.6875,223,112.61,112.4199,71.787,245
229,177.5105,42425,112.3875,207,111.98,112.6519,70.6047,239
230,177.276,44319,113.475,212,112.27,110.9823,71.207,250
231,178.6092,46617,113.5,222,112.59,112.3853,71.5212,261
232,178.6049,43401,114.1,210,114.17,111.8755,71.9387,243
233,176.8367,43325,113.3375,212,112.92,112.3873,71.6305,245
234,177.6426,41746,113.025,220,112.73,112.3803,72.1787,235
235,179.2458,43019,112.325,212,113.27,110.8121,71.7599,240
236,179.0502,42793,113.675,220,113.55,112.7931,71.8239,239
237,178.2548,46168,114.6,218,113.07,112.4057,72.2584,259
238,178.5726,41786,112.0625,217,111.83,112.5837,71.5512,234
239,178.0381,42017,114.2875,213,112.99,111.8504,72.5245,236
240,177.9492,41996,111.525,219,112.81,112.7843,71.1371,236
241,178.189,45260,114.3,209,114,110.9861,72.277,254
242,178.0128,41655,112.775,215,113.03,110.6235,70.9366,234
243,178.2397,43134,113.3875,211,112.44,111.0301,72.0183,242
244,178.6475,43590,113.5625,223,114.39,112.4167,71.7081,244
245,177.7341,44789,112.8375,212,112.82,110.9821,71.0932,252
246,179.5267,43625,113.375,211,113.86,111.542,71.5423,243
247,178.5931,41255,113.375,227,113.13,111.3292,72.2189,231
248,178.2056,44195,112.9375,217,113.63,111.6583,71.8336,248
249,177.2083,42530,113.15,221,111.99,113.2177,71.5594,240
250,177.0571,43379,113.7375,212,112.65,111.3648,71.5333,245
251,178.519,42309,114.4,216,113.96,111.8716,71.8247,237
252,179.6293,41674,113.8375,214,113.59,111.2698,71.9452,232
253,179,42065,114.2,215,112.51,112.9051,71.2261,235
254,180.2361,41995,114.2875,223,114.34,112.2277,71.3804,233
255,176.6609,40632,111.95,205,113.03,112.3653,70.4637,230
256,176.8333,42440,113.4,223,111.8,111.7792,71.2622,240
257,178.9348,41155,114.225,216,113.2,112.02,71.5702,230
258,178.132,44533,113.2875,215,112.48,111.4658,71.5892,250
259,176.7582,43129,112.1,210,112.49,111.47,71.7784,244
260,178.8279,43634,113.6625,241,113.28,113.0831,71.5072,244
261,178.4217,41037,111.4375,214,112.08,112.8358,72.11,230
262,180.0776,41778,112.8875,223,112.81,112.6757,71.9719,232
263,178.7029,42710,112.95,211,113.61,111.303,72.3312,239
264,177.9261,45727,112.45,214,111.92,112.4259,71.0438,257
265,178.9883,45821,112.375,220,112.56,112.0563,71.3163,256
266,177.9042,42697,112.6125,222,113.42,113.4959,70.9686,240
267,180.0688,44477,113.5625,217,113.18,113.0642,71.5733,247
268,179.7131,43850,112.6125,218,111.44,112.0525,71.0122,244
269,181.2941,43148,113.15,225,112.95,113.1622,72.2995,238
270,179.1983,43366,113.0125,230,113.25,112.1839,71.5736,242
271,181.413,41725,112.0125,222,112.2,112.1908,72.1097,230
272,180.0996,43404,114.075,219,113.6,111.3867,71.5134,241
273,181.3178,42791,112.65,213,112.32,111.7215,71.4607,236
274,179.7457,41701,113.2375,219,111.5,113.8356,72.2322,232
275,179.8361,42801,111.7125,223,112.04,112.3853,72.0797,238
276,180.7229,45000,113.9625,218,114.31,111.8998,72.3944,249
277,181.5127,42837,112.5125,216,113.24,112.3357,72.3195,236
278,179.9698,41753,112.2875,223,112.88,113.0343,71.468,232
279,180.6667,42818,113.075,233,113.15,113.0083,71.679,237
280,180.4723,42411,113.075,220,113.01,111.6135,71.5506,235
281,181.5391,41754,113.45,218,113.2,112.7981,72.0466,230
282,180.8734,42867,113.2,221,113.73,111.0937,71.7013,237
283,179.2941,45720,113.2875,216,112.64,112.4432,71.5638,255
284,181.9402,42574,113.1,231,113.95,112.9025,71.1169,234
285,180.4873,42595,112.825,222,113.49,111.5848,72.063,236
286,180.1107,43947,113.275,217,113.76,111.7952,72.1548,244
287,178.6417,45375,112.2875,214,112.09,111.9541,71.0925,254
288,178.0123,43257,114.1625,213,112.52,112.8083,71.9474,243
289,179.6008,44541,111.9375,215,112.08,112.321,70.7696,248
290,179.8299,43339,112.975,224,112.05,111.3072,72.1349,241
291,180.8182,45747,113.4875,213,113.22,111.7896,71.7556,253
292,178.4015,47098,111.875,219,112.6,113.4761,71.3838,264
293,179.9449,42467,112.75,228,112.53,111.6635,70.4815,236
294,179.1498,44250,111.9125,225,111.79,112.623,71.1619,247
295,178.7287,44146,111.9,223,111.76,111.6082,72.055,247
296,180.4832,42955,113.2875,217,113.26,112.0212,71.462,238
297,180.4017,42214,112.125,216,112.07,112.276,71.919,234
298,178.5906,45362,114.325,218,112.03,110.9921,72.2063,254
299,178.5951,44113,112.4875,218,112.44,111.1749,71.6495,247
300,180.4421,43667,114.0625,223,113.29,112.538,71.2025,242
301,179.4468,42170,113.8625,218,112.58,111.5209,70.9311,235
302,181.1899,42942,114.7,215,114.26,111.8712,72.0601,237
303,181.7393,42527,112.375,227,112.58,111.32,72.3912,234
304,180.627,45518,113.25,229,112.48,112.4706,71.5493,252
305,181.928,45482,112.0375,225,111.44,111.8989,71.1087,250
306,181.7479,43256,112.7125,228,112.11,111.5756,71.6937,238
307,182.9012,44445,114.7,230,114.3,111.3421,72.008,243
308,181.2757,44050,112.1625,219,112.46,111.4615,71.3795,243
309,184.1545,42908,113.725,223,112.7,111.9657,71.701,233
310,184.5236,42994,112.3125,229,111.66,113.2625,71.7678,233
311,183.9025,43401,112.3375,221,111.88,112.1543,71.459,236
312,183.7605,43735,112.7625,224,113.07,110.8597,71.7022,238
313,182.8514,45530,113.05,215,112.76,111.301,71.6166,249
314,185.1838,43333,113.525,232,114.48,111.3321,72.0401,234
315,186.3162,43598,113.2125,229,113.86,111.8713,72.1813,234
316,185.3013,44287,111.275,229,111.78,110.9643,71.2943,239
317,187.3475,44214,114.2625,234,112.89,112.7161,71.9628,236
318,187.0656,45644,113.0125,230,112.11,111.612,71.3429,244
319,186.0498,44838,112.975,222,112.67,112.5858,71.4082,241
320,185.2939,45397,113.375,219,112.87,112.3641,71.957,245
321,187.3239,46269,112.7375,229,111.24,112.0202,72.1006,247
322,186.488,46622,112.575,223,112.76,111.6288,72.0299,250
323,187.2176,44745,113.15,240,112.05,111.2744,71.5672,239
324,187.3388,45898,112.7,244,112.86,112.444,71.3124,245
325,188.5261,43361,112.675,235,112.73,111.732,71.263,230
326,189.7347,46485,112.175,238,112.35,111.7267,71.8309,245
327,188.9402,44212,112.75,237,112.03,112.7231,71.4527,234
328,190.5356,45538,112.575,238,111.42,112.0646,71.6518,239
329,190.6721,46524,113.3,231,113.02,112.1176,71.4216,244
330,189.7623,46302,112.2,233,112.4,111.5743,71.2005,244
331,192.0468,45131,113.675,231,112.44,113.3346,71.5561,235
332,193,45162,111.2,242,111.49,112.1995,72.1676,234
333,193.9832,46168,113.35,244,113.38,112.6228,71.8904,238
334,192.3992,47715,111.825,257,111.9,112.614,71.5579,248
335,196.1983,46499,114.2125,254,113.45,111.8531,71.7539,237
336,194.6092,46317,113.3125,244,114.55,112.6752,71.765,238
337,194.987,45042,111.675,253,113.12,112.0986,71.6564,231
338,195.0213,45830,112.8875,242,113.02,112.2708,71.5252,235
339,192.8645,48409,112.1125,236,112.15,112.6301,71.4298,251
340,196.5976,48363,113.675,247,114.89,112.039,71.3067,246
341,197.8615,45706,113.075,267,112.07,112.2212,72.0744,231
342,198,47124,113.275,262,113.51,112.7695,71.687,238
343,198.7094,46498,113.5,255,113.1,112.0448,71.2378,234
344,200.8285,47998,114.475,248,113.98,111.9633,71.0254,239
345,201.6043,47377,113.375,265,111.89,112.2868,71.254,235
346,199.6933,47527,113.9625,273,113.09,112.2518,72.1423,238
347,204.2424,47180,115.275,261,114.22,112.3444,71.6147,231
348,202.4522,46564,113.3125,261,111.75,112.5693,71.817,230
349,202.9316,47486,113.9625,263,113.01,112.4162,71.5069,234
350,202.9181,47077,113.7,274,113.32,112.513,71.7065,232
351,202.5362,47596,112.8125,272,113.37,112.3592,72.0695,235
352,204.5551,48275,113.85,265,112.89,112.2277,71.7013,236
353,203.9221,47106,111.9125,258,112.68,111.8783,71.7707,231
354,204.7458,48320,113.8625,278,113.81,112.0502,71.6683,236
355,203.916,48532,113.6,282,112.31,111.7279,71.5744,238
356,206.8043,48599,112.6875,264,112.47,112.3538,71.5691,235
357,206.1452,49681,112.8625,267,112.94,111.8847,71.3884,241
358,208.5517,48384,112.65,289,112.25,112.678,71.3648,232
359,206.0862,47812,112.775,269,112.97,112.6493,72.0024,232
360,208.0043,48465,113.4625,274,112.21,111.9895,71.9056,233
361,206.1818,49896,112.9375,271,111.98,111.5781,72.0326,242
362,209.678,49484,112.9125,283,112.86,111.8807,71.8552,236
363,208.1966,48718,114.95,265,113.51,112.0228,71.6994,234
364,210.6752,49298,114.3625,278,113.65,112.7314,71.8748,234
365,212.7974,49369,114.0875,280,113.6,112.7412,71.9058,232
366,211.8547,49574,112.625,274,113.87,111.5866,71.382,234
367,209.7322,50126,112.775,275,111.35,111.8829,71.6035,239
368,211.8326,49357,112.7375,280,112.14,112.0981,71.9808,233
369,212.1477,50279,114.075,275,113.26,112.6764,72.0016,237
370,211.9362,49805,113.0125,280,112.58,112.3903,71.7528,235
371,212.7292,51055,114.225,288,113.3,112.188,71.8672,240
372,212.6926,49132,114.2,268,113.91,112.353,71.9409,231
373,213.8481,50682,111.6875,283,113.08,111.8652,71.622,237
374,215.4506,50200,113.3625,292,112.02,112.3409,71.6269,233
375,214.213,49269,113.2375,275,112.97,112.2111,71.3999,230
376,215.2913,49517,114.3875,273,114.92,111.6225,71.6114,230
377,214.3109,51006,113.6875,293,112.87,111.945,71.3231,238
378,215.4138,49976,112.5125,286,112.45,111.7287,71.526,232
379,216.6797,50053,112.8875,294,112.22,111.8844,71.6389,231
380,215.8841,50301,113.2625,288,112.12,111.8787,71.4124,233
381,216.4764,50439,112.175,280,112.36,112.1363,71.7911,233
382,219.072,51701,114.2125,273,113.47,111.691,71.7004,236
383,219.6509,50959,113.3,300,112.76,112.2781,71.7826,232
384,219.4678,51136,114.65,326,113.89,111.7867,71.3021,233
385,218.566,51363,112.85,289,112.29,112.0237,71.664,235
386,221.913,51040,111.7375,292,112.03,112.2953,71.5826,230
387,220.2251,50872,112.775,281,113.04,112.4247,71.5757,231
388,220.6229,52067,113.0125,325,113.1,112.1241,71.7423,236
389,222.141,51981,113.525,303,113.64,112.6338,71.8126,234
390,221.5966,51632,112.7625,290,112.92,112.5935,71.4456,233
391,222.7161,52561,114.0625,308,113.26,112.056,71.5202,236
392,220.9356,51478,113.275,311,113.03,112.4656,71.2495,233
393,221.3122,52451,113.725,287,113.28,112.0694,71.5441,237
394,222.6595,51657,112.1125,295,113.11,112.7458,71.62,232
395,226.0563,52219,113.9625,305,113.04,112.2546,71.6905,231
396,224.4762,51854,113.5875,305,113.28,111.9747,71.5496,231
397,225.4826,51861,113.7,292,113.94,112.3705,71.9453,230
398,226.2103,52707,111.45,314,112.62,112.4669,71.3231,233
399,226.4589,52312,112.5125,310,112.65,112.411,71.53,231
400,226.7759,52612,113.6375,316,113.39,112.5266,71.6439,232
401,225.3362,52954,113.5125,302,113.54,112.369,71.511,235
402,227.1818,52479,113.225,322,112.27,112.5625,71.3567,231
403,224.0043,52193,114.1625,294,114,112.3596,71.1722,233
404,225.1513,53586,112.5375,300,112.04,112.2173,71.1386,238
405,224.1674,52231,112.575,298,112.15,112.3072,71.9358,233
406,228.2232,53176,113.7875,319,112.81,112.4609,71.8318,233
407,228.7174,52605,112.2875,305,112.93,112.6511,71.6634,230
408,224.9876,54447,113.9,304,113.98,112.5529,70.9175,242
409,225.694,52361,112.575,306,111.68,112.5576,71.4538,232
410,229.1043,52694,114.175,304,113.21,112.6824,71.3258,230
411,225.0847,53120,113.15,309,111.54,112.687,71.3047,236
412,226.4262,53663,113.8,336,113.05,112.8152,71.4409,237
413,226.684,52364,113,322,113.41,112.8342,71.2262,231
414,227.787,52391,112.4875,301,112.74,112.5981,71.0006,230
415,225.2869,53393,112.9875,295,112.21,112.5074,70.9905,237
416,225.9185,52639,112.5625,321,113,112.3761,71.4836,233
417,225.413,51845,112.8125,315,112.22,112.8514,71.3141,230
418,226.4217,52077,113.4125,296,112.69,112.8716,71.1729,230
419,226.1255,54044,113.1875,301,112.5,112.707,71.2704,239
420,228.1202,53152,112.9625,322,111.95,112.7871,71.2588,233
421,228.4828,53008,113.3875,321,113.09,113.1289,71.6061,232
422,227.6509,52815,112.6875,320,112.18,112.5593,71.0335,232
423,226.7922,52389,112.55,298,112.02,112.2507,71.092,231
424,226.187,52023,113.0625,312,113.19,113.0315,71.1326,230
425,227.641,53268,113.375,312,114.25,113.0408,71.3231,234
426,227.6793,53960,112.9,318,113.75,112.8965,71.015,237
427,226.9697,52430,114.375,297,112.97,112.8751,71.2073,231
428,227.3913,52300,112.5875,303,112.46,113.0105,71.2237,230
429,227.7802,52845,113.6625,329,113.66,112.8634,71.2062,232
430,226.8498,52856,114.2625,315,112.83,112.7402,71.2188,233
431,225.3348,51827,113.4875,305,112.5,113.0713,71.469,230
432,224.2564,52476,112.8625,314,112.71,112.1254,71.3058,234
433,228.2208,52719,114.775,325,113.49,112.8113,71.0519,231
434,227.4329,52537,112.6125,299,111.83,113.073,71.1353,231
435,225.7574,53053,113.0875,321,113.05,112.7202,70.7975,235
436,225.3723,52061,114.125,309,114.3,113.1386,70.6801,231
437,224.6213,52786,112.85,296,112.92,112.8848,70.8712,235
438,223.3957,52498,114.0625,310,112.97,112.9664,71.0891,235
439,224.966,52867,112.0875,308,112.4,112.7276,70.8652,235
440,222.9873,52848,113.45,299,113.19,112.9926,71.3722,237
441,224.6471,53466,113.6375,312,113.37,112.5688,71.2224,238
442,224.8435,51714,112.625,292,111.76,113.0597,70.9974,230
443,221.6653,52313,113.5625,290,112.93,112.9321,71.0873,236
444,224.4506,52297,113.575,315,112.57,113.1421,70.9545,233
445,223.3445,53156,113.3875,307,112.25,113.1245,70.6748,238
446,225.9,51957,113.65,306,113.17,112.7483,70.6867,230
447,226.1169,52233,114.275,312,113.57,112.9575,71.0718,231
448,225.2284,52253,114.325,314,113.79,112.6212,71.2251,232
449,223.4304,51389,113.025,306,112.55,113.2393,71.026,230
450,223.6638,51890,113.275,308,113.71,112.9529,70.9381,232
451,222.859,52149,115.25,318,111.82,113.0179,70.7584,234
452,222.7,51221,113.425,300,113.21,112.7843,70.7575,230
453,221.6314,52305,112.3,315,111.68,112.8121,70.7118,236
454,222.0085,52172,112.7125,302,112.12,112.8114,70.8855,235
455,223.0085,52407,113.6125,294,112.78,113.288,70.6168,235
456,222.9785,51954,113.775,308,112.22,113.3018,70.535,233
457,223.5948,51874,112.1375,303,112.29,112.743,70.6434,232
458,224.0129,51971,113.6625,314,113.51,112.8176,70.6855,232
459,223.5872,52543,111.6,300,112.01,113.2439,70.4003,235
460,222.9362,52390,113.7125,307,114.13,113.3788,71.1625,235
461,222.2565,51119,111.8125,290,112.83,113.1851,70.7694,230
462,221.8966,51480,112.4625,303,111.53,113.1283,70.6695,232
463,223.4174,51386,114.425,294,114.03,113.293,70.5678,230
464,222.3261,51135,112.95,309,113.42,113.061,70.8518,230
465,221.2735,51778,113.475,306,112.53,113.0297,70.6306,234
466,220.6923,51642,112.275,324,112.39,113.623,70.384,234
467,221.1696,50869,112.975,299,113.21,113.1972,70.6498,230
468,221.6584,53863,112.1625,309,112.13,112.9673,70.9392,243
469,223.6061,51653,114.6875,315,114.05,113.2946,70.663,231
470,225.2845,52266,114.0375,319,114.18,113.2568,70.6021,232
471,223.7532,52582,113,303,112.75,113.3816,70.7014,235
472,222.1574,52207,112.45,320,111.95,113.2428,70.7856,235
473,222.5041,53846,113.75,298,115.29,113.1229,70.4876,242
474,224.6111,52559,112.2375,301,112.92,112.7478,70.6704,234
475,225.6494,52125,113.3375,305,112.6,113.5021,70.5746,231
476,225.588,52562,112.2625,311,112.4,113.4341,70.6359,233
477,226.3103,52504,113.35,296,112.63,113.1428,70.527,232
478,226.3447,53191,113.4125,312,113.2,113.4911,70.632,235
479,224.5171,52537,112.225,307,112.27,112.864,70.7321,234
480,227.2435,52266,114.3125,318,112.99,112.87,70.462,230
481,225.5042,54121,113.8875,308,113.03,113.5012,70.3198,240
482,228.1515,52703,113.475,325,112.51,113.286,70.3387,231
483,224.5769,52551,112.8375,309,112.07,113.3434,70.9537,234
484,227.5451,53018,112.8875,322,113.32,112.5579,70.4948,233
485,226.6234,52350,113.4125,310,113.13,113.0409,70.3301,231
486,225.3933,53869,112.2,312,111.48,113.1098,70.2636,239
487,226.6494,52356,114.9375,305,113.06,113.413,70.3602,231
488,227.6314,53721,113.9625,313,114.06,113.4472,70.5166,236
489,226.814,54889,112.7875,312,113.46,113.5133,70.391,242
490,227.8707,52866,112.3875,321,111.43,112.7048,70.5299,232
491,229.355,52981,113.0875,309,113.97,113.1539,70.6752,231
492,229.1913,52714,113.1375,333,113.59,113.3632,70.6337,230
493,228.9828,53353,111.775,312,112.03,113.2392,70.3107,233
494,226.7478,52152,113.1875,303,113.45,113.583,70.3933,230
495,230.1,52923,113.775,318,113.85,113.2854,70.4184,230
496,230.4783,53010,114.275,320,112.95,113.7322,70.5394,230
497,230.1509,53395,113.7125,318,113,113.8452,70.6315,232
498,229.8889,53794,113.6125,331,113.53,113.2215,70.7039,234
499,226.8856,53545,113.475,313,112.34,113.0065,70.6575,236
500,229.5443,54402,112.2625,337,112.77,113.0667,70.4049,237
501,230.2778,53885,113.5625,328,113.21,113.8332,70.0798,234
502,229.9827,53126,113.8875,339,114.52,113.4105,70.3713,231
503,232.4421,54159,113.4375,324,113.86,114.0489,70.2623,233
504,231.387,53219,114.125,315,113.81,113.3625,70.4766,230
505,228.6667,52822,113.6875,314,113.95,112.8947,70.2781,231
506,226.9442,52878,113.175,306,112.91,113.2866,70.2164,233
507,228.3593,52751,112.275,326,111.86,113.3532,70.3108,231
508,229.3077,53658,112.9625,326,112.02,113.1056,70.1352,234
509,227.9784,52663,112.7375,310,112.41,113.2024,70.5082,231
510,228.5043,52556,112.4375,322,113.34,113.4471,70.487,230
511,228.0217,52445,113.95,309,113.53,113.5101,70.1041,230
512,230.1217,52928,114.4625,313,111.45,113.4858,70.3511,230
513,228.5494,53252,113.3375,317,112.56,113.5122,70.2664,233
514,228.6282,53499,114.5625,317,112.93,113.5421,70.4926,234
515,228.8771,54015,113.6875,330,113.08,113.2488,70.1402,236
516,231.9787,54515,114.575,326,113.18,113.5345,70.1865,235
517,231.9612,53815,113.625,311,114.91,113.6469,70.141,232
518,232.7489,53765,113.4625,323,113.85,113.7181,70.3498,231
519,232.8609,53558,113.6875,328,114.1,113.9479,70.4544,230
520,233.4784,54167,113.5375,338,112.36,113.4898,70.1157,232
521,234.8398,54248,112.525,330,112.59,113.4372,70.1922,231
522,233.1348,53621,113.2625,332,112.97,113.9421,70.3099,230
523,234.9701,54983,113.825,317,112.03,113.5023,70.1509,234
524,232,53592,114.525,322,114.05,113.7929,70.0604,231
525,232.2564,54348,112.55,330,112.08,113.5447,70.1805,234
526,230.9739,53124,114.625,364,112.44,113.4662,70.1916,230
527,232.5913,53496,114.9125,310,113.77,113.5037,70.3052,230
528,230.4565,53005,112.5875,327,112.7,113.8716,70.1413,230
529,229,52899,113.0875,328,113.59,113.8138,70.0768,231
530,228.911,54023,113.45,361,113.27,113.3361,70.2316,236
531,227.1169,52464,113.1125,326,111.64,113.7137,70.4615,231
532,227.6026,53259,115.05,339,113.57,113.5925,69.9725,234
533,223.9565,51510,113.5125,312,113,113.279,70.1582,230
534,224.9351,51960,112.875,301,113.19,113.6156,70.1205,231
535,223.913,51500,114.4625,312,114.91,113.5647,69.9817,230
536,220.7854,51443,112.0625,311,113.19,114.3496,70.3971,233
537,220.5404,51827,112.5625,315,112.6,113.0921,69.9495,235
538,220.5302,51163,114.15,314,114.39,113.7199,69.9228,232
539,222.2026,51551,114.4875,299,113.26,113.5321,69.6347,232
540,218.5319,51355,112.85,291,112.81,113.5194,69.9902,235
541,216.6979,50924,112.7125,294,112.52,113.5841,69.9148,235
542,217.6468,51147,113.4,313,114.25,113.5403,70.4988,235
543,215.9784,50107,112.6,311,112.63,113.3457,69.8802,232
544,214.8009,49619,112.125,308,111.93,113.4097,70.1328,231
545,214.6121,49790,113.6125,293,112.97,113.413,70.1169,232
546,212.0563,48985,113.1,290,113.21,113.233,69.8654,231
547,210.364,50277,114.7875,294,113.22,113.8235,70.4058,239
548,209.1526,52079,114.1125,286,114.08,113.2969,70.046,249
549,208.8602,49291,112.1375,287,111.85,113.4854,69.6159,236
550,207.0948,48046,113.0875,287,112.18,113.4292,69.5572,232
551,207.2532,49119,114.35,273,113.87,112.9937,70.027,237
552,206.8432,48815,112.65,263,111.58,113.8003,70.4422,236
553,205.2251,47407,112.75,278,113.33,113.8701,70.2278,231
554,204.6552,47480,113.0625,263,114.21,113.8289,70.2005,232
555,205.6398,48531,114.1625,262,113.56,114.2108,70.328,236
556,205.3475,48462,113.75,275,112.69,113.4456,69.8899,236
557,203.1245,47328,113.5375,287,112.37,112.974,69.4411,233
558,204.1197,47764,112.5625,278,112.98,113.7755,70.1278,234
559,203.485,47412,112.4375,259,112.38,113.7003,69.9254,233
560,203.5404,47832,112.875,261,112.31,113.9825,70.1939,235
561,206.141,48237,112,270,111.99,113.6881,70.1764,234
562,203.9662,48340,112.675,254,111.25,114.1062,69.8067,237
563,205.1245,47794,113.9375,272,112.5,113.9123,70.5379,233
564,204.8652,47119,112.3625,269,112.51,113.5288,69.7469,230
565,204.8631,49372,114.5625,265,113.08,113.4346,69.8494,241
566,207.2918,48299,113.5625,264,113.94,113.644,69.7819,233
567,207.9181,48237,113.5875,306,113.68,113.6886,69.8779,232
568,204.8866,50607,113.6875,269,112.83,113.406,70.2202,247
569,207.5216,48145,114.45,264,114.07,113.9172,69.7401,232
570,206.2446,48055,114.075,279,113.85,114.5944,70.1275,233
571,206.688,48365,114.075,269,112.94,114.3893,69.3573,234
572,203.6017,47032,112.9,261,112.37,113.8814,69.6963,231
573,204.5103,49696,114.275,277,112.9,113.8265,70.3907,243
574,204.7521,48731,113.25,257,112.89,113.9205,70.1779,238
575,203.8584,47499,113.35,275,111.81,113.4008,70.2498,233
576,206.4416,47688,114.4625,264,113.31,113.86,70.5561,231
577,204.094,47758,114.2625,261,113.27,113.4951,70.2258,234
578,203.5745,47840,113.0875,295,112.5,113.8283,69.8983,235
579,203.1516,49569,113.5875,286,111.58,113.3329,69.7513,244
580,203.038,48120,113.35,258,113.63,113.8862,69.9567,237
581,202.1375,48513,113.55,260,113.16,114.2926,70.3675,240
582,203.0464,48122,112.375,276,111.68,114.1745,70.0329,237
583,203.983,47936,112.9375,261,112.95,113.6529,70.1475,235
584,204.7026,47491,112.8375,270,113.39,114.2022,70.0783,232
585,204.3086,49647,113.5625,262,113.38,113.5927,70.5158,243
586,203.7435,46861,113.15,258,112.9,113.5501,70.3364,230
587,203.6348,46836,114.1125,250,112.45,113.9937,70.2028,230
588,202.4249,47165,112.95,257,112.8,113.5601,69.881,233
589,203.7316,47062,113.9375,260,112.59,114.3664,70.3501,231
590,205.4826,47261,112.0875,268,112.83,114.3576,69.6222,230
591,205.0858,47785,113.125,257,113.37,113.4089,70.1833,233
592,203.45,48828,113.825,275,113.6,114.2208,70.3633,240
593,206.4526,47897,113.675,266,113.77,113.9366,70.0733,232
594,204.9407,48366,113.725,262,113.19,113.4381,69.9476,236
595,203.6271,48056,114.075,268,112.99,113.8143,70.2243,236
596,204.71,47288,114.4375,259,113.59,114.2682,69.9808,231
597,204.6667,47278,112.6875,266,113.33,114.0052,70.0888,231
598,205.7565,47324,113.625,270,113,114.1999,70.472,230
599,204.2597,47184,112.2375,265,112.53,113.4907,69.8894,231
600,202.8217,46649,113.8375,265,114.31,115.1102,70.0385,230
601,202.4077,47161,112.025,257,112.65,113.4381,70.0763,233
602,203.6595,47249,114.525,253,112.82,113.625,69.9942,232
603,205.4545,47460,114.0125,260,113.71,114.2557,70.3984,231
604,202.2911,47943,113.2625,256,113.65,113.7111,70.3044,237
605,204.2564,47796,113.4125,259,113.65,113.7952,70.1727,234
606,201.7375,48417,112.9875,270,113.24,113.6097,69.9309,240
607,202.9959,48922,114.2125,258,112.28,113.8534,70.1894,241
608,202.4852,47989,112.975,261,113.81,113.6967,70.3701,237
609,203.7229,47060,112.65,248,112.81,113.6681,70.3667,231
610,203.3087,46761,112.325,248,112.48,113.4018,70.043,230
611,204.6085,48083,114.025,256,113.37,114.1781,70.4902,235
612,203.7778,47684,114.375,259,113.62,114.0788,69.9408,234
613,204.3723,47210,111.975,260,111.66,112.97,70.481,231
614,204.1,48984,114.025,258,113.66,113.1814,69.9317,240
615,204.5579,49503,114.575,268,113.1,113.4207,70.1209,242
616,205.2042,49249,112.8625,273,112.4,114.0707,70.05,240
617,204.194,47373,112.65,268,111.83,114.2307,70.1372,232
618,203.9835,49364,113.5125,270,113.91,113.6801,70.1608,242
619,206.0519,47598,113.3875,250,112.86,113.5419,70.0224,231
620,204.5336,51747,113.5375,272,113.3,113.525,69.8026,253
621,205.8197,47956,112.95,279,112.52,113.3052,70.4359,233
622,205.0205,50025,115.125,266,112.89,113.8207,70.449,244
623,202.3968,49992,113.0125,260,112.73,113.7802,69.6981,247
624,202.1624,47306,113.5875,265,111.81,113.9878,70.709,234
625,201.7119,47604,113.1,271,113.05,113.8779,69.9595,236
626,206.0769,48222,114.3375,256,113.25,114.5782,69.5369,234
627,201.4872,47148,113.075,250,112.85,114.676,70.3469,234
628,201.8143,47830,113.1375,245,112.84,113.4533,70.3971,237
629,202.4587,48995,113.0125,263,113.3,113.3648,69.9351,242
630,202.5967,49231,113.25,258,113.58,114.2087,69.7762,243
631,202.4542,48589,113.375,262,113.73,113.4909,70.3928,240
632,201.6277,46576,112.5125,250,112.77,113.9374,70.0257,231
633,203.7857,48501,114.15,268,113.2,113.7471,69.8161,238
634,199.8703,47769,112.65,258,111.59,113.3981,70.0361,239
635,202.5064,47589,112.9125,271,112.1,113.7649,69.5576,235
636,203.9348,46905,112.9875,266,111.85,113.9704,70.2581,230
637,202.8526,50916,113.55,261,112.3,113.4996,69.8548,251
638,202.6511,47623,113.1125,263,112.42,114.1501,69.54,235
639,201.3205,47109,112.625,256,112.16,113.3336,70.0878,234
640,203.2658,48174,113.5125,261,113.88,113.5526,70.1675,237
641,202.2906,47336,112.8,269,112.62,114.0052,70.7706,234
642,204.2802,47393,112.975,264,111.57,113.9694,69.9111,232
643,204.3958,49055,114.3875,282,114.27,113.8406,70.1782,240
644,205.2924,48449,112.475,258,111.55,113.8158,70.134,236
645,205.8112,47954,114.1625,268,112.82,114.1764,69.6833,233
646,206.6838,48364,113.8625,261,114.48,114.1911,70.4343,234
647,205.588,47902,113.7125,269,113.67,113.2575,70.5186,233
648,204.5847,48282,111.7375,283,112.03,114.0093,69.5571,236
649,204.3036,50463,112.725,283,113.1,113.9205,69.8897,247
650,203.9198,48329,112.5625,264,112.48,113.717,69.88,237
651,205.9957,47585,111.825,270,112.44,113.8021,69.9603,231
652,206.7554,48174,115.1375,256,115.17,113.4727,69.6015,233
653,206.1822,48659,112.175,266,112.33,113.7925,70.4372,236
654,206.7521,48380,112.7125,269,112.15,114.2852,70.2463,234
655,205.9617,48401,113.1125,289,112.92,113.5262,70.2824,235
656,207.313,47682,112.7,276,113.07,113.6078,69.849,230
657,206.6851,48571,111.6375,284,112.11,113.5348,69.7434,235
658,208.7217,48006,113.3125,282,112.65,113.1047,70.114,230
659,209.7629,48665,112.175,277,112.81,113.9565,70.1284,232
660,211.1784,50894,114.4375,267,113.54,113.1584,70.2,241
661,210.7217,48466,114.3625,284,113.86,113.5681,69.9204,230
662,210.713,48464,113.15,276,112.65,112.9276,70.0973,230
663,211.1385,48773,111.95,266,112.98,112.7946,70.0849,231
664,212.2414,49240,113.6,301,112.83,112.8117,69.8772,232
665,214.2457,49705,113.775,286,113.58,113.5796,70.3871,232
666,213.9009,49625,113.3625,290,113.38,113.2828,69.7106,232
667,212.7179,49776,113.25,274,113.59,113.4892,70.301,234
668,213.1293,49446,114.9,300,112.7,113.2526,70.0674,232
669,213.2304,49043,113.25,294,112.31,113.4727,69.8619,230
670,212.5588,50589,114.3625,289,114.18,113.1922,69.6018,238
671,214.3734,49949,112.325,318,112.12,112.8094,70.0516,233
672,214.2017,49909,112.0375,302,112.85,113.0274,70.0471,233
673,216.0944,50350,112.225,283,111.69,113.3184,69.7002,233
674,213.6121,49558,111.875,282,113.14,113.5962,69.6089,232
675,212.2625,50943,112.45,281,112,112.8517,69.7007,240
676,211.7942,51466,113.1875,280,113.13,113.0142,69.8137,243
677,212.2511,49030,113.0125,292,113.17,113.1449,69.5769,231
678,213.834,50251,113.0125,295,113.2,113.0728,69.6575,235
679,216.5348,49803,111.575,293,112.48,113.3455,69.7981,230
680,216.0388,50121,113.75,320,112.97,113.1617,69.8895,232
681,216.0909,49917,114.2375,302,114.58,112.7934,70.188,231
682,215.0681,50541,111.8625,302,112.22,113.2985,70.004,235
683,217.2,52128,112.5375,293,111.97,112.846,69.6612,240
684,216.0972,53376,113.8375,301,112.18,113.1723,70.053,247
685,216.1933,51454,112.9,303,112.13,113.633,69.6503,238
686,219.5787,51601,115.5375,315,113.91,113.0419,70.1814,235
687,220.4502,50924,114.5375,308,113.61,112.9274,69.9892,231
688,220.6936,51863,113,303,112.3,113.0725,69.5768,235
689,219.5427,51373,112.15,300,112.01,113.229,69.992,234
690,221.1416,51526,113.4125,331,112.93,113.137,69.67,233
691,221.1899,52422,113.4,309,112.68,113.1397,70.1693,237
692,221.7479,51889,113.1125,313,112.9,113.2281,69.743,234
693,222.4978,51397,113.65,302,112.82,113.0991,69.8995,231
694,223.3629,52937,113.575,319,113.97,112.9694,69.8341,237
695,225.2652,51811,113.175,324,111.92,112.9516,69.9916,230
696,227.6565,52361,113.8125,321,113.12,113.4553,70.3403,230
697,224.6066,54804,114.0875,325,114.18,113.2079,69.5971,244
698,228,52668,113.4,327,113.3,112.9886,70.2761,231
699,229.2241,53180,113.9875,334,113.24,113.0795,69.8522,232
700,226.9267,52647,114.575,316,113.46,113.1655,69.9018,232
701,229.4335,53458,114.125,324,113.54,113.2139,69.7793,233
702,227.9739,52434,112.6125,318,112.5,113.1356,69.8356,230
703,230.1538,53856,113.2125,336,112.3,113.4047,69.781,234
704,228.1064,53605,114.975,317,113.2,113.1296,69.7877,235
705,230.8826,53103,113.9875,329,113.85,113.1271,69.6313,230
706,230.4872,53934,114.075,337,113.81,113.153,70.056,234
707,231.8584,54023,112.8625,320,111.8,113.1961,69.9427,233
708,230.1325,53851,114,316,111.9,112.9908,69.7556,234
709,232.3262,54132,114.6875,344,113.78,113.415,69.8566,233
710,233.0388,54065,114.6625,323,113.63,113.2095,69.9875,232
711,230.2328,53414,112.875,308,112.66,113.1042,69.631,232
712,229.0769,53604,112.9125,351,112.84,113.2702,69.7111,234
713,230.2457,53417,111.5125,327,111.31,113.0424,70.0993,232
714,231.4652,53237,112.65,326,113.37,113.1637,69.828,230
715,232.1674,54095,114.5,344,113.69,113.1865,69.9502,233
716,232.3333,53669,113.3125,347,112.88,113.2472,69.9124,231
717,230.71,53294,112.8875,321,112.21,113.0135,69.8812,231
718,231.2949,54123,112.875,334,112.47,112.8573,69.8493,234
719,229.8355,53092,113.1625,339,112.36,113.2668,69.61,231
720,231.0826,53149,113.3875,335,112.62,112.9422,70.0029,230
721,232.3707,53910,113.45,340,112.18,113.4712,70.0158,232
722,229.9506,55878,115,323,113.2,113.3458,69.8764,243
723,229.8136,54236,114.325,331,113.4,112.9897,69.6983,236
724,227.9185,53105,113.45,347,112.29,113.3467,69.7931,233
725,229.0894,53836,114.6,330,113.37,113.0228,69.7706,235
726,230.3803,53909,114.65,337,113.46,113.2643,69.6452,234
727,230.7739,53078,113.5125,336,113.65,113.2014,70.0331,230
728,231.5238,53482,114.1625,326,113.36,113.0365,70.0837,231
729,230.2403,53646,113.9,327,112.3,113.1426,69.8123,233
730,231.5302,53715,113.1,327,112.39,112.8832,69.6687,232
731,228.1907,53853,113.3125,312,111.98,113.3047,70.0963,236
732,230.6121,53502,113.325,325,112.17,112.6452,69.4941,232
733,230.974,53355,114.225,329,113.42,113.4215,69.6262,231
734,229.2,53862,113.1875,333,112.39,113.0642,69.8072,235
735,229.0858,53377,113.2,323,113.04,113.2832,69.63,233
736,229.5325,53022,112.5375,333,112.28,113.0728,69.8157,231
737,230.1,52923,113.6875,337,112.63,113.1064,69.868,230
738,229.7174,52835,112.4125,341,112.57,113.0409,69.584,230
739,227.6838,53278,112.275,331,112.51,112.7697,69.8815,234
740,227.8319,54224,114.4,342,113.03,113.4472,69.9426,238
741,228.265,53414,113.1875,346,114.01,113.0601,69.7632,234
742,227.9873,53805,113.225,340,112,113.1844,69.8001,236
743,227.355,52519,112.2375,347,112.77,113.0184,69.8653,231
744,231.6667,53515,113.6125,348,113.49,113.3272,69.7363,231
745,225.9573,52874,113.2625,315,112.09,113.1902,69.7055,234
746,228.2949,53421,111.5,326,112.73,112.9891,69.7078,234
747,228.4459,52771,113.75,324,114.09,112.9644,69.7699,231
748,228.4784,53007,115.575,336,114.03,113.1896,69.7854,232
749,227.7161,53741,114.1125,330,112.71,113.268,69.8742,236
750,227.0862,52684,113.725,323,112.62,112.5942,69.6564,232
751,229.1217,52698,113.275,325,112.7,113.2089,69.917,230
752,231.4655,53700,114,341,113.6,113.1325,69.6966,232
753,229.8658,53099,114.825,323,112.91,113.0338,69.6946,231
754,230.7479,53995,113.6125,337,113.18,113.079,69.9299,234
755,229.7304,52838,112.5125,332,111.84,113.0874,70.1138,230
756,232.313,53432,112.625,352,112.43,113.2212,69.9516,230
757,230.5584,53259,113.55,343,112.91,113.5819,69.8295,231
758,231.2478,53187,113.425,326,112.2,113.2864,69.6826,230
759,231.313,53202,113.3125,353,114.22,112.8271,69.9368,230
760,231.9264,53575,113.9125,343,113.11,112.8816,69.8512,231
761,231.6383,54435,112.675,354,112.86,112.9418,69.5443,235
762,231.2255,54338,114.0875,348,113.64,112.6586,69.6818,235
763,230.9783,53125,113.3625,354,113.93,113.1314,69.8944,230
764,231.6595,53745,114.8375,340,112.58,113.0331,69.8872,232
765,228.6121,53038,112.5,318,113.17,113.0673,70.0458,232
766,231.5819,53727,113.8625,334,114.41,113.2338,69.6033,232
767,229.2875,55029,112.6625,326,112.81,113.2981,69.7636,240
768,232.1459,54090,115.0625,355,113.53,113.2108,69.914,233
769,231.1088,55235,112.0625,351,112.3,113.3601,69.6801,239
770,232.0043,53825,112.3125,327,113.53,113.3265,69.7476,232
771,232.176,54097,113.5375,329,112.49,113.1227,70.0041,233
772,231.4675,53469,112.7875,331,111.92,113.0852,69.8609,231
773,232.0087,53362,113.075,336,112.09,113.3927,69.7682,230
774,231.1565,53166,113.4125,318,111.81,113.2783,69.5522,230
775,232.3391,54135,113.3875,334,112.51,113.1173,69.9884,233
776,229.0739,52687,112.375,335,111.75,113.3256,69.9434,230
777,230.5256,53943,114.6,312,112.75,113.1134,69.6467,234
778,231.3896,53451,112.975,338,112.01,113.1571,69.8138,231
779,230.0551,54293,114.275,334,112.72,113.3179,69.6643,236
780,231.3957,53221,114.175,317,113.54,113.2222,69.6401,230
781,232.8355,53785,113.3875,336,112.25,113.0691,69.765,231
782,230.3702,54137,113.975,360,114.01,113.3424,69.5531,235
783,231.2069,53640,114.35,327,113.11,113.2123,69.4031,232
784,229.1552,53164,112.525,329,112.61,113.3222,69.4583,232
785,228.71,52832,112.9125,329,111.68,112.9393,69.7432,231
786,229.2333,55016,112.9125,327,113.36,113.2403,69.6962,240
787,227.9872,53577,113.0625,330,112.83,113.0154,69.8022,235
788,228.3983,53902,114.775,334,113.71,113.137,69.7249,236
789,231.3305,53900,113.1875,354,113.2,113.3611,70.0073,233
790,226.8644,53540,114.0375,342,113.76,112.8927,70.0217,236
791,226.9871,52888,113.6,322,113.86,113.156,69.9505,233
792,227.3276,52740,112.575,326,112.09,113.4572,69.7521,232
793,224.8217,51709,113,312,113.21,113.2926,69.776,230
794,225.7542,54181,113.75,325,113.27,113.3833,69.6623,240
795,225.217,52926,113.8125,315,112.82,113.3434,69.6449,235
796,225.7811,52607,113.5,309,113.07,113.4349,69.7051,233
797,225.5085,52769,112.85,319,112.49,113.136,69.6334,234
798,225,52200,113.275,321,112.28,113.1282,69.5445,232
799,225.7186,52141,114.7875,326,113.48,113.1679,69.5984,231
800,225.6364,52122,112.9,311,113.17,113.0953,69.7468,231
801,223.7607,52360,113.65,324,112.19,113.0355,69.4706,234
802,225.3219,52500,113.15,314,111.76,113.6489,69.7025,233
803,223.5342,52307,113.625,302,112.08,113.4022,69.6708,234
804,229.368,52984,114.8375,325,113.75,113.1886,69.4071,231
805,226.9742,52885,114.2125,327,113.35,113.3988,69.5213,233
806,227.206,52939,111.8625,342,112.57,113.2354,69.6982,233
807,231.1803,53865,115.1875,352,112.62,113.3263,69.6106,233
808,229.2532,53416,113.55,330,113.03,113.1139,69.5259,233
809,227.8319,52857,112.15,322,113.37,113.3741,70.05,232
810,230.1139,54537,113.0875,340,111.7,113.4087,69.9113,237
811,226.5171,53005,113.0625,314,112.13,113.3667,69.4716,234
812,228.7619,52844,112.3875,327,112.28,113.4735,69.7884,231
813,229.0609,52684,113.425,335,112.78,113.3303,69.804,230
814,228.355,52750,113.075,347,112.31,113.5315,69.5664,231
815,228.7059,54432,113.3625,336,111.7,113.0446,69.6479,238
816,228,53580,114.5125,324,112.88,113.4731,69.6296,235
817,226.4085,53206,114.15,334,113.57,113.5292,69.5951,235
818,228.2361,53179,112.7,325,113.09,113.368,69.4381,233
819,228.4328,54367,112.2875,326,113.18,113.1713,69.6422,238
820,231.9655,53816,113.1,350,113.69,113.0231,69.5307,232
821,230.3064,54122,113.7,343,114.03,113.7421,69.7233,235
822,232.1732,53632,112.8125,366,111.08,113.4177,69.8785,231
823,234.3766,54141,113.6125,348,113.16,113.1766,69.7692,231
824,233.2255,54808,114.2,327,112.63,113.0983,69.4874,235
825,232.8268,53783,112.9625,331,112.07,113.3318,69.6923,231
826,234.8615,54253,112.9625,341,111.83,113.3799,69.6957,231
827,233.3966,54148,112.775,352,112.58,113.3346,69.6052,232
828,234.5085,54875,113.275,340,112.45,113.0582,69.7376,234
829,236.0476,54527,112.7,332,113.09,113.372,69.9904,231
830,235.5325,54408,113.8875,363,114.27,112.9036,69.6877,231
831,236.3609,54363,113.6375,347,112.24,113.0242,69.5379,230
832,233.5763,55124,113.2,364,113.31,112.9626,69.7655,236
833,235.3723,54371,114.475,358,112.87,113.5686,69.7312,231
834,237.5087,54627,114.1375,347,113.9,113.3274,69.6805,230
835,236.7137,55391,113.575,350,112.81,113.1755,69.6928,234
836,237.6623,54900,113.8375,342,112.8,113.4438,69.6326,231
837,238.0952,55000,113.0125,374,113.35,113.2355,69.9994,231
838,238.1385,55010,112.4375,338,112.51,113.2384,69.7793,231
839,236.2957,54348,112.5125,355,112.54,113.0629,69.9748,230
840,237.2712,55996,114.05,356,113.85,113.3545,69.5802,236
841,236.1398,55729,113.8625,339,113.32,113.196,69.5705,236
842,236.3074,54587,113.4375,361,112.13,112.8841,69.4369,231
843,236.4292,55088,114.175,350,112.91,113.3479,69.6007,233
844,238.1459,55488,114.425,354,113.5,113.0559,69.6615,233
845,237.412,55317,112.925,349,112.98,112.9612,69.5368,233
846,239.632,55355,113.125,384,112.03,113.0929,69.4801,231
847,238.645,55127,112.8625,349,113.57,113.2919,69.5843,231
848,237.3435,54589,113.95,351,112.71,113.5523,69.6796,230
849,237.113,54536,113.35,357,112.67,113.2172,69.8972,230
850,236.5862,54888,111.8625,349,111.47,112.9818,69.5046,232
851,238.5021,56048,113.9625,351,113.02,113.232,69.7312,235
852,236.0172,54992,113.1125,371,112.22,113.3472,69.4135,233
853,238.026,54984,113.575,349,112.48,113.4142,69.5069,231
854,237.1348,54541,113.625,393,112.22,113.6269,69.5692,230
855,234.9177,54266,112.85,335,111.87,113.3095,69.7539,231
856,235.8966,54728,113.5625,369,113.63,113.2949,69.4667,232
857,236.1121,54778,112.1,344,111.98,113.1661,69.727,232
858,231.9831,54748,113.4125,347,112.26,113.2179,69.4949,236
859,233.7143,53988,113.4625,344,113,113.4198,69.4935,231
860,234.5541,54182,113.2,341,112.33,113.086,69.7636,231
861,233.2521,54581,112.1625,373,112.3,113.1992,69.4739,234
862,235.6061,54425,114.8375,355,112.6,113.0851,69.8956,231
863,232.5404,54647,112.5,327,111.97,113.3485,69.6008,235
864,232.3277,54597,113.5375,329,111.32,113.2739,69.643,235
865,232.4831,54866,113.9375,347,112.88,113.2056,69.4376,236
866,232.2478,53417,113.45,346,112.45,113.2325,69.5935,230
867,229.4936,53472,113.5,327,112.33,113.2632,69.7089,233
868,230.3691,53676,113.0625,330,112.93,113.2252,69.5416,233
869,232.0991,53847,113.5625,331,112.61,113.2067,69.2597,232
870,232.7609,53535,112.3875,334,111.88,113.024,69.3471,230
871,232.8355,53785,114.625,346,112.52,113.2002,69.5194,231
872,232.5565,53488,115.1625,339,113.97,112.7796,69.4044,230
873,230.8879,53566,113.7375,348,112.44,113.1325,69.7338,232
874,231.0601,53837,113.0875,342,114.03,113.0357,69.6902,233
875,227.9351,52653,112.7125,338,112.2,113.2956,69.451,231
876,230.6809,54210,114.475,343,113.38,113.5809,69.5594,235
877,228.9705,54266,113.425,340,113.71,112.8195,69.3925,237
878,230.6407,53278,114.925,352,112.69,113.0874,69.747,231
879,227.4464,52995,112.725,331,112.87,113.3278,69.5222,233
880,228.6061,52808,112.7625,315,112.88,113.1656,69.4502,231
881,230.7296,53760,112.925,320,113.6,113.3132,69.5913,233
882,228.5776,53030,114,347,112.86,113.0032,69.6432,232
883,229.9021,54027,112.9125,342,111.42,113.1234,69.3237,235
884,228.9957,52898,113.5,323,111.91,113.1945,69.6858,231
885,229.9573,53810,113.5375,319,113.67,113.1108,69.287,234
886,230.6466,53510,114.1875,332,113.8,113.2383,69.4561,232
887,228.8681,53784,114.275,337,114.04,113.0887,69.602,235
888,230.187,52943,114.1125,331,113.77,113.4692,69.551,230
889,229.5647,53259,115.5125,324,112.7,113.1099,69.6517,232
890,228.2026,52943,113.275,317,112.29,113.4559,69.8025,232
891,227.6395,53040,113.5,337,112.72,113.0558,69.5481,233
892,227.5966,53030,112.8125,318,112.45,113.2321,69.8145,233
893,226.2324,54522,114.975,327,113.43,112.8262,69.6618,241
894,227.4156,52533,114.05,321,113.09,113.2333,69.6689,231
895,230.1325,53851,114.5,350,113.56,112.8789,69.5712,234
896,227.387,52299,113.5125,326,112.27,113.0835,69.6656,230
897,227.6957,52370,113.1375,355,112.65,113.1341,69.4837,230
898,226.1948,52251,114.6,325,113.41,112.9788,69.5807,231
899,229.3983,52991,113.8125,345,112.76,112.8925,69.3432,231
900,225.3305,52502,114.525,336,113.07,113.1733,69.4476,233
901,225.7924,53287,112.6,306,112.9,113.2227,69.491,236
902,227.4095,52759,112.5625,333,112.76,113.4407,69.5278,232
903,225.0544,53788,112.95,339,112.44,112.8736,69.361,239
904,227.6293,52810,114.1875,325,113.39,113.5458,69.2894,232
905,227.8522,52406,112.4625,332,112.68,113.5439,69.501,230
906,227.7931,52848,112.4625,309,113.59,113.0529,69.6101,232
907,227.8277,54223,113.55,331,112.97,113.2155,69.4224,238
908,230.3448,53440,112.2875,325,111.8,112.9461,69.6834,232
909,230.5794,53725,113.975,328,112.99,113.2269,69.5067,233
910,232.8798,54261,114.125,332,113.37,113.0463,69.6172,233
911,228.9404,53801,112.7,337,113.07,113.1842,69.6871,235
912,231.5152,53480,113.275,335,112.12,112.9457,69.6462,231
913,229.5106,53935,113.325,326,112.05,113.4074,69.4482,235
914,231.7652,53306,112.775,325,112.79,113.2423,69.7032,230
915,229.9828,53586,112.425,337,111.33,113.2096,69.6934,233
916,229.2669,54107,112,322,112.57,113.0967,69.6292,236
917,231.1948,53406,114.125,328,113.65,113.1648,69.4242,231
918,230.2616,54572,114.5125,345,113.65,113.0502,69.522,237
919,232.359,54372,113.6375,344,112.92,112.9552,69.5071,234
920,232.4913,53473,114.0625,326,113.63,112.9976,69.2789,230
921,231.0812,54073,113.1375,329,112.53,113.0637,69.5357,234
922,231.5622,53954,113.9375,331,113.74,113.204,69.5851,233
923,230.3562,53673,113.3375,313,112.43,112.974,69.3227,233
924,232.6017,53731,113.85,347,113.11,113.4516,69.7781,231
925,231.8522,53326,112.4875,344,112.74,112.9684,69.5061,230
926,232.2759,53888,112.275,326,112.84,113.259,69.76,232
927,232.7241,53992,113.5125,335,111.98,112.7146,69.6664,232
928,231.7479,55156,114.1,329,111.78,113.0896,69.7833,238
929,233.7783,53769,114.425,344,114,113.226,69.2858,230
930,231.4599,54856,113.0125,341,114.12,113.0162,69.5546,237
931,230.3879,53450,113.3,344,112.78,112.9713,69.6328,232
932,228.2618,53185,113.35,326,112.12,112.9132,69.412,233
933,228.7051,53517,114.925,344,112.51,113.0742,69.4138,234
934,225.2957,51818,114.6625,313,113.63,112.9444,69.4359,230
935,222.4118,52934,114.1875,315,112.29,113.2303,69.6481,238
936,222.7888,51687,113.2375,352,113.18,113.2026,69.3288,232
937,218.583,51367,114.0875,323,112.55,113.1612,69.4573,235
938,216.406,50639,113.0375,306,112.77,112.9633,69.4789,234
939,214.7735,50257,114.0375,301,113.09,112.9277,69.1934,234
940,212.8627,49597,114.8625,287,113.22,112.6903,69.6866,233
941,212.3766,49059,113.825,287,113.13,112.9873,69.312,231
942,210.931,48936,113.1,294,114.26,113.0796,69.553,232
943,209.9483,48708,114.125,284,112.76,113.0088,69.3241,232
944,206.3375,49521,113.7,271,111.87,112.9684,69.5216,240
945,207.5252,49391,113.925,283,113.57,113.0708,69.1369,238
946,207.0378,49275,113.1375,273,112.3,113.1312,69.406,238
947,210.2783,48364,114.85,298,114.37,113.1341,69.5437,230
948,208.3723,48134,113.475,280,112.88,113.3083,69.4421,231
949,207.5,48140,114.725,287,115.07,112.7921,69.3867,232
950,206.1277,48440,113.9375,271,111.76,112.9987,69.6005,235
951,204.3607,49864,114.7875,283,112.44,112.8993,69.8037,244
952,204.9957,47149,114.4375,274,114.18,113.2687,69.6528,230
953,203.9397,47314,112.8625,291,111.84,112.9672,69.9221,232
954,201.639,48595,112.8125,270,112.94,112.6103,69.4428,241
955,201.7348,46399,113.8625,263,112.4,112.6644,69.4793,230
956,200.8974,47010,112.6125,281,112.43,112.6698,69.6889,234
957,198.8298,46725,113.725,267,111.88,112.7553,69.9043,235
958,201.0586,48053,112.1375,278,112.2,112.6256,69.1014,239
959,197.974,45732,112.1125,259,112.87,112.8613,69.605,231
960,198.2627,46790,113.1125,267,112.69,112.8426,69.4242,236
961,200.9784,46627,114.0375,275,114.19,112.6661,69.291,232
962,199.0128,46569,113.15,257,113.02,113.0653,69.5347,234
963,197.4894,46410,112.7125,279,113.15,112.5004,69.2289,235
964,199.1803,46409,113.75,251,112.02,112.8487,69.3844,233
965,201.5217,46350,114.6875,275,113.73,112.7666,69.4829,230
966,200.1739,46040,114.25,273,112.12,112.6575,69.6302,230
967,199.9914,46398,114.0375,272,112.91,112.446,69.5378,232
968,198.4635,46242,113.4125,270,112.68,112.8518,69.6725,233
969,199.125,47790,114.5875,266,112.42,112.7225,69.919,240
970,197.8087,45496,114.3,258,112.8,112.847,69.9539,230
971,199.9145,46780,114.425,275,112.44,113.1695,69.3819,234
972,197.7974,45889,113.4,270,112.75,112.7835,69.4768,232
973,199.787,45951,114.8625,270,113.5,113.2095,69.5615,230
974,201.2681,47298,112.825,287,113.21,112.6326,69.7106,235
975,201.5107,46952,112.225,258,113.28,112.7969,69.7592,233
976,201.5325,49577,113.85,294,113.12,112.4362,69.1873,246
977,201.7174,46395,114.4375,268,114.06,112.7134,69.6548,230
978,202.4087,46554,113.0875,268,112.25,112.6884,69.6423,230
979,203.0909,46914,113.575,278,113.19,113.113,69.3878,231
980,202.7479,47443,113.3,277,112.69,112.6752,69.4335,234
981,203.4545,46998,113.625,278,112.35,113.3868,69.7467,231
982,202.8193,48271,113.2,284,112.7,112.5386,69.5233,238
983,205.0812,47989,114.525,267,113.05,112.3103,69.3992,234
984,206.9873,49056,114.15,277,112.93,113.0329,69.3447,237
985,206.412,48094,114.375,299,114.04,112.3671,69.5076,233
986,208.8283,48657,113.65,295,112.35,112.8532,69.6694,233
987,209.3043,48140,113.0375,272,112.81,112.6985,69.7595,230
988,211.2179,49425,113.575,280,112.71,112.4674,69.0926,234
989,210.9043,48508,113.4625,280,111.88,112.6493,69.4175,230
990,212.0474,49195,112.925,293,112.04,112.9856,69.9754,232
991,212.6213,49966,113.55,293,112.24,112.655,69.7761,235
992,213.6314,50417,112.2125,296,113.12,112.7494,69.7482,236
993,216.0779,49914,114.05,299,112.72,112.8402,69.7856,231
994,215.4766,50637,115.5,291,112.79,112.8308,69.6225,235
995,216.069,50128,112.7625,288,112.39,112.7757,69.621,232
996,218.1795,51054,114.2,308,113.29,112.5874,69.5122,234
997,216.4788,51089,114.0875,303,113.17,112.5865,69.4243,236
998,219.4372,50690,113.65,298,114.75,112.4136,69.7344,231
999,217.3391,50640,112.8375,301,112.73,112.8976,69.5628,233
1000,218.5065,50475,112.8375,309,111.13,112.8603,70.0438,231
1001,219.2218,52394,114.025,302,115.04,112.7344,69.7817,239
1002,218.1603,51704,113.2375,315,112.26,112.6746,69.6017,237
1003,219.7826,50550,112.7125,315,112.64,112.7383,69.5788,230
1004,218.097,51689,113.0625,296,112.66,112.7801,69.5477,237
1005,215.3017,49950,113.6125,300,113.21,112.4126,69.8409,232
1006,214.5862,49784,113.5375,304,112.27,112.1373,69.5545,232
1007,215,49880,114.2625,297,112.8,112.6827,69.591,232
1008,214.9013,50072,112.7375,290,112.69,112.8168,69.4434,233
1009,213.8305,50464,114.7625,299,114.1,112.826,69.7095,236
1010,212.2783,48824,113.175,293,112.33,112.8215,69.7283,230
1011,212.3136,50106,113.125,300,112.46,112.7335,69.8728,236
1012,213.8,49174,112.9375,300,113.36,112.951,69.2807,230
1013,213.3896,49293,114.075,283,113.42,112.6234,69.7208,231
1014,212.694,49345,112.95,292,111.59,112.5651,70.012,232
1015,211.6478,48679,112.1,289,112.04,112.7193,69.6689,230
1016,213.7179,50010,114.25,311,112.96,113.1016,69.6834,234
1017,209.1625,50199,113.0875,289,113.24,112.9168,69.7827,240
1018,210.6026,49281,113.9375,286,112.9,112.921,69.6711,234
1019,210.8621,48920,113.525,294,112.1,112.7357,69.5389,232
1020,208.1765,49546,113.2,299,112.07,112.4599,69.5801,238
1021,209.1645,48317,113.9375,281,113.18,112.8453,69.3111,231
1022,208.1515,48083,112.0375,280,112.68,112.8875,69.9407,231
1023,207.1111,48464,112.35,287,112.28,112.7028,69.542,234
1024,207.7112,48189,112.725,277,112.96,112.4822,69.7265,232
1025,207.7957,47793,113.925,283,111.45,112.503,69.6033,230
1026,206.4658,48313,114.1,295,113.51,112.7944,69.6431,234
1027,208.3913,47930,113.125,287,112.57,112.7283,69.5911,230
1028,207.721,48399,113.4125,277,113.14,112.5864,69.499,233
1029,206.8208,49637,112.775,278,113.21,112.4049,69.9625,240
1030,205.2069,47608,113.95,267,113.38,112.3452,69.544,232
1031,206.3362,48489,112.575,298,112.57,112.3896,69.8162,235
1032,209,48070,114.1125,294,113.91,112.8072,69.4482,230
1033,204.6485,48911,112.7875,289,113.41,112.681,69.76,239
1034,207.2311,49321,114.4625,272,114.09,112.9436,69.7183,238
1035,210.287,48366,113.9875,291,114.45,112.4904,69.324,230
1036,208.5455,48174,113.5625,274,112.02,112.4448,69.6945,231
1037,209.2217,48121,115.3375,286,112.53,112.4852,69.8797,230
1038,210.3939,48601,113.225,287,112.58,112.718,69.6784,231
1039,211.2991,49444,114.575,291,113.51,112.6588,69.5869,234
1040,211.8846,49581,113.425,294,111.19,112.738,69.5,234
1041,212.9367,50466,113.7375,306,112.1,112.1678,69.5469,237
1042,213.013,49206,113.425,300,113.03,113.3505,69.907,231
1043,212.7839,50217,114.95,323,112.85,112.396,69.3876,236
1044,215.3506,49746,114.5125,298,113.18,112.4531,69.8451,231
1045,212.7983,49582,113.1,290,112.89,112.9005,69.8889,233
1046,214.2638,50352,113.4,291,112.43,112.9102,69.6303,235
1047,213.1595,49453,114.35,284,113.08,112.721,69.6261,232
1048,214.8803,50282,114,285,112.85,112.6552,69.6287,234
1049,211.9958,50031,113.55,311,113.13,112.6875,69.8499,236
1050,214.8498,50060,114.7625,285,114.39,112.45,69.5748,233
1051,214.7137,50243,115.625,293,114.57,112.9998,69.5248,234
1052,210.8828,50401,112.775,315,112.87,112.9333,69.6062,239
1053,210.7689,50163,112.375,289,112.34,112.3455,69.4846,238
1054,211.3782,50308,115.125,289,113.73,112.6139,69.4437,238
1055,211.1667,49413,113.275,295,113.1,112.9257,69.3906,234
1056,210.8103,48908,113.4125,296,112.41,112.6221,69.5021,232
1057,209.5,49442,113.575,286,111.34,112.7165,69.754,236
1058,211.4502,48845,114.675,277,113.26,112.9352,69.1635,231
1059,209.0647,48503,113.6875,280,112.4,112.6592,69.5567,232
1060,209.2607,48967,113.2375,288,113.39,112.8153,69.5092,234
1061,209.8701,48480,113.55,290,112.04,112.7046,69.4518,231
1062,209.6652,48852,113.325,276,112.46,113.0319,69.4404,233
1063,211.2949,49443,113.1125,282,112.02,112.8399,69.4009,234
1064,209.8478,48265,114.5625,285,113.13,112.5099,69.5922,230
1065,208.7017,49671,113.1,282,112.5,112.6849,69.7332,238
1066,209.8087,48256,113.675,293,112.33,112.8386,69.4087,230
1067,209.0172,48701,114.625,285,112.39,112.4514,69.5029,233
1068,205.9873,48613,113.175,288,112.38,112.4035,69.8538,236
1069,210.4744,49251,114.1875,287,114.42,112.9077,69.6473,234
1070,209.6438,48847,113.8875,306,112.59,112.7903,69.7337,233
1071,209.5277,49239,113.0875,288,113.6,112.5944,69.8027,235
1072,209.961,48501,114.9625,278,113.25,112.8014,69.8077,231
1073,209.6017,49466,114.275,301,112.47,113.1427,69.4762,236
1074,207.0385,48447,113.075,284,113.01,112.9716,69.6737,234
1075,207.1617,48683,113.375,291,112.56,112.7042,69.5093,235
1076,206.5905,47929,113.1875,278,113.15,113.0202,69.5966,232
1077,209.3529,49826,114.5625,285,113.95,112.3728,69.3981,238
1078,209.188,48950,113.275,279,112.8,112.395,69.4115,234
1079,211.1435,48563,113.2625,296,112.81,112.7537,69.6331,230
1080,210.4496,50087,113.225,298,112.54,112.8088,69.2408,238
1081,211.3248,49450,114.5625,280,112.3,113.0239,69.8577,234
1082,212.0909,48993,112.4125,282,113.39,112.6464,69.6696,231
1083,213.4478,49093,113.175,282,112.67,112.8308,69.8414,230
1084,213.3319,49493,113.6125,287,112.56,112.8863,70.1265,232
1085,213.6466,49566,113.6625,312,112.82,113.0027,69.458,232
1086,215.7371,50051,113.825,294,113.3,112.7892,69.8076,232
1087,213.1588,49666,113.8,299,113.09,112.889,69.4403,233
1088,212.2232,49448,113.0375,311,113.07,112.7149,69.6742,233
1089,213.4286,50796,115.575,293,113.97,112.7125,69.5048,238
1090,212.7131,50413,113.2625,287,112.71,112.6039,69.687,237
1091,213.7924,50455,114.2625,286,114.52,112.5869,69.818,236
1092,215.355,49747,115.0375,319,114.3,112.259,69.6998,231
1093,218.1255,50387,114.3125,300,113.21,112.5255,69.7242,231
1094,217.9,50117,113.7125,309,113.09,112.4173,69.6679,230
1095,218.5739,50272,112.6,310,112.98,112.4548,69.419,230
1096,218.0966,51907,114.025,312,112.9,112.9755,69.6483,238
1097,221.867,51695,114.3125,300,114.11,112.5121,69.8539,233
1098,222.9444,52169,113.4625,358,112.49,112.8084,69.7331,234
1099,224.9145,52630,113.775,311,113.16,112.5404,69.6779,234
1100,224.8077,52605,113.6375,328,113.43,112.6731,69.7883,234
1101,227.4826,52321,112.3875,321,112.91,112.8457,69.899,230
1102,229.1913,52714,114.125,330,113.42,112.908,69.6436,230
1103,229.8319,54700,113.5375,319,112.25,112.779,69.7784,238
1104,231.355,53443,112.95,321,113.94,112.8732,69.6584,231
1105,231.8347,54713,113.6625,332,113.45,112.8187,69.7395,236
1106,233.8093,55179,112.6875,343,112.44,112.6345,69.6916,236
1107,236.6739,54435,114.3875,336,113.8,112.9674,69.8762,230
1108,236.4304,54379,111.775,319,112.5,112.6283,69.4582,230
1109,237.413,54605,114.7375,320,113.53,112.8393,69.6476,230
1110,239.3376,56005,114.5375,344,113.34,112.7283,69.5903,234
1111,239.4199,55306,112.5125,376,113.18,112.7936,69.53,231
1112,238.6407,55126,112,341,112.7,112.9151,69.9773,231
1113,241.0261,55436,112.5875,358,113.09,112.7839,69.2665,230
1114,239.9697,55433,115.3125,356,113.21,112.83,69.6439,231
1115,240.9741,55906,114.7875,369,113.77,112.6582,69.6547,232
1116,240.6522,55350,111.7875,369,112.37,112.6093,69.613,230
1117,243.2802,56441,114.3,375,113.86,112.7229,69.8562,232
1118,241.787,55611,113.5375,377,114.18,112.884,69.4484,230
1119,239.9871,55677,113.3375,337,112.93,112.891,69.6209,232
1120,240.9177,55652,113.55,368,112.94,112.8049,69.5698,231
1121,240,56400,112.375,342,113.36,112.6605,69.6507,235
1122,242.7931,56328,112.725,374,112.67,113.1412,69.6632,232
1123,241.1631,56191,114.55,376,113.71,112.7219,69.4725,233
1124,244.4979,56968,113.95,345,113.85,112.6924,69.6677,233
1125,243.25,56434,112.35,382,112.63,113.04,69.3617,232
1126,244.6524,57004,113.0625,356,112.48,112.9867,69.6714,233
1127,244.0427,57106,114.325,366,113.12,113.351,69.7276,234
1128,243.0343,56627,113.375,351,112.2,112.6647,69.4707,233
1129,243.8248,57055,114.3625,347,112.68,112.9052,69.6752,234
1130,245.1478,56384,114.45,368,113.21,112.841,69.6929,230
1131,242.3696,55745,114.4625,346,112.97,112.9147,69.3259,230
1132,246.4696,56688,114.275,365,113.34,112.9684,69.6185,230
1133,241.453,56500,113.025,346,113.68,112.8193,69.4372,234
1134,241.2658,57180,112.55,342,112.24,112.698,69.6942,237
1135,239.2888,55515,114.4375,378,113.51,113.1285,69.5389,232
1136,239.9573,56150,113.4125,365,113.02,112.8596,69.5371,234
1137,239.5957,55107,113.55,351,113.63,112.7542,69.6869,230
1138,237.6609,55375,112.1,342,112.56,113.1801,69.599,233
1139,237.5907,56309,113.6625,348,113.47,112.6725,69.3957,237
1140,237.7043,54672,113.0625,349,112.14,113.069,69.7892,230
1141,239.359,56010,114.325,346,114.04,112.8677,69.6077,234
1142,239.5622,55818,114.525,341,113.16,112.8883,69.7121,233
1143,238.3162,55766,114.2875,347,112.22,112.919,69.5719,234
1144,239.375,55535,113.575,386,113.52,112.8474,69.4056,232
1145,238.7013,55140,113.9,379,113.49,113.1546,69.5049,231
1146,235.1422,54553,113.1,337,112.98,112.9222,69.7138,232
1147,240.2241,55732,112.2875,354,113,112.9563,69.5556,232
1148,237.2773,56472,113.975,352,112.96,112.9304,69.4422,238
1149,238.1483,56203,113.325,338,112.96,113.051,69.5694,236
1150,237.5819,55119,112.8125,333,113.03,112.8431,69.7199,232
1151,240.5478,55326,113.3875,338,112.94,112.9152,69.6757,230
1152,240.8788,55643,115.0375,344,114.57,113.3178,69.6809,231
1153,238.6223,55599,113.0875,331,112.56,113.0289,69.6531,233
1154,239.2035,55256,112.9,342,112.98,113.0166,69.41,231
1155,238.0823,54997,113.475,341,114.09,112.9761,69.6447,231
1156,238.5304,54862,112.4125,352,111.61,113.0294,69.646,230
1157,233.6826,53747,113.1125,322,112.7,112.8961,69.5201,230
1158,235.0769,55008,113.2375,327,112.48,113.1451,69.5555,234
1159,235.6781,54913,114.075,338,113.03,112.962,69.4242,233
1160,238.1261,54769,114.175,332,112.64,113.0821,69.6655,230
1161,235.0952,54307,113.5625,333,112.77,112.8734,69.3596,231
1162,238.7339,55625,113.45,363,114.33,112.9207,69.7476,233
1163,236.5584,54645,113.6875,339,113.76,112.9184,69.5302,231
1164,235.5274,55820,113.6,340,112.76,112.9728,69.4412,237
1165,235.9828,54748,112.75,359,113.5,112.8899,69.4882,232
1166,235.9356,54973,112.725,357,113.89,113.0982,69.7137,233
1167,235.5043,55108,114.1375,333,114.47,112.8988,69.5522,234
1168,235.9064,55438,112.75,365,112.48,112.7551,69.7179,235
1169,238.0606,54992,112.9375,349,112.94,112.8846,69.8938,231
1170,236.6567,55141,114.25,342,112.64,112.5544,69.3344,233
1171,237.194,55029,113.925,340,113.14,113.0676,69.4778,232
1172,236.8517,55897,113.3,336,112.18,112.9031,69.5571,236
1173,234.6203,55605,112.6375,341,112.15,112.9461,69.6466,237
1174,235.6395,54904,112.475,328,112.61,112.6189,69.4882,233
1175,236.9957,55457,114,339,114.11,112.7361,69.5879,234
1176,239.4675,55317,114.575,360,113.32,112.6316,69.8051,231
1177,238.645,55127,112.775,353,112.76,112.8176,69.4292,231
1178,241.5652,55560,113.7,343,112.68,113.0864,69.7914,230
1179,239.5447,56293,113.9125,337,113.64,112.9452,69.6055,235
1180,240.5348,55323,114.6125,358,114.51,112.9514,69.7856,230
1181,242.0696,55676,114.1125,378,114.12,113.203,69.7609,230
1182,241.7069,56076,114.1875,358,113.54,112.89,69.7606,232
1183,242.0261,55666,112.625,364,112.88,112.7309,69.5476,230
1184,240.7932,57068,113.2125,348,113.07,112.775,69.519,237
1185,241.0913,55451,113.3375,342,113.24,112.7394,69.606,230
1186,240.5348,55323,113.7,353,112.94,113.155,69.5413,230
1187,237.9021,55907,113.975,332,113.64,112.7367,69.6047,235
1188,235.1558,54321,113.175,354,112.3,112.9762,69.6444,231
1189,234.026,54060,112.875,333,112.33,112.8737,69.5713,231
1190,231.5325,53484,113.4,348,112.41,112.8514,69.4257,231
1191,232.8103,54012,114.6875,331,113.19,112.8122,69.7219,232
1192,231.6996,53986,113.925,317,114.28,112.9702,69.5775,233
1193,229.0823,52918,113.4375,335,114.08,113.0385,69.2928,231
1194,226.9788,53567,113.4625,323,112.62,112.7331,69.6819,236
1195,226.8652,52179,113.375,314,113.4,112.5724,69.7529,230
1196,228.5304,52562,114.6875,326,112.49,112.8206,69.5568,230
1197,226.1515,52241,114.075,332,113.43,112.6986,69.5815,231
1198,226.1261,52009,114.9375,321,113.9,112.7955,69.5777,230
1199,221.7872,52120,113.1125,324,113.11,112.6041,69.8143,235
1200,222.2143,52887,114.2375,311,112.97,112.7316,69.5713,238
1201,222.1872,52214,112.8375,321,113.01,112.7374,69.6625,235
1202,223.6255,52552,113.9625,330,113.9,112.5036,69.4559,235
1203,221.4224,51370,114.4625,316,114,112.7329,69.7397,232
1204,222.9698,51729,114.0375,310,112.53,112.8507,69.6885,232
1205,226.0303,52213,113.8,313,113.84,112.8511,69.5607,231
1206,221.7436,51888,114.8125,305,113.45,112.9458,69.803,234
1207,223.4609,51396,113.9,316,113.51,112.9452,69.5397,230
1208,224.29,51811,113.6,302,112.38,113.0686,69.4859,231
1209,226.5435,52105,113.3375,325,112.2,112.9021,69.6571,230
1210,225.8793,52404,112.825,342,112.1,112.9317,69.5425,232
1211,226.4721,52768,114.875,337,114.21,112.6386,69.5349,233
1212,226.6724,52588,114.125,311,113.44,112.5786,69.5949,232
1213,226.513,52098,113.3125,320,113.06,112.9211,69.5529,230
1214,229.4534,54151,114.55,328,114.09,113.5518,69.4573,236
1215,225.8312,52167,113.3875,319,112.59,113.0623,69.4963,231
1216,226.8268,52397,113.7,320,112.92,113.089,69.6862,231
1217,227.927,53107,114.225,314,113.61,113.2502,69.4259,233
1218,227.0681,53361,113.5875,357,113.73,113.1787,69.5066,235
1219,230.9437,53348,112.9,332,112.23,113.1715,69.727,231
1220,230.2265,53873,114.1375,340,113.22,113.2217,69.4008,234
1221,233,54289,114.4625,324,114.23,113.1751,69.4475,233
1222,232.3004,54126,113.2,326,113.1,113.3749,69.6542,233
1223,235.5348,54173,113.2875,317,113.13,113.0201,69.5971,230
1224,234.0987,54545,113.1625,344,112.42,113.1854,69.5501,233
1225,235.4741,54630,115.1375,336,113.81,113.1401,69.4336,232
1226,233.6422,54205,112.8125,327,111.88,113.1505,69.5428,232
1227,234.2112,54337,113.3875,326,113.05,112.9797,69.39,232
1228,231.4807,53935,113.6625,328,112.89,113.4315,69.4027,233
1229,230.4487,53925,114.525,319,112.72,113.0646,69.5607,234
1230,226.7222,53053,114.2,324,113.59,113.0169,69.5073,234
1231,224.4244,53413,114.425,316,114.06,113.1835,69.4421,238
1232,221.3502,52460,112.9875,313,112.92,112.8444,69.3529,237
1233,219.453,51352,113.225,322,111.78,113.0539,69.1952,234
1234,219.0474,50819,115.2125,313,112.81,113.092,69.4923,232
1235,215.8391,49643,113.2125,288,113,113.2852,69.3052,230
1236,214.4174,49316,113.875,310,114.62,112.7713,69.4859,230
1237,212.2906,49676,113.9125,292,113.81,113.786,69.28,234
1238,210.0773,48948,113.1,303,112.26,112.9381,69.366,233
1239,208.0429,48474,114,287,112.15,113.4546,69.3727,233
1240,207.4372,47918,114.325,270,113.14,113.1099,69.2768,231
1241,205.0756,48808,114.075,290,114.03,113.4301,69.4659,238
1242,200.8686,47405,112.4625,279,113.07,113.3665,69.3946,236
1243,199.1319,46796,113.25,264,112.64,113.0268,69.4302,235
1244,199.2597,46029,112.4625,272,112.99,112.8627,69.1147,231
1245,198.0522,45552,113.1625,251,112.18,113.0516,69.317,230
1246,195.8235,46606,112.925,257,112.2,112.7671,69.3051,238
1247,195.0862,45260,113.8875,257,112.56,112.6406,69.3654,232
1248,193.7026,44939,113.925,268,113.35,112.9562,68.8985,232
1249,192.3154,46348,114.525,254,113.9,113.445,69.0654,241
1250,194.5302,45131,114.5875,244,113.78,113.1514,69.2396,232
1251,192.1404,45153,114.025,254,112.44,113.3845,69.2315,235
1252,189.7787,44598,114.1625,252,112.54,112.8754,69.5144,235
1253,192.4402,45031,114.225,244,113.48,113.2686,68.9347,234
1254,190.5202,47249,114.65,257,113.87,113.0639,69.0875,248
1255,188.3093,44441,112.0625,243,113.04,112.8058,69.3583,236
1256,188.4573,44099,115.0875,248,113.9,113.2397,69.0599,234
1257,187.4068,44228,114.1875,252,111.53,113.149,69.0139,236
1258,184.9677,45872,112.8625,245,111.43,113.6555,69.2689,248
1259,186.3879,43242,112.725,237,113.29,113.389,69.2895,232
1260,186.0515,43350,113.9875,257,114.51,113.001,68.9859,233
1261,186.1688,43005,113.5,243,113.24,113.045,69.6469,231
1262,185.7425,43278,113.6625,239,113.5,113.0487,69.6365,233
1263,183.682,43900,114,240,113.01,113.0054,69.002,239
1264,185.4199,42832,113.325,234,112.77,112.3231,69.0673,231
1265,183.9421,44514,112.8375,245,114.36,113.231,68.7698,242
1266,183.4568,44580,112.5375,231,113.21,112.5968,69.137,243
1267,183.6496,42974,112.1,234,110.73,112.9884,69.2106,234
1268,182.4194,45240,113.3125,230,113.78,113.1458,69.176,248
1269,183.1772,43413,112.1625,233,112.44,112.3202,69.1862,237
1270,184.8529,43995,114.95,243,113.49,113.2763,69.2145,238
1271,184.7826,42500,112.4,228,113.78,113.533,68.7105,230
1272,182.2327,44647,113.4375,242,111.76,113.4633,69.2863,245
1273,182.812,42778,114.9125,236,113.26,113.7375,69.21,234
1274,182.1039,42066,113.425,230,112.23,113.0173,68.8179,231
1275,182.382,42495,114.0125,235,113.4,113.1849,69.0729,233
1276,180.1352,43953,112.2625,224,112.56,113.6455,68.5407,244
1277,182.1266,43164,113.65,233,113.03,113.8567,69.3458,237
1278,180.4557,42768,112.1625,224,112.99,113.7251,68.7744,237
1279,182.4754,44524,114.7,240,113.19,113.7269,68.5873,244
1280,183.038,43380,115.7875,230,113.61,113.4908,68.8382,237
1281,181.3532,42618,114.35,224,112.46,112.9235,69.3314,235
1282,180.6,42441,113.325,238,112.76,113.1636,68.9376,235
1283,180.7562,43743,114.5625,223,113.89,113.5564,68.7321,242
1284,180.5897,42258,113.65,231,112.46,113.2686,69.2595,234
1285,181.4892,41924,113.1875,229,111.61,113.2115,68.9278,231
1286,180.4435,41502,112.95,233,112.76,113.3885,69.257,230
1287,180.2627,42542,113.775,231,112.49,113.101,68.7852,236
1288,179.9012,43716,113.6,220,113.92,112.4077,68.6141,243
1289,180.8846,42327,114.025,220,113.22,113.0375,68.5357,234
1290,179.2845,42849,113.975,226,112.81,112.7335,69.2383,239
1291,180.5805,42617,112.3,217,113.07,112.8682,68.6729,236
1292,181.1319,42566,115,221,113.43,112.8182,69.3287,235
1293,181,43078,113.2,227,113.23,112.9075,69.4731,238
1294,177.7937,44804,112.8875,244,112.98,112.2616,69.4479,252
1295,180.5739,41532,113.7625,226,111.93,112.879,69.2984,230
1296,182.3276,42300,115.0625,261,112.84,112.5583,68.5954,232
1297,183.6408,44992,114.4625,244,113.85,113.28,68.0527,245
1298,183.527,44230,114.4875,244,112.39,113.191,69.1795,241
1299,183.7583,44102,112.8375,249,113.03,112.9047,68.8241,240
1300,184.1532,45670,114.275,233,113.79,113.5524,68.6819,248
1301,184.6414,43760,114.8125,235,113.06,113.5019,69.1901,237
1302,180.4328,42943,112.9,226,113.72,113.5949,68.8705,238
1303,180.5708,43337,113.0625,233,111.85,113.9861,69.1499,240
1304,179.9051,45516,112.45,234,113.02,113.276,68.1343,253
1305,182.5345,42348,114.8375,245,112.01,113.7019,69.0949,232
1306,183.636,43889,113.5625,233,113.86,112.8961,69.014,239
1307,181.4774,44099,113.3625,227,113.05,113.1138,68.7582,243
1308,181.7755,44535,113.275,227,113.95,113.3421,68.8059,245
1309,182.8712,42609,114.625,232,112.91,114.4505,69.145,233
1310,181.9043,41838,112.7,226,113.65,113.9835,68.8498,230
1311,180.4515,42767,113.9625,234,113.2,113.5232,69.2933,237
1312,181.6298,42683,113.4875,238,113.41,113.6991,68.647,235
1313,182.4348,41960,112.9625,238,111.76,113.4303,68.7067,230
1314,180.2427,43078,112.6125,237,112.4,113.1423,68.7741,239
1315,179.9661,42472,112.8125,239,113,114.1074,68.907,236
1316,182.3376,43214,113.45,224,112.21,113.5432,68.6084,237
1317,181.0681,42551,113.975,235,113.82,113.5516,68.633,235
1318,178.8298,42025,113.025,232,113.05,114.0125,68.0524,235
1319,180.9957,41629,114.6875,230,113.79,113.3696,68.4886,230
1320,179.5431,41654,113.2625,245,113,113.3491,69.1832,232
1321,178.9827,41345,113.65,211,111.64,113.5164,68.973,231
1322,180.1923,42165,113.9625,232,112.82,113.8736,68.893,234
1323,180.0204,44105,114.55,229,114.09,113.1951,68.5983,245
1324,178.9444,41873,113.5125,217,112.76,114.3098,68.4156,234
1325,178.794,41659,114.325,220,113.05,113.366,68.1174,233
1326,177.8776,42157,113.05,220,112.79,113.1873,68.2347,237
1327,177.1646,41988,114.0125,216,111.73,112.8558,68.7721,237
1328,177.093,45690,114.2125,233,113.11,113.1836,68.0953,258
1329,177.8205,41610,114.0125,230,112.9,113.1142,69.4444,234
1330,178.308,42259,113.4125,215,113.16,113.0456,68.6746,237
1331,175.8783,46256,114.9875,224,113.74,113.7824,68.9537,263
1332,179.8103,41716,114.2,230,113.05,113.4995,69.2035,232
1333,176.6904,42229,114.3,214,113.2,113.3612,68.4326,239
1334,176.7354,45421,112.575,222,113.57,113.4266,67.7663,257
1335,176.506,43950,113.325,216,112.9,113.4874,68.7328,249
1336,177.3817,42749,115.0125,217,113.77,113.4776,68.1404,241
1337,177.7759,42844,113.225,238,112.12,113.6309,69.0356,241
1338,177.9319,41814,113.775,229,112.57,113.364,68.8431,235
1339,178.3652,41024,113.225,240,113.24,113.1599,68.1618,230
1340,177.2681,41658,113.0125,241,112.28,113.9067,69.2408,235
1341,179.3991,41800,112.575,222,112.64,113.616,69.2537,233
1342,180.4267,41859,114.8875,229,113.78,114.3698,68.8683,232
1343,176.7325,42946,113.6875,227,112.42,113.7136,68.3978,243
1344,177.504,44731,113.1625,219,112.17,114.0458,68.4557,252
1345,176.6121,40974,115.275,219,113.36,114.2094,68.5234,232
1346,179.0083,42962,114.7,217,113.75,113.5561,67.8416,240
1347,176.7451,45070,114.125,218,114.15,113.5969,68.518,255
1348,176.5992,45386,114.25,220,112.95,113.6805,68.4636,257
1349,177.721,41409,114.125,219,112.1,113.3319,68.7731,233
1350,176.6765,42049,114.3125,224,113.05,113.0778,68.7201,238
1351,178.7174,41105,112.4375,226,112.44,113.8002,69.051,230
1352,178.2669,42071,114.6875,225,112.9,113.0672,68.337,236
1353,177.2179,41469,113.2625,228,113.07,113.7298,68.2821,234
1354,177.6809,41755,113.8875,224,111.49,113.5984,68.251,235
1355,177.2661,41303,113,234,112.33,113.7296,68.5373,233
1356,176.8724,42980,113.125,224,112.98,113.5571,68.5627,243
1357,176.0163,43124,113.875,228,112.68,113.1652,68.9846,245
1358,178.9913,41347,115,226,113.05,112.8803,68.9371,231
1359,177.1345,42158,112.925,219,113.55,112.7737,68.7729,238
1360,177.8139,41075,114,233,112.56,112.8918,69.1092,231
1361,177.8167,42676,113.8375,230,113.78,113.9945,68.2099,240
1362,178.4833,42836,114.1375,216,113.01,112.9542,68.6853,240
1363,177.6667,41574,114.15,217,113.44,114.8227,68.1706,234
1364,176.9098,43166,113.725,215,113.02,113.1774,68.6147,244
1365,176.8857,43337,113.4375,226,112.16,113.5763,68.3303,245
1366,175.4298,42454,113.275,217,112.17,114.0635,68.2804,242
1367,176.1176,47904,114.9375,226,114.17,112.7845,67.3516,272
1368,177.1159,41268,114.45,225,114.07,112.9224,68.9044,233
1369,176.3796,43213,113.7125,221,113.96,113.4418,68.4216,245
1370,177.3565,40792,113.0875,221,112.33,113.699,68.1794,230
1371,175.4149,42275,113.75,218,113.23,113.3182,68.8583,241
1372,178.3529,42448,113.225,219,112.84,113.3848,68.6355,238
1373,177.0553,41608,114.875,216,114.27,112.5222,68.2364,235
1374,175.4008,43324,114.625,223,113.77,114.0467,68.8932,247
1375,176.5,41301,113.3,219,112.97,113.2786,68.4561,234
1376,176.5252,42013,115.2375,225,113.61,114.1076,68.0318,238
1377,176.8725,44395,114.1125,224,114.06,114.0539,67.7879,251
1378,175.9828,41004,114.45,219,113.57,113.8415,69.0835,233
1379,175.1787,41167,113.375,211,113.07,114.6925,67.8787,235
1380,177.7848,42135,114.6125,242,114.31,113.8764,68.4251,237
1381,177.2343,42359,115.1,235,113.65,113.31,68.5766,239
1382,176.2101,41938,114.725,222,112.24,113.57,68.0819,238
1383,176.5174,40599,112.5375,209,113.19,114.1714,68.4559,230
1384,176.7406,42241,113.7375,218,111.96,113.4597,68.5418,239
1385,176.5042,42008,112.975,228,112.91,113.2227,68.3089,238
1386,175.681,40758,112.75,214,112.79,112.9939,68.6771,232
1387,176.0303,40663,113.6375,216,113.76,113.5954,68.4329,231
1388,176.5654,41846,113.8375,221,113.72,113.4604,68.2186,237
1389,176.2194,41764,113.1875,211,113.42,113.7202,68.241,237
1390,176.7932,41900,113.1875,223,114.33,113.778,68.564,237
1391,176.513,40598,112.725,221,112.77,113.2473,68.4133,230
1392,176.2436,41241,112.525,240,112.63,113.8458,68.32,234
1393,177.9048,41096,114.775,215,115.1,113.0924,67.9705,231
1394,174.6275,43133,114.85,221,112.48,113.9326,68.4606,247
1395,175.5806,43544,114.0625,233,113.35,114.3976,68.5476,248
1396,176.249,43181,112.675,229,113.01,113.7474,68.5906,245
1397,176.3388,42674,113.225,234,113.08,113.8946,68.2416,242
1398,175.5574,41256,113.8125,219,113.09,114.2127,68.253,235
1399,176.7735,41365,112.55,232,111.91,113.5534,68.4008,234
1400,177.4454,42232,113.5875,234,114.53,114.1349,68.5542,238
1401,177.3435,40789,113.3,215,112.37,113.8967,68.4996,230
1402,175.7851,42540,114.05,227,112.2,113.9035,68.7506,242
1403,177.966,41822,113.6625,230,111.47,113.9615,69.1136,235
1404,175.2016,45202,114.0375,220,113.63,113.4022,68.8771,258
1405,176.364,42151,113.2625,219,112.53,114.6403,68.2511,239
1406,178.2669,42071,113.2375,231,112.43,113.6381,68.3244,236
1407,179.7554,41883,115.1125,221,113.37,113.9106,68.1497,233
1408,177.7039,41405,114.4125,218,112.41,114.874,68.2189,233
1409,177.3792,42571,113.8,215,114.06,114.0794,68.2126,240
1410,178.2448,42957,115.525,224,114.94,113.2314,68.4909,241
1411,179.3534,41610,113.0125,219,113.43,113.8631,68.3081,232
1412,178.1752,41693,113.3875,233,113.3,114.5385,68.3736,234
1413,179.6696,41324,113.225,232,112.95,113.9921,68.3849,230
1414,179.0482,44583,113.25,234,113.12,114.6834,68.0015,249
1415,181.1092,43104,112.5875,240,112.73,114.2953,68.1371,238
1416,180.2669,42543,113.475,226,112.89,113.5227,69.1392,236
1417,179.6529,43476,112.2875,222,111.98,112.9609,67.9288,242
1418,182.0333,43688,113.7875,240,113.39,113.8866,68.2,240
1419,182.7735,42769,114.85,234,113.93,114.2524,68.3731,234
1420,182.5411,42167,112.75,240,112.47,114.3218,68.2496,231
1421,184.1039,42528,113.6,229,113.69,113.8551,68.6988,231
1422,184.5169,43546,112.7375,236,112.82,114.4466,67.9451,236
1423,184.3586,43693,115.2,223,114.24,114.8085,68.1472,237
1424,184.8664,42889,113.85,223,113.76,114.2068,68.6156,232
1425,185.1,44424,115.425,237,113.98,113.7602,68.3832,240
1426,186.4638,43819,115.65,242,113.97,114.8537,68.5845,235
1427,184.5106,43360,113.4625,231,112.08,113.7117,68.3544,235
1428,186.1325,43555,113.725,238,112.56,114.4963,68.6366,234
1429,186.5665,43470,115.3125,235,114.19,113.859,67.7864,233
1430,187.0298,43952,114.8625,245,113.9,113.7587,68.1454,235
1431,185.6901,44937,113.075,231,112.13,113.7234,68.5771,242
1432,183.756,45939,113.5625,232,113.08,114.0978,68.2427,250
1433,187.8276,43576,112.0875,232,112.17,114.0804,67.8618,232
1434,186.3167,44716,113.3625,251,112.32,114.3204,68.1569,240
1435,185.3983,43754,114.3,237,112.43,114.5335,68.2347,236
1436,187.0043,43759,113.6375,239,112.27,114.3102,68.3393,234
1437,184.6857,45248,113.5125,232,113.15,113.9253,68.3727,245
1438,185.7034,43826,114.8125,235,112.74,114.1885,68.1497,236
1439,187.6913,43169,112.775,248,112.63,114.71,68.582,230
1440,187.7888,43567,114.175,235,113.45,113.9881,68.104,232
1441,188.4848,43540,113.825,245,111.5,114.1211,68.1032,231
1442,187.8155,43761,112.55,233,114.1,114.0873,68.1807,233
1443,189.3785,47534,115.25,228,113.77,114.366,67.6938,251
1444,188.658,43580,114.2625,242,113.27,114.1306,68.5856,231
1445,188.6996,43967,113.0875,236,113.45,114.2491,68.2466,233
1446,189.0776,43866,113.675,250,112.01,113.8142,68.1471,232
1447,189.4199,43756,113.725,248,113.66,114.5133,68.4486,231
1448,187.2437,44564,113.725,244,113.28,114.8136,68.5264,238
1449,190.1983,44126,113.35,244,113.44,113.9455,68.2138,232
1450,188.0405,46446,114.3125,240,113.54,113.8196,68.1144,247
1451,188.8547,44192,113.8375,239,112.32,114.0373,68.0855,234
1452,188.8952,46846,114.05,255,114.07,114.1172,68.4359,248
1453,190.206,44318,113.35,242,113.3,114.9195,68.1274,233
1454,191.966,45112,112.6875,243,112.74,113.8693,68.5204,235
1455,193.6287,45890,114.125,267,113.62,114.8068,68.3594,237
1456,191.0375,45849,112.6875,241,112.9,114.2173,68.4172,240
1457,193.3777,45057,113.1875,241,112.2,114.7806,68.2136,233
1458,191.7689,45641,111.775,273,113.38,113.8997,68.1743,238
1459,193.6017,44722,113.35,258,111.61,114.7419,68.1875,231
1460,192.2826,44225,114.2375,266,113.15,114.5518,68.4865,230
1461,194.9177,45026,113.2625,273,112.73,114.4477,68.2322,231
1462,195.1373,45467,114.05,248,114.83,114.3845,68.0267,233
1463,195.1174,44877,114.7125,262,112.05,114.6651,68.3888,230
1464,194.3319,46251,114.625,253,114.95,114.4318,68.1439,238
1465,191.786,46604,113.35,248,112.57,114.2455,68.268,243
1466,193.8547,45362,112.875,254,113.5,114.2665,68.5431,234
1467,192.7167,44903,114.1625,257,113.77,114.8485,68.2497,233
1468,193.2783,44454,112.725,250,112.79,114.5154,68.4096,230
1469,196.8261,45270,115.075,253,114.03,114.0562,68.4754,230
1470,196.2522,45138,114.2125,257,114.23,113.9081,68.2374,230
1471,194.9177,45026,114.0875,272,112.84,114.6366,68.4494,231
1472,195.8788,45248,114.8875,263,113.79,114.5665,68.2034,231
1473,196.8103,45660,115.4375,245,113.31,114.7071,68.3815,232
1474,194.7741,46551,113.275,263,113.01,114.3534,68.2768,239
1475,194.5424,45912,112.45,268,112.76,114.5462,68.2094,236
1476,194.8139,45002,113.2875,258,112.15,114.1843,68.1376,231
1477,196.1496,45899,114.8125,256,114.18,114.6829,68.0234,234
1478,194.819,45198,112.9875,258,113.52,114.4649,68.1793,232
1479,196.4783,45190,113.625,262,113.67,114.3566,68.0832,230
1480,194.4473,46084,113.375,257,111.79,114.3392,68.0738,237
1481,195.9916,46842,114.75,259,113.29,114.7082,68.1641,239
1482,196.4085,46156,113.25,253,112.63,114.1951,68.423,235
1483,194.4647,46866,114.2875,252,113.08,114.5179,67.9015,241
1484,194.5758,44947,113.3125,257,113.5,114.6,68.4082,231
1485,193.7924,45735,113.45,256,112.74,114.3692,67.6816,236
1486,196.2174,45130,114.15,264,112.13,114.6952,68.5226,230
1487,196.5431,45598,113.2,248,112.83,114.323,67.9721,232
1488,195.2552,46666,113.5375,248,112.05,114.4934,68.1823,239
1489,197.7854,46084,114.6375,267,113.32,114.602,68.0775,233
1490,196.0168,46652,113.175,264,112.88,114.6593,67.9239,238
1491,197.1169,45534,113.25,273,113.31,114.0303,67.8261,231
1492,197.6293,45850,114.4,277,113.87,114.3659,68.0445,232
1493,199.9524,46189,114.1875,260,113.55,114.6512,68.0747,231
1494,198.2531,47779,113.9,261,113.74,114.7579,68.0562,241
1495,199.0256,46572,113.5125,264,113.56,114.0104,68.0514,234
1496,199.4589,46075,113.625,268,112.75,114.8578,68.1526,231
1497,200.6266,46746,112.6125,275,112.97,114.2909,68.4818,233
1498,201.0726,47051,112.7625,262,112.11,114.3895,68.2057,234
1499,198.9915,46564,113.6125,284,112.74,114.2682,68.2176,234
1500,202.7149,47638,114.1375,269,112.91,114.5501,67.9369,235
