1,204.2008,48804,117.05,280,117.26,140.4941,58.2089,239
2,205.7078,49987,116.7,302,116.56,140.4003,57.9437,243
3,207.7119,50474,116.825,296,116.69,140.9014,58.3613,243
4,207.3013,49545,115.925,320,116.49,140.3954,57.8208,239
5,211.3766,50519,116.3625,301,116.22,140.7867,58.3422,239
6,210.7623,51426,117.5875,314,117.34,140.7165,58.0848,244
7,213.2355,51603,117.575,331,117.42,140.7787,58.2255,242
8,211.8388,51265,115.675,319,115.74,140.7117,57.7384,242
9,213.1157,51574,117.9875,329,117.73,140.7893,57.9572,242
10,211.5372,51192,116.825,302,117.07,141.0225,58.2751,242
11,214.9087,51793,113.7125,308,114.86,140.8818,57.5697,241
12,212.7958,51071,116.7375,298,116.67,141.0353,57.9027,240
13,213.1172,50935,117.6125,300,117.69,140.6956,57.9699,239
14,210.6449,51608,116.925,306,116.81,140.936,57.6272,245
15,212.576,53144,117.375,316,116.72,140.9311,57.777,250
16,213.0124,51336,116.4125,303,116.27,140.8437,57.9799,241
17,213.3967,51642,117.325,309,117.18,140.9888,57.646,242
18,215.7004,53278,116.9125,327,115.44,140.9718,57.5142,247
19,215.6296,52398,117.0875,338,116.54,140.9518,57.8413,243
20,216.814,52469,117.9875,308,117.43,140.9393,57.678,242
21,220.2282,53075,116.4875,362,116.93,141.1201,57.6348,241
22,217.459,53060,116.9875,355,116.89,140.9901,57.4727,244
23,217.4481,52405,118.4625,313,117.79,141.1699,57.5053,241
24,214.3086,52077,116.9875,313,117.21,141.2758,57.9123,243
25,212.8272,51717,116.7125,313,117.19,141.0404,57.3299,243
26,210.9419,50837,116.425,307,116.52,140.9258,57.037,241
27,215.4625,51711,116.2375,310,116.93,141.323,57.7733,240
28,215.4553,53002,116.4,329,116.8,140.8554,57.7476,246
29,216.3417,51922,116.5875,312,115.82,140.9073,57.5046,240
30,214.7625,51543,116.1375,308,116.1,141.2909,57.371,240
31,211.2066,51112,117.35,302,116.33,141.1787,57.395,242
32,214.0917,51382,117.95,299,118.22,141.0908,57.1357,240
33,209.2905,50439,117.3,304,117.06,141.3319,57.7915,241
34,206.3278,49725,116.4125,299,116.31,141.4671,57.0462,241
35,205.1125,49227,115.75,277,116.03,141.3064,57.4475,240
36,202.4339,48989,116.9875,283,117.46,141.1883,57.4845,242
37,201.3402,48523,116.6,281,116.59,141.5388,56.8844,241
38,194.2189,51468,117.05,273,116.34,140.6647,55.9031,265
39,200.9796,49240,118.475,312,116.16,141.2986,57.2499,245
40,203.2208,48773,116.375,301,116.01,141.1617,57.5144,240
41,199.6,48902,116.3625,292,116.19,141.2893,56.3484,245
42,197.9593,48698,116.65,305,116.74,141.6886,57.0893,246
43,200.2271,50257,117.4625,286,117.57,141.4287,56.5625,251
44,200.5451,48933,115.475,284,115.2,141.5787,57.0498,244
45,200.3182,48477,116.775,273,116.48,141.4765,56.8832,242
46,197.668,50010,117.0125,285,116.66,141.643,57.7973,253
47,200.5477,48332,115.7,298,115.65,141.7493,57.6895,241
48,197.418,48170,115.5,278,115.87,141.3748,56.892,244
49,194.66,48665,116.6,276,116.1,141.7316,57.5321,250
50,198.582,48454,116.35,278,116.35,141.7889,57.56,244
51,196.2,48069,115.7,281,115.68,142.0584,57.0302,245
52,196.3983,47332,118.15,278,117.89,141.5985,56.611,241
53,193.9295,46737,116.625,256,116.88,141.8864,57.3627,241
54,192.0283,47431,115.6625,265,116.41,141.4923,56.5842,247
55,188.4531,48244,115.8375,261,115.48,141.5687,56.3536,256
56,190.5181,47439,117.8875,285,116.3,141.6657,56.3396,249
57,191.2529,49152,118.825,269,118.03,142.0746,56.7505,257
58,189.0249,45555,116.0875,266,116.03,141.8883,57.239,241
59,187.413,46291,116.3875,269,116.67,142.0575,56.8236,247
60,187.0826,45274,117.275,262,116.91,141.705,56.7154,242
61,186.2333,44696,115.6125,261,115.28,141.7587,56.7704,240
62,186.184,46546,117.25,259,116.76,141.5643,56.1979,250
63,186.4256,45115,117.65,239,116.77,142.0883,56.551,242
64,184.1016,45289,116.7875,259,116.55,141.5216,56.817,246
65,184.8056,46571,116.9,253,116.28,141.9842,56.0107,252
66,181.8612,44556,116.9625,247,116.9,141.8071,55.9321,245
67,181.9679,45310,118.8125,242,117.06,141.9396,57.1507,249
68,182.0373,43871,115.65,253,116.14,141.6204,56.6427,241
69,182.7876,47342,115.7125,245,115.34,141.5696,56.2303,259
70,179.829,48374,116.8875,264,116.1,141.1554,56.0268,269
71,184.8375,44361,118.1,257,116.28,141.6779,56.3371,240
72,184.1203,44373,118.85,249,117.95,142.2134,56.1834,241
73,182.9146,44997,117.575,244,115.63,142.0378,56.1525,246
74,179.6812,49592,119.5625,246,117.54,141.0606,55.3605,276
75,180.5336,45675,117.8,244,116.03,141.7402,55.6689,253
76,180.5477,43512,117.5125,248,116.84,142.023,56.1589,241
77,178.7203,46646,116.775,244,116.23,141.9306,55.9043,261
78,181.3293,44607,117.675,242,116.12,141.4494,55.6934,246
79,182.332,44489,118.575,248,116.53,141.9419,56.7545,244
80,183.4519,43845,116.0875,255,116.37,141.641,55.9664,239
81,183.4959,45140,118.425,253,117.11,141.8892,56.1535,246
82,182.8228,46437,116.6875,240,115.89,141.7663,56.1778,254
83,184.7846,45457,117.4125,265,117.22,141.9403,56.3158,246
84,186.224,46556,117.975,258,118.12,142.0839,56.0984,250
85,184.9512,45498,116.8125,249,116.21,142.065,56.8334,246
86,187.8419,47524,117.975,258,117.48,141.8526,55.9347,253
87,187.1888,46610,117.7125,245,116.87,142.152,55.7845,249
88,186.2105,45994,117.15,256,116.23,142.1237,56.4519,247
89,187.8189,45640,116.3375,257,116.63,142.1353,56.1834,243
90,187.4333,44984,116.1625,258,115.58,141.9698,56.6055,240
91,185.8261,47014,116.275,266,115.64,142.0575,55.9666,253
92,185.4895,44332,116.9625,251,115.96,142.1935,56.4366,239
93,186.2686,45077,115.8375,251,116.03,142.4723,55.9841,242
94,185.2429,45755,116.0625,253,115.16,142.1444,56.7501,247
95,188.4498,46924,116.025,265,116.41,142.2061,56.4093,249
96,190.5902,46504,117.6,268,116.8,141.9252,55.7819,244
97,189.856,46135,116.8,267,116.64,142.1834,55.7861,243
98,190.5202,47249,115.375,263,116.45,142.4794,56.3915,248
99,188.2612,46124,117.0875,256,116.66,142.4521,56.593,245
100,189.3333,47712,117.1125,256,116.2,142.1373,56.2366,252
101,188.841,45133,116.775,259,116.39,142.4429,55.9936,239
102,189.8963,45765,117,257,115.52,142.3413,55.7199,241
103,189.2762,45237,116.9,255,117.24,142.1777,55.8557,239
104,188.3185,46703,115.9875,249,116.39,142.4627,56.6192,248
105,187.874,46217,116.0125,260,115.53,142.3753,56.5173,246
106,189.2428,45986,115.775,252,116.4,142.2711,56.042,243
107,186.8,45766,115.35,253,115.71,142.0704,56.162,245
108,187.4184,44793,116.4,248,117.02,142.2579,55.5528,239
109,184.7284,44889,118.0375,240,115.88,142.6667,56.0039,243
110,185.1475,45176,115.45,238,115.3,142.3431,55.509,244
111,184.4835,44645,116.2625,253,116.02,142.4048,56.4789,242
112,183.7531,44652,117.3,248,115.89,141.992,55.7911,243
113,184.6932,46358,118.3125,258,117.26,141.9891,56.633,251
114,183.3934,44748,116.5,261,115.39,141.62,55.3112,244
115,182.9707,43730,117.5625,243,116.9,142.4602,56.4563,239
116,180.6667,44986,116.475,235,116.04,142.216,56.0765,249
117,181.4087,45715,116.6375,233,116.67,142.3935,55.6776,252
118,181.012,45072,116.2375,243,116.34,142.3647,55.4142,249
119,182.095,44067,116.9125,243,115.68,142.3477,55.5299,242
120,182.8921,44077,116.625,257,116.19,142.6391,56.034,241
121,179.8774,46948,115.0625,230,115.89,142.3567,55.4494,261
122,182.9295,44086,117.825,233,117.35,142.5445,55.8345,241
123,183.3224,44914,116.3125,251,116.95,142.0848,56.2097,245
124,184.0293,43983,116.65,248,116.13,142.3593,56.4132,239
125,182.905,44263,116.425,234,117.54,142.3274,55.8192,242
126,183.4298,44390,116.425,238,115.92,142.457,55.5078,242
127,182.2324,43918,116,240,116.04,141.9137,55.4235,241
128,180.373,44011,118.4875,238,116.19,142.4639,55.3269,244
129,180.8664,44674,116.3125,237,117.01,142.2989,55.1312,247
130,181.1317,44015,116.875,245,116.09,142.4014,55.8654,243
131,177.9383,43239,117.1875,236,116.84,142.1781,55.9446,243
132,179.024,44756,116.95,244,117.1,142.1301,55.7486,250
133,179.9834,43376,115.65,233,114.91,142.1086,55.2863,241
134,177.2652,46798,116.75,236,114.96,141.7287,54.559,264
135,177.8443,43394,116.525,238,115.56,142.4823,54.9001,244
136,176.9421,42820,116.875,240,117.47,142.2439,55.7139,242
137,178.1934,43301,116.4375,228,116.53,142.378,55.532,243
138,177.0209,42308,116.25,235,115.76,142.6765,56.0619,239
139,175.9567,44693,115.4375,226,115.78,142.1057,55.7489,254
140,175.8084,45886,115.9375,243,115.75,142.1942,55.6685,261
141,176.9426,43174,116.5625,251,116.73,142.5606,55.4283,244
142,174.3488,44982,116.9125,224,116.38,142.2326,55.4504,258
143,176.9116,44051,116.45,228,116.45,142.0916,54.9382,249
144,176.0778,45252,117.8375,225,116.85,142.18,55.2531,257
145,176.004,43825,117.75,220,116.42,142.4454,55.545,249
146,174.8715,43543,116.2375,223,116.59,142.5772,55.2793,249
147,178.6073,44116,119.075,242,116.4,142.2773,55.2545,247
148,175.0431,44636,116.55,228,115.17,142.33,54.9661,255
149,175.9802,44523,116.8625,247,116.31,141.9911,55.1534,253
150,177.2738,44673,116.75,236,116.27,142.6319,55.5011,252
151,179.4758,44510,117.4375,226,117.45,142.629,55.4429,248
152,179.6761,44380,116.5375,235,115.92,142.4139,55.6181,247
153,178.9091,45264,116.0375,231,115.52,142.2907,56.4412,253
154,178.7961,45593,116.3875,234,117.15,142.1541,55.009,255
155,177.4797,48097,117.7875,244,116.36,141.8607,54.6015,271
156,178.502,45518,116.75,231,115.16,141.8453,54.6423,255
157,179.4274,44498,117.7375,247,115.37,142.5568,55.7501,248
158,180.1215,44490,116.7,262,115.75,142.9926,55.7602,247
159,179.4194,44496,115.6125,237,115.71,142.6517,55.5509,248
160,179.7958,43151,116.0875,252,115.37,143.0266,56.0508,240
161,177.7092,44605,116.6125,239,115.43,142.7097,55.101,251
162,178.4257,44428,118.4,246,117.4,142.1054,55.4984,249
163,178.2163,43663,117.2375,249,116.44,142.8447,55.4693,245
164,177.1169,43925,117.5125,256,117.11,142.6375,55.5513,248
165,177.0316,44789,115.5875,228,115.85,142.2092,54.6386,253
166,178.5356,42670,115.425,239,116.09,142.3234,55.1697,239
167,176.9221,43169,116.0875,231,115.39,143.2258,55.6634,244
168,177.0528,43555,115.375,224,116.67,142.0825,55.6494,246
169,175.7928,44124,117.125,230,116.39,142.6118,54.5464,251
170,176.7791,44018,115.8375,233,115.94,142.4257,54.9854,249
171,175.9958,42063,118.3,232,116.67,142.2239,54.4068,239
172,174.6559,43140,116.9375,220,115.74,142.6776,54.7169,247
173,173.7953,44144,117.95,225,117.61,142.6036,55.9832,254
174,174.813,43004,116.2625,230,116.66,142.6309,55.9119,246
175,175.1004,41849,116.9125,223,115.51,142.4446,54.8641,239
176,173.6008,43053,116.825,232,116.28,142.1861,54.6023,248
177,172.8224,44761,118.025,222,116.68,141.6417,54.2634,259
178,174.0289,42115,118.8375,227,116.23,142.1282,55.2415,242
179,173.4256,41969,118.05,219,115.14,141.9523,54.7213,242
180,174.5165,42233,116.95,227,115.51,141.9272,54.2857,242
181,174.3992,43251,117.9,249,116.28,142.4646,55.1013,248
182,172.042,45075,117.9,232,115.54,142.1593,55.0942,262
183,172.2206,46844,117.3375,234,116.57,142.476,54.598,272
184,174.8413,44060,116.875,235,115.69,142.2414,54.5171,252
185,173,42385,116.275,232,115.89,142.4839,54.9551,245
186,172.7724,42502,116.675,226,116.11,142.2459,54.3059,246
187,173.5766,43047,117.7625,253,116.58,142.6256,53.9297,248
188,171.977,44886,118.15,228,116.54,142.7123,56.3526,261
189,173.7295,42390,116.6,222,116.37,142.6763,56.1567,244
190,173.841,41548,116.9,217,116.33,142.0998,55.5052,239
191,172.8361,42172,115.1125,217,115.59,142.8364,55.2938,244
192,173.7821,44662,117.275,225,117.37,141.7954,54.1081,257
193,173.0385,44990,118.475,225,116.2,142.0407,54.3135,260
194,176.6694,43284,117.625,234,116.6,142.9326,55.139,245
195,174.2521,42169,117.3375,231,115.87,142.4244,54.6832,242
196,171.9458,47629,117.225,224,116.18,141.4376,54.3061,277
197,174.2794,43047,118.9375,224,116.58,142.3468,54.2201,247
198,173.9921,44194,117.6875,224,116.11,142.4979,54.1427,254
199,173.9202,45741,116.8625,218,115.32,142.4584,54.6662,263
200,175.4481,42283,116.8625,229,115.69,141.9429,54.7356,241
201,177.8835,44293,117.4875,240,116.97,142.8654,55.227,249
202,175.5458,44062,115.9625,229,116.23,142.6009,55.514,251
203,176.187,43342,117.1875,232,117.26,142.3749,56.0236,246
204,175.9714,43113,117.3875,227,116.93,142.9078,55.8061,245
205,174.3295,44977,115.5375,234,115,142.3175,55.2778,258
206,173.5166,47023,117.075,228,116.32,141.4305,54.3864,271
207,174.8502,43188,119.45,241,117.12,141.9167,54.768,247
208,175.1781,43269,117.7875,229,115.76,141.7206,54.9165,247
209,173.4724,44062,117.1125,232,115.78,142.3411,54.6652,254
210,174.7113,41756,116.1,228,115.75,141.9466,54.3237,239
211,174.1328,44578,117.7125,221,116.2,142.5025,55.1372,256
212,172.6857,42308,117.4125,215,115.69,142.0812,54.2539,245
213,174.7871,43522,117.15,242,116.24,142.1782,54.5203,249
214,175.3156,42777,116.175,218,115.91,142.6435,55.4761,244
215,175.1818,42394,117,232,116.31,142.3857,55.378,242
216,173.6987,41514,117.2875,230,116.29,142.1614,54.5223,239
217,171.8986,47444,116.525,218,116.43,142.0121,54.3949,276
218,174.4675,42919,117.5625,218,116.16,142.5977,54.9389,246
219,172.7469,41632,116.725,218,115.7,142.4893,55.2083,241
220,173.4793,41982,115.6375,216,116.14,142.1205,55.0712,242
221,174.5223,43107,116.825,224,115.63,142.456,55.7991,247
222,174.2805,42873,118.0875,234,117.22,141.7457,55.2948,246
223,172.2984,42730,116.0875,218,114.82,141.6833,54.7941,248
224,172.7944,42853,117.2375,230,115.99,142.1041,55.1777,248
225,172.623,42120,115.0875,216,115.89,141.9393,55.4444,244
226,173.6838,43942,117.4375,238,117.2,142.3153,55.3416,253
227,172.7866,41296,115.9625,229,116.14,142.0401,55.0514,239
228,172.3977,44651,117.2625,227,116.11,142.1738,54.8691,259
229,172.3953,44478,118.3875,228,118.02,141.8662,55.8255,258
230,172.5257,43649,116.375,222,115.9,142.78,55.4955,253
231,171.6411,42567,116.6875,218,115.22,142.1681,54.2816,248
232,173.736,43434,118.3625,219,116.25,141.8161,55.0654,250
233,172.4597,42770,116.925,228,116.31,141.5723,55.072,248
234,171.54,42885,118.4625,213,116.97,141.5593,54.5381,250
235,173.3306,41946,117.7375,220,116.4,142.526,55.4056,242
236,171.6235,43764,116.5,232,115.84,142.7505,54.323,255
237,170.292,46660,117.2875,227,116.49,142.0345,54.5449,274
238,171.6457,43598,116.7875,225,115.83,141.725,54.4726,254
239,171.051,43618,116.675,216,115.83,141.9735,54.4185,255
240,171.0599,45673,117.825,223,116.07,141.9175,54.8629,267
241,171.8347,42615,118.0375,240,115.98,142.4688,54.8646,248
242,172.9751,41687,115.4875,224,115.13,142.8129,55.4709,241
243,174.2593,42345,117.4,230,115.89,142.4873,55.2662,243
244,172.7521,41806,117.75,223,117.38,141.5521,55.6484,242
245,172.0455,45420,117.1,222,116.39,141.3947,54.4085,264
246,172.9474,42718,117.4625,217,115.89,142.2706,54.6839,247
247,172.1411,42691,116.8125,223,116.86,142.5341,55.2914,248
248,169.7456,48717,116.9875,228,115.61,142.4806,55.8523,287
249,172.0736,44395,117.8125,229,115.9,141.7832,55.5556,258
250,171.5635,43234,116.175,226,115.86,141.8702,54.9046,252
251,169.5382,44419,117.7625,213,115.55,141.9903,54.3706,262
252,174.1674,41626,117.65,237,116.47,142.3055,55.2788,239
253,171.6463,42225,118.1125,224,115.89,141.8103,55.3442,246
254,171.4245,41999,117.3,219,115.93,142.4107,56.3022,245
255,173.93,42265,115.425,221,115.19,141.7674,56.1535,243
256,172.2369,42887,115.675,225,115.86,142.2395,54.1784,249
257,171.0792,45336,117.825,227,117.17,142.0188,55.061,265
258,171.2749,42990,117.6875,226,115.77,141.791,55.4753,251
259,172.0437,43355,117.85,222,117.04,141.5444,55.1835,252
260,171.7317,42246,117.5375,229,115.97,141.9775,55.1218,246
261,172.6626,42475,118.3125,222,115.98,142.0015,54.7837,246
262,173.373,43690,116.8875,250,116.5,141.8597,55.1781,252
263,172.3264,41186,117.5125,224,116.4,142.408,55.2966,239
264,170.6779,45571,117.2,210,116.07,142.3878,54.9088,267
265,173.8833,44688,116.2,222,115.67,141.9974,55.1687,257
266,172.472,43118,116.775,219,115.43,141.5544,55.1074,250
267,172.5502,42965,117.075,221,115.43,141.107,55.7894,249
268,173.6584,42199,116.4625,223,116.51,141.2736,55.7153,243
269,173.7992,44145,117.5125,237,115.98,142.1519,54.9497,254
270,176.0544,42077,117.425,231,116.04,142.072,55.4449,239
271,179.3156,43753,116.3875,248,115.1,141.955,56.1092,244
272,184.2769,44595,116.975,233,116.72,142.3942,56.189,242
273,186.4041,45669,117.4125,265,116.39,142.1127,56.6686,245
274,188.3794,47660,116.5375,264,116.16,142.2195,56.5099,253
275,190.5542,47448,115.25,253,115.37,142.432,56.7861,249
276,194.2218,46419,115.975,276,115.61,142.2716,57.5678,239
277,198.775,47706,115.65,268,116.04,142.3742,56.8246,240
278,198.6734,49271,115.925,290,115.84,142.2335,56.7293,248
279,199.2305,48413,116.35,286,116.05,142.3078,56.6653,243
280,198.6169,49257,116.0125,274,116.47,142.095,56.8923,248
281,196.5992,48560,114.425,287,115.58,142.0331,56.3689,247
282,196.9835,47670,115.825,279,115.81,142.4081,56.4991,242
283,194.9143,47754,115.8625,264,115.58,141.9695,56.9777,245
284,192.628,48157,116.0375,259,115.74,142.6781,56.6843,250
285,191.8642,46623,115.95,271,115.72,142.4735,56.3481,243
286,189.3852,46210,115.6125,257,115.16,141.9263,56.4895,244
287,188.9187,46474,117.4,254,116.58,142.1862,56.701,246
288,189.6196,48353,117,254,116.7,142.069,55.5819,255
289,187.7667,45064,117.025,249,115.56,142.294,56.3247,240
290,185.8033,44407,116.9125,245,116.03,142.2146,56.1171,239
291,184.7398,45446,118.0625,258,117.76,142.2863,55.367,246
292,182.7287,45134,116.6875,248,116.47,142.0977,55.8409,247
293,183.332,45283,116.15,240,115.36,142.171,55.9605,247
294,182.3566,44495,115.725,246,115.47,141.7969,55.6301,244
295,181.2348,47846,115.6625,244,115.04,141.3945,55.6038,264
296,181.0247,43989,115.8375,239,115.76,142.0093,55.7364,243
297,181.8148,44181,117.2125,235,117.45,142.0023,55.9279,243
298,180.8689,44132,116.1,249,116.56,141.8103,55.2519,244
299,180.9331,43243,117.3125,246,115.59,142.2494,56.809,239
300,182.0287,44415,115.4625,241,116.52,141.9921,55.8493,244
301,181.477,43373,115.625,239,115.22,142.3106,56.7075,239
302,179.0745,45664,115.1625,236,115.63,142.1308,56.1232,255
303,180.3962,46903,115.95,246,115.69,141.7357,55.7059,260
304,183,46665,116.275,249,116.29,142.2233,55.7042,255
305,188.1281,45527,116.95,243,117.76,141.9791,56.4446,242
306,188.2971,45003,117.9625,246,117.09,141.941,55.6508,239
307,190.7171,47870,117.25,257,116.02,141.9033,55.8509,251
308,197.1322,47706,116.875,280,115.6,141.9371,56.5697,242
309,202.214,49138,114.5,302,114.53,141.935,57.2258,243
310,204.6434,49933,115.4,285,115.13,142.0524,56.6013,244
311,209.917,53109,115.55,309,114.99,142.1061,56.7646,253
312,216.4082,53020,116.4125,313,116.99,142.2923,56.6943,245
313,222.0325,54620,115.225,346,115.68,142.0047,56.4299,246
314,227.4091,55033,117.4375,340,117.28,142.1439,56.8432,242
315,234.9456,56152,115.975,342,114.78,142.1747,57.117,239
316,239.475,57474,115.9625,345,116.57,142.226,56.9145,240
317,247.1464,59068,114.7125,371,115.73,142.0504,56.9455,239
318,253.3004,61552,116.0625,389,115,142.0148,57.0296,243
319,258.7975,62629,116.475,425,117.13,141.9483,56.8269,242
320,263.1967,62904,116.0875,416,116.54,142.0748,56.8925,239
321,265.1364,64163,115.8125,438,115.39,142.063,56.6908,242
322,268.9958,64559,114.825,419,114.99,142.0919,56.7586,240
323,266.0083,63842,116.0625,399,116.23,142.1678,56.7133,240
324,269.2458,64619,116.575,419,117.68,142.0766,57.0135,240
325,269.1399,65401,115.3,412,115.87,142.0464,57.149,243
326,273.5314,65374,116.8875,430,116.71,142.0413,56.9181,239
327,274.0531,67143,115.3375,453,115.89,141.9688,56.8172,245
328,275.4083,66098,116.425,436,116.17,142.0999,56.5979,240
329,277.2016,67360,114.8375,453,114.95,142.059,56.8667,243
330,276.5892,66658,115.8875,436,116.43,142.0417,56.8944,241
331,278.4875,66837,115.525,449,116.21,142.1863,56.6943,240
332,276.2583,66302,115.9625,441,116.52,141.9869,56.6489,240
333,279.046,66692,116,460,115.34,141.8888,56.7122,239
334,275.9876,66789,115.925,435,115.92,142.1087,56.6407,242
335,278.8912,66655,115.1125,446,115.55,141.8233,56.7281,239
336,275.9504,66780,115.4,423,116.52,142.0255,56.4648,242
337,274.0084,65488,116.7375,433,115.58,141.9559,56.7481,239
338,274.7613,66767,115.7625,456,115.69,142.0431,56.4116,243
339,274.9042,65977,115.425,422,116.43,141.8717,56.677,240
340,271.5439,64899,116.15,435,115.5,141.8046,56.962,239
341,269.95,64788,115.6375,414,115.58,141.8008,56.3637,240
342,269.205,64340,115.8625,424,116.04,142.0671,56.9147,239
343,265.8423,64068,115.4125,431,115.49,141.8679,56.5899,241
344,263.5042,63241,116.3625,415,116.42,141.9006,56.7383,240
345,262.7741,62803,116.0875,403,116.09,141.8061,57.0024,239
346,259.4691,63051,116.7,438,116.93,141.9125,56.614,243
347,261.046,62390,116.2625,406,116.63,141.8172,56.6895,239
348,259.251,61961,117.9375,414,117.82,142.0463,56.6494,239
349,257.0377,61432,116.5375,403,116.05,141.6217,56.9603,239
350,259.2075,62469,115.1375,421,115.28,141.7695,56.9712,241
351,254.8683,61933,116.4125,375,116.17,141.8334,56.6254,243
352,257.1037,61962,115.4,398,114.9,141.7019,56.6646,241
353,254.7778,61911,115.5,405,115.69,142.0351,57.0857,243
354,255.6083,61346,114.8875,403,115.6,141.9206,56.5656,240
355,258.6556,62336,117.4,418,117.11,141.7529,57.2637,241
356,258.8619,61868,116.05,404,116.04,141.9133,57.0867,239
357,256.0535,62221,115.3125,408,115.17,141.7314,57.0874,243
358,259.9419,62646,116.15,404,115.23,141.7865,57.1701,241
359,259.5638,63074,118.0375,440,116.95,141.7792,56.9767,243
360,259.3154,62495,116.0875,388,115.59,141.7355,57.0854,241
361,259.6183,62568,115.4125,415,115.55,141.7834,56.9685,241
362,260.5643,62796,115.4125,427,114.67,141.8518,57.0009,241
363,263.9793,63619,116.875,407,116.65,141.5984,56.7834,241
364,262.425,62982,116.4875,421,117.78,141.5733,56.9721,240
365,260.251,62200,115.325,433,115.45,141.9104,57.1001,239
366,260.8174,62857,114.8875,433,115.6,141.6357,57.0554,241
367,259.6151,62048,116.3375,427,115.38,141.6977,57.3469,239
368,257.4878,63342,116.5125,410,115.91,141.7605,56.9127,246
369,261.7113,62549,117.9875,435,116.65,141.6488,56.9719,239
370,260.3083,62474,116.95,398,116.77,141.8555,56.8518,240
371,259.8099,62874,117.2125,416,117.18,141.6868,56.7524,242
372,259.6266,62570,116.075,419,116.17,141.7051,56.8424,241
373,257.5774,61561,116.375,410,115.61,141.8273,57.0881,239
374,257.166,61977,115.45,396,114.88,141.6316,57.3003,241
375,255.2479,61770,115.925,383,115.94,141.6944,57.3098,242
376,256.1411,61730,117.65,437,117.21,141.5753,57.1721,241
377,253.2875,60789,115.775,396,115.19,141.5026,57.0893,240
378,251.642,61149,116.725,397,116.04,141.5198,57.2342,243
379,250.1292,60031,116.8,384,115.86,141.6257,56.8584,240
380,251.1619,62037,116.175,410,115.16,141.6618,57.0785,247
381,255.1674,60985,116.275,408,115.32,141.6284,57.0068,239
382,253.7137,61145,115.5125,413,116.02,141.7792,57.0765,241
383,255.4628,61822,117.5875,420,117.13,141.4928,57.1829,242
384,254.9874,60942,118.575,425,117.66,141.4247,57.0138,239
385,254.9917,61708,115.4875,414,115.85,141.7156,56.9638,242
386,250.4431,61609,115.175,384,115.69,141.5624,57.0525,246
387,246.9585,59517,114.9375,366,115.19,141.5207,57.057,241
388,242.15,58116,115.925,382,115.27,141.5069,56.8181,240
389,240.8477,58526,116.625,369,116.35,141.7292,56.8186,243
390,235.9876,57109,115.0875,347,115.04,141.5316,57.021,242
391,232.325,55758,116.6,350,115.79,141.4098,56.8617,240
392,227.1281,54965,114.2,351,115.28,141.4375,57.0819,242
393,225.5643,54361,115.7375,317,116.08,141.4455,56.8495,241
394,219.0531,53668,116.775,322,116.73,141.3558,56.6828,245
395,219.5792,52699,116.0125,333,115.8,141.5206,57.1307,240
396,214.336,53584,117.3125,320,116.51,141.2185,57.0158,250
397,215.4793,52146,116.45,298,116.46,141.2835,57.0769,242
398,213.0285,52405,117.2125,338,116.39,141.6686,57.0488,246
399,213.5375,51249,116.0125,334,116.56,141.1999,56.8498,240
400,213.225,51174,115.925,312,115.41,141.2756,56.8525,240
401,210.3855,52386,116.325,322,116.02,141.4321,57.1817,249
402,212.0625,50895,116.725,316,115.59,141.3502,56.6782,240
403,209.7837,51397,116.625,296,116.72,141.6185,56.8423,245
404,210.8107,51227,117.55,321,116.36,141.3891,56.7723,243
405,210.5789,52013,115.625,296,115.43,141.3423,57.0223,247
406,209.9106,51638,116.3625,314,116.43,141.3992,56.918,246
407,209.3182,50655,115.6,297,116.33,141.3533,57.045,242
408,206.2922,50129,115.1375,303,115.05,141.5826,56.6953,243
409,203.9916,48754,116.0625,285,115.34,141.2128,57.1684,239
410,203.7458,48899,117.6125,289,117.09,141.25,56.9167,240
411,203.8714,49133,116.0125,290,115.82,141.2136,57.0089,241
412,202.2049,49338,116.475,300,116.22,141.4293,56.9233,244
413,203.119,51186,114.9,304,114.17,141.1904,57.2436,252
414,203.5385,50274,115.7125,286,115.77,141.2222,56.891,247
415,204.1687,49613,115.55,289,115.61,141.2366,56.657,243
416,204.3008,50258,117.1,289,116.68,141.4569,57.0559,246
417,201.1789,49490,116.1375,287,116.34,141.2514,57.0803,246
418,200.376,48491,116.1375,278,116.54,141.2875,56.627,242
419,198.4843,50415,116.225,280,116.37,141.3644,56.8209,254
420,200.4268,47902,115.7,293,115.43,141.0678,57.0866,239
421,201.7702,50039,114.975,280,115.04,141.0333,56.9377,248
422,204.2116,49215,117.1625,283,116.28,141.0514,57.055,241
423,203.1317,49361,115.0375,303,115.42,141.3729,56.8373,243
424,202.498,49612,114.5875,279,114.29,140.9762,56.7099,245
425,203.2282,48978,115.4375,289,115.4,141.2638,57.1891,241
426,202.0455,48895,116.7,285,116.36,140.9032,56.7553,242
427,203.1583,48758,116.5125,275,115.87,141.2155,56.9136,240
428,207.0962,49496,116.7125,290,116.48,141.2177,57.1721,239
429,203.8807,49543,115.925,277,116.43,140.9675,57.4063,243
430,203.1494,48959,117.9875,299,117.36,141.1907,57.3782,241
431,201.1807,50094,116.15,290,116.06,141.3071,56.5098,249
432,199.123,48586,116.7,268,115.68,141.1637,56.8634,244
433,198.6762,48477,115.175,273,114.77,141.0741,56.8913,244
434,198.3458,47603,115.9375,271,115.51,141.0098,56.9567,240
435,199.0854,48975,116.575,279,116.06,140.7967,56.6735,246
436,202.709,49461,115.2375,284,114.72,141.052,57.2059,244
437,204.249,50858,115.5875,280,116.12,141.3896,56.9114,249
438,204.5042,49081,116.5875,296,116.25,141.2849,56.406,240
439,206.5184,50597,118.05,309,116.78,140.9863,56.413,245
440,204.2107,49419,117.125,293,115.88,141.2199,56.9546,242
441,200.2591,49464,115.025,297,115.01,141.1919,56.7798,247
442,204.6066,49924,114.7375,290,115.47,141.0228,56.6544,244
443,202.1399,49120,115.4,291,116.38,141.1841,56.3327,243
444,200.0656,48816,116.85,279,115.75,141.062,56.9776,244
445,201.3292,48319,117.4875,267,116.78,140.8809,56.9269,240
446,196.6208,47189,116.0875,281,114.46,141.2506,57.3332,240
447,195.6762,47745,116.5125,265,115.66,141.2128,57.0598,244
448,191.9637,47607,116.3125,260,116.3,141.3004,56.9408,248
449,192.3264,46543,116.2875,278,116.54,140.9624,56.6999,242
450,189.3755,46397,116.5875,269,115.53,140.8891,56.562,245
451,188.5523,45064,115.7375,250,114.94,141.2114,57.1017,239
452,185.7769,44958,116.1875,251,116.35,141.0092,57.11,242
453,184.1925,48811,116.3125,240,115.74,140.5373,56.2477,265
454,183.918,44876,116.2,245,115.27,140.4921,56.3535,244
455,185.8926,44986,117.875,275,116.15,140.6972,56.3107,242
456,184.3852,44990,115.9375,247,115.29,140.4122,56.4151,244
457,182.368,45592,117.125,249,115.48,140.5653,56.3033,250
458,182.9187,44998,118.575,249,117,140.9265,55.7461,246
459,186.3431,44536,116.1375,254,116.32,140.6971,55.8797,239
460,185.6016,45658,117.0875,247,115.42,140.8542,56.6245,246
461,186.5246,45512,115.8375,248,115.34,141.234,56.5505,244
462,185.9315,46111,115.7625,255,115.64,140.7511,57.1732,248
463,186.6402,44607,116.0875,275,115.11,141.4847,56.5289,239
464,187.3806,46283,116.0875,253,116.16,140.846,56.5896,247
465,186.8375,44841,116.6125,251,116.44,140.8512,56.6402,240
466,189.2822,45617,117.4,248,116.27,140.8001,56.3629,241
467,188.4458,45227,116.525,271,115.39,140.8514,56.0983,240
468,188.4417,45226,117.725,263,115.59,140.8825,56.6948,240
469,186.6049,45345,116.1375,251,115.49,140.4042,56.7865,243
470,186.5208,44765,116.95,268,116.02,140.4029,56.9434,240
471,182.5659,47102,116.7625,248,116.16,140.3638,57.1943,258
472,183.7037,44640,116.2,254,116.5,140.8243,57.3804,243
473,184.7418,45077,115.5125,250,114.98,140.6299,56.7756,244
474,187.3976,46662,118.7625,277,117.48,140.623,56.4463,249
475,186.1137,47459,116.7,249,115.51,141.3003,56.578,255
476,187.502,45938,115.5125,261,115.85,141.04,56.414,245
477,187.9793,45491,116.1375,257,115.56,140.9344,56.7629,242
478,188.9878,46491,116.225,253,115.75,140.9399,56.5847,246
479,192.2439,47292,117.2625,255,116.38,140.8021,56.4658,246
480,194.9791,46600,115.1875,268,114.62,140.9158,57.0676,239
481,196.0482,48816,116.1,269,116.13,140.8238,56.3077,249
482,199.2594,47623,118.3625,266,116.31,140.9216,56.8878,239
483,200.2397,48458,116.2875,288,115.02,140.9042,56.9751,242
484,202.9583,48710,116.575,285,116.07,141.005,57.1179,240
485,204.4571,50092,116.3625,280,116.6,141.0002,57.3494,245
486,208.4691,50658,115.475,302,115.76,141.0665,57.4425,243
487,208.668,52793,116.8,301,116.81,141.0948,57.1067,253
488,213.4375,51225,115.0875,310,115.5,140.956,57.2743,240
489,209.976,52494,116.5,296,116.09,141.0133,57.2115,250
490,212.3817,51184,116.6125,309,115.51,141.3208,57.1982,241
491,209.2887,50020,116.5625,289,115.97,140.9792,57.5744,239
492,206.6773,51876,115.95,296,115.8,140.9758,56.9793,251
493,209.4919,51954,117.1375,291,116.04,140.6145,57.0493,248
494,215.6333,51752,117.1875,312,117.47,140.9325,57.3082,240
495,213.025,51126,116.1,306,115.49,140.6925,57.3969,240
496,214.5844,52144,118.2875,315,116.48,140.7754,57.2247,243
497,210.9057,51461,116.7625,297,116.3,140.9201,57.1473,244
498,213.284,51828,117.375,311,117.1,140.7201,57.1374,243
499,211.6556,51009,116.5375,297,114.97,140.7678,57.3254,241
500,210.8601,51239,116.55,313,116.22,140.7512,57.8372,243
501,208.0292,49927,115.4375,301,114.94,140.8667,57.3995,240
502,204.6148,49926,116.225,291,115.75,140.9597,57.1024,244
503,204.2389,50447,117.0875,283,116.71,141.0073,56.6556,247
504,203.9636,50379,116.9,290,116.67,140.9395,57.5154,247
505,201.1355,50485,115.575,290,115.85,140.8968,57.5574,251
506,199.9768,51794,115.0625,291,114.89,140.8202,57.0613,259
507,202.7178,48855,116.275,284,116.16,140.6765,57.266,241
508,201.7875,48429,115.5875,282,114.96,140.9408,57.0911,240
509,199.83,49358,116.5125,294,116.28,140.5049,56.9169,247
510,200.4694,49115,116.8375,276,115.45,140.6116,56.9544,245
511,198.5041,48038,115.65,272,115.3,140.8191,57.2384,242
512,197.028,49257,117.1,279,117.14,140.731,57.2352,250
513,197.4292,47383,115.6625,261,116.07,140.5752,57.4634,240
514,195.8041,47972,115.8125,278,115.04,140.527,57.2796,245
515,194.3292,47222,115.125,259,114.63,140.4414,57.4965,243
516,193.9918,47528,115.9625,258,114.96,140.7276,56.9414,245
517,191.7273,46398,115.6375,255,115.07,140.6685,57.579,242
518,188.9718,46865,114.25,276,113.9,140.5445,57.0613,248
519,188.4016,47854,116.1875,267,114.9,140.2956,57.2368,254
520,187.028,46757,116.45,250,115.59,140.6729,57.2588,250
521,186.6708,45361,116.7375,252,115.73,140.5845,57.1908,243
522,185.4269,48211,116.375,249,115.16,140.1393,56.9537,260
523,186.6735,45735,117.4,245,115.97,140.1335,57.2924,245
524,183.6583,44078,115.7375,248,115.46,140.4107,57.2058,240
525,181.6627,46324,114.8875,251,115.43,139.8558,56.548,255
526,180.5039,45848,116.025,237,115.2,140.4687,57.3509,254
527,181.8292,43639,116.1125,229,115.28,139.883,56.9134,240
528,181.029,43628,117,255,115.72,139.9575,56.6639,241
529,179.5968,44540,116.6,232,115.72,140.6733,56.7622,248
530,177.0489,47095,116.5625,231,116.5,140.1703,56.4673,266
531,178.8273,44528,117.05,227,115.65,139.9977,55.9709,249
532,176.8233,47035,117.15,236,115.85,139.8654,56.3248,266
533,177.483,47033,118.55,242,117.21,139.8549,56.2218,265
534,177.6083,42626,117.15,225,116.03,140.6862,57.3429,240
535,175.64,43910,116.425,229,116.06,139.5381,56.5113,250
536,174.1832,45636,117.7125,225,116.7,140.0063,55.9963,262
537,177.0894,43564,118.475,238,117.63,140.4843,56.1699,246
538,175.1847,43621,116.8375,219,115.77,139.9102,56.0738,249
539,174.214,42334,118.225,221,115.05,140.0845,56.4526,243
540,173.7126,45339,117,230,115.47,139.9884,56.1454,261
541,172.7581,42844,116.325,240,115.4,140.0302,56.8812,248
542,174.7371,43859,117.4,229,116.43,139.6756,56.6174,251
543,173.8571,43812,117.675,243,116.79,140.1229,55.8437,252
544,173.1612,41905,117.0625,224,116.23,140.0988,56.6265,242
545,173.0329,42047,115.8375,218,115.01,140.4156,57.497,243
546,174.096,43524,116.3,224,115.85,139.7682,56.0612,250
547,172.6573,42819,118.0875,225,117.02,139.8647,56.4386,248
548,172.3745,44645,117.5875,218,115.62,139.5157,56.0796,259
549,173.9247,41568,116.1625,226,114.58,140.4171,56.4303,239
550,173.1358,42072,117.4,218,115.79,140.2915,56.3231,243
551,171.2778,46245,116.6375,217,115.14,140.0292,56.6538,270
552,172.6808,44897,116.2875,220,115.51,139.9161,56.2987,260
553,173.5212,44942,119.025,210,117.34,139.7541,56.3669,259
554,172.2648,43583,117.0375,225,115.64,139.9074,57.0519,253
555,173.8238,42413,116.5625,222,116.19,140.8547,57.3424,244
556,175.3568,42261,116.8875,229,116.04,139.9553,57.0988,241
557,174.0492,45949,116.925,223,115.86,139.7792,57.3046,264
558,175.4431,44738,117.375,223,116.31,140.2753,56.4295,255
559,176.6846,42581,116.95,225,115.71,140.3604,57.5996,241
560,177.9221,43413,116.1125,221,116.27,140.0716,56.9022,244
561,177.8367,43570,116.8625,237,115.18,140.1955,56.7442,245
562,178.152,44538,115.8375,226,116.05,140.3771,56.2334,250
563,179.9292,43183,116.4375,241,116.17,140.3856,56.8155,240
564,179.0954,43162,116.8125,235,116.35,140.4934,56.8547,241
565,182.2428,44285,117.65,238,116.83,140.5616,56.8141,243
566,182.3195,43939,116.7,238,116.12,140.2091,56.7608,241
567,177.7821,45690,116.025,239,115.98,140.5262,57.5846,257
568,179.8299,43339,115.65,249,115.16,140.3595,56.7565,241
569,181.0369,44173,114.9625,249,114.55,140.4097,57.5952,244
570,180.2176,43072,116.175,231,115.48,140.2606,56.7544,239
571,177.5984,44222,115.9125,231,115.35,140.5637,57.3619,249
572,178.749,42721,117.4,235,115.96,140.4931,56.4553,239
573,179.8898,44073,116.775,253,115.04,140.3129,57.5093,245
574,176.6902,45056,113.9375,239,114.97,140.557,57.1766,255
575,179.0537,43331,117.2375,231,116.18,140.5475,56.1414,242
576,178.3871,44240,118.675,250,117.32,140.1754,56.2447,248
577,175,43400,115.95,231,115.93,140.1099,56.7207,248
578,176.2594,42126,116.55,263,115.47,139.7873,57.1246,239
579,175.4516,43512,117.8625,228,116.21,140.4786,56.8837,248
580,177.7521,43016,115.7,226,115.11,139.9636,56.5326,242
581,175.6667,44795,116.25,228,115.57,139.4698,56.2644,255
582,175.649,43034,115.8625,224,115.04,140.2781,56.4072,245
583,174.9,41976,116.4125,228,115.52,140.0648,56.9756,240
584,175.8042,42193,117.0625,225,116.72,139.6596,56.4721,240
585,175.3508,43487,117.35,241,114.86,140.1816,55.766,248
586,173.8857,42602,116.1625,224,114.49,140.3134,56.2968,245
587,173.3952,43002,116.9125,218,115.53,140.4975,56.0946,248
588,172.9388,42370,116.975,217,115.58,140.1834,56.211,245
589,174.5551,42766,118.8375,220,117,139.9101,56.1685,245
590,173.3252,42638,117.4875,238,115.31,139.8786,55.4706,246
591,171.7805,42258,117.225,226,114.59,140.3692,56.3069,246
592,172.8496,42521,116.8875,216,115.5,140.4441,56.4443,246
593,173.9876,42105,116.7875,224,115.43,139.9618,56.3137,242
594,173.6736,42029,117.5875,235,115.61,139.5222,56.8464,242
595,173.3086,42114,118.2125,255,116.25,139.6688,56.0731,243
596,174.376,42199,117.85,241,116.34,140.3684,56.2955,242
597,173.255,43487,116.4625,225,115.46,140.5513,56.8856,251
598,173.5798,44610,117,220,115.29,139.8435,56.4204,257
599,175.8163,43075,115.5,218,114.93,140.1472,56.5709,245
600,177.1975,43059,115.475,229,114.63,140.1783,56.296,243
601,176.6126,44683,116.9,236,114.91,139.5741,55.5081,253
602,177.1746,44648,117.45,244,115.74,139.755,55.5331,252
603,178.6569,42699,117.0625,249,114.97,140.6137,56.211,239
604,178.0709,45230,117.75,237,115.69,140.7102,57.3948,254
605,179.9393,44445,117.625,227,116.69,140.3258,56.3687,247
606,178.6805,43062,116.2,242,114.54,140.3466,57.1795,241
607,179.1037,43164,116.55,224,116.02,140.0204,56.6256,241
608,178.8228,45421,117.4375,237,117.14,139.7046,56.1185,254
609,177.49,44550,117.0375,230,115.13,140.2449,56.6091,251
610,176.6089,43799,115.425,234,114.78,140.465,56.1339,248
611,177.1923,46070,118.5875,226,116.8,140.7107,56.7555,260
612,176.8871,43868,115.625,237,115.16,140.0351,56.366,248
613,177.7347,43545,117.1625,239,115.66,140.48,57.2887,245
614,179.4939,44335,116.6,238,116.45,140.0401,56.3634,247
615,180.2116,43431,115.8625,241,115.12,140.4741,56.1644,241
616,183.3594,46940,117.05,241,114.75,140.1052,57.1433,256
617,183.4774,44585,115.05,242,115.05,140.5119,56.764,243
618,184.6556,44502,116.3375,251,115.63,140.4864,56.9907,241
619,183.0315,46490,116.3875,265,115.49,140.7455,56.5697,254
620,184.438,44634,117.925,245,117.28,140.3062,56.5017,242
621,184.622,45417,116.775,248,116,140.156,56.7923,246
622,183.7143,47582,116.5875,245,115.09,140.333,56.5547,259
623,182.9016,44628,117.0125,237,116.2,140.3715,57.1611,244
624,181.7255,46340,118.5625,243,117.53,140.3081,56.7595,255
625,180.523,43145,116.875,232,115.47,140.3178,56.5094,239
626,180.1028,45566,116.875,231,115.71,140.0077,57.8682,253
627,178.902,43831,115.7625,239,115.97,140.4731,56.4754,245
628,179.8033,42973,116.975,237,115.62,140.2356,56.6377,239
629,178.5333,42848,116.95,237,116.17,139.7388,56.5119,240
630,178.5432,43386,118.2125,249,117.32,139.9266,55.9639,243
631,178.02,44505,116.35,262,115.19,140.4309,56.5795,250
632,178.8893,43649,116.3,233,115.52,140.1177,57.0173,244
633,175.5992,43373,118.7875,234,117.28,141.0256,56.1688,247
634,176.0083,42594,116.0625,241,115.58,140.5441,57.4454,242
635,176.4408,43228,117.0125,233,116.27,140.6873,55.5559,245
636,174.6494,43837,118.0875,236,117.12,139.7016,55.997,251
637,174.5582,43465,117.25,224,115.52,139.4094,55.4003,249
638,174.0083,41762,118.4875,216,115.62,139.4136,56.1105,240
639,173.9558,43315,117.05,229,115.47,139.8952,56.5448,249
640,173.1968,43126,116.1625,230,115.6,140.7837,56.5984,249
641,173.0622,41708,116.775,228,115.9,140.4174,56.8004,241
642,173.4583,41630,115.5,217,115.12,140.3439,57.3557,240
643,175.296,43824,116.525,231,115.6,139.9876,56.5629,250
644,174.6939,42800,117.9625,220,117.02,140.6242,56.6753,245
645,174.876,42320,117.2375,230,116.29,139.9743,56.236,242
646,174.1875,41805,117.2375,225,115.66,140.2885,56.8055,240
647,172.7674,44574,115.3125,226,114.58,140.1006,55.8642,258
648,172.1076,43199,117.2125,226,115.97,140.5059,55.9172,251
649,171.9455,47285,117.5875,236,116.65,140.2651,56.3279,275
650,173.8889,43820,116.6125,223,115.71,140.1576,55.6542,252
651,175.9008,44327,116.45,223,115.85,139.7572,56.9345,252
652,177.9547,43243,116.5875,228,115.78,140.0054,55.8723,243
653,177.0956,44451,117.1875,238,115.17,140.4765,56.9163,251
654,178.2,42768,116.3625,234,115.27,140.4171,56.8019,240
655,176.918,43168,117.7125,237,116.83,139.1764,56.237,244
656,177.9754,43426,118.05,232,116.45,139.7653,56.2345,244
657,175.2131,42752,117.8,254,115.67,140.203,56.4448,244
658,174.8,43700,116.45,230,115.28,140.2461,57.1659,250
659,175.825,42198,116.6625,262,116.42,139.908,55.5854,240
660,174.1714,42672,115.7125,232,115.26,140.2284,55.6711,245
661,174.6311,42610,117.275,226,116.04,140.411,56.049,244
662,173.124,43281,117.8875,217,116.76,140.0815,55.9429,250
663,169.5054,47292,117.4,240,115.1,138.9637,55.0078,279
664,170.1102,43208,117.7375,219,116.32,140.2595,55.515,254
665,171.7375,44480,117.175,213,115.63,140.0151,55.0088,259
666,172.232,43058,116.95,216,115.64,139.8081,55.8714,250
667,170.3992,43963,118.5625,236,116.51,139.7767,55.7668,258
668,170.649,41809,116.3625,215,115.21,139.8517,56.0063,245
669,171.5318,45799,117.725,222,115.85,139.6502,55.1036,267
670,172.1125,41307,118.175,227,115.9,140.2206,55.3406,240
671,170.6627,43007,117.0375,214,115.34,139.3123,56.6585,252
672,172.0164,41972,117.425,230,116.6,140.2631,56.4947,244
673,171.25,41100,117.125,219,116.14,140.0143,55.8417,240
674,170.9718,42401,116.075,222,115.54,139.5989,55.8424,248
675,172.1803,42012,119.5625,218,117.15,140.123,55.5115,244
676,170.2073,41871,116.5375,226,114.93,139.6171,56.2388,246
677,171.1365,42613,117.2875,219,115.34,139.7753,56.4705,249
678,170.6281,41292,116.525,215,115.24,140.0634,56.5768,242
679,169.6693,43096,116.6375,220,116.26,139.3386,55.998,254
680,171.188,42797,118.0125,225,115.83,139.053,56.0984,250
681,170.793,43723,116.3375,215,114.5,139.6402,55.6043,256
682,170.8926,41356,117.8875,223,115.43,140.4899,56.5739,242
683,171.6529,41540,116.275,221,115.65,140.2474,55.3245,242
684,169.8953,43833,118.525,218,115.54,139.3675,56.1208,258
685,172.2008,41156,116.325,219,115.28,140.2809,57.0915,239
686,171.6513,44801,118.4125,216,117.58,139.8201,56.1823,261
687,173.0375,41529,117.275,223,115.76,140.5631,56.2155,240
688,172.8661,43908,115.8625,238,115.31,139.9082,56.9245,254
689,170.5784,45715,116.9,220,116.56,139.8255,56.7737,268
690,172.6824,44034,116.5625,225,115.82,139.1671,55.882,255
691,173.247,42792,117.3,224,115.16,140.6585,55.8221,247
692,175.9522,44164,117.375,225,115.8,140.5247,56.471,251
693,179.1417,42994,118.275,231,116.42,140.3179,57.9451,240
694,177.0813,43562,116.175,242,115.72,140.3676,56.3266,246
695,178.6653,44845,117.6125,231,116.13,140.7008,56.5122,251
696,179.1133,45853,115.7375,242,115.44,139.8222,57.2179,256
697,179.6286,44009,117.3125,227,115.9,140.001,56.4601,245
698,178.4498,44434,116.0375,233,114.97,140.7185,56.1078,249
699,178.0677,44695,117.9,243,116.59,140.0179,56.441,251
700,177.9038,46255,118.0625,241,116.46,140.1099,56.0083,260
701,182.4686,43610,117.55,245,116.25,140.5809,57.4349,239
702,179.977,46974,115.975,247,116.3,140.1878,56.5001,261
703,180.8606,45396,117.5,266,116.71,140.0993,56.1743,251
704,183.3659,45108,116.3375,252,114.64,139.8331,56.3444,246
705,186.6584,45358,118.6375,262,116.57,140.8615,57.4556,243
706,187.9665,44924,116.55,246,115.43,140.4581,57.0026,239
707,190.6762,46525,116.5125,262,116.21,140.286,57.027,244
708,194.626,47878,117.575,264,116.38,140.4311,56.9151,246
709,199.3347,48239,115.8625,282,115.29,140.7009,56.9236,242
710,203.0498,48935,115.9375,287,115.38,140.016,57.7666,241
711,208.9793,50573,116.825,307,116.47,140.8305,57.156,242
712,209.9139,51219,115.975,325,114.72,140.4638,57.597,244
713,214.9668,51807,116.3,320,115.62,140.6511,57.5927,241
714,219.917,53000,115.6125,332,116.04,140.7739,57.6388,241
715,224.3112,54059,115.175,346,115.94,140.5771,57.7506,241
716,226.6736,54175,115.0125,332,115.12,140.8483,57.7134,239
717,231.1292,55471,115.975,335,115.71,140.8622,57.7481,240
718,231.6598,55830,114.5,342,115.48,140.7133,57.5006,241
719,231.5708,55577,115.9125,342,115.72,140.763,57.5132,240
720,235.5875,56541,116.2125,357,115.98,140.4259,57.6771,240
721,240.6942,58248,117.3375,382,117.55,140.8365,58.0131,242
722,240.0617,58335,116.2375,384,115.55,140.7121,57.882,243
723,240.7842,58029,114.85,368,115.47,140.6802,57.8805,241
724,241.3482,59613,116.8375,373,116.67,140.6201,57.8173,247
725,239.1347,58588,115.3875,363,115.56,140.562,57.4814,245
726,241.219,58375,116.5625,364,115.65,140.7953,57.7928,242
727,241.3264,57677,116.4,361,116.12,140.5909,57.9435,239
728,237.0081,58778,116.2625,366,115.98,140.61,57.6164,248
729,240.0164,58564,116.5125,374,116.6,140.5258,57.8699,244
730,236.1036,59262,115.625,359,115.97,140.4774,57.5544,251
731,237.0502,56655,115.275,392,115.29,140.653,57.8001,239
732,233.9547,56851,115.5875,368,115.8,140.5246,58.0048,243
733,233.9917,56158,115.35,339,115.49,140.5975,57.656,240
734,236.0125,56643,115.1625,362,115.61,140.7064,57.5573,240
735,232.7942,56569,116.45,361,116.71,140.7561,57.8019,243
736,231.5314,55336,115.1375,355,115.08,140.7859,57.6348,239
737,227.8072,56724,115.0375,339,115.47,140.4328,58.2692,249
738,230.6777,55824,116.3625,340,115.92,140.5741,57.4754,242
739,230.4937,55088,116.85,364,116.32,140.6829,57.882,239
740,232.5542,55813,115.4625,355,114.93,140.8293,58.2299,240
741,231.0833,55460,114.9125,344,114.66,140.8433,57.9054,240
742,231.9672,56600,116.4,346,116.22,140.6539,57.767,244
743,235.0996,56659,116.1375,359,116.04,140.4738,57.965,241
744,233.5484,57920,116.525,344,116.98,140.7173,57.771,248
745,232.9665,55679,114.9375,345,115.62,140.641,57.4168,239
746,234.814,56825,116.9,344,115.79,140.4786,57.4509,242
747,237.849,58273,117.1125,360,115.77,140.8816,58.0007,245
748,237.7635,57301,116.325,359,116.13,140.5772,57.9717,241
749,241.6653,59208,114.95,383,114.92,140.7458,57.9896,245
750,243.4542,58429,115.8375,392,116.2,140.5378,57.5441,240
751,244.9545,59279,116.5125,362,116.46,140.8717,57.5763,242
752,247.3138,59108,115.9,379,115.44,140.6287,58.0014,239
753,247.39,59621,116.4375,372,116.63,140.6682,57.569,241
754,248.5607,59406,118.0625,381,116.85,140.958,58.2795,239
755,245.9243,61727,116.8875,371,116.49,140.5718,57.8994,251
756,247.8577,59238,114.7875,397,114.66,140.7286,57.792,239
757,247.7878,60708,116.05,383,115.97,140.8367,57.558,245
758,245.8174,59242,115.425,363,115.41,140.6836,57.6183,241
759,245.5369,59911,116.45,372,116.36,140.8301,58.1562,244
760,242.6098,59682,116.6375,359,116.25,140.8194,57.974,246
761,243.5702,58944,115.3375,382,115.16,140.7639,57.6392,242
762,243.7562,58989,116.45,390,116.37,140.7697,57.5977,242
763,243.3154,58639,116.125,394,116.08,140.7068,57.9817,241
764,241.6987,57766,116.1875,376,115.23,140.6484,57.6908,239
765,243.8589,58770,117.3875,373,117.51,140.7681,57.5451,241
766,237.6478,58699,114.9125,364,115.53,140.734,57.3819,247
767,236.6598,57745,117.05,372,116,140.7962,57.9552,244
768,235.3013,56237,116.7125,352,116.49,140.8258,57.4714,239
769,233.6446,56542,116.35,364,114.7,140.8294,57.4172,242
770,234.2542,56221,117.5375,343,116.02,140.6147,57.6999,240
771,231.4612,56708,115.275,343,116.22,140.9102,57.7256,245
772,232.7231,56319,116.125,352,116.02,140.8223,57.5531,242
773,232.1917,55726,116.5,374,116.21,140.6828,57.3466,240
774,232.6996,56546,115.6,339,115.22,140.8817,57.6176,243
775,235.4728,56278,117.6125,407,117.42,140.6678,57.4638,239
776,231.5673,56734,116.4625,375,116.35,141.0494,57.8334,245
777,233.5163,57445,115.2625,357,116.35,140.618,57.1717,246
778,234.0125,56163,118.6875,351,117.32,140.976,57.8208,240
779,234.5081,57689,115.775,351,115.9,140.6247,57.6846,246
780,232.7083,55850,114.8875,374,114.96,140.8357,57.7416,240
781,232.15,55716,114.9,339,115.67,140.7474,58.0374,240
782,232.1208,55709,116.95,373,116.77,140.7144,57.8396,240
783,232.4612,56953,117.1375,375,117.69,140.7936,57.716,245
784,231.1585,56865,117.325,378,117.13,140.7431,57.5621,246
785,230.6157,55809,114.35,346,115.4,141.1427,57.6856,242
786,233.0082,56854,115.7875,347,115.78,140.9261,57.5429,244
787,232.9833,55916,116.6625,344,116.67,140.997,57.4758,240
788,232.9878,57082,116.675,358,116.06,140.9607,57.6199,245
789,231.2845,55277,115.225,347,115.66,140.8247,57.4573,239
790,232.3862,57167,117.475,351,116.6,140.5814,57.5085,246
791,231.0167,55213,116.8125,350,116.49,140.5893,57.9052,239
792,230.5726,55568,116.375,342,116.53,140.7499,57.3838,241
793,224.2531,54045,116.375,331,116.42,140.6593,57.5819,241
794,220.9012,53679,115.2625,315,114.99,140.9138,57.7133,243
795,220.1102,53927,115.225,332,115.95,140.7921,57.7898,245
796,219.6141,52927,115.25,337,115.42,141.0862,57.7009,241
797,217.7344,52474,114.6125,322,114.93,140.7909,57.7534,241
798,215.7619,54372,116.975,313,116.79,140.7378,57.5304,252
799,215.4315,53427,116.35,309,116.1,140.9057,57.2462,248
800,218.084,54521,117.55,339,116.63,140.9292,57.3196,250
801,218.9306,53638,116.7125,305,115.97,141.0503,57.5926,245
802,215.3944,54064,114.875,324,115.17,140.9075,57.5501,251
803,214.8952,53294,116.475,315,116.03,141.018,57.0792,248
804,218.0753,52120,117.05,325,116.44,140.9586,57.5482,239
805,218.1275,54750,115.8,332,115.28,140.7485,57.3717,251
806,223.0502,53309,116.9875,331,115.84,140.6463,57.5275,239
807,222.1306,54422,115.1375,335,115.42,140.9319,57.5073,245
808,225.2667,54064,115.95,327,116.12,140.6546,57.3393,240
809,226.7746,55333,116.5875,330,115.54,140.973,57.4851,244
810,227.6911,56012,116.25,359,115.56,141.0655,57.3741,246
811,224.6179,55256,117.2625,354,116.42,140.7199,57.2709,246
812,228.1577,54986,116.925,338,116.13,141.0001,57.6203,241
813,224.8257,54183,115.5,342,114.9,140.8019,56.9808,241
814,227.1198,54963,116.275,347,115.38,140.6676,57.6238,242
815,224.5772,55246,115.525,362,115.13,140.7726,57.1068,246
816,227.0042,54254,116.4375,353,115.79,140.9385,57.3636,239
817,228.6138,56239,117.6375,359,116.53,141.3516,57.6828,246
818,227.9342,55388,116.5625,333,116.64,141.2979,57.4146,243
819,228.5726,55086,116.0875,372,116.05,141.0027,57.2341,241
820,232.0041,56145,114.675,385,115.4,140.8305,57.3634,242
821,233.2887,55756,116.6875,354,116.08,141.0765,57.5231,239
822,233.0579,56400,116.2625,356,117.56,141.0928,57.3522,242
823,232.5353,56041,115.975,363,115.3,141.2013,57.0394,241
824,230.7552,55612,115.5625,341,115.18,141.0867,57.2902,241
825,228.0738,55650,115.95,352,115.98,141.3042,57.1179,244
826,226.6017,54611,117.1875,370,117.19,141.0515,57.4717,241
827,223.2448,53802,117.7,318,116.86,141.1832,57.2707,241
828,218.7631,54472,117.25,318,116.88,140.8854,57.4759,249
829,216.8306,52473,117.0875,305,116.51,140.967,57.6065,242
830,215.2929,51455,115.6,314,114.95,141.0806,57.7646,239
831,214.0939,52453,115.65,334,116.02,140.9023,57.9229,245
832,213.0864,51780,115.9375,330,115.7,141.0171,56.989,243
833,211.1375,50673,115.5,311,115.12,141.0707,56.9747,240
834,207.791,50701,116.2,301,116.04,140.9779,57.3343,244
835,202.5188,53870,116.4875,289,116.12,141.0605,57.2203,266
836,205.7033,50603,118.3,285,117.17,141.1973,57.6631,246
837,202.7866,48466,115.775,279,116.09,140.7342,57.2956,239
838,198.1046,47347,117.075,273,115.11,140.7558,56.9922,239
839,195.751,47176,117.45,273,116.14,140.6284,56.47,241
840,192.65,46236,117,279,115.53,141.1111,56.5336,240
841,190.9959,46030,115.125,290,115.32,140.7709,56.9781,241
842,187.4435,44799,116.45,247,116.34,140.3616,56.5632,239
843,185.1269,48133,116.4375,254,115.46,140.885,57.3259,260
844,186.4049,46042,117.775,263,116.49,141.2801,56.0053,247
845,181.9567,46217,117.575,249,116.01,140.32,56.8623,254
846,181.4049,44807,116.525,240,115.57,141.004,56.8345,247
847,179.4685,45585,116.3875,234,116.36,140.8012,56.2743,254
848,177.1882,45183,117.5375,234,116.43,140.8075,56.5748,255
849,178.5469,45708,116.075,237,115.97,139.9941,55.6549,256
850,177.9405,44841,115.75,232,114.85,140.3593,56.3293,252
851,177.6,42624,118.1,240,116.31,140.7542,56.3201,240
852,175.2177,43454,115.8,232,115.15,140.9888,55.578,248
853,176.1673,43161,117.1,240,116.31,140.6077,55.2736,245
854,175.832,42903,118.3625,218,115.75,140.6506,55.1121,244
855,175.4672,42814,117.8,254,114.73,140.3544,55.8785,244
856,175.9537,45572,118.675,225,116.53,140.565,55.5306,259
857,173.5246,42340,117,226,115.9,140.5903,55.5098,244
858,173.2727,41932,117.025,219,115.8,140.4667,56.2944,242
859,173.05,41532,116.7875,223,115.16,140.6991,56.5281,240
860,173.1458,41555,116.975,217,116.31,140.6804,54.9704,240
861,173.2116,41744,119.1875,216,116.68,140.4893,55.2312,241
862,172.1942,41671,117.9375,235,115.07,140.3159,55.8422,242
863,172.0833,41300,117.1125,218,115.72,140.5908,56.3386,240
864,172.4794,46052,118.5,224,116.67,140.262,55.9464,267
865,172.1385,44756,118.7625,222,117.64,140.3764,54.5129,260
866,171.1613,42448,117.6875,216,116.6,140.2234,55.6783,248
867,170.3251,41389,118.1625,224,115.79,140.6542,56.1948,243
868,170.2158,41022,117.3625,216,115.8,139.9695,56.3521,241
869,171.1075,47739,118.6125,226,115.95,139.3977,54.6754,279
870,171.9268,42294,119.2,235,117.35,139.8448,54.6683,246
871,170.5591,43322,118.0125,211,115,140.9045,54.053,254
872,169.4071,42860,117.5875,210,114.85,140.4943,55.2018,253
873,172.8402,42173,117.675,221,116.03,140.3659,54.1871,244
874,169.1952,42468,118.35,211,115.74,140.4492,54.7486,251
875,171.127,43124,118.5625,232,115.9,140.4143,54.9953,252
876,168.2892,48299,117.1875,217,116.04,139.8797,54.2903,287
877,169.6118,43251,120.3125,218,117.14,141.1745,55.2398,255
878,167.8621,43812,118.6,209,116.07,140.5372,55.3339,261
879,170.1551,41688,117.3,230,115.94,141.0569,54.4263,245
880,169.0806,41932,117.9,213,115.45,139.7619,54.4202,248
881,171.4542,41149,120.95,214,116.27,140.4405,55.3478,240
882,169.5608,43238,118.0375,218,116.07,140.889,54.4297,255
883,170.572,46225,118.725,216,116.46,140.4316,55.1363,271
884,168.2213,42560,117.6875,223,115.37,140.1447,55.3683,253
885,171.1088,40895,117.3375,226,115.84,140.474,54.2323,239
886,169.2984,41986,117.9375,211,114.88,140.3799,55.269,248
887,171.0586,40883,118.7625,214,116.4,140.0185,55.1901,239
888,168.9727,43257,117.775,226,116.07,140.353,54.6258,256
889,171.1508,43130,118.825,207,117.33,140.7991,55.5006,252
890,169.3,44018,118.1375,216,116.18,140.6432,55.8443,260
891,168.5041,40778,118.4625,212,116.08,140.731,55.9234,242
892,167.8021,47488,118.0875,214,116.11,140.4196,55.0743,283
893,169.6449,41563,117.6875,229,115.56,140.9504,55.3716,245
894,168.7222,42518,118.175,206,115.47,140.9248,55.3962,252
895,168.1705,44397,119.175,230,115.72,141.0559,55.5975,264
896,167.992,41830,117.7375,215,117.05,141.1169,54.9266,249
897,169.7143,41580,118.6,213,116.56,141.1353,55.5759,245
898,168.7326,43533,116.725,204,116.16,141.2403,54.7414,258
899,168.3421,44779,117.3,209,115.65,140.7997,53.6995,266
900,167.4472,41192,118.175,220,115.33,140.0036,53.2753,246
901,168.7918,45405,119.7125,207,116.41,140.508,53.8964,269
902,168.8383,44911,119.625,230,116.77,140.6246,53.8886,266
903,168.3605,43437,118.675,203,115.88,140.7308,53.5357,258
904,166.6713,48168,118.9,222,115.48,140.3763,53.4996,289
905,168.1916,43898,118.4875,208,115.89,140.6121,53.1862,261
906,168.2625,43580,118.9,217,114.9,140.8295,53.9466,259
907,170.0165,41314,118.875,226,115.75,140.8386,54.263,243
908,167.0455,44100,119.55,228,116.22,140.984,55.2315,264
909,168.3239,41576,117.2125,210,115.58,140.5323,54.9544,247
910,168.5105,40274,117.525,217,115.64,140.9703,55.5634,239
911,169.2449,41465,118.45,213,115.55,141.536,54.8249,245
912,168.36,42090,117.225,207,115.75,140.9377,54.1431,250
913,168.7791,43545,118.575,213,116.37,140.4528,53.8038,258
914,167.239,45489,117.85,222,116.76,139.7505,54.2441,272
915,167.992,41998,120.0375,213,115.81,140.4843,55.6684,250
916,167.6215,42073,117.0625,208,115.09,141.6311,54.3764,251
917,167.7258,41596,118.1625,208,114.95,141.1172,55.188,248
918,169.1369,40762,116.5625,212,114.9,140.7731,54.5947,241
919,167.6299,42578,117.3875,226,114.94,141.0399,54.7736,254
920,168.0235,42846,116.525,210,114.9,141.2969,54.3959,255
921,169.5703,43410,118.375,221,115.72,141.0938,54.6318,256
922,171.278,41278,118.05,216,116.03,140.6634,53.8192,241
923,169.0977,44980,119.4625,212,117.18,140.4725,53.8108,266
924,169.6163,41556,118.325,231,115.63,141.5377,55.3509,245
925,168.2105,41548,117.025,209,115.28,141.4315,54.6031,247
926,168.413,41598,116.8375,213,115.36,140.3178,55.7218,247
927,169.9802,43005,117.8375,215,115.29,140.0976,54.8453,253
928,169.2375,40617,117.0875,208,115.42,140.3375,55.0461,240
929,167.5093,45060,119.65,213,116.08,140.441,53.831,269
930,169.24,42310,119.2625,211,116.31,140.8229,53.7394,250
931,167.8932,47178,118.0625,206,115.3,141.1004,54.3898,281
932,169.132,42283,117.475,215,116.6,140.9503,54.1429,250
933,170.4601,44831,119.3375,213,116.67,140.1735,53.6711,263
934,168.2649,45095,119.575,211,116.19,139.9,53.135,268
935,168.4846,43806,119.6,209,116.37,141.1719,54.2459,260
936,168.5354,42808,118.175,209,115.37,140.5605,54.1774,254
937,168.992,42248,117.15,216,115.64,141.5455,53.6077,250
938,167.4254,44870,118.475,221,116.64,141.6643,54.4577,268
939,169.2632,41808,118.7125,208,115.56,141.3273,53.5514,247
940,170.14,42535,119.15,214,116.32,140.9356,54.3068,250
941,167.8,46145,117.325,219,114.83,140.8859,54.9577,275
942,169.7667,40744,118.9875,212,115.57,140.7271,54.3075,240
943,169.0941,43119,118.6125,209,116.48,141.5518,54.602,255
944,168.2879,43250,117.9,217,115.15,140.8354,55.7013,257
945,170.9421,41368,118.0625,217,116.58,141.1272,54.775,242
946,169.2702,41979,119,211,116.49,140.9852,54.481,248
947,170.7364,40806,119.4875,222,115.7,140.879,55.4257,239
948,168.5775,43493,117.475,221,114.97,140.44,54.083,258
949,169.4561,40500,118.55,207,116.65,141.0859,54.3587,239
950,167.6694,41582,117.5875,227,116.55,141.2196,53.7678,248
951,169.4108,40828,117.7375,215,115.9,141.2552,52.9128,241
952,168.824,42206,118.8875,212,115.62,140.3612,54.5301,250
953,168.8893,42729,117.2625,210,116.37,139.7807,54.4876,253
954,168.8889,41040,119.5375,217,116.09,140.5894,53.3762,243
955,167.8765,42137,119.5375,226,116.28,140.8133,54.2867,251
956,168.8069,43721,118.9125,223,116.4,140.3372,55.0031,259
957,167.2169,45483,117.55,203,115.26,140.2043,54.0287,272
958,167.7552,40429,117.825,206,115.52,140.7901,53.5112,241
959,167.7355,40592,117.6125,203,114.78,141.4141,54.584,242
960,168.2387,40882,118.275,210,115.99,140.9861,55.1909,243
961,167.796,41949,117.6375,207,115.17,140.9861,55.4605,250
962,167.5303,44228,118.9375,222,116.52,141.0295,53.7805,264
963,166.3872,44259,118.1125,211,115.52,140.8273,52.797,266
964,168.4319,43287,120.2625,213,116.55,141.6168,53.7233,257
965,167.1569,42625,117.4125,209,114.91,140.9011,53.2792,255
966,167.566,44405,119.6625,213,116.7,140.543,53.5965,265
967,167.7548,43784,117.2875,212,115.31,141.1641,53.7224,261
968,166.2962,47727,118.8125,204,115.67,140.8036,53.4322,287
969,168.24,42060,121.0625,227,116.79,141.1461,54.3079,250
970,168.6763,40651,118.8875,209,115.68,140.8001,54.9322,241
971,166.7066,43177,116.7625,208,115.21,140.6967,54.5053,259
972,167.0842,45614,118.175,219,115.45,140.0782,54.2453,273
973,166.7356,43518,118.3625,212,115.27,140.0605,54.9593,261
974,166.4474,44275,118.6875,216,116.83,140.7804,55.0236,266
975,167.496,42209,118.475,202,116.51,141.5513,53.8615,252
976,166.2962,43237,119.75,220,116.19,140.9263,54.7663,260
977,165.9014,47116,117.225,240,115.8,140.3954,54.5126,284
978,168.3049,41403,117.5,214,115.87,140.3013,53.8905,246
979,166.0811,43015,118.3625,211,115.58,139.9838,54.2853,259
980,166.3333,42415,119.8,221,114.78,140.0085,54.0153,255
981,167.3227,41998,119.35,218,115.84,140.6327,53.8051,251
982,167.5141,41711,118.95,218,116.12,140.6483,53.4247,249
983,165.7237,42591,118.4375,200,114.66,139.987,54.6054,257
984,165.6409,42901,118.9,210,115.81,141.0329,54.5814,259
985,166.2879,42736,118.4875,208,115.92,140.9041,54.0097,257
986,167.919,41476,119.0125,207,116.08,140.8328,53.7097,247
987,167.0498,43600,118.0375,217,115.25,140.2388,53.6162,261
988,167.916,41979,120.1125,216,116.19,140.0985,53.4126,250
989,165.698,40596,119.0125,219,116.5,141.2688,55.414,245
990,165.1264,43098,118.275,209,116.54,140.6406,55.0148,261
991,166.5466,41137,117.65,213,116.36,140.0915,54.2075,247
992,167.5736,43234,117.775,217,116.04,140.0802,53.8303,258
993,168.3569,42931,118.9375,209,116.38,140.2554,53.7485,255
994,167.5179,42047,119.8625,211,115.35,139.8866,54.4976,251
995,166.0309,43002,119.2,206,116.08,139.8772,54.412,259
996,165.3764,44817,119.8125,209,116.09,140.4327,54.5671,271
997,166.5975,40150,118.775,203,117.03,140.5024,54.2912,241
998,165.2561,40653,118.2375,207,115.43,140.2024,54.953,246
999,165.5216,42208,117.1375,209,115.7,140.8501,55.4162,255
1000,166.0859,42518,118.5875,209,117.03,141.3912,53.3151,256
1001,165.2996,42482,118.2125,224,114.61,141.1933,54.3977,257
1002,167.5645,41556,117.4125,214,114.49,139.9139,55.5602,248
1003,166.4163,42769,118.0125,215,115.56,139.8719,54.6126,257
1004,165.2874,41983,116.85,206,115.15,141.4447,54.2671,254
1005,166.2167,39892,117.35,210,115.11,141.4051,55.0271,240
1006,166.0373,40015,117.5875,204,116.3,141.6848,55.6147,241
1007,164.5944,47074,117.3125,204,116.65,141.0392,54.2202,286
1008,166.964,41741,117.3,208,116.46,140.2205,53.3134,250
1009,166.2332,42057,118.925,202,116.16,141.1935,53.5836,253
1010,166.0305,43500,119.6625,200,116.25,140.5785,53.8063,262
1011,166.768,41692,118.4875,203,115.95,140.9188,53.0905,250
1012,165.9294,44635,120.175,235,116.16,140.5485,53.4534,269
1013,165.8966,43299,118.9375,208,114.91,140.819,54.3311,261
1014,165.5234,42374,119.0875,201,116.9,141.168,54.5687,256
1015,166.0926,44845,116.6,208,115.4,140.5045,53.8235,270
1016,167.5685,40384,119.8,232,116.67,141.1553,54.3772,241
1017,166.3024,41243,116.2875,211,115.35,140.5631,55.5279,248
1018,166.9132,40393,117.2,205,115.03,140.5433,55.1489,242
1019,166.2684,45225,118.0125,209,116.04,140.277,54.2424,272
1020,166.1208,39869,118.7625,205,114.82,140.0716,54.9612,240
1021,167.35,40164,118.2375,226,116,140.1255,53.6886,240
1022,164.9865,49001,118.725,212,115.34,140.6838,52.7774,297
1023,166.175,39882,118.8375,209,115.21,141.4174,54.7064,240
1024,165.2162,42791,116.85,200,115.29,140.7979,56.2256,259
1025,167.366,44352,118.0375,224,116.9,139.8754,55.1322,265
1026,165.5433,47842,118.725,211,115.62,139.7684,53.6411,289
1027,166.8913,46062,121.4125,217,116.69,140.0959,53.6423,276
1028,166.7572,40522,118.7125,208,115.13,140.6226,53.1765,243
1029,166.4048,41934,119.475,228,116.04,140.2592,54.6917,252
1030,166.537,42800,118.675,217,116.28,140.4104,55.2778,257
1031,166.8745,42553,118.85,216,116.53,140.6984,55.613,255
1032,168,41664,118.2375,208,116.12,140.518,55.7545,248
1033,168.2025,40705,117.0625,210,116.23,140.2186,53.5175,242
1034,169.749,41249,118.95,206,115.53,140.3262,53.8602,243
1035,169.6245,41558,119.7,198,115.48,140.5372,55.1381,245
1036,168.8359,44235,118.7375,222,115.91,140.9613,54.0565,262
1037,169.1279,43635,119.15,220,114.87,141.3543,54.2151,258
1038,166.6165,44320,117.65,201,115.67,141.0505,54.9353,266
1039,165.9384,48454,116.8125,217,115.7,140.4956,55.3719,292
1040,169.0628,40406,116.8375,213,116.59,140.4316,54.9835,239
1041,168.8618,41540,117.4,217,114.83,140.0229,55.4547,246
1042,166.3669,46250,119.0625,215,116.45,139.5672,54.8022,278
1043,166.7176,43680,117.075,208,114.94,140.5104,53.9583,262
1044,167.4889,45222,119.7875,214,117.27,141.3409,53.5833,270
1045,168.012,41835,117.375,207,115.23,140.6487,54.1645,249
1046,166.1843,42377,118.1625,213,116.06,140.4131,55.1021,255
1047,166.8672,42718,117.8875,200,115.21,140.2746,53.8101,256
1048,167.07,40598,118.5125,213,116.24,140.1406,53.2902,243
1049,165.6953,46229,119.8375,207,115.36,140.7419,54.2818,279
1050,167.2731,43491,117.8125,212,115.29,140.1425,55.1526,260
1051,167.3333,40160,118.1,213,115.63,140.9103,54.1736,240
1052,167.2996,42996,118.2375,221,115.24,140.7308,53.3228,257
1053,165.1167,42435,119.4,203,115.75,140.0405,54.279,257
1054,165.8633,42461,119.5625,213,116.15,140.2294,53.3152,256
1055,164.8779,43198,118.65,208,115.57,140.8607,53.8507,262
1056,166.9465,40568,119.5,211,116.64,140.0035,55.1116,243
1057,167.8689,40960,117.8,202,116.16,140.4405,54.9784,244
1058,166.2636,42896,118.425,208,116.03,140.644,54.6582,258
1059,165.7311,43753,116.725,208,116.45,140.6366,54.0342,264
1060,166.9723,42244,119.475,221,115.94,140.1803,54.383,253
1061,166.126,42196,120.175,206,116.68,139.5711,54.939,254
1062,166.5245,44129,118.6125,208,115.89,139.8893,53.5898,265
1063,165.4813,44349,118.4375,204,116.17,139.9544,53.042,268
1064,167.3538,43512,119.75,222,116.46,139.7547,53.2326,260
1065,165.9205,43803,120.1,205,116.36,139.7759,55.3401,264
1066,167.0492,40760,117.4375,221,115.08,140.4138,54.4783,244
1067,166.9286,42066,118.55,226,116.12,139.745,54.7614,252
1068,166.277,46225,120.5125,206,117.06,140.1759,54.3182,278
1069,166.7178,40179,117.8625,206,114.9,140.2464,55.0787,241
1070,168.8745,40361,118.2375,213,115.52,140.0926,56.355,239
1071,165.0943,40283,118.15,207,116.4,140.4228,55.4419,244
1072,166.7339,41350,117.8125,205,115.4,140.9413,54.441,248
1073,165.9225,42808,119.55,206,116.37,140.881,53.9169,258
1074,164.4524,41442,117.925,197,115.78,140.2552,53.7236,252
1075,164.8164,42193,118.4375,215,114.5,140.5364,53.9197,256
1076,166.4251,41107,118.8125,205,116.41,140.4534,54.2113,247
1077,167.696,41924,119.7625,210,117.14,139.7929,55.1683,250
1078,166.3519,44915,118.6875,207,116.33,139.594,54.6328,270
1079,164.439,47194,116.5375,207,115.13,139.251,52.6608,287
1080,165.5772,40732,119.8875,205,116.51,138.8648,53.4426,246
1081,164.9139,40239,120.9625,208,116.31,140.6438,53.0203,244
1082,166.145,44693,120.9375,202,117.08,140.9936,53.6623,269
1083,165.6598,39924,117.7375,200,115.5,140.5383,53.158,241
1084,164.7057,43647,119.2875,224,116.24,140.4566,54.5628,265
1085,165.8402,40465,118.7,200,116.46,140.347,54.3047,244
1086,165.1206,42436,117.5375,215,115.29,140.1257,53.5718,257
1087,165.6542,39757,117.3,211,115.28,139.4981,55.1111,240
1088,166.0522,41347,117.425,205,114.54,139.4819,55.1088,249
1089,166.4528,42279,117.8875,213,114.23,140.0929,53.6103,254
1090,164.1714,45968,118.475,203,114.54,139.8171,54.4825,280
1091,164.8306,40878,118.25,204,115.33,140.5949,55.5685,248
1092,166.375,39930,116.8625,207,115,140.7878,54.699,240
1093,165.6732,42081,118.8375,214,115.54,140.4808,54.4452,254
1094,163.7993,48976,118.65,198,115.49,139.7074,53.8002,299
1095,165.8667,39808,119.075,205,115.07,139.6856,53.1721,240
1096,164.2645,45337,119.75,212,115.04,139.5059,53.625,276
1097,166.3984,41766,120.6375,201,115.93,140.3954,54.7397,251
1098,168.156,42039,119.9,203,116.43,140.3353,54.7941,250
1099,162.8375,45106,117.9,203,116.34,140.5484,55.7609,277
1100,166.9752,40408,117.6,208,116.06,140.0628,54.5821,242
1101,164.4091,43404,117.1375,197,115.42,140.4826,54.1102,264
1102,167.5679,40719,118.375,208,115.42,139.8947,55.2422,243
1103,166.6353,42492,119.0125,202,116.3,140.0088,53.833,255
1104,165.3347,40507,118.6375,211,116.5,140.9367,54.3948,245
1105,164.8339,44670,118.6875,207,115.73,140.7232,53.899,271
1106,165.3945,42341,117.525,204,115.39,140.1072,52.8568,256
1107,163.7665,42088,118.975,207,115.57,139.5847,54.7808,257
1108,165.6354,47703,119.875,210,117.14,139.5911,54.6113,288
1109,165.5608,42218,118.175,208,115.87,140.065,53.9762,255
1110,165.7828,40451,118.1875,204,115.91,140.109,53.4421,244
1111,166.2863,43567,119.7,220,115.86,140.1393,53.6554,262
1112,167.2915,41321,118.7,203,116.23,140.2815,53.3893,247
1113,166.2336,40561,119.4125,212,116.35,139.8971,53.5416,244
1114,164.7138,44308,118.0625,203,115.58,139.4692,54.2976,269
1115,165.9758,41162,118.2,223,114.85,139.859,53.4914,248
1116,164.0433,45440,120.85,205,116.27,140.5822,53.4344,277
1117,164.7778,43007,120.2,214,115.77,140.6676,54.6255,261
1118,167.2427,39971,117.775,217,117.29,140.0893,54.9089,239
1119,166.8379,42210,117.8875,206,115.28,139.6887,54.1256,253
1120,166.5632,43473,119.2125,210,115.41,139.6276,56.1759,261
1121,166.5451,44301,119.3,205,116.59,139.8111,56.1348,266
1122,168.7759,40675,118.3375,212,116.79,140.1777,55.5337,241
1123,167.9262,40974,116.525,209,114.97,141.1024,54.6725,244
1124,168.8233,42037,116.725,205,115.56,140.5407,54.9954,249
1125,170.9065,42043,118.6,215,115.98,139.8089,56.2728,246
1126,173.3203,44370,118.4375,217,117,140.401,55.3626,256
1127,170.9246,43073,117.6125,222,116.67,139.9048,56.3995,252
1128,172.3633,44125,118.25,222,115.56,140.4724,57.3231,256
1129,171.7756,43631,115.6375,227,114.76,140.1922,55.6626,254
1130,173.3527,41778,116.3625,221,114.41,140.6748,54.2649,241
1131,171.3602,44725,118.4,227,115.72,140.9877,54.7734,261
1132,174.5391,42413,118.8625,225,116.45,140.5761,55.9364,243
1133,174.682,41749,116.125,223,115.38,140.5803,56.1157,239
1134,174.4291,43084,116.5625,233,115.25,140.8644,55.3489,247
1135,176.1364,42625,118.1125,242,116.55,140.8463,55.7355,242
1136,175.1787,46072,118.425,232,116.45,140.6363,55.1315,263
1137,175.3668,45420,117.625,230,115.88,141.5826,56.3875,259
1138,177.5122,43668,116.2,223,115.24,140.8292,56.0212,246
1139,176.502,43949,117.4125,226,116.25,141.259,55.6917,249
1140,177.3765,45231,116.4875,237,114.94,140.8828,55.5563,255
1141,176.7362,44891,116.4,237,115.24,140.6957,55.9543,254
1142,174.4024,42903,118.025,218,115.56,140.2772,56.376,246
1143,173.8706,44337,116.6125,215,115.18,140.5287,56.7156,255
1144,173.6016,44442,115.2875,241,115.51,140.1273,55.954,256
1145,172.1287,46819,118.4625,227,117.07,139.903,54.5891,272
1146,174.4042,41857,117.75,237,114.97,140.1651,56.3637,240
1147,174.1066,42482,116.95,219,115.17,140.3204,56.2346,244
1148,175.3651,42263,116.5625,230,115.54,140.3478,55.8108,241
1149,173.6802,42899,116.125,244,115.26,140.5199,55.2927,247
1150,173.5863,48257,118.45,230,116.77,139.8051,55.6664,278
1151,178.9458,42947,116.4,234,115.02,140.7626,56.6672,240
1152,181.0445,44718,115.8875,233,115.5,141.0511,56.4179,247
1153,180.7573,43201,115.05,242,114.93,140.6469,56.4761,239
1154,180.6667,44444,116.975,247,115.3,140.4474,55.419,246
1155,178.9892,49580,116.4875,242,115.2,140.4239,55.5378,277
1156,180.0203,44285,115.4125,244,115.28,140.8952,57.1026,246
1157,177.4436,45603,116.425,242,115.93,140.7122,56.5744,257
1158,177.0079,44783,116.3375,236,115.99,140.7333,55.444,253
1159,176.2387,42826,117.975,236,115.86,139.9946,56.7983,243
1160,176.4308,44637,116.675,236,115.63,140.3932,55.7202,253
1161,175.1774,43444,117.375,232,115.19,140.5286,55.4798,248
1162,174.4901,44146,118.1875,218,116.58,140.6425,54.7858,253
1163,174.5802,42423,117.95,224,116.27,140.0374,54.0627,243
1164,171.5156,43908,117.675,225,115.6,140.233,55.2665,256
1165,173.6515,41850,118.4125,226,115.83,139.937,55.5465,241
1166,174.0816,42650,117.675,225,115.17,140.6581,56.0912,245
1167,174.6504,42964,116.3,234,115.04,140.8994,55.8536,246
1168,177.1042,42505,117.125,228,115.44,140.4377,56.2386,240
1169,179.2591,44277,116.725,245,115.25,140.2542,55.9009,247
1170,184.3583,44246,117.4,269,116.67,140.5765,56.6027,240
1171,185.3633,45414,117.275,239,116.44,140.974,56.0116,245
1172,190.2678,45474,117.525,262,116.02,140.5534,57.2463,239
1173,193.2521,46767,116.1125,266,116.1,140.777,57.2154,242
1174,196.2082,48071,117.2375,305,116.27,140.8439,57.4343,245
1175,199.9036,49776,117.0875,285,116.84,140.8062,56.9862,249
1176,200.9218,48824,115.1875,291,114.33,140.8202,57.6548,243
1177,203.418,49634,116.1625,293,115.98,140.4917,57.5611,244
1178,202.2582,49351,114.3625,303,114.57,140.9507,57.528,244
1179,203.3138,48592,116,290,115.66,140.6834,57.9592,239
1180,209.917,50590,114.65,302,114.76,141.0926,57.4906,241
1181,214.0962,51169,115.0125,308,115,140.5465,57.4132,239
1182,216.8531,53129,116.4125,352,114.73,141.1293,58.2459,245
1183,220.5246,53808,115.1375,323,114.76,140.9936,58.3391,244
1184,223.9918,54430,117.525,361,117.21,141.1643,58.0726,243
1185,228.6736,55339,115.675,339,115.42,140.7886,57.7134,242
1186,228.3224,55939,115.7625,345,116.01,141.1783,57.7701,245
1187,230.5816,55109,114.5375,361,115.1,140.8012,58.0161,239
1188,230.1148,56148,115,347,115.72,141.1207,57.768,244
1189,228.343,55259,115.55,340,115.51,141.2044,57.6015,242
1190,224.4149,54084,115.4125,359,115.66,141.1479,57.6575,241
1191,227.8159,54448,115.4,355,115.29,141.2815,57.2833,239
1192,227.8996,54468,116.4125,375,115.81,140.9467,57.8231,239
1193,226.2869,55214,115.7125,345,115.57,141.189,57.5864,244
1194,226.2614,54529,115.4125,354,116.29,140.9004,57.2172,241
1195,223.5529,57006,116.35,334,115.7,141.1429,58.0893,255
1196,225.0247,54681,115.3375,342,115.4,140.9993,57.9749,243
1197,222.6917,53446,115.65,347,115.75,140.9561,57.5831,240
1198,223.5565,53430,116.4625,339,116.59,141.1404,57.2181,239
1199,220.166,53060,114.9,344,116.14,141.1584,57.1677,241
1200,215.5,53444,116.425,333,116.32,141.1087,57.0563,248
1201,212.8958,51095,115.1,309,115.34,141.1074,57.3397,240
1202,207.6515,50044,115.2625,299,115.3,140.8327,57.6245,241
1203,205.3251,49894,116.25,291,116.36,140.8222,56.6042,243
1204,202.1506,48314,116.8375,308,115.73,140.6036,56.9317,239
1205,200.1579,49439,115.9375,299,115.37,141.0753,57.1864,247
1206,200.1789,49244,116.075,288,115.18,140.7333,56.7794,246
1207,200.5732,49341,115.5625,296,115.27,140.8556,57.3623,246
1208,201.5904,50196,115.675,287,115.29,140.5794,57.4133,249
1209,201.2782,49917,116.1,297,114.43,141.1833,56.9221,248
1210,203.7695,49516,116.3625,297,116.15,140.848,56.7551,243
1211,201.5851,48582,115.0625,305,114.59,140.4433,56.798,241
1212,201.918,49268,115.8875,307,115.4,140.6798,56.3671,244
1213,203.4708,48833,115.5625,294,114.26,141.0897,56.6981,240
1214,201.9368,51090,115.4,301,115.05,140.9597,57.3061,253
1215,201.1984,49696,115.5375,287,114.99,140.864,57.0619,247
1216,200.1815,49645,115.6125,280,115.51,140.8984,56.9348,248
1217,197.5556,49784,115.4625,272,114.53,140.9043,56.7709,252
1218,197.8828,47294,117.0625,275,115.62,140.6895,56.6835,239
1219,194.3983,46850,117.05,266,116.16,140.8495,56.3286,241
1220,191.8226,47572,117.9125,264,116.53,140.5863,56.106,248
1221,192.4017,45984,118.075,264,116.14,140.2233,56.8573,239
1222,189.7542,45541,116.1375,280,115.68,140.6309,56.5896,240
1223,187.4711,45368,117.3,262,115.65,141.0175,56.8857,242
1224,187.1725,47729,116.0125,258,115.87,140.8355,55.6459,255
1225,187.6898,45984,117.8125,248,116.79,140.2223,55.997,245
1226,184.5,47970,117.4875,260,115.89,140.6885,56.7264,260
1227,183.061,45033,116.4,248,115.11,140.5145,56.4437,246
1228,183.3607,44740,115.675,240,114.88,140.5277,56.4938,244
1229,182.6914,44394,117.7625,253,116.41,140.2961,56.7214,243
1230,181.4897,44102,115.2625,242,114.7,139.7893,56.3359,243
1231,179.9643,45351,118.1,253,116.54,139.836,56.3351,252
1232,178.8648,43643,117.75,238,115.75,139.8787,56.9207,244
1233,178.6627,45023,116.775,245,115.9,140.546,57.2157,252
1234,176.4411,46404,118.4875,233,117.43,140.5736,55.8903,263
1235,175.6818,46380,117.9,228,115.96,140.1781,54.6532,264
1236,175.2298,43457,117.9,233,114.86,139.96,55.9278,248
1237,174.7984,43350,116.7125,224,114.34,139.8723,55.5781,248
1238,175.9606,44694,116.7,226,115.33,140.0682,55.6911,254
1239,176.2551,43535,117.0875,242,116.28,139.7667,56.6999,247
1240,174.249,42691,116.7375,240,115.68,140.183,56.4282,245
1241,174.2314,44429,117.4625,243,115.43,139.7622,55.0094,255
1242,171.1289,43809,117.05,229,114.97,140.1756,56.5403,256
1243,172.356,43089,115.7125,242,114.67,139.6563,56.093,250
1244,171.9802,43511,115.9375,221,114.66,139.6407,55.2404,253
1245,170.517,45187,118.5875,232,115.78,139.1738,55.6721,265
1246,171.1481,41589,116.075,237,114.8,139.8739,55.8557,243
1247,169.1086,45152,117.525,219,116.03,140.256,56.152,267
1248,171.1667,44161,117.5125,212,115.75,139.94,54.5061,258
1249,172.2816,42209,117.6625,234,115.57,140.1023,55.4042,245
1250,172.8245,42342,117.7875,245,115.45,140.1311,56.9161,245
1251,173.8408,42591,115.9,229,115.49,139.8796,55.5459,245
1252,174.9673,42867,117.025,242,115.52,139.9533,56.72,245
1253,173.583,44958,116.125,238,115.44,140.3754,55.8296,259
1254,175.9588,42758,117.6,230,116.25,140.4966,55.5462,243
1255,175.7967,43246,117.2375,228,115.11,139.5863,55.5468,246
1256,176.2107,42643,117.925,234,115.95,139.5391,55.5496,242
1257,177.0167,42484,118.3375,220,116.39,139.5757,55.4097,240
1258,175.1033,42375,118.3875,226,115.27,140.1377,56.8524,242
1259,175.9917,42590,115.825,237,115.77,140.2302,55.929,242
1260,173.7612,46568,117.1,250,115.36,140.1146,55.8117,268
1261,173.9431,42790,117.975,228,116.8,140.8837,56.1835,246
1262,174.3937,44296,116.825,231,115.57,139.8902,56.3535,254
1263,172.9603,43586,117.2,245,115.6,139.5596,54.8285,252
1264,170.8594,43740,118.7125,211,116.17,140.3594,56.8101,256
1265,172.932,43233,115.5125,210,115.34,140.6462,56.6883,250
1266,172.3107,48247,118.7125,219,117.37,139.5622,55.9896,280
1267,172.3268,43771,118.225,214,116.32,139.8151,56.4427,254
1268,171.9528,43676,118.075,233,115.59,140.3373,54.8727,254
1269,173.3154,41769,117.6375,217,115.34,139.6496,55.549,241
1270,170.9214,47858,116.825,225,115.24,139.7896,56.45,280
1271,171.5328,47000,117.55,216,115.16,139.8286,55.992,274
1272,170.3556,45996,117.2,218,114.96,139.1349,55.6418,270
1273,172.0708,41297,119.0875,223,117.39,139.6229,55.8748,240
1274,171.1025,41749,117.925,220,115.74,139.8737,55.6023,244
1275,171.6772,43606,117.2375,219,115.72,139.4627,55.3659,254
1276,172.668,42131,118.4,237,115.91,140.3802,55.1936,244
1277,173.1401,44497,116.95,242,115.92,140.2602,57.0116,257
1278,173.4624,46141,116.1875,237,114.98,140.2313,56.7454,266
1279,175.1494,45714,115.425,229,114.35,139.728,56.5038,261
1280,175.5164,42826,116.5,222,115.17,139.7807,57.262,244
1281,173.5647,48251,115.825,240,114.34,139.6269,57.0772,278
1282,175.4286,42980,115.4375,226,114.69,139.624,56.2418,245
1283,177.1575,44998,117.5625,231,115.56,140.7512,55.4299,254
1284,174.506,43452,117.575,223,115.48,140.9403,56.5084,249
1285,175.3374,42607,115.925,220,115.23,140.1685,56.1905,243
1286,176.144,44036,116.6125,225,114.64,139.7012,56.4094,250
1287,174.1753,43718,117.225,221,114.76,139.5986,56.2142,251
1288,176.5263,43602,116.1875,228,115.57,140.3294,56.6798,247
1289,172.4341,44488,116.2125,220,115.57,140.0002,56.9494,258
1290,175.1074,42376,116.7875,228,116.04,140.6106,55.6842,242
1291,174.4122,42731,116.6125,226,114.87,139.9614,55.3711,245
1292,175.1508,44138,117.575,233,115.07,139.5944,55.7844,252
1293,176.8144,46679,116.3125,237,115.19,140.049,56.1871,264
1294,183.5041,44408,116.75,241,115.29,140.6929,56.9988,242
1295,187.3431,44775,118.0125,273,116.9,140.8152,56.7121,239
1296,187.1878,45861,116.4125,280,116.01,140.344,57.1289,245
1297,187.9549,45861,116.6875,265,115.91,140.5145,57.5715,244
1298,188.5851,45449,115.7125,271,115.5,140.4627,57.9159,241
1299,191.3625,45927,115.125,257,114.85,140.4679,57.7971,240
1300,192.2099,46707,114.525,256,115.22,140.582,57.9484,243
1301,191.9,46056,115.8,263,115.79,140.6013,57.4988,240
1302,189.4825,48697,117.225,273,116.06,140.5213,57.1278,257
1303,189.725,45534,116.875,272,115.55,139.8464,57.8138,240
1304,188.1727,46855,116.75,249,116.04,140.6621,56.7622,249
1305,187.4319,48170,116.4375,253,115.54,141.0854,57.3554,257
1306,188.3169,45761,115.55,268,115.45,140.34,57.4564,243
1307,189.8826,46901,117.0375,248,116.24,140.3035,57.8613,247
1308,187.6967,45798,115.25,254,115.64,140.3117,56.627,244
1309,187.0542,44893,116.425,261,115.56,140.7292,56.4203,240
1310,186.2686,45077,117.6625,244,115.92,140.3886,57.0386,242
1311,183.816,45954,116.3625,248,114.78,139.7215,56.7403,250
1312,185.9048,46848,118.35,250,116.45,140.0466,57.0606,252
1313,182.796,45699,116.7875,264,115.45,140.2033,57.3027,250
1314,183.8105,45585,117.175,248,116.73,140.095,56.2866,248
1315,182.8648,44619,115.85,238,114.67,140.2379,57.6697,244
1316,180.75,43380,116.1625,248,115.95,139.8669,57.1217,240
1317,179.1984,44262,116.5125,238,115.17,139.9888,56.0951,247
1318,179.7273,45471,118.85,235,116.79,139.7936,56.42,253
1319,179.0084,42783,118.525,234,115.64,139.6687,56.6613,239
1320,175.3603,43314,117,258,116.01,139.3818,56.7325,247
1321,175.9625,42231,115.525,224,114.64,139.7366,57.538,240
1322,172.5506,42620,115.8875,231,115.28,139.9101,56.4382,247
1323,176.3158,43550,117.175,227,114.7,139.5568,56.3399,247
1324,174.3443,42540,117.175,231,114.73,140.102,55.954,244
1325,174.4843,44319,117.9,234,117.01,139.8125,56.3467,254
1326,174.6311,42610,116.55,224,114.75,139.5504,55.3923,244
1327,173.5714,43740,118.625,226,114.98,140.1754,55.8803,252
1328,174.5685,42071,116.5875,239,114.57,139.5088,56.1759,241
1329,171.957,44021,116.075,222,115.33,139.5533,56.3597,256
1330,171.3012,42654,117.25,228,116.22,139.6802,57.3423,249
1331,171.2697,41276,117.6,207,116.03,139.7217,56.1206,241
1332,171.2568,44013,116.4,226,114.8,138.9153,56.3984,257
1333,170.5781,43668,118.3875,215,115.93,139.7219,56.583,256
1334,170.4598,44490,115.95,233,114.39,139.0122,56.0378,261
1335,171.5502,42716,117.75,236,115.65,139.0083,55.8931,249
1336,173.1694,41907,116.15,219,115.4,139.4676,56.2105,242
1337,172.0113,45755,118.4875,217,116.56,139.6058,56.3861,266
1338,174.7222,44030,116.7875,228,115.48,139.5153,55.9321,252
1339,175.5882,44775,117.2375,231,115.7,139.3915,56.5258,255
1340,177.7866,44980,116.0125,222,115.49,139.8684,56.39,253
1341,179.9542,43189,117.375,244,115.52,140.1156,57.5335,240
1342,182.8272,44427,116.2375,242,115.52,140.0312,57.3972,243
1343,183.0195,46853,115.0875,254,114.86,139.3556,56.8024,256
1344,183.437,46593,116.6625,242,115.33,139.8468,57.1383,254
1345,184.9959,44954,116.1875,246,115.24,139.9301,57.6303,243
1346,182.7932,48623,115.625,264,115.39,139.6172,57.8408,266
1347,182.488,45622,117.6,252,116.73,139.5723,57.3735,250
1348,184.0658,44728,116.0375,244,115.73,139.7331,57.7289,243
1349,184.6017,44489,114.3125,253,113.78,139.8749,57.3474,241
1350,185.9721,46679,117.8875,267,116.33,140.0807,57.0164,251
1351,187.6301,46157,116.0375,266,116.21,139.8707,57.3651,246
1352,188.9038,45148,119.175,267,117.82,140.2802,57.1388,239
1353,187.2929,44763,115.6875,266,115.48,141.2101,56.7552,239
1354,186.5542,44773,115.35,256,115.01,140.1997,57.5656,240
1355,185.7549,46996,115.825,252,115.12,140.039,57.9613,253
1356,185.7442,47922,115.775,259,115.38,140.1701,56.9455,258
1357,187.9424,45670,116.975,264,115.23,140.4001,57.5698,243
1358,185.5726,44723,115.275,253,115.24,140.1137,57.6973,241
1359,186.5602,44961,116.0625,260,115.9,140.1162,56.871,241
1360,184.2667,44224,115.55,244,114.44,140.0311,57.351,240
1361,181.4612,46817,116.975,239,116.48,140.6424,57.1139,258
1362,182.0369,44417,116.1,240,115.39,140.2643,57.0985,244
1363,181.3735,45162,115.45,248,115.26,139.9555,56.7222,249
1364,181.4708,43553,117.7125,242,116.75,139.6833,56.5576,240
1365,178.884,44721,116.9125,228,115.73,139.6636,57.1685,250
1366,177.6151,42450,117.225,235,116.01,139.5926,56.927,239
1367,174.7024,44025,117.1625,225,115.59,139.3493,55.6983,252
1368,176.9793,42652,118.325,235,116.17,139.2972,56.2907,241
1369,174.74,43685,117.3375,226,114.98,139.7152,57.0178,250
1370,171.98,42995,116.75,231,114.94,140.4478,56.3842,250
1371,170.8924,42894,115.8875,210,114.73,139.6717,56.0536,251
1372,171.1333,41072,118.825,217,115.95,139.717,55.3528,240
1373,170.8538,43226,118.65,218,116.8,139.2478,55.8485,253
1374,170.8776,41865,118.075,212,115.49,139.3211,55.3337,245
1375,169.0643,42097,120.075,204,117.07,138.9292,55.5282,249
1376,167.9531,42996,116.95,208,114.34,140.0704,55.654,256
1377,168.4414,43121,116.8,217,116.21,139.8064,55.9621,256
1378,168.3058,40730,117.125,204,115.63,139.1707,56.1043,242
1379,168.5685,41805,117.15,203,115.38,138.8044,56.0473,248
1380,167.8387,41624,118.4375,205,116.76,139.1141,56.8737,248
1381,169.214,43488,118.125,214,117.23,139.0768,55.5781,257
1382,167.4397,43032,118.1125,208,116.02,139.731,54.467,257
1383,166.8842,43223,119.45,207,115.4,139.291,55.0098,259
1384,167.3117,41326,117.2375,213,115.56,138.6506,55.1255,247
1385,166.2253,42055,119.0125,218,115.09,138.9849,54.9855,253
1386,164.9186,42549,118.875,204,114.92,138.9555,55.6372,258
1387,167.7012,40416,117.9375,204,115.12,138.682,56.742,241
1388,167.7934,40606,116.975,210,115.38,138.7422,56.2474,242
1389,165.5651,44537,118.8875,219,116.28,138.331,54.4491,269
1390,165.8625,39807,118.8375,209,115.14,137.6999,55.1057,240
1391,165.3444,39848,119.9875,201,115.44,137.3097,55.8239,241
1392,165.1866,44270,116.75,203,114.95,137.9023,56.0991,268
1393,165.123,40290,118.75,204,115.59,138.7113,56.2963,244
1394,164.6471,41985,117.725,213,115.14,138.9961,53.9406,255
1395,165.506,41542,120.2875,211,116.07,139.0349,54.4935,251
1396,166.6074,40319,119.4125,200,115.25,138.844,55.626,242
1397,165.4855,39882,117.6875,207,115.65,139.5971,55.3502,241
1398,164.658,44293,118.225,205,115.75,138.8182,54.5575,269
1399,164.9234,40901,119.8125,204,116.41,138.0479,56.1157,248
1400,165.4903,42531,118.8875,204,115.59,138.1942,55.1142,257
1401,165.272,39500,119.1375,201,115.37,138.5341,56.2544,239
1402,164.0041,39689,116.9125,201,115.27,138.1768,56.1669,242
1403,163.5533,47594,117.6125,208,115.06,137.257,55.0249,291
1404,163.5435,45138,119.3875,197,116.35,137.0865,55.8779,276
1405,164.4274,40778,117.2375,196,114.66,137.603,55.7567,248
1406,166.3429,40754,119.7875,210,116.93,139.0637,55.7609,245
1407,164.6541,43798,116.8375,203,114.54,139.3375,54.0093,266
1408,164.2588,41886,118.3,197,114.7,140.051,52.9947,255
1409,163.4291,44943,119,192,114.88,139.1844,53.9407,275
1410,165.5528,40726,118.55,202,115.57,138.8818,55.5786,246
1411,164.6211,42143,118.3125,205,115.98,139.2478,55.2824,256
1412,166.4583,39950,119.6875,212,116.52,138.1004,56.0643,240
1413,165.7673,40613,117.3,196,115.02,138.4076,54.8317,245
1414,164.949,42062,118.75,196,115.77,139.2082,54.8987,255
1415,166.1613,41208,117.875,208,115.38,139.9184,55.5993,248
1416,164.6375,41324,116.0625,199,114.07,138.9103,55.7843,251
1417,164.7309,45301,119.6625,202,116.42,137.9441,57.2388,275
1418,164.4599,45062,117.1375,199,114.68,137.5646,55.794,274
1419,166.4353,42441,118.3375,205,115.69,137.8329,55.2698,255
1420,165.7078,40267,119.475,199,115.25,139.3049,56.0835,243
1421,165.7955,43770,117.5125,210,115.34,139.6571,55.6889,264
1422,168.5592,41297,116.9375,202,115.16,139.2108,56.5825,245
1423,166.5775,47308,118.3,211,116.43,138.256,56.6438,284
1424,168.4711,40770,116.2125,227,114.68,139.1625,56.685,242
1425,165.0874,47215,116.175,215,115.19,139.4728,55.1662,286
1426,167.39,43354,117.7875,214,115.74,139.3001,54.4211,259
1427,166.4431,40945,118.375,206,115.51,138.4496,56.1696,246
1428,166.39,43095,119.8,215,116.39,137.6527,56.7476,259
1429,166.3583,42255,117.0625,202,115.31,138.1217,55.8838,254
1430,164.6693,41826,116.75,198,114.87,137.9496,54.8678,254
1431,164.8406,41375,119.5375,197,115.36,138.4945,55.4236,251
1432,165.2254,40315,119.1875,205,116.12,139.2868,56.7318,244
1433,164.9526,41733,117.2,202,115.83,139.2267,55.7092,253
1434,163.4545,44950,117.4125,221,114.91,139.5761,55.8585,275
1435,164.1789,40388,117.45,195,115.19,138.5592,54.3565,246
1436,163.707,44692,119.575,200,115.55,138.0673,53.4868,273
1437,163.6318,45326,120.275,197,115.11,137.1503,54.298,277
1438,162.4402,42072,120.9625,201,114.51,137.3478,55.1647,259
1439,163.6471,44512,119.25,196,115.4,138.3938,55.6345,272
1440,163.588,43678,117.325,195,115.1,138.5401,54.8744,267
1441,164.5341,40969,117.6375,201,114.28,138.5044,53.9203,249
1442,164.6215,41320,120.975,210,116.95,138.2374,54.7095,251
1443,163.874,41624,118.7375,196,115.22,137.2911,55.5963,254
1444,164.2383,42045,118.225,196,116.55,137.6628,54.7601,256
1445,164.0748,41675,117.3875,197,115.03,138.0472,56.3063,254
1446,164.1198,39717,118.4375,192,116.29,138.1807,54.2505,242
1447,164.8189,40051,118.7875,197,115.2,138.3945,54.116,243
1448,163.5,40221,119.4875,192,114.8,137.7006,55.4105,246
1449,163.5075,43820,118.2125,200,115.27,137.3467,53.9507,268
1450,164.3043,41569,118.2375,194,115.36,137.3174,54.8843,253
1451,163.562,39582,118.7,196,115.54,139.5984,55.0653,242
1452,164.2381,44837,119.825,202,116.22,140.1613,54.2311,273
1453,162.2222,45260,118.05,194,115.1,139.3005,54.067,279
1454,163.8511,42929,120.3125,195,115.04,138.6303,53.5377,262
1455,163.6331,40581,119.7875,192,116.31,138.1671,54.565,248
1456,165.0943,40283,118.2375,205,114.75,137.8861,55.0273,244
1457,162.496,40299,118.3,198,114.73,137.6505,54.0195,248
1458,163.9079,39174,120.6375,204,115.51,138.0725,54.6916,239
1459,162.4403,39473,119.55,189,115.8,138.979,55.6089,243
1460,161.5054,45060,117.475,190,115.29,138.9975,56.7331,279
1461,162.4259,42718,117.7125,190,116.06,138.9202,55.1182,263
1462,163.5175,42024,117.8625,191,114.88,138.7493,54.6843,257
1463,163.7323,41588,118.525,201,115.25,139.1672,54.7841,254
1464,162.2609,41052,118.0125,204,115.68,138.7803,54.6965,253
1465,162.5,39325,118.1,191,114.61,137.889,55.1512,242
1466,163.3976,40686,120.75,196,115.93,137.4382,54.3851,249
1467,162.7188,41656,119.9625,187,115.74,136.8457,55.4123,256
1468,163.9753,39846,119.85,202,115.12,137.2716,54.1244,243
1469,162.3192,42203,121.375,205,115.84,138.994,53.941,260
1470,163.0364,40270,119.7375,197,115.53,139.2081,54.0261,247
1471,163.9638,45254,117.2,202,114.73,138.5078,54.3392,276
1472,163,41728,119.4375,193,115.66,137.6956,54.2691,256
1473,163.3,47357,120.275,202,115.22,137.2655,53.9388,290
1474,162.566,43080,118.725,192,114,137.3445,53.8744,265
1475,163.8968,41302,119.8,201,115.33,138.0614,55.9511,252
1476,164.0078,41822,117.8875,200,115.55,138.9868,55.7928,255
1477,163.8768,46541,118.6875,220,115.79,139.0978,55.1905,284
1478,162.9881,41236,117.075,204,114.27,138.5729,54.2953,253
1479,162.6458,44077,119.5875,195,115.51,138.2941,54.8682,271
1480,163.214,41946,118.2375,209,115.83,138.3103,55.1995,257
1481,162.7462,42965,118.35,201,116.55,138.2307,55.3482,264
1482,163.3257,42628,118.55,195,115.21,137.8195,55.2844,261
1483,162.2897,40897,119.7,194,115.4,138.2636,54.5671,252
1484,163.2087,41455,118.0375,198,115.47,138.1005,55.0341,254
1485,163.6905,41250,119.225,208,116.5,138.0682,55.2997,252
1486,163.1815,40469,118.2875,197,114.51,137.4336,55.8591,248
1487,163.0232,42223,117.4375,195,114.19,137.9825,55.1145,259
1488,162.1935,45252,118.1375,203,114.13,138.211,54.6443,279
1489,162.8115,42331,118.6875,198,116.33,138.1697,53.6876,260
1490,163.1218,44206,120.3875,202,115.92,138.672,54.1273,271
1491,162.4813,43545,121.0875,200,116.53,138.5463,54.7131,268
1492,162.1893,39412,118.4125,207,114.27,138.1562,54.162,243
1493,163.6693,41572,121.8625,199,116.24,137.761,54.699,254
1494,163.9318,43278,120.075,207,116.13,138.1343,54.0683,264
1495,163.0341,43041,120.6,199,116.17,138.6841,54.9713,264
1496,162.8531,39899,119.225,192,116.12,139.5691,54.8257,245
1497,162.3077,42200,118.625,201,114.9,138.9758,54.9953,260
1498,163.7756,41599,118.525,206,115.13,138.3359,54.5381,254
1499,164.47,46545,119.9,203,115.91,137.9719,54.2466,283
1500,164.6824,41994,119.9125,198,115.4,137.7247,54.2287,255
