1,202.4853,123921,115.8,274,115.26,67.7421,60.2959,612
2,201.8242,125131,116.4,280,115.64,67.8036,60.8036,620
3,198.5294,128250,115.35,270,114.4,67.4209,60.0675,646
4,199.3057,125164,116.525,282,116.17,67.4205,60.0846,628
5,198.3968,124990,114.05,274,113.42,67.5642,60.1288,630
6,198.1645,122862,114.2625,272,114.04,67.6195,59.6182,620
7,199.3221,124377,114.825,274,114.73,67.3693,60.108,624
8,201.2419,123965,116.4375,290,116.2,67.5685,61.1682,616
9,198.8817,122710,114.4375,273,113.85,67.457,60.6286,617
10,201.664,125435,115.6,284,115.07,67.6571,59.713,622
11,201.1599,124518,115.65,292,115.44,67.748,60.4737,619
12,202.785,124510,115.2375,284,114.99,67.391,60.1632,614
13,199.6698,128787,113.675,281,113.69,67.3133,60.1778,645
14,202.7194,124267,114.025,276,114.17,67.4729,59.7461,613
15,200.1645,124102,114.7375,281,114.21,67.2352,60.7241,620
16,200.9008,123554,115.225,283,114.66,67.0451,60.0104,615
17,198.8365,125267,115.2375,283,114.13,67.172,59.6808,630
18,197.6626,128876,114.3,276,113.9,67.3071,60.1414,652
19,197.8304,123644,114.1875,273,113.75,67.1853,60.5339,625
20,198.558,124893,115.8875,268,115.33,67.0479,60.1498,629
21,196.7544,124152,113.225,267,113.51,67.1729,59.7114,631
22,196.1987,121447,114.6,266,114.07,67.722,59.353,619
23,196.5994,121695,114.95,269,114.49,67.5428,59.8552,619
24,198.8245,123470,115.625,285,115.17,67.5734,59.5231,621
25,199.132,128241,115.7875,273,115.06,67.542,60.2546,644
26,199.4013,124227,115.175,278,114.94,67.3474,60.1978,623
27,199.1161,125244,113.7875,284,113.11,66.9648,60.2527,629
28,200.5975,127580,115.5375,281,114.41,66.9562,60.9226,636
29,200.4756,123092,115.1125,279,114.42,66.9618,60.5881,614
30,200.7374,127669,115.55,295,114.88,66.975,59.9018,636
31,199.1312,132024,113.5375,294,113.11,66.6105,60.142,663
32,201.5493,128790,115.1125,281,113.6,67.2009,59.6074,639
33,201.8328,126751,113.4875,300,113.67,66.8058,59.8025,628
34,202.5319,126785,115.5375,293,114.49,67.0845,60.0487,626
35,202.8815,124975,115.75,286,114.98,67.3106,59.6572,616
36,201.5887,124985,114.3,293,114.45,67.0886,59.4591,620
37,202.3568,126473,113.8875,278,113.87,67.1942,59.8225,625
38,202.8843,128020,114.775,273,114.86,67.13,59.5568,631
39,201.9577,128849,115.1125,303,114.67,67.4849,59.6603,638
40,200.6248,129403,114.35,286,114.41,68.1093,59.0354,645
41,201.0586,123450,113.6125,280,113.49,67.6884,60.0442,614
42,202.0581,128711,115.625,285,115.14,67.5354,59.8604,637
43,200.884,122941,114.2875,274,114.01,67.8239,58.8053,612
44,201.8896,124364,114.6125,277,114.82,67.5586,59.3709,616
45,200.5767,129372,114.4375,282,114.49,67.2526,59.5504,645
46,199.367,128193,114.9375,281,114.13,67.1888,60.4199,643
47,201.9506,126623,115.5375,294,115.72,68.1967,59.2792,627
48,202.4233,126717,115.1625,280,115.59,67.7746,58.7681,626
49,203.0288,127096,115.375,285,114.4,67.8064,59.4454,626
50,201.6193,129238,114.35,271,113.93,67.6116,59.0964,641
51,202.3834,124061,116.3,275,115.51,68.1888,59.3496,613
52,199.3266,128765,112.5125,288,112.69,67.1619,59.7203,646
53,202.0335,126473,114.7375,302,114.1,67.9443,59.4548,626
54,202.7278,128124,115.6875,275,115.31,67.9103,58.5938,632
55,204.2249,126211,115.575,287,115.59,67.2665,58.9769,618
56,203.4058,127332,114.3125,279,114.2,67.111,58.9518,626
57,202.3019,128664,115.6,288,115.08,67.9197,59.1646,636
58,202.5679,129846,114.1625,283,113.56,67.7475,59.0795,641
59,203.5563,124780,114.3375,299,114.07,67.4558,59.1316,613
60,202.6715,126467,114.0625,292,113.86,67.5526,59.1821,624
61,204.3218,129540,114.0625,301,114.1,67.4666,58.6082,634
62,204.0761,128772,115.1625,305,114.83,67.9848,59.0615,631
63,207.0098,126690,114.575,300,114.77,67.3396,58.9504,612
64,205.4946,134188,113.75,284,113.91,67.1851,58.9083,653
65,207.899,127650,114.7,284,115.46,67.2098,58.919,614
66,206.9444,137618,115.1125,293,115.21,67.6807,58.7501,665
67,209.8716,130750,113.75,294,114.07,67.6581,58.3927,623
68,208.6301,133106,112.175,303,112.2,67.7652,58.5543,638
69,208.9149,134959,114.625,310,114.03,67.4788,58.8533,646
70,207.9555,130804,114.375,312,113.88,67.3192,58.8547,629
71,209.5301,128861,115.85,290,114.96,67.2725,59.0434,615
72,208.0065,127924,113.975,295,113.83,67.5293,58.9581,615
73,206.8116,128430,114.075,293,114.43,67.3118,59.706,621
74,204.9776,127906,113.55,283,113.3,67.0457,59.2571,624
75,207.2414,127039,113.625,298,113.44,67.238,59.877,613
76,207.115,131518,114.8,301,114.43,66.9955,59.364,635
77,206.5072,128241,114.4125,286,113.93,67.2501,59.6573,621
78,205.1464,131704,114,308,114.1,67.7481,59.0586,642
79,204.9905,129964,113.6625,297,113.73,67.0332,59.7092,634
80,204.7618,129819,113.9375,298,114.28,66.9129,59.7423,634
81,204.3423,128940,115.8625,289,115.13,66.9437,59.4272,631
82,203.4035,126517,113.9875,298,113.38,66.803,59.9843,622
83,202.5305,132860,116.325,292,115.43,66.465,60.1301,656
84,204.2684,130119,114.9375,301,113.84,66.9554,59.3033,637
85,202.1974,124958,114.975,295,113.7,66.4001,59.8983,618
86,201.1192,124895,114.3,282,113.74,66.9226,58.9963,621
87,200.5466,124740,115.475,291,114.85,67.0833,59.556,622
88,201.3719,123441,114.7875,296,114.84,67.2491,59.9074,613
89,200.0928,125058,114.5625,280,114.57,66.4861,59.2887,625
90,198.2571,124902,114.325,278,113.57,66.6031,59.7133,630
91,198.2048,122887,114.5875,279,113.54,66.7947,59.4637,620
92,198.6124,124530,115.3375,289,115.28,66.4056,59.855,627
93,196.3744,125876,115,267,114.77,67.132,59.9945,641
94,197.2848,121922,115.2,275,115.14,67.3091,58.4368,618
95,196.4236,123354,115.975,277,114.47,67.2787,58.7558,628
96,194.9343,124563,114.85,265,114.21,67.0586,59.5434,639
97,195.6311,124617,115.1875,290,115.32,66.925,59.6152,637
98,195.2642,120478,114.925,281,114.5,66.8167,59.6487,617
99,194.1341,120169,115.625,276,115.4,66.5146,59.8824,619
100,193.8403,120181,114.9875,286,114.64,66.3553,59.4497,620
101,193.3619,121818,114.0625,271,114.17,66.7194,58.6215,630
102,194.112,123067,115.925,266,115.59,67.1582,58.9976,634
103,192.5112,120512,113.725,279,113.83,66.2318,59.4666,626
104,194.1046,118792,114.5375,288,113.44,66.0939,60.0092,612
105,191.2515,127756,113.9875,265,112.84,66.5115,59.8673,668
106,193.971,120262,115.1,274,114.33,66.3938,60.0926,620
107,192.7756,118557,114.95,260,114.28,66.349,59.87,615
108,193.4968,122290,116,266,115.85,66.642,59.6683,632
109,194.4748,119602,115.125,280,114.26,66.6186,59.1858,615
110,195.1129,120970,114.2375,277,114,66.0926,59.6057,620
111,195.4765,120609,113.9875,269,113.42,66.1327,59.2717,617
112,195.1821,126478,116.4375,285,115.57,66.0024,59.7924,648
113,197.7925,122038,116.55,301,115.15,66.4791,59.5842,617
114,197.9519,123522,114.1625,276,113.87,66.2703,59.2532,624
115,199.1226,125049,116.2625,274,115.4,66.2076,59.8546,628
116,201.1718,124123,115.7875,295,115.6,66.1417,58.6414,617
117,200.0032,125002,116.2125,287,114.99,66.2633,59.3481,625
118,200.0823,124051,113.3875,281,112.91,66.1611,59.6317,620
119,199.5932,124147,114.1125,290,113.89,66.0008,59.1033,622
120,200.8182,123704,115.3125,283,114.13,66.0264,58.705,616
121,200.4953,129119,115.6375,314,115.15,65.5274,59.1749,644
122,201.3244,127841,115.35,285,114.02,65.8982,59.4374,635
123,203.4678,126557,114.6625,297,113.86,66.4537,58.526,622
124,203.1879,124351,116.125,286,115.64,66.7285,59.1457,612
125,200.3272,131014,114.325,283,113.93,66.2362,58.7155,654
126,202.3762,125878,114.9625,301,114.3,65.7944,59.2597,622
127,201.4293,126699,116.3,289,114.62,65.9043,59.297,629
128,200.3968,125248,116.3375,281,115.73,66.4985,58.9798,625
129,200.1871,124116,115.4125,286,114.82,66.3283,58.6922,620
130,197.5823,122501,115.4125,271,114.95,65.8082,58.9505,620
131,199.5726,122338,116.2625,298,114.83,66.0776,59.2989,613
132,198.6401,124746,114.4375,286,114.14,66.3487,59.2892,628
133,196.7031,125890,113.4875,271,112.75,66.3267,58.1798,640
134,197.5981,123894,114.475,286,112.84,66.7454,58.4012,627
135,199.5217,124302,115.1,280,113.82,66.3457,58.9636,623
136,199.4172,125234,114.575,314,115.11,65.7653,59.0094,628
137,198.3392,123962,113.7125,298,112.63,66.5952,58.7786,625
138,197.3591,122560,114.9625,297,114.34,66.8633,58.4185,621
139,200.1929,123519,115.8875,305,115.39,66.7497,57.868,617
140,196.5124,126554,115.6125,283,113.98,66.3746,59.0356,644
141,195.5083,129231,113.9875,295,114.05,66.1188,59.4259,661
142,196.2083,123415,114.1625,294,113.9,66.7578,58.5968,629
143,196.3621,127439,115.8,287,115.01,66.0309,58.4669,649
144,196.9309,122491,115.7,285,114.78,66.5597,58.5312,622
145,194.6786,124789,114.9875,288,114.79,66.7598,57.4398,641
146,195.1974,121608,114.4125,276,113.93,66.4254,58.7647,623
147,196.7179,122752,116.475,297,115.32,66.2751,58.6954,624
148,195.9134,124405,115.0875,273,114.77,66.5283,57.952,635
149,194.4505,123865,114.7125,272,114.32,66.4535,59.266,637
150,194.9298,122221,114.825,276,114.2,66.6721,58.3732,627
151,196.5865,125029,113.7875,284,113.83,66.1232,59.6263,636
152,198.0287,124362,116.325,284,115.11,66.2527,58.1448,628
153,199.2309,122527,115.775,281,113.75,65.9115,58.6677,615
154,199.2246,123320,115.5125,293,113.84,66.4356,58.7963,619
155,198.815,126844,115.2625,278,115.35,66.7475,57.9288,638
156,196.8183,124586,113.3875,286,113.22,66.4173,57.7676,633
157,197.4766,122238,114.2875,280,114.04,66.5186,58.4154,619
158,197.1258,122218,114.5625,284,113.49,66.5648,58.3606,620
159,195.7648,125681,114.225,276,113,66.8875,58.7004,642
160,195.2625,124968,115.6625,280,113.99,66.4597,58.7544,640
161,194.5244,119827,114.3375,273,114.14,67.3096,58.7439,616
162,195.3061,124410,114.2875,273,114.19,66.6517,59.3163,637
163,195.6177,123826,114.9,279,114.91,66.8144,58.9059,633
164,193.5806,123698,115.1375,279,114,66.4958,58.3312,639
165,193.8262,122692,115.775,261,114.91,66.7331,58.7518,633
166,192.8137,124172,114.4625,273,113.71,66.8385,58.8331,644
167,194.7585,120166,115.35,269,114.3,66.8025,57.8935,617
168,193.3323,122186,114.35,269,113.67,65.8974,57.8958,632
169,193.9516,120250,114.4875,273,114.93,66.6894,58.7607,620
170,194.7925,119213,113.725,268,113.54,66.4466,58.5866,612
171,194.4629,123095,113.8125,275,112.85,66.3151,58.4584,633
172,195.0806,123486,115.775,270,114.33,66.5615,57.7211,633
173,195.4578,120402,114.3875,275,114.3,66.3329,58.9432,616
174,197.3133,121545,114.5125,289,113.97,65.8415,58.4883,616
175,194.6044,124936,116.325,277,114.96,66.7731,58.9251,642
176,194.281,123757,114.95,277,114,66.1882,58.6256,637
177,195.5952,123225,113.775,280,112.83,66.4824,58.0731,630
178,195.1678,119833,114.25,280,114.26,66.7356,58.4373,614
179,195.7138,123104,113.475,294,113.1,65.8918,58.2324,629
180,194.3671,128671,114.9875,291,113.66,65.8222,58.4104,662
181,195.7739,124708,116.15,275,114.73,66.0483,58.5972,637
182,199.6232,122369,115.65,290,114.23,66.6541,58.1908,613
183,199.6923,124608,115.7625,295,115.34,66.4523,57.998,624
184,199.792,124870,114,299,113.69,66.0704,57.432,625
185,199.3185,130155,114.7625,284,113.81,66.1311,57.8654,653
186,200.2512,125157,114.825,296,114.28,66.1323,57.564,625
187,200.6485,125004,114.2625,287,113.38,66.9997,57.9846,623
188,201.525,124744,114.6,293,113.79,66.2056,57.5401,619
189,202.6523,127063,115.0875,287,114.35,66.816,57.9811,627
190,200.8778,124946,114.2375,312,113.63,66.2617,57.6688,622
191,203.3922,124476,114.9625,285,113.85,66.8681,57.5952,612
192,200.5201,124523,114.8625,277,113.71,66.5378,57.4462,621
193,200.1483,125493,114.0125,291,114.7,66.1737,57.3827,627
194,200.531,122725,114.5375,286,114.38,66.5914,56.7607,612
195,199.3758,122018,113.925,280,113.66,67.1935,57.2616,612
196,196.5024,122421,114.4,274,114.46,66.633,57.0502,623
197,196.3432,126445,115.1625,285,114.29,66.1718,58.2937,644
198,197.8016,122637,116.3,279,116.38,67.0003,58.3764,620
199,196.7968,122998,114.4625,284,114.37,66.6837,57.6597,625
200,196.1826,128892,115.2625,272,114.97,67.2548,57.4164,657
201,196.5351,128927,114.8625,297,114.4,66.4198,57.1001,656
202,198.1967,121891,116.05,285,114.72,66.76,57.794,615
203,198.4101,121427,113.5875,284,113.19,66.8153,57.3177,612
204,196.9692,127833,116.1,280,115.59,67.106,57.3244,649
205,198.0526,124179,114.7625,293,114.93,66.7801,57.6781,627
206,196.4711,125938,114.7,280,113.91,66.8743,57.0136,641
207,198.5276,122293,116.325,287,115.81,66.6643,57.1557,616
208,197.1162,123789,115.4375,282,114.46,66.4696,57.3384,628
209,196.4168,126296,115.8,297,115.83,66.6775,57.552,643
210,196.8029,123789,114.1375,273,113.68,66.5281,56.9728,629
211,198.5219,122488,113.425,277,113.71,66.2014,57.1537,617
212,197.8846,121699,114.0875,279,113.49,66.1826,57.2324,615
213,197.0423,121181,114.875,283,113.88,66.5524,57.2604,615
214,197.5799,123685,114.15,278,113.57,66.4965,57.3147,626
215,198.0618,124977,115.125,300,113.93,65.9917,57.6983,631
216,198.1326,124031,115.275,289,114.31,66.3769,57.6559,626
217,199.2042,122909,113.6375,291,113.74,66.5596,56.5424,617
218,201.1378,125510,116.3625,283,115.2,66.156,57.4064,624
219,202.0032,124434,114.7375,300,113.69,65.772,57.197,616
220,199.9318,128956,114.4375,303,113.41,66.2356,56.3434,645
221,203.046,128122,114.2875,298,113.83,66.1863,57.494,631
222,205.5791,126020,113.725,300,113.02,66.4751,56.3847,613
223,205.2067,128049,113.8625,315,113.74,66.2401,56.9956,624
224,206.0016,128751,114.425,292,114.31,65.4691,57.419,625
225,204.4337,131042,116.3625,321,115.48,65.9198,56.7605,641
226,204.0323,126296,114.2625,304,112.94,65.9058,57.1399,619
227,204.2081,125588,114.3125,307,113.48,65.6146,57.5822,615
228,199.4723,133048,115.95,315,114.72,65.6263,57.4169,667
229,200.6607,123005,115.575,282,113.64,66.4852,56.9233,613
230,200.4785,125700,116.6875,300,114.82,65.318,58.1138,627
231,198.4992,127635,115.5125,290,114.84,65.7764,57.6275,643
232,197.2538,130582,114.7,300,113.63,65.469,57.0055,662
233,199.0032,124775,115.05,298,113.5,66.2956,57.5312,627
234,198.0081,122567,114.3375,284,113.63,65.8062,57.5187,619
235,197.3296,124515,114.4375,285,113.95,65.9292,57.474,631
236,197.4633,123612,113.5375,287,113.62,65.7234,57.305,626
237,196.429,121786,113.8125,294,113.42,65.7953,57.4648,620
238,198.2153,124281,114.675,292,113.35,66.2484,57.9764,627
239,198.8333,126458,115.1,283,115.17,65.426,57.1908,636
240,200.5408,122731,114.5125,290,113.69,65.939,57.8353,612
241,200.4137,125459,116.4875,307,115.32,65.8571,57.2056,626
242,199.027,125188,116.3875,277,114.52,65.9036,56.3864,629
243,199.1038,124639,114.05,293,113.07,65.6636,57.5083,626
244,198.3868,123595,114.45,286,114.31,65.7117,56.8736,623
245,199.3285,124381,114.3,288,112.41,65.4594,57.3949,624
246,199.7905,125868,116.0625,294,113.9,66.0196,57.0263,630
247,200.4545,125685,114.2375,304,114.06,65.5712,56.7466,627
248,201.3529,130678,116.425,315,114.77,65.5046,57.5459,649
249,204.1429,131468,116.0375,309,114.71,65.3402,57.9184,644
250,204.8692,131526,116.8125,313,115.09,65.9052,57.0132,642
251,204.3689,126300,114.6125,311,112.87,65.7901,57.1846,618
252,203.4772,129208,115.3,307,114.53,65.9585,56.9884,635
253,203.4383,128573,116.0875,310,114.98,65.2525,57.1537,632
254,201.7204,127689,115.1875,300,113.98,65.5601,57.6307,633
255,203.7826,126549,116.7625,313,115.57,65.7907,56.8902,621
256,203.9454,127058,116.0875,295,115.33,65.7705,57.4365,623
257,202.3777,130736,115.5,309,114.54,65.6307,57.3177,646
258,201.1059,129110,114.9875,302,113.98,65.7707,57.0924,642
259,201.008,126032,115.2,306,114.49,66.8041,57.3476,627
260,200.6614,126216,115.0375,297,113.56,65.6599,57.5436,629
261,200.9351,126991,114.9375,304,113.97,65.737,57.721,632
262,200.6891,128441,114.5625,292,113.49,66.0949,57.1674,640
263,200.0652,128842,114.25,310,113.72,65.9649,56.722,644
264,201.3779,123646,115.5875,294,115.17,66.255,56.754,614
265,199.2508,125528,112.95,290,113.35,65.8757,57.7774,630
266,196.3712,128034,115.8375,305,114.48,65.6586,57.6274,652
267,198.7161,123204,115.575,298,114.92,66.0911,57.9804,620
268,194.7871,129923,114.4,295,113.83,65.7008,58.1629,667
269,196.4135,122562,115.0375,290,114.56,65.6541,56.989,624
270,196.8426,123814,115.1375,288,114.66,66.131,56.6951,629
271,197.125,124583,114.4,311,113.43,65.9359,57.5278,632
272,197.1907,123047,115.5875,283,114.54,65.3314,57.0952,624
273,197.9184,123699,115.45,294,114.16,66.1046,57.105,625
274,195.0655,131084,115.125,283,114.54,66.2361,57.3265,672
275,197.3667,124341,114.5875,313,114.12,65.2333,57.6771,630
276,197.8592,122277,114.1125,288,114.06,66.2435,56.8241,618
277,195.7673,127053,114.075,307,113.89,65.5309,57.5525,649
278,196.4686,122007,115.225,272,113.59,65.8223,57.5172,621
279,194.5692,126470,114.8875,284,114.44,66.4112,57.2988,650
280,195.622,121090,116.5375,286,114.92,65.7296,57.2392,619
281,194.7068,119550,115.9375,287,114.55,66.1034,57.5212,614
282,195.1501,119627,115,284,114.28,66.1451,57.0688,613
283,192.9642,124076,114.2625,271,113.75,65.5641,57.3457,643
284,192.8873,121519,114.4875,272,113.57,65.9948,56.8787,630
285,193.1316,120321,116.3625,276,115.77,65.6447,57.2633,623
286,191.8874,117627,114.1125,281,113.82,65.4617,57.1969,613
287,192.1708,123758,116.7,299,114.98,66.2137,57.2248,644
288,190.0964,126224,114.5375,281,113.31,66.0641,57.3635,664
289,191.9725,118831,113.9625,268,113.67,65.7148,57.0977,619
290,192.3095,123655,115.475,277,114.76,65.4547,57.3725,643
291,192.0402,119449,114.875,288,114.22,65.5018,57.9579,622
292,191.8117,121225,114.4625,274,113.69,65.9356,57.5686,632
293,192.7749,119906,114.525,309,113.21,66.6067,56.7989,622
294,193.0945,122615,114.8125,282,114.09,65.2839,57.1719,635
295,191.9745,128047,115.6125,274,114.25,65.4399,58.1112,667
296,193.588,119831,115.225,290,113.4,65.9443,57.992,619
297,194.6437,121263,114.775,284,115.29,65.3692,57.8155,623
298,193.5207,121531,115.05,276,113.96,65.6116,56.8421,628
299,194.1564,119212,115.275,281,113.26,65.6434,56.3727,614
300,195.9777,122878,115.2,289,114.7,66.0953,56.9027,627
301,196.2932,120524,115.2125,285,114.95,65.7804,57.7511,614
302,194.6609,124583,114.8875,289,113.96,65.562,57.9544,640
303,196.3161,121716,114.825,291,113.71,65.3688,56.9869,620
304,197.0238,124125,115.4125,284,114.92,65.3869,57.2598,630
305,197.6203,124896,115.6625,290,113.63,65.3436,57.2074,632
306,199.9005,122539,115,301,114.59,65.6062,56.9491,613
307,199.4495,128246,115.4,300,114.91,65.7534,56.9577,643
308,200.1514,126896,115.5375,316,113.4,65.5353,57.4891,634
309,200.4436,127883,114,301,113.57,65.6662,57.2629,638
310,201.7055,128083,116.05,302,115.76,65.7923,57.5995,635
311,202.0128,125854,116.0375,309,114.19,65.2977,57.4404,623
312,204.3502,125471,115.525,305,114.58,65.5767,57.5388,614
313,206.5231,129903,115.4125,319,113.98,65.5194,56.5788,629
314,207.9564,128725,114.725,310,113,65.3954,57.4957,619
315,211.1461,131544,115.75,334,114.48,65.5849,56.85,623
316,211.055,130432,115.375,314,114.8,65.345,57.4844,618
317,212.7331,132320,116.325,330,114.72,65.4172,57.1504,622
318,212.0798,135519,115.5375,315,113.8,65.6329,57.5943,639
319,213.8919,132613,114.825,322,113.89,65.2651,56.8891,620
320,212.7826,132138,115.25,312,113.95,65.9693,57.5709,621
321,213.4749,131714,115.4375,339,114.03,65.7622,57.0781,617
322,211.7615,138492,115.4375,320,114.36,65.5711,57.3257,654
323,214.3307,133528,114.4,330,113.01,65.6983,56.6093,623
324,212.8754,133260,115.4875,326,114.24,65.7344,57.3062,626
325,214.7435,132282,114.1125,330,113.27,65.5313,56.6163,616
326,215.1831,135135,116.0125,326,115.02,65.5015,57.089,628
327,211.5765,138371,115.6875,337,114.47,65.7878,56.932,654
328,210.0899,133197,114.95,314,113.41,65.5069,57.6391,634
329,209.8498,134094,115.6375,324,114.39,65.4537,56.9846,639
330,209.7997,130915,116.1125,330,115.21,65.7699,57.1498,624
331,207.5683,132221,114.6875,329,114.06,65.5626,57.1939,637
332,208.3701,132315,116.3625,339,113.79,65.9562,56.8576,635
333,207.4608,129663,114.85,309,113.63,65.9464,57.5303,625
334,209.0294,127926,116,311,114.71,65.3985,57.2993,612
335,208.1794,127614,116.375,309,116.03,65.8433,57.1593,613
336,206.2709,130982,114.6125,316,114.2,65.9468,57.2859,635
337,206.1675,129267,115.65,329,114.67,65.8828,57.0297,627
338,203.1252,133047,113.7,313,113.56,65.4911,57.6523,655
339,205,128945,115.425,311,114.29,65.7921,56.8368,629
340,203.1417,124729,115.15,295,113.93,65.1568,57.1169,614
341,203.2258,127829,114.1625,329,112.75,65.8898,57.2702,629
342,204.6974,126503,115.3125,309,114.03,65.7906,57.5243,618
343,203.4068,126519,115.3,301,113.79,66.2798,56.8365,622
344,204.744,127146,115.35,304,115.06,66.4113,57.3682,621
345,204.1683,126176,116.0875,311,113.99,66.0192,57.0253,618
346,205.0339,127121,115.3625,299,114.22,65.3033,57.7273,620
347,206.4434,131298,116.7375,324,113.91,66.1112,56.4965,636
348,206.1039,126960,113.9375,315,114.13,65.6817,56.8624,616
349,206.8206,132572,116.1875,315,114.68,65.9354,57.2053,641
350,207.0374,132711,115.325,312,114.43,66.4263,56.7772,641
351,209.2029,129915,113.3625,319,113.7,65.767,56.6627,621
352,209.3504,130844,114.4875,303,113.06,66.1781,57.3146,625
353,211.1284,133222,115.4125,328,114.52,65.8597,56.4705,631
354,212.0734,132970,114.025,336,113.49,65.6885,56.4487,627
355,211.6469,131856,114.575,326,113.75,66.0595,56.3152,623
356,212.4992,131537,113.9625,317,113.2,66.2146,56.5192,619
357,212.9333,130954,114.9,348,114.12,65.6038,56.6318,615
358,213.3967,131239,115.8625,326,115.7,65.6355,56.8373,615
359,212.7694,131917,115.5375,358,114.51,65.9792,56.8776,620
360,212.7859,133204,115.0625,338,113.54,65.6721,56.9221,626
361,212.6372,139490,114.475,343,113.68,65.5388,57.1464,656
362,217.7751,134585,113.625,339,112.6,65.8226,56.6578,618
363,219.4484,136058,116.8625,329,115.62,65.6693,56.7798,620
364,216.8811,138587,114.975,350,114.05,66.493,56.24,639
365,217.4052,134139,114.975,335,113.87,66.2309,56.8617,617
366,217.2729,132971,114.3875,343,113.2,66.3718,56.4193,612
367,217.1088,137647,115.45,340,114.34,66.0498,56.7621,634
368,219.2065,135908,116.2125,335,114.47,65.9174,56.6414,620
369,214.7381,140224,115.675,336,114.65,66.426,56.0814,653
370,217.9469,135563,115.425,338,114.98,66.0795,57.2597,622
371,215.702,138265,114.6875,354,113.61,65.5796,57.077,641
372,212.8906,140082,115.45,329,113.81,66.1534,57.1591,658
373,211.4969,138319,113.05,333,112.96,66.6503,56.8775,654
374,213.7923,132765,114.075,330,114,66.42,55.9076,621
375,214.2788,133710,114.6125,323,113.84,66.0132,56.6951,624
376,215.4171,133774,114.2625,353,113.35,66.26,56.5204,621
377,215.3112,132847,114.7625,331,114.22,66.7022,55.4738,617
378,214.9091,132384,115.8125,314,114.16,66.1092,56.3799,616
379,214.1535,135345,114.45,336,114.07,65.9958,57.091,632
380,213.2397,134341,114.575,350,113.65,66.4156,57.0889,630
381,213.9805,131598,115.225,331,115.66,66.2427,56.7662,615
382,211.9444,133313,114.4625,334,113.89,66.3069,56.954,629
383,212.7625,131700,114.9,325,114.49,65.9936,56.7679,619
384,211.7849,137872,114.625,336,113.66,66.2057,56.9799,651
385,214.6082,135847,116.3875,346,115.25,65.9487,56.8927,633
386,213.492,134073,114.8625,331,114.18,66.3388,56.593,628
387,214.164,133210,116.4125,321,115.06,65.881,56.6329,622
388,212.0784,135306,114.5125,339,114.17,66.3229,57.2512,638
389,213.0646,131887,114.1,333,114.18,66.1796,56.8295,619
390,211.5905,133302,114.275,310,114.58,65.9069,56.5137,630
391,213.1157,134476,116.475,333,115.8,65.7138,56.406,631
392,211.4061,132763,115.4625,323,114.4,65.5725,56.4995,628
393,212.6483,131204,115.2875,335,114.7,65.7191,57.1361,617
394,211.2759,134794,115.55,329,114.6,65.4803,57.421,638
395,210.3016,130387,114.6125,329,113.66,65.8653,57.1831,620
396,208.5869,133287,115.375,346,114.07,66.2227,56.2164,639
397,206.5942,135939,114.5875,360,113.72,66.1606,57.14,658
398,211.0675,131284,116.025,332,115.58,65.4573,57.2394,622
399,209.1533,135113,116.3375,353,114.83,66.0974,56.9871,646
400,210.9088,134138,115.65,330,115.33,65.842,57.5546,636
401,208.4212,133598,116.0375,336,114.33,66.0054,57.1764,641
402,211.3127,129746,115.1625,338,114.53,66.3249,56.5109,614
403,213.4473,131697,115.4875,336,115.58,65.6549,56.879,617
404,212.163,134087,115.9375,344,114.72,65.6592,57.6188,632
405,212.3566,133997,114.4375,354,113.25,65.7287,57.0097,631
406,212.059,132961,114.875,327,113.94,66.1138,57.2264,627
407,213.6385,134165,114.5875,337,114.37,66.1224,57.0003,628
408,217.6748,133870,115.4875,334,114.76,65.4245,56.4937,615
409,214.9185,134539,114.9625,354,113.73,65.8572,57.0199,626
410,216.7573,133956,115.125,367,114.16,65.5552,56.7628,618
411,216.6646,140832,114.775,358,114.05,65.3739,56.6268,650
412,220.1011,137123,116.6,357,116.25,66.0173,56.6067,623
413,221.0065,136803,114.4,350,114.07,65.7823,56.5223,619
414,221.7735,137056,116.4875,373,114.36,65.5995,57.2884,618
415,222.5648,139103,115.7125,352,114.55,65.3851,57.2926,625
416,219.5837,137679,115.225,346,113.56,65.9218,56.6636,627
417,221.3722,138579,116.3125,351,115.21,65.8815,56.5455,626
418,222.4443,137693,113.75,390,114.26,65.8962,56.9492,619
419,223.2855,138437,115.1625,359,114.52,65.5287,57.0902,620
420,223.1343,141244,114.75,381,113.94,65.9983,56.5729,633
421,223.1978,141061,114.675,353,114.27,65.6339,57.0113,632
422,224.8592,143685,115.8,370,115.75,65.7321,57.1613,639
423,222.6292,144709,114.15,361,112.98,65.9335,57.4533,650
424,222.6009,142242,115.05,358,113.56,65.9394,57.432,639
425,221.5039,141541,113.9625,354,114.16,66.0477,57.2113,639
426,222.4069,136113,115.85,346,115.3,65.5776,56.8142,612
427,220.5179,141352,115.275,373,114.38,65.7887,57.2482,641
428,219.4319,140217,114.0625,362,114.27,65.7616,57.4673,639
429,219.2709,144061,113.4625,354,113.51,65.9076,56.8215,657
430,220.9464,140080,114.7,347,113.73,65.9877,56.8248,634
431,221.9631,138505,114.6375,360,114.03,65.705,56.875,624
432,224.3585,139551,116.2,359,115.51,66.2835,56.8685,622
433,223.4319,142773,115.25,348,114.1,65.804,57.3497,639
434,225.7783,143595,115.0125,383,113.91,65.7236,56.5046,636
435,227.0552,139866,114.9625,377,113.56,65.8202,56.3372,616
436,227.6608,141605,113.4625,367,113.27,66.1018,56.3984,622
437,228.6971,142707,115.3875,392,114.37,65.5521,56.6071,624
438,231.5984,144749,116.075,372,115.35,65.4737,56.7544,625
439,230.7919,143091,115.625,374,115.33,65.9119,56.9212,620
440,229.031,140396,115.8625,381,115.11,65.3257,56.8837,613
441,227.0621,146228,114.5875,381,114.3,65.855,56.7193,644
442,229.0599,141559,115.4,384,114.56,65.8513,56.8873,618
443,226.6921,145763,115.15,371,114.78,65.7903,56.8783,643
444,230.671,141632,115.8375,360,115.43,65.8622,56.6744,614
445,228.8357,142107,115.2625,399,113.96,66.2283,56.5609,621
446,229.7868,142238,116.0125,388,114.83,66.4748,57.1184,619
447,228.1994,145363,116.175,374,114.64,66.1167,57.022,637
448,225.575,144368,115.55,364,114.79,66.0618,56.8019,640
449,224.3227,141099,114.2625,423,114.19,65.5575,57.3109,629
450,223.3078,142917,114.8875,370,113.57,65.9111,57.0473,640
451,223.4482,138091,115.875,354,114.74,65.5779,57.0231,618
452,222.5568,137095,114.725,377,113.68,65.8913,57.4103,616
453,220.3856,137741,116.5375,384,115.07,66.0287,56.3848,625
454,219.5269,138741,115.1875,359,114.37,65.7377,57.6062,632
455,217.9644,134702,115.15,343,113.71,65.843,57.0639,618
456,216.0528,135033,115.625,353,114.28,65.3842,56.5255,625
457,216.7576,135040,115.125,381,114.06,65.515,56.9709,623
458,216.0317,136316,116.1,368,113.87,65.2419,57.3474,631
459,216.4513,137663,115.7625,352,113.68,65.9173,56.9522,636
460,217.8088,137873,116.9375,365,115.03,65.1648,57.1781,633
461,216.6846,133261,115.45,360,113.56,65.0399,56.9277,615
462,215.2305,135380,115.3625,393,114.12,65.7093,55.9715,629
463,216.7045,135657,114.4125,368,113.13,65.7524,57.0446,626
464,217.0447,136087,116.575,404,115.14,65.6825,57.2738,627
465,217.9806,134494,114.9375,372,114.24,65.212,57.3005,617
466,218.3782,136268,115.775,365,114.2,65.689,57.0104,624
467,220.0254,138396,113.6,361,113.31,65.6692,56.9808,629
468,221.8352,137316,115.55,388,116.92,65.5415,57.7466,619
469,221.989,141407,114.5875,382,113.24,65.4966,56.7811,637
470,224.4815,139852,115.075,401,113.41,65.7391,57.0205,623
471,222.6022,143801,114.3625,375,113.04,65.7292,56.3615,646
472,226.992,142551,114.375,378,113.73,65.4948,56.9422,628
473,226.3978,143989,115.8625,398,113.83,65.6667,56.8591,636
474,226.1857,138878,115.025,385,114.01,65.6389,55.9888,614
475,224.488,139856,115.275,366,114.06,65.4831,56.404,623
476,222.1248,138828,115.0625,386,114.67,65.5455,57.2014,625
477,219.9497,135489,114.1875,371,113.28,65.765,56.3818,616
478,217.7276,135862,114.675,369,113.67,65.6167,56.8357,624
479,217.0192,135420,116.0375,399,115.11,64.9529,57.0582,624
480,213.7737,135105,116.7375,388,115.84,65.5431,56.6821,632
481,210.4814,135550,115.025,372,114.07,65.2338,57.1796,644
482,210.3927,132337,115.45,358,113.64,65.5461,57.4021,629
483,210.0303,131689,115.8125,373,114.62,65.3654,56.5252,627
484,208.0785,129841,115.7,336,114.56,65.2925,56.8599,624
485,210.2938,133116,115.725,380,113.86,64.752,57.4382,633
486,210.2039,128855,116.375,354,114.28,65.5722,57.7499,613
487,207.7897,137349,115.7375,387,115.09,65.7814,57.5381,661
488,210.6344,134806,116.3125,338,114.48,65.1247,57.9412,640
489,212.0603,133598,114.8375,373,113.67,65.7221,57.0855,630
490,211.74,131914,114.7375,363,114.65,65.6016,56.6511,623
491,210.8653,133056,115.3875,362,115.22,65.3346,56.6234,631
492,211.0594,131490,116.7125,359,114.26,65.493,57.1538,623
493,211.2547,136048,115,384,114.12,65.2455,57.0821,644
494,214.1264,132116,116.4375,354,115.2,65.1941,56.7483,617
495,213.9538,134363,115.4,380,115.78,64.9889,56.9357,628
496,212.8514,133245,113.925,381,113.94,65.3024,56.9648,626
497,212.7675,130852,114.1375,352,113.51,65.3059,57.2509,615
498,209.2442,136218,115.2,371,114.92,66.0402,57.5182,651
499,210.8499,133468,115.075,369,114.01,65.5621,57.1052,633
500,211.5172,134948,115.8625,381,115.3,65.7514,57.0783,638
501,208.1235,136529,115.1125,336,114.09,65.5356,56.8272,656
502,209.2376,131192,115.775,359,115.09,65.6065,56.1399,627
503,207.0409,131471,114.9375,359,114.17,65.6789,56.3475,635
504,206.4614,128419,115.4875,336,114.87,65.6973,57.0135,622
505,203.8691,126195,115.9375,340,114.86,65.3566,57.0259,619
506,202.226,130638,115.85,329,114.85,65.5436,57.118,646
507,199.3546,124796,114.45,335,113.54,65.5752,57.4485,626
508,198.9417,122946,115.0625,345,113.51,65.6618,57.2888,618
509,196.2316,127943,115.15,319,114.38,65.4667,57.1171,652
510,194.8043,127402,113.95,328,114.15,65.0141,57.2431,654
511,196.6951,124508,116.1,351,114.7,65.1977,56.8218,633
512,196.3167,122109,116.7125,318,114.97,65.7823,56.9324,622
513,195.2254,122992,115.6375,312,115.16,65.5571,57.746,630
514,192.7738,125303,114.7625,308,113.97,64.9416,57.4847,650
515,193.1447,121488,115.5875,355,113.34,65.0173,57.793,629
516,191.1079,124029,115.675,313,113.63,64.904,57.4325,649
517,193.5456,120966,114.9625,313,114.01,66.0629,56.9404,625
518,192.4866,122229,116.65,316,116.17,65.3499,56.5443,635
519,192.6863,121007,115.9875,329,115.38,65.4595,56.4629,628
520,192.2683,121129,114.6375,308,113.53,65.3289,57.8295,630
521,190.623,127908,114.425,335,113.96,65.1923,57.5444,671
522,193.2548,120591,114.7375,322,114.22,65.7179,56.6051,624
523,191.9826,121525,116.425,326,114.41,65.8771,56.4894,633
524,191.8129,118924,115.075,315,114.19,64.8604,56.6508,620
525,190.9378,119718,115.7,308,114.69,65.2659,56.7708,627
526,190.8844,117203,115.4875,313,113.97,64.968,56.7208,614
527,190.5805,117207,114.625,316,113.61,65.5112,55.7666,615
528,192.7746,119713,116.4375,327,115.01,65.2329,56.8407,621
529,190.9383,117618,115.8875,298,114.85,65.5669,57.4034,616
530,191.7027,120581,114.5125,335,114.25,65.6313,57.1416,629
531,190.9835,127004,115.55,340,113.44,65.2384,57.5446,665
532,192.4474,122589,114.1125,339,114.2,65.6585,57.6072,637
533,191.1646,120816,114.925,313,112.93,65.3045,57.4238,632
534,192.3513,117719,115.3625,316,114.62,65.3857,56.471,612
535,192.245,125536,116.125,334,115.16,65.2543,57.7374,653
536,190.5463,125570,114.2875,323,113.54,65.517,57.7148,659
537,190.3941,116902,115.6125,298,114.38,65.5583,57.1092,614
538,192.4627,118557,117.2125,332,115.23,65.3785,56.563,616
539,192.518,117821,115.1875,317,114.68,65.2473,56.7259,612
540,188.9882,128134,114.55,318,114.92,64.0228,56.3627,678
541,191.9985,124607,115.8,327,114.89,65.6191,55.9439,649
542,190.6981,123191,114.6375,315,113.68,66.0117,56.6892,646
543,189.674,128599,115.3,322,113.69,65.6466,57.2211,678
544,189.0334,130244,116.2,334,115.52,64.64,57.3608,689
545,192.3858,122165,115.0125,322,114.03,64.6666,56.8367,635
546,192.6055,125001,116.3625,331,116.09,65.2105,57.1163,649
547,193.7291,125149,116.1875,349,115.58,64.8341,56.62,646
548,190.0975,128696,115.6125,333,114.29,65.4421,57.2959,677
549,193.8903,120212,116.925,317,115.75,64.8104,57.0163,620
550,191.2212,127927,116.475,310,114.21,64.9475,57.3493,669
551,191.2726,118589,115.1625,320,113.28,64.4797,56.7392,620
552,190.1905,123814,116.3625,325,114.01,64.6628,55.8808,651
553,191.4159,120592,115.65,326,113.55,64.6553,56.9938,630
554,191.9477,117472,116,322,114.26,65.6553,56.4123,612
555,191.0081,118425,114.2125,340,113.52,64.8811,56.7052,620
556,190.2125,128013,116.1125,318,115.83,65.2847,57.0441,673
557,190.003,124832,116.55,315,114.73,65.0343,57.8688,657
558,190.0223,119144,113.9625,350,114.19,65.5383,57.1133,627
559,191.4223,118299,113.8625,335,113.59,64.7321,57.3197,618
560,187.4245,119202,116.0375,321,113.67,65.1772,56.5749,636
561,187.7038,119755,114.9625,328,113.63,64.9404,57.2552,638
562,187.721,124459,115.9375,303,114.44,64.7959,56.6068,663
563,184.4905,126007,115.65,328,114.73,64.2806,55.7747,683
564,188.759,115898,116.175,336,114.94,64.7,56.1686,614
565,187.6052,115940,115.9625,314,113.9,64.4476,57.3812,618
566,187.2716,117232,116.1125,297,114.31,64.7985,57.2463,626
567,187.8481,116278,116.375,307,114.64,64.0388,56.6706,619
568,187.6775,115234,115.4,320,113.58,64.8227,56.9127,614
569,187.6395,115023,114.3875,317,113.76,65.6093,57.1282,613
570,187.2003,116813,114.5,331,113.66,64.1488,56.8119,624
571,187.8476,118344,115.9375,324,114.54,64.5898,56.8632,630
572,184.4164,125772,115.9375,355,114.67,64.5543,57.7667,682
573,187.4326,118270,115.4875,328,114.73,64.843,57.4321,631
574,188.1797,115166,115.7375,310,114.69,64.3185,56.536,612
575,186.491,114319,115.85,305,113.51,65.7014,56.7428,613
576,184.8328,126056,116.875,331,116.02,65.1068,57.3427,682
577,187.3834,119738,116.575,316,115.99,64.7291,57.0802,639
578,186.4448,116528,116.375,326,114.23,64.0186,56.6742,625
579,186.2782,117169,115,338,114.14,63.6565,57.051,629
580,184.5521,120328,116.3625,326,113.56,64.3128,57.4566,652
581,187.0403,115965,116.45,329,115.07,64.9756,56.4421,620
582,185.2183,119651,115.5625,307,114.56,64.5544,57.2728,646
583,187.4109,116757,114.275,326,113.61,65.1955,56.5612,623
584,185.9487,116032,115.3625,313,114.99,65.6242,56.5114,624
585,186.2976,114573,115.3375,312,114.76,65.1135,57.7778,615
586,186.3317,116830,113.8375,326,114.07,64.2027,56.9508,627
587,183.9941,125484,115.5375,321,114.68,64.4929,56.5925,682
588,184.283,125681,116.8625,320,115.76,65.1406,57.0111,682
589,188.7374,116451,116.575,313,114.61,64.8188,56.9178,617
590,185.0302,116569,115.45,330,114.05,64.7646,56.87,630
591,187.2428,117214,116.575,344,114.45,63.6287,56.7362,626
592,186.0218,119240,116.3625,331,114.47,64.1909,56.7484,641
593,186.5377,118638,115.8125,333,115.18,64.2216,56.8375,636
594,185.5359,118743,116.2875,338,114.18,65.2756,57.1586,640
595,186.0433,115905,115.25,310,114.21,65.6154,57.2526,623
596,187.281,117987,115.775,321,114.54,64.5531,56.9177,630
597,186.6429,117585,116.9,326,114.1,65.1352,56.5312,630
598,185.6006,126394,114.9875,334,114.61,64.7527,56.8208,681
599,186.4216,122479,117.4375,309,115.72,64.3507,57.4522,657
600,185.2797,118579,115.5,309,114.04,65.2381,57.3692,640
601,186.1971,116187,115.7,308,114.7,64.491,56.3539,624
602,185.291,120995,115.825,324,113.97,64.4696,56.0746,653
603,186.8831,118297,116.525,337,114.84,65.2526,56.2106,633
604,184.8663,121642,115.4375,338,114.12,65.1717,56.7652,658
605,184.4872,122315,115.625,327,113.75,65.035,57.8265,663
606,187.3051,117253,116.1375,340,115.41,64.6788,56.3783,626
607,188.2048,116687,116.25,317,114.89,64.4458,57.0814,620
608,187.5315,116082,116.1375,335,115.03,64.4775,56.9531,619
609,188.3107,116376,115.8,329,114.74,65.2278,56.5833,618
610,188.4834,118933,115.275,314,113.95,64.6729,57.3658,631
611,189.987,116842,116.225,357,114.42,64.5849,57.0946,615
612,188.2758,116731,115.55,339,114.1,65.3962,56.0523,620
613,187.0192,116700,114.4875,320,113.4,64.3797,55.8866,624
614,186.8378,117521,115.7375,350,116.31,64.459,57.1012,629
615,186.9675,126577,116.5125,315,115.07,64.5619,58.0492,677
616,188.0707,116980,114.875,334,114.29,64.683,56.753,622
617,185.8668,118583,114.8375,318,113.4,64.5331,56.5799,638
618,186.8726,117356,116.1375,326,115.47,64.3424,56.3858,628
619,186.5606,118466,115.575,332,114.26,64.1004,56.6085,635
620,185.6136,117679,115.3375,328,114.09,64.8506,56.5815,634
621,187.6406,117463,116.3375,337,115.85,64.7541,56.7187,626
622,186.916,115701,117.3,306,114.57,64.5194,56.3263,619
623,186.5788,119597,117.1125,324,115.79,64.5788,57.179,641
624,186.2114,118058,115.75,347,115.1,64.199,56.2568,634
625,185.7453,119620,115.725,318,114.66,64.5074,56.1827,644
626,184.4826,121943,115.775,328,114.52,65.0924,56.6544,661
627,183.1988,123476,115.15,319,114.99,64.4948,56.9188,674
628,187.3827,121424,118.25,350,116.46,65.0671,56.6872,648
629,188.5204,119899,115.2625,324,114.99,65.3237,56.1662,636
630,188.1177,116633,115.375,333,115.54,65.0221,56.8961,620
631,187.1375,119768,113.725,352,114.01,64.082,56.2675,640
632,189.0195,116247,116.1125,325,114.29,64.6827,55.0561,615
633,187.112,115261,115.1,314,113.46,64.2311,54.492,616
634,188.3078,118069,117.875,331,114.85,64.0202,54.8412,627
635,188.0931,119251,117.575,310,115.27,64.2954,56.1908,634
636,185.4847,121307,115.6,335,113.91,65.173,56.576,654
637,187.4628,115852,114.6375,310,113.37,64.4169,56.2755,618
638,185.2493,124117,115.4125,320,114.85,64.5728,55.4749,670
639,186.6256,115148,116.325,333,115.64,64.391,55.5307,617
640,185.5417,124684,117.5625,317,115.83,65.0346,55.4269,672
641,185.0963,119202,114.8375,313,114.56,64.7321,56.2358,644
642,186.071,115364,115.9875,336,114.84,64.1694,55.51,620
643,186.5534,116969,114.8,348,113.67,64.7813,55.5009,627
644,188.1099,116440,117.1125,352,115.52,64.1347,55.5356,619
645,186.5016,115258,114.0875,307,112.76,64.1047,55.1131,618
646,187.0314,118952,115.975,346,114.62,64.3186,56.4989,636
647,185.7167,118673,115.475,320,115.1,64.6054,56.6944,639
648,186.2648,116043,114.9,333,114.13,64.9209,56.4453,623
649,184.4255,121352,115.225,340,114.46,64.3743,56.7644,658
650,186.9626,114982,114.9875,313,114.24,64.5271,56.0201,615
651,187.2289,115333,115.275,315,113.71,64.6078,55.6922,616
652,184.945,117625,114.9,289,114.77,64.3734,56.649,636
653,185.5629,118018,114.5875,341,114.91,63.9409,56.8932,636
654,184.7751,121582,116.3,303,114.5,64.3121,56.8278,658
655,184.3213,122758,115.2,322,113.83,64.3729,56.5599,666
656,185.464,121108,116.4875,315,115.97,64.4598,56.2654,653
657,186.0831,114255,116.0375,327,114.97,64.8584,55.8036,614
658,188.129,116640,115.275,322,115.32,64.6402,56.1643,620
659,186.013,114398,116.775,333,114.45,64.1567,57.1645,615
660,185,119880,116.1125,304,113.62,63.5458,56.4533,648
661,186.2882,119597,115.6875,331,113.79,64.0328,56.2068,642
662,185.7511,124639,116.8125,335,115.1,64.4149,56.792,671
663,187.6459,117654,116.95,348,116.26,64.0929,56.3199,627
664,186.3794,117419,113.875,333,113.83,64.8968,55.2146,630
665,185.2157,117612,114.975,351,113.52,64.43,54.9811,635
666,183.831,118571,115.8125,326,113.88,64.1501,56.003,645
667,184.9069,121114,116.3125,324,115.26,64.308,56.2247,655
668,185.1974,114452,115.2125,363,113.96,64.6295,55.6626,618
669,185.3066,115446,115.6,322,114.62,64.2774,56.0334,623
670,182.5308,124486,115.6125,313,113.94,64.2804,56.0787,682
671,184.1633,118417,115.2375,313,114.66,63.8575,56.0715,643
672,180.9232,129541,116.125,324,113.35,64.2955,56.5414,716
673,184.5891,119060,117.35,332,115.05,64.2689,55.9762,645
674,186.1487,117646,116.4625,336,113.85,64.954,54.9082,632
675,184.8791,117768,116.925,317,116.13,63.3552,54.3992,637
676,185.0713,114189,115.95,353,114.18,64.8147,55.7552,617
677,184.403,122628,117.4125,334,115.29,64.8441,56.5405,665
678,184.0878,117448,115.2875,350,113.92,64.1598,56.1428,638
679,184.1659,116577,115.275,339,114.38,64.514,56.2817,633
680,185.7804,117599,117.1875,330,115.43,63.8877,55.3889,633
681,184.0325,119069,115.425,337,114.36,64.5605,55.7857,647
682,184.8657,114247,115.1125,313,113.37,64.5545,55.2147,618
683,183.732,119977,115.55,310,114.03,64.9251,55.9709,653
684,185.0153,121185,116.0875,314,114.57,63.2401,56.0367,655
685,186.9394,117211,115.2625,364,114.64,64.5844,55.4909,627
686,187.43,115082,115.5125,317,114.94,64.9103,55.2012,614
687,186.2824,119407,116.4,334,115.47,64.4636,55.9823,641
688,186.5429,115097,115.1125,322,114.76,64.5272,55.9362,617
689,185.3401,128070,116.3375,337,115.54,64.3935,55.9883,691
690,187.7316,119585,115.725,361,114.96,64.5033,53.8642,637
691,187.1612,120719,115,344,113.72,64.1242,53.8426,645
692,186.3727,121515,114.875,349,113.65,64.0514,54.6981,652
693,190.1447,116939,117.2375,328,114.67,64.7273,55.3442,615
694,188.8364,122366,116.0875,335,115.54,64.2896,55.2828,648
695,189.8405,119030,114.6375,341,115.57,64.5231,55.0705,627
696,189.2351,117515,115.0875,335,114.47,64.1803,55.056,621
697,187.3512,122153,116.3125,327,114.41,64.8217,55.2691,652
698,190.0441,116307,115.5125,322,114.95,64.0223,54.1077,612
699,189.3718,118168,116.6625,334,115.13,63.8893,54.9098,624
700,190.0611,118218,117.1625,329,115.52,64.9837,55.4923,622
701,188.2997,117499,116.0375,329,114.43,64.5693,54.5529,624
702,189.5721,118293,116.275,392,114.98,64.7713,54.2138,624
703,190.2195,123072,115.8125,331,115.24,63.9849,54.9129,647
704,194.0767,121492,116.4,341,113.96,64.524,54.5535,626
705,195.4006,128769,117.0375,361,115.45,64.7041,54.2395,659
706,197.6136,125287,116.9875,372,113.33,63.834,54.3642,634
707,198.672,124766,116.6,362,114.35,63.982,54.584,628
708,198.5676,132246,115.5125,405,115.06,64.936,55.2997,666
709,198.3966,129553,115.1125,351,114.01,64.0115,54.9222,653
710,200.6201,123582,118.25,372,116.08,64.1515,55.1033,616
711,199.4167,126829,116.5375,347,115.21,64.2377,55.292,636
712,199.4329,126241,116.4125,363,114.32,64.6871,54.5502,633
713,200.1256,127480,115.575,378,114.34,64.655,53.9834,637
714,200.4716,123691,117.3125,353,114.88,64.2387,54.5651,617
715,199.7749,124260,115.75,358,113.93,64.3754,54.3511,622
716,196.9123,130159,114.95,343,114.83,64.1504,54.6388,661
717,198.0379,125556,116.5125,370,114.31,64.3579,54.8093,634
718,198.9423,127522,117.8,381,115.15,64.5688,54.1355,641
719,201.1664,126936,116.1625,389,114.12,64.2017,54.6196,631
720,202.116,132386,115.3,405,113.83,65.0626,55.1189,655
721,203.7896,132667,115.6375,373,115.57,64.3222,54.5966,651
722,206.2083,129705,117.05,376,116.22,63.7087,54.817,629
723,208.2756,129964,116.575,391,116.38,64.3535,53.9455,624
724,209.4522,129232,116.3125,393,115.05,64.3736,53.6852,617
725,211.9758,131213,114.575,384,114.24,64.0746,54.686,619
726,211.8368,133669,115.2375,404,114.09,64.4273,53.7849,631
727,212.6552,135674,116.4625,394,114.43,63.9098,53.6964,638
728,213.3915,135717,116.7375,422,114.63,64.0302,54.0393,636
729,214.8314,132551,117.1125,388,114.95,63.3524,54.5736,617
730,211.4444,131307,115.3875,387,114.14,64.3387,54.4812,621
731,210.423,129831,116.8125,372,115.16,64.3963,54.305,617
732,210.7363,131078,116.175,431,115.47,63.673,53.5465,622
733,210.6151,133530,116.7875,392,115.06,63.8878,53.7241,634
734,214.1419,131269,116.9875,419,114.71,64.1464,53.6439,613
735,213.2971,133524,115.8875,420,116.07,63.7411,54.0548,626
736,210.4924,139346,117.7625,401,113.74,63.7736,53.8015,662
737,213.0385,132936,115.4875,400,113.99,63.8702,53.9085,624
738,214.0163,131620,116.5875,401,114.58,63.7503,54.2058,615
739,211.2693,136480,114.35,401,114.04,63.5932,54.3051,646
740,211.0404,135910,117.5125,386,113.96,63.6797,54.4386,644
741,212.7682,131278,116.9625,393,114.56,64.42,53.9601,617
742,212.3039,129930,117.8125,380,115.9,63.97,53.8993,612
743,212.6435,131839,115.675,385,114.78,64.2692,52.9658,620
744,211.6029,130559,116.15,403,113.63,63.3444,53.7602,617
745,208.6454,130612,116.275,392,114.66,64.1272,53.7696,626
746,207.6746,130212,116.05,380,114.03,64.1583,53.7236,627
747,207.8565,130326,114.8875,394,114.2,63.2349,52.96,627
748,205.7711,136632,116.0625,386,113.77,63.4391,53.8516,664
749,208.8994,130771,116.3875,371,114.24,63.6047,54.1235,626
750,207.0658,132108,116.0875,393,114.7,63.826,53.6978,638
751,204.2562,130724,116.0875,401,113.95,63.4636,53.6088,640
752,205.6803,126082,116.325,394,114.68,63.7908,53.3723,613
753,201.0449,129875,116.1875,381,114.5,64.0645,53.4188,646
754,203.2834,124816,115.1375,372,113.13,63.9069,53.6995,614
755,201.2488,123768,116.2125,363,114.22,63.5944,52.9326,615
756,200.1326,125283,116.7875,371,114.66,63.5215,53.6193,626
757,199.9461,126166,116.9125,355,115.39,63.5287,53.6382,631
758,198.3608,125364,116.525,358,115.28,64.3677,53.4868,632
759,196.452,124747,115.15,369,115.05,64.429,53.3133,635
760,197.5016,122056,115.5375,357,114.81,64.1881,53.718,618
761,195.9204,123038,116.1,394,114.22,63.9366,53.898,628
762,196.4731,127904,117.025,351,116.78,63.8426,53.1208,651
763,198.8775,128276,115.825,352,115.45,63.7024,53.7504,645
764,202.3323,124839,116.9875,347,115.88,63.9289,53.1961,617
765,202.5699,129037,116.775,371,113.78,64.2677,53.0677,637
766,202.2841,126023,115.3125,369,114.42,64.0164,53.6541,623
767,204.262,127868,115.4625,362,114.06,63.9607,53.494,626
768,204.665,125255,115.65,352,114.15,64.3135,52.4399,612
769,205.779,129435,116.0375,375,115.59,64.2706,52.2771,629
770,207.1948,128668,115.2625,389,114.9,64.1734,52.0025,621
771,204.0046,132603,115.625,393,114.42,64.1069,52.4537,650
772,205.5525,129087,116.75,360,116.84,64.0858,52.8667,628
773,204.2528,128475,115.85,375,114.68,64.5462,52.2579,629
774,206.411,127562,115.7875,362,114.05,63.8485,53.3405,618
775,207.0353,128983,115.0875,384,114.99,64.2417,52.8264,623
776,207.7093,130026,116.775,379,115.93,64.5496,52.4773,626
777,206.3072,128942,114.9875,370,114.35,63.7118,52.8004,625
778,200.2504,135169,116.325,335,113.72,63.8178,52.5486,675
779,204.3287,131179,116.0875,351,114.17,64.5941,52.3374,642
780,203.8668,139241,117.525,401,114.32,64.2299,52.6607,683
781,208.2597,128288,116.5375,402,114.84,64.0192,52.3867,616
782,205.8589,132779,114.9625,369,113.69,63.7549,52.4404,645
783,201.339,142548,117.5375,370,114.64,64.0511,53.2271,708
784,210.7444,132769,116.3,376,115.38,64.3088,52.6525,630
785,212.6752,132284,116.9375,370,115.23,64.2938,51.8968,622
786,212.2516,134992,115.85,388,115.59,64.2257,52.2369,636
787,210.3522,133784,116.575,391,115.2,64.1925,52.3116,636
788,212.0544,132534,116.6375,369,114.62,64.4063,52.514,625
789,208.9165,137676,114.5625,386,115.08,64.3924,51.6976,659
790,210.6977,135900,117.2625,374,115.21,64.9747,51.6929,645
791,212.8159,136415,115.925,388,115.45,64.3359,51.4947,641
792,211.1471,134923,116.9625,371,115.1,64.3397,52.2549,639
793,211.7276,132118,115.5875,369,113.14,64.4151,51.7791,624
794,211.4653,134069,116.1,384,113.97,64.5155,52.0508,634
795,215.554,135799,116.925,383,115.37,64.1989,51.7197,630
796,212.3401,136110,116.0375,370,114.85,64.3377,52.1134,641
797,216.7391,134595,116.6125,422,115.37,63.8011,51.5948,621
798,213.0551,139125,118.575,380,114.72,64.2576,51.8135,653
799,212.923,132651,115.275,378,114.27,64.1381,51.8733,623
800,211.2796,133740,116.825,396,115.73,64.4099,51.5069,633
801,210.7203,129593,116.725,404,115.12,63.8662,51.1282,615
802,207.4181,130466,115.6375,372,114.6,64.2321,52.1392,629
803,206.6993,126500,114.7625,382,114.24,64.3198,52.0565,612
804,207.0095,130416,116.025,376,116.19,64.0812,51.9868,630
805,206.2797,126862,115.7375,343,115.65,64.0817,50.9704,615
806,200.2736,131780,116.3125,344,113.99,63.9914,52.0274,658
807,200.7859,128503,116.15,378,114.59,64.1539,51.2281,640
808,201.9968,126450,115.175,346,113.8,64.571,51.2026,626
809,200.8439,126130,114.65,331,114.4,64.0241,51.251,628
810,201.4286,124080,115.9625,341,114.03,63.6661,51.8257,616
811,201.5016,124931,117.1125,367,115.15,64.5752,51.8449,620
812,201.7261,128903,115.5875,340,114.34,64.175,52.4653,639
813,202.9984,126874,114.6375,367,114.15,64.0631,51.662,625
814,202.8237,126562,115.9375,368,113.71,63.9351,51.5678,624
815,205.2226,127238,116.8125,391,115.46,63.9163,51.1931,620
816,202.7875,126945,117.625,352,114.95,63.9666,51.3002,626
817,203.6742,126278,117.0375,377,114.72,63.7312,51.8443,620
818,202.575,128230,116.1875,355,114.37,64.1673,52.171,633
819,201.8645,129597,115.0625,366,115.22,63.9628,51.4536,642
820,203.3029,124828,116.0375,351,114.95,63.8794,50.8933,614
821,204.3896,125904,117.775,336,115.3,64.1695,51.8301,616
822,201.7098,129296,116.3875,364,115.4,64.1008,51.853,641
823,200.2543,129164,116.075,366,115.5,64.2253,51.3048,645
824,201.2743,126199,115.9,362,114.75,64.3206,51.7599,627
825,198.3804,127757,114.7875,334,114.56,63.0795,51.4614,644
826,198.6333,122954,116.2875,344,115.45,64.2915,51.445,619
827,199.6715,123996,116.6125,347,114.82,63.8474,51.2394,621
828,198.8653,125484,116.1,347,114.19,64.0042,51.3807,631
829,199.0746,122829,114.6,339,114.02,64.0224,51.9343,617
830,198.1096,130158,116.9,352,115.31,63.9174,52.1022,657
831,198.5385,126469,114.6,393,114.95,64.3135,51.9029,637
832,198.1581,122858,115.6,334,114.3,64.2356,50.9803,620
833,197.3997,125941,116.65,345,113.99,63.9902,51.4736,638
834,194.5747,129003,115.7125,340,114.12,63.6219,51.9202,663
835,196.2581,120895,117.1625,327,114.49,64.1169,51.6064,616
836,193.9873,122212,114.7125,321,114.64,64.2008,52.2531,630
837,195.7258,123503,115.675,337,114.82,64.8194,52.0202,631
838,196.3194,121718,114.6625,347,114.17,64.1867,51.3509,620
839,195.9196,124213,115.4,330,116.32,63.6734,51.9058,634
840,196.8998,121881,115.625,352,114.08,64.1549,51.1165,619
841,195.6292,123442,115.8,341,113.94,64.6232,51.8287,631
842,193.7741,124403,116.2625,327,114.49,64.4786,51.6161,642
843,193.7484,121674,115.3375,342,115.02,63.8117,51.9042,628
844,191.9623,127271,116.0375,340,113.86,64.1927,52.0245,663
845,194.3537,120888,114.8,346,114.1,63.6669,51.8126,622
846,196.2171,123813,115.3875,337,113.86,64.8932,51.1944,631
847,196.3213,125253,115.5375,328,114.79,64.0292,52.1299,638
848,197.3225,121156,116.8625,336,114.09,64.1262,50.9807,614
849,195.2774,128102,116.075,329,115.17,64.2489,51.5656,656
850,196.691,124112,117.075,340,114.56,63.7579,51.5936,631
851,195.9552,122472,115.2625,340,113.75,64.2345,50.8001,625
852,195.878,122032,115.8375,334,115.02,64.0294,50.261,623
853,195.6056,125970,114.6375,352,114.07,64.4932,51.6449,644
854,197.5202,122265,116.6625,342,116.07,63.5649,50.873,619
855,196.8344,122431,115.15,338,113.89,64.5709,50.8139,622
856,196.5056,123209,116.2,344,113.39,63.7955,51.5987,627
857,195.4326,124686,117.075,332,117.26,63.9991,50.679,638
858,192.4706,124336,116.5625,328,114.06,64.3248,51.1061,646
859,192.6741,121192,116.325,311,114.9,64.0971,51.5635,629
860,194.5954,119287,114.325,324,114.33,63.7997,51.3172,613
861,192.4003,121597,115.775,334,114.33,64.1736,51.2007,632
862,193.612,122750,116.675,338,115.79,63.4186,51.3026,634
863,192.8765,126527,115.3625,358,114.66,64.1059,50.6537,656
864,193.905,128559,115.3,353,114.01,64.142,51.1433,663
865,195.551,124566,115.175,334,115.09,64.4739,51.2716,637
866,196.8397,124009,115.425,323,113.63,64.623,51.1562,630
867,195.7781,128822,115.9875,334,115.22,64.523,51.4977,658
868,198.9635,125546,116.25,322,114.63,64.3887,51.0216,631
869,200.267,126769,115.8125,351,114.94,63.9268,51.361,633
870,204.5749,125609,117.3375,361,115.67,64.448,51.051,614
871,203.4279,125515,115.7,351,114.4,64.1148,51.0318,617
872,202.5072,126162,116.15,360,114.34,64.4719,51.071,623
873,201.1452,124710,116.15,351,115.31,63.8892,50.8582,620
874,201.1212,124494,116.4375,339,114.84,64.1975,51.7446,619
875,202.0992,126312,114.7875,372,114.31,64.0092,50.9946,625
876,204.3034,127281,115.5125,343,113.66,64.2782,50.8877,623
877,207.4307,127155,117.0375,355,115.34,63.9645,51.0008,613
878,204.5793,130317,117.4,371,115.11,64.269,50.5672,637
879,206.4799,128637,115.875,358,115.49,63.9071,50.6423,623
880,207.1165,127998,116.7625,345,112.03,63.8985,50.3122,618
881,205.8016,129655,117.575,350,115.85,64.4134,50.8889,630
882,204.0225,127106,115.725,345,114.23,64.2092,50.1569,623
883,206.4674,126771,116.0125,353,114.47,64.3531,50.975,614
884,206.566,129930,116.65,367,114.49,64.221,49.9725,629
885,208.7098,132322,116.325,392,114.15,64.1877,50.8563,634
886,211.6856,130610,115.8125,383,114.1,64.343,50.3118,617
887,209.4819,139096,115.3375,370,114.76,64.166,50.5222,664
888,212.2104,135178,116.1875,379,114.24,63.7117,49.9558,637
889,215.2107,136874,116.925,369,115.94,64.3167,50.4614,636
890,217.5523,135100,116.5875,414,114.21,63.9425,50.5685,621
891,213.8906,136890,116.2375,391,115.45,63.747,50.459,640
892,220.402,134886,116.8875,378,116.29,63.6954,50.0657,612
893,218.8114,138070,116.025,375,114.6,63.8412,49.9096,631
894,221.3307,138553,118.25,404,115.75,64.0082,50.3318,626
895,219.4339,134513,116.0875,401,115.16,64.1718,50.6,613
896,217.8237,135922,115.5625,398,114.83,63.8129,50.0247,624
897,218.3562,133634,116.8375,409,114.36,63.8356,50.3099,612
898,216.2959,136699,116.9,384,113.19,63.8815,50.7883,632
899,213.6321,138220,116.5875,398,115.11,63.7348,50.8265,647
900,215.717,134176,115.1,401,114.77,63.6229,50.4812,622
901,214.5441,131301,116.15,387,115.42,63.8254,50.1914,612
902,213.7085,131217,115.925,361,116.26,63.6819,50.0674,614
903,210.5696,131606,115.8625,349,114.77,63.8231,50.3336,625
904,210.3355,129146,116.7875,369,114.94,64.0172,50.7509,614
905,206.8898,129513,116.15,349,115.17,63.9769,49.7737,626
906,206.2278,127655,116.5625,360,114.35,63.7443,50.2969,619
907,204.9647,127898,115.825,354,115.4,64.0244,50.1944,624
908,204.2821,127472,116.325,339,114.11,64.297,50.7817,624
909,203.0363,128725,116.65,332,114.4,63.5968,50.3834,634
910,201.8542,125957,116.2375,337,115.23,64.1894,50.7815,624
911,201.9511,123796,116.2125,342,114.32,64.1119,50.1292,613
912,199.3635,125599,116.4625,331,114.5,64.1467,50.928,630
913,198.7532,123227,115.5375,351,113.88,64.4015,50.6758,620
914,195.5474,127888,115.525,346,115.11,64.6067,50.2936,654
915,197.4129,122396,114.55,325,113.96,63.9994,50.632,620
916,196.7991,125361,117.525,380,115.44,63.8873,50.0368,637
917,196.7898,123584,115.225,359,114.44,64.1348,50.0256,628
918,194.8326,129174,117.575,335,116.1,63.8351,51.7261,663
919,194.7188,134356,117.8375,356,115.43,64.1193,50.7627,690
920,197.3805,121389,115.8625,338,115.94,64.1058,50.0463,615
921,194.5412,125090,115.65,326,114.38,63.6676,51.4295,643
922,196.7444,122375,117.3,340,115.7,64.0027,50.4331,622
923,194.2761,118897,116.175,335,113.41,64.1912,50.4111,612
924,191.9829,123253,116.4,332,114.23,63.8538,51.0513,642
925,191.3882,123254,116.15,310,113.83,63.9216,50.3898,644
926,192.6985,118895,116.95,313,115.3,63.4452,50.7023,617
927,190.514,122310,115.7625,335,114.28,63.3636,51.3467,642
928,190.472,119045,116.75,311,114.25,64.3762,51.0189,625
929,190.5518,119476,115.8375,308,114.44,63.9551,50.9292,627
930,186.79,127204,116.3125,338,114.02,63.7974,50.5822,681
931,190.5991,121221,116.7625,308,113.91,64.6504,50.311,636
932,190.0991,124705,115.8,351,114.61,63.6295,50.7068,656
933,192.4911,118767,115.725,328,115.99,64.1601,50.9892,617
934,190.6963,119948,116.1,314,114.82,63.818,49.787,629
935,193.2685,120213,116.225,322,113.54,63.8985,50.5514,622
936,193.3864,122607,116.5875,313,115.96,63.6923,50.2652,634
937,191.4501,120805,116.7125,332,113.81,64.283,50.3373,631
938,192.2899,119412,116.4625,308,114.34,63.5173,50.6104,621
939,190.1988,128194,116.55,325,114.87,63.8444,50.7224,674
940,192.7048,119477,115.7625,306,114.71,64.412,50.9075,620
941,191.5805,120121,116.65,328,114.57,64.1031,50.5264,627
942,189.8341,120165,116.7125,308,115.98,63.9965,50.2648,633
943,190.3223,121045,117.35,311,115.35,63.7904,50.1809,636
944,187.4117,131563,116.225,324,115.44,64.0335,51.9017,702
945,188.7916,121393,116.125,318,115.23,64.0103,50.3033,643
946,188.453,120233,114.9125,306,114.17,64.2789,50.5313,638
947,190.8221,119073,116.875,320,114.99,63.8433,50.1444,624
948,189.1907,118055,115.95,317,114.33,64.2497,50.8578,624
949,187.7086,117881,116.0375,342,115.52,63.8165,49.7853,628
950,189.5369,118271,117.8875,314,115.42,63.3173,51.1108,624
951,189.4316,117637,118.75,303,116.2,64.122,50.1654,621
952,188.8894,117867,116.3625,322,115.41,63.3445,49.945,624
953,188.0777,116232,116.475,313,113.92,64.2107,50.0629,618
954,186.0244,121846,115.7625,320,114.09,64.0894,50.783,655
955,186.681,117049,116.2375,302,114.16,63.854,49.666,627
956,185.5779,122667,117.4625,296,116.16,63.6924,51.0968,661
957,186.5204,119000,116.475,317,115.89,63.9323,51.1378,638
958,184.8061,121048,116.7875,297,114.44,63.9233,50.7789,655
959,186.376,117976,116.525,309,115.14,63.4059,50.7824,633
960,187.856,118725,117.5625,323,115.04,64.3806,50.5704,632
961,186.652,122817,116.575,294,116,63.8578,49.5282,658
962,187.5712,115919,116.575,310,116.07,63.9851,50.6569,618
963,187.1042,116753,115.925,320,114.32,64.416,49.9131,624
964,184.7024,117286,115.5625,289,115.37,64.1862,50.1387,635
965,183.4824,120181,115.175,310,114.24,64.239,51.2526,655
966,184.8925,115188,116.8375,305,115.82,63.7995,51.0184,623
967,184.6151,119446,117.4125,305,117.11,64.2877,49.3592,647
968,182.4068,118382,116.725,289,115.15,64.5635,49.4607,649
969,182.5591,115925,115.4,304,115.43,64.1192,51.5372,635
970,182.1785,123517,115.0625,287,114.25,64.0202,50.8653,678
971,183.4769,115040,117.05,307,116.73,63.5877,51.8194,627
972,183.0096,114930,116.6625,288,114.7,64.2229,50.5019,628
973,182.1006,119458,115.4375,285,113.16,63.4012,50.4321,656
974,183.8373,116369,116.375,307,113.75,63.8941,51.3384,633
975,183.2846,120418,116.9875,302,115.27,64.4909,50.9145,657
976,184.6521,114115,115.5875,304,113.49,64.2135,49.4582,618
977,184.2439,114047,117,322,115.07,63.7114,49.0698,619
978,183.4976,114686,116.4375,284,114.03,63.64,50.0726,625
979,183.4252,117759,117.95,300,116.01,63.9888,50.8936,642
980,183.5778,114369,117.15,295,113.58,64.2462,50.8084,623
981,182.8501,118304,116.1,294,114.33,64.3463,51.5486,647
982,183.5335,120398,116,318,115.75,63.6791,50.0598,656
983,184.4622,114551,116.5625,314,113.16,64.0165,49.6051,621
984,183.427,114275,114.8625,305,114.15,63.3768,49.9308,623
985,182.8496,117938,116.05,283,113.4,63.9752,49.8778,645
986,181.2851,122730,116.0875,293,115.31,63.5847,48.4858,677
987,183.8599,112890,116.1,296,114.62,64.1413,49.6595,614
988,183.069,114052,115.1,292,114.97,63.6986,50.4627,623
989,184.1752,115662,115.35,304,116.26,63.5159,49.4983,628
990,184.1356,112691,116.775,312,114.33,63.597,49.7398,612
991,182.806,114985,115.2125,297,114.18,64.1697,49.9997,629
992,183.2056,117618,115.2875,304,114.64,64.0016,49.2373,642
993,182.8266,112804,116.225,303,114.38,64.2753,49.9325,617
994,180.5714,120080,114.7375,309,114.44,63.5683,51.1674,665
995,180.2147,122546,116.8625,276,113.81,64.2547,50.8749,680
996,181.1723,117762,118.05,295,116.3,64.7123,49.6822,650
997,182.185,114230,115.9625,286,115.31,64.6502,50.2649,627
998,183.3172,113840,116.675,289,115.54,63.7714,50.9999,621
999,181.3696,116802,116.15,295,115.5,63.7168,50.6758,644
1000,182.8341,112443,117.75,285,114.89,64.2581,50.9193,615
1001,181.1282,114473,116.575,282,114.17,64.365,50.5242,632
1002,182.0584,112148,114.925,281,113.82,63.9316,50.5344,616
1003,181.3567,111353,116.325,285,114.42,64.6359,50.1719,614
1004,180.0913,126244,116.175,280,115.33,64.4624,51.2288,701
1005,181.9633,114091,117.1625,278,115.48,64.5351,50.5905,627
1006,180.845,121347,116.7,296,116.04,64.2104,49.9666,671
1007,181.9094,114421,115.8875,287,114.94,64.5398,49.9917,629
1008,181.2466,119079,116.5625,295,114.6,64.4821,51.7453,657
1009,182.904,114315,116.275,278,115.56,63.7562,51.4254,625
1010,182.9169,116701,116.775,290,116.11,64.437,50.8326,638
1011,179.5712,117260,114.3,296,115.33,64.2308,49.923,653
1012,181.6837,113734,118.025,286,114.51,64.7139,50.4356,626
1013,181.7851,112525,117.75,275,115.77,63.6466,50.5684,619
1014,180.008,113045,117.025,283,114.02,64.3308,50.6858,628
1015,179.3083,119240,115.225,301,114.2,64.1926,50.2571,665
1016,179.0202,124240,114.6125,292,114.08,63.3189,50.9634,694
1017,181.1312,113207,118.025,278,114.94,64.3112,50.233,625
1018,181.6013,115680,117.65,294,116,63.7749,50.7705,637
1019,181.5592,114927,117.4375,279,115.57,63.8956,50.1405,633
1020,180.8312,112477,116.4625,292,114.78,64.7238,50.6333,622
1021,178.8292,121425,115.425,288,114.8,63.8467,50.8672,679
1022,183.1319,112443,117.275,280,116.19,64.2147,50.3807,614
1023,182.4192,114012,115.8375,304,115.79,64.0208,49.906,625
1024,181.1624,112683,115.7375,274,116.08,63.591,50.2701,622
1025,177.8053,120552,117.125,276,114.84,63.8983,50.6552,678
1026,179.3575,116403,116.6125,286,114.09,63.8275,50.7621,649
1027,181.2375,112186,116.3875,283,115.18,64.5264,50.8082,619
1028,179.9088,116401,116.475,276,114.74,63.7613,50.7658,647
1029,180.9255,116516,116.8625,278,116.23,64.4324,50.0118,644
1030,179.0452,118707,116.625,284,115.1,64.2914,49.9443,663
1031,179.9984,114659,115.4,288,114.15,64.1668,49.8678,637
1032,180.614,110897,113.6875,283,114.31,64.4591,50.3474,614
1033,180.1335,116006,115.375,291,115.46,63.9174,50.2554,644
1034,179.6974,116983,116.6875,290,114.14,63.4407,50.8328,651
1035,180.9024,113064,117.625,269,115.19,64.1947,50.4441,625
1036,179.5302,115797,115.2,278,114.43,64.2145,50.7915,645
1037,180.6214,111624,117.1,283,116.25,63.5582,50.5343,618
1038,179.2088,118457,117.2875,292,114.06,63.4239,50.3226,661
1039,180.278,117361,117.5,274,116.22,64.7317,50.7404,651
1040,177.0089,118950,115.3375,270,114.93,63.4036,50.3487,672
1041,181.3455,113885,116.8,288,116.26,63.5146,50.4538,628
1042,179.5571,116353,115.175,290,115.31,63.5284,50.7139,648
1043,178.7266,116351,116.225,295,114.63,64.0765,50.0797,651
1044,179.0103,121190,116.9,280,115.59,64.3725,49.9198,677
1045,179.075,121771,116.925,274,115.69,64.1834,49.7331,680
1046,178.845,115355,116.2625,299,114.13,64.1732,50.9387,645
1047,180.3174,113059,115.15,277,115.08,63.4169,50.0486,627
1048,179.2158,117924,118.05,274,117.09,64.2696,49.3119,658
1049,180.6115,113424,115.475,281,114.19,64.2434,49.6283,628
1050,180.1125,113651,116.5625,282,114.78,64.0495,49.8665,631
1051,179.3708,121434,116.75,282,115.36,63.5068,50.7797,677
1052,180.9547,111830,118.3875,287,115.15,64.0381,49.5671,618
1053,180.5762,112499,117.075,285,115.31,63.9825,50.1368,623
1054,179.9479,110488,115.8125,283,114.71,64.0605,50.7471,614
1055,180.3312,112166,116.15,308,115.25,64.1437,50.4844,622
1056,181.0237,114769,116.6125,280,116.2,63.9048,49.9408,634
1057,179.2282,113093,116.2625,270,114.36,63.3251,49.7685,631
1058,180.1541,114578,115.8625,284,114.9,64.5971,50.2514,636
1059,179.6544,112284,116.1,282,114.24,63.9848,50.8342,625
1060,178.3424,118241,116.55,268,114.31,63.4219,49.9261,663
1061,180.8488,114839,118.3375,296,116.88,63.8493,49.5483,635
1062,179.3417,114958,117.05,289,114.82,64.1059,48.3653,641
1063,179.9266,115153,116.45,266,114.81,63.7666,49.7246,640
1064,179.727,121136,116.7625,269,114.99,63.6609,51.1459,674
1065,180.0992,117965,116.375,297,114.88,64.1886,50.1415,655
1066,182.0657,113609,116.925,287,116.18,64.0857,49.3311,624
1067,181.655,113716,115.025,297,114.58,64.1565,49.1908,626
1068,181.3292,116776,117.1125,287,115.53,64.3675,50.0716,644
1069,181.6667,113360,116.2875,271,113.99,64.3278,49.0294,624
1070,182.8464,114279,116.0625,280,113.94,64.5083,49.0054,625
1071,183.316,113106,117.325,287,116.14,63.5176,48.8633,617
1072,180.5238,117521,115.3125,293,114.01,63.9399,49.7505,651
1073,182.6656,115810,117.775,286,116.32,64.0349,49.0009,634
1074,180.9555,113821,115,285,115,64.2557,49.3095,629
1075,182.9497,112697,117.8375,284,115.11,63.2185,50.1593,616
1076,181.7136,116115,116.575,272,115.98,64.0738,50.1583,639
1077,181.6417,111528,116.6875,285,115.98,64.3362,49.4292,614
1078,181.2868,114392,116.0875,278,114.49,62.8532,49.277,631
1079,180.2639,113386,117.1125,305,113.72,64.8413,49.3929,629
1080,180.4178,119617,117.1375,285,115.81,64.3741,49.952,663
1081,180.849,111403,115.7625,291,115.21,63.845,50.2134,616
1082,178.7953,114429,116,284,115.27,64.2167,50.0831,640
1083,180.8352,111937,116.25,279,115.89,63.6367,49.6756,619
1084,179.9076,118739,116.4375,276,114.45,64.4056,50.224,660
1085,179.6333,113169,117.05,279,115.34,63.4223,49.5697,630
1086,181.3654,111177,117.6125,295,115.55,64.3512,48.1944,613
1087,179.9749,114824,116.3375,287,114.73,64.2054,49.2023,638
1088,182.252,113543,115.4875,292,115.16,64.2207,50.1761,623
1089,181.6983,115015,115.5375,296,114.35,63.0153,49.229,633
1090,180.0327,121162,116.0875,278,114.09,63.9193,48.7258,673
1091,180.8906,120654,116.35,286,115.97,64.1667,48.622,667
1092,180.6376,116150,115,284,114.1,63.9086,49.2295,643
1093,180.9236,115972,116.475,284,115.14,64.0054,48.181,641
1094,182.0709,115615,117.9875,285,115.76,64.0735,48.6156,635
1095,181.1453,118469,115.8,279,113.98,63.8518,50.0601,654
1096,182.4091,116377,117.8375,275,116.52,64.2891,49.7629,638
1097,182.2796,118664,116.5875,292,115.32,64.0715,49.1971,651
1098,181.1677,112324,115.15,279,115.09,63.676,47.4341,620
1099,181.6396,113888,115.7375,313,114.16,63.6829,49.523,627
1100,181.3475,111166,116.2125,273,115.27,64.1925,48.5898,613
1101,181.3144,111871,115.7125,285,114.78,63.3223,49.3436,617
1102,180.9396,116887,116.6125,269,115,63.3885,50.0912,646
1103,181.3636,115710,117.3375,300,115.32,63.9739,50.1706,638
1104,181.5225,112907,118.05,275,115.56,63.6987,49.7522,622
1105,182.3856,111620,115.8,292,114.84,64.0284,50.4451,612
1106,180.6767,114007,115.375,274,114.75,64.0709,50.1958,631
1107,182.2151,113520,115.4,275,115.05,64.1467,49.866,623
1108,181.7938,117257,117.1,278,115.49,63.8894,49.7451,645
1109,180.9337,117426,117.6875,284,114.63,63.628,49.0964,649
1110,181.2504,117994,117.4875,279,114.47,64.476,49.5193,651
1111,182.3952,113997,117.4,272,116.39,63.9106,48.3262,625
1112,185.1605,114244,116.975,290,113.76,63.9353,49.5652,617
1113,187.2063,118876,116.025,301,113.59,64.2446,49.9297,635
1114,190.6256,120666,115.6375,298,114.44,63.7008,49.5126,633
1115,194.2035,123125,117.1,342,113.72,63.0582,49.7694,634
1116,200.5496,123338,117.775,311,115.65,63.7778,48.2785,615
1117,200.3984,127253,116.775,325,114.23,63.678,48.9558,635
1118,204.5048,127202,115.6125,348,114.76,63.6948,48.9024,622
1119,207.5586,129309,117.325,359,115.89,63.533,49.3782,623
1120,212.5438,130927,118.4375,345,116.85,63.9397,48.9982,616
1121,212.6197,134163,116.7,367,114.75,63.7228,48.7416,631
1122,217.9086,133578,120.175,401,115.61,63.9842,49.0508,613
1123,217.4606,137870,117.025,386,114.87,64.0809,49.8402,634
1124,222.9575,141801,118.025,360,115.77,63.7001,49.7545,636
1125,226.6536,138712,118.275,381,114.66,63.9958,49.2797,612
1126,229.4951,141828,117.6875,397,114.59,63.8115,49.5485,618
1127,232.4772,147623,118.6125,403,115.4,63.7945,49.5654,635
1128,237.598,145410,117.6,399,114.61,63.7843,49.2515,612
1129,239.7423,147921,118.0375,436,116.59,63.6953,49.1023,617
1130,242.7556,150994,119.2875,405,116.09,63.4728,49.5811,622
1131,243.6629,149609,116.4,423,115.8,63.9294,49.4081,614
1132,244.5543,153091,118.2,418,115.51,63.7177,48.7323,626
1133,244.6191,156067,117.8,441,114.48,63.7522,48.6009,638
1134,247.8517,157138,119.3375,435,116.32,63.9423,49.2886,634
1135,251.6196,156759,117.6625,433,115.53,63.6318,49.15,623
1136,253.3697,155569,118.3875,469,116.52,64.0144,48.6405,614
1137,255.0962,156374,117.7375,436,114.38,63.627,49.1884,613
1138,257.672,161818,118.1875,465,116.31,63.6967,49.3839,628
1139,259.8172,160567,118.7375,484,115.53,64.0264,49.4565,618
1140,260.6699,161876,116.85,449,115.51,63.836,49.5499,621
1141,264.3007,161752,118.5,451,116.9,63.9716,49.4007,612
1142,266.0784,162840,120.225,475,117.12,64.0483,49.3931,612
1143,266.6817,165076,116.9375,485,115.74,63.8903,49.4837,619
1144,268.7318,166345,120.0875,477,115.24,63.9011,49.4388,619
1145,270.0763,166367,118.1875,482,115.5,63.8115,49.8114,616
1146,271.9151,169675,120,479,115.72,63.9389,49.7461,624
1147,274.9461,168267,119.1875,504,117.56,63.9282,49.8285,612
1148,273.3883,168954,119.5375,473,116.21,63.6619,49.7866,618
1149,271.4886,167237,118.375,493,115.83,63.7524,49.6309,616
1150,271.5201,169157,119.0375,487,114.76,64.0236,49.7201,623
1151,273.568,169065,117.225,484,116.92,63.9353,49.4392,618
1152,272.2683,167445,119.2625,478,115.81,63.7245,49.9802,615
1153,270.7189,167575,118.4375,477,116,64.095,49.5168,619
1154,271.8104,167707,117.5375,474,115.7,64.0996,49.6499,617
1155,272.4107,167805,116.975,485,115.36,64.144,49.5638,616
1156,273.7912,167834,118.85,497,116.93,64.0374,49.7455,613
1157,271.7906,167423,117.425,474,114.8,63.9449,49.5988,616
1158,272.6932,167979,118.95,503,116.29,63.8159,49.8575,616
1159,269.0559,168429,117.4375,506,116.35,63.7203,49.8031,626
1160,267.406,169268,118.7,473,115.24,63.8282,49.8132,633
1161,266.1981,166640,119.5875,467,114.22,64.0009,49.926,626
1162,267.4531,165286,116.9,494,115.02,63.9314,49.6681,618
1163,264.6415,164607,119.525,467,115.97,63.9863,49.7388,622
1164,265.6883,163664,118.3875,479,117.16,63.8391,50.0229,616
1165,263.4125,164106,119.0125,458,116.45,64.021,49.7771,623
1166,260.7456,162966,117.6625,442,115.67,64.0464,49.9122,625
1167,259.1463,163003,117.5375,468,114.23,63.8055,49.9813,629
1168,259.2376,162542,119.25,461,116.13,64.0255,49.8928,627
1169,260.8104,160920,118.975,458,116,63.7388,49.5377,617
1170,261.5413,161371,118.75,449,115.81,63.7388,49.9135,617
1171,260.0274,161217,119.1625,460,116.43,64.0963,49.8369,620
1172,259.9739,159624,116.1625,450,115.71,63.9917,49.7207,614
1173,255.761,162664,118.2,464,116.11,63.8434,50.0189,636
1174,257.2058,158696,118.2375,467,115.57,63.8161,50.1303,617
1175,255.818,158863,118.0625,456,114.97,63.9345,50.2081,621
1176,258.1347,159011,117.9875,445,115.41,64.0959,49.9826,616
1177,254.7042,158426,116.9375,434,115.55,63.6285,50.0999,622
1178,255.0795,157129,117.6125,447,115.6,64.0489,50.1806,616
1179,254.7163,160726,116.5375,469,116.59,64.0006,50.5117,631
1180,255.2464,158508,117.7125,456,113.92,63.9427,50.221,621
1181,255.8955,159167,119.625,454,116.8,63.856,50.1307,622
1182,253.5536,156189,118.0625,450,114.56,63.9696,50.5628,616
1183,252.7026,157181,117.775,468,114.89,64.0907,50.1968,622
1184,253.9739,155432,117.2,454,115.43,63.9483,50.1466,612
1185,254.2199,156091,117.575,440,115.36,63.7952,50.4024,614
1186,253.4872,158176,119.875,441,117.3,64.0218,50.1606,624
1187,252.3306,155688,119.1625,457,116.24,63.7401,50.2323,617
1188,251.3929,156115,118.925,454,115.34,63.7581,50.3411,621
1189,251.9237,155185,118.1125,470,117.03,64.0365,50.0608,616
1190,250.3926,156245,119.1125,434,116.94,63.8871,50.5241,624
1191,248.0064,155004,118.3125,436,115.56,63.8262,49.9861,625
1192,248.4505,155530,118,440,116.14,63.8458,50.5363,626
1193,249.6737,153050,118.475,432,115.08,63.8033,50.5469,613
1194,249.0278,152405,117.575,431,113.5,63.9277,50.2184,612
1195,250.1046,153064,118.825,420,116.56,63.7435,50.6334,612
1196,247.7186,154081,117.8375,437,115.21,63.8114,50.2156,622
1197,246.0632,155758,118.35,441,114.28,63.7703,50.9841,633
1198,245.7732,150659,117.5375,446,115.56,63.7888,50.2485,613
1199,243.5338,151478,118.4375,411,115.16,64.1528,50.8135,622
1200,240.3471,151659,116.675,423,114.52,64.1633,50.4893,631
1201,239.1406,149702,116.4125,430,115.22,64.0403,50.7738,626
1202,241.5656,149046,117.6125,445,116.92,63.8622,50.691,617
1203,238.9389,152443,117.5125,406,114.95,63.6746,50.7139,638
1204,238.0885,150710,118.9375,414,116.29,63.9192,50.9336,633
1205,240.0743,148606,118.375,413,115.9,64.0455,50.5196,619
1206,238.5525,149811,116.1125,418,115.79,64.1224,50.613,628
1207,236.6913,147222,117.9625,425,115.99,63.945,50.5031,622
1208,233.1343,147574,117.5875,419,114.74,64.0687,50.7219,633
1209,233.2022,146451,117.5,427,114.65,63.8659,50.5623,628
1210,231.8976,142617,117.8375,410,114.27,64.2361,50.6403,615
1211,231.469,141659,117.0125,402,116.26,63.9763,50.4073,612
1212,232.107,143210,119.9625,392,115.75,63.9308,50.5847,617
1213,230.1891,143638,116.3,419,114.99,63.9151,50.6372,624
1214,229.3228,144932,117.325,379,115.69,64.2058,49.9737,632
1215,230.6254,141604,118.525,394,115.96,64.3241,50.6843,614
1216,226.6029,142080,118.1375,397,114.47,63.9215,50.4874,627
1217,225.5008,143193,116.7125,372,115.93,64.0244,50.6414,635
1218,225.5974,140096,117.3625,388,115.84,63.5142,50.5679,621
1219,225.0318,141545,117.675,372,115.4,64.043,51.1589,629
1220,225.9467,139861,117.1125,381,116.04,63.9007,50.6689,619
1221,222.7193,139645,116.1375,382,114.98,64.2352,50.4548,627
1222,221.3683,137027,115.325,365,115.76,63.9103,50.1761,619
1223,222.5104,139069,117.975,380,114.87,64.1964,50.7974,625
1224,222.8028,141257,116.5125,373,114.72,64.0445,50.8601,634
1225,222.4361,139245,116.4,382,114.71,64.153,50.4342,626
1226,223.8006,138085,118.1625,389,115.14,64.0829,50.3786,617
1227,224.239,137907,117.15,376,116.18,63.982,50.4182,615
1228,220.948,140302,119.5625,386,115.64,63.884,51.2471,635
1229,219.8824,134568,119.2875,375,114.66,64.2854,50.5872,612
1230,219.9448,135486,116.5875,367,114.5,64.2653,50.9961,616
1231,220.4647,137570,117.85,384,115.99,64.0219,51.2397,624
1232,219.9026,137659,115.9625,375,115.27,64.0707,50.7639,626
1233,219.5696,137231,116.3875,369,115.33,64.3298,50.8626,625
1234,221.5682,138037,117.225,370,114.18,63.8197,50.7431,623
1235,220.561,135645,117.025,395,114.87,64.4978,51.2017,615
1236,218.8399,138088,117.3125,362,114.92,64.0716,51.0108,631
1237,216.5728,138390,117.275,393,116.71,64.1682,51.021,639
1238,217.8567,133764,116.4875,358,115.59,63.9046,50.902,614
1239,215.2357,135168,117.9875,372,115.67,63.9615,51.4418,628
1240,213.2958,136296,116.7875,344,115.04,64.3935,51.2897,639
1241,215.0832,131846,117.1875,351,117.4,64.167,51.4298,613
1242,212.6356,130133,116.95,353,114.41,64.2688,51.9337,612
1243,213.3496,131210,118.3375,353,115.2,64.1606,51.5293,615
1244,212.9463,130749,116.8625,352,115.23,64.2522,51.4836,614
1245,212.6511,132269,117.125,340,114.98,64.2317,51.2224,622
1246,213.1694,130886,117.0125,342,115.79,64.3079,50.9961,614
1247,211.2484,129284,116.9125,345,115.66,64.1879,51.6647,612
1248,210.0614,130028,117.6875,336,115.01,63.9848,51.9215,619
1249,208.1922,127830,118.0375,347,115.32,64.2906,51.8391,614
1250,208.7173,127735,118.4,334,116.83,64.4667,51.4422,612
1251,206.9034,132832,117.775,331,116.21,64.1614,52.167,642
1252,207.1442,129258,116.225,340,116.15,64.2935,51.9692,624
1253,204.9317,135050,116.525,325,114.94,64.349,51.8846,659
1254,207.1034,128197,117.6625,342,115.35,64.5293,51.7248,619
1255,202.0423,129105,117.025,341,115.32,64.8046,51.9776,639
1256,202.5805,127018,116.5,317,115.5,63.947,51.7468,627
1257,202.4641,123908,118.05,317,115.02,64.4072,51.6412,612
1258,200.3862,125041,116.5875,343,115.03,64.3855,52.4745,624
1259,198.5277,125271,116.7375,318,114.72,64.1819,51.782,631
1260,198.5016,123865,115.55,321,116.51,64.28,51.8205,624
1261,200.2911,123179,116.875,311,115.16,64.0899,52.4713,615
1262,198.4874,125841,116.4875,322,115.97,64.1015,52.4473,634
1263,195.299,132608,116.35,314,115.41,63.9852,52.1579,679
1264,197.4461,120837,115.8,307,114.57,64.0566,52.0363,612
1265,195.7667,123333,115.7,310,114.19,64.2384,52.352,630
1266,194.5736,126862,118.9125,302,116.55,64.5431,52.4564,652
1267,194.3298,126703,118.175,299,116.68,64.1429,52.738,652
1268,192.6719,121576,116.25,306,115.29,63.94,51.956,631
1269,193.1522,126901,117.525,318,114.5,63.9981,52.8014,657
1270,194.4286,121129,116.7,297,114.92,64.4285,52.3432,623
1271,193.7897,120731,116.975,314,114.9,64.007,52.5049,623
1272,192.3149,121543,117.3875,297,115.87,64.4582,52.4673,632
1273,192.0231,124431,116.7125,297,115.15,64.0099,52.6033,648
1274,191.9258,121489,116.8375,288,116.34,64.3164,52.0372,633
1275,191.236,119140,116.5,300,114.34,64.2733,51.6225,623
1276,189.7568,124860,116.4625,322,116.61,64.5355,52.7678,658
1277,190.0201,123133,117.3,298,114.73,64.5154,52.4139,648
1278,190.204,123062,117.35,311,115.76,64.1988,52.5894,647
1279,188.7511,124387,116.275,300,115.8,64.0343,52.9183,659
1280,189.2613,120938,116.35,308,114.71,64.0646,52.9334,639
1281,187.2429,117963,116.95,296,113.88,64.1138,52.9229,630
1282,188.1037,121515,117.45,291,116.08,64.0845,52.7919,646
1283,187.8096,117381,115.425,292,115.66,63.9592,52.7397,625
1284,187.4662,119416,116.5625,298,114.98,63.9845,53.1425,637
1285,189.0741,117415,117.825,289,115.2,64.3068,52.5919,621
1286,186.8969,121483,117.975,270,117.01,63.8751,52.8951,650
1287,187.73,117519,117.2,301,114.23,64.2965,52.4808,626
1288,187.6148,121762,117.3375,315,115.05,63.9796,53.3178,649
1289,189.6742,117598,117.4875,326,115.15,63.9444,52.9013,620
1290,189.377,118550,116.7375,303,114.62,63.778,52.9254,626
1291,189.6217,120789,117.7125,290,116.18,64.3871,52.8226,637
1292,191.4568,117363,117.225,299,116.4,64.0729,52.588,613
1293,189.9444,119665,116.2125,295,115.03,64.433,52.4476,630
1294,190.2997,120650,116.2625,300,115.29,64.5087,52.2323,634
1295,191.4401,118310,116.2,286,115.39,64.304,53.0745,618
1296,192.2618,118241,118.0125,298,115.89,64.2606,52.7979,615
1297,191.5659,117813,116.6875,293,115.1,63.8807,52.9123,615
1298,191.9335,124181,118.025,290,115.64,64.2525,52.7002,647
1299,192.1748,122031,117.6625,299,114.45,64.013,52.9071,635
1300,192.1625,121831,116.7375,308,114.35,63.9782,52.6076,634
1301,193.8839,120208,116.9375,303,116.57,64.0005,52.3514,620
1302,194.9345,122029,117.425,313,115.29,63.6324,52.5497,626
1303,193.4423,122449,117.4875,304,113.93,64.062,52.9968,633
1304,195.6858,122695,116.9625,297,115.73,63.5428,51.989,627
1305,197.867,126437,117.9625,310,115.26,64.2759,52.2862,639
1306,197.8634,121686,116.8375,294,114.56,63.784,52.393,615
1307,195.6987,124073,117.7125,322,115.51,63.9191,52.3444,634
1308,195.3039,124018,117,298,115.75,64.1913,52.3814,635
1309,196.4274,121785,116.8875,337,115.27,63.6041,51.6271,620
1310,194.9784,126151,116.2875,294,114.94,64.2688,52.3486,647
1311,194.8684,121403,114.75,295,114.93,64.0987,52.0455,623
1312,194.919,120265,115.7125,299,115.47,63.8226,52.2922,617
1313,193.7673,120717,117.95,301,116.75,64.2545,52.0972,623
1314,194.3485,119330,116.9375,300,115.96,63.4725,52.5078,614
1315,192.4337,118924,115.9375,297,113.63,63.7186,52.178,618
1316,192.4313,119115,117.75,294,114.23,63.8447,52.1661,619
1317,192.1794,117806,115.95,305,114.71,63.8837,51.6225,613
1318,190.992,119179,117.575,294,114.62,64.0679,52.032,624
1319,188.7902,123280,115.1875,293,114.99,64.2973,52.4777,653
1320,187.9623,124619,117.2375,291,115.92,63.832,52.9553,663
1321,187.4058,117316,116.4875,294,114.88,64.1364,52.6455,626
1322,187.0489,114661,116.0375,285,114.5,63.7224,52.0516,613
1323,186.5759,117916,116.8125,270,114.78,64.275,52.5484,632
1324,186.9196,118507,117.575,287,116.14,63.9521,53.3287,634
1325,187.2392,116650,117.85,282,114.27,63.5211,53.0383,623
1326,185.6786,113821,117.325,281,114.86,63.7758,52.5454,613
1327,185.703,115693,118.4625,276,115.93,63.7117,53.1408,623
1328,185.2561,113562,118.625,268,115.67,63.5308,53.1414,613
1329,183.6265,123397,117.5875,288,115.07,63.9356,52.5726,672
1330,182.9655,116732,116.6375,275,113.79,64.6687,52.0791,638
1331,185.3991,117543,117,272,115.8,64.1503,52.7328,634
1332,182.6901,116739,116.4875,269,114.02,64.3591,52.469,639
1333,183.7728,114858,117.05,266,115.96,64.1425,52.6815,625
1334,182.8373,114639,115.8625,269,114.43,64.7155,52.3129,627
1335,182.1623,117859,117.025,285,114.93,64.2029,52.4789,647
1336,183.4899,117984,115.525,287,114.94,64.1759,52.7399,643
1337,185.0049,114333,116.8,287,114.72,64.0487,53.0884,618
1338,183.235,116171,115.3625,295,115.22,64.0441,52.2449,634
1339,184.5789,115731,117.0375,273,115.91,63.8677,52.4834,627
1340,183.4742,113754,116.525,268,114.5,64.3075,52.7441,620
1341,182.8814,114118,117.5125,284,116.51,63.7831,51.8731,624
1342,183.1419,112266,117.825,271,116.48,64.3126,51.8579,613
1343,181.2588,118362,118.125,279,116.14,63.7258,52.8185,653
1344,179.6813,118410,116.2875,280,115.35,64.0057,52.6764,659
1345,179.7088,112318,115.7125,274,115.04,63.8115,53.3032,625
1346,179.6263,117296,116.5125,267,114.45,64.5071,53.5091,653
1347,180.3057,110888,117.075,269,114.92,64.4812,53.6393,615
1348,178.319,111806,116.3875,275,115.26,63.947,53.3002,627
1349,178.8688,111793,117.4125,262,114.74,64.1484,53.4032,625
1350,177.1234,122038,117.5375,253,116.05,64.2346,53.7378,689
1351,178.5525,112131,117.6125,265,115.85,64.4191,52.7789,628
1352,178.4476,112422,116.3625,268,115.68,64.5881,53.4024,630
1353,177.8692,115615,115.975,276,116.27,64.4313,52.527,650
1354,177.5117,113430,115.6875,265,115.15,64.388,52.712,639
1355,178.2912,111432,117.875,251,115.14,64.6581,52.6464,625
1356,179.8631,112954,117.1,269,116.28,64.3447,53.7373,628
1357,178.8218,113373,116.0875,255,114.15,64.0317,52.6348,634
1358,178.0298,113405,115.8875,258,114.68,64.2139,52.1091,637
1359,177.7586,118565,117.3875,252,115.95,63.6076,52.1512,667
1360,179.399,111945,117.8375,268,115.73,64.2022,52.5909,624
1361,179.5656,114922,116.85,272,116.55,64.1211,52.2428,640
1362,177.6058,109938,117.975,260,114.74,63.6161,52.974,619
1363,178.2813,109643,118.175,269,114.85,63.5944,53.5685,615
1364,178.5471,115520,117.8875,273,115.36,64.5456,53.6241,647
1365,178.562,113744,116.3875,259,116.11,64.5574,53.5472,637
1366,178.7216,121352,116.1375,252,115.19,64.6791,53.9423,679
1367,178.0407,118219,117.6375,259,115.04,64.406,53.787,664
1368,179.3752,111392,116.325,265,115.63,64.7798,53.7952,621
1369,179.3276,113873,116.35,250,114.13,63.9538,53.4252,635
1370,179.1695,114131,117.2375,270,115.81,64.2502,52.925,637
1371,178.3364,114492,116.325,259,114.16,64.4948,52.639,642
1372,178.1308,119882,115.725,247,115.47,64.4788,53.5252,673
1373,177.6291,114926,116.3875,249,115.11,63.9414,52.163,647
1374,179.9086,110284,116.275,280,113.63,65.0415,53.91,613
1375,178.77,111910,115.65,263,114.23,64.545,52.5541,626
1376,179.3513,109763,115.4625,263,115.47,64.4295,53.1655,612
1377,178.187,115287,116.7375,277,114.78,64.9172,53.8602,647
1378,179.095,114979,117.45,262,116.06,64.7166,53.2184,642
1379,178.045,114661,116.4,263,115.52,64.8679,53.0896,644
1380,178.0304,111269,116.65,257,114.6,64.0886,52.298,625
1381,176.6391,117465,115.9125,247,114.53,64.6228,52.7756,665
1382,179.1458,114295,116.425,258,116.33,63.8877,53.2669,638
1383,180.1199,111134,116.975,261,115.13,63.7944,53.3003,617
1384,180.8661,112137,117.7,264,115.53,64.8331,53.8872,620
1385,178.9177,110929,116.825,259,114.69,64.6748,53.6442,620
1386,179.061,111555,117.075,264,114.43,64.0116,52.7714,623
1387,178.2897,114462,117.225,252,114.63,64.2744,53.7271,642
1388,179.5746,111875,118.5875,266,116.41,64.9847,53.1094,623
1389,177.7375,113752,116.825,255,115.45,64.3291,53.2572,640
1390,178.4908,116019,116.075,254,115.96,64.0967,53.1359,650
1391,178.1039,109712,115.8625,263,115.09,64.2568,52.9233,616
1392,177.5456,110966,116.8125,269,115.23,64.3171,52.9604,625
1393,176.3575,114456,116.75,262,115.69,64.0056,52.5532,649
1394,175.8758,114671,117.4625,275,114.82,63.9768,52.5699,652
1395,174.8877,115251,116.1875,249,115.44,64.4273,53.5482,659
1396,175.1123,110671,116.7375,264,114.7,64.5003,51.9721,632
1397,175.0247,113591,116.575,261,114.37,64.4514,52.857,649
1398,176.8793,108427,117.8,258,115.78,64.2487,53.6404,613
1399,176.1278,111665,117.1375,252,115.65,63.9303,54.4216,634
1400,175.1822,116321,117.425,248,115.54,63.681,53.3074,664
1401,175.1754,110886,117.6,246,114.78,64.0132,53.762,633
1402,176.0016,111585,116.5,247,114.36,64.2587,53.7188,634
1403,175.8621,110969,116.1625,256,115.14,64.6321,53.4301,631
1404,176.2094,108545,116.4875,255,115.61,64.3239,53.2871,616
1405,175.8931,110285,115.9875,249,115.42,63.9863,54.3229,627
1406,173.9529,118114,116.2375,259,115.85,64.3259,54.8421,679
1407,175.4511,107727,117.1,249,115.18,64.6188,53.1187,614
1408,175.8393,108317,116.175,269,114.05,64.0087,53.0471,616
1409,176.0096,109654,116.2375,251,115.68,64.2421,52.676,623
1410,175.319,110451,116.5625,268,114.39,64.5003,53.6679,630
1411,171.7603,124698,116.5,254,114.98,63.8918,52.5882,726
1412,176.4486,109751,116.4375,249,114.6,64.0663,52.5118,622
1413,175.7316,110008,116.225,244,114.24,64.5315,52.411,626
1414,174.891,109132,117.125,260,114.08,64.4282,52.9641,624
1415,175.2913,112537,116.4625,260,114.81,64.9236,53.0595,642
1416,174.3175,113655,117.2125,265,114.22,64.5597,52.1959,652
1417,174.4844,117079,116.0875,245,114.6,64.4814,53.1281,671
1418,176.8865,113738,117.7875,259,115.57,64.7357,52.5941,643
1419,177.5769,112051,117.3,278,116.37,64.3674,51.3857,631
1420,177.3855,109979,117.85,259,115.25,63.9498,53.2469,620
1421,175.0805,119580,116.3875,262,115.67,63.8983,53.8264,683
1422,175.8647,113081,116.4,252,115.96,64.3495,53.5596,643
1423,176.4405,109746,116.8875,250,114.91,64.7727,53.7012,622
1424,175.8854,110456,116.65,249,113.4,64.0029,51.6009,628
1425,176.4577,112580,116.7375,254,115.11,64.4739,52.7342,638
1426,177.4596,111977,116.725,257,115.28,64.314,51.6472,631
1427,177.2296,108819,115.85,270,115.51,63.8179,52.5291,614
1428,175.1969,114754,116.1,245,114.31,64.3652,53.6056,655
1429,176.2252,111903,117.25,245,115.32,64.9897,52.621,635
1430,176.7445,113470,114.6,258,114.85,64.2978,52.9138,642
1431,178.7841,112634,117.6375,264,115.92,64.0393,53.5994,630
1432,177.2516,113441,116.0875,260,115.03,64.318,52.7351,640
1433,176.8815,111966,116.5375,267,114.94,64.2572,52.6369,633
1434,178.0489,109144,115.65,252,114.76,63.8988,52.5005,613
1435,175.0327,123048,117.4,262,115.13,63.9608,52.7057,703
1436,178.0707,110760,117.45,248,115.96,63.9997,52.0949,622
1437,177.5016,112536,116.9625,251,114.38,64.6154,52.9274,634
1438,177.1121,113706,117.125,246,114.7,64.3835,53.5522,642
1439,176.0648,116907,117.5875,271,115.55,63.9203,54.1123,664
1440,177.4065,114782,118.9,242,115.84,64.0456,53.3491,647
1441,177.3016,109927,115.8625,242,114.48,64.024,53.4195,620
1442,177.5515,112035,117.4375,257,116.89,64.6389,53.0283,631
1443,175.2435,115135,116.9625,260,115.29,64.2889,52.7539,657
1444,176.508,110847,115.025,256,115.55,64.2743,53.1617,628
1445,175.6237,115736,115.35,242,115.17,64.1967,53.1554,659
1446,174.716,114439,116.075,244,115.35,64.6365,53.0174,655
1447,176.4792,110476,116.375,253,115.59,64.1528,53.6122,626
1448,176.1934,112059,115.925,247,115.11,64.4332,52.7241,636
1449,176.4438,112924,116.8125,246,114.18,64.1781,53.0658,640
1450,176.5809,116720,116.6125,252,116.31,64.1276,53.7462,661
1451,177.3333,110124,116.4625,252,115.28,64.3958,52.2952,621
1452,177.9059,111547,116.7,252,115.38,64.6598,52.3226,627
1453,178.1547,109387,115.9125,252,116.02,64.3104,52.3657,614
1454,176.7358,111697,116.7125,270,114.17,64.4694,53.024,632
1455,176.6031,113026,116.4375,255,113.83,63.6929,53.143,640
1456,178.4026,110788,117.55,268,115.9,64.1728,52.6925,621
1457,177.678,109805,116.2,266,114.5,64.2164,53.2482,618
1458,175.847,116059,116.8875,264,114.13,63.969,52.999,660
1459,176.7055,112208,115.85,254,114.66,64.0268,53.214,635
1460,176.8874,116215,116.275,259,115.98,64.3268,52.725,657
1461,177.9021,109054,116.0625,255,115.54,64.7995,53.4013,613
1462,176.2603,115803,117.625,245,115.24,63.932,53.7574,657
1463,179.2688,112043,117.6625,261,115.9,65.0541,54.1892,625
1464,176.4835,112067,115.1375,264,114.57,63.571,52.3427,635
1465,177.8401,109016,116.6125,270,114.48,63.6471,53.152,613
1466,176.822,112282,116.2625,251,114.26,64.2221,52.7802,635
1467,175.9593,116837,115.225,250,115.4,63.5803,53.2263,664
1468,178.0299,113049,118.275,267,114.89,64.0564,53.4759,635
1469,177.9121,113330,115.8125,244,115.96,64.2073,52.5353,637
1470,177.9301,117078,117.475,274,115.6,64.6289,53.0759,658
1471,177.9666,111941,116.45,270,115.03,64.3015,52.4604,629
1472,176.3901,117123,116.9875,265,114.6,64.5014,52.4361,664
1473,179.0195,110276,116.2375,257,115.45,64.0211,53.3244,616
1474,179.1787,111270,117.7125,257,116.31,64.4764,52.9177,621
1475,179.4502,111618,115.5,267,114.58,64.5724,53.7397,622
1476,177.25,112731,116.9375,260,114.33,64.7267,53.6059,636
1477,177.9673,114433,115.4625,254,114.84,64.5185,53.0825,643
1478,179.3503,112632,118.95,251,115.78,64.2525,52.7515,628
1479,179.7221,111248,115.3375,277,114.98,64.2176,52.9277,619
1480,178.7926,116394,116.1875,263,115.77,63.8877,53.5768,651
1481,178.984,111865,117.0875,274,115.36,64.3961,53.4358,625
1482,181.6346,113340,116.15,260,114.81,64.1237,52.3549,624
1483,182.4564,117137,116.6375,271,115.73,64.2012,52.4736,642
1484,183.5744,113449,116.6125,272,115.47,63.4906,52.3758,618
1485,181.7354,115402,116.5125,256,115.22,64.4273,52.5483,635
1486,181.0766,115889,117.075,271,113.94,64.1933,52.5752,640
1487,180.6528,117063,117.0625,270,116.14,63.6852,52.7553,648
1488,181.1808,117224,117.3125,266,114.92,63.7875,52.7783,647
1489,180.7962,113540,116.625,258,115.04,64.4234,53.2078,628
1490,180.5987,114319,116.95,264,115.67,64.0087,52.7021,633
1491,179.9416,114083,116.45,255,114.47,64.4224,52.9891,634
1492,181.0287,113505,116.925,268,116.49,63.8242,53.2397,627
1493,179.6845,113920,117.575,279,114.87,64.2433,52.4572,634
1494,182.87,113928,118.05,259,115.79,63.9986,53.0618,623
1495,180.5511,111400,116.5375,285,114.83,63.257,52.8782,617
1496,180.3474,115783,117.4875,257,116.27,63.7052,52.5318,642
1497,179.8553,114388,116.775,256,114.39,63.9091,52.9211,636
1498,180.1307,110240,116.2875,264,114.5,63.9929,52.7105,612
1499,181.3756,112997,117.1625,273,114.38,64.2637,53.3859,623
1500,179.5016,115599,116.5125,263,114.41,64.5042,53.4351,644
