1,352.9167,84700,212.4125,467,212.12,39.6539,25.0469,240
2,356.1276,86539,208.2,437,210.41,39.3291,24.2892,243
3,360.5625,86535,209.825,450,212.59,39.4436,24.7501,240
4,353.3306,85506,208.15,461,210.33,39.2809,24.6228,242
5,357.1286,86068,208.575,463,211,39.3562,24.1443,241
6,355.3534,88483,210.1375,464,212.3,39.5306,24.7054,249
7,355.3292,86345,207.625,452,209.34,39.7155,24.1694,243
8,349.3644,86293,209.0125,447,210.63,39.4477,24.7232,247
9,353.875,84930,209.6625,420,210.75,39.6116,24.15,240
10,352.3868,85630,209.4875,458,211.25,39.9237,24.3647,243
11,351.3527,84676,207.1875,438,210.09,39.7962,24.4636,241
12,350.9502,84579,207.25,424,211.56,39.7247,24.35,241
13,352.0207,84837,208.35,453,210.09,39.6989,24.1115,241
14,354.9375,85185,208.5875,469,211.53,39.5262,24.2476,240
15,353.4025,85170,208.925,447,210.37,39.7675,24.447,241
16,352.8571,86450,207.85,452,211.06,39.7652,24.52,245
17,354.7469,85494,210.9875,450,212.21,39.7949,24.2555,241
18,352.6333,84632,211.0875,441,213.49,39.7883,24.2578,240
19,354.9876,85552,210.0625,456,212.59,39.803,24.3451,241
20,356.5602,85931,208.9625,463,211.49,39.9892,24.1912,241
21,353.3659,86928,208.05,450,210.94,39.7792,24.5729,246
22,354.5809,85454,208.75,454,209.36,39.7609,24.4198,241
23,353.7042,84889,209.3875,449,210.78,39.6514,24.3517,240
24,354.2739,85380,207.025,447,210.88,39.6457,24.2945,241
25,350.5556,85185,209.3875,451,210.88,39.7337,24.6701,243
26,353.4486,85888,209.7375,457,212.2,39.4711,24.5076,243
27,356.0747,85814,210.525,465,211.89,39.5458,24.1676,241
28,358.9421,86864,208.2625,459,211.62,39.6799,24.4115,242
29,360.5104,86883,209,464,211.58,39.9918,24.3001,241
30,359.029,86526,207.9375,463,209.69,39.6115,24.5326,241
31,360.9669,87354,211.35,467,213.45,39.4452,24.2015,242
32,360.1469,88236,211.175,465,212.92,39.6989,24.3953,245
33,362.938,87831,206.7875,483,210.98,39.5372,24.5318,242
34,368.4444,89532,212.1375,501,214.23,39.6381,24.2179,243
35,369.0417,88570,213.7625,460,213.87,39.8506,24.5525,240
36,370.0583,88814,206.975,480,209.63,39.7122,24.4338,240
37,369.1901,89344,209.5125,462,211.68,39.7941,24.4018,242
38,368.4691,89538,212.1625,478,213.22,40.1345,24.0152,243
39,372.4008,90121,210.1875,468,208.86,39.8875,24.047,242
40,375.9417,90226,209.25,507,210.38,39.5806,24.1918,240
41,375.0492,91512,209.9875,499,210.8,39.4384,24.4177,244
42,378.2167,90772,207.4,480,212.44,39.8646,24.6024,240
43,377.6792,90643,209.425,503,209.55,39.5955,24.4205,240
44,376.2869,91814,208.9625,505,209.21,39.8471,24.2978,244
45,379.9542,91189,206.925,495,209.95,39.7766,24.3817,240
46,375.5967,91270,211.0625,490,213.85,39.9469,24.2437,243
47,376.9091,91212,209.325,484,210.84,39.6517,24.3925,242
48,377.4357,90962,206.75,501,209.61,39.9626,24.3561,241
49,375.0917,90022,208.15,487,211.63,40.2022,24.1476,240
50,367.9876,88685,212.8375,490,211.9,40.0458,24.4781,241
51,370.9375,89025,208.9375,503,209.35,39.6947,24.4346,240
52,364.7137,87896,208.925,476,210.96,39.865,24.0027,241
53,369.0207,88934,208.8375,479,212.43,39.9213,24.4188,241
54,369.8542,88765,207.9375,470,208.83,39.9016,24.1757,240
55,369.2583,88622,209.5625,484,211.67,39.9018,24.3446,240
56,369.4959,89418,208.925,473,211.01,39.7605,24.2256,242
57,369.2708,88625,206.3625,482,209.37,40.0993,24.2153,240
58,367.5638,89318,208.9625,491,209.87,39.7827,24.2975,243
59,369.1162,88957,207.8875,472,208.75,39.9075,23.9955,241
60,370.5331,89669,206.2125,480,208.11,39.8366,24.2704,242
61,368.1245,88718,205.6125,509,209.34,40.1891,24.5014,241
62,368.0042,88321,212.7625,498,212.1,39.8805,24.3191,240
63,365.84,91460,207.7875,484,210.04,39.7132,24.4441,250
64,368.0747,88706,207.05,494,211.77,39.7016,24.4655,241
65,367.2612,89979,208.3875,476,213.33,39.6419,24.3847,245
66,369.6198,89448,207.5,474,210.64,40.2577,24.2207,242
67,366.112,88233,211.45,464,212.13,39.9797,24.0631,241
68,368.2946,88759,207.775,490,210.91,39.9425,24.2754,241
69,370.0375,88809,208.7875,495,211.5,40.202,24.3375,240
70,370.0776,90669,205.4875,492,208.5,39.9966,24.4704,245
71,370.6379,90065,210.45,493,212.48,39.8575,24.4298,243
72,369.6,88704,208.2125,500,210.26,39.8005,24.0176,240
73,367.6708,88241,209.1,480,211.65,39.795,24.0563,240
74,365.376,88421,209.025,467,211.19,39.7139,24.2625,242
75,369.3951,89763,212.0375,492,211.34,39.8293,24.4069,243
76,371.5583,89174,209.5375,484,211.05,39.9214,24.197,240
77,372.1875,89325,210.2125,504,212.46,39.6487,23.9678,240
78,376.0708,90257,206.1,485,208.17,40.2273,24.4359,240
79,372.698,91311,212.85,481,213.59,40.2515,24.2773,245
80,376.1167,90268,210.75,480,212.14,39.9697,23.9074,240
81,379.1167,90988,208.675,547,211.52,40.1529,24.0345,240
82,377.0415,90867,208.6625,513,209.57,40.1122,24.1977,241
83,379.5514,92231,210.2,507,211.8,40.1748,24.0322,243
84,379.527,91466,210.1,489,210.58,39.9676,24.2417,241
85,381.5164,93090,208.0125,499,209.85,39.8874,24.262,244
86,384.3182,93005,208.475,522,210.96,40.0033,23.9966,242
87,388.6364,94050,210.8625,502,211.03,40.3134,24.2977,242
88,393.2573,94775,208.85,517,210.83,40.342,24.0141,241
89,392.3416,95339,209.2625,576,209.86,40.2638,24.1907,243
90,391.5394,94361,208.7125,511,211.42,40.135,24.2056,241
91,390.4149,94090,209.5375,518,210.72,40.4023,24.1582,241
92,395.1079,95221,206.8875,519,209.12,40.0753,24.1969,241
93,395.2208,94853,205.1,532,208.39,40.0988,24.388,240
94,394.7833,94748,209.375,533,209.33,40.1544,24.286,240
95,393.6833,94484,210,519,211.76,40.3889,24.0408,240
96,395.25,96441,208.875,515,210.78,40.1042,24.2978,244
97,396.7375,95217,212.0625,529,212.21,40.1765,24.2553,240
98,397.1934,96518,210.7875,553,212.25,40.2014,24.088,243
99,393.1498,97108,212.05,510,212.81,40.2518,24.1498,247
100,390.3197,95238,213.2,529,213.32,40.1581,24.0707,244
101,393.6736,95269,211.225,522,210.66,40.1437,24.3454,242
102,394.4357,95059,208.3625,556,209.75,40.0304,24.1813,241
103,399.8395,97161,214.15,532,213.33,40.0473,24.4308,243
104,395.7427,95374,210.3375,541,212.13,40.1849,24.1486,241
105,393.083,94733,209.175,562,211.87,40.2147,23.8769,241
106,394.8672,95163,208.375,531,208.84,40.3066,24.1783,241
107,390.3167,93676,208.1125,497,209.14,40.1572,24.238,240
108,396.825,95238,212.8125,534,213.88,40.0809,24.2786,240
109,392.7375,94257,207.625,529,208.99,40.2863,24.2376,240
110,390.3843,94473,210.1125,536,211.23,40.2373,23.9559,242
111,389.8458,93563,212.7375,529,211.78,40.3501,24.2705,240
112,388.2833,93188,210.1,536,210.42,40.4079,24.0357,240
113,384.0456,92555,207.8875,504,208.27,40.189,24.046,241
114,383.2292,91975,211.15,529,212.65,40.2734,23.9555,240
115,380.4835,92077,210.3375,526,212.1,40.3671,23.9991,242
116,377.3833,90572,208.55,492,209.86,40.4345,23.9501,240
117,372.4625,89391,209.325,498,210.32,40.3783,23.9455,240
118,368.9506,89655,209.025,489,211.2,40.0364,23.9157,243
119,366.5868,88714,209.7625,493,211.08,40.3522,24.1924,242
120,365.2125,87651,207.5625,483,210.3,40.5182,23.7445,240
121,364.3125,87435,207.1125,463,208.84,40.3077,23.8059,240
122,361.9,86856,210.8,484,211.39,40.3451,23.672,240
123,362.1917,86926,209.2625,464,210.51,40.4005,23.7117,240
124,361.6042,86785,205.9375,493,207.77,40.0305,23.9041,240
125,355.3333,87412,206.7625,455,210.48,40.1859,24.0383,246
126,355.6352,86775,207.425,480,209.19,39.9215,24.1162,244
127,355.1583,85238,204.675,472,208.39,40.2045,23.8824,240
128,350.4583,84110,213.1625,436,211.55,39.9836,24.205,240
129,350.55,84132,208.2875,478,209.99,39.77,23.8303,240
130,350.6307,84502,205.3875,441,210.09,40.0013,23.8455,241
131,349.9794,85045,209.9125,444,208.85,39.8305,23.8619,243
132,351.3843,85035,207.2625,454,209.23,40.0862,23.8839,242
133,347.1934,84368,207.5625,445,209.05,40.0988,24.1636,243
134,347.6763,83790,209.9625,447,213.38,40.0131,23.5686,241
135,344.556,83038,210.2125,439,211.67,40.1515,24.0407,241
136,344.5785,83388,207.9375,458,208.43,39.7623,23.9036,242
137,339.6098,83544,207.875,427,208.79,39.8276,23.7264,246
138,340.102,83325,209.575,435,211.61,39.7642,23.9119,245
139,335.5143,82201,210.0625,428,211.1,39.829,23.9161,245
140,335.9208,80621,211.0375,448,212.26,40.0221,23.9084,240
141,336.938,81539,206.2875,436,208.94,40.1356,23.4392,242
142,338.8921,81673,206.05,439,208.44,40.1947,23.6586,241
143,338.2282,81513,207.9125,417,208.17,39.6852,23.8939,241
144,339.0766,84091,208,434,209.29,40.2462,23.6882,248
145,335.25,80460,208.275,423,209.16,40.1486,23.9654,240
146,334.1862,82544,210.125,440,211.23,39.7229,23.7902,247
147,332.1205,82698,208.525,433,211.68,39.604,23.6676,249
148,334.7833,80348,204.9625,433,208.55,39.9658,23.5675,240
149,331.6452,82248,207.1875,415,209.17,40.1169,23.5031,248
150,330.1895,81887,209.425,436,209.98,39.7068,24.3537,248
151,331.5537,80236,209.4125,403,209.31,39.9969,23.7192,242
152,332.5772,81814,208.3,426,210.46,39.955,23.6981,246
153,332.7366,80855,211.525,434,211.95,39.8389,23.6852,243
154,335.4,80496,207.7,446,208.83,39.8329,23.7726,240
155,334.4042,80257,207.25,441,209.09,39.9282,23.4851,240
156,335.1918,82122,208.35,426,209.05,39.7512,23.7383,245
157,337.102,82590,209.3125,420,210.98,39.932,23.8977,245
158,337.9835,81792,207.575,453,209.42,39.8542,24.0008,242
159,337.0935,82925,204.7125,423,208.15,39.6021,24.0014,246
160,339.2951,82788,207.75,440,208.3,40.0988,23.9308,244
161,338.7846,83341,211.525,444,212.7,39.9749,23.4867,246
162,336.3279,82064,207.775,421,210.82,39.9132,23.5619,244
163,336.1265,82351,206.5,444,209.84,39.7382,23.6696,245
164,336.1411,81010,207.6,414,210.55,39.8934,23.7128,241
165,335.575,80538,207.825,425,209.5,39.6911,23.7858,240
166,336.3765,83085,206.2625,437,208.36,39.6933,23.5002,247
167,337.248,82963,209.7375,444,211.57,39.8747,24.0535,246
168,338.1901,81842,210.025,415,212.15,39.8885,23.7108,242
169,339.1375,81393,210.05,430,210.44,39.7243,23.5043,240
170,337.5643,81353,205.55,451,209.21,39.886,23.7381,241
171,336.6584,81808,208.225,434,210.14,39.8645,23.9213,243
172,338.6352,82627,208.9625,438,211.02,39.7911,23.7361,244
173,335.5163,82537,209.625,428,213.05,39.9569,23.8833,246
174,332.657,80503,208.6,423,210.58,39.9069,23.5584,242
175,334.3667,80248,206.1625,437,209.99,40.282,23.7639,240
176,333.3071,80327,209.2375,442,210.26,39.8761,24.1021,241
177,331.1743,79813,208.3875,423,209.03,39.8198,23.4755,241
178,328.3542,78805,206.7875,405,208.83,39.9917,23.6966,240
179,326.0735,79888,205.075,416,210.42,39.6855,23.5365,245
180,325.8589,80813,209.5,421,212.36,39.8948,23.9737,248
181,324.8934,79274,208.9875,436,210.62,40.1327,23.6685,244
182,322.1,77304,208.325,408,209.15,39.8197,23.3605,240
183,324.4672,79170,209.3625,406,211.01,39.4808,23.3429,244
184,325.0083,78002,208.1875,434,210.71,39.8209,23.934,240
185,324.9917,78323,206.05,394,210.86,39.8281,23.2607,241
186,323.925,77742,209.6375,395,212.17,39.6643,23.8641,240
187,324.364,81091,207.3875,420,210.85,39.8649,23.3238,250
188,321.2757,78070,208.0625,420,211.29,40.0245,23.0554,243
189,324.4609,78844,208.725,409,211.32,39.9447,23.7192,243
190,326.4057,79643,208.45,425,209.84,39.7526,23.4813,244
191,324.8807,78946,210.275,403,211.61,40.3281,23.7642,243
192,322.1417,77314,208.8625,429,209.88,39.9344,23.3165,240
193,321.5292,77167,206.8,406,210.36,40.1346,23.3962,240
194,323.7542,77701,209.3,409,212.13,39.9467,23.4515,240
195,322.5422,80313,208.9,421,210.25,39.8861,23.5847,249
196,325.8375,78201,206.0125,426,208.93,39.8414,23.302,240
197,322.1066,78594,208.325,419,210.32,40.5602,23.7983,244
198,323.502,79258,208.925,419,209.57,39.9162,23.6804,245
199,325.575,78138,204.6,423,209.01,40.1474,23.575,240
200,327.1625,78519,208.0625,439,208.29,39.7095,23.6117,240
201,327.8423,79010,207.8875,440,209.19,39.7924,23.5985,241
202,324.8807,78946,208.975,431,211.79,40.2654,23.2145,243
203,326.7778,79407,209.925,447,209.87,39.9223,23.471,243
204,326.6352,79699,205.4125,423,207.85,40.1595,23.279,244
205,322.3566,78655,207.875,382,210.08,39.8863,23.657,244
206,321.6545,79127,206.4,410,209.23,40.0042,23.1511,246
207,322.3551,78977,210.975,401,212.23,40.2325,23.5427,245
208,320.8967,77657,210.275,428,210.39,39.569,23.5539,242
209,321.2355,77739,206.5125,411,208.77,39.6405,23.6552,242
210,319.1369,76912,207.775,403,210.05,39.8464,23.6051,241
211,318.3621,77362,207.225,405,207.96,40.0007,23.4601,243
212,319.4875,76677,209.2,396,210.22,40.2134,23.7068,240
213,321.2375,77097,207.5125,408,209.81,40.0685,23.6599,240
214,319.2448,76938,209.75,422,210.7,39.9023,23.571,241
215,317.9547,77263,206.3875,411,210.63,39.7053,23.3077,243
216,316.6971,76324,207.925,396,209.89,40.0997,23.532,241
217,313.3125,75195,208.6625,386,210.87,39.9483,23.2108,240
218,314.8926,76204,205.4,400,208.06,40.2856,23.3594,242
219,315.8049,77688,209.55,397,210.44,39.6846,23.6652,246
220,315.2531,75976,207.9625,399,210.52,40.0656,23.4556,241
221,316.1992,77785,210.9625,398,210.23,39.4846,23.0474,246
222,317.0375,76089,207.8875,411,210.73,39.5133,23.4616,240
223,316.4669,76585,209.0625,388,210.91,39.899,23.6266,242
224,318.5934,76781,212.1,417,213.67,40.0385,23.1467,241
225,320.9625,77031,209.475,397,210.62,39.7722,23.1767,240
226,321.9083,77258,209.2125,398,212.08,40.112,23.9357,240
227,320.9876,77679,204.9875,397,206.5,39.5901,23.5223,242
228,320.813,78920,210.3875,427,212.5,40.5678,23.3126,246
229,323.0984,78836,207.7,415,210.01,39.9322,23.4387,244
230,321.5556,78138,207.1,398,207.19,40.2597,23.6145,243
231,325.8664,80489,208.625,429,211.2,39.8204,23.194,247
232,326.9835,79130,206.6625,451,208.71,39.8137,23.3822,242
233,330.2551,81573,205.6,417,211.65,39.9316,23.0144,247
234,328.373,80123,208.525,441,210.19,39.7369,23.5413,244
235,328.9877,79944,208.3375,449,211.95,40.2326,23.2337,243
236,331.2231,80156,210.4625,412,211.07,39.8055,23.5023,242
237,333.5514,81053,206.2,455,208.74,40.455,23.1675,243
238,331.7276,81605,208.8,438,210.64,40.084,23.5368,246
239,330.214,80242,208.5125,432,207.85,39.924,23.3462,243
240,325.0996,78349,207.6875,427,208.7,40.0098,23.7907,241
241,325.9959,79217,208.1875,435,207.82,40.1496,23.5275,243
242,325.1625,78039,208.2625,413,209.69,40.1685,23.482,240
243,325.65,78156,207.6,416,210,40.3528,23.1318,240
244,325.7119,79148,208.975,423,210.27,40.4642,22.9874,243
245,325.9083,78218,208.2125,407,209.09,40.4227,23.5374,240
246,327.7521,79316,208.3,424,209.9,40.4742,22.9792,242
247,327.7347,80295,209.225,420,211.14,39.839,23.1359,245
248,325.3494,81012,208.4625,439,211.64,40.0865,23.4467,249
249,326.1025,79569,206.5625,430,209.05,40.4371,23.4557,244
250,325.9628,78883,206.6375,403,210.34,39.7419,23.2291,242
251,319.0868,77219,209.1125,413,209.31,39.4797,23.6114,242
252,319.8033,78032,206.5125,413,210.3,40.2442,23.2266,244
253,315.0445,77816,208.225,400,210.04,40.6777,23.0413,247
254,314.6573,78035,209.5625,408,209.68,40.3581,22.6375,248
255,317.1646,77071,206.675,393,208.62,40.5966,23.6268,243
256,317.4344,77454,209.8625,446,211.43,40.2028,23.4929,244
257,314.5397,79264,210.475,391,211.7,39.5609,23.3242,252
258,314.5021,75795,209.4625,404,209.71,39.9019,23.3722,241
259,313.7417,75298,208.7125,386,209.93,39.9968,22.707,240
260,313.0324,77319,208.1,381,210.27,39.8779,23.1023,247
261,312.9959,76058,205.9,413,208.87,40.0691,23.3923,243
262,312.1592,76479,207.15,429,209.99,39.3957,22.9284,245
263,316.3868,76882,211.1,389,211.05,39.9632,22.9637,243
264,315.6393,77016,205.4875,404,207.72,39.8472,22.4835,244
265,317.5292,76207,207.0625,393,209.78,40.2716,22.9271,240
266,316.2083,75890,205,393,208.48,39.9493,22.9572,240
267,313.3213,78017,206.775,422,210.25,40.3377,23.3424,249
268,316.332,77185,208.9875,395,210.04,40.2932,23.0803,244
269,319.4752,77313,209.0625,412,210.98,39.9364,23.0594,242
270,320.5902,78224,209.375,424,210.78,40.2016,22.8895,244
271,323.0412,78499,207.4375,414,209.83,40.0713,22.7624,243
272,320.8506,77325,210.8,407,210.61,40.2362,22.8815,241
273,323.7884,78033,208.9625,426,210.65,40.6175,23.0184,241
274,324.3508,80439,209.9375,417,208.19,39.9737,22.6942,248
275,325.3659,80040,207.325,423,208.38,40.0398,23.3235,246
276,331.1488,80138,208.4625,426,210.32,40.3357,22.9699,242
277,330.4708,79313,207.45,432,210.74,40.4853,23.3563,240
278,334.8465,80698,207.7875,426,210.41,40.1287,23.0351,241
279,339.6379,82532,208.525,446,209.64,39.7954,22.712,243
280,340.0583,81614,208.1,431,209.91,40.1726,23.3234,240
281,340.425,81702,206.5625,440,208.94,40.4684,23.2538,240
282,338.8583,83698,208.65,459,210.67,40.2134,23.3183,247
283,341.4917,82641,205.7,461,210.05,40.0948,23.6059,242
284,338.7551,82995,210.0625,454,212.1,40.6283,23.1453,245
285,342,83790,207.675,462,209.44,40.3151,23.0349,245
286,343.9091,83226,206,455,208.29,40.3388,23.1157,242
287,348.0166,83872,208.0125,455,210.36,40.1967,23.2407,241
288,346.3936,86252,210.3375,442,208.71,40.3409,23.0027,249
289,349.4228,85958,207,445,210.04,40.4224,23.3507,246
290,352.5583,84614,204.375,469,205.73,40.3705,23.2893,240
291,352.0833,84500,207,471,207.58,40.2811,23.5546,240
292,350.2439,86160,209.0875,461,210.08,40.1593,23.4412,246
293,353.5417,84850,207.225,474,210.79,40.5003,23.4187,240
294,353.719,85600,206.025,485,207.63,40.7138,23.289,242
295,353.1245,85103,206.55,474,207.65,40.2279,23.2611,241
296,354.3125,85035,208.7,483,210.97,40.6011,23.2268,240
297,354.7583,85142,209.625,476,210.22,40.428,23.0518,240
298,354.873,86589,209.5125,493,212.01,40.1191,23.3161,244
299,352.475,84594,211.1625,474,211.16,40.5723,23.2867,240
300,352.1417,84514,206.275,456,208.82,40.6328,23.4176,240
301,352.4568,85647,206.3,475,209.04,40.4511,23.3801,243
302,353.3444,85156,209.4,492,210.7,40.4233,22.9929,241
303,354.0537,85681,208.325,473,209.73,40.5851,23.3653,242
304,355.2551,86327,206.5375,462,209.91,40.2574,23.1372,243
305,354.7778,86211,208.3125,469,207.61,40.5542,23.3365,243
306,355.3042,85273,206.4375,471,207.65,40.3767,22.9063,240
307,353.8884,85641,206.525,508,210.01,40.5431,23.1787,242
308,354.9627,85546,206.95,482,209.68,40.2755,23.1024,241
309,351.8417,84442,209.8,470,210.9,40.456,23.3063,240
310,354.2614,85377,208.375,480,208.17,40.437,22.9939,241
311,353.1625,84759,206.8,461,207.04,40.4899,23.3567,240
312,352.444,84939,208.5625,460,208.05,40.5377,23.0767,241
313,352.3,84552,207.075,457,208.1,40.6352,23.1199,240
314,350.6352,85555,207.1625,468,208.02,40.5825,22.8604,244
315,353.6224,85223,208.4625,479,211.25,40.4313,22.9509,241
316,353.3554,85512,207.3,487,210.46,40.1691,22.883,242
317,352.877,86102,210.275,503,211.54,40.5186,23.1638,244
318,357.4333,85784,209.2125,468,213.31,40.3024,22.8588,240
319,358.959,87586,210.325,465,212.04,40.4671,23.2383,244
320,362.6967,88498,209.7625,480,212.72,40.8336,23.1816,244
321,360.4149,86860,206.475,504,209.39,40.3191,23.2954,241
322,356.9208,85661,209.2625,461,213.21,41.0262,22.6194,240
323,360.9004,86977,209.8875,527,210.97,40.1596,23.212,241
324,361.6173,87873,209,481,211.28,40.4868,23.2088,243
325,365.1328,87997,207.05,471,208.87,40.1697,23.0609,241
326,370.0708,88817,212.55,482,213.55,40.4707,23.1975,240
327,367.2757,89248,210.375,489,209.4,40.6334,22.9935,243
328,370.4025,89267,210.4375,495,211.13,40.7718,23.2664,241
329,375.7438,90930,207.525,499,209.07,40.5873,23.0561,242
330,372.4115,90496,210.7125,514,211.2,40.4668,22.8251,243
331,372.9333,89504,213.65,530,212.7,40.8613,22.962,240
332,377.8125,90675,211.8375,517,213.95,40.5369,23.3489,240
333,372.0292,89287,211,509,210.98,40.9195,22.9146,240
334,371.876,89994,207.15,491,209.86,40.5773,22.771,242
335,370.5333,88928,210.4375,492,212.83,40.9073,23.0286,240
336,369.61,89076,212.5,501,212.34,40.6037,22.8614,241
337,367.4774,89297,208.775,508,210.16,40.6458,23.232,243
338,367.6844,89715,206.925,491,208.13,40.8862,23.0484,244
339,366.6473,88362,210.9125,493,212.96,40.5837,23.0601,241
340,370.1708,88841,207.775,516,211.67,40.7771,23.1456,240
341,371.4609,90265,211.6,508,211.97,40.6806,22.7803,243
342,369.0488,90786,207.975,504,212.58,40.5716,22.8664,246
343,368.8097,91096,214.25,503,214.98,40.5386,23.0377,247
344,368.625,88470,211.7,511,213.85,40.649,23.1424,240
345,366.6286,89824,213.1125,499,215.07,40.7467,22.7913,245
346,365.2822,88033,210.95,509,211.4,40.5391,22.7756,241
347,370.0917,88822,210.6875,490,212.67,40.8151,22.8068,240
348,363.3976,90486,212.8625,474,212.31,40.5328,22.5079,249
349,364.0373,87733,210.45,506,211.23,40.797,22.9265,241
350,361.166,87041,212.0375,474,212.94,41.0707,22.9992,241
351,359.459,87708,209.4375,469,209.21,40.6443,22.6981,244
352,355.5292,85327,210.5125,469,211.68,41.0517,22.599,240
353,354.05,84972,214.025,479,213.74,40.8408,22.3597,240
354,352.722,85006,210.65,481,212.23,40.4409,22.9037,241
355,348.7842,84057,208.8625,451,210.77,40.6824,22.7585,241
356,343.0417,82330,210.3,461,213.39,40.2824,22.6958,240
357,339.065,83410,211.425,437,212.42,40.8341,22.7013,246
358,339.4463,82146,211.925,465,212.92,40.7203,22.1338,242
359,336.3992,81745,210.3375,450,210.44,40.8697,22.2256,243
360,332.8947,82225,207.35,450,208.69,40.7519,22.4737,247
361,332.716,80850,209.9125,419,211.19,40.7882,22.6897,243
362,330.6333,79352,210.6125,436,208.64,40.4789,23.008,240
363,327.5679,79599,209.8375,418,214.01,40.7548,22.4925,243
364,327.9793,79043,208.2375,446,212.65,40.655,22.407,241
365,326.49,81296,210.25,436,210.34,40.1247,22.6416,249
366,324.6818,78573,204.475,435,206.2,40.4679,22.2154,242
367,322.0705,77619,207.0875,409,210.41,40.5984,22.0185,241
368,321.0658,78019,207.65,435,208.64,40.7034,22.3458,243
369,321.4568,78114,208.0125,407,209.79,40.8444,22.2104,243
370,322.2955,79607,207.7125,407,211.61,40.734,22.7051,247
371,322.405,78022,206.2375,404,209.45,40.7903,22.1595,242
372,323.4523,77952,211.7625,411,213.71,40.4599,22.0244,241
373,325.0531,79638,208.3,421,210.68,40.5685,22.3349,245
374,326.2025,78941,206.8625,413,207.88,40.8171,21.9354,242
375,324.6078,82775,210.4375,417,210.37,40.8065,21.8952,255
376,326.0041,79219,210.875,422,212.64,40.5399,22.0096,243
377,327.7925,78998,208.3375,438,211.9,40.3483,22.3661,241
378,329.9375,79185,208.7625,415,211.76,40.6567,22.0575,240
379,328.6214,79855,209.1625,421,210.73,41.1257,22.314,243
380,332.2387,80734,212.3,446,209.88,40.8326,22.0611,243
381,332.4232,80114,208.625,422,210.11,40.5922,22.1077,241
382,329.8943,81154,206.175,411,210.59,40.8894,22.1955,246
383,330.8848,80405,210.725,432,212.6,40.6901,22.3285,243
384,329.7107,79790,209.725,438,211.72,40.663,21.9532,242
385,327.692,81923,209.4,422,211.09,40.7884,22.6389,250
386,332.3862,81767,209.525,450,210.95,40.674,21.8736,246
387,330.6033,80006,208.2,425,208.8,40.7365,22.2327,242
388,330.7303,79706,209.0375,450,208.62,40.8685,22.2304,241
389,328.8816,80576,205.3375,416,209.11,40.6658,22.5073,245
390,329.4344,80382,209.875,449,211.22,40.526,22.5782,244
391,334.6281,80980,210.4875,443,209.45,40.8297,22.1202,242
392,337.062,81569,210.3875,459,208.27,40.7474,22.2817,242
393,335.0482,83427,211.625,430,211.19,40.766,22.0125,249
394,339.1605,82416,209.8375,453,211.79,40.7739,22.3858,243
395,339.6914,82545,206.7875,433,210.39,40.8658,21.7633,243
396,338.9544,81688,207.1625,449,206.51,40.9874,22.0567,241
397,338.4542,81229,210.025,426,214.84,40.9032,22.1179,240
398,343.6875,82485,210,469,210.98,40.8569,22.1086,240
399,341.8625,82047,206.05,448,210.38,40.905,21.9616,240
400,341.7851,82712,210.6625,457,212.91,41.2173,22.1456,242
401,343.5375,82449,209.4125,474,209.52,41.0474,22.1232,240
402,344.9476,85547,209.175,450,208.25,40.868,21.8267,248
403,340.1333,81632,208.05,466,210.92,40.8992,21.9882,240
404,339.0124,82041,211.0375,450,209.71,40.9177,22.0772,242
405,337.1714,82607,209.2375,445,207.98,41.133,21.7335,245
406,338.4691,82248,213.2125,451,211.34,41.0283,22.5882,243
407,336.192,84048,209.225,457,209.57,40.8295,22.0578,250
408,340.2199,81993,210.4125,443,212.08,41.4471,21.9238,241
409,340.9333,81824,208.7125,483,211.23,41.095,22.3361,240
410,337.3983,81313,210.95,437,211.28,41.4201,21.8869,241
411,336.3198,83071,208.0625,468,207.91,40.8274,21.638,247
412,339.6598,81858,208.7,429,210.96,40.6222,22.2418,241
413,336.5375,80769,212.425,435,211.11,40.7372,21.9779,240
414,334.358,81249,206.9,448,209.89,40.8311,21.874,243
415,333.3182,80663,207.725,436,210.64,40.7193,22.3724,242
416,332.902,81561,209.1,427,212.1,40.545,22.1701,245
417,330.7895,81705,207.025,429,211.07,40.7343,21.3817,247
418,330.1826,79574,210,439,211.08,41.1463,21.895,241
419,328.7625,78903,210.5875,422,208.17,40.4918,22.098,240
420,326.6583,78398,210.0375,419,211.65,40.8128,22.0921,240
421,324.0451,79067,210.2625,422,207.39,40.7201,22.0626,244
422,320.5164,78206,212.0125,412,212.51,40.893,21.5426,244
423,316.5926,76932,208.7125,408,211.37,41.173,21.528,243
424,315.975,75834,208.1875,397,208.6,41.1394,22.0619,240
425,315.786,76736,211.9375,397,210.48,40.8347,21.3313,243
426,315.6556,76073,208.425,405,209.82,40.6471,21.7585,241
427,314.9073,78097,209.825,404,210.24,41.0973,21.2797,248
428,315.5082,76984,210.3875,394,209.74,40.8446,21.4579,244
429,315.5943,77005,207.8625,410,209.2,40.8127,21.6324,244
430,313.7778,79072,207.5875,418,210.29,40.4812,21.1266,252
431,314.0164,76620,207.5875,398,209.15,40.9171,21.4152,244
432,318.6571,78071,209.175,413,209.73,40.8389,21.5794,245
433,317.5432,77163,207.875,390,209.46,40.9227,21.6128,243
434,321.6639,77521,210.1875,396,213.41,41.3418,21.4845,241
435,322.35,77364,209.1375,415,208.99,40.9883,21.4203,240
436,321.6286,78799,209.8125,428,211.88,41.0059,21.4618,245
437,322.2167,77332,207.75,406,208.86,41.3497,21.4881,240
438,322.144,78281,208.525,432,210.22,41.5973,21.1349,243
439,320.473,77234,210.0375,417,210.85,41.454,21.3612,241
440,318.8629,79078,209.475,405,207.76,40.9291,21.2462,248
441,318.0366,78237,207.575,394,210.17,41.1171,21.0593,246
442,319.7427,77058,208.975,409,209.04,41.0683,21.3345,241
443,316.9958,76079,211.2875,431,209.83,41.323,21.0356,240
444,318.4215,77058,206.75,431,208.84,41.412,21.5312,242
445,315.2903,78192,211.7375,407,212.04,40.6463,21.4688,248
446,317.3776,76488,209.2,432,207.99,41.3251,21.5468,241
447,313.7303,75609,213.4,378,213.16,41.4777,20.638,241
448,312.0927,77399,203.975,383,207.61,41.4421,20.1818,248
449,313.4631,76485,209.2105,411,207.29,40.8498,21.3175,244
450,310.3566,75727,206.475,408,210.06,41.7671,20.8908,244
451,310.4792,74515,207.4375,408,210.08,41.0566,21.4935,240
452,313.5,75867,209.6125,390,207.8,41.1689,21.5967,242
453,313.4191,75534,207.325,399,207.44,41.2165,21.255,241
454,311.1566,77478,209.925,386,211.36,40.976,20.9281,249
455,311.3452,78459,206.3,414,209.48,41.4115,20.715,252
456,315.2186,77859,210.2,397,210.21,41.0114,20.5735,247
457,315.6694,76392,209.1625,409,209.98,41.6421,20.7226,242
458,314.6129,78024,208.8125,412,209.63,40.8407,20.6565,248
459,315.7303,76091,209.0125,420,208.91,40.9032,20.7373,241
460,315.9465,76775,209.9125,385,212.28,41.0797,20.306,243
461,311.7167,74812,208.5263,389,209.26,40.9388,20.923,240
462,312.8963,75408,208.3375,410,210.24,41.163,20.7346,241
463,314.8642,76512,209.45,399,210.93,41.8913,20.7105,243
464,314.502,77053,209.5625,407,210.89,41.0936,20.6527,245
465,316.1157,76500,210.7375,390,208.05,41.125,21.1003,242
466,318.3792,76411,208.8875,402,211.92,41.1537,21.4396,240
467,315.9113,78346,210.4375,397,209.79,41.0138,21.5105,248
468,314.3852,76710,206.55,407,207.78,40.9001,21.1408,244
469,314.3651,75762,203.9625,391,206.33,41.5332,20.8894,241
470,312.8949,80414,210.725,435,208.66,41.6864,20.456,257
471,314.8618,77456,206.4605,388,209.02,41.0803,20.9462,246
472,314.9835,76226,210.225,395,209.57,40.7522,20.7576,242
473,310.7837,76142,210.8,398,210.18,41.058,20.5504,245
474,312.3678,75593,209.8625,431,210.22,41.6701,20.574,242
475,309.5103,75211,211,384,209.36,41.4665,20.6685,243
476,308.751,74409,209.575,390,209.72,40.9429,21.1275,241
477,307.0492,74920,210.6875,392,212.1,41.5012,20.6361,244
478,305.5918,74870,209.6,385,209.09,41.0909,20.7217,245
479,306.1618,73785,209.6375,372,210.15,40.8896,21.0814,241
480,305.3184,74803,207.0875,397,211.91,41.6699,20.4877,245
481,306.0198,77117,210.9211,385,209.67,41.1316,20.6325,252
482,306.5124,74176,208.625,385,206.92,41.4892,20.4694,242
483,306.3171,75354,206.0263,396,209.83,41.2122,20.6098,246
484,308.6091,74992,209.8375,378,209.29,41.1852,20.9113,243
485,309.4549,75507,208.575,394,211.86,41.2419,20.2944,244
486,307.7025,74464,208.5526,393,209.59,41.7636,20.2534,242
487,310.6423,76418,208.6184,399,207.29,41.0815,20.1483,246
488,313.9875,75357,209.3421,397,213.08,41.3297,20.4984,240
489,310.4795,75757,206.4342,381,206.9,41.1585,20.152,244
490,308.8889,75060,207.2237,401,209.59,41.5141,20.4399,243
491,312.6488,75661,207.5,405,208.74,40.9708,20.8641,242
492,308.3952,76482,205.825,397,208.33,41.4537,20.7737,248
493,310.8107,75527,205.1375,382,205.8,41.003,19.6025,243
494,308.8171,75969,208.2895,389,207.87,41.4039,19.8701,246
495,308.3887,76172,208.2632,403,209.23,41.1895,20.1416,247
496,306.0413,74062,207.4211,385,209.08,41.2879,20.5773,242
497,308.075,73938,207.8375,393,208.56,41.5137,20.2544,240
498,308.5469,75594,210.0132,412,210.95,41.4241,19.9644,245
499,303.095,73349,208.0395,383,209.52,41.1917,20.6055,242
500,303.328,75832,205.3375,383,208.9,41.1239,21.2108,250
501,304.5679,74010,207.2625,358,207,41.4949,20.0736,243
502,306.7149,74225,210.9868,385,211.09,40.7649,20.158,242
503,305.3595,73897,205,371,207.96,41.6713,20.5961,242
504,299.8716,77067,208.55,386,207.69,40.5019,19.9286,257
505,305.8566,74629,206.8158,375,209.92,41.3957,20.7971,244
506,307.4545,74404,205.3625,388,206.74,41.0639,20.2122,242
507,303.6732,78044,206,395,205.52,41.5303,19.1791,257
508,306.281,74120,207.25,391,210.75,41.2681,20.5293,242
509,302.2774,82824,207.125,392,207.92,42.0849,19.9393,274
510,307.9098,75130,207.8289,389,207.28,41.7223,19.4036,244
511,302.6628,78087,208.4706,376,211.63,41.5429,19.8666,258
512,307.6033,74440,209.8816,394,209.7,41.4042,19.9367,242
513,307.5062,74724,208.4211,390,209.65,41.1565,20.4777,243
514,305.0653,74741,208.1711,385,207.69,41.6811,20.2251,245
515,303.7602,74725,210.8421,389,212.06,41.2309,20.4497,246
516,305.4408,74833,208.7763,379,209.53,41.3109,20.0029,245
517,302.8089,74491,207.1974,371,207.76,41.315,20.0346,246
518,302.9585,73013,205.8816,380,208.69,41.716,19.8069,241
519,301.692,79345,206.3421,388,210.79,41.6,19.9448,263
520,299.5918,73400,209.3289,399,208.74,41.986,19.8298,245
521,302.3346,76793,208.7237,369,209.94,40.7521,19.6866,254
522,305.3917,73294,206.5921,391,209.33,41.614,19.8196,240
523,302.9271,74823,210.2237,384,209.17,41.2456,19.3755,247
524,300.0605,74415,208.2647,381,210.11,41.2392,19.5207,248
525,300.664,75166,209.4342,381,210.22,41.6245,20.2006,250
526,296.4167,78254,211.6974,367,209,41.3073,19.2706,264
527,301.275,72306,204.4706,399,207.03,41.9592,19.4616,240
528,300.5935,73946,206.6765,378,208.53,41.1917,19.4547,246
529,301.3176,76836,208.7647,441,208.46,41.2897,19.8445,255
530,304.3525,74262,208.5526,374,207.58,41.1804,19.9327,244
531,300.3401,74184,212.8684,369,207.19,41.4852,19.8275,247
532,300.2,72048,209.6184,374,210.21,41.834,19.0005,240
533,296.6715,82178,205.8088,387,209.21,41.7459,18.4348,277
534,298.9876,72355,209.8,381,209.06,40.9265,19.762,242
535,300.8963,72516,207.5132,364,206.54,41.7643,19.1062,241
536,300.3527,72385,206.6176,362,205.72,41.3271,19.3203,241
537,296.3146,79116,209.0882,383,209.74,40.9275,19.1332,267
538,298,75394,209.3382,370,209.85,41.3333,19.1949,253
539,297.8532,75059,211.9706,382,210.93,41.1977,19.358,252
540,296.2407,71394,205.7794,356,205.88,41.0346,18.9616,241
541,298.7582,72897,205.1324,371,204.84,41.4538,19.0114,244
542,299.037,72666,209.6471,366,206.5,41.3805,18.7644,243
543,294.0877,83815,208.1324,363,206.73,41.1669,18.7734,285
544,296.5,74718,205.8676,374,206.92,41.7641,19.5038,252
545,298.7837,73202,205.6053,387,205.79,41.5546,19.0212,245
546,297.0782,72190,210.1765,359,208.71,41.6777,19.3437,243
547,298.004,75097,209,378,210.09,41.2919,20.0523,252
548,297.2664,72533,208.2368,362,205.84,41.9028,19.458,244
549,299.361,72146,208.1471,374,210.83,41.4415,20.1161,241
550,296.3154,71412,207.4605,345,208.88,41.4322,19.7686,241
551,297.9383,72399,207.5526,399,207.64,41.1979,19.8349,243
552,296.5289,71760,206.7632,368,209,42.3598,19.412,242
553,297.5968,73804,208.8529,397,208.03,41.7243,18.9852,248
554,297.0917,71302,207.5147,369,208.28,41.7171,18.5589,240
555,298.4563,75211,209.0147,385,211.02,41.6214,19.3221,252
556,299.0408,73265,206.4265,384,210.85,41.9654,19.6,245
557,299.325,71838,205.6053,384,207.51,41.9075,18.9782,240
558,299.2231,72412,209.6324,387,210.09,41.9747,20.1764,242
559,299.4896,72177,208.5395,383,208.85,41.7421,19.6607,241
560,301.2627,76822,206.6974,384,208.59,41.3729,19.5062,255
561,304.2724,74851,209.1447,394,211.06,40.9013,20.2591,246
562,303.048,75762,205.8158,371,208.52,41.4659,19.7083,250
563,307.3125,73755,207.1711,401,205.1,41.4024,20.531,240
564,305.3033,74494,208.4,387,208.46,41.4492,19.9014,244
565,307.6958,73847,208.8553,391,208.6,41.9799,19.7332,240
566,305.7819,74305,207.3026,404,209.92,41.4592,20.364,243
567,307.5647,78429,203.8026,377,207.2,41.793,19.2627,255
568,309.0736,79741,209.4412,387,209.57,41.345,19.8566,258
569,310.5333,74528,206.5658,413,208.41,41.417,20.2709,240
570,309.5144,75212,207.1316,401,206.97,42.1457,20.0092,243
571,308.7303,74404,206.8553,401,205.48,41.9956,20.1889,241
572,312.3792,74971,206.9737,405,208.8,42.2782,20.6645,240
573,311.1389,78407,210.0625,411,207.94,41.7494,20.0514,252
574,314.9834,75911,208.8421,387,208.66,42.0936,19.7379,241
575,318.0165,77278,206.0132,408,206.63,42.0208,19.9964,243
576,318.6694,79030,207.1974,420,209.02,41.7247,20.1734,248
577,319.1452,76914,207.4737,414,209.35,42.0355,20.342,241
578,319.6763,77042,206.6447,407,205.88,41.562,20.194,241
579,318.3714,78001,208.0921,414,210.2,41.9847,20.2101,245
580,324.1701,78125,203.9474,416,207.37,42.3546,19.3826,241
581,321.2063,80944,210.4559,428,209.96,41.7366,19.8134,252
582,323.3416,78572,209.7763,405,210.65,41.9533,19.7309,243
583,326.3105,80925,207.6447,442,206.08,41.9033,19.5762,248
584,331.7967,79963,210.9342,438,208.13,42.0461,20.3214,241
585,337.5082,82352,208.75,435,209.19,42.1738,20.2773,244
586,339.6397,83891,207.0789,456,208.73,41.926,20.1603,247
587,344.562,83384,208.1711,479,208.06,42.2619,20.4924,242
588,347.188,86797,208.9474,466,206.92,41.9417,20.1639,250
589,351.5104,84714,210.0132,472,207.06,42.1357,20.5969,241
590,354.249,86791,211.2625,485,211.45,42.0641,20.3032,245
591,355.9667,85432,209.9474,481,207.14,42.36,20.364,240
592,355.7667,85384,209.4868,486,206.89,42.2154,20.5461,240
593,357.8408,87671,212.425,474,209.91,42.3405,20.1356,245
594,356.9187,87802,211.2105,472,209.69,42.48,20.2813,246
595,356.5685,85933,207.2368,483,208.79,42.05,20.0737,241
596,359.5519,86652,207.75,503,209.43,42.4369,20.2344,241
597,361.7078,87895,207.1316,473,211.33,42.0467,20.2911,243
598,365.6417,87754,209.0132,493,207.93,42.3039,20.5616,240
599,364.7119,88625,209.15,503,209.7,42.5398,20.3704,243
600,363.1833,87164,209.6184,493,208.05,42.3686,20.5467,240
601,362.6307,87394,209.5125,492,210.67,42.2113,20.6565,241
602,364.1446,88123,208.85,494,206.22,42.1913,20.2262,242
603,361.1837,88490,207.9868,488,208.29,42.2634,20.2153,245
604,358.5496,86769,210.0658,503,209.75,42.5096,20.2828,242
605,359.668,86680,207.3816,476,209.79,42.4661,20.2502,241
606,355.9544,85785,206.9342,479,205.75,42.3346,20.2187,241
607,353.6958,84887,209.3684,462,206.47,42.1928,19.9117,240
608,350.5289,84828,208.8947,464,207.37,41.9928,20.1461,242
609,349.2418,85215,206.7895,464,209.42,42.1891,20.4781,244
610,347.9417,83506,209.1447,483,209.95,42.0444,20.0606,240
611,350.2531,84411,208.1316,470,207.81,42.3803,20.3609,241
612,347.7303,83803,208.1316,453,208.55,42.0214,20.0885,241
613,345.2898,84596,209.3026,442,208.72,42.2942,20.1369,245
614,345.5375,82929,207.7368,468,207.6,41.8451,19.7089,240
615,344.0583,82574,207.3947,474,207.4,42.261,19.9233,240
616,343.2905,82733,214.8026,446,210.53,42.4231,19.7926,241
617,337.9715,83141,206.0263,457,206.29,42.2237,19.808,246
618,334.7925,80685,208.4868,456,207.77,42.1161,19.6875,241
619,332.4417,79786,207.5658,450,207.74,42.3625,19.9906,240
620,331.5934,79914,210.9474,452,208.28,42.4451,19.8464,241
621,331.6542,79597,210.0526,434,207.22,42.0892,19.7899,240
622,328.1328,79080,211.1316,422,208.69,42.4469,19.8788,241
623,325.4315,78429,206.0395,426,204.48,42.2543,19.6131,241
624,322.9723,81712,204.3158,414,205.04,42.3082,19.3339,253
625,318.543,81547,208.1029,418,206.41,42.4657,19.4355,256
626,319.2798,77585,208.8676,404,210.84,42.2233,19.9672,243
627,316.1639,77144,208.0658,400,206.42,42.9033,19.8428,244
628,317.525,76206,205.3947,438,206.03,42.3891,19.3619,240
629,314.0909,79465,208.7206,413,207.94,41.6318,19.4019,253
630,315.3817,76007,205.1029,399,205.65,42.1044,19.6511,241
631,315.2231,76284,208.1184,395,208.57,41.777,19.3402,242
632,311.4333,74744,207.7059,378,207.75,42.469,18.8992,240
633,314.3484,76701,206,405,206.15,42.6519,18.9225,244
634,311.1885,75930,206.3676,420,208.46,42.5409,19.3794,244
635,313.473,75547,211.1029,387,205.31,42.0529,19.7085,241
636,312.5,76250,205.1842,401,205.38,42.495,19.2407,244
637,313.1198,75775,203.9559,407,205.93,42.3048,19.5754,242
638,313.5375,75249,210.8026,417,208.12,42.3971,19.0871,240
639,312.5802,75957,205.9118,390,206.3,42.2651,19.0054,243
640,312.8975,76347,207,392,208.28,42.0473,18.7496,244
641,310.2271,77867,212.3676,408,210.19,42.4564,19.2932,251
642,312.6266,75343,208.9118,399,207.69,41.8227,19.0443,241
643,312.3852,76222,205.2059,396,204.59,42.2085,19.0123,244
644,311.0691,76523,205.7206,391,207.72,42.128,18.9364,246
645,307.639,74141,206.7059,391,204.86,41.9283,19.6141,241
646,309.754,76819,205.2763,403,207.01,42.3246,19.0996,248
647,309.6846,74634,209.1618,401,209.6,41.9655,18.9677,241
648,309.4,74256,206.5735,389,207.53,42.2524,19.5598,240
649,306.4444,77224,211.4605,405,207.18,41.94,18.9008,252
650,308.905,74755,207.7206,389,208.25,42.6189,19.4389,242
651,309.4835,74895,206.8824,404,207.12,42.1356,19.5633,242
652,307.775,73866,205.8026,394,203.13,42.1032,19.3661,240
653,306.7054,73916,208.9559,425,208.48,42.6798,19.7484,241
654,308.1025,75177,205.5132,387,208.44,42.0789,19.6917,244
655,305.9542,73429,207.1447,377,208.09,42.4957,19.0496,240
656,303.5737,76197,208.3676,412,207.85,41.8744,18.9565,251
657,305.3695,76037,205.8529,385,208.58,42.0162,19.1642,249
658,304.6405,73723,211.6912,385,208.57,42.4473,19.1968,242
659,306.3224,75049,206.8824,386,205.77,42.5365,19.3003,245
660,304.7024,76785,205.3235,384,207.18,41.4171,18.7481,252
661,308.9405,77853,205.3971,390,206.33,42.0114,19.1532,252
662,307.4375,73785,207.5882,398,209.4,42.5924,18.9591,240
663,309.7107,74950,210.6029,382,210.59,42.0949,19.5637,242
664,307.2059,83560,206.5263,404,208.77,42.2325,18.0002,272
665,306.448,76612,208.0667,410,206.01,42.2199,18.8253,250
666,308.2346,74901,204.1912,401,208.21,41.662,19.2769,243
667,308.7865,82446,204.3971,388,206.28,42.4108,18.0832,267
668,306.2828,74733,204.3833,401,207.44,41.9193,19.0442,244
669,306.1701,73787,203.25,384,204.45,42.8769,18.9408,241
670,306.3776,73837,209.1029,384,209.6,41.7671,19.2507,241
671,305.9643,77103,205.7353,385,208.08,41.8644,18.1104,252
672,304.496,76124,206.2167,382,205.09,42.3208,19.0189,250
673,306.8963,73962,208.5147,383,207.73,42.1621,19.6112,241
674,305.5934,73648,205,393,205.81,42.4054,19.1212,241
675,306.5238,77244,210.7647,395,209.26,42.373,18.5975,252
676,305.098,74749,205.9559,421,208.01,41.8796,18.7786,245
677,306.925,73662,204.4706,388,207.79,42.2642,19.2317,240
678,308.4232,74330,210.5,390,207.91,42.2732,19.0793,241
679,307.9558,76681,207.7647,395,208.25,42.0899,18.9597,249
680,309.3917,74254,208.3824,392,208.49,42.3426,19.3179,240
681,308.4739,76810,204.8971,400,209.93,42.4056,18.4229,249
682,311.7025,75432,206.9833,406,206.09,42.3296,19.2542,242
683,314.004,77559,209.7059,446,208.64,42.4063,18.7733,247
684,316.9627,76388,210.25,427,207.55,42.3066,19.2078,241
685,318.3125,76395,208.9853,402,207.77,42.3299,18.8178,240
686,319.0741,77535,206.3676,415,208.93,42.2623,19.8244,243
687,321.6502,78161,208.3816,417,206.68,41.9222,19.5301,243
688,325.2169,80979,206.4474,473,208.95,42.4574,19.1885,249
689,327.5875,78621,209.6176,424,210.89,42.5671,19.1575,240
690,329.2893,79688,207.0147,425,208.44,42.6673,19.3272,242
691,330.1852,80235,206.8971,418,208.96,42.4712,19.4619,243
692,331.4198,80535,209.8088,435,208.67,42.7602,19.3715,243
693,336.0123,81651,208.6912,441,206.81,42.278,19.3359,243
694,336.3498,81733,207.25,456,206.33,42.1346,19.6117,243
695,340.4041,83399,207.9605,460,210.99,42.4948,19.5947,245
696,340.0041,81941,211.2237,466,207.19,42.7632,19.9759,241
697,340.3264,82359,208.9474,434,207.4,42.7302,19.4843,242
698,341.107,82889,208.9265,458,207.4,42.6237,19.8485,243
699,342.3667,82168,210.9868,447,206.65,42.3456,19.6023,240
700,337.3281,85344,209.2368,451,209.52,42.4109,19.4423,253
701,338.3441,83571,208.9118,450,206.87,42.1017,19.2344,247
702,337.6722,81379,209.6618,449,208.92,42.5323,19.3463,241
703,336.0537,81325,207.8235,443,210.03,42.6175,19.3156,242
704,334.6475,81654,209.4265,425,209.33,42.5799,18.8328,244
705,328.9757,81257,210.5882,427,209.7,42.4131,19.3378,247
706,328.8504,83528,210.7941,446,211.19,42.8097,19.002,254
707,326.7098,83311,204.6765,441,207.21,42.8765,18.731,255
708,329.0161,81925,210.7647,432,207.37,42.6948,19.0275,249
709,328.963,79938,207.8529,425,208.99,43.0496,19.0376,243
710,326.188,81547,209.0735,493,210.31,42.2778,19.2283,250
711,325.9875,78237,208.0147,434,207.21,42.3529,18.9552,240
712,322.1935,79904,210.5294,406,208.43,42.5156,19.1348,248
713,324.7635,78268,208.1324,431,210.89,41.932,19.2023,241
714,323.8852,79028,211.3235,415,207.87,42.8671,18.6258,244
715,320.3942,77215,206.4412,411,209.92,42.778,19.3765,241
716,323.3663,78578,211.2647,400,210.4,42.6066,19.4099,243
717,319.0498,76891,207.4559,427,208.94,42.594,19.0979,241
718,320.8423,77323,206.6912,410,208.64,42.6301,18.5745,241
719,321.2336,78381,209.3235,412,207.54,42.7452,19.0101,244
720,320.6349,80800,208.9118,414,209.54,42.7355,18.4409,252
721,323.0776,79154,208.25,410,208.52,42.6988,18.7601,245
722,324.9417,77986,205.4853,412,206.72,42.6773,18.2368,240
723,319.4025,76976,208.75,396,210.39,42.7655,18.2284,241
724,319.278,76946,208.6167,407,210.03,42.7281,17.5274,241
725,314.3432,85187,208.7167,398,206.21,43.0386,16.3291,271
726,316.4855,76273,208.8,403,208.72,43.1229,17.5295,241
727,316.7801,76344,209.7167,411,210.96,43.6863,17.6294,241
728,317.6057,78131,208.6167,431,208.92,42.858,17.6139,246
729,319.8659,78687,207.95,428,208.38,43.1606,17.0433,246
730,321.5643,77497,205.2,399,208.01,43.7251,17.1967,241
731,323.2675,78554,204.28,421,210.56,43.5278,17.3241,243
732,323.6132,78638,211.02,419,207.73,43.6344,17.6528,243
733,326.252,81563,210.9833,435,209.82,43.4359,16.8415,250
734,326.5248,79019,208.74,437,207.47,43.6018,17.2674,242
735,326.4897,79337,206.7,427,206.63,43.5601,17.2171,243
736,326.2398,80255,211.46,413,209.68,43.5396,17.2677,246
737,325.1942,78697,211.04,429,209.58,43.4985,17.1142,242
738,326.0121,80525,209.18,432,206.91,43.5512,16.962,247
739,325.9378,78551,210.88,422,208.25,43.1778,17.2149,241
740,329.3708,79049,209.8,424,209.86,43.5176,17.0411,240
741,329.5917,79102,207.98,444,207.78,43.7252,17.3372,240
742,329.1102,80632,213.8,449,211.42,43.3212,16.8663,245
743,324.7787,79246,206.02,459,213.02,43.3916,17.4792,244
744,322.0417,77290,210.52,406,209.12,43.3816,17.0221,240
745,324.2917,77830,206.1,441,205.57,43.3021,17.0307,240
746,323.5472,82181,212.46,415,210.57,43.5987,16.6981,254
747,323.3167,77596,207.66,412,209.87,43.326,17.7234,240
748,321.0788,77380,209.1,420,210.49,43.8339,16.5997,241
749,321.7893,77873,210.06,403,209.39,42.8729,16.8118,242
750,318.9553,78463,208.44,418,208.91,43.2056,16.7309,246
751,319.9504,77428,211.18,426,209.68,43.5086,17.2878,242
752,318.5691,78368,213,408,211.74,43.724,16.8215,246
753,316.3388,76554,212.16,411,212.21,43.6825,16.2634,242
754,317.7967,78178,215.025,406,212.09,43.4593,16.2195,246
755,317.6929,76564,213.425,396,209.59,43.7845,16.7176,241
756,319.3417,76642,208.2,406,209.07,43.5729,16.673,240
757,312.5118,79378,209.8,393,210.67,43.5859,16.1583,254
758,311.4348,78793,212,401,209.61,43.7104,16.318,253
759,312.1322,75536,208.525,401,211.72,43.5292,16.869,242
760,310.7243,75506,210.36,386,208.53,43.4803,16.5878,243
761,312.4713,76243,211.06,409,209.22,43.5142,16.1074,244
762,309.1542,74197,209.75,408,210.97,42.8351,17.2901,240
763,308.1224,75490,207.16,404,208.94,43.1778,16.7567,245
764,307.2917,73750,212.28,379,208.08,43.6967,16.7552,240
765,305.209,74471,209.76,401,211.11,43.9108,16.1173,244
766,306.8033,74860,211.1,380,208.24,43.2493,16.3465,244
767,307.1792,73723,212.25,387,211.04,43.5006,17.3894,240
768,302.6548,76269,211.96,383,210.51,43.2488,16.5525,252
769,304.7206,75266,210.06,390,211.87,43.7986,15.7821,247
770,301.8724,73355,208.5,397,210.34,43.4515,16.4915,243
771,305.1148,74448,213.6,375,212.77,43.2974,17.0127,244
772,304.364,76091,208.14,371,207.66,43.3602,16.6586,250
773,307.959,75142,209.02,407,210.89,43.7317,15.38,244
774,306.375,73530,212.7667,382,210.42,43.3334,16.9995,240
775,304.0857,74501,209.58,369,209.51,43.2834,17.1256,245
776,304.6349,73417,207.66,386,212.06,44.0548,17.0355,241
777,305.7549,77356,209.86,387,209.31,43.2901,16.6021,253
778,305.9004,73722,211.16,398,209.52,43.3232,16.8133,241
779,304.0988,73896,211.04,390,205.16,43.7071,16.6965,243
780,308.4938,74964,206.32,390,208.76,43.5645,16.6587,243
781,309.7258,76812,206.34,398,211.16,43.669,17.092,248
782,311.4528,79109,210.44,382,212.39,44.0267,16.9412,254
783,315.125,75630,212.44,418,209.8,43.4781,17.5207,240
784,315.1481,76581,211.9,399,210.49,43.1178,16.7975,243
785,312.5429,76573,208.66,389,209.09,43.3259,16.9377,245
786,315.888,76129,208.78,413,210.39,43.7143,16.6789,241
787,314.1245,78217,210.1,404,208.59,43.2458,16.5991,249
788,313.6626,77161,205.84,393,211.38,43.4317,15.8387,246
789,313.3237,75511,213.85,406,211.98,43.1141,16.5238,241
790,315.3154,75991,212.04,391,208.92,43.9237,16.6145,241
791,310.918,75864,205.54,400,208.85,43.244,16.806,244
792,312.7052,78489,212.36,398,209.69,43.3467,16.4412,251
793,311.9004,78287,212.15,398,211.23,43.3626,16.1899,251
794,310.0125,74403,208.25,402,209.27,43.7762,16.8168,240
795,311.2114,76558,208.98,392,207.74,43.3279,16.6746,246
796,312.1516,76165,210.7,404,209.37,43.8429,16.4805,244
797,310.2603,75083,212.375,399,208.8,43.3561,16.5878,242
798,309.7366,75266,212.36,388,208.7,43.7882,16.1149,243
799,308.2375,73977,215.675,388,210.24,44.0961,16.1844,240
800,308.1417,73954,208.575,388,208.23,43.7243,16.8544,240
801,304.3618,74873,209.04,389,207.3,44.1961,16.5512,246
802,306.3402,73828,207.52,405,208.89,43.2349,16.4125,241
803,299.3142,88597,206.575,377,206.77,43.0237,14.9946,296
804,305.0415,73515,207.7,380,205.68,43.7757,16.8737,241
805,302.9542,72709,209.38,383,208.07,43.5331,16.4315,240
806,301.5265,73874,203.475,400,206.24,43.6606,16.8254,245
807,300.3678,72689,206.42,377,208.86,42.9729,17.1271,242
808,300.5244,73929,207.28,379,210.71,43.731,16.5829,246
809,301.9672,73680,205.98,372,210.71,43.2378,16.6218,244
810,301.0442,74960,208.56,374,208.13,43.1236,15.9323,249
811,302.151,74027,208.675,395,210.33,43.907,15.8975,245
812,300.7593,72483,208.025,399,209.11,43.3552,16.5143,241
813,303.157,73364,208.04,371,206.17,43.4076,16.7132,242
814,300.4247,77810,209,361,208.75,43.1206,16.0044,259
815,305.4104,76658,206.125,405,208.81,43.8119,16.5011,251
816,303.9504,73556,207.22,368,208.56,43.5326,16.9438,242
817,307.2469,74661,205.88,394,206.5,42.8937,16.9881,243
818,308.9458,74147,207.66,386,207.42,43.7955,17.1487,240
819,307.6,73824,208.58,395,208.28,43.3968,17.0497,240
820,308.1111,74871,210.5,382,210.59,43.4447,16.2792,243
821,308.7,74088,211,395,208.27,43.8873,16.9715,240
822,308.3943,75865,207.8,409,209.1,43.473,16.7831,246
823,305.8711,78303,210.06,377,206.59,43.6383,16.6101,256
824,307.7975,74487,205.92,384,208.64,43.0052,16.8824,242
825,308.2542,73981,209.66,400,209.46,43.5575,16.3926,240
826,306.8966,80100,209.475,386,208.77,43.8562,16.4789,261
827,308.2305,74900,207.95,395,208.11,43.6474,16.832,243
828,309.7125,74331,212.02,380,209.82,43.4062,16.383,240
829,309.5547,76460,210.225,394,210.19,42.9074,16.6078,247
830,311.3485,75035,208.02,394,208.78,43.9329,17.0144,241
831,310.749,75512,208.32,425,207.6,43.4962,16.5628,243
832,313.1286,75464,210.1,396,209.13,43.0593,16.9074,241
833,315.7654,76731,208.24,395,209.51,43.5721,17.2926,243
834,315.9545,76461,206.92,423,209.63,43.6279,16.8242,242
835,315.7531,76728,211.24,397,207.13,43.7898,17.0383,243
836,315.0328,76868,210.22,392,207.87,43.6939,16.7799,244
837,312.9256,75728,209.28,392,205.74,43.8484,17.0506,242
838,310.4979,75451,207.08,388,209.26,43.5921,17.1222,243
839,310.5,75762,211.06,383,208.49,43.6544,17.2591,244
840,308.874,75983,209.56,384,209.55,43.1855,16.6323,246
841,306.2885,79635,207.56,387,213.04,43.8067,16.293,260
842,301.126,78895,213.5,389,209.92,43.852,16.0242,262
843,303.722,73197,206.675,381,208.36,43.7602,17.2776,241
844,304.3333,75779,210.94,388,209.59,43.3412,16.3921,249
845,304.7801,73452,208.375,390,209.12,43.4536,15.4118,241
846,309.2339,76690,206.4667,393,207.48,43.3196,16.879,248
847,304.8554,73775,207.92,410,209.17,43.4487,16.4601,242
848,306.5679,74496,211.05,385,210.35,43.799,16.8665,243
849,308.2881,74914,210.9,378,209.27,43.3072,16.7945,243
850,309.4542,74269,210.18,393,208.95,43.3195,17.0458,240
851,310.2851,77261,209.04,411,207.41,43.6094,16.9321,249
852,311.8204,76396,207.62,399,207.15,43.5324,16.626,245
853,314.1639,76656,207.46,409,209.07,43.5623,16.9594,244
854,313.8008,77195,207.56,411,206.72,42.8895,16.8304,246
855,313.0083,75435,206.3,410,209.11,43.3045,17.2321,241
856,315.5685,76052,210.7,421,209.89,43.5874,16.6049,241
857,313.0785,75765,207.28,405,211.7,43.3184,16.949,242
858,311.9625,74871,212.9,401,210.33,43.971,16.6613,240
859,312.3554,75590,208.04,385,209.57,43.6073,16.5394,242
860,310.7358,76441,211.56,396,207.99,43.6553,16.6737,246
861,309.3375,74241,208.06,387,206.52,43.5135,17.1768,240
862,312.5462,77824,209.72,396,212,43.213,16.2375,249
863,313.095,75769,211,386,209.42,43.5065,16.9289,242
864,310.0558,77824,209.32,378,208.86,43.1293,16.2496,251
865,311.184,77796,209.35,401,209.02,43.3583,16.6181,250
866,308.8156,75351,205.18,389,209.37,43.2501,17.1698,244
867,310.0285,76267,207.16,402,209.49,43.4731,17.1471,246
868,309.6017,74614,210.38,419,209.57,43.5469,17.1106,241
869,307.4772,74102,210.94,385,211.85,43.5943,16.7049,241
870,306.6855,76058,212.12,416,209.5,43.3596,16.6275,248
871,306.1167,73468,209.08,398,209.78,43.5114,17.1797,240
872,304.1526,75734,212.24,376,211.35,43.4001,16.2416,249
873,305.2922,74186,211.45,395,209.51,43.875,16.6579,243
874,303.1292,72751,207.18,381,211.08,43.9229,17.0722,240
875,303.0161,75148,208.48,423,210.4,43.8928,16.6223,248
876,302.3306,74071,209.1,371,211.25,43.6529,17.4037,245
877,301.3306,73826,205.78,402,205.8,43.8271,16.9173,245
878,302.245,75259,212.14,377,211.54,43.5155,16.1564,249
879,300.502,74224,205.75,385,209.8,43.2642,16.7536,247
880,302.1369,72815,206.58,381,208.87,44.087,16.0349,241
881,299.1777,72401,208.05,373,208.23,43.4593,16.7102,242
882,299.5184,73382,207.76,377,208.97,43.48,16.9152,245
883,300.1352,73233,209.82,376,206.46,44.3018,16.4193,244
884,298.8625,71727,213.85,378,210.14,43.9811,16.6149,240
885,296.3858,75282,208.84,376,209.15,44.509,15.75,254
886,296.0265,78151,213.2,376,211.39,44.2405,15.4466,264
887,298.2739,71884,209.5,377,210.01,43.4429,16.6027,241
888,299.7386,72237,209.5,373,210.42,43.6147,16.3327,241
889,302.4,72576,210.825,378,206.55,43.991,15.8591,240
890,302.9132,73305,207.125,377,207.93,44.1249,16.6094,242
891,300.2521,72661,208.34,376,209.44,44.0162,16.5119,242
892,299.5432,72789,209.58,374,208.19,43.925,16.4957,243
893,299.7004,74026,211.75,367,208.19,44.1424,16.0839,247
894,302.3427,74981,211.475,376,211.73,44.3327,16.3534,248
895,304.7303,73440,211.125,388,207.7,43.569,16.3974,241
896,301.195,72588,208.925,382,211.87,43.501,16.6328,241
897,303.4979,73750,210.68,404,209.53,43.7603,17.1096,243
898,305.075,73218,206.34,391,207.1,43.957,16.5924,240
899,303.5943,74077,210.2,403,210.03,43.4265,16.6241,244
900,306.7842,73935,208.42,388,208.07,43.5663,16.6055,241
901,308.4708,74033,207.34,407,210.15,44.044,16.9732,240
902,306.2397,74110,211.6,393,209.38,43.5322,17.3463,242
903,306.3237,73824,203.82,402,208.5,43.8023,16.7623,241
904,306.0683,76211,207.54,404,208.47,43.6085,16.0307,249
905,303.2767,76729,210.275,382,210.86,44.3023,16.6131,253
906,304.5473,74005,207.66,387,208.66,43.1206,17.2673,243
907,302.9424,73615,207.58,385,210.71,43.5828,16.515,243
908,303.8719,73537,209.66,398,206.14,43.6136,16.2281,242
909,303.0988,76684,208.25,376,209.35,43.0375,16.9347,253
910,304.8223,73767,206.58,401,206.63,43.5277,17.5793,242
911,301.343,72925,208.9167,374,205.41,44.0287,16.8836,242
912,303.9417,72946,208.38,393,208.73,43.4748,16.2495,240
913,300.2992,76276,207.55,394,207.63,43.5351,16.3902,254
914,300.9917,72539,205.5,388,209.41,43.3403,16.7838,241
915,299.3333,76330,208.66,383,210.23,43.2467,16.6658,255
916,300.85,72204,205.62,385,208.07,43.3509,16.5092,240
917,303.3673,74325,207.66,377,208.37,43.2801,17.0568,245
918,304.4958,73079,210.18,381,208.54,43.5652,16.8012,240
919,303.1148,73960,207,375,207.89,43.0262,16.9714,244
920,305.1076,76582,207.5,391,210.07,43.2915,17.1587,251
921,305.2125,73251,204.34,392,207.57,43.7442,17.2924,240
922,305.3902,75126,205.64,387,208.12,43.8536,17.1493,246
923,306.1743,73788,210.72,386,208.69,43.6253,17.3,241
924,306.7418,74845,208.36,389,208.71,43.7324,16.7977,244
925,306.9461,73974,208.24,384,209.03,43.912,16.4047,241
926,307.4752,74409,206.925,381,209.56,43.0497,17.2112,242
927,304.2181,73925,211.08,393,208.39,43.7717,16.9546,243
928,304.6599,75251,208.66,378,206.48,43.059,17.1605,247
929,301.4906,79895,208.52,401,206.98,43.7372,16.2423,265
930,303.3156,74009,206.7,371,209.8,43.3557,16.2182,244
931,301.6356,74504,207.075,372,207.61,43.4512,16.4205,247
932,299.371,74244,208.875,388,211.69,44.2643,16.8229,248
933,300.1162,72328,207.82,373,210.51,43.8301,16.6469,241
934,301.05,72252,205.4,377,207.84,43.697,17.0123,240
935,297.2967,73135,205.9,370,206.55,44.1225,16.172,246
936,293.2578,84165,209.175,366,207.77,43.1997,15.636,287
937,296.0379,78154,206.95,364,209.38,43.4172,15.588,264
938,295.7056,73335,206.925,374,209.81,43.2552,16.8387,248
939,295.0543,76124,209.5,372,208.9,43.3042,16.409,258
940,294.6875,75440,215.175,379,207.75,44.2764,16.0381,256
941,295.2105,72917,211.775,368,209.1,43.1248,16.4435,247
942,297.0498,71589,208.725,391,210.64,44.2773,16.4448,241
943,296.8875,71253,209.275,389,209.81,43.8223,16.8541,240
944,296.7388,72701,205.8,374,207.49,43.6157,17.1279,245
945,296.6316,73268,206.6,363,209.74,43.8942,16.4304,247
946,297.3708,71369,210.575,387,208.77,43.4797,17.2071,240
947,294.457,75381,207.38,386,207.74,43.1046,16.7253,256
948,296.6475,72382,206.2,371,209.61,43.6261,17.0335,244
949,298.4303,74906,208.66,379,208.99,43.949,16.2312,251
950,299.7458,71939,202.725,390,208.91,44.0637,17.0206,240
951,301.253,75012,204.48,378,210.02,43.8088,16.9807,249
952,301.7202,73318,207.52,395,208.54,43.3385,16.9107,243
953,302.2805,74361,208.18,385,208.17,44.0167,16.5611,246
954,303.3402,73105,210.46,384,206.56,43.1378,16.8326,241
955,300.5783,74844,207.76,379,206.18,43.7844,16.3015,249
956,298.9153,74131,208.175,369,207.27,43.5635,16.7479,248
957,296.2421,74653,209.12,369,209.34,43.3317,16.7728,252
958,299.6831,72823,208.5,365,207.95,43.3188,16.7231,243
959,299.449,73365,206.68,374,210.15,43.5608,16.6394,245
960,299.5224,73383,208.34,387,208.23,43.3813,16.8424,245
961,300.5041,72722,210.38,382,207.5,43.3532,16.9975,242
962,299.121,74182,211.04,400,209.52,43.5985,17.4175,248
963,301.245,75010,206.36,384,206.14,44.2988,16.3658,249
964,300.5224,73628,210.525,376,207.15,43.7774,16.3149,245
965,299.6333,71912,205.175,379,210.45,43.8631,17.1174,240
966,300.8307,76411,207.18,394,209.6,43.7481,16.7737,254
967,304.1358,73905,206.32,376,208.2,44.0367,17.0897,243
968,302.502,74113,206.78,376,207.73,43.4492,16.949,245
969,301.8402,73649,208.78,378,209.16,43.5358,16.5182,244
970,304.377,74268,206.64,402,207.27,43.2199,16.7447,244
971,304.8775,77134,207.4,404,206.9,43.3968,16.4112,253
972,303.4564,73133,211.175,383,208.19,43.9482,16.5156,241
973,303.8755,75665,207.56,380,208.93,43.7168,16.3656,249
974,302.5547,74731,210,392,209.47,43.8986,15.4388,247
975,305.8465,73709,212,375,206.76,43.4344,16.2148,241
976,301.898,73965,207.425,386,207.86,43.8888,16.3687,245
977,301.823,73343,206.225,382,208.46,44.433,16.0543,243
978,301.3833,72332,212.4,368,210.97,43.8413,16.5577,240
979,300.8122,73699,207.5,388,206.6,43.7271,17.1365,245
980,299.2708,71825,209.78,377,205.5,43.8464,16.4409,240
981,296.752,75375,204.25,375,207.76,43.4763,17.3389,254
982,297.1523,72208,206.62,363,206.8,43.2923,17.4986,243
983,296.9512,73050,207.96,393,206.89,43.297,16.9696,246
984,296.6855,73578,207.4,361,208.9,43.8417,16.4625,248
985,295.4648,75639,205.95,378,205,44.1484,15.9337,256
986,296.8802,71845,208.95,350,209.74,43.9373,17.1496,242
987,300.3621,72988,206.18,381,205.61,44.198,16.7446,243
988,297.5353,71706,206.16,372,206.29,43.8372,17.3227,241
989,296.4041,72619,206.5,377,210.97,43.8351,17.3206,245
990,297.2262,74901,208.22,358,209.25,43.1201,16.2341,252
991,299.5749,73995,206.525,363,209.92,43.609,16.9087,247
992,297.7912,74150,208.92,362,207.84,43.2133,16.8909,249
993,300.7137,72472,207.54,376,210.85,43.5164,17.5921,241
994,303.2571,74298,209.8667,371,208.28,43.7537,16.565,245
995,305.4486,74224,210.4,386,207.34,43.8456,16.2672,243
996,306.6586,76358,205.825,402,209.93,43.6818,16.7607,249
997,307.1203,74016,206.84,399,207.64,44.0609,16.4388,241
998,307.6432,74142,210.95,386,208.47,43.2386,17.238,241
999,307.9835,74532,208.24,390,207.25,43.3251,17.7179,242
1000,310.575,74538,207.9167,393,211.5,43.6971,16.8879,240
1001,312.9136,76038,204.76,389,206.64,43.2575,16.7343,243
1002,312.0964,77712,206.84,404,209.54,43.2794,16.7811,249
1003,314.6543,76461,208.58,396,206.92,43.5495,17.2303,243
1004,314.7325,76480,208.94,403,208.91,43.6398,17.1774,243
1005,313.1074,75772,209.4,409,208.04,43.7057,17.4484,242
1006,308.7459,75334,209.44,393,206.47,43.3803,17.3833,244
1007,309.4239,75190,209.62,400,211,43.9577,17.344,243
1008,307.7633,75402,206.26,390,211.68,43.7237,16.8195,245
1009,309.0405,76333,203.28,387,207.89,43.4992,17.0472,247
1010,306.9167,73660,207.42,406,207.88,43.8163,17.1594,240
1011,305.6522,77330,205.84,385,206.77,44.0331,16.6579,253
1012,303.125,72750,207.2,397,208.14,43.5476,17.2159,240
1013,301.1895,74695,207.82,389,205.54,43.7179,17.2831,248
1014,302.2975,73156,205.74,392,207.98,43.5566,16.5795,242
1015,302.4375,72585,208.86,408,211.35,44.0885,16.1824,240
1016,299.672,74918,205.75,384,207.08,44.1199,16.6401,250
1017,299.3017,72431,207.52,382,205.46,43.6856,16.3469,242
1018,300.0806,74420,210.6,376,208.24,43.5872,15.7528,248
1019,295.8392,75439,206.475,368,208.9,44.2437,16.4542,255
1020,299.6625,71919,210.3,366,209.02,44.4032,16.7484,240
1021,298.2047,75744,208.26,374,209.43,43.7347,16.4688,254
1022,298.6872,72581,213.2,373,207.73,43.7361,16.4655,243
1023,301.9417,72466,208.725,384,209.62,43.4097,16.9535,240
1024,301.4917,72961,203.6,394,207.32,43.2965,16.5003,242
1025,298.2846,75466,207.64,371,209.36,43.5428,16.7704,253
1026,301.249,72601,206.24,408,208.23,43.7271,16.6708,241
1027,296.9617,77507,211.44,381,208.42,43.8962,15.9974,261
1028,299.4251,73958,208.725,370,207.66,44.0332,15.7487,247
1029,300.3951,72996,208.075,376,209.94,44.0795,16.4043,243
1030,300.3554,72686,211.3,372,208.8,43.5067,17.6027,242
1031,305.7167,73372,205.55,398,208.7,43.5399,17.2025,240
1032,309.438,74884,208.34,390,209.03,43.7862,16.5847,242
1033,311.187,76552,208.52,390,209.72,43.6122,17.1609,246
1034,312.6125,75027,210,424,209.85,43.1082,16.8465,240
1035,316.075,75858,210.52,404,208.5,43.6565,17.0467,240
1036,316.8458,76043,206.08,425,207.92,43.5716,17.2522,240
1037,316.7842,76345,203.46,397,210.85,43.9737,16.9709,241
1038,315.8542,75805,209.58,414,207.17,43.571,16.8729,240
1039,314.8017,76182,207.74,406,208.83,43.3829,17.1262,242
1040,317.8264,76914,207.86,425,206.34,43.6696,16.7727,242
1041,321.0583,77054,204.1,411,204.85,43.6998,17.2058,240
1042,323.2739,77909,204.56,407,207.3,44.0204,17.4811,241
1043,326.5892,78708,209.62,455,210.44,43.7552,16.9493,241
1044,327.5292,78607,209.88,419,210.19,43.6578,17.8488,240
1045,332.6625,79839,204.35,466,207.74,43.848,17.4249,240
1046,332.5975,80156,206.6,418,210.34,43.7454,17.4509,241
1047,334.3934,81592,207.6,432,210.12,43.9117,17.0289,244
1048,333.8455,82126,206.04,442,208.97,44.0168,17.5405,246
1049,336.321,81726,208.1667,459,207.72,43.6238,17.8014,243
1050,338.2125,81171,208.2333,438,208.84,43.8395,17.6273,240
1051,339.9256,82262,206.6333,450,210.33,43.4998,17.4164,242
1052,342.1083,82106,206.32,454,210.86,43.4914,17.5219,240
1053,341.25,81900,207.7,450,210.23,43.8921,17.2691,240
1054,341.2346,82920,206.8,436,210.06,43.9961,17.121,243
1055,338.3648,82561,208.84,438,208.5,43.9408,17.6407,244
1056,339.3484,82801,207.8,438,209.05,43.689,17.3848,244
1057,332.7769,83527,206.04,426,210.59,43.8464,17.3934,251
1058,335.3734,80825,205.9,452,207.59,43.8305,17.1812,241
1059,334.8694,82043,209.12,457,210.51,44.067,17.4705,245
1060,335.2222,81459,209.34,451,209.8,43.8899,17.1817,243
1061,334.1893,81208,207.84,420,206.27,44.0699,17.4685,243
1062,334.5394,80624,208.74,457,208.89,44.2076,17.5494,241
1063,339.0042,81361,209.1333,465,206.83,43.6518,17.5566,240
1064,337.2863,81286,208.7833,447,206.98,43.8935,17.3456,241
1065,334.0622,80509,205.72,433,209.11,43.4989,17.4851,241
1066,338.4689,81571,212.32,468,208.62,44.0427,17.6728,241
1067,333.2165,84637,208.8833,428,211.41,43.8608,17.5349,254
1068,341.2667,81904,207.55,451,207.09,43.9471,17.7703,240
1069,337.675,81042,210.2333,453,210.87,43.9072,17.4605,240
1070,336.7231,81487,208.52,431,207.81,43.6922,17.3967,242
1071,335.1867,80780,210.98,458,212.78,44.235,17.5886,241
1072,332.75,79860,208.4667,451,207.8,43.5622,17.3727,240
1073,329.332,79369,205.36,435,208.29,43.9506,17.6915,241
1074,329.8971,80165,203.2667,434,207.54,44.089,17.1986,243
1075,328.7759,79235,211.54,431,209.59,43.8315,17.5531,241
1076,328.3167,78796,209.75,430,210.01,43.9308,17.2176,240
1077,328.5519,79181,207.8,436,209.69,43.8214,17.0975,241
1078,328.1033,79401,204.24,439,209.38,43.8659,17.494,242
1079,325.4057,79399,209.58,413,206.99,43.7291,16.9431,244
1080,329.0208,78965,209.3,491,211.58,43.8752,17.2486,240
1081,325.4398,78431,210.04,421,205.55,43.6201,17.3213,241
1082,326.7012,78735,206.48,431,211.39,43.9845,17.0411,241
1083,323.8694,79348,205.4,440,209.15,43.6302,17.6607,245
1084,317.6352,77503,208.8833,431,209,43.8776,16.8972,244
1085,315.9556,78357,204.48,417,208.81,43.6445,17.1505,248
1086,320.1826,77164,208.88,415,210.24,43.7316,17.1193,241
1087,319.108,79777,205.76,424,208.1,43.4052,16.9195,250
1088,319.041,77846,209.9,434,207.39,43.8016,17.1902,244
1089,319.975,76794,209.02,402,209.27,43.7168,16.8278,240
1090,320.3279,78160,206.76,420,208.51,43.7453,16.9576,244
1091,320.195,77167,208.98,416,207.62,43.653,17.505,241
1092,318.3292,77354,208.5167,406,210.77,43.7714,17.2337,243
1093,320.3678,77529,208.52,408,208.11,43.7897,16.9807,242
1094,318.8667,76528,207.3,389,209.76,44.2785,17.3913,240
1095,316.7901,76980,207.82,412,209.15,43.6667,17.3443,243
1096,316.377,77196,206.32,392,203.29,43.2711,17.0592,244
1097,315.9647,80571,207.52,407,207.43,43.6589,16.646,255
1098,314.0535,76315,202.64,385,208.29,43.8437,16.5168,243
1099,314.814,76185,209.54,414,206.82,43.5308,17.0327,242
1100,312.4593,76865,206.94,440,209.02,43.5464,17.038,246
1101,310.9758,77122,210.08,386,210.39,43.9295,16.6952,248
1102,312.2438,75563,209.76,396,207.72,43.4039,16.6832,242
1103,312.1143,76468,202.8,406,202.94,43.9704,17.24,245
1104,315.9218,76769,204.36,418,207.35,44.1886,16.9218,243
1105,320.8042,76993,208.66,417,208.99,44.4142,16.9494,240
1106,322.7552,77784,211.2,407,210.16,44.1043,17.3807,241
1107,319.928,79982,210.42,416,209.93,43.5676,16.8849,250
1108,321.2571,78708,210.64,423,207.98,44.1286,16.4362,245
1109,323.1417,79816,208.575,432,211.3,44.0214,16.9094,247
1110,320.4504,77549,209.02,436,207.45,44.0268,17.144,242
1111,327.4221,79891,206.24,423,210.7,43.8465,16.9092,244
1112,329.3525,80362,214.66,438,211.33,44.06,16.8664,244
1113,331.6,79584,206.42,448,211.23,44.0344,16.9614,240
1114,331.3484,80849,211.46,443,208.73,44.4535,17.0186,244
1115,330.6797,84654,209.02,432,207.61,44.2601,16.6529,256
1116,331.5975,79915,209,441,208.27,44.0419,17.0289,241
1117,331.0579,80116,210.78,425,210.19,44.1895,17.3512,242
1118,328.0082,80034,206.92,450,208.06,44.3319,16.7969,244
1119,328.8449,80567,210.2,445,208.94,44.1727,16.6427,245
1120,324.6831,78898,213.06,418,211.25,44.3188,16.94,243
1121,323.6488,78323,209.1,424,207.93,43.8886,16.9702,242
1122,320.9265,78627,208.88,427,210.11,43.9287,16.9446,245
1123,323.5167,77644,207.98,430,209.73,44.1679,17.0102,240
1124,319.2881,77587,208.22,405,209.3,44.1297,16.5706,243
1125,320.2066,77490,208.7,403,210.18,44.2997,16.9986,242
1126,318.6042,76465,208.54,430,207.11,43.6008,16.9068,240
1127,316.7243,76964,205.82,423,211.17,44.1167,16.9209,243
1128,316.8875,76053,207.88,421,211.93,44.0496,16.816,240
1129,311.3663,75662,210.26,414,209.61,44.4135,16.9715,243
1130,310.9794,75568,208.08,406,210.8,44.4458,16.375,243
1131,306.7831,76389,206.425,437,209.72,44.0868,17.1819,249
1132,306.2397,74110,210.06,389,210.53,43.816,16.9356,242
1133,303.8257,73222,211.56,382,210.26,44.452,16.0248,241
1134,307.2327,75272,209.5,389,212.93,44.3608,16.4597,245
1135,302.4418,75308,207.05,406,207.43,44.6171,15.9056,249
1136,302.7593,72965,211.2,391,209.29,43.7598,16.6169,241
1137,304.6058,73410,209.46,387,210.87,44.3428,16.0336,241
1138,301.3099,72917,207.675,376,211.27,43.7396,16.6295,242
1139,300.7375,72177,209.34,389,208.9,44.0576,16.2126,240
1140,298,73308,208.925,375,211,44.1736,16.0112,246
1141,296.4528,75299,208.4,393,206.64,43.6275,16.0882,254
1142,299.375,71850,207.725,382,208.21,43.5569,16.9698,240
1143,296.5565,73546,207.84,361,210.62,44.1539,15.7992,248
1144,296.5833,74739,210.125,379,211.54,44.1259,15.8375,252
1145,295.3042,70873,211.475,387,210.24,43.7962,16.7719,240
1146,299.121,74182,211.76,375,211.8,44.0989,15.711,248
1147,298.3554,72202,209.675,388,211.3,44.5078,16.1078,242
1148,296.3518,74977,208.85,379,205.57,43.8681,15.7208,253
1149,295.7243,71861,207.325,373,209.63,43.4322,16.3366,243
1150,298.1111,72441,213.725,378,212.7,44.0362,16.5655,243
1151,299.4215,72460,208.7,383,209.91,44.0852,15.6055,242
1152,298.6951,73479,209.325,373,209.77,43.641,16.632,246
1153,296,74000,204.96,367,210.99,43.7825,15.9834,250
1154,297.8099,72070,202.25,388,212.32,44.2959,15.9692,242
1155,298.9555,73842,212.1,387,211.06,44.3721,15.224,247
1156,297.8167,71476,206.0667,361,210.49,44.2185,16.195,240
1157,296.5934,71479,210.475,378,209.09,43.7892,16.2439,241
1158,295.5813,72713,207.875,378,210.35,43.9602,16.5073,246
1159,298.9344,72940,208.7,371,211.51,44.0944,15.7879,244
1160,297.6057,73211,207.9,363,210.99,44.5564,15.8798,246
1161,298.9585,72049,211.1,379,206.82,44.3069,16.5535,241
1162,299.6971,72227,213.8,390,212.48,44.0505,16.5317,241
1163,301.0864,73164,210.96,375,207.98,43.7655,16.1045,243
1164,303.6653,76220,207.85,393,213.78,44.3357,15.5105,251
1165,305.388,76347,206.55,421,209.98,43.3691,16.1102,250
1166,306.5403,76022,210.175,384,209.45,43.467,16.3156,248
1167,309.2905,74539,210.35,430,213.87,43.6574,16.9295,241
1168,315.3827,76638,207.92,406,209.69,43.7881,16.613,243
1169,314.6183,75823,208.34,422,207.51,43.918,16.5926,241
1170,322.3169,78323,209.74,412,211.56,44.1843,16.6993,243
1171,326.6792,78403,209.86,421,212.13,43.8075,16.9323,240
1172,327.3156,79865,206.66,421,212.9,44.0903,16.6652,244
1173,327.1193,79490,212.38,419,212.54,43.9569,16.7841,243
1174,326.0708,78257,208.2,416,211.51,44.1913,16.8849,240
1175,324.3195,78161,212.94,462,211.44,44.3923,16.4034,241
1176,326.249,81236,210.025,460,209.4,44.2471,16.333,249
1177,321.7895,79482,210.55,425,208.91,43.9321,16.5192,247
1178,321.1143,78673,207.7,422,213,44.4713,16.8589,245
1179,319.8538,80923,210.2,420,212.36,43.9592,16.5313,253
1180,323.5289,78294,208.62,433,209.91,44.1854,16.7024,242
1181,324.236,81059,208.02,414,210.27,44.4526,16.6203,250
1182,322.677,82928,210.06,433,210.93,44.1576,15.9051,257
1183,325.0782,78994,208.225,435,207.24,43.9958,16.5446,243
1184,324.435,79811,209.48,437,209.64,44.4798,16.5636,246
1185,325.9669,78884,206.36,414,212.63,44.0937,16.9532,242
1186,325.2833,78068,211.12,452,209.69,44.3439,16.7569,240
1187,326.2407,78624,206.64,443,211.71,44.4047,16.9086,241
1188,325.6041,79773,207.3,465,209.06,44.0948,16.8188,245
1189,324.5975,78228,206.56,438,208.64,44.2996,16.6336,241
1190,324.1369,78117,208.2,445,208.48,44.446,16.6169,241
1191,323.7787,79002,215,428,209.82,44.0494,16.7506,244
1192,321.6749,78167,208.74,436,207.28,43.8116,16.8156,243
1193,320.657,77599,205.22,412,210.26,44.3176,16.5325,242
1194,318.0292,76327,206.8,410,209.61,44.5792,15.9673,240
1195,316.0498,76168,207.325,415,209.52,44.1995,16.2414,241
1196,315.9793,76151,208.675,405,210.54,43.5851,16.5259,241
1197,312.9877,76369,210.52,428,210.67,44.5202,16.2536,244
1198,313.35,75204,209.6,419,207.97,43.9253,16.0681,240
1199,312.1796,76484,207.65,392,209.65,44.1805,16.3706,245
1200,309.6215,77715,203.725,443,211.27,43.98,15.9825,251
1201,309.2298,76689,205.05,393,210.08,44.0844,16.5402,248
1202,306.8174,73943,207.18,371,209.79,44.3215,16.1398,241
1203,310.7333,74576,208.525,391,211,44.0893,15.7476,240
1204,305.6327,74880,208.05,395,208.43,44.5616,15.9605,245
1205,306.4653,75084,212.1,382,211.95,44.1663,16.2411,245
1206,303.9295,73247,211.95,384,212.05,43.869,16.3636,241
1207,302.2697,72847,211.525,386,211.31,44.3964,15.9432,241
1208,301.8685,75769,204.825,393,210.78,44.1477,15.9159,251
1209,303.3922,77365,207.225,380,212.4,44.3365,15.6455,255
1210,305.5792,73339,212.4,384,210.87,43.9842,15.8408,240
1211,299.3557,75737,206.6,380,209.16,44.7869,15.5371,253
1212,301.1786,75897,210.5,387,211.66,44.468,15.1277,252
1213,298.9917,72057,212.7333,377,211.61,43.7405,15.812,241
1214,297.9917,71816,206.575,399,210.21,44.3373,15.5815,241
1215,300.095,72623,211.75,371,210.17,44.9761,15.808,242
1216,299.0595,75363,207.825,391,209.16,44.6876,15.3122,252
1217,296.5958,71183,211.9667,401,210.61,44.2823,15.7815,240
1218,294.375,77715,205.225,379,209.89,44.2708,15.4454,264
1219,292.6641,76678,208.2333,393,211.41,44.5585,15.3567,262
1220,298.3862,73403,211.3333,379,211.78,44.7011,15.7897,246
1221,296.6157,75637,203.775,384,209.4,44.5854,15.2981,255
1222,296.4917,71751,208.5,369,210.77,44.5646,15.8117,242
1223,296.6488,71789,208.45,368,212.32,44.0576,15.4417,242
1224,297.556,71711,210.9333,373,211.18,44.3667,15.9855,241
1225,295.124,71420,211.85,393,210.44,44.184,16.6226,242
1226,298.2122,73062,211.72,370,211.2,44.6895,15.7289,245
1227,297.6008,78269,206.3,370,209.74,44.7197,15.1489,263
1228,292.8551,80828,213.8667,384,210.74,44.7247,15.3489,276
1229,295.9631,72215,210.6667,359,208.58,44.2331,16.0295,244
1230,296.2811,73774,208.9,379,209.29,44.991,15.6622,249
1231,297.4735,72881,208.85,360,210.21,44.1723,15.5627,245
1232,293.8548,70819,208.775,361,210.9,44.9224,15.8595,241
1233,295.7165,75112,206.8,382,210.35,44.3023,15.5033,254
1234,297.1025,72493,209.85,376,207.39,44.4612,15.3391,244
1235,293.6124,75752,209.6667,366,213.05,44.138,15.0444,258
1236,294.252,73563,207.6667,363,211.02,43.6805,14.9911,250
1237,295.1708,70841,203.8667,381,211.19,43.4185,16.3371,240
1238,293.3168,76849,210,410,209.95,44.2261,15.5919,262
1239,294.1301,72356,209,367,210.5,44.4631,15.7563,246
1240,293.1983,70954,208.075,394,210.32,45.0144,15.0886,242
1241,292.4327,71646,211.3,361,209.72,44.0938,15.0349,245
1242,294.8607,71946,205.7,377,210.67,43.9574,16.1163,244
1243,296.0875,71061,209.475,380,212.64,44.6548,15.7791,240
1244,292.9668,79394,206.1,375,211.16,44.2772,14.9194,271
1245,297.5042,71401,213.8333,378,206.91,44.0575,15.3804,240
1246,301.4291,74453,207.0333,388,212.02,44.3123,15.2115,247
1247,297.4856,72289,207.9,369,208.23,43.8504,15.6961,243
1248,296.3417,71122,206.525,375,209.38,44.3621,15.7961,240
1249,298.8367,73215,209.3,374,210.33,43.8381,15.087,245
1250,296.9628,71865,207.8333,365,210.33,44.35,16.2672,242
1251,296.0735,72538,206.85,362,208.52,45.1009,16.0594,245
1252,298.8178,73808,207.975,375,208.46,44.227,15.5272,247
1253,298.072,74518,210,382,209.94,44.5429,15.5922,250
1254,298.2967,73381,210.325,372,211.08,44.1251,16.3625,246
1255,296.4672,72338,204.8,364,209.72,44.1592,15.8698,244
1256,298.124,72146,209.625,376,209.37,44.6657,15.9367,242
1257,298.2846,77554,209.325,385,208.4,44.5907,15.1102,260
1258,299.4073,74253,208.0333,367,209.81,44.2446,16.4847,248
1259,301.2327,73802,211.45,397,209.58,44.4447,16.3702,245
1260,302.6,72624,208.425,385,209.41,43.7977,15.6808,240
1261,300.3333,72981,209.75,384,210.09,44.0777,15.9952,243
1262,303.7078,73801,206.525,390,209.17,44.2023,15.513,243
1263,308.0458,73931,208.875,380,211.11,44.6173,15.1781,240
1264,305.3042,73273,213.3333,384,207.96,44.1641,15.4464,240
1265,302.9393,74826,207.5,399,207.96,44.4305,14.9533,247
1266,302.781,73273,209.9,388,210.69,44.6008,16.1018,242
1267,298.8512,72322,207.525,370,209.3,44.616,15.2984,242
1268,301.6349,72694,207.1,382,209.73,44.2276,15.705,241
1269,298.5992,75247,212.2,380,211.17,44.9067,15.7241,252
1270,298.332,72793,206.975,402,211.79,44.5917,15.8109,244
1271,297.2778,74914,207.325,404,211.42,44.5156,15.3697,252
1272,297.6488,72031,206.4667,362,210.97,44.8661,16.315,242
1273,298.6125,71667,206.4,370,208.99,44.6002,15.6849,240
1274,297.1942,71921,206.925,379,209.64,44.3747,15.7526,242
1275,294.8458,70763,211.2,380,212.14,45.0473,15.9037,240
1276,296.6327,72675,211.35,374,210.36,44.4515,15.1411,245
1277,300.7131,73374,209.5,382,208.73,44.41,15.8686,244
1278,297.6653,72035,205.275,388,207.47,44.7083,15.6676,242
1279,298.1245,74233,211.05,373,210.28,43.8687,15.4603,249
1280,299.3852,73050,208.2,367,212.02,44.1351,16.216,244
1281,300.1029,72925,207.875,384,212.12,44.4873,15.2959,243
1282,300.3583,72086,210.7667,372,210.14,44.3929,14.9545,240
1283,299.8667,71968,207.9667,387,211.19,44.0257,16.3504,240
1284,302.1826,72826,205.9,386,210.41,44.7724,15.7665,241
1285,299.7202,72832,208.275,378,209.58,44.0695,15.814,243
1286,299.8669,74367,206.425,372,209.7,44.7995,15.4075,248
1287,300.2946,72371,206.5667,362,211.04,44.247,15.8726,241
1288,303.0702,73343,210.025,394,210.44,44.6166,15.0061,242
1289,297.6264,81252,208.8667,390,208.65,44.1937,14.3066,273
1290,302.1792,72523,204.45,388,209.22,44.4076,15.6605,240
1291,300.8496,74009,210.625,364,210.71,44.7118,15.594,246
1292,301.5306,73875,212.275,375,209.42,44.2412,16.0452,245
1293,299.3673,73345,208.775,376,208.85,43.9079,15.6119,245
1294,300.8963,72516,207.2,372,211.01,44.7159,15.7482,241
1295,300.744,75186,204.55,374,210.35,44.1596,15.3983,250
1296,301.4733,73258,206.9667,379,209.89,44.0177,15.3968,243
1297,302.0542,72493,205.1333,379,209.09,44.4322,16.1316,240
1298,304.5372,73698,210.275,392,209.83,44.5917,15.3998,242
1299,302.4362,73492,211.4,384,208.51,44.859,15.206,243
1300,302.298,74063,207.2333,383,209.08,44.4646,15.0538,245
1301,301.7935,74543,209.4667,380,209.91,43.8747,16.0684,247
1302,303.7355,73504,207.375,399,206.92,44.1057,16.1213,242
1303,305.1066,74446,207.775,384,208.29,44.0677,15.1857,244
1304,302.1952,75851,208.6333,389,210.45,43.8557,15.0657,251
1305,302.7623,73874,206.6333,378,210.52,44.8478,15.6047,244
1306,304.0705,73281,210.55,396,209.28,44.0393,15.9217,241
1307,305.7429,74907,209.825,397,208.55,43.6179,16.0779,245
1308,306.5861,74807,208.875,404,208.08,43.9886,16.14,244
1309,306.7333,73616,204.975,397,209.65,44.2957,16.2362,240
1310,315.8042,75793,211.775,424,210.25,44.3356,16.1751,240
1311,307.7791,76637,205.225,414,211.35,44.6795,15.5781,249
1312,305.0245,74731,207.925,386,207.45,44.5541,15.7942,245
1313,307.2903,76208,204.225,395,208.58,44.3352,16.0492,248
1314,307.0363,76145,208.125,399,209.86,44.1278,15.7986,248
1315,303.6549,77432,203.875,381,208.27,44.1356,15.8083,255
1316,304.254,75455,206.825,372,211.09,44.1444,16.2595,248
1317,305.5992,73955,207.725,400,208.34,44.1272,16.4427,242
1318,304.3077,75164,208.35,401,212.51,44.4375,15.8616,247
1319,304.1405,73602,205.35,382,211.56,44.1652,15.5638,242
1320,306.384,76596,208,403,209.32,44.4172,15.0241,250
1321,297.9036,83413,201.1667,379,210.54,44.4244,14.6597,280
1322,301.9595,74584,209.8667,386,211.27,44.7212,16.521,247
1323,303.1777,73369,208.6,388,211.01,44.0162,15.8052,242
1324,301.1772,76499,205.3,415,209.04,44.7861,15.0646,254
1325,297.9228,73289,210.6667,378,209.88,45.3812,15.529,246
1326,300.2573,72362,211.2,391,209.66,44.3274,16.037,241
1327,299.7833,71948,207.35,381,209.51,44.1196,15.9203,240
1328,296.622,75342,206.075,365,209.54,44.5394,14.7512,254
1329,299.664,74017,206.3,384,211.17,44.7369,15.7868,247
1330,301.6667,72400,206.025,380,210.28,44.3692,15.7887,240
1331,301.4251,74452,212.025,409,212.48,44.7412,15.9546,247
1332,303.375,72810,207.7,388,209.74,44.715,15.6859,240
1333,302.6516,73847,205.075,384,211.53,44.0009,16.1158,244
1334,302.3102,74066,208.425,379,210.3,44.1462,15.6867,245
1335,303.1203,73052,206.125,386,210.22,44.3695,16.0733,241
1336,305.025,73206,210.825,377,208.59,44.0922,16.0831,240
1337,301.8843,73056,206.95,386,207.39,44.3971,16.2651,242
1338,303.6749,73793,206.475,370,211.71,44.5001,15.4932,243
1339,302.1535,72819,210.1,385,204.74,44.4774,15.965,241
1340,304.5661,73705,210.8,404,211.18,45.01,16.1122,242
1341,301.5228,72667,207.7,382,208.28,44.5134,15.7513,241
1342,302.3125,72555,205.625,372,210.06,44.4026,15.6047,240
1343,301.0996,72565,203.425,388,209.26,44.4774,15.7274,241
1344,300.8182,76107,209.675,378,210.18,44.0958,15.2404,253
1345,302.5382,75332,210.0667,388,209.28,44.903,15.0639,249
1346,300.3105,74477,207.8667,383,210.09,44.3461,15.4771,248
1347,300.5595,75741,206.6333,428,209.07,44.8623,15.094,252
1348,298.3306,72196,206.5,399,211.23,44.8528,15.8357,242
1349,301.1042,72265,208.95,371,207.19,44.9016,15.3517,240
1350,297.5602,71712,208.1667,376,210.75,45.0262,15.0024,241
1351,296.425,71142,209.3,377,210.4,44.2006,15.6228,240
1352,298.1625,71559,210.25,379,210.96,43.8083,15.5876,240
1353,294.2741,76217,206.675,365,212.42,44.8132,14.0542,259
1354,298.4221,72815,205.45,389,208.36,45.1263,14.5612,244
1355,296.8612,72731,209.8,373,209.85,43.9406,15.8317,245
1356,297.7623,72654,207.675,379,207.76,45.1111,15.2914,244
1357,298.244,74561,212.1667,383,207.6,44.5842,15.3223,250
1358,301.0531,73758,209.5667,387,209.98,44.3297,15.4966,245
1359,302.572,81997,203.7667,374,212.16,45.0488,14.485,271
1360,302.736,75684,210.45,382,208.97,44.7356,15.3372,250
1361,306.4877,74783,204.7333,405,211.88,44.7347,16.0759,244
1362,305.1545,75068,202.275,418,210.16,43.9529,15.5821,246
1363,306.2992,74737,202.55,391,211.21,44.9979,16.1124,244
1364,306.6951,75447,205.275,406,210.24,44.2756,16.2347,246
1365,308.2875,73989,205.55,394,209.64,44.1378,15.5514,240
1366,307.9106,75746,209.825,386,209.22,44.4802,15.8115,246
1367,304.1333,72992,207.35,392,209.66,44.376,15.5645,240
1368,301.1825,75898,204.3,393,208.75,44.3189,15.3202,252
1369,299.565,73693,203.7,396,212.73,45.0648,15.1116,246
1370,300.9424,73129,207.4667,405,208.95,44.7688,15.6932,243
1371,299.8939,73474,206.725,390,212.73,44.8131,14.6694,245
1372,298.75,72895,203.2,366,212.1,44.7002,15.2782,244
1373,301.1167,72268,204.1667,372,210.4,44.7706,15.2343,240
1374,298.2412,76648,205.9667,375,208.14,44.668,15.0858,257
1375,300.9917,72238,209.9667,389,208.71,45.0554,15.4143,240
1376,298.8843,72330,211.6,375,209.48,44.435,15.3612,242
1377,297.7333,75922,205.8,381,209.6,44.6679,15.147,255
1378,298.3099,72191,205.0667,378,207.88,44.7232,14.5256,242
1379,296.4257,73810,205.4,374,213.17,44.5392,14.7683,249
1380,297.4879,73777,210.3667,368,208.92,44.8906,14.6016,248
1381,297.1667,71320,202.4333,372,207.34,45.024,15.3114,240
1382,297.096,74274,209.2,387,208.13,44.91,15.0051,250
1383,298.6502,72572,206.3,383,209.5,44.6197,14.8276,243
1384,299.4357,72164,207.7667,388,209.62,44.7524,15.1679,241
1385,297.5537,72008,205.8,362,208.64,44.5117,15.5291,242
1386,298.4122,73111,211.2,386,211.03,44.6262,15.1383,245
1387,297.3725,73451,207.7667,393,208.89,45.1087,14.8154,247
1388,296.7137,77739,206.3333,383,209.91,44.1905,14.6583,262
1389,293.1365,72991,204.5333,371,208.85,44.9783,14.593,249
1390,295.7143,72450,206.2667,388,209.27,44.5169,15.1463,245
1391,295.0123,71983,204.2667,379,208.39,45.0907,15.3365,244
1392,293.249,73019,206.1667,359,207.68,44.9067,15.0264,249
1393,294.6538,76610,200.3333,384,210.53,44.6825,14.2432,260
1394,293.6333,70472,203.25,369,208.91,44.5629,15.6965,240
1395,293.3045,71273,206.375,377,209.41,44.9179,15.0483,243
1396,292.6316,72280,211.5667,368,208.47,44.4804,14.4565,247
1397,293.3387,72748,203.95,377,208.31,44.1147,14.7569,248
1398,293.4234,72769,207.3,369,211.03,45.1909,15.2453,248
1399,294.9752,71384,210.6333,373,210.23,45.0749,15.1662,242
1400,293.4959,72200,213.5667,372,209.98,44.5948,15.0128,246
1401,291.096,72774,205,375,209.76,44.3859,14.6653,250
1402,291.5528,71722,210.4667,394,210.79,44.7513,15.2181,246
1403,292.151,71577,208.5333,366,210.99,45.2531,14.5566,245
1404,289.2266,74042,211.8333,354,208.49,45.4629,14.368,256
1405,293.1667,72119,205,349,207.92,44.3732,14.6853,246
1406,290.2624,76339,206.1,363,211.25,44.6227,14.3097,263
1407,293.1434,71527,201.1,367,210.75,45.0483,14.4468,244
1408,293.2992,71565,207.85,373,208.5,45.0948,14.9369,244
1409,293.1317,71231,206.5,384,209.38,44.0094,14.7936,243
1410,292.7469,70552,205.8333,395,208.91,44.6342,15.3881,241
1411,294.2222,71496,208.7,365,208.53,44.4638,15.0887,243
1412,292.8207,73498,206.4333,362,209.21,44.9487,14.679,251
1413,291.9504,70652,204.6333,364,207.89,45.1152,14.453,242
1414,294.6113,72769,202.35,353,208.4,45.0649,14.4066,247
1415,294.1029,71467,209.35,385,211.03,44.2547,14.4252,243
1416,293.1833,70364,205.15,386,206.63,44.7293,14.6041,240
1417,293.4938,70732,204.8667,368,208.52,45.3434,14.786,241
1418,290.7729,72984,209.8333,374,213.6,44.933,14.3691,251
1419,289.6129,71824,207.85,355,210.93,44.1999,14.7721,248
1420,293.6333,70472,205.2,356,207.57,45.0299,14.5092,240
1421,290.3735,72303,208.4333,365,208.98,44.6906,14.6075,249
1422,289.9612,74810,210.2,356,208.78,45.2709,14.3906,258
1423,290.668,71795,209.7,376,209.2,44.9925,14.6502,247
1424,291.0576,70727,205.9667,356,211.49,44.4794,15.5888,243
1425,291.5125,69963,204,377,212.77,44.9582,14.8722,240
1426,294.3278,70933,208.2,371,206.01,45.6376,14.7498,241
1427,295.1625,70839,210.9667,370,210.7,45.0605,14.7364,240
1428,291.908,72977,208,369,210.83,45.1524,14.0752,250
1429,292.4413,72233,209.3,377,211.51,44.7851,14.4756,247
1430,294.0579,71162,210.35,383,209.81,45.0382,14.8308,242
1431,296.7642,73004,209.0667,383,207.72,44.9613,14.5634,246
1432,296.9917,71872,206.1,407,209.18,44.983,14.7251,242
1433,295.8525,72188,206.7,384,209.56,45.0567,15.4566,244
1434,296.0288,71935,207.0333,382,208.07,45.2132,14.5178,243
1435,295.8306,71591,209.1667,375,210.79,44.4265,14.939,242
1436,292.9878,72075,206.2333,371,211.21,44.7684,14.6731,246
1437,296.248,74062,210.2333,368,212.55,45.6831,14.8452,250
1438,295.0792,70819,209.7333,384,210.94,45.0719,14.978,240
1439,293.8299,70813,201.3,369,212.58,44.6134,15.4772,241
1440,294.4631,71849,211.7333,364,212.52,44.9189,15.1533,244
1441,294.4979,70974,206.4,393,209.32,44.6869,15.4058,241
1442,293.0864,71220,203.5667,383,210.89,44.7366,15.3402,243
1443,290.9876,70128,209.6667,362,210.1,45.039,14.3082,241
1444,295.3125,70875,207.25,379,211.82,45.241,14.371,240
1445,293.3167,70396,204.1,391,207.71,44.2683,15.1279,240
1446,291.1641,74538,209.9667,373,210.48,44.8538,14.9347,256
1447,293.2816,71854,207,359,209.6,45.0653,14.6294,245
1448,292.6475,71406,210.9,367,210.79,44.5988,14.9427,244
1449,290.4897,70589,208.3333,366,212.76,44.4775,15.822,243
1450,293.3184,71863,211.15,363,210.36,44.9089,14.8298,245
1451,292.3237,70450,207.9,367,211.29,45.4654,14.2735,241
1452,292.6488,70821,206.85,364,212.21,45.4634,14.7456,242
1453,292.8163,71740,209.2333,363,210.33,45.3701,14.8774,245
1454,291.7458,70019,209.3333,384,210.9,44.4182,14.8972,240
1455,288.7033,71021,203.8667,368,212.06,44.6405,14.2821,246
1456,289.2918,74348,206.85,366,208.26,44.8313,13.6254,257
1457,292.5894,71977,203.7,372,210,44.5058,14.6121,246
1458,292.5697,73435,207.2667,370,211.06,44.7389,14.5382,251
1459,293.65,70476,206.4,371,207.27,44.3285,15.0001,240
1460,289.8263,75065,204.4667,360,208.03,45.0977,14.2078,259
1461,293.2857,71855,209.5,378,210.81,44.2837,14.5263,245
1462,293.9431,72310,205.3667,395,209.49,45.2446,15.0506,246
1463,293.0694,71802,210.4333,365,214.74,44.6826,14.5119,245
1464,294.7631,73396,208.6,399,209.52,44.402,14.6358,249
1465,296.912,74228,209.2667,360,208.82,44.5526,14.5623,250
1466,297.1406,73988,210,424,208.88,44.8352,15.1093,249
1467,298.9799,74446,205.4,370,209.93,44.7837,15.2737,249
1468,299.5492,73090,204.8667,369,211.98,44.5265,15.3071,244
1469,297.86,74465,205.6,425,211.02,44.5807,15.0514,250
1470,300.1053,74126,209.8667,380,211.73,45.1224,15.0534,247
1471,299.5019,76972,204.7,364,210.48,45.2734,15.1951,257
1472,301.6556,72699,212.6,394,207.6,44.7603,15.3837,241
1473,300.9542,72229,206.6333,394,209.43,44.6938,16.0145,240
1474,303.1061,74261,208.175,429,208.3,45.0758,15.1341,245
1475,303.9426,74162,209,393,211.39,44.529,15.4649,244
1476,301.9882,76705,211.1333,369,209.44,44.7246,14.4632,254
1477,304.1542,72997,209.45,376,207.16,44.0653,15.8447,240
1478,307.5934,74130,204.7,389,212.36,44.8449,15.2906,241
1479,306.5425,75716,203.5,386,209.42,44.7834,15.7627,247
1480,303.781,73515,204.6,387,208.77,45.0448,15.4437,242
1481,304.7913,77417,209.1667,405,208.63,44.7601,15.475,254
1482,306.413,75684,211.4,389,210.13,45.2357,15.6123,247
1483,304.38,76095,210.025,401,210.6,44.6922,15.7797,250
1484,306.4647,73858,207.025,403,210.62,44.827,15.0545,241
1485,303.3607,74020,209.2,407,208.51,44.9842,15.5932,244
1486,302.374,74384,204.85,402,209.28,45.0216,15.6747,246
1487,301.2629,75617,210.275,400,210.26,44.9746,15.2044,251
1488,299.6352,73111,206.4667,374,213.24,44.8258,15.8836,244
1489,299.5785,72498,209.225,402,211.88,44.8068,15.246,242
1490,298.1311,72744,204.6333,367,212.76,44.6906,15.3833,244
1491,294.754,73099,208.8333,360,210.84,45.1509,14.9403,248
1492,294.7918,72224,210.9333,359,208.6,45.5588,15.6404,245
1493,296.902,72741,209.6,370,210.21,45.1997,15.3777,245
1494,292.3256,75420,207.9333,363,210.07,44.0451,15.4283,258
1495,294.3169,71519,213.4333,379,206.93,45.2431,15.0503,243
1496,294.4959,72446,210,365,210.32,45.762,15.1159,246
1497,295.6543,71844,205.0667,378,209.51,45.4247,14.4049,243
1498,294.5685,70991,210.45,400,212.06,44.593,15.4842,241
1499,296.4115,72028,207,372,210.8,44.6664,15.4882,243
1500,293.6214,71350,211.1333,353,209.16,44.7995,14.599,243
