1,266.7794,36282,139.95,310,143.03,96.1501,26.5971,136
2,265.1286,37118,141.975,312,144.46,96.6083,26.9747,140
3,269.1022,36867,141.2625,316,141.3,96.3136,26.5797,137
4,265.4444,38224,142.0625,319,143.47,96.7462,26.4652,144
5,263.8819,37999,139.05,327,143.87,96.2037,26.3837,144
6,265.2464,36604,140.725,315,141.04,96.593,26.2849,138
7,264.5423,37565,142.1,309,144.09,95.6241,25.6849,142
8,266.1761,37797,140.575,317,144.12,96.4326,26.7978,142
9,268.2754,37022,140.425,322,144.68,96.8857,26.6865,138
10,265.2887,37671,142.8,322,144.53,94.5633,25.7454,142
11,266.3857,37294,141.375,314,143.58,96.2347,25.3531,140
12,267.3885,37167,140.55,316,142.01,96.7876,26.6986,139
13,262.28,39342,142.35,305,144.47,97.1282,26.699,150
14,265.1,39765,141.5125,305,141.93,95.837,24.733,150
15,265.1679,36328,141.55,299,142.08,96.7328,24.3426,137
16,266.8571,37360,142.275,321,144.08,96.362,26.7084,140
17,264.3889,38072,143.2875,312,144.13,96.3932,26.6228,144
18,268.3404,37836,142.4375,316,145.09,96.0852,26.27,141
19,265.5664,37976,141.6375,318,144.27,95.952,26.269,143
20,267.7122,37212,142.5125,341,144.77,95.7368,26.1443,139
21,265.5664,37976,142.625,304,143.67,96.3438,25.417,143
22,268.7591,36820,141,319,143.84,96.7167,26.0453,137
23,267.9412,36440,142.1625,331,144.1,96.3878,26.8502,136
24,264.3597,36746,142.25,304,146.1,96.1854,26.2128,139
25,266.4306,38366,143.1875,315,144.48,97.6367,26.1318,144
26,262.6395,45174,141.275,297,143.55,97.0538,24.9279,172
27,265.5072,36640,142.15,333,142.78,96.438,27.1101,138
28,266.1439,36994,141.5375,324,142.32,96.161,26.0435,139
29,263.4755,37677,141.25,325,143.73,97.0253,26.5781,143
30,267.3901,37702,142.1875,321,142.7,96.9822,26.3606,141
31,267.3188,36890,140.8125,347,143.34,96.5421,25.9359,138
32,265.5368,36113,142.5875,309,144.37,96.0318,27.0031,136
33,263.0657,36040,141.825,311,144.54,95.8363,26.9421,137
34,265.6214,37187,143.525,297,143.61,96.6043,27.5779,140
35,265.2662,36872,140.3875,322,144.69,96.4761,27.7258,139
36,265.5214,37173,142.4125,329,143.64,96.5052,27.0416,140
37,264.3034,38324,141.9,312,144.63,96.3836,25.301,145
38,264.5608,39155,142.9125,320,143.9,96.6971,25.3752,148
39,267.3165,37157,142.8625,307,143.79,96.5221,25.6392,139
40,267.9706,36444,142.4125,318,146.19,96.468,26.0205,136
41,266.4015,36497,141.475,302,144.84,96.4228,26.6735,137
42,266.5797,36788,142.625,305,143.36,96.6324,26.0662,138
43,265.1618,36062,141.675,294,143.56,97.1309,27.8288,136
44,263.5369,39267,141.225,309,142.91,96.6342,26.4036,149
45,265.7482,36939,141.8875,314,144.29,96.0813,26.3133,139
46,268.0662,36457,143.5625,307,144.2,96.3506,25.8561,136
47,266.1232,36725,141.3875,310,143.62,95.9207,25.9435,138
48,266.2276,38603,142.7,310,144.21,96.7574,27.9306,145
49,268.4823,37856,142.2,325,142.89,96.5326,27.4956,141
50,267.3212,36623,140.7375,328,142.71,96.2456,27.0507,137
51,265.469,38493,140.4875,324,142.96,97.0925,26.4275,145
52,262.6294,37556,142.6125,308,144.57,96.0156,25.8572,143
53,265.25,40318,142.4,317,144.77,95.7242,26.673,152
54,261.7955,46076,141.725,303,142.3,96.1381,25.0625,176
55,266.8786,37363,141.725,314,144.6,96.3456,25.8638,140
56,265.7092,37465,143.0375,327,145.93,96.3754,25.7234,141
57,265.1888,37922,141.9625,305,143.74,96.6205,26.8567,143
58,264.4406,37815,143.15,312,144.28,97.1749,27.5267,143
59,266.3172,38616,143.2125,304,143.44,95.9917,26.5747,145
60,266,37506,143.25,305,144.52,95.9148,26.082,141
61,264.3926,43096,142.4625,312,144.87,96.988,25.4984,163
62,264.4966,38881,141.9375,314,143.51,96.6922,27.1421,147
63,267.9779,36445,141.3625,309,144.65,96.0372,27.2607,136
64,265.8116,36682,144.1375,304,143.99,97.7276,26.9693,138
65,265.8194,38278,142.6375,305,143.64,96.0387,27.2343,144
66,269.2426,36617,142.45,307,145.08,96.6547,27.4539,136
67,266.4029,37030,141.625,310,143.9,96.3373,27.1703,139
68,267.2057,37676,141.3125,316,144.44,95.7704,26.5509,141
69,267.562,36656,141.4625,313,142.54,97.3823,27.4501,137
70,268.9507,38191,141.325,323,142.61,97.2569,27.8682,142
71,270.0496,38077,142.825,316,144.18,96.06,25.6149,141
72,268.3873,38111,140.275,314,142.53,96.5351,27.536,142
73,267.8582,37768,144.3125,312,143.86,96.8294,26.6308,141
74,268.1408,38076,142.3,326,143.39,95.5007,26.744,142
75,269.3529,36632,140.7875,322,142.58,96.9182,27.2181,136
76,267.1752,36603,143.125,333,145.36,97.1059,26.8722,137
77,268.3942,36770,141.8125,329,144.27,96.4564,25.5819,137
78,269.0139,38738,142.8,302,142.3,96.7176,26.3008,144
79,267.8417,37230,141.975,316,144.69,95.8152,25.9092,139
80,271.1014,37412,143.15,321,144.51,97.7269,26.6454,138
81,266.7429,37344,141.575,311,144.82,96.9617,27.574,140
82,267.1489,37668,143.375,317,145.48,96.538,27.5842,141
83,266.6312,37595,140.1125,305,142.52,96.7709,27.6179,141
84,268.7518,36819,145.6125,308,143.34,96.9437,27.0895,137
85,264.2933,39644,141.775,301,142.68,96.6546,27.6502,150
86,267.4336,38243,143.0375,298,143.71,96.1557,24.7176,143
87,266.1788,40193,144.4125,306,143.61,96.2258,23.8647,151
88,269.3446,39863,141.1875,327,142,97.2012,24.1838,148
89,269.9071,37787,143.75,331,145.06,96.8623,26.3224,140
90,267.8841,36968,140.7375,312,144.26,96.0407,26.8878,138
91,267.7357,37483,141.3375,328,144.03,96.8215,26.4525,140
92,271.9577,38618,144.2625,312,145.82,96.7013,26.6811,142
93,268.2766,37827,142.4125,320,143.33,97.0739,26.2229,141
94,270.3431,37037,140.5375,326,143.4,96.2841,25.8211,137
95,270.6241,38158,142.1375,342,143.86,96.6704,27.451,141
96,264.9931,38159,142.6375,310,142.54,97.5374,27.472,144
97,266.518,37046,143.1125,302,144.04,96.6257,26.9921,139
98,269.5894,40708,142.2875,314,145.29,96.8683,26.3797,151
99,267.227,37679,141.9625,325,143.66,96.6028,26.6869,141
100,266.4859,37841,142.7125,307,144.74,96.2248,26.9289,142
101,267.5319,37722,143.1625,301,144.51,95.9797,27.5016,141
102,267.875,36431,141.4875,330,146.73,96.3553,26.8677,136
103,268.1727,37276,142.125,312,142.91,96.4575,25.7005,139
104,269.8188,37235,143.0375,354,145.96,96.3829,25.4568,138
105,267.8102,36690,142.475,341,143.17,96.4096,27.8989,137
106,265.3669,36886,140.8875,320,143.21,95.6222,26.7134,139
107,270.7647,36824,141.75,311,142.83,96.7059,28.0432,136
108,268.1522,37005,142.875,335,143.58,96.2681,26.7615,138
109,268.2464,37018,142.25,317,142.73,96.4428,27.2222,138
110,270.3986,38667,139.6,321,143.21,96.7621,26.2137,143
111,265.5734,37977,140.6875,306,143.96,95.9693,26.8728,143
112,267.227,37679,142.775,310,143.28,96.697,26.3965,141
113,269.4521,39340,141.1875,314,143.55,97.042,25.9968,146
114,270.8968,41989,143.55,320,143.77,96.3927,25.2124,155
115,267.0139,38450,142.7125,323,144.82,96.6891,26.8179,144
116,269.4014,38255,142.3375,309,144.48,97.1677,26.2235,142
117,269.4779,36649,142.3625,336,144.88,97.0235,27.5134,136
118,272.7032,42269,142.475,320,143.64,96.7062,26.9358,155
119,273.2432,40440,143.325,324,145.55,96.2328,25.9989,148
120,274.2979,38676,144.025,325,144.19,96.6586,26.9551,141
121,271.5468,37745,141.1625,326,142.42,96.476,27.6438,139
122,274.6571,38452,142.95,311,144.25,96.4648,27.2674,140
123,275.7681,38056,141.65,327,143.84,96.9669,27.1529,138
124,276.6549,39285,142.5,328,143.86,96.8226,27.2382,142
125,275.7483,39432,143.4875,316,144.11,96.3979,26.3491,143
126,274.4366,38970,142.25,318,144.1,96.6892,26.9764,142
127,272.9,38206,141.6625,330,142.83,96.2927,26.2079,140
128,274.7203,39285,142.85,317,144.88,96.6693,27.0745,143
129,273.2394,38800,142.95,316,144.93,96.6935,26.5577,142
130,273.875,37247,144.1625,321,143.26,97.353,26.8596,136
131,271.7464,37501,141.2625,327,144.68,96.5473,28.2207,138
132,274.731,39836,142.6875,320,144.89,96.817,26.9267,145
133,271.8345,37785,144.2625,334,144.7,96.8915,27.7979,139
134,271.5973,40468,143.9,314,142.21,96.5943,27.1188,149
135,271.7737,37233,141.425,313,144.29,96.4553,25.2743,137
136,272.1942,37835,145.65,323,146.08,96.5042,26.2005,139
137,270.8732,38464,141.425,308,143.8,97.0961,26.3469,142
138,270.1931,39178,142.8125,316,144.99,96.9483,26.285,145
139,272.1691,37015,141.95,316,143.96,96.8755,25.2884,136
140,274.0803,37549,142.0125,307,142.97,96.8052,26.7474,137
141,272.0662,37001,141,316,144.41,97.1483,26.2132,136
142,271.007,38483,141.5875,322,144.09,96.9865,26.7165,142
143,273.5106,38565,143.125,333,145.23,96.8968,25.9828,141
144,272.2222,39200,140.925,327,143.93,97.4835,27.6215,144
145,274.8552,39854,142.5625,328,143.55,96.963,26.4943,145
146,273.7372,37502,143.0125,320,142.33,96.9552,27.2276,137
147,275.4234,37733,143.0375,322,144.76,97.0617,27.4995,137
148,277.3525,38552,141.4,331,144.83,96.965,27.135,139
149,274.3862,39786,142.025,319,142.86,97.1285,26.4314,145
150,272.7246,37636,143.075,321,144.94,96.2593,27.2849,138
151,273.669,38861,142.475,312,141.64,96.5175,26.5104,142
152,271.1656,40946,140.8875,320,143.96,97.3675,26.0114,151
153,270.3904,39477,142.325,313,140.62,96.6749,26.6146,146
154,272.8138,39558,142.525,310,144.55,96.3191,25.7469,145
155,272.708,37361,142.025,318,144.65,96.4375,27.1504,137
156,272.5676,40340,143.3375,315,142.77,96.7993,26.3322,148
157,270.6732,41413,142,315,144.44,96.4866,25.297,153
158,269.3377,41478,144.35,326,144.66,97.1344,26.5359,154
159,270.6209,41405,140.8125,315,142.45,95.9199,25.8159,153
160,272.0357,38085,142.4,331,143.2,96.9608,26.9708,140
161,272.0286,38084,143.3125,314,143.44,96.7322,26.8989,140
162,268.9722,38732,142.075,329,142.68,96.2935,26.6449,144
163,270.2336,37022,142.8,316,144.11,97.1097,26.9932,137
164,269.25,36618,142.1875,326,144.53,96.1608,27.0253,136
165,269.2426,36617,142.075,311,145.49,96.6798,26.7612,136
166,267.9716,37784,142.55,301,144.07,96.7166,26.9552,141
167,269.3088,36626,141.1125,307,144.45,96.1001,26.3231,136
168,267.3758,39839,142.9125,303,143.78,95.8964,26.0357,149
169,270.0927,40784,142.4,309,144.07,96.6396,25.1195,151
170,268.1472,43708,142.5875,324,144.94,96.8976,26.0648,163
171,266.6458,38397,142.4625,313,144.79,96.7024,26.6654,144
172,267.2446,37147,141.375,318,144.41,96.8226,26.0571,139
173,267.0355,37652,142.225,305,143.67,96.6739,26.1747,141
174,269.0207,39008,141.5125,329,143.92,96.5746,26.0493,145
175,266.1813,45517,142.8,310,143.9,96.1307,25.7122,171
176,270.1862,39177,141.7875,324,143.28,96.2536,25.4966,145
177,267.0576,37121,143.625,308,145.37,97.2162,27.2315,139
178,266.973,39512,143.225,306,144.23,97.1734,26.7288,148
179,269.8042,38582,142.875,321,143.44,96.5569,26.5361,143
180,271.2263,37158,142.4,332,143.64,96.4743,25.947,137
181,267.6319,38539,143.0375,315,145.32,96.7622,26.0372,144
182,270.0857,37812,140.5375,345,143.68,96.1966,25.0846,140
183,270.6667,37352,140.3125,301,142.95,96.2471,25.2833,138
184,271.3597,37719,142.6875,344,146.09,96.6892,25.3814,139
185,268.4214,37579,140.5875,305,141.79,97.4308,26.1934,140
186,269.0146,36855,141.125,328,143.36,96.9027,26.3851,137
187,266.1284,39387,142.425,311,144.87,97.2237,26.8365,148
188,265.7468,40925,142.4,312,142.29,96.7183,25.7962,154
189,269.9855,37258,143.1625,314,144.79,96.7702,25.8684,138
190,267.7848,42310,140.725,314,143.85,96.6437,24.6545,158
191,267.4606,44131,143.1125,309,143.27,95.8638,25.2785,165
192,267.8903,41523,141.8375,308,144.5,97.1503,26.3264,155
193,268.8,37632,140.8625,316,144.08,95.8014,26.2271,140
194,267.183,40879,145.3125,317,145.33,96.8681,25.7977,153
195,271.4565,37461,141.5375,318,143.86,96.8556,27.8314,138
196,268.5248,37862,143.85,310,144.24,96.6746,26.7163,141
197,267.562,36656,140.625,324,143.69,96.7422,27.5272,137
198,268.766,37896,142.65,318,141.68,96.54,26.2904,141
199,267.7426,36413,143.575,327,145.02,97.0475,27.9109,136
200,270.0145,37262,140.2125,311,146.14,96.2961,26.2118,138
201,268.8707,39524,142.4875,316,144.92,96.6852,24.6138,147
202,268.5109,36786,142.15,323,145.36,96.3261,25.7621,137
203,268.4275,37043,143.75,303,145.2,96.7558,26.4166,138
204,266.2264,42330,140.1125,307,144.6,96.7761,25.1704,159
205,268.5064,41887,144.475,313,144.9,97.0971,24.354,156
206,271.1471,36876,142.2625,309,144.21,96.8182,26.9881,136
207,273.365,37451,142.0375,316,144.11,96.6255,26.7277,137
208,271.6364,38844,142.85,341,145.1,97.4424,26.3677,143
209,272.6985,37087,141.0375,309,142.67,97.2059,26.45,136
210,269.2,43072,142.5625,320,144.68,97.2881,24.6209,160
211,272.6569,37354,142.65,340,143.99,97.0182,26.9309,137
212,269.1691,36607,142.4875,306,143.84,97.1318,26.8252,136
213,269.6232,37208,140.8125,325,142.03,96.5966,26.2091,138
214,270.2566,41079,144.925,315,145.14,96.6877,26.7806,152
215,269.3143,37704,140.5125,309,144.59,97.5888,26.8113,140
216,269.3406,37169,142.1,315,144.83,97.2267,27.1808,138
217,269.0839,38479,140.875,303,144.5,96.5172,26.4793,143
218,270.0066,41041,142.7,339,143.11,97.4964,26.7154,152
219,269.0311,43314,140.8125,315,143.97,96.6662,26.5199,161
220,268.965,38462,140.9,313,141.79,96.8079,26.2767,143
221,267.6164,39072,143.9125,312,142.6,96.4075,25.8367,146
222,267.2784,47041,142,308,143.11,96.3972,25.6602,176
223,270.922,38200,144.2625,323,142.41,96.9099,26.6035,141
224,269.8844,39673,140.6625,331,142.2,96.7905,26.4247,147
225,273.029,37678,141.95,341,142.93,96.5386,26.1867,138
226,267.7712,40969,142,310,142.52,96.7073,25.8425,153
227,266.965,38176,142.7125,316,142.86,96.3559,27.1874,143
228,270.3643,37851,141.85,332,142.92,97.0456,27.4823,140
229,269.9708,36986,142.125,308,142.86,97.1948,27.6694,137
230,268.0863,37264,141.4875,318,142.36,96.9905,27.1988,139
231,268.6071,37605,142.1875,318,143.38,96.0502,27.0918,140
232,268.3237,37297,143.0625,315,144.59,96.8352,27.2381,139
233,268.7681,37090,142.875,314,145.53,96.8907,26.2077,138
234,269.3309,36629,141.75,311,142.81,96.6043,27.6375,136
235,267.0139,38450,140.5,316,143.23,96.3941,26.1127,144
236,271.156,38233,144.3,335,145.18,95.606,26.2245,141
237,268.6857,37616,141.5625,319,142.98,96.5791,27.2813,140
238,270.3493,39471,141.3,326,143.56,96.2135,26.6126,146
239,268.5294,36520,141.8,326,142.93,97.4156,27.1069,136
240,270.4412,36780,143.1875,317,144.42,97.2203,27.3539,136
241,268.1736,38617,142.85,311,144.1,97.8894,27.7716,144
242,268.4203,37042,141.875,305,142.64,96.6776,26.9739,138
243,269.6547,37482,142.65,314,143.12,96.6038,26.7403,139
244,270.518,37602,142.675,327,143.5,95.9888,26.6558,139
245,268.5369,40012,141.7625,320,142.39,96.8445,25.1342,149
246,269.4507,38262,142.4375,336,143.06,96.7186,27.4693,142
247,269.5493,38276,141.9625,306,142.12,97.113,26.9007,142
248,266.518,37046,142.175,311,145.55,97.1141,25.8236,139
249,268.7192,39233,141.8625,313,143.96,96.244,26.6997,146
250,266.6099,37592,141.6875,308,144.17,96.9607,26.6062,141
251,269.0608,39821,143.5375,320,145.33,96.4739,26.2632,148
252,267.1379,38735,142.1,314,142.61,96.4748,27.8187,145
253,270.1736,38905,145.3125,323,145.67,97.0276,26.4188,144
254,268.8562,39253,141.3125,314,143.85,96.8854,24.3227,146
255,267.7826,36954,142.475,317,145.41,95.9273,25.8589,138
256,267.2754,36884,141.9,322,142.35,96.5817,28.1547,138
257,269.7353,36684,140.35,319,143.47,96.2062,26.1861,136
258,271.5766,37206,143.0625,322,142.82,96.7462,26.375,137
259,268.7536,37088,143.375,308,146.89,96.1121,26.6046,138
260,270.2391,37293,143.25,334,145.15,96.5733,25.6469,138
261,269.1793,39031,143.8125,325,143.38,96.8498,25.1843,145
262,268.9225,38187,142.75,313,143.41,97.121,27,142
263,270.0365,36995,140.9625,309,140.93,97.8063,28.0309,137
264,270.5735,36798,142.6,326,142.36,97.1447,27.7718,136
265,270.2808,39461,141.225,323,143.95,96.8146,26.3456,146
266,269.9143,37788,144.175,312,141.55,97.2398,26.383,140
267,270.8889,39008,142.4375,325,143.5,96.8423,26.0038,144
268,269.8451,38318,142.85,321,145.11,96.7114,27.8646,142
269,272.0429,38086,142.7875,322,142.66,96.9185,27.0299,140
270,270.6131,37074,143.3625,328,143.92,96.6512,25.5502,137
271,270.7664,37095,143.275,343,144.65,97.4463,28.069,137
272,270.6715,37082,142.425,324,144.23,96.887,27.3869,137
273,270.2899,37300,142.775,314,143.13,97.485,27.6293,138
274,270.25,36754,142.9625,320,143.92,97.447,26.9976,136
275,271.4437,38545,143.9625,319,144.7,97.3077,26.2214,142
276,267.9568,37246,142.9375,305,146.49,98.0106,28.5213,139
277,266.9856,37111,141.325,305,142.44,96.6151,27.4696,139
278,270.9051,37114,144.175,316,145.26,97.4723,25.7627,137
279,271.619,39928,142.5625,318,144.92,96.7858,26.1497,147
280,270.3819,38935,143.5625,313,143.8,96.1964,27.1728,144
281,270.3333,37306,143.6375,323,143.06,97.3624,26.7013,138
282,270.9225,38471,141.75,309,144.09,96.6469,26.5488,142
283,270.5109,37060,143.525,318,144.52,97.1689,26.4573,137
284,270.518,37602,141.7125,335,144.45,97.0257,26.7362,139
285,270.5676,40044,142.4375,327,144.04,97.959,27.3441,148
286,271.2847,39065,142.1375,337,143.15,96.8045,26.5868,144
287,271.8623,37517,140.8625,318,143.45,96.6934,26.9485,138
288,269.4196,38527,142.8375,312,142.25,96.7746,26.6921,143
289,269.5845,38281,143.075,313,143.72,96.7033,27.0549,142
290,270.5441,36794,142.4,322,145.36,97.033,27.5056,136
291,270.1223,37547,142.375,311,141.82,97.6126,27.8532,139
292,269.2014,38765,143.625,317,144.95,96.999,26.5979,144
293,273.4934,41571,142.4375,319,145.36,96.7141,25.6879,152
294,271.6739,37491,141.9375,320,146.06,97.0633,26.85,138
295,275.2279,37431,142.2875,335,143.88,96.5874,27.3098,136
296,274.5442,40358,141.6375,338,144.01,96.9461,27.0276,147
297,273.8623,37793,143.0375,316,144.95,96.774,26.3076,138
298,274.7194,38186,143.475,316,143.83,97.2246,27.1649,139
299,276.0135,40850,141.7375,314,142.96,97.0634,26.5586,148
300,276.2222,39776,142.8625,352,143.45,96.9558,27.1318,144
301,279.5108,38852,142.7875,319,143.88,97.3601,26.6365,139
302,278.0368,37813,141.0875,326,143.14,96.829,27.1046,136
303,278.4818,38152,141.4875,329,143.38,97.534,27.3724,137
304,274.551,40359,143.8125,325,142.79,97.2012,26.7348,147
305,280.2319,38672,142.4875,344,144.97,96.9212,27.0087,138
306,281.558,38855,142.2875,341,144.36,96.9076,28.2619,138
307,281.7899,38887,143.5375,334,145.13,97.4877,27.184,138
308,279.6277,38309,140.6375,328,145.35,96.8659,27.616,137
309,282.8759,38754,142.8375,330,144.75,97.993,28.3473,137
310,285.0949,39058,140.8625,335,146.08,97.7055,27.2346,137
311,286.562,39259,142.9625,334,144.49,97.1174,27.2724,137
312,287.219,39349,142.5,333,143.62,97.2566,27.6856,137
313,287.942,39736,142.9375,342,145.33,96.6386,26.7174,138
314,292.3165,40632,142.5125,361,143.19,97.4467,27.8482,139
315,290.2868,39479,142.025,347,143.93,97.4122,27.6169,136
316,289.9073,43776,140.9375,349,142.64,97.4508,27.5025,151
317,289.7708,41727,142.9875,334,143.93,97.0366,27.4105,144
318,289.1143,40476,145.1125,331,143.77,97.6269,28.2079,140
319,286.1387,39201,141.65,346,142.92,97.03,27.9253,137
320,283.9712,39472,143.25,326,143.04,97.7692,28.1625,139
321,283.9301,40602,141.175,325,143.33,97.2454,27.4199,143
322,283.9275,39182,143.1625,334,145.15,97.5251,27.2591,138
323,282.1408,40064,140.8625,326,141.22,97.596,27.2468,142
324,278.7292,40137,143.75,342,145.61,97.3713,27.4289,144
325,280.5105,40113,143.1,330,144.39,97.2431,26.5259,143
326,281.7324,40006,141.5,331,142.69,97.4441,26.0623,142
327,277.8836,40571,142.0625,322,143.27,97.031,26.6343,146
328,276.971,38222,143.25,316,144.42,97.46,28.6482,138
329,275.4218,40487,141.7875,332,142.43,97.1227,26.9791,147
330,277.5147,37742,142.425,330,145.9,97.1084,26.6813,136
331,272.8684,41476,142.95,329,145.9,96.7961,28.0875,152
332,274.8239,39025,141.4,329,144.86,96.845,26.998,142
333,274.1608,39205,142.05,326,145.01,96.721,27.4004,143
334,271.7801,38321,141.6125,354,144.29,97.0946,26.5688,141
335,271.1135,38227,145.25,310,144.64,97.4909,26.367,141
336,272.7643,38187,142.625,331,143.59,96.6134,27.7753,140
337,268.3562,39180,142.675,308,143.71,96.971,26.5797,146
338,271.0357,37945,142.5875,306,143.29,97.0809,26.6368,140
339,268.1181,38609,144.0875,331,144.05,96.7015,26.6042,144
340,271.6204,37212,142.5125,314,146.66,96.7328,26.1063,137
341,271.741,37772,140.7125,330,144.22,97.5512,27.6105,139
342,271.8493,39690,141.475,310,145.54,96.1737,26.4002,146
343,271.8182,38870,139.3125,314,145.48,96.9916,26.4821,143
344,270.2569,38917,140.4125,327,142.71,96.784,26.4034,144
345,269.4,40410,143.75,308,142.99,96.6838,26.2396,150
346,270.9485,36849,141.1125,316,144.37,96.7581,26.6215,136
347,273.9416,42187,142.05,326,142.58,96.2867,26.1605,154
348,272.2206,37022,141.8125,329,144.46,97.0778,27.085,136
349,267.0507,36853,141.1875,319,144.1,95.8474,27.7981,138
350,265.9353,36965,142.825,327,142.47,96.0287,26.6475,139
351,269.2053,40650,145.175,315,144.09,96.7504,25.5773,151
352,269.4056,38525,140.2625,339,142.51,96.5433,26.2324,143
353,267.9118,36436,142.2875,302,143.34,96.1396,26.3888,136
354,269.255,40119,142.5125,321,145.68,96.6895,27.2007,149
355,268.5294,36520,143.6625,306,143.18,96.5264,27.4662,136
356,268.9191,36573,142.95,310,143.87,96.6236,26.2781,136
357,267.1348,37666,142.6625,311,145.76,97.2612,25.9709,141
358,269.1064,37944,140.2375,316,143.14,96.3208,25.3865,141
359,267.6496,36668,140.7,323,143.08,96.0508,26.0561,137
360,266.0213,37509,141.0125,317,143.55,96.8746,25.7317,141
361,266.1888,38065,142.0125,304,143.07,96.0361,24.6415,143
362,266.9857,37378,141.9625,309,142.09,96.1578,26.1273,140
363,263.8563,45911,143.5625,331,144.38,95.3816,25.9802,174
364,268.4406,38387,142.4625,318,144.35,96.834,26.2253,143
365,265.3929,37155,143.1,312,143.39,96.6049,26.0949,140
366,269.9071,37787,141.475,311,143.12,96.5626,27.0579,140
367,267.0851,37659,143.25,302,145.04,97.1176,27.0425,141
368,268.0966,38874,140.975,324,143.98,96.0748,25.5976,145
369,266.8676,36294,142.9875,300,144.21,96.3773,26.1196,136
370,266.6028,37591,140.975,317,142.95,97.0756,26.3976,141
371,268.4338,36507,144.725,305,144.03,96.0666,26.5835,136
372,266.9787,37644,141.4875,319,143.95,96.4192,26.7307,141
373,269.4348,37182,140.4625,329,143.38,97.1905,25.5653,138
374,265.1556,47728,141.3,310,144.24,95.6706,24.863,180
375,267.8993,37238,143.025,309,144.08,96.7781,25.647,139
376,267.7214,37481,143.425,309,143.17,96.6686,25.0848,140
377,267.7361,38554,140.425,327,143.13,96.6743,25.1253,144
378,263.2222,42642,140.9375,314,142.55,96.4247,25.4845,162
379,267.1333,40070,142.6,296,145.27,96.2827,26.2006,150
380,269.1232,37139,142.575,318,144.99,97.2147,27.3279,138
381,268.2391,37017,142.25,297,143.98,96.5477,26.0384,138
382,264.8814,46884,143.4625,323,144.76,96.9516,24.6157,177
383,267.2925,39292,143.425,331,144.05,96.6667,24.689,147
384,264.8714,37082,141.85,330,143.83,97.7153,27.6227,140
385,268.0357,37525,140.6625,308,142.82,97.0532,27.4233,140
386,266.7808,38950,143.0125,309,144.13,97.724,26.7679,146
387,267.1678,39808,142.2125,303,143.21,97.3952,26.1508,149
388,267.7868,36419,142.4125,313,143.89,97.4804,27.8968,136
389,266.9306,38438,142.4,319,143.97,97.6104,28.0951,144
390,267.8881,38308,142.075,324,142.39,97.6553,25.5395,143
391,267.4904,41996,143.6375,312,143.93,96.6358,25.9572,157
392,266.058,36716,142.0375,309,142.33,96.5468,28.3848,138
393,268.8582,37909,142.1375,323,143.8,96.889,26.5697,141
394,268.4178,39189,141.8875,316,142.46,96.2524,24.9477,146
395,269.8406,37238,142.2625,330,143.54,96.4464,26.2126,138
396,269.4101,37448,140.7125,341,143.53,97.241,26.7875,139
397,270.7391,37362,142.625,318,144.26,96.4282,26.7761,138
398,266.6277,36528,142.525,311,143.42,95.8746,26.4614,137
399,267.7413,38287,144.5,338,143.96,96.8473,26.04,143
400,266.4397,37568,141.825,322,143.37,96.7432,27.5494,141
401,268.4748,37318,141.3125,314,143.69,96.4637,25.1921,139
402,268.7234,37890,142.075,312,144.1,96.8222,26.2321,141
403,268.3542,38643,142.05,328,144.98,97.3107,26.2621,144
404,266.8986,36832,140.85,318,144.73,97.8847,27.2526,138
405,266.9638,36841,143.275,330,144.24,97.9821,27.3453,138
406,267.3768,36898,141.65,325,142.77,96.5192,26.7537,138
407,267.6619,37205,142.7125,317,142.94,96.3577,26.0712,139
408,266.9568,37107,142.7875,307,143.28,96.4105,24.7018,139
409,265.927,36432,140.6875,304,141.08,96.8008,25.5315,137
410,267.7483,38288,143.1375,323,144.38,96.2533,25.6576,143
411,267.6972,38013,142.7875,325,145.52,95.5749,25.978,142
412,266.2449,39138,142.4875,317,143.92,96.1222,25.6134,147
413,266.9536,40310,140.6625,300,142.44,97.5684,26.5681,151
414,268.8219,39248,141.1625,321,143.39,96.9619,26.6855,146
415,267.5674,37727,142.225,316,142.91,97.0419,25.6844,141
416,268.7823,39511,142.8,328,143.17,96.963,26.8218,147
417,261.224,50155,142.525,314,142.15,96.3582,25.3761,192
418,266.1644,38860,142.5625,319,145.6,97.217,25.9798,146
419,268.6377,37072,141.7625,311,144.69,96.3501,26.7687,138
420,268.146,36736,142.3125,320,143.78,95.745,27.3433,137
421,268.1799,37277,142.7,305,144.22,96.2394,26.0496,139
422,268.1081,39680,141.575,312,143.42,97.1446,26.7767,148
423,267.9265,36438,140.2875,321,144.35,96.3869,25.5947,136
424,270.5217,37332,141.775,313,143.02,96.1028,26.3042,138
425,269.6408,38289,142.05,303,143.71,97.1075,26.5851,142
426,268.9191,36573,142.6875,303,145.14,97.1251,26.2919,136
427,270.1357,37819,141.2,304,145.43,96.3585,24.7991,140
428,267.7708,38559,143.575,316,143.33,96.521,24.1888,144
429,267.125,38466,143.05,304,144.36,96.6145,25.5511,144
430,265.2857,38997,141.15,304,144.52,96.6192,25.358,147
431,262.5833,50416,141.875,307,143.47,96.663,24.5111,192
432,266.8777,37096,141.8625,302,146,96.2525,25.6048,139
433,265.109,41357,142.575,311,143.51,98.3299,26.6218,156
434,269.0791,37402,142.3625,328,145.27,96.2357,26.3725,139
435,264.0071,37225,142.65,314,142.53,97.0326,27.2702,141
436,267.0576,37121,142.45,298,143.03,96.9775,26.9039,139
437,265.9143,37228,142.7,309,142.79,96.4399,28.0516,140
438,268.9779,36581,142.7125,326,145.87,97.2408,26.201,136
439,266.2192,38868,141.15,319,142.05,96.5429,26.0131,146
440,264.0699,37762,143.5875,311,145.27,97.1908,28.1429,143
441,265.8085,37479,143.55,306,145.17,96.6033,27.8285,141
442,268.0515,36455,142.75,297,142.8,96.4157,26.7081,136
443,265.1095,36320,143.7875,307,144.15,97.6004,27.4044,137
444,266.75,37345,141.8375,310,145.35,96.8493,27.3835,140
445,267.9583,38586,141.825,314,145,97.642,25.7901,144
446,263.814,45376,141.225,329,143.77,96.5981,24.8936,172
447,266.2464,36742,144,309,144.09,96.6037,27.1955,138
448,264.4315,38607,143.2125,296,143.71,95.7994,27.2737,146
449,264.2993,36209,140.125,314,142.4,98.2535,28.98,137
450,265.4892,36903,140.8875,317,142.58,97.4525,27.9422,139
451,265.7132,36137,142.4875,304,145.35,96.7585,27.5696,136
452,265.4234,36363,141.5,316,144.7,96.2529,26.7197,137
453,266.5448,38649,143.4,311,144.43,96.1359,26.0541,145
454,266.2971,36749,141.825,335,144.04,97.5361,26.3973,138
455,264.3147,37797,143.3,315,143.34,97.2495,26.1116,143
456,267.2971,36887,141.6375,312,144,96.3011,26.6125,138
457,262.4118,40149,143.175,294,142.67,95.9503,25.8175,153
458,263.8,36932,142.3125,317,143.77,96.5992,26.8362,140
459,264.8012,42633,141.675,302,143.5,96.1971,26.0358,161
460,267.5108,37184,142.65,320,143.58,96.8409,28.0264,139
461,265.7533,39863,140.225,310,144.56,96.5444,25.3744,150
462,264.7183,37590,141.25,310,142.27,96.3325,26.4182,142
463,265.4118,36096,141.4875,303,143.83,96.641,25.9009,136
464,265.3636,37947,141.975,315,143.35,96.8219,25.9641,143
465,265.8394,36420,143.9125,324,143.78,96.3692,27.919,137
466,266.4203,36766,141.1,308,143.19,96.4568,26.2736,138
467,266.4085,37830,142.2875,301,144.74,96.6282,26.1135,142
468,267.1511,37134,143.125,305,145.48,96.6377,26.9075,139
469,267.1314,36597,141.6375,308,144.68,96.9591,26.6665,137
470,268.7101,37082,141.9125,315,142.93,97.6447,25.9006,138
471,264.3546,37274,142.1625,320,143.86,97.2168,26.6345,141
472,265.3217,37941,141.9625,320,144.66,96.5039,27.1637,143
473,265.5395,40362,143.1125,313,145.33,96.7862,26.526,152
474,265.6524,43567,141.025,318,144.46,96.7243,25.0049,164
475,266.1857,37266,142.325,309,144.69,96.706,26.7324,140
476,268.8509,43285,141.7,325,144.19,96.7017,25.5984,161
477,267.7647,36416,142.6,304,144.54,96.2799,25.9022,136
478,264.1399,37772,140.4875,293,142.84,96.7349,26.7652,143
479,265.4863,38761,142.8,317,144.64,96.5817,26.2964,146
480,265.4503,40083,143,317,143.42,96.0489,25.4165,151
481,266.411,38896,143.6,301,145.58,96.5111,26.9387,146
482,267.8015,36421,141.7,319,143.78,96.2781,26.395,136
483,265.0903,38173,141.325,307,142.56,96.5869,26.7159,144
484,267.4926,36379,142.125,306,144.11,96.2209,26.4313,136
485,266.6838,36269,141.9625,318,143.64,96.2431,26.5374,136
486,265.8406,36686,142.175,318,144.09,96.7242,26.4896,138
487,263.0719,36567,143.3125,308,144.44,97.3946,27.0017,139
488,264.5985,36250,142.1375,320,144.19,97.4526,25.819,137
489,265.7163,37466,141.725,299,144.27,96.3925,26.0521,141
490,264.9054,39206,143.2875,310,142.58,96.7907,25.8824,148
491,264.5282,37563,142.775,329,144.35,96.1763,26.9044,142
492,265.0533,39758,141.2375,305,144.78,97.0484,26.7883,150
493,263.961,40650,142.8125,311,144.56,97.1042,25.1061,154
494,266.5248,37580,143.0625,323,144.45,97.2548,25.101,141
495,264,43824,141.4375,308,143.53,95.9947,24.5835,166
496,267.0147,36314,141.25,314,143.99,97.351,25.3586,136
497,266.8138,38688,140.7125,331,143.32,96.0865,26.8387,145
498,265.4825,37964,141.425,320,143.21,96.5653,26.2174,143
499,267.6014,36929,142.5625,323,143.92,96.3241,25.8638,138
500,267.0368,36317,142.8125,310,145.45,96.7979,27.4041,136
501,266.1971,36469,143.45,303,144.37,97.3852,26.7769,137
502,266.2536,36743,143.15,303,144.74,96.6194,25.3651,138
503,267.1168,36595,141.65,314,143.96,96.6587,26.6922,137
504,265.6623,40115,143.5375,317,144.78,96.7545,26.1658,151
505,265.7832,38007,141.3625,322,143.36,97.1108,26.8671,143
506,266.5325,41046,143.5125,305,143.75,96.1425,25.9152,154
507,265.4275,36629,140.725,296,143.72,97.1012,26.2298,138
508,265.2263,36336,141.875,297,145.93,95.7466,25.7202,137
509,264.4577,37553,142.1,303,144.47,97.1497,26.8649,142
510,266.5839,39721,141.8625,319,144.19,96.9491,26.3006,149
511,264.0692,41987,142.125,303,143.47,96.3523,25.442,159
512,263.2299,45802,143.1625,319,143.78,96.5138,24.556,174
513,264.8,39720,142.5375,304,142.23,96.5403,26.2969,150
514,263.9714,36956,141.65,310,142.03,96.9833,27.4883,140
515,265.4755,37963,143.275,314,144.42,96.8516,26.5301,143
516,264.7483,38918,141.6,322,142.84,96.4389,24.5951,147
517,264.8519,42906,142.8125,313,144.61,94.9397,23.6511,162
518,263.6242,41389,142.9625,306,142.95,96.2421,23.0193,157
519,264.4581,47338,140.9125,350,143.96,95.7067,24.2404,179
520,265.8643,37221,143.3125,323,143.97,97.3244,26.3975,140
521,265.5586,38506,142.1625,315,143.23,96.5352,25.4241,145
522,268.0803,36727,141.175,299,141.82,96.8128,26.0442,137
523,266.4069,38629,140.8625,319,143.87,96.0948,25.9393,145
524,267.2535,37950,143.1,310,142.57,96.095,25.2362,142
525,262.2041,38544,140.9,307,143.18,97.757,25.8658,147
526,266.6525,37598,141.75,306,144.32,96.2487,26.9064,141
527,268.0548,39136,145.6125,305,144.62,96.1209,26.5568,146
528,266.6939,39204,143.5,312,143.57,97.8486,25.6618,147
529,267.3165,37157,142.15,310,144.47,96.5337,25.5987,139
530,264.2739,41491,142.325,311,145.32,96.0563,24.9263,157
531,266.3856,40757,142.175,333,144.24,96.184,25.2747,153
532,265.5467,39832,142.7625,308,145.15,96.5007,25.6861,150
533,267.0876,36591,143.775,301,143.87,97.2905,25.0101,137
534,266.9635,36574,140.425,303,141.97,96.7387,25.189,137
535,266.705,37072,142.5375,324,143.66,97.1584,25.6673,139
536,266.1972,37800,140.6125,325,143.73,95.9594,26.1977,142
537,266.3448,38620,141.1625,324,143.26,96.2367,27.5141,145
538,268.0441,36454,142.0875,324,142.96,97.0027,26.032,136
539,264.7361,38122,141.7,311,144.02,97.1539,27.1632,144
540,266.9463,39775,140.3625,313,142.67,96.9353,26.5916,149
541,265.4483,38490,142.0625,313,142.06,96.4285,25.5552,145
542,266.4485,36237,142.5125,313,143.04,96.1964,25.1679,136
543,265.3897,36093,142.9125,305,145.84,96.7433,24.9124,136
544,266.4397,37568,141.9625,339,144.87,96.9158,25.7698,141
545,267.2662,37150,143.1875,296,145.34,96.8676,26.4556,139
546,264.8214,37075,142.275,309,144.74,96.7082,27.4517,140
547,267.3406,36893,142.75,309,144.69,97.5946,26.5803,138
548,266.25,38340,141.1875,326,142.62,96.674,25.7253,144
549,264.4364,43632,143.4625,317,144.07,95.8089,23.9276,165
550,268.3957,37307,141.275,307,143.04,96.8789,23.1267,139
551,263.8531,37731,143.75,323,145.31,97.1358,25.5915,143
552,264.9779,36037,141.6,306,143.17,98.0866,26.9552,136
553,267.449,39315,141.025,346,144.18,96.0535,25.7881,147
554,264.6738,37319,140.775,302,143.85,96.5705,24.8787,141
555,265.7536,36674,140.4875,308,144.33,97.2119,25.7244,138
556,267.9496,37245,143.075,310,143.84,98.3097,26.7296,139
557,264.9718,37626,143.45,327,143.56,97.5099,26.1956,142
558,264.6424,43666,142.5125,314,145.12,96.9247,26.7492,165
559,264.8028,37602,141.575,318,143.81,96.7837,26.5172,142
560,265.8705,36956,144.825,301,143.73,96.6555,27.1029,139
561,263.5106,37155,144.675,303,143.87,96.8362,25.8121,141
562,267.146,36599,142.7,308,142.84,96.9732,26.1029,137
563,265.3401,39005,142.6625,305,143.07,96.7417,25.449,147
564,267.2806,37152,143.1875,330,142.41,97.3055,27.5628,139
565,271.5588,36932,142.3125,311,145.14,97.3035,26.3827,136
566,267.3623,36896,142.5875,296,142.32,95.7945,27.2654,138
567,268.6103,36531,141.7375,317,143.41,97.089,26.0898,136
568,267.06,40059,142.6625,303,145.24,96.0956,26.663,150
569,269.0072,37392,143.95,318,145.42,96.9745,27.2008,139
570,268.1727,37276,142.825,320,144.17,96.3386,25.9075,139
571,270.2132,36749,141.4625,333,144.18,97.3676,26.7926,136
572,267.7452,42036,141.475,321,143.53,96.8811,26.2184,157
573,268.9929,37659,141.85,308,143.35,97.1888,26.353,140
574,266.6216,39460,142.3875,300,142.62,96.2173,25.6934,148
575,267.3116,36889,143.9875,322,142.38,95.4234,24.565,138
576,266.8162,36287,143.575,313,145.06,96.8957,25.8077,136
577,264.4545,37817,140.7625,308,144.04,96.7598,25.6506,143
578,266.3147,38083,142.95,309,143.94,96.5148,26.2747,143
579,267.1324,36330,141.6875,311,144.4,97.3129,26.8513,136
580,268.087,36996,144.1625,316,144.02,97.1196,25.3939,138
581,270.0725,37270,143.025,317,144.51,97.5878,26.5924,138
582,267.058,36854,140.1125,299,143.87,98.0747,26.3405,138
583,268.0662,36457,141.4625,309,143.42,96.6572,26.7468,136
584,266.6528,38398,141.6,309,143.98,96.7384,26.3286,144
585,267.5441,36386,141.825,320,144.02,96.4811,26.0265,136
586,270.5985,37072,142.3625,311,143.59,95.8852,26.3632,137
587,263.1127,37362,143.175,337,143.73,96.8995,27.069,142
588,268.1944,38620,141.9625,335,142.9,97.6956,25.84,144
589,268.4748,37318,142.2,323,142.65,97.2402,25.9981,139
590,270.5319,38145,142.2125,333,145.08,96.9132,26.433,141
591,267.0362,36851,141.5875,316,142.86,96.8859,25.7153,138
592,268.8085,37902,142.9875,314,145.33,97.2095,26.968,141
593,266.4969,42373,143.0125,306,143.5,97.266,26.5386,159
594,269.2899,37162,142.075,324,144,96.9021,26.2919,138
595,267.1127,37930,141.45,309,144.92,97.0969,27.077,142
596,269.0652,37131,140.9875,323,142.59,96.458,24.7165,138
597,267.292,36619,143.3375,316,144.17,96.7595,26.1054,137
598,268.8993,37377,142.2625,306,143.7,97.9811,26.9265,139
599,268.2868,36487,143.1625,315,145.27,96.4306,26.7898,136
600,266.5,39975,142.0375,312,143.89,96.7324,26.0444,150
601,268.4265,36506,140.1,327,142.83,97.2652,25.7342,136
602,269.3015,36625,141.35,307,144.31,97.1688,26.0323,136
603,265.8383,44395,142.15,308,144.22,96.624,25.3278,167
604,266.7708,38415,142.8125,320,142.53,96.5692,26.3407,144
605,268.9786,37657,142.8125,311,143.14,96.2599,25.9419,140
606,265.2929,37141,141.3375,305,144.24,96.5152,24.7694,140
607,267.2143,37410,141.65,319,144.1,97.4542,26.5005,140
608,269.3214,37705,143.3375,313,144.05,96.7108,25.878,140
609,267.7914,37223,141.675,321,142.56,96.4186,26.7954,139
610,269.5035,38539,140.525,314,143.03,97.7116,26.112,143
611,267.329,41436,143.975,314,143.27,96.7438,25.8266,155
612,270.0219,36993,142.525,308,142.82,96.149,25.3669,137
613,269.7857,41547,143.375,316,144.32,96.1615,25.2389,154
614,271.3099,38526,142.2375,312,143.06,96.7798,25.3834,142
615,269.2374,37424,141.4125,322,142.96,96.8637,26.0041,139
616,268.4706,41076,141.3875,317,144.57,97.3355,26.4435,153
617,269.8027,39661,142.1375,327,142.84,97.2819,26.2015,147
618,269.4338,36643,143.3125,306,143.18,97.0641,27.2623,136
619,269.1558,41450,139.675,299,143.08,96.5022,26.8063,154
620,268.7123,39232,141.425,320,142.94,96.7757,27.4352,146
621,268.6312,37877,141.525,312,142.58,96.9732,25.5823,141
622,267.5448,38794,142.7625,310,143.83,98.0176,26.6975,145
623,268.3151,39174,141.9125,323,144.6,97.0067,26.324,146
624,269.6084,38554,143.4125,307,145.52,96.7964,24.765,143
625,269.4414,39069,142.275,313,143.57,96.3821,27.0173,145
626,266.6357,37329,141.6125,307,143.56,96.9007,26.4501,140
627,268.5035,38396,143.4875,327,143.95,96.9621,26.5166,143
628,268.1497,39418,142.65,303,143.9,97.4817,25.882,147
629,269.8958,38865,140.35,317,143.1,96.5853,24.8197,144
630,268.1594,37006,141.1875,318,144.46,96.1459,26.3523,138
631,267.6143,37466,144.0375,323,145.81,97.9115,28.8512,140
632,267.1522,36867,142.65,312,141.11,97.5794,26.3705,138
633,264.3431,36215,141.8875,301,145.61,97.8541,26.7466,137
634,268.7192,39233,140.5875,322,144.58,96.9719,26.2614,146
635,269.4397,37991,142.7375,313,143.83,97.3454,25.5751,141
636,267.8904,39112,143.1875,304,143.99,97.0942,25.8335,146
637,268.0136,39398,141.9,305,143.8,96.8003,24.7487,147
638,267.4928,36914,143.55,316,144.36,97.4517,27.2758,138
639,269.8961,41564,142.2125,316,144.1,96.5045,26.3115,154
640,271.3796,37179,142.075,329,143.7,97.6571,25.6998,137
641,268.4604,37316,142.2875,309,142.22,96.994,26.7902,139
642,267.993,38055,142.9625,320,144.8,96.4145,25.1633,142
643,268.6143,37606,141.025,315,143.72,96.9263,27.0222,140
644,266.8129,37087,139.4875,309,141.59,97.3261,26.3369,139
645,267.0735,36322,144.4,313,145.81,97.8481,27.2663,136
646,269.9559,36714,140.9125,324,142.78,97.3452,27.0288,136
647,268.7319,37085,142.5875,331,144.03,96.8339,27.0093,138
648,268,39128,141.9375,325,142.56,97.2809,26.6942,146
649,269.6838,36677,141.725,321,143.18,97.3574,27.3093,136
650,267.0845,37926,141.2375,312,145.02,97.7151,27.8454,142
651,270.4245,37589,142.225,320,144.63,97.7146,26.5079,139
652,271.1884,37424,142.5875,313,143.22,96.0723,26.7025,138
653,268.3691,39987,143.7875,323,144.31,96.5072,25.6919,149
654,268.7945,39244,142.5625,309,143.06,95.981,26.0226,146
655,269.0621,39014,141.8875,304,143.55,97.0046,26.2911,145
656,270.7353,36820,144.1125,306,144.42,96.7385,26.2122,136
657,268.3725,41061,141.0875,307,143.16,96.8908,26.2224,153
658,269.5036,37461,140.7875,326,143.17,96.9909,26.5229,139
659,268.3623,37034,142.275,305,144.24,97.1041,28.1168,138
660,267.5725,36925,143.1375,323,146.4,97.6364,26.0805,138
661,272.1387,37283,142.3,340,145.56,97.2143,26.7503,137
662,269.6763,37485,141.2125,338,144.37,97.6289,27.0817,139
663,269.1957,37149,143.275,323,143.84,96.6838,25.9678,138
664,269.234,37962,141.9875,313,144.29,97.3622,26.7033,141
665,269.6029,36666,141.8375,309,143.28,97.5941,27.1061,136
666,268.5208,38667,141.225,312,144.13,97.2519,27.1901,144
667,268.7133,38426,143.1,319,145.2,97.7703,26.4408,143
668,270.7826,37368,144.3875,310,145.2,96.8372,27.5319,138
669,268.3028,38099,141.625,310,143.9,96.9648,27.0549,142
670,271.1739,37422,140.15,317,143.5,96.5634,26.1395,138
671,269.2069,39035,139.9625,308,143.18,96.7429,26.0577,145
672,268.7708,38703,141.4125,315,142.75,97.4043,26.3715,144
673,268.9424,37383,140.0375,306,143.12,96.8438,26.5101,139
674,269.1377,37141,142.525,312,143.1,97.5288,26.1628,138
675,268.7299,36816,141.5875,318,144.91,97.262,27.9184,137
676,269.6806,38834,140.7875,317,142.89,97.4701,27.4496,144
677,268.089,39141,141.3875,305,143.34,97.1215,25.8198,146
678,269.554,37468,142.5,317,144.14,97.563,25.0797,139
679,269.3782,42023,141.6,327,145.21,97.0809,26.2039,156
680,270.2482,37024,141.425,313,141.93,97.4579,25.4569,137
681,271.4823,38279,143.1875,310,144.93,97.3022,27.3337,141
682,271.4173,37727,142.8,316,145.26,96.9723,27.6303,139
683,268.7943,37900,144.875,312,144.31,97.1209,27.0783,141
684,268.1678,38348,143.1875,309,143.42,96.8439,25.936,143
685,271.8986,37522,141.6,318,144.26,97.0406,27.0188,138
686,267.947,40460,144.3125,335,145.84,96.9365,27.2697,151
687,271.4317,37729,142.4625,305,145.42,97.0577,27.2453,139
688,268.5147,36518,144.475,320,145.42,97.4393,27.1954,136
689,272.5294,37064,141.25,325,144.06,97.1163,26.7972,136
690,270.8201,37644,145.425,311,144.19,97.639,26.7698,139
691,268.8971,36570,143.425,310,144.24,97.5837,27.1498,136
692,269.5175,38541,141.7375,327,142.71,97.1562,26.599,143
693,271.9929,38079,143.3625,338,144.05,96.5834,25.8376,140
694,269.2429,37694,141.575,309,143.98,97.4217,25.2479,140
695,269.8828,39133,143.2875,316,146.34,97.6657,27.3551,145
696,270.7132,36817,141.725,336,146.23,97.5732,27.1607,136
697,270.7203,38713,142.7,320,144.14,96.9746,26.9181,143
698,271.0647,37678,143.2625,322,146.39,97.6832,25.8689,139
699,273.1007,37961,141.65,330,143.85,98.1278,25.5578,139
700,271.971,37532,142.475,321,145.86,97.1102,26.7187,138
701,272.8309,37105,142.175,309,142.96,97.4148,25.4643,136
702,273.1067,40966,143.975,320,146.16,97.4749,25.429,150
703,274.0857,38372,141.7625,333,144.66,97.6929,26.7414,140
704,272.4779,37057,142.1625,313,144.65,97.8714,27.1796,136
705,271.2081,40410,143,310,144.9,97.1673,27.6154,149
706,272.5245,38971,142.2375,319,144.19,97.4016,26.5767,143
707,272.3125,39213,142.75,318,144.76,96.9762,25.5282,144
708,270.021,38613,141.9375,323,142.8,96.6675,26.3888,143
709,270.3623,37310,142.975,316,142.83,96.6991,28.1864,138
710,270.4902,41385,142.925,311,144.4,96.2065,26.5635,153
711,271.1103,36871,144.8125,313,144.32,97.7393,27.2148,136
712,269.8921,37515,143.25,320,143.42,98.0356,26.9329,139
713,267.0441,36318,142.675,303,143.9,97.774,26.8642,136
714,270.219,37020,142.475,316,144.45,97.3709,26.7623,137
715,268.3382,36494,139.975,315,143.29,97.9164,27.3593,136
716,266.8758,40832,142.325,307,144.83,97.5694,25.7615,153
717,271.4234,37185,140.9625,314,144.31,97.8008,24.6255,137
718,267.8451,38034,140.7,307,143.79,96.2232,27.2059,142
719,267.6115,37198,142.475,311,141.62,96.83,26.132,139
720,269.3143,37704,141.8125,314,143.05,96.7468,26.8983,140
721,270.8768,37381,143.275,316,145.2,97.2713,26.6498,138
722,268.6071,37605,141.0125,308,144.99,96.825,25.7787,140
723,271.3427,38802,143.8125,306,144.5,97.6371,26.9736,143
724,270.0652,37269,142.3625,325,144.48,96.951,26.6977,138
725,275.5515,37475,142.45,337,143.87,97.4362,27.2926,136
726,272.9855,37672,141.875,317,145.02,96.8688,27.4252,138
727,270.2621,39188,142.7875,315,145.39,96.9479,26.7261,145
728,271.9021,38882,142.7,315,144.2,97.1941,26.3639,143
729,270.2246,37291,142.4875,320,142.64,97.8261,27.0031,138
730,272.7801,38462,142.4875,318,144.97,97.8307,26.1974,141
731,268.3727,43208,140.3375,316,142.68,97.2473,26.2187,161
732,269.7958,38311,141.6875,322,143.6,97.3337,26.5395,142
733,270.9065,37656,142.6375,313,144.97,97.5901,26.4871,139
734,269.0979,38481,143.2875,311,144.8,97.6287,26.674,143
735,267.8425,39105,142.05,318,144.83,97.0243,26.3953,146
736,270.8015,36829,142.725,316,144.8,97.3021,27.9117,136
737,269.6403,37480,141.75,314,142.66,97.2517,26.2863,139
738,269.1781,39300,142.575,317,143.95,98.2376,26.9669,146
739,270.844,38189,140.6875,322,144.17,96.8605,26.9361,141
740,269.0493,38205,143.2375,305,144.59,97.5853,27.738,142
741,269.3094,37434,141.6625,317,142.73,97.4892,26.373,139
742,268.6643,37613,143.9625,308,143.24,97.6556,26.8392,140
743,270.2324,38373,142.525,306,145.28,97.451,27.0109,142
744,269.4065,41758,142.7125,333,143.64,96.3464,26.3607,155
745,270.6099,38156,142.1,344,144.15,97.2427,27.4468,141
746,270.3897,36773,142.825,316,144.55,97.4342,27.5451,136
747,270.6184,41134,142.3,332,145.51,97.3913,27.4743,152
748,269.8832,36974,142.425,312,142.88,97.6562,27.0688,137
749,272.9463,40669,141.35,301,143.09,97.7332,26.264,149
750,271.3662,38534,142.75,341,143.27,97.6153,26.3566,142
751,267.0662,36321,140.55,318,141.81,97.4295,26.5136,136
752,266.9189,39504,141.85,312,145.82,96.589,26.7095,148
753,271.5933,40739,142.55,316,143.65,97.5267,26.7888,150
754,270.1606,37012,143.4375,318,143.53,97.3747,25.8684,137
755,267.7975,42312,141.3875,311,142.37,96.8719,27.0738,158
756,268.773,37897,142.0875,337,145.86,97.3556,26.9907,141
757,270.5816,38152,140.675,316,142.96,98.3267,27.9312,141
758,267.6596,37740,141.9125,306,143.97,97.5924,26.9682,141
759,266.2468,42067,141.1875,312,144.96,95.9138,26.0611,158
760,266.4,38628,142.775,305,144.45,97.3001,28.0723,145
761,266.9286,37370,142.45,326,143.46,97.8719,28.7081,140
762,265.8768,36691,142.775,306,144.55,97.8235,27.2154,138
763,267.3147,38226,141.05,328,144.47,96.8936,26.5796,143
764,268.6275,41100,141,309,143.73,96.5002,25.8736,153
765,266.2113,37802,142.1125,312,143.03,97.7516,26.0743,142
766,268.6026,40559,142.8625,299,144.97,97.1961,26.5382,151
767,267.3919,39574,142.9625,314,144.94,97.4227,26.5047,148
768,268.7536,37088,141.875,307,146.21,98.053,25.9008,138
769,265.5411,38769,140.275,308,144.31,96.4199,26.7203,146
770,268.2789,39437,142.3125,311,144.25,96.5718,26.3582,147
771,267.8298,37764,145.05,308,144.05,96.5019,26.506,141
772,266.7266,37075,141.25,323,144.72,96.9226,27.7542,139
773,266.6395,39196,141.9875,308,143.94,97.1538,26.4904,147
774,267.1159,36862,141.9125,307,143.16,97.8543,27.2068,138
775,267.9203,36973,141.675,311,143.94,96.4895,26.3474,138
776,266.8333,36823,144.775,316,145.16,97.0757,27.6352,138
777,267.507,37986,140.45,325,142.04,97.8253,26.8388,142
778,266.1812,36733,141.9875,315,143.7,97.4881,27.7131,138
779,269.2701,36890,141.7625,328,144.18,97.113,27.0118,137
780,268.7681,37090,143.275,314,144.98,97.502,27.1095,138
781,267.2464,36880,142.1125,317,144.78,97.5905,28.181,138
782,270.1379,39170,142.7375,332,144.62,96.8986,26.2921,145
783,268.3312,41323,140.2875,314,145.54,97.0429,26.6572,154
784,265.8243,39342,142.55,301,143.78,97.6879,25.9223,148
785,267.8828,38843,142.3,302,144.22,97.4806,25.3399,145
786,267.9485,36441,143.4,318,144.52,97.757,27.6918,136
787,268.5745,37869,141.3375,316,144.05,97.5176,26.1808,141
788,267.1678,39808,143.575,324,143.92,97.5271,26.8651,149
789,266.2168,38069,141.075,315,142.24,96.6078,26.442,143
790,267.2794,36350,143.1625,305,142.55,97.648,25.4279,136
791,266.8392,38158,141.4625,322,144.81,97.6476,26.3741,143
792,266.1688,42587,142.3125,310,144.49,96.9707,25.8372,160
793,267.0559,38189,140.7,310,142.9,97.8404,27.6528,143
794,268.0986,38070,141.4625,304,144.94,96.9251,25.3326,142
795,264.8533,48733,141.8375,319,143.05,97.1329,24.754,184
796,267.662,38008,143.3,315,145.47,96.3422,26.5452,142
797,266.9014,37900,141.875,309,144.03,96.3676,27.5985,142
798,267.2431,38483,140.6,296,142.49,96.5076,26.0268,144
799,265.4173,36893,141.55,302,145.15,96.5882,27.196,139
800,267.8252,38299,143.025,314,144.8,97.1277,27.0312,143
801,269.4336,38529,143.3375,321,142.84,97.1981,27.4288,143
802,265.5032,41684,141.925,307,143.77,96.7748,27.9592,157
803,266.6959,39471,143.725,318,144.05,97.3808,26.7998,148
804,264.9787,37362,142.7375,332,145,96.3477,26.7845,141
805,265.4571,37164,141.2625,312,144.19,97.0968,27.032,140
806,263.0556,37880,143.7875,298,144.7,96.2259,25.6559,144
807,265.1104,43213,142.1125,308,142.56,96.1452,24.9103,163
808,266.7737,36548,140.975,308,143.48,96.5679,26.5819,137
809,266.5571,37318,140.875,316,143.48,97.2586,26.6623,140
810,266.3846,38093,141.75,315,143.39,96.7049,24.9799,143
811,266.5704,37853,143.3,325,144.65,97.0915,25.9943,142
812,267.3581,39569,142,314,144.45,96.675,26.7804,148
813,265.9286,37230,143.275,315,143.26,95.6564,28.0321,140
814,264.381,38864,144.05,308,145,96.0341,26.2096,147
815,265.4101,36892,141.7125,335,144.98,97.4393,25.9415,139
816,265.5,37701,142.7875,315,143.72,96.0972,26.189,142
817,265.4225,37690,142.0875,302,144.19,96.3308,26.9571,142
818,266.3841,36761,144.05,305,143.33,97.3225,26.6082,138
819,264.2994,44138,142.25,310,143.7,96.2995,25.2574,167
820,269.3897,36637,143.4625,317,144.4,96.7325,27.2082,136
821,265.0137,38692,141.9375,328,143.94,96.8838,27.0775,146
822,265.7452,41722,142.2375,307,144.09,96.727,24.9115,157
823,266.6259,37061,141.9125,307,142.64,97.3174,27.9491,139
824,266.1449,36728,143.7,296,145.79,96.8555,26.6206,138
825,266.3265,39150,143.0875,305,143.65,97.8235,27.9648,147
826,266.5252,37047,141.975,319,145.53,96.1204,26.8788,139
827,265.6176,36124,142.5125,307,143.62,97.8799,28.0461,136
828,265.2208,40844,141.975,327,142.71,97.7747,26.9944,154
829,265.7351,40126,143.6375,313,144.59,96.8251,25.3414,151
830,266.471,36773,143.575,315,145.16,97.3648,27.1074,138
831,267.6709,42292,140.4875,310,143.04,97.5569,26.4718,158
832,267.1931,38743,142.9875,311,144.31,97.1381,25.6661,145
833,265.8944,37757,141,325,143.4,97.277,27.2079,142
834,266.4088,36498,144.1625,312,144.21,96.7542,27.1445,137
835,264.2826,36471,143.0375,323,144.37,97.2829,28.0414,138
836,267.8582,37768,143.2125,301,144.33,97.0447,27.2829,141
837,268.695,37886,140.6125,324,142.98,97.8671,26.3658,141
838,266.2734,37012,141.8625,310,143.99,96.1314,26.2608,139
839,267.6403,37202,142.75,313,142.92,97.2159,27.5553,139
840,266.1517,38592,140.825,307,145.07,97.8727,27.2451,145
841,266.5157,42376,143,321,143.91,96.8651,26.3963,159
842,264.1314,36186,143.6375,312,146.39,98.0166,28.8042,137
843,266.0073,36443,140.6375,317,142.71,97.3887,27.8196,137
844,269.0355,37934,143.3,303,142.62,96.7447,27.6663,141
845,265.4514,38225,138.8,302,142.41,97.0373,27.2881,144
846,263.5232,39792,141.2,309,144.25,97.9202,27.0377,151
847,265.5035,37436,144.6875,315,143.44,97.791,28.1953,141
848,264.5122,43380,144.6,310,144.69,96.7125,25.9327,164
849,267.7055,39085,145.15,312,144.11,97.482,27.0518,146
850,267.6809,37743,142.525,326,146.43,96.7492,27.3514,141
851,266.4013,40493,142.55,321,144.76,96.5392,27.4271,152
852,267.7681,36952,141.1625,318,145.22,97.0383,26.6083,138
853,268.0196,41007,142.8375,323,146.45,96.7124,25.7888,153
854,266.1029,36190,142.1,323,143.74,97.2694,25.5757,136
855,267.0069,38449,141.25,312,144.59,97.1569,25.5905,144
856,265.0738,39496,142.6375,317,144.11,96.6435,28.0704,149
857,263.8207,38254,140.05,306,145.81,96.7312,27.0118,145
858,265.3907,40074,143.475,316,143.73,97.9377,28.8682,151
859,266.9708,36575,142.3125,314,143.81,97.3468,28.1879,137
860,265.8571,39081,142.975,301,145.69,96.8254,25.7975,147
861,267.5333,40130,143.05,325,146.16,97.3538,25.3188,150
862,267.9706,36444,142.1125,329,144.04,96.9575,26.0501,136
863,267.3723,36630,143.475,306,145.31,96.7045,26.383,137
864,266.1786,37265,143.6,312,145.06,96.6239,28.24,140
865,267.0217,36849,142.875,326,143.37,97.5245,27.0588,138
866,265.6531,39051,142.5125,307,145.47,96.1577,28.1033,147
867,266.1912,36202,142.7375,304,143.75,97.2018,25.8496,136
868,264.7484,41036,142.9,306,145.55,97.994,26.3155,155
869,264.3404,37272,141.7875,296,145.94,97.8848,27.2667,141
870,266.5912,36523,142.15,315,143.65,97.6443,28.5379,137
871,265.6934,36400,144.575,303,144.84,96.5946,27.7726,137
872,265.3451,37679,141.775,330,144.2,97.272,26.1946,142
873,267.7801,37757,143.0875,322,144.35,97.0459,26.7788,141
874,264.4966,39410,143.2875,333,143.14,97.2039,26.7312,149
875,268.6867,40303,142.325,306,144.11,96.8014,26.7149,150
876,267.5217,36918,141.6,322,145.15,97.8088,28.7847,138
877,267.0876,36591,141.425,315,142.75,98.3717,27.6767,137
878,268.3696,37035,143.1875,301,144.56,97.1437,26.4394,138
879,269.0214,37663,143.1375,325,144.15,96.2977,26.2198,140
880,271.6159,37483,143.3375,322,146.05,97.3602,27.2138,138
881,270.3139,37033,143.625,334,144.47,97.6287,29.2202,137
882,270.0949,37003,141.9,312,145.37,97.4829,26.641,137
883,269.7786,37769,142.075,323,142.33,97.473,27.8656,140
884,268.3333,37835,143.475,308,142.82,96.9173,27.0062,141
885,270.1511,37551,140.65,323,142.87,96.7199,26.3914,139
886,268.1857,37546,141.9125,317,144.38,96.4685,26.747,140
887,270.3094,37573,140.8125,317,143.18,97.1372,25.9528,139
888,267.8162,36423,141.3875,319,143.62,97.2454,27.7752,136
889,268.4014,38113,143.375,312,144.18,97.2885,27.8245,142
890,268.1135,37804,143.2,323,144.85,97.989,29.0015,141
891,270.3617,38121,141.0875,327,145.88,97.5382,28.1106,141
892,269.5274,39351,142.675,323,146.12,97.3341,27.4265,146
893,269.3732,38251,143.425,318,143.8,97.0472,27.5423,142
894,270.2628,37026,142.575,316,144.31,97.6698,27.1656,137
895,271.3857,37994,142.95,319,144.58,97.4071,27.5693,140
896,269.6214,37747,142.8375,311,145.77,97.2148,27.0608,140
897,269.5563,38277,141.9875,335,145.3,96.3677,26.8795,142
898,269.6691,36675,142.1625,307,144.91,96.7154,27.0025,136
899,268.6972,38155,143.5375,313,144.48,97.4334,27.6347,142
900,266.2774,36480,142.625,307,144.99,96.4246,27.2239,137
901,267.6423,36667,141.1,311,143.47,97.7596,28.1217,137
902,265.2786,37139,141.9,310,146.22,96.6427,27.3373,140
903,267.3942,36633,141.325,307,143.71,96.6542,26.7366,137
904,266.5741,43185,142.175,308,143.87,96.9424,26.2609,162
905,269.3094,37434,141.3,314,145.73,97.2713,26.8396,139
906,267.9716,37784,142.225,328,144.03,97.209,27.8056,141
907,267.0839,38193,141.8875,314,144.34,96.9385,27.6244,143
908,266.5346,42379,141.05,309,143.92,97.7233,26.6306,159
909,267.0857,37392,142.925,310,144.53,97.0174,26.6953,140
910,268.0486,38599,140.9625,308,143.35,97.2992,27.267,144
911,269.4823,37997,144.2375,321,145.36,97.6608,26.3329,141
912,268.8905,36838,138.0625,319,142.62,96.604,25.3183,137
913,265.5662,36117,145.1625,296,145.27,98.259,26.7846,136
914,266.3529,36224,143.35,301,144.59,97.2507,27.9395,136
915,266.539,37582,142.2,308,144.3,97.8909,28.2212,141
916,266.9167,38436,143.1625,301,143.95,97.1246,26.7689,144
917,267.9562,36710,144.25,320,145.29,98.2604,28.4199,137
918,266.9706,36308,139.875,335,143.3,97.439,26.363,136
919,267.1387,36598,142.8,301,145.34,97.4089,27.2886,137
920,266.7083,38406,140.4125,312,143.48,96.6646,27.6265,144
921,267.6667,39347,142.025,313,144.03,97.2211,27.5578,147
922,266.898,39234,142.8625,303,144.58,97.6643,27.0021,147
923,270.0504,37537,141.1125,315,143.64,96.6471,26.2224,139
924,268.0429,37526,141.8125,311,144.88,97.0533,26.6914,140
925,265.1543,42955,141.35,321,144.57,96.8675,25.2321,162
926,266.9231,45110,141.85,299,144.02,97.1441,23.8502,169
927,262.6849,38352,141.875,325,144.8,96.0847,27.2226,146
928,266.3453,37022,143.2,311,143.59,97.7983,26.9385,139
929,266.5034,38643,141.5,324,142.7,96.5718,25.5987,145
930,267.4855,36913,143.275,314,144.61,97.0334,26.6516,138
931,266.2929,37281,140.9,331,143.85,96.6279,26.4047,140
932,265.2244,41375,140.65,313,142.29,97.5377,26.83,156
933,265.6259,36922,140.4,305,144.58,98.0284,27.6847,139
934,266.3446,39419,140.8625,320,143.28,97.7185,26.9348,148
935,266.8481,42162,142.7,311,143.49,97.6066,23.5644,158
936,264.1618,35926,141.4625,307,143.53,96.3545,25.1016,136
937,265.9568,36968,140.8375,315,144.65,96.6556,27.0767,139
938,264.7254,37591,142.9,298,144.22,96.2374,26.7879,142
939,265.5182,36376,142.7625,309,144.7,97.2744,26.9217,137
940,264.4152,45215,141.5375,320,143.79,97.2668,24.6461,171
941,268.3857,37574,140.6,320,145.54,97.3256,25.6629,140
942,266.2168,38069,144.575,315,143.72,97.3299,27.9998,143
943,266.0805,39646,141.875,322,144.62,97.4806,27.8319,149
944,267.6408,38005,141.4,324,143.66,97.4643,25.6227,142
945,264.4276,38342,143.4875,312,144.19,97.4137,25.8683,145
946,267.4101,37170,140.9125,311,143.11,96.5067,26.4267,139
947,267.4101,37170,143.2125,323,144.03,96.4973,26.6202,139
948,264.8467,39727,144.575,297,145.09,97.5101,26.4606,150
949,266.7737,36548,143.3625,302,143.45,97.6423,28.4372,137
950,263.1691,35791,139.6125,298,145.15,97.6395,26.5089,136
951,265.9583,38298,142.125,327,142.83,96.8549,27.1572,144
952,266.3497,38088,143.1875,341,144.81,97.5002,26.4321,143
953,266.5634,37852,143.4875,302,145.7,97.1096,26.6902,142
954,265.8462,41472,144.3625,306,143.76,96.6997,25.9575,156
955,267.9357,37511,141.3125,313,143.33,97.2821,26.81,140
956,266.4173,37032,142.05,318,143.88,97.3979,27.3743,139
957,265.6408,37721,140.675,314,143.55,97.8846,27.3891,142
958,266.8043,36819,141.9625,309,144.96,97.222,26.0991,138
959,265.7101,36668,141.625,329,142.83,97.4555,26.1709,138
960,264.3022,36738,141.025,317,143.61,97.125,27.3301,139
961,263.5068,38999,142.4375,304,143.35,96.7157,27.0375,148
962,260.0839,40313,141.1875,291,142.21,98.5532,27.9766,155
963,263.7448,38243,140.5875,314,142.91,96.8302,26.708,145
964,266.5286,37314,145.0375,320,145.3,96.7377,25.8385,140
965,264.7718,39451,143.0625,311,146.88,97.1146,26.3751,149
966,265.5755,36915,142.2375,310,143.86,96.7539,25.2377,139
967,267.0927,40331,141.775,320,144.01,96.6743,24.0536,151
968,265.2148,39517,142.325,328,145.73,97.7562,25.5107,149
969,266.0929,37253,142.3,323,144.1,97.9918,26.7804,140
970,264.1589,39888,141.95,301,143.58,97.7517,26.6908,151
971,266.96,40044,142.4625,319,143.79,96.9543,24.8848,150
972,267.4414,38779,142.1875,314,145.22,96.5088,26.6879,145
973,265.8529,36156,142.4375,308,145.04,97.2609,27.5494,136
974,263.1898,36057,142.4625,308,144.56,97.2625,27.8189,137
975,268.9784,37388,143.9,325,145.17,96.9322,27.0419,139
976,267.8014,37760,143.6125,304,143.27,97.518,25.7337,141
977,266.6043,37058,141.2875,298,144.42,96.402,24.3211,139
978,264.6594,36523,142.5,304,143.08,97.0893,27.6091,138
979,266.741,37077,142.325,313,146.03,97.1829,27.6317,139
980,266.838,37891,142,310,145.91,97.1635,27.2661,142
981,264.369,44414,141.5125,309,144.06,97.8343,25.2835,168
982,264.698,39440,141.575,307,144.32,97.1475,25.3564,149
983,265.2711,44035,142.975,312,145.17,97.1563,25.5667,166
984,266.5068,38910,141.925,324,144.08,97.3497,25.423,146
985,266.9496,37106,141.4375,305,144.58,95.9115,25.6602,139
986,264.7101,36530,142.15,325,142.91,96.4295,28.3892,138
987,266.9931,38447,142.0125,305,145.23,97.9019,26.406,144
988,263.1761,41845,141.8125,308,144.32,97.8453,25.6617,159
989,265.5804,37978,140.9875,309,145.59,97.3094,26.289,143
990,269.971,37256,141.2625,317,144.55,97.4865,26.0269,138
991,264.4969,42055,142.9,301,144.25,96.6898,25.0529,159
992,264.2099,42802,141.9375,329,143.28,97.6128,25.7015,162
993,266.2357,37273,142.1875,307,143.68,97.2717,26.8304,140
994,266.5827,37055,142.225,300,144.8,97.1376,25.8472,139
995,265.2013,40841,140.4,299,144.32,96.8183,24.334,154
996,268.617,37875,142.075,328,143.12,96.0594,26.3778,141
997,265.8786,37223,143.1375,315,143.36,96.409,25.8184,140
998,265.2624,37402,143.4625,300,144.3,97.1446,26.416,141
999,265.8971,36162,141.8875,307,144.19,97.0633,26.7029,136
1000,266.1314,36460,142.825,320,143.61,97.739,27.5676,137
1001,265.259,36871,142.1875,305,144.43,96.7004,25.933,139
1002,264.8451,37608,140.6625,308,143.38,97.1729,25.117,142
1003,267.0876,36591,142.5625,310,144.63,96.6871,26.292,137
1004,265.0355,37370,142.1375,334,142.26,97.8883,26.0906,141
1005,265.8561,36954,142.1875,323,144.66,96.6016,25.7033,139
1006,266.3525,37023,141.275,311,144.55,96.8317,26.0726,139
1007,265.649,40113,144.15,327,143.56,97.6778,24.9392,151
1008,264.8921,36820,142.6625,308,143.2,97.4683,27.1967,139
1009,268.1176,36464,144.0875,303,144.45,97.2262,26.8712,136
1010,265.4897,38496,142.6125,350,145,96.6379,26.2017,145
1011,265.8322,38014,143.725,303,145.66,96.8618,25.8148,143
1012,267.5411,39061,143.175,317,145.24,97.0568,24.9482,146
1013,267.2847,36618,141.6625,307,142.6,97.3005,26.2964,137
1014,263.6828,38234,141.95,317,142.79,97.605,26.6078,145
1015,265.6643,37193,142.0875,308,142.88,96.7952,27.0515,140
1016,265.8905,36427,143.275,319,144.79,97.5419,25.767,137
1017,266.4672,36506,143.05,324,145.99,98.4624,27.3375,137
1018,265.8978,36428,140.65,318,143.77,97.0392,25.7969,137
1019,265.7619,39067,143.05,306,144.22,97.3164,26.4746,147
1020,265.2117,36334,141.6125,324,143.69,96.8817,25.1048,137
1021,265.6765,36132,143.9125,305,146.42,96.3639,25.9771,136
1022,265.9143,37228,143.95,304,144.55,96.4101,25.4791,140
1023,267.6525,37739,141.6875,306,144.03,97.0128,26.4251,141
1024,264.4379,40459,142.325,304,145.71,97.0491,26.0349,153
1025,265.4113,37423,141.4125,311,142.3,97.2615,26.3389,141
1026,263.8054,39307,143.2,299,142.31,97.9693,26.4787,149
1027,265.2867,39793,141.0125,313,143.58,98.0585,26.1589,150
1028,265.2113,37660,142.8625,308,144.54,96.7759,25.9057,142
1029,266.6739,36801,142.125,317,144.26,97.0935,26.8328,138
1030,265.0662,36049,143.075,338,145.03,97.8234,26.5169,136
1031,266.8696,36828,142.875,317,145.2,97.1728,26.3417,138
1032,265.8286,37216,142.575,300,143.83,96.0842,25.1818,140
1033,266.5714,39186,142.1625,325,143.18,97.1889,25.707,147
1034,264.7133,37854,141.575,321,144.52,96.5747,25.4306,143
1035,265.5517,38505,142.4,306,146.1,97.065,26.4281,145
1036,265.4672,36369,142.5,326,144.11,96.6677,27.2071,137
1037,270.1702,38094,142.3,315,144.29,96.9249,26.1796,141
1038,267.3841,36899,143.4625,298,145.79,97.3734,26.7805,138
1039,262.7284,42562,140.325,315,143.12,96.4254,25.8869,162
1040,266.6408,37863,143.5125,310,144.79,97.134,26.714,142
1041,265.8344,40141,143.675,347,144.91,97.5846,25.3486,151
1042,266.1957,36735,141.8625,336,143.03,97.4825,26.5696,138
1043,264.0692,41987,141.05,317,143.8,97.5107,25.1906,159
1044,263.6779,39288,141.6625,308,146.35,96.7196,24.6992,149
1045,264.7347,38916,142.875,307,144.28,97.1285,24.6633,147
1046,266.32,39948,140.9875,310,142.65,97.5573,24.3976,150
1047,264.9645,37360,141.5625,303,144.14,96.7801,24.2899,141
1048,265.2042,37659,141.3875,295,143.44,97.0166,25.9115,142
1049,267.2162,39548,142.6875,314,144.91,97.7559,26.2674,148
1050,266.7801,37616,139.9875,327,143.81,96.5695,25.5494,141
1051,267.1471,36332,142.35,310,143,96.5122,26.2525,136
1052,265.1471,36060,143.3875,303,143.27,96.5275,26.5291,136
1053,263.5177,37156,142.5,312,144.75,96.9967,24.6675,141
1054,265.7681,36676,141.9875,314,143.39,97.5699,26.0204,138
1055,263.4493,36356,143.0625,302,144.24,96.569,25.8352,138
1056,267.007,38182,141.4125,322,144.19,97.2744,25.2029,143
1057,262.9114,41540,144.275,309,144.46,96.1752,26.0043,158
1058,265.539,37441,142.45,318,142.93,96.8771,25.7644,141
1059,264.7517,38389,142.6375,313,145.28,97.5869,25.0345,145
1060,267.7941,36420,142.4625,305,143.31,96.2157,25.3928,136
1061,266.3217,38084,143.5875,324,144.4,97.2362,27.0587,143
1062,265.1438,40567,143.1625,310,145.2,96.7807,25.7483,153
1063,264.305,37267,141.8625,305,143.69,96.7603,26.9974,141
1064,263.7482,36661,141.2,311,144.64,96.469,26.1757,139
1065,266.1589,40190,141.7,312,144.27,96.9527,24.3136,151
1066,267.4966,38787,144.5875,320,145.99,96.0221,25.9965,145
1067,266.2319,36740,143.025,314,144.39,96.9317,26.3258,138
1068,266.3741,37026,142.375,315,144.13,96.6656,25.5417,139
1069,263.9514,38009,141.85,303,143.78,97.012,25.0893,144
1070,264.4968,41526,142.1,320,144.48,96.9826,24.5547,157
1071,265.6138,38514,142.5375,313,145.05,97.1927,25.3922,145
1072,264.9724,38421,143.45,304,145.69,96.6231,26.3001,145
1073,267.3813,37166,142.2125,320,144.23,96.2285,24.6389,139
1074,264.5105,37825,144.75,316,146.04,97.3595,25.3686,143
1075,266.0067,39901,140.575,326,142.17,96.8425,26.8387,150
1076,267.2838,39558,142.0875,313,143.89,97.63,25.5492,148
1077,265.7712,40663,143.725,335,144.4,97.8773,24.6399,153
1078,266.007,38039,142.35,302,143.05,96.1597,25.7011,143
1079,266.2409,36475,144.85,301,144.32,97.6465,24.8874,137
1080,264.7445,36270,141.0625,306,144.68,96.8213,26.0923,137
1081,265.383,37419,141.4125,311,142.84,96.6462,26.5048,141
1082,264.4143,37018,141.8625,312,144.65,97.3835,25.0646,140
1083,264.6812,36526,142.9,311,144.34,97.3494,25.1908,138
1084,264.8028,37602,144.25,316,144.63,97.6353,26.1975,142
1085,266.2535,37808,142.9625,323,142.97,96.8798,26.0265,142
1086,263.6644,39286,144.325,303,143.4,97.1861,25.5138,149
1087,262.5809,35711,140.7375,295,142.44,97.634,26.8154,136
1088,266.4559,36238,141.1875,338,143.76,97.1878,25.8935,136
1089,266.7279,36275,143.8375,327,142.98,97.647,25.6956,136
1090,265.3768,36622,140.875,314,143.13,96.4071,25.9085,138
1091,267.65,37471,141.9125,331,144.48,97.5912,25.2198,140
1092,266.0067,39901,140.925,315,142.17,96.1973,24.8905,150
1093,266.1544,36197,144.075,304,145.57,97.5873,25.0551,136
1094,265.5255,36377,141.5375,323,144.33,96.3581,27.1178,137
1095,265.5135,39296,140.1,318,142.96,96.6753,25.2678,148
1096,264.2786,36999,143.45,308,143.83,97.0005,26.5442,140
1097,264.6691,36789,142.1375,317,143.92,97.3111,26.4266,139
1098,264.75,37065,142.7625,296,144.03,97.1561,25.5883,140
1099,267.1806,38474,141.875,305,143.08,96.5079,24.612,144
1100,263.2929,36861,141.9625,297,143.48,97.3534,25.8176,140
1101,267.3427,38230,141.975,313,144.36,96.5219,26.2515,143
1102,264.1367,36715,142.25,304,145.64,96.3732,27.2065,139
1103,265.9648,37767,143.0125,314,145.06,97.6577,26.2524,142
1104,266.8777,37096,140.8125,331,144.34,97.239,27.0894,139
1105,263.9658,38539,143.25,306,143.76,96.9481,26.2083,146
1106,268.0966,38874,142.9125,301,143.06,96.0909,25.7279,145
1107,265.227,37397,142.75,311,145.37,96.9054,25.248,141
1108,266.2621,38608,140.4875,310,143.48,97.2336,24.8461,145
1109,266.4855,36775,143.925,310,144.48,97.2171,26.8383,138
1110,265.5612,36913,142.3375,295,143.43,97.5088,25.6541,139
1111,263.7133,37711,142.475,313,144.66,97.4326,26.6968,143
1112,269.3265,39591,142.4625,313,145.08,96.6427,26.1856,147
1113,266.7778,38416,142.5625,306,144.64,96.6912,24.9905,144
1114,266.8043,36819,142.4,309,143.47,97.4243,26.2322,138
1115,265.2857,38997,142.15,305,143.17,96.9425,25.4506,147
1116,265.493,37700,141.525,325,144.6,97.1167,26.0788,142
1117,266.5862,38655,141.425,306,146.93,97.5478,24.9348,145
1118,266.9496,37106,142.8375,307,144.17,96.8927,24.4416,139
1119,263.7826,36402,143.0125,301,141.66,96.1315,26.8396,138
1120,265.2,37128,144.9375,307,144.65,97.4341,25.4892,140
1121,267.3623,36896,142.775,317,143.15,96.7996,25.4359,138
1122,263.6667,36386,141.9,338,144.09,97.9145,27.0338,138
1123,268.708,36813,142.1625,312,143.77,97.7235,27.2368,137
1124,267.0072,36847,142.075,311,142.97,97.2929,26.2929,138
1125,262.8634,42321,141.8125,303,144.15,97.2497,26.4804,161
1126,265.0567,37373,141.7125,302,143.54,96.7546,25.9908,141
1127,266.0392,40704,141.925,302,143.99,97.081,25.3911,153
1128,269.4029,37447,141.3875,312,143.21,96.4893,25.7883,139
1129,266.3427,38087,142.7375,307,144.29,96.8732,24.8814,143
1130,266.9214,37369,143.6,325,143.2,97.0241,26.0256,140
1131,265.5248,37439,141.75,314,145.04,97.3544,25.2022,141
1132,262.3355,39875,144.6125,299,145.83,96.9603,25.4265,152
1133,265.4795,38760,141.2375,320,144.27,97.6162,27.1855,146
1134,266.8133,40022,140.375,308,142.27,97.9747,25.8693,150
1135,268.1489,37809,139.475,326,143.81,97.2114,25.0136,141
1136,263.5685,38481,141.625,310,143.09,96.6355,25.256,146
1137,266.9301,38171,144.1125,308,145.37,96.9642,26.8021,143
1138,265.0423,37636,142.3875,327,145.95,96.2031,26.0786,142
1139,266.7095,39473,142.8875,313,144.1,97.1182,25.8684,148
1140,267.971,36980,144.5625,320,142.93,97.2265,25.1435,138
1141,264.7394,37593,143.4375,309,144.36,97.5142,25.8999,142
1142,269.0809,36595,141.6,311,144.58,97.3037,25.929,136
1143,267.1765,36336,143.6125,308,143.77,96.6791,25.8624,136
1144,266.6014,36791,141.9625,321,144.11,96.6912,25.5423,138
1145,267.7465,38020,141.6125,317,145.15,96.79,25.0775,142
1146,266.2555,36477,142.4125,317,143.35,96.657,25.895,137
1147,265.2027,39250,142.1875,306,144.89,97.0283,24.9091,148
1148,264.0365,36173,142.1875,310,144.87,96.5564,26.9869,137
1149,262.1103,38006,141.875,313,143.97,97.9355,26.5056,145
1150,265.4965,37435,139.7875,322,144.04,96.614,25.5762,141
1151,267.5694,38530,144.2375,300,145.14,96.966,25.1211,144
1152,266.3676,36226,141.7125,317,144.24,97.1327,25.913,136
1153,268.4275,37043,142.2,297,145.7,97.5635,27.7677,138
1154,268.3043,37026,143.1625,336,144.92,97.5116,26.5225,138
1155,264.6234,40752,143.875,303,144.83,98.1646,25.6843,154
1156,268.1159,37000,140.525,305,143.72,96.7702,25.0912,138
1157,269.5625,38817,139.525,316,141.96,98.0375,25.9428,144
1158,268.1056,38071,141.225,314,143.07,98.2419,26.4489,142
1159,269.9149,38058,141.6375,316,142.84,97.2678,25.8682,141
1160,270.8357,37917,143.4375,315,144.23,97.6608,25.8897,140
1161,268.1727,37276,142.9875,321,143.64,96.9903,25.7993,139
1162,271.2153,39055,142.4625,313,144.94,97.4478,26.0309,144
1163,269.3567,42289,142.4125,326,144.98,97.7354,25.7367,157
1164,274.7703,40666,143.1,339,143.51,97.0298,24.8162,148
1165,270.5411,39499,140.9875,310,142.02,97.7121,25.8593,146
1166,275.4366,39112,142.225,343,143.68,97.5674,26.5171,142
1167,275.6351,40794,142.7875,328,145.63,97.7584,25.9141,148
1168,274.4755,39250,140.275,335,143.88,97.4309,25.7111,143
1169,272.539,38428,140.1375,326,145.14,97.4399,26.3562,141
1170,273.2353,37160,143.925,320,144.86,98.1441,26.2933,136
1171,277.169,39358,142.6125,348,144.52,97.6498,24.6093,142
1172,270.9448,39287,141.7,309,143.47,97.5391,25.9733,145
1173,271.6268,38571,143.0875,319,144.09,97.5073,26.0658,142
1174,271.1985,36883,144.2,340,145.72,97.2664,26.6196,136
1175,271.1014,37412,142.5375,326,144.93,97.0508,25.7864,138
1176,271.1049,38768,142.575,322,145.43,98.3298,25.8569,143
1177,270.0647,37539,142.0125,331,144.46,97.5877,27.0761,139
1178,268.6323,41638,141.9,335,144.23,97.1851,25.9931,155
1179,269.141,41986,143.525,312,145.44,96.6504,25.0653,156
1180,270.2752,40271,142.55,316,144.21,97.321,24.3389,149
1181,270.6454,38161,143.45,319,145.4,97.372,26.0585,141
1182,269.7554,37496,143.4375,316,145.38,96.7948,25.4011,139
1183,267.1438,39003,141.425,328,144.58,97.7299,26.5105,146
1184,266.4662,39437,141.525,327,144.36,97.3003,26.568,148
1185,269.9786,37797,142.375,347,143.46,97.4575,25.7749,140
1186,268.9241,38994,141.525,320,143.86,96.9081,24.4389,145
1187,270.2676,38378,142.825,319,146.75,97.273,25.9115,142
1188,270.0662,36729,139.45,338,142.94,97.9639,26.2957,136
1189,268.3759,37841,142.475,306,143.59,98.0166,28.0112,141
1190,268.777,37360,140.3,311,143.11,97.3611,26.3977,139
1191,269.0952,39557,143.15,309,143.83,97.2453,26.3737,147
1192,269.0069,39006,143.5125,308,144.53,97.4644,26.2396,145
1193,269.8214,37775,141.275,311,144.63,96.712,26.7408,140
1194,269.5903,38821,140.6,311,144.58,97.3124,25.9941,144
1195,271.2971,37439,142.2,309,145.53,98.0284,26.2995,138
1196,270.9643,37935,141.025,321,143.47,96.8868,26.1584,140
1197,269.7353,36684,143.3625,310,143.58,97.3995,25.9695,136
1198,264.6647,44993,141.65,311,145.72,97.2084,24.3557,170
1199,265.6143,37186,143.4875,328,145,96.9508,25.9234,140
1200,268.1957,37011,144.0875,334,145.94,97.4716,26.6848,138
1201,263.2241,45801,140.7625,314,143.76,98.0723,26.2883,174
1202,266.0214,37243,143.5625,321,143.32,97.024,25.5539,140
1203,267.5603,37726,143.1125,315,145.35,96.7815,26.5647,141
1204,263.7518,37189,140.125,303,143.77,97.7619,27.3929,141
1205,268.2826,37023,141.25,319,144.53,97.9417,26.3973,138
1206,264.9343,36296,142.1125,314,143.91,98.2292,25.8737,137
1207,265.6058,36388,143.4625,303,144.99,97.4694,26.5546,137
1208,262.5486,45946,141.4,321,144.83,98.4935,25.7775,175
1209,263.0483,38142,142.775,312,144.96,97.7712,26.5986,145
1210,268.146,36736,140.6125,325,143.86,97.4363,25.8166,137
1211,265.0395,40286,142.95,325,145.82,97.7987,25.6715,152
1212,267.7391,36948,143.525,318,144.92,97.9071,26.5954,138
1213,266.1214,37257,140.8875,335,143.88,98.0487,25.8699,140
1214,268.4088,36772,140.6125,312,144.01,97.8823,25.823,137
1215,268.1688,41298,141.55,328,145.46,97.2427,25.3411,154
1216,263.9353,36687,144.4625,320,145.48,96.9665,25.6129,139
1217,266.3237,37019,142.35,318,145.11,96.7598,25.9298,139
1218,263.1554,38947,140.85,311,144.5,97.0165,25.3667,148
1219,263.9855,36430,142.2375,315,143.73,97.8549,26.5841,138
1220,266.469,38638,140.9125,307,143.23,96.475,26.2091,145
1221,263.9236,41436,141.7,307,144.71,97.0016,25.2654,157
1222,265.7552,38003,140.8375,306,142.55,96.1626,25.0722,143
1223,267.2676,37952,142.4625,313,144.93,97.0837,24.8419,142
1224,267.9928,36983,140.95,317,142.59,97.7581,26.178,138
1225,262.9091,37596,142.9375,313,144.23,96.9046,25.6839,143
1226,266.3333,38352,143.0625,293,143.86,97.5452,25.3383,144
1227,264.2276,38313,142.25,297,143.11,96.8401,26.6901,145
1228,264.4412,35964,141.35,319,143.87,96.579,24.444,136
1229,265.7042,37730,144.325,310,144.42,97.2403,25.3036,142
1230,264.3293,43350,141.275,308,143.84,98.4048,25.3946,164
1231,264.8483,38403,142.325,313,145.34,96.8395,25.8823,145
1232,265.0483,38432,142.7625,302,142.88,97.6805,25.1999,145
1233,263.4203,36352,141.7375,298,145.15,97.362,26.3436,138
1234,267.5786,37461,141.9,312,142.52,97.6349,27.0839,140
1235,264.0263,40132,141.325,315,143.81,97.6168,24.9075,152
1236,266.3022,37016,141.5625,313,142.9,97.1102,26.0911,139
1237,262.5766,35973,141.65,320,144.07,96.8617,25.8816,137
1238,263.7635,39037,141.7125,301,142.75,97.8563,27.5223,148
1239,265.1714,37124,142.3625,331,143.45,97.0373,26.4549,140
1240,264.1818,37778,141.2375,339,144.54,96.9196,26.8369,143
1241,263.5036,36100,141.55,296,142.54,96.7834,25.6086,137
1242,266.1594,36730,142.4,322,145.48,96.9824,28.0699,138
1243,262.6233,38343,141,298,145.02,97.4553,26.2794,146
1244,263.9366,37479,142.3375,290,143.02,97.5832,25.184,142
1245,262.7654,42568,141.8,303,142.5,97.0708,24.3445,162
1246,265.2734,36873,143.7625,310,143.78,96.1009,26.6315,139
1247,261.8766,40329,141.05,305,144.89,96.3385,26.2798,154
1248,264.7862,38394,144.1625,313,144.59,97.4933,24.2996,145
1249,267.6423,36667,140.2125,313,144.4,97.4928,25.8127,137
1250,262.1387,35913,143.6125,305,143.95,97.3198,28.2563,137
1251,267.9191,36437,141,316,143.25,97.2013,27.4347,136
1252,265.0132,40017,143.825,306,143.17,97.6384,25.139,151
1253,265.1786,37125,141.775,315,143.74,97.2656,26.4949,140
1254,264.0789,40140,141.1,305,144.9,97.668,27.6443,152
1255,264.8129,36809,140.9875,312,144.85,96.9763,25.5943,139
1256,262.8726,41271,141.625,311,145.22,97.1034,24.6759,157
1257,264.7465,37594,141.7,319,145.29,97.194,26.9663,142
1258,265.54,39831,141.7125,338,144.65,96.1759,26.2275,150
1259,265.4338,36099,144.1125,311,145.86,97.7887,26.9441,136
1260,263.3172,38181,140.6125,317,143.44,97.3869,25.8795,145
1261,261.942,36148,143.3125,306,144.67,97.3415,27.7683,138
1262,263.7947,39833,141.575,318,144.42,98.1299,26.1344,151
1263,264.219,36198,141.65,311,144.82,97.0256,25.6108,137
1264,263.1216,38942,143.8125,302,146.63,97.6211,23.648,148
1265,265.7042,37730,143.325,312,144.51,96.6168,23.982,142
1266,265.4476,37959,143.95,309,143.94,97.4512,25.0814,143
1267,262.6475,36508,143.7625,310,144.68,97.8998,26.5416,139
1268,264.6978,36793,141.725,301,143.35,96.9784,25.7872,139
1269,265.2774,36343,142.25,322,144.12,96.7935,25.9013,137
1270,261.8162,35607,140.45,300,144.06,98.4326,26.1297,136
1271,261.0688,41771,142.5875,297,144.93,97.6795,25.8688,160
1272,266.6103,36259,143.8125,301,143.99,97.8147,26.4741,136
1273,266.471,36773,141.4125,302,144.28,97.2911,26.7769,138
1274,265.9191,36165,141.1,330,142.51,97.4112,25.9536,136
1275,265.0331,40020,143.4625,315,143.71,98.1112,26.6399,151
1276,264.651,39433,142.025,318,144.41,96.7266,26.3439,149
1277,265.726,38796,141.0125,308,144.7,98.1904,26.4238,146
1278,264.7986,36807,142.675,310,143.48,97.646,25.7459,139
1279,265.3404,37413,144.325,312,144.43,97.2829,25.3757,141
1280,263.2258,40800,142.3875,304,144.39,97.9371,24.4623,155
1281,266.6715,36534,142.9,306,146.3,97.115,25.7155,137
1282,264.413,36489,141.4,307,142.99,97.8127,28.0154,138
1283,265.1618,36062,141.625,315,145.04,98.0737,26.6042,136
1284,262.9769,45495,142.1,312,143.63,97.3462,24.8611,173
1285,262.4713,41208,141.6625,296,143.82,97.509,21.163,157
1286,261.2361,60868,142.7,296,144.99,98.1125,16.679,233
1287,260.2811,64810,142.275,306,144.1,97.833,11.4583,249
1288,260.3951,42184,141.65,311,143.15,99.6958,5.9184,162
1289,261.7891,38483,140.75,319,144.02,100.327,5.3114,147
1290,260.2798,43727,140.825,302,145.53,99.0592,6.443,168
1291,263.62,39543,141.7875,307,142.7,99.5203,5.7985,150
1292,262.7214,36781,141.1,311,144.82,101.7923,4.2031,140
1293,263.4438,42151,141.725,304,143.19,103.5451,4.0333,160
1294,261.6087,36102,141.5125,303,144.86,103.8996,3.9158,138
1295,262.4057,45921,143.15,305,145.29,103.1622,5.929,175
1296,262.0915,37217,141.1,302,143.92,99.2199,5.5159,142
1297,263.5282,37421,141.1125,293,144.03,96.3896,5.0315,142
1298,263.8408,41423,141.025,306,145.51,95.9085,4.9822,157
1299,259.7854,64167,143.0375,313,144.75,94.834,7.603,247
1300,263.1606,50790,141.1125,308,145.68,95.6545,10.4004,193
1301,262.3676,35682,143.275,295,144.04,96.9245,5.997,136
1302,260.3902,42704,142.075,296,144.09,97.1027,5.2535,164
1303,261.9929,36679,142.75,303,145.01,100.6703,5.1377,140
1304,262.3221,39086,142.6,297,145.15,104.2484,5.0658,149
1305,261.6138,37934,140.9125,308,144.82,104.8853,5.0503,145
1306,262.4625,41994,140.6875,304,144.12,104.4817,5.5705,160
1307,264.2647,35940,140.75,313,144.46,102.8371,4.2917,136
1308,261.1156,38384,141.3,301,144,99.7957,5.1852,147
1309,258.3969,50129,140.025,305,143.37,98.3524,7.5484,194
1310,262.741,36521,143.475,297,147.29,98.0148,5.6566,139
1311,262.027,48475,141.375,302,144.21,97.916,6.4948,185
1312,264.2571,36996,142.3625,297,143.79,100.5899,8.3009,140
1313,262.9058,36281,142.1375,304,144.04,102.363,4.5901,138
1314,263.9744,41180,142.3375,312,144.94,102.1518,4.5005,156
1315,261.7552,37431,142.3,295,144.41,103.5098,4.2801,143
1316,260.9858,36799,139.6,293,146.29,103.3489,4.4074,141
1317,262.1317,43776,141.2625,295,142.93,101.476,5.6453,167
1318,263.5132,40054,139.375,312,144.05,100.0006,4.5744,152
1319,261.6757,38728,140.9,296,144.25,100.8614,5.6974,148
1320,263.2833,47391,141.4125,302,145.03,99.0912,7.9796,180
1321,262.6384,46487,142.3125,303,145.22,98.769,10.2906,177
1322,266.1914,43123,141.6,326,143.35,99.4924,10.865,162
1323,261.3885,36333,141.9125,311,141.74,102.562,6.2479,139
1324,261.6711,38989,140.625,298,144.39,103.9625,4.2794,149
1325,262.9007,37069,140.5375,309,142.47,103.9131,4.3576,141
1326,266.1912,36202,140.8375,304,142.62,103.8011,4.593,136
1327,262.3314,45908,142.0625,311,143.01,101.6593,6.6015,175
1328,261.1014,36032,140.4375,295,142.96,101.8083,4.6881,138
1329,262.2101,36185,140.75,309,144.01,98.8111,5.1119,138
1330,261.781,35864,143.775,301,144.84,97.6715,4.822,137
1331,262.1257,45872,143.1125,305,144.66,97.3232,5.4371,175
1332,264.8406,36548,142.2375,305,144.87,99.9403,5.2115,138
1333,262.5034,38588,140.7125,313,145.71,101.2672,7.2751,147
1334,263.4746,46635,140.825,300,144.8,100.3854,8.4795,177
1335,262.0343,61054,140.375,320,145.1,99.4264,10.8514,233
1336,264.2657,37790,142.0875,305,145.9,98.7954,6.0998,143
1337,262.7626,36524,140.8875,306,144.3,97.9125,4.7392,139
1338,261.3333,38416,139.5625,320,143.57,99.9453,6.3739,147
1339,263.4929,36889,142.125,313,143.78,99.9764,4.456,140
1340,263.5248,37157,142.675,317,144.41,100.4769,4.5343,141
1341,263.0793,43145,140.6,319,145,99.4132,5.0406,164
1342,264.4422,38873,140.15,298,143.75,99.0194,4.7295,147
1343,263.8406,36410,140.1875,308,144.06,101.2835,4.1667,138
1344,258.9675,39881,140.3375,307,145.11,102.348,4.7885,154
1345,261.8712,42685,143.8875,293,145.68,101.9006,5.1162,163
1346,261.9255,49242,139.2375,304,144.55,100.7669,6.1221,188
1347,260.9149,36789,141.7375,302,143.45,101.411,4.981,141
1348,263.4493,36356,141.7125,305,144.53,100.7207,4.2764,138
1349,264.3043,36474,140.3875,312,142.91,101.1266,3.9373,138
1350,263.6867,39553,140.625,298,145.02,103.6297,4.6979,150
1351,265.0147,36042,140.35,300,143.81,105.0276,3.7995,136
1352,266.3212,36486,141,333,144.49,105.1311,3.7381,137
1353,264.3309,35949,140.8375,312,144.3,102.8598,4.1959,136
1354,261.8819,37711,141.85,296,144.11,103.3685,5.3131,144
1355,263.9079,40114,140.4,318,143.86,103.4043,5.1819,152
1356,263.8301,40366,141.5375,290,144.1,101.8715,5.5861,153
1357,262.9869,40237,140.325,298,144.58,99.8879,6.6785,153
1358,264.3873,37543,141.475,321,142.83,97.5933,7.0235,142
1359,261.4054,38688,141.975,317,145.25,95.9451,5.7093,148
1360,262.3484,40664,141.75,327,144.42,95.0645,5.2197,155
1361,262.7987,40471,142.95,305,144.65,95.0689,5.0722,154
1362,260.8058,36252,142.725,328,143.12,100.0662,7.4898,139
1363,264.774,38657,142.0375,298,144.35,100.1763,9.1294,146
1364,264.1079,36711,141.9,321,143.39,100.8884,5.1069,139
1365,262.5732,43062,142.675,321,143.59,101.0587,5.0704,164
1366,262.3208,41709,143.25,313,145.53,101.0881,4.6655,159
1367,262.6139,41493,139.45,296,143.83,100.4845,4.6297,158
1368,261.4156,40258,141.8,289,144.56,99.9034,5.2135,154
1369,261.2993,35798,140.2625,301,141.35,100.7269,4.4213,137
1370,265.8129,36948,142.25,296,144.6,100.7785,4.9957,139
1371,263.7517,38244,141.25,298,143.22,101.2474,6.7928,145
1372,263.6,36904,139.45,305,143.6,101.3708,5.1232,140
1373,263.8493,38522,141.7125,313,145.03,101.8551,4.9971,146
1374,264.9745,41601,141.05,302,143.61,101.6441,5.6583,157
1375,262.7439,43090,143.275,297,144.16,100.1821,5.6986,164
1376,263.0417,37878,142.425,308,142.1,100.6222,4.9397,144
1377,265.0714,40821,139.6375,312,141.36,102.1601,6.2791,154
1378,262.4832,39110,142.625,308,143.66,103.8002,4.3504,149
1379,263.4375,37935,142.6125,297,145.52,102.902,4.31,144
1380,261.6497,41079,141.1,303,143.44,100.9556,4.6191,157
1381,264.7887,37600,142.4625,294,144.26,98.7312,4.3735,142
1382,264.0136,38810,142.7125,299,144.13,98.6081,5.0249,147
1383,263.0649,40512,141.925,312,143.4,99.262,5.7414,154
1384,260.3682,52334,142.1125,299,144.06,100.8226,8.6272,201
1385,265.4357,37161,139.4375,303,145.9,99.2744,11.2812,140
1386,260.5035,36731,140.2875,299,144.03,96.5914,6.2173,141
1387,262.1929,36707,141.8625,315,142.43,95.3847,4.5963,140
1388,263.1606,36053,144.05,298,145.09,97.2399,5.7589,137
1389,261.4978,59360,143.2625,328,143.26,98.1563,8.0996,227
1390,264.2342,41749,143.3,308,144.97,100.0587,5.5865,158
1391,263.1773,37108,140.85,299,144.53,103.0039,5.1683,141
1392,262.3188,36200,140.5875,302,144.51,103.8162,4.239,138
1393,264.9716,37361,140.7,311,142.94,103.502,4.0891,141
1394,263.9353,36687,141.0875,298,143.72,103.3698,4.2298,139
1395,262.3577,35943,139.1625,301,144.63,100.9433,5.0653,137
1396,263.0734,46564,142.175,297,145.16,100.9738,7.5487,177
1397,264.6809,37320,142.125,301,145.14,101.1227,5.4827,141
1398,264.2847,36207,141.4,300,143.54,100.6645,4.7757,137
1399,261.4217,43396,142.25,315,144.5,98.1724,6.1402,166
1400,265.3971,36094,143.1,299,145.94,97.411,4.6834,136
1401,263.3357,36867,143.575,306,144.02,99.5962,5.598,140
1402,265.058,36578,140.75,314,144.03,102.3313,4.3545,138
1403,260.6154,44044,140.95,296,144.85,102.2811,5.2394,169
1404,265.8286,37216,138.9125,306,144.24,100.0326,4.7159,140
1405,262.6277,35980,142.25,300,143.26,100.7409,5.195,137
1406,264.4643,37025,141.8375,308,143.75,101.8154,6.3574,140
1407,261.3147,37368,141.15,297,144.35,99.7634,4.3927,143
1408,264.8905,36290,142.7875,315,143.85,99.725,4.0097,137
1409,262.108,46131,141.5875,309,145.86,100.027,4.8412,176
1410,263.8264,37991,140.3875,303,144.43,100.5196,4.2284,144
1411,264.2688,42283,140.275,314,145.89,100.5867,5.5909,160
1412,264.1286,36978,141.375,313,143.27,102.1365,5.1673,140
1413,263.3972,37139,142.45,292,145.49,102.7746,4.1154,141
1414,260.8156,36775,142.4875,304,145.02,101.7679,5.1982,141
1415,260.9663,54281,140.7125,308,143.73,101.0166,6.9751,208
1416,264.6198,50807,140.35,333,144.99,97.9353,9.2067,192
1417,261.726,38212,139.3875,296,145.05,95.868,6.1218,146
1418,261.4029,36335,142.575,301,143.1,97.4327,5.983,139
1419,265.5915,37714,141.2375,314,145.78,101.781,4.8224,142
1420,264.3451,37537,141.5875,311,144.31,103.4693,4.563,142
1421,266.3475,37555,140.975,310,144.05,102.7288,5.6589,141
1422,261.3812,41821,141.475,303,143.11,102.1106,5.4748,160
1423,263.4138,45834,140.8125,308,142.87,99.4997,6.3308,174
1424,266.4126,38097,141.5,323,144.19,99.4635,4.6977,143
1425,263.9315,38534,142.45,327,143.68,97.7269,4.8311,146
1426,261.9718,37200,141.7125,301,144.69,97.2652,4.0979,142
1427,262.2749,44849,142.3625,305,143.41,96.9336,5.8054,171
1428,262.5196,46991,141.3875,306,143.9,97.6786,5.834,179
1429,262.9116,38648,141.1125,300,144.24,99.7109,4.7921,147
1430,261.3916,43391,143.125,288,144.74,101.3691,6.1346,166
1431,264.0929,36973,141.4625,315,144.92,102.7053,4.7527,140
1432,263.3378,38974,141.425,297,142.42,101.5718,5.2244,148
1433,264.5182,36239,141.45,316,142.86,99.9757,5.137,137
1434,265.2574,36075,141.9125,305,143.71,100.1262,5.2573,136
1435,260.5449,46377,142.55,303,144.55,100.5075,6.5251,178
1436,265.2381,38990,142.475,304,144.02,101.2246,4.2226,147
1437,263.2624,37120,140.125,309,143.22,100.7738,4.1881,141
1438,262.1724,38015,140.8875,316,144.35,99.4111,4.8782,145
1439,259.3167,62236,142.1625,319,142.53,97.0166,7.7158,240
1440,262.8681,37853,143.025,308,144.37,97.6927,5.8741,144
1441,265.7961,40401,142.4875,307,143.25,100.0209,5.3614,152
1442,264.9645,37360,143.2625,309,144.32,102.0226,4.4277,141
1443,265.5882,36120,141.1125,311,143.67,102.5862,5.0056,136
1444,266.9716,37643,140.4625,331,143.15,101.1428,4.9187,141
1445,263.4912,45057,141.6,309,144.99,100.4403,6.1857,171
1446,261.766,36909,140.2,296,142.82,100.6451,4.4118,141
1447,265.0807,42678,142.2625,318,142.75,101.9959,5.8916,161
1448,263.3194,37918,139.3625,314,143.66,101.608,3.9909,144
1449,260.9275,36008,141.75,292,144.17,99.779,4.243,138
1450,263.8936,37209,139.8625,304,143.6,99.6855,3.866,141
1451,264.2649,39904,141.125,306,145.63,99.7162,4.977,151
1452,263.1773,37108,143.65,341,143.11,100.3529,4.3752,141
1453,263.9024,43280,143.0875,299,144.27,100.3237,4.8513,164
1454,263.1469,37630,140.8125,300,144.09,97.093,5.171,143
1455,260.442,35941,139.8,295,144.21,91.4677,8.1356,138
1456,258.533,47053,144.4375,303,143.59,90.2922,9.0659,182
1457,260.1014,35894,145.825,301,144.73,95.8602,9.5415,138
1458,263.9638,36427,142.175,301,143.34,100.7724,4.984,138
1459,263.9065,36683,140.675,301,143.46,104.4464,3.8027,139
1460,265.4097,38219,138.4375,319,145.04,106.0868,4.578,144
1461,264.6232,36518,141.9342,302,142.31,105.6767,5.1964,138
1462,260.4773,45844,138.0658,306,143.32,103.9711,6.1904,176
1463,265.0219,36308,142.1375,308,144.55,102.2559,5.6417,137
1464,264.1149,39089,139.225,302,144.89,101.3679,4.3462,148
1465,261.1429,47528,139.275,300,143.6,101.2691,5.8471,182
1466,263.7214,36921,142.9,302,144.81,101.2953,4.1912,140
1467,264.0345,38285,142.1875,309,144.73,101.0062,4.2119,145
1468,261.8824,44520,142.55,304,143.98,100.5311,6.5571,170
1469,262.3971,35686,141.1875,301,143.47,102.4233,5.8673,136
1470,265.0647,36844,140.475,318,144.79,100.6142,5.309,139
1471,263.0426,37089,139.5125,312,144.61,100.6424,6.3489,141
1472,265.7905,39337,139.675,333,142.26,102.5635,5.5414,148
1473,264.831,37606,140.2125,300,143.82,104.912,5.3319,142
1474,264.7075,38912,141.3125,300,143.59,104.8394,4.2002,147
1475,262.5368,35705,141.4875,307,143.74,103.8686,3.7391,136
1476,262.8065,40735,140.4,304,143.97,102.8616,5.8808,155
1477,264.9014,37616,140.6125,318,144.33,104.0094,4.8575,142
1478,265.1788,40042,140.1,304,144.05,101.7815,5.9861,151
1479,265.0709,37375,139.65,305,143.29,99.337,4.5414,141
1480,264.6715,36260,141.5625,297,144.54,97.0758,3.7147,137
1481,262.6103,35715,141.3375,317,143.47,96.0682,3.6753,136
1482,264.9209,36824,141.05,312,143.23,97.5086,4.8449,139
1483,262.7067,39406,143.5625,314,141.97,100.3591,4.9028,150
1484,261.4755,37391,141.125,299,145.64,103.983,5.5672,143
1485,264.6403,36785,140.5875,312,144.94,106.1052,4.1007,139
1486,258.9854,35481,138.8289,298,144.58,103.9636,4.3665,137
1487,262.6757,38876,140.05,301,142.53,102.0126,5.4408,148
1488,263.3855,43722,141.65,306,144.58,99.6729,6.1457,166
1489,262.0142,36944,142.975,308,145.83,97.4224,4.0418,141
1490,266.0214,37243,140.825,327,145.93,96.3327,4.6716,140
1491,260.9178,38094,143.1375,305,143.25,97.518,4.7869,146
1492,262.8088,35742,140.925,305,144.05,99.5051,3.9076,136
1493,264.02,39603,143.525,302,143.95,100.6839,6.2272,150
1494,263.6099,37169,142.6625,300,143.84,98.575,9.9084,141
1495,259.4461,69791,142.1125,291,143.94,96.5001,13.5656,269
1496,264.219,36198,141.7375,316,144.38,96.5226,17.7976,137
1497,266.1905,39130,142.0375,308,143.29,97.7259,25.8409,147
1498,264.8676,36022,140.8875,303,142.14,97.7039,28.3387,136
1499,263.4514,37937,140.375,318,143.52,97.2262,27.3058,144
1500,266.8143,37354,141.25,311,143.1,97.5867,26.7283,140
