1,293.864,36733,135.9125,466,136.35,114.7098,73.9133,125
2,293.4803,37272,133.5375,494,138.27,114.6074,73.8313,127
3,292.5238,36858,132.875,505,136.05,114.7545,73.8286,126
4,288.1719,36886,135.0125,471,137.9,114.4689,74.0468,128
5,292.7619,36888,133.9875,483,137.55,114.6219,73.96,126
6,290.3178,37451,133.6,464,138.24,114.6937,73.8841,129
7,293.7698,37015,132.9,434,135.88,114.2126,73.9227,126
8,296.2619,37329,134.6875,455,137.65,114.7909,74.0639,126
9,293.9845,37924,134.925,480,136.27,114.8724,73.837,129
10,296.9609,38011,134.0375,513,137,114.7902,74.0453,128
11,299.056,37382,135.1125,495,136.32,115.7615,73.9432,125
12,295.5692,38424,133.1875,488,137.44,115.3397,73.5927,130
13,294.728,36841,134.1875,464,137.54,114.5784,73.7987,125
14,292.9843,37209,133.1375,490,136.16,114.5031,73.9817,127
15,294.252,37370,132.9,477,137.73,114.9262,74.1248,127
16,295.56,36945,138.1125,477,138.32,114.6122,73.8815,125
17,289.3386,36746,134.0625,431,137.6,115.2544,73.9668,127
18,288.624,36078,134.1,482,137.94,114.4594,73.9591,125
19,292.0556,36799,133.975,480,137.5,114.5486,74.0326,126
20,287.9762,36285,135.125,445,137.5,114.853,73.8137,126
21,287.6977,37113,134.8625,476,137.87,115.0919,73.8901,129
22,281.3493,41077,134.925,448,137.64,115.5771,73.9126,146
23,291.246,36697,134.3875,475,137.98,114.7408,74.0628,126
24,289.1811,36726,135.4125,438,139.53,114.9327,73.7952,127
25,287.3358,38503,134.025,486,135.09,115.397,73.887,134
26,289.937,36822,136.0375,461,138.01,115.4796,73.5813,127
27,293.1575,37231,133.4875,460,136.79,115.4947,74.0308,127
28,296.0397,37301,134.35,484,137.52,115.1661,73.7186,126
29,298.032,37254,135.275,486,137.87,115.7408,73.8428,125
30,292.5,37440,133.4625,481,137.7,115.4946,73.8381,128
31,296.619,37374,134.8125,474,137.28,116.1369,73.9666,126
32,296.6349,37376,134.9,464,137.89,115.808,73.9945,126
33,294.874,37449,135.3875,436,137.17,115.5497,73.7448,127
34,294.504,36813,133.6125,463,137.64,115.855,73.9242,125
35,299.632,37454,133.3875,466,137.38,115.6803,74.0364,125
36,298.32,37290,136.3375,518,138.01,116.1028,73.8053,125
37,291.6763,40543,134.4125,493,137.29,116.4018,73.7902,139
38,288.3521,40946,134.8375,471,136.8,116.5541,73.586,142
39,295.6,36950,134.175,471,136.2,115.8723,73.7268,125
40,299.4567,38031,134.25,463,136.44,116.8774,73.9048,127
41,295.5923,38427,134,470,137.66,116.2762,74.0175,130
42,296.7381,37389,135.475,459,137.02,116.5222,73.7286,126
43,295.3968,37220,135.2875,450,137.87,115.9428,73.8982,126
44,297.7031,38106,134.95,450,136.69,115.9899,73.9177,128
45,293.1318,37814,132.6875,483,136.8,116.1447,73.7633,129
46,296.5397,37364,132.325,480,135.31,115.8435,73.837,126
47,297.2077,38637,134.125,489,137.31,116.3314,73.9659,130
48,300.352,37544,132.425,486,135.51,116.7098,73.845,125
49,300.544,37568,133.325,434,136.04,116.5395,74.1656,125
50,291.1277,41049,135.1875,462,135.84,117.1184,73.6309,141
51,295.6667,39028,133.4,463,136.17,117.35,73.7968,132
52,299,37674,134.25,462,136.55,116.6875,73.9618,126
53,295.0556,37177,133.1625,478,135.39,117.0737,73.7554,126
54,299.008,37376,133.6625,462,135.52,116.6365,73.8655,125
55,292.0156,37378,133.3625,492,135.45,116.8475,73.9488,128
56,293.704,36713,131.9875,438,133.86,116.6368,73.8972,125
57,286.3957,39809,133.725,472,136.28,117.1225,73.6451,139
58,292.224,36528,134.725,474,136.62,117.0116,73.7436,125
59,288.7656,36962,134.95,496,136.72,116.5652,73.7869,128
60,284.2672,37239,133.45,470,135.94,116.4971,73.8912,131
61,286.8605,37005,133.2125,433,135.7,116.8821,74.0495,129
62,286.5317,36103,134.875,427,136.38,116.5258,74.1228,126
63,288.2143,36315,136.275,435,138.14,116.9601,74.1412,126
64,288.76,36095,135.2,465,135.68,116.3405,74.0681,125
65,285.5276,36262,136.875,453,137.44,116.5399,73.989,127
66,284.08,35510,133.325,425,135.56,116.8708,73.8725,125
67,288.256,36032,132.95,449,135.71,116.5729,73.8723,125
68,283.3047,36263,133.7375,469,137.08,116.6631,74.0687,128
69,286.592,35824,135.975,467,137.19,116.7678,73.8992,125
70,279.6094,35790,133.6875,444,137.59,116.845,73.9675,128
71,279.3692,36318,135.1125,444,136.91,117.4004,73.9096,130
72,283.704,35463,133.5625,449,135.35,116.8805,74.1313,125
73,279.856,34982,135.1875,465,135.94,117.3712,73.8744,125
74,277.5115,36354,134.6625,442,137.46,116.8813,73.6834,131
75,279.656,34957,134.2375,442,136.62,116.7804,73.8539,125
76,279.881,35265,133.775,452,136.78,117.0732,73.9789,126
77,279.2273,36858,135.225,432,137.08,117.6198,73.7954,132
78,280.3594,35886,133.3625,433,135.59,116.6372,73.9105,128
79,281.7698,35503,131.9125,430,134.64,117.2742,74.1605,126
80,282.888,35361,135.025,474,136.19,116.8202,74.2411,125
81,281.381,35454,137.0125,461,137.57,117.6184,73.896,126
82,276.1587,34796,133.025,441,135.71,117.2024,74.1001,126
83,275.1641,35221,134.425,413,135.32,117.4863,74.0137,128
84,278.08,34760,135.25,431,136.76,117.0223,74.0658,125
85,283.16,35395,134.9125,447,135.69,117.3086,74.0867,125
86,280.5556,35350,135.575,437,136.26,117.0642,74.1055,126
87,283.881,35769,133.4,438,135.48,117.4287,74.0203,126
88,284.1984,35809,137.1625,436,137.22,117.8179,73.8635,126
89,286.0315,36326,133.4,452,135.89,117.9956,74.2736,127
90,289.6,36200,134.3625,457,135.31,117.9168,73.8798,125
91,294.84,36855,134.5625,499,135.96,117.4556,74.0932,125
92,293.9147,37915,133.9,478,136.15,118.1054,73.9415,129
93,294.7109,37723,133.3875,461,135.37,117.7359,74.1413,128
94,297.5873,37496,135.5375,504,135.95,117.9793,73.8963,126
95,294.432,36804,133,483,135.63,118.2989,74.0786,125
96,291.9774,38833,134.3,488,134.56,118.5208,73.7522,133
97,290.7874,36930,134.3125,493,135.9,118.1986,74.3006,127
98,290.0156,37122,136,495,135.85,118.0013,74.0885,128
99,290.5556,36610,135.6625,473,136.08,118.3008,74.1451,126
100,285.0809,38771,136.8625,489,136.79,118.4953,73.8307,136
101,286.736,35842,135.375,503,137.66,117.7023,73.9359,125
102,286.6535,36405,132.6125,466,135.54,118.2956,73.7294,127
103,283.672,35459,134.075,434,135.44,117.3278,73.8053,125
104,283.32,35415,133.15,481,135.84,118.1306,74.0565,125
105,284.704,35588,136.1375,455,136.65,117.7062,73.7684,125
106,283.3571,35703,133.175,440,135.19,117.7506,73.9369,126
107,278.7308,36235,131.475,452,134.43,118.0937,73.822,130
108,278.4884,35925,134.2625,459,135.96,117.9291,74.1504,129
109,285.3968,35960,136.3125,455,137.03,117.8685,73.9383,126
110,285.4488,36252,134.8,462,137.13,117.4604,73.9884,127
111,281.876,36362,133.9125,468,136.87,118.2455,73.8759,129
112,284.856,35607,134.4625,486,136.79,117.4458,73.8853,125
113,284.6917,37864,132.9375,460,136.02,118.5949,73.7702,133
114,286.6,35825,133.3125,458,135.37,117.9157,73.9803,125
115,288.053,38023,132.0625,490,135.87,118.6766,73.9697,132
116,290.9048,36654,135.375,473,137.19,118.273,73.8614,126
117,292.32,36540,133.8875,483,135.67,118.4365,74.0237,125
118,293.6378,37292,136.1125,450,136.77,118.3382,73.8527,127
119,295.746,37264,133.6,473,135.7,118.6516,74.0628,126
120,291.4841,36727,134.5625,478,135.2,118.4681,73.7267,126
121,292.3858,37133,134.8375,470,136.18,118.8372,74.0236,127
122,295.6772,37551,135.825,445,136.33,118.6082,73.9094,127
123,290.3622,36876,133.875,457,135.92,118.4951,74.2832,127
124,293.704,36713,135.6125,496,136.03,118.6319,73.8334,125
125,290.584,36323,133.7125,480,135.65,118.263,73.9045,125
126,287.6512,37107,133.1625,456,135.38,118.5988,74.0894,129
127,283.8686,38890,136.325,475,137.16,118.7543,73.9349,137
128,281.058,38786,134.3375,446,136.07,119.3904,73.9072,138
129,284.9921,35909,134.9625,431,135.58,118.1372,74.3332,126
130,281.062,36257,135.2375,443,136.03,118.0477,74.1938,129
131,282.1308,36677,134.275,480,135.23,117.7965,74.3544,130
132,286.5159,36101,136.475,461,136.79,118.3681,73.9508,126
133,282.736,35342,135.3,471,137.27,118.2198,74.0056,125
134,281.7059,38312,134.6,441,135.02,118.8889,74.1277,136
135,291.688,36461,135.4,450,135.29,118.5849,73.9183,125
136,291.9841,36790,134.25,460,136.23,118.6334,73.902,126
137,290.8047,37223,133.275,466,135.75,119.1246,73.9513,128
138,292.3438,37420,134.6625,434,136.52,119.0728,73.9902,128
139,294.1024,37351,132.85,467,135.09,118.7313,73.8691,127
140,293.5238,36984,134,473,135.92,118.5654,74.0627,126
141,295.2093,38082,135.2875,463,136.03,119.0898,74.0424,129
142,294.352,36794,135.6375,451,136.35,119.0694,74.1181,125
143,289.6107,37939,135.575,455,135.56,118.6403,74.0741,131
144,295.144,36893,134.8375,474,135.57,119.0622,73.7822,125
145,293.3968,36968,133.95,487,135.43,119.4016,73.9332,126
146,285.1145,37350,135.3875,457,136.61,119.3944,74.2212,131
147,288.672,36084,136.8625,452,137.18,118.5737,74.0594,125
148,288.608,36076,135.6125,432,136.71,118.5872,73.9696,125
149,284.3333,37532,134.6,436,137.17,119.2946,74.0615,132
150,292.2441,37115,136.3,464,135.1,119.375,73.941,127
151,287.9077,37428,135.675,451,137.6,119.5739,74.2113,130
152,289.6,37648,138.075,465,136.97,119.6263,74.016,130
153,290.873,36650,135.1875,471,135.04,119.22,73.9662,126
154,297.728,37216,135.5375,472,137.01,119.5078,73.7151,125
155,287.3957,39948,133.175,481,135.41,119.4673,74.2063,139
156,290.7953,36931,137.3,506,137.11,119.6784,73.9544,127
157,293.936,36742,133.4375,473,136.29,119.4913,73.8588,125
158,290.9559,39570,136.775,465,137.62,119.9123,73.8158,136
159,295.7795,37564,133.775,452,134.91,119.237,74.2994,127
160,295.6587,37253,137.6,463,137.45,119.4075,74.1264,126
161,296.8906,38002,137.1375,466,136.25,118.9293,73.8294,128
162,297.0236,37722,134.2375,475,135.97,119.8381,74.2181,127
163,297.7778,37520,137.225,448,136.79,118.6145,74.2141,126
164,297.968,37246,134.7625,477,134.77,119.3497,73.9777,125
165,297.2946,38351,133.9625,476,134.81,118.989,74.1379,129
166,296.031,38188,136.4125,509,137.11,119.331,74.105,129
167,293.0938,37516,138.0125,460,137.89,119.4775,74.0902,128
168,295.0714,37179,136.475,442,135.76,119.1796,74.1764,126
169,294.6746,37129,136.175,458,136.14,119.1872,74.0059,126
170,298.1429,37566,136.5625,468,136.33,119.7326,74.214,126
171,294.0079,37339,134.75,461,134.14,119.7323,73.9946,127
172,295.376,36922,133.1375,466,135.58,119.2408,74.141,125
173,291.8571,36774,134.4125,475,134.19,118.9448,74.0632,126
174,291.2481,37571,135.6375,480,136.39,119.2138,73.9958,129
175,293.112,36639,134.425,447,136.61,119.5264,73.8016,125
176,290.04,36255,135.5125,511,136.94,119.5335,74.1739,125
177,288.7656,36962,136.175,486,136.59,119.7654,73.9193,128
178,286.2385,37211,135.4125,448,136.56,119.9395,74.0897,130
179,285.4885,37399,135.5625,472,135.94,119.7749,74.1993,131
180,288.1496,36595,134.1375,457,133.92,119.6937,74.1078,127
181,291.752,36469,138.875,453,138.2,119.1642,73.8941,125
182,288.8413,36394,132.125,455,134.44,119.1816,74.1157,126
183,283.344,35418,137.1375,466,137.41,119.2497,74.0748,125
184,285.7559,36291,136.6625,482,136.57,119.5831,74.3254,127
185,287.5952,36237,135.0375,431,134.86,119.2559,74.0264,126
186,280.4599,38423,136.1125,469,136.48,120.111,74.0517,137
187,278.6894,36787,136.15,461,135.2,119.5124,74.2768,132
188,280.0458,36686,136.825,469,137.05,119.6797,73.9398,131
189,278.5896,37331,134.225,415,135.35,119.5957,74.1392,134
190,284.5354,36136,136.5,435,135.9,119.5461,74.0901,127
191,283.6142,36019,135.3875,425,134.75,119.784,74.1722,127
192,287.592,35949,136.05,449,136.03,119.2693,74.1888,125
193,277.3041,41041,136.025,450,135.79,119.9587,73.9649,148
194,282.8889,35644,134.725,424,137.36,118.4821,74.0749,126
195,279.7218,37203,136.1875,441,136.71,119.5119,74.1103,133
196,286.1811,36345,137.725,464,137.31,119.864,73.8934,127
197,284.096,35512,131.975,426,135.12,119.2936,74.1035,125
198,283.4567,35999,136.35,431,135.05,119.682,73.7935,127
199,285.1032,35923,135.1375,442,137.08,119.1208,74.3554,126
200,283.1667,35679,135.475,442,135.7,119.6415,73.8723,126
201,284.776,35597,132.7875,466,135.32,119.1324,74.1397,125
202,284.128,35516,135.475,417,135.2,119.2775,73.9479,125
203,282.448,35306,134.5375,416,136.76,119.4612,74.0845,125
204,282.7442,36474,136.1,455,136.21,119.0627,74.01,129
205,282.373,35579,135.175,444,134.83,118.9629,74.0381,126
206,281.7402,35781,136.1625,458,136.46,119.7715,74.2951,127
207,280.88,35110,135.3625,459,135.14,119.1132,74.0391,125
208,278.4603,35086,136.6875,469,136.26,119.3551,74.0493,126
209,279.4646,35492,134.95,431,135.43,119.2454,74.2802,127
210,279.8,34975,136.0375,440,135.9,118.7728,74.1489,125
211,280.96,35120,134.9,435,134.87,119.0253,74.1626,125
212,279.2756,35468,136.2375,440,134.82,119.0725,74.3196,127
213,278.063,35314,136.675,470,135.96,119.6246,74.1084,127
214,283.568,35446,137.7375,442,138.13,119.1069,74.1019,125
215,279.6508,35236,136.675,426,136.95,119.5924,74.122,126
216,279.0615,36278,137.125,443,136.52,119.2226,74.2214,130
217,279,36270,135.6375,436,135.86,119.7928,74.1656,130
218,278.7698,35125,136.9375,418,137.14,118.8812,74.2234,126
219,279.848,34981,134.7375,448,136.06,119.8629,74.2499,125
220,283.992,35499,136.775,451,136.91,119.5646,74.0952,125
221,279.3333,35196,136.15,427,135.72,119.526,74.2964,126
222,284.4206,35837,135.2,443,135.74,119.6379,74.3585,126
223,282.937,35933,137.2,457,137.5,119.1993,74.0886,127
224,284.232,35529,137.65,485,137.58,119.8091,74.3381,125
225,280.7054,36211,137.5,441,137.03,119.0792,74.331,129
226,283.1984,35683,135.9125,437,135.59,119.684,74.1921,126
227,280.808,35101,135.7375,433,135.5,119.6886,73.9583,125
228,282.7302,35624,133.475,473,135.2,119.6724,74.1612,126
229,281.5317,35473,136.475,426,135.74,120.2149,74.1315,126
230,281.248,35156,136.875,427,137.3,119.7873,74.0948,125
231,279.6111,35231,134.6625,450,134.17,119.3755,74.1055,126
232,279.2031,35738,136.5,456,136.79,119.9456,74.2071,128
233,278.4206,35081,133.875,412,134.38,119.5145,74.2677,126
234,278.8504,35414,134.6,459,135.08,119.4334,74.2913,127
235,279.3893,36600,135.55,439,135.62,120.1936,74.0491,131
236,279.9764,35557,134.9,426,135.14,119.6531,74.212,127
237,279.5077,36336,136.0875,454,136.37,120.4058,74.2392,130
238,275.6403,38314,134.9875,417,134.24,120.6135,73.8607,139
239,280.8425,35667,133.65,412,133.45,120.2794,74.1732,127
240,287.2937,36199,135.8125,434,135.08,120.1365,74.2626,126
241,284.712,35589,136.7875,448,136.61,120.4223,73.938,125
242,282.3984,36147,134.55,422,135.64,119.9505,74.2042,128
243,287.2677,36483,136.85,449,136.15,119.957,74.0399,127
244,281.0451,37379,137.0375,443,137.24,120.7291,74.0347,133
245,289.1181,36718,137.75,473,137.28,120.4694,74.133,127
246,286.5591,36393,137.3875,483,137.64,120.7626,74.1579,127
247,284.3566,36682,136.275,447,135.33,120.2155,74.1311,129
248,285.5079,35974,136.7625,451,136.16,120.5723,74.1727,126
249,284.5538,36992,135.9875,457,135.5,120.4954,74.2483,130
250,284.8538,37031,136,455,136.41,121.0964,74.2249,130
251,287.1615,37331,137.525,443,136.9,120.758,74.1972,130
252,286.6541,38125,136.475,462,135.67,120.3489,74.0135,133
253,288.1825,36311,136.475,469,136.51,120.5402,74.081,126
254,288.768,36096,135.4375,462,135.24,120.2062,74.2533,125
255,287.7937,36262,137.0625,441,136.03,120.617,74.3207,126
256,287.1181,36464,136.925,461,136.73,120.2899,73.9843,127
257,283.25,37389,134.825,465,136.78,120.0682,74.3078,132
258,288.0159,36290,135.05,460,134.52,120.3329,74.1142,126
259,284.4961,36131,136.4125,447,135.98,120.2701,74.1922,127
260,287.6905,36249,136.45,472,136.02,120.4348,74.1258,126
261,288.224,36028,137.1375,445,136.12,120.5884,74.2791,125
262,290.544,36318,135.9875,447,135.4,120.3823,74.197,125
263,286.52,35815,136.6125,458,135.26,120.9908,73.8476,125
264,282.2016,36404,134.725,414,136.46,120.719,74.1695,129
265,286.1102,36336,136.5375,431,135.27,120.1533,74.2192,127
266,286.6508,36118,134.5625,424,134.51,120.1387,74.0776,126
267,282.0787,35824,137.4875,471,136.66,120.1672,74.1994,127
268,282.5846,36736,135.3125,430,135.65,120.9617,74.1883,130
269,286.8889,36148,136.8125,441,135.71,120.5687,74.3508,126
270,285.5984,36271,134.9125,443,135.03,120.9571,74.1856,127
271,285.937,36314,136.25,445,136.93,121.1367,74.1542,127
272,289.7402,36797,136.225,440,135.66,120.3474,74.291,127
273,291.5276,37024,136.2875,474,135.47,120.9027,74.1281,127
274,293.7857,37017,136.125,471,135.56,120.6523,74.3657,126
275,295.7795,37564,136.1875,490,135.54,120.8985,74.0088,127
276,294.848,36856,136.1125,481,135.3,120.7412,74.3913,125
277,294.4365,37099,135.5125,460,135.65,121.1867,74.5218,126
278,293.592,36699,137.4,441,136.34,120.4656,74.1787,125
279,292.0543,37675,137.8,435,137.5,120.9947,74.1704,129
280,294.88,36860,136.375,461,135.68,120.8063,74.091,125
281,291.0465,37545,136.2625,462,135.23,121.0164,74.3011,129
282,294.6905,37131,136,448,134.42,120.8076,74.1383,126
283,293.936,36742,137.025,468,136.32,120.8523,74.2564,125
284,296.384,37048,135.8,453,134.77,120.9994,74.0476,125
285,296.96,37120,137.4,486,136.88,121.155,74.1645,125
286,294.8413,37150,137,467,134.81,120.749,74.3474,126
287,291.0692,37839,136.0125,446,135.11,121.1768,74.2662,130
288,291.096,36387,135.35,460,135.36,121.0929,74.1378,125
289,283.4545,40534,137.1,445,135.39,121.1314,74.4123,143
290,291.6,36450,135.9,426,135.68,120.9741,74.2495,125
291,288.816,36102,135.425,449,134.25,120.9317,74.2606,125
292,295.0556,37177,136.175,460,135.15,121.4243,74.0537,126
293,286.4231,37235,137.025,462,135.76,121.399,74.1486,130
294,288.873,36398,138.55,459,137.01,121.2664,74.0264,126
295,289.8583,36812,135.3375,482,134.7,120.9193,74.3909,127
296,285.2937,35947,136.6125,426,136.35,121.1372,74.3519,126
297,288.392,36049,137.775,461,135.77,121.1697,74.224,125
298,282.3944,40100,136.4125,440,134.57,122.188,74.3103,142
299,285.832,35729,138.7125,450,136.46,121.0251,74.0932,125
300,283.0317,35662,136.8875,422,136.31,120.4989,74.4385,126
301,282.8661,35924,135.7125,452,136,120.9084,74.2074,127
302,279.7308,36365,135.775,444,134.87,120.984,74.2524,130
303,280.5748,35633,137.4875,441,136.96,120.7751,74.2595,127
304,285.992,35749,135.0375,445,135.02,120.6838,74.448,125
305,282.856,35357,135.45,439,134.8,120.7487,74.5557,125
306,282.0866,35825,135.875,457,135.66,120.9873,74.2607,127
307,280.7857,35379,135.45,439,134.17,121.6245,74.1924,126
308,280.992,35124,137.3625,416,136.24,121.0434,74.412,125
309,280.2126,35587,136.625,435,136.12,120.9859,74.365,127
310,281.048,35131,135.075,442,134.99,120.8471,74.4292,125
311,281.7778,35504,138.1625,432,138.08,121.0808,74.3251,126
312,276.7846,35982,135.425,445,134.88,121.0975,74.3369,130
313,281.7165,35778,138.925,441,138.02,121.6731,74.1773,127
314,281.704,35213,136.4125,430,135.58,120.9398,74.1417,125
315,279.5354,35501,135.4125,436,134.93,120.9984,74.3478,127
316,282.2063,35558,137.0125,445,135.63,121.0529,74.2165,126
317,281.264,35158,135.6375,419,134.68,121.3824,74.3765,125
318,283.6508,35740,137.5375,460,137.01,121.1477,74.4172,126
319,283.0635,35666,137.725,449,135.52,121.4263,74.405,126
320,280.5923,36477,138.8,416,136.35,122.0766,74.2711,130
321,287.6429,36243,138.9125,447,135.56,121.3601,74.4728,126
322,290.3516,37165,137.2625,454,136.25,122.0437,74.2891,128
323,298.5906,37921,137.45,448,135.42,122.2766,74.3798,127
324,294.032,36754,137.9875,456,135.65,122.2968,74.3734,125
325,299.824,37478,137.4875,469,134.7,122.2429,74.3891,125
326,296.9308,38601,138.225,453,134.68,122.3131,74.2233,130
327,299.1984,37699,136,465,135.23,121.9372,74.413,126
328,304.5231,39588,137.425,478,136.19,122.8329,74.2257,130
329,305.9037,41297,137.6625,445,136.43,122.4553,74.3299,135
330,314.808,39351,138.425,460,136.16,122.6131,74.1595,125
331,308.7852,41686,137.8,456,136.79,122.8653,74.2098,135
332,314.031,40510,135.35,489,135.01,122.8799,74.2555,129
333,313.144,39143,138.825,476,135.99,122.4578,74.1384,125
334,310.384,38798,137.875,492,135.31,123.0458,74.0586,125
335,314.392,39299,139.5125,513,137.42,122.329,74.2823,125
336,311.874,39608,136.375,507,136.01,122.9272,74.2797,127
337,309.1575,39263,135.9625,472,135.41,123.3251,74.2052,127
338,309.488,38686,138.675,467,135.71,123.2443,74.4778,125
339,308.1746,38830,137.7625,486,136.88,122.7974,74.624,126
340,307.944,38493,138.075,465,137.15,122.2604,74.3927,125
341,306.368,38296,137.525,506,137.24,122.18,74.2903,125
342,302.712,37839,137.475,474,136.42,122.2747,74.3777,125
343,300.152,37519,137.7875,469,136.29,122.2587,74.4203,125
344,294.814,38031,137.8125,464,136.03,122.0902,74.5451,129
345,298.1667,37569,137.525,469,135.36,122.2588,74.6285,126
346,293.9524,37038,136.6375,461,134.76,122.2592,74.1942,126
347,293.512,36689,138.8625,466,135.33,122.5758,74.3864,125
348,292.0159,36794,138.6,421,136.81,122.2164,74.4977,126
349,289.7857,36513,137.5625,463,135.36,122.5329,74.4945,126
350,284.0977,37785,137.3625,442,136.72,122.3552,74.2862,133
351,293.3937,37261,137.5375,459,135.54,122.4229,74.5755,127
352,291.7874,37057,136.2125,416,134.79,122.8046,74.5876,127
353,288.0077,37441,138.5625,432,136.28,122.9679,74.6275,130
354,288.5118,36641,138.9,419,135.81,122.8115,74.5836,127
355,289.6984,36502,138.1,408,137.66,122.1443,74.6829,126
356,292.7874,37184,136.2875,431,135.45,122.5575,74.337,127
357,290.7154,37793,138.3,459,138.06,123.0075,74.5835,130
358,289.25,37024,137.5,453,135.52,122.7939,74.6895,128
359,288.96,36120,138.1875,439,136.72,122.0505,74.3996,125
360,288.6875,36952,137.025,460,135.93,122.6462,74.3903,128
361,291.368,36421,137.45,441,135.75,122.7944,74.6223,125
362,290.872,36359,136.625,440,135.4,122.6605,74.5772,125
363,286.1053,38052,135.85,429,134.99,122.7802,74.6975,133
364,289.632,36204,136.8375,437,136.34,122.7043,74.4275,125
365,289.8254,36518,138.4125,442,136.07,122.6076,74.6742,126
366,290.5,36603,137.375,424,137.04,122.7495,74.5158,126
367,287.1318,37040,137.3375,463,134.49,122.8401,74.4807,129
368,288.5039,36640,137.05,441,135.24,122.5033,74.6348,127
369,288.856,36107,135.7125,425,134.62,123.1068,74.4041,125
370,287.2381,36192,137.9,451,135.31,122.9012,74.7204,126
371,293.0635,36926,137,432,135.16,123.1546,74.548,126
372,292.8828,37489,139.35,450,137.36,122.5455,74.7903,128
373,294.8217,38032,139,477,136.08,123.0387,74.5608,129
374,293.072,36634,137.6125,454,135.96,123.1919,74.5477,125
375,295.048,36881,136.3125,438,136.93,122.9908,74.6363,125
376,294.9603,37165,137.2875,450,136.2,122.5702,74.6983,126
377,294.6641,37717,135.6625,429,135.24,123.5776,74.3879,128
378,295.315,37505,136.0875,432,133.68,123.1776,74.5323,127
379,290.5755,40390,139.65,448,136.39,123.6656,74.6868,139
380,290.3333,37453,137.9,442,135.74,123.4553,74.4035,129
381,296.4094,37644,137.1875,476,135.29,123.3001,74.5581,127
382,295.2835,37501,137.1,429,136.02,123.463,74.1501,127
383,288.6875,36952,138.4125,423,134.13,123.2581,74.4351,128
384,290.792,36349,137.8875,429,134.98,123.3911,74.476,125
385,295.2992,37503,139.325,450,135.33,123.3829,74.4397,127
386,296.1797,37911,136.4625,461,136.2,123.738,74.4143,128
387,294.864,36858,138.175,491,136.56,123.1143,74.5122,125
388,294.304,36788,138.275,431,134.94,123.4827,74.5882,125
389,292.4729,37729,138.6625,425,136.25,123.8066,74.5094,129
390,291.8722,38819,137.875,446,137.13,123.8363,74.6464,133
391,292.384,36548,138.7125,440,136.74,122.8903,74.4567,125
392,289.9213,36820,136.4375,423,135.27,123.4429,74.4075,127
393,290.5556,36610,136.475,435,135.88,123.7436,74.5872,126
394,292.336,36542,137.1,455,134.73,123.2084,74.5278,125
395,289.184,36148,139.7,437,135.45,123.1179,74.6761,125
396,288.152,36019,136.8875,457,135.52,122.9148,74.8031,125
397,286.072,35759,136.7625,448,135.53,123.6982,74.5827,125
398,282.4252,35868,136.2,401,134.84,122.6176,74.7347,127
399,287.5969,37100,137.8,437,135.47,124.1167,74.5299,129
400,284.96,35620,138.0125,417,136.89,122.9497,74.6418,125
401,284.416,35552,137.1,425,135.14,123.5798,74.4735,125
402,282.5496,37014,138.8375,433,137.2,123.6457,74.6189,131
403,283.256,35407,137.6875,418,136.46,123.4532,74.3968,125
404,285.304,35663,137.5,425,134.51,122.8854,74.8026,125
405,281.096,35137,136.875,421,135.01,123.4021,74.6361,125
406,279.3846,36320,137.7625,432,134.51,123.5231,74.9442,130
407,280.907,36237,137.475,418,135.69,123.7005,74.4917,129
408,281.9286,35523,137.975,418,133.46,123.202,74.7927,126
409,284.808,35601,138.0875,418,136.24,123.1321,74.7581,125
410,278.5435,38439,137.1375,446,134.95,123.9727,74.6523,138
411,280,36400,135.1375,414,134.07,123.9107,74.5782,130
412,284.754,35879,136.6,445,135.57,123.4536,74.6788,126
413,285.1508,35929,138.8875,439,137.4,123.1872,74.8207,126
414,283.8015,37178,137.825,440,136.47,123.9452,74.6749,131
415,285.3178,36806,138.225,445,135.3,123.2601,74.8213,129
416,286,35750,137.775,426,136.6,123.4729,74.8401,125
417,286.632,35829,139.1125,436,136.02,124.127,74.6999,125
418,282.4074,38125,138.775,414,135.4,124.2388,74.6863,135
419,285.4094,36247,137.9375,414,133.83,123.7388,74.9068,127
420,282.0938,36108,138.7375,430,135.99,123.7909,74.7423,128
421,280.8504,35668,137.575,437,134.88,123.2824,74.8655,127
422,286.344,35793,138.05,436,136,123.9204,74.7833,125
423,285.216,35652,138.925,449,136.18,123.3244,74.7573,125
424,281.2656,36002,136.8375,482,135.23,123.4689,74.6793,128
425,282.7937,35632,136.95,445,134.34,123.8751,74.6862,126
426,283.7231,36884,137.9,448,137.92,124.048,74.8143,130
427,286.4206,36089,139.9875,478,137.78,123.7388,74.6088,126
428,282.2143,35559,139.1125,429,135.83,123.2066,74.9818,126
429,283.2835,35977,137.5,421,134.18,123.7109,74.8465,127
430,280.3571,35325,136.35,441,135.72,123.7248,74.6443,126
431,281.7344,36062,135.8375,445,135.73,123.7312,74.8572,128
432,280.5159,35345,136.375,434,135.51,123.8974,74.7058,126
433,283.96,35495,137.275,441,135.03,123.879,74.5654,125
434,280.424,35053,136.725,421,134.5,123.908,74.8456,125
435,278.8702,36532,136.85,418,135.94,124.0352,74.6754,131
436,281.2302,35435,138.7625,434,135.94,123.9936,74.6925,126
437,279.0156,35714,136.275,433,134.81,124.3303,74.6142,128
438,278.8898,35419,137.925,406,135.51,123.9785,74.7809,127
439,276.7008,35141,137.2625,404,136.59,123.9122,75.0751,127
440,278.8095,35130,139.175,457,135.34,124.1275,75.08,126
441,280.352,35044,140.6,419,135.35,123.9883,74.8304,125
442,279.2835,35469,138.775,424,134.65,123.7696,74.6863,127
443,279.75,35808,137.575,433,134.88,124.2813,74.8347,128
444,278.744,34843,139.9,462,135.36,124.2388,74.6716,125
445,280.88,35110,137.7,422,135.08,124.4652,74.8686,125
446,282.5354,35882,138.575,413,137.33,124.539,74.7326,127
447,280.16,35020,136.3875,434,135.83,124.239,74.9803,125
448,272.4552,36509,138.725,422,136.08,124.6798,74.7208,134
449,278.4806,35924,137.3125,415,136.08,124.1492,74.8098,129
450,277,35456,138.3375,428,135.63,124.1998,74.8732,128
451,277.3968,34952,137.2625,438,135.77,123.7178,74.9242,126
452,280.4173,35613,138.3125,419,135.86,124.1094,74.851,127
453,281.808,35226,137.5,416,136.24,124.1296,74.891,125
454,277.0079,35180,137.225,413,135.39,124.0956,74.9151,127
455,282.4922,36159,137.9875,438,135.89,124.6503,74.5927,128
456,278.2937,35065,137.3,434,135.13,123.7598,74.7244,126
457,280.6535,35643,138.85,433,135.77,123.9608,75.1251,127
458,277.6822,35821,137.2125,415,135.08,124.5638,74.8019,129
459,278.2992,35344,138.8875,445,135.64,124.2917,74.9617,127
460,276.8819,35164,138.7625,432,136.11,123.9004,74.96,127
461,282.168,35271,138.5125,407,135.68,124.2948,74.8792,125
462,280.064,35008,138.2375,422,135.66,124.212,74.9335,125
463,278.8571,35136,136.475,413,134.67,124.3261,74.8173,126
464,272.2248,35117,138.3375,406,134.83,124.0588,74.7323,129
465,275.6142,35003,137.575,407,134.09,124.5969,75.0679,127
466,278.48,34810,140.1,432,135.36,124.1737,74.9953,125
467,280.744,35093,138.475,460,135.28,124.6895,74.7508,125
468,284.496,35562,138.975,453,136.74,124.3442,74.6651,125
469,275.8189,35029,135.7875,422,133.21,124.5904,75.0531,127
470,276.627,34855,138.8125,403,134.57,124.4447,74.6702,126
471,278.56,34820,138.1375,423,135.03,125.0109,74.6117,125
472,278.1746,35050,136.85,447,134.24,124.7719,74.8882,126
473,279.12,34890,136.4,438,134.87,124.8891,74.7661,125
474,277.312,34664,138.4375,451,136.02,124.6851,74.816,125
475,279.28,34910,139.35,412,133.38,124.6426,74.9392,125
476,277.576,34697,140.55,441,136.97,124.5212,74.697,125
477,277.1667,34923,138.325,413,136.73,124.3633,74.8305,126
478,277.9609,35579,136.2625,419,136.08,124.7802,74.664,128
479,277.504,34688,136.875,422,134.28,125.2056,74.4975,125
480,277.0543,35740,137.5125,436,135.03,124.6655,74.6923,129
481,277.576,34697,137.0625,423,133.78,125.1942,74.8673,125
482,279.254,35186,136.7125,444,134.26,124.9436,74.9067,126
483,279.816,34977,137.2125,433,134.98,124.9979,75.0266,125
484,276.3386,35095,138.225,422,133.48,125.0665,74.8655,127
485,281.12,35140,138.0875,433,136.79,124.8095,75.1048,125
486,277.7323,35272,139.1375,445,133.34,125.3781,74.7904,127
487,276.584,34573,137.35,429,135.43,124.6715,74.8483,125
488,277.296,34662,138.7625,431,134.37,125.1492,74.8163,125
489,274.3876,35396,139.3,418,137.93,124.5757,74.7795,129
490,278.0234,35587,135.8875,425,134.35,124.9903,74.637,128
491,274.9921,34924,138.5375,406,134.76,125.1406,74.9736,127
492,279.496,34937,138.45,425,134.48,125.0667,74.9069,125
493,275.1364,36318,138.0125,430,134.96,125.1804,74.8717,132
494,278.5238,35094,137.125,417,135.83,125.1358,74.6676,126
495,278.8,34850,137.8875,425,134.35,125.2697,74.7279,125
496,280.592,35074,137.9375,412,134.84,124.7625,74.871,125
497,280.336,35042,136.7,431,133.55,125.4581,74.9432,125
498,277.8661,35289,137.075,430,136.06,124.9449,74.9209,127
499,281.448,35181,135.825,411,134.15,125.5626,74.9581,125
500,278.496,34812,135.475,434,133.74,125.1195,75.0467,125
501,275.2296,37156,139.125,428,137.08,126.117,74.599,135
502,276.5397,34844,139.0125,467,133.54,125.4053,74.7692,126
503,279.0769,36280,139.4625,436,135.7,125.6504,74.7532,130
504,276.32,34540,140.325,418,136.56,124.9804,74.8009,125
505,283.7302,35750,136.525,450,133.22,125.5151,74.9395,126
506,276.8968,34889,136.1875,417,133.88,125.7232,74.7887,126
507,277.7333,37494,135.875,443,134.17,125.8918,74.8995,135
508,277.0451,36847,138.7875,428,134.46,125.7948,74.5637,133
509,280.7143,35370,136.6125,445,134.86,125.6334,75.0159,126
510,275.4841,34711,140.8875,421,135.73,125.2003,74.9694,126
511,279.0866,35444,135.925,429,135.47,125.9566,74.7455,127
512,278.056,34757,135.7,422,134.9,125.546,74.8637,125
513,278.803,36802,138.2375,422,134.71,125.7981,75.0432,132
514,281.36,35170,138.85,426,135.44,126.2221,74.8169,125
515,281.568,35196,137.5375,428,134.46,125.5488,74.8573,125
516,279.0234,35715,137.9875,433,134.85,125.7364,74.9746,128
517,279.2619,35187,138.425,432,134.49,125.4683,75.1501,126
518,279.632,34954,139.0625,420,134.83,125.9582,74.7939,125
519,280.2222,35308,137.475,413,134.79,125.9641,74.8819,126
520,277.2481,35765,136.1875,444,133.38,125.532,74.8151,129
521,282.4173,35867,138.3875,429,134.77,125.7433,74.7021,127
522,275.5462,35821,138.2625,418,133.65,125.9468,75.052,130
523,278.7364,35957,138.1875,436,135.72,125.8759,74.8122,129
524,277.408,34676,136.9375,417,133.68,125.8132,74.962,125
525,280.096,35012,139.4875,443,134.57,125.6255,74.613,125
526,281.192,35149,136.725,430,135.45,125.7314,74.9937,125
527,278.811,35409,136.05,428,133,125.8782,74.9558,127
528,276,35604,138.2875,415,133.51,126.1562,74.8611,129
529,274.872,34359,138.9375,426,134.32,125.9927,74.9325,125
530,278.3651,35074,137.075,434,134.25,125.2229,74.9656,126
531,279.7937,35254,137.4375,418,136.07,125.3605,74.7939,126
532,281.7874,35787,137.0625,439,134.61,125.5929,74.9454,127
533,277.0238,34905,138.35,428,135.27,125.831,74.8154,126
534,278.7857,35127,137.825,407,134.09,125.3973,74.9644,126
535,278.1181,35321,138.8125,400,133.24,125.7732,75.048,127
536,282.136,35267,141.55,442,134.53,125.9678,74.8716,125
537,279.816,34977,136.3125,425,134.31,126.0756,74.7785,125
538,280.7222,35371,135.975,419,133.29,125.8236,74.9701,126
539,278.8095,35130,137.325,409,134.37,125.8914,74.9112,126
540,279.7188,35804,138.2625,412,133.85,125.9688,74.9923,128
541,279.344,34918,137.175,426,132.16,125.7807,75.0627,125
542,278.96,34870,140.1875,419,136.04,125.9429,75.0354,125
543,280.4961,35623,139.0875,418,134.89,125.9567,75.0102,127
544,276.9764,35176,140.175,440,135.24,125.9121,75.0482,127
545,279.4048,35205,138.2375,433,134.04,126.1448,74.9247,126
546,278.52,34815,137.6625,408,134.09,125.9154,74.7999,125
547,278.5078,35649,135.8,433,134.08,126.0063,74.88,128
548,278.6032,35104,139.15,397,134.7,126.1922,75.0876,126
549,278.024,34753,139.5,400,134.72,126.3002,75.0267,125
550,277.544,34693,138.875,446,135.07,126.2713,75.1044,125
551,280.056,35007,141.35,408,134.38,126.0976,75.0012,125
552,276.4297,35383,139.5625,417,133.93,126.0925,74.7854,128
553,279.1008,36004,136.0125,413,134.24,125.8508,75.1286,129
554,278.7937,35128,137.2375,415,134.08,126.4878,75.1172,126
555,276.0469,35334,139.4125,430,134.04,126.0403,75.2506,128
556,276.6825,34862,139.3,416,133.86,126.3609,74.9793,126
557,276.4524,34833,137.4,417,133.26,125.5325,75.2154,126
558,274.9265,37390,138.625,419,133.98,126.4632,74.9689,136
559,278.0938,35596,137.6125,419,133.21,125.828,74.9499,128
560,276.0391,35333,135.75,431,134.15,125.988,75.0379,128
561,280.4048,35331,140.1375,418,135.93,126.8586,74.6847,126
562,275.448,34431,137.325,395,133.51,125.8055,75.0272,125
563,274.7209,35439,138.4875,424,134.89,126.3371,74.9687,129
564,279.0714,35163,137.9125,401,134.95,126.2736,74.8846,126
565,275.2105,36603,137.4375,409,133.62,126.6647,74.9963,133
566,273.7244,34763,138.1125,407,134.5,126.2,75.029,127
567,279.176,34897,139.1,420,133.35,126.0878,74.9269,125
568,275.048,34381,137.725,424,132.43,125.8806,74.8936,125
569,277.8615,36122,137.575,420,134.29,126.1787,75.1299,130
570,277.072,34634,140.1,410,134.03,125.6527,75.1904,125
571,277.224,34653,138.9375,424,133.53,126.4566,74.9657,125
572,274.9538,35744,136.975,387,137.1,126.0125,75.0395,130
573,276.9762,34899,137.9625,425,133.93,125.5912,75.1498,126
574,277.712,34714,139.55,420,133.5,126.0177,74.9406,125
575,275.6691,37491,137.1125,419,134.82,126.6508,75.0325,136
576,279.488,34936,137.175,433,132.87,126.3371,75.2186,125
577,275.2636,35509,139.0875,402,133.34,125.8488,75.1791,129
578,281.2778,35441,138.8375,413,134.34,126.0543,75.0505,126
579,274.4724,34858,138.925,400,135.82,126.0157,75.0916,127
580,273.8,34225,140.925,398,135.21,125.9994,75.0957,125
581,274.4341,35402,138.5875,405,133.31,126.307,75.29,129
582,277.373,34949,137.1375,397,134.23,125.8838,75.103,126
583,277.3465,35223,136.825,416,134.18,125.9603,74.7228,127
584,278.2143,35055,136.3,419,134.18,125.9869,74.9363,126
585,277.824,34728,137.8875,432,133.69,126.0485,75.2437,125
586,274.2266,35101,138.8,426,133.91,126.3234,75.0478,128
587,278.664,34833,140.625,436,133.1,126.0507,74.953,125
588,279.7698,35251,136.6125,436,134.13,126.5146,75.1306,126
589,278.5635,35099,138.8875,415,134.38,126.1516,74.9812,126
590,277.7778,35000,136.9,383,133.21,126.1925,75.2536,126
591,279.0238,35157,140.8375,435,134.52,125.7915,74.9019,126
592,278.2778,35063,136.3125,431,135.87,126.2526,75.121,126
593,276.4766,35389,139.9625,426,133.63,126.399,74.8629,128
594,278.96,34870,136.2375,420,134.78,126.1914,75.1949,125
595,272.9213,34661,138.625,422,133.49,126.1137,74.8848,127
596,278.8516,35693,138.65,417,135.16,126.3257,75.2071,128
597,276.145,36175,140.025,418,135.23,126.6771,75.0845,131
598,276.992,34624,139.0875,396,132.42,126.0274,75.1902,125
599,279.7323,35526,138.9875,391,134.2,126.1876,74.7416,127
600,276,35052,136.0375,418,133.41,126.6923,74.7335,127
601,273.8268,34776,135.6875,429,134.41,126.2954,74.9819,127
602,281.224,35153,137.4,411,133.81,125.8401,75.0096,125
603,274.1825,34547,138.125,400,133.77,126.381,75.0237,126
604,276.3254,34817,139.15,426,133.73,125.9675,75.1017,126
605,279.8268,35538,138.325,411,134.22,126.0928,75.0806,127
606,280.688,35086,139.2875,425,133.67,126.0163,75.0275,125
607,280.544,35068,138.7,429,134.51,125.962,75.108,125
608,282.344,35293,138.775,463,133.22,126.5219,75.124,125
609,279.5,35776,139.05,399,135.23,126.5555,75.1154,128
610,275.2519,37159,139.0625,410,135.32,126.284,74.9703,135
611,275.8016,34751,138.3375,420,134.49,126.4834,75.0435,126
612,277.3968,34952,139.5,402,133.84,126.4799,75.055,126
613,276.9606,35174,138.675,410,135.05,125.9458,75.0341,127
614,276.2231,35909,138.8625,437,134.14,126.5939,74.9189,130
615,276.56,34570,137.5,400,133.65,126.0767,75.0746,125
616,277.1429,34920,137.675,409,135.38,126.1658,75.3512,126
617,274.0945,34810,137.625,407,133.91,126.5731,75.2075,127
618,276.656,34582,139.4875,425,132.74,126.3235,74.9397,125
619,277.696,34712,136.3125,401,134.67,126.0594,74.9061,125
620,281.4,35175,136.4375,423,132.82,126.6311,75.2371,125
621,277.256,34657,139.1875,426,134.06,126.0865,75.1703,125
622,277.8189,35283,139.7,392,134.44,126.5963,75.1239,127
623,276.176,34522,141.3875,426,133.61,125.942,75.1771,125
624,273.4962,36375,138.0125,420,135.38,126.4582,75.1607,133
625,275.1587,34670,141.775,428,133.82,126.459,75.1589,126
626,277.1667,36586,140.3625,429,136.57,126.4327,74.9037,132
627,277.5748,35252,135.6875,445,134.13,126.2081,75.2608,127
628,274.12,34265,138.2125,397,133.97,126.3989,75.3305,125
629,277.2222,34930,139.3625,395,134.81,126.1589,75.2003,126
630,277.6032,34978,137.3,421,134.61,126.0659,75.301,126
631,279.3968,35204,140.95,429,135.35,126.5308,75.0448,126
632,272.6142,34622,137.5,425,133.32,126.6358,74.9854,127
633,273.5354,34739,135.7375,428,133.46,126.2271,75.0861,127
634,276.264,34533,137.5375,406,134.53,126.445,75.1183,125
635,276.216,34527,138.05,436,133.11,126.1271,75.0217,125
636,273.1667,34419,139.6,428,134.96,126.2808,75.1195,126
637,277.896,34737,138.65,400,133.07,126.3099,75.1696,125
638,274.3413,34567,139.5375,418,134.93,126.0044,74.8159,126
639,274.5238,34590,135.9625,423,133.34,126.1599,75.0981,126
640,276.5159,34841,138.925,445,133.12,126.2312,75.0246,126
641,274.2031,35098,137.775,404,133.31,126.5229,74.9848,128
642,271.5597,36389,136.5375,411,134.5,126.2754,75.2297,134
643,272.424,34053,138.45,414,133.6,126.1235,75.1726,125
644,276.4724,35112,139.4875,401,134.12,126.2288,75.111,127
645,272.9313,35754,137.0875,418,134.67,126.5721,75.2139,131
646,276.5827,35126,138.8375,433,135.08,126.9545,75.0281,127
647,274.664,34333,137.85,411,133.56,126.2787,75.2875,125
648,278.392,34799,138.8875,406,134.03,126.5366,75.0685,125
649,275.5556,34720,138.45,410,134.4,126.6958,75.1621,126
650,276.624,34578,136.425,442,134.31,126.442,74.9974,125
651,275.032,34379,138.7,425,132.81,126.1644,75.2325,125
652,279.1111,35168,138.8,440,134.31,126.5009,75.1837,126
653,273.9922,35071,137.3625,407,133.08,126.1387,75.3515,128
654,275.3968,34700,137.525,409,132.15,126.6268,75.2048,126
655,274.592,34324,138.525,397,134.64,126.4763,75.2902,125
656,274.744,34343,138.575,411,134.25,125.9922,75.0907,125
657,274.6587,34607,138.3,409,133.05,126.312,75.3949,126
658,275.1364,36318,138.9,454,134.51,126.6516,74.9825,132
659,273.9612,35341,135.65,421,134.62,126.1838,75.165,129
660,275.0079,34926,139.125,398,133.6,126.5203,75.256,127
661,272.016,34002,137.925,419,133.98,126.1166,75.249,125
662,275.127,34666,138.2125,402,134.83,126.5492,74.8183,126
663,275.3178,35516,138.0375,393,134.41,126.6986,75.0687,129
664,272.7109,34907,138.225,413,134.82,126.4968,75.2279,128
665,273.048,34131,137.7125,403,131.98,126.3616,75.1156,125
666,276.5556,34846,138.4125,421,134.07,126.5437,74.9542,126
667,275.2778,34685,136.7,416,134.13,126.4935,75.3644,126
668,273.246,34429,139.075,395,133.68,126.3992,75.1752,126
669,275.312,34414,139.125,433,133.36,125.8504,75.2964,125
670,270.5078,34625,138.175,399,134.52,126.0735,75.0519,128
671,275.4127,34702,138.275,431,133.43,126.2333,75.1837,126
672,274.472,34309,139.7,416,133.89,126.6865,74.8899,125
673,274.186,35370,136.2875,427,134.69,126.7113,75.1516,129
674,277.376,34672,138.85,388,134.53,125.8584,75.1485,125
675,276.96,34620,136.6375,412,132.76,126.1783,75.2981,125
676,272.75,34912,138.625,401,133.31,126.5437,75.0339,128
677,273.1811,34694,136.675,438,133.85,125.9672,74.9989,127
678,273.5984,34747,134.7125,402,132.6,126.3516,75.1727,127
679,277.7857,35001,138.6625,399,134.33,126.5613,75.2846,126
680,274.8571,34632,138.125,401,135.19,126.2746,74.8982,126
681,276.5276,35119,137.8625,416,134.5,126.0372,75.263,127
682,271.8397,35611,137.9125,415,134.15,126.6731,75.0352,131
683,274.4488,34855,137.75,408,134.07,125.7341,75.2511,127
684,275.112,34389,138.275,402,134.29,125.805,75.1751,125
685,277.0079,34903,136.8,400,134.69,126.338,75.0379,126
686,277.5906,35254,138.4,391,131.32,126.1563,75.2556,127
687,276.744,34593,140.225,382,136.49,126.5961,75.0686,125
688,277.6693,35264,138.3,398,134.03,125.7521,75.3667,127
689,273.48,34185,139.15,396,135.58,126.47,75.1709,125
690,274.5276,34865,138.5,400,132.58,126.3978,75.0587,127
691,275.6977,35565,139.925,407,133.33,126.4825,74.7898,129
692,276.272,34534,135.3625,435,133.53,126.0481,75.0189,125
693,279.8651,35263,138.8375,425,134.22,126.6974,75.2003,126
694,276.5,34839,137.9,413,134.71,126.4156,75.2134,126
695,275.4882,34987,138,407,134.59,126.2362,75.357,127
696,276.1587,34796,138.6125,416,133.22,126.224,75.1274,126
697,276.0159,34778,139.675,419,135.13,126.3088,75.0406,126
698,277.344,34668,139.6875,405,133.05,125.7818,75.2413,125
699,277.3465,35223,138.6875,431,133.81,126.5315,75.2295,127
700,275.685,35012,138.7125,416,134.23,126.2667,75.2148,127
701,278.627,35107,138.875,412,135.2,126.0066,75.1729,126
702,275.872,34484,138.9125,407,133.81,125.8946,75.0782,125
703,273.8043,37785,139.575,402,134.54,126.6676,74.9666,138
704,278.472,34809,137.6875,406,134.98,126.241,75.0786,125
705,274.9841,34648,139.0375,398,132.94,126.2785,75.3306,126
706,280.184,35023,137.15,416,132.8,126.6641,74.9431,125
707,276.552,34569,138.25,423,133.99,125.9575,75.2167,125
708,274.8,34350,136.6375,392,134.19,126.2652,75.0108,125
709,278.5635,35099,137.3625,435,134.33,125.8073,75.0934,126
710,277.5669,35251,139.325,403,133.41,126.5136,75.2678,127
711,272.7559,34640,137.875,390,134.67,126.0783,75.0531,127
712,273.4524,34455,139.2375,398,133.07,126.0031,75.0819,126
713,279.536,34942,138.6875,412,133.95,125.7839,74.8786,125
714,277.8095,35004,137.5375,406,135.14,126.2553,75.0246,126
715,278.048,34756,139.4125,436,135.67,126.3265,75.2812,125
716,276.536,34567,141.375,404,134.48,126.2192,75.1463,125
717,273.848,34231,137.3,394,132.8,126.4132,75.2475,125
718,278.126,35322,138.825,410,134.62,126.032,75.2191,127
719,280.0794,35290,139.0875,437,134.21,126.4004,75.2784,126
720,275.888,34486,138.2875,413,132.67,126.1371,75.2138,125
721,279.8889,35266,139.0625,433,133.25,126.1382,75.4691,126
722,274.7557,35993,138.8125,429,133.7,126.6646,75.0817,131
723,278.608,34826,138.8875,443,134.03,125.7102,75.1326,125
724,275.5926,37205,137.9375,437,133.41,126.2675,75.1921,135
725,279.0159,35156,137.525,441,132.94,126.5438,74.9426,126
726,275.1496,34944,137.4375,418,133.15,126.3772,75.2001,127
727,277.8268,35284,137.4375,388,134.86,126.1473,75.1958,127
728,281.4646,35746,138.525,436,133.15,126.4124,75.0055,127
729,280.2302,35309,138.2125,407,131.75,126.1056,75.0637,126
730,279.84,34980,136.825,398,134.65,126.1062,75.0178,125
731,278.0159,35030,140.1625,405,133.33,126.2134,75.1465,126
732,277.4841,34963,139.05,413,134.29,126.3275,74.9085,126
733,280.3937,35610,137.5,431,132.56,126.1574,75.0351,127
734,279.8413,35260,139.475,438,134.81,126.0029,75.1686,126
735,278.7698,35125,137.825,405,135.11,125.9636,74.9948,126
736,274.9185,37114,136.6875,422,134.41,126.4667,75.2923,135
737,276.1181,35067,138.8875,426,133.37,125.9696,74.8668,127
738,278.896,34862,138.1375,438,133.82,126.4068,75.011,125
739,278.252,35338,139.3,434,134.09,126.5028,75.0062,127
740,274.552,34319,137.7375,402,132.74,125.8307,75.1254,125
741,274.832,34354,139.175,426,135.49,126.0149,74.9666,125
742,275.25,35232,137.6125,417,135.18,126.3758,75.1816,128
743,277.7717,35277,137.25,436,133.54,125.8224,75.1143,127
744,274.8162,37375,138.9,425,132.88,126.3534,75.1588,136
745,279.384,34923,139.3125,403,134.06,125.9581,75.1347,125
746,278.9841,35152,139.5625,430,133.97,126.6308,75.099,126
747,281.256,35157,140.975,415,136.12,126.1514,74.9129,125
748,276.2992,35090,137.2,406,133.09,126.3166,75.1847,127
749,280.0079,35281,138.2125,417,132.77,126.2935,75.0205,126
750,280.912,35114,138.625,408,135.53,126.1835,75.1389,125
751,278.1719,35606,138.8375,441,132.59,126.103,75.0534,128
752,280.1429,35298,138.375,428,133.72,125.9473,75.0958,126
753,277.2835,35215,138.0875,433,133.53,125.8838,75.0973,127
754,276.5714,34848,138.675,397,133.94,126.0598,74.996,126
755,279.3385,36314,137.7625,438,135.19,126.1047,75.3701,130
756,279.504,34938,139.4875,419,134.23,126.0928,75.0447,125
757,280.832,35104,138.8875,422,133.6,126.2135,74.8271,125
758,278.5512,35376,137.5,421,133.07,126.1462,75.3107,127
759,279.696,34962,139.6375,420,134.34,126.0636,74.9301,125
760,279.448,34931,136.4625,428,133.8,126.0392,75.0633,125
761,280.4094,35612,138.7125,438,134.28,126.1212,75.0275,127
762,280.2619,35313,138.6,411,134.12,126.1324,75.1779,126
763,280.504,35063,139.325,435,134.1,126.3133,74.9208,125
764,276.1704,37283,137.275,414,134.03,126.6095,75.0939,135
765,279.4724,35493,140.05,468,135.74,126.1182,75.1247,127
766,277.6746,34987,139.0125,423,134.72,126.1315,74.9955,126
767,276.3651,34822,137.7,419,133.19,125.7089,75.3366,126
768,278.784,34848,136.625,439,134.94,125.9481,75.0566,125
769,277.0397,34907,136.125,409,133.09,125.7699,75.0859,126
770,278.592,34824,136.1125,418,134.02,126.2911,75.0548,125
771,278.1705,35884,139.8,439,133.55,126.2288,75.1988,129
772,279.1339,35450,140.3,416,135.09,126.3137,74.9118,127
773,276.688,34586,136.2125,407,135.32,126.2522,75.3357,125
774,281.888,35236,137.8,437,134.73,126.4512,75.1082,125
775,275.9685,35048,137.8875,412,133.8,126.2367,75.0656,127
776,282.381,35580,137.35,437,133.62,125.7979,74.9461,126
777,280.904,35113,138.225,454,133.82,126.2819,75.0206,125
778,281.44,35180,136.6375,402,134.16,126.3956,75.0628,125
779,282.1349,35549,138.15,432,132.99,126.1505,74.8778,126
780,275.8731,36967,137.95,415,133.18,126.5856,74.9418,134
781,277.544,34693,136.1,424,132.14,126.4564,75.0517,125
782,275.8203,35305,138.75,428,134.4,126.2452,74.9526,128
783,278.5039,35370,139.2625,396,134.96,126.0565,75.0017,127
784,280.1746,35302,138,423,134.22,125.848,75.2397,126
785,280.5476,35349,140.15,421,135.11,125.9023,74.9588,126
786,282.944,35368,134.4,421,134.68,126.1937,74.8813,125
787,276.576,34572,136.25,426,134.55,125.8203,75.0028,125
788,277.16,34645,137.025,407,134.53,125.8781,74.8888,125
789,277.1575,35199,135.5,412,134.85,126.1435,75.1018,127
790,278.016,34752,138.2875,410,134.14,126.2017,74.9888,125
791,279.7165,35524,136.8375,428,134,126.136,74.9702,127
792,282.016,35252,138.1375,437,134.14,125.8546,74.9865,125
793,276.8661,35162,136.0625,421,133.01,125.8219,74.843,127
794,277.381,34950,135.6125,386,133.58,125.9847,74.9058,126
795,273.4122,35817,137.2125,393,133.79,125.9306,74.9887,131
796,276.2698,34810,135.2125,412,134.87,126.3077,75.1243,126
797,277.3492,34946,138.9,437,132.25,126.3198,75.069,126
798,281.4048,35457,138.5125,453,135.12,125.5309,75.0134,126
799,281.024,35128,136.7125,433,133.37,125.8449,75.042,125
800,277.672,34709,137.5875,430,133.18,125.9681,75.135,125
801,277.8976,35293,137.675,425,133.83,125.6961,75.1884,127
802,278.3511,36464,138.5375,438,134.45,126.0106,74.8922,131
803,278.4252,35360,137.0625,410,135.08,125.9274,75.0201,127
804,278.7087,35396,137.95,432,134.2,126.0562,75.0687,127
805,280.944,35118,137.6625,426,133.74,126.0072,75.099,125
806,276.7519,36808,138.3375,433,132.79,126.7705,74.9391,133
807,279.3125,35752,136.125,417,134.02,126.2026,75.0435,128
808,276.4844,35390,138.35,386,133.58,125.8893,75.1656,128
809,281.072,35134,138.25,423,132.51,126.281,74.9169,125
810,277.1328,35473,136.975,405,133.47,125.3844,75.1797,128
811,275.0155,35477,138.5375,397,133.34,125.9311,75.0339,129
812,280.1746,35302,136.1375,416,133.04,126.3135,74.8424,126
813,276.944,34618,137.6875,378,134.27,126.0082,75.106,125
814,276.622,35131,139.2125,398,134.78,125.9501,74.9778,127
815,278.672,34834,138.2375,388,135.11,125.9293,74.7862,125
816,278.8346,35412,135.975,420,133.73,125.9216,75.0267,127
817,276.9297,35447,137.3875,403,133.11,125.7697,75.1105,128
818,278.4,34800,138.275,389,133.65,125.5207,75.2312,125
819,281.9127,35521,137.6625,405,134.74,125.7521,75.0837,126
820,276.2835,35088,137.2125,389,134.07,125.6422,75.0498,127
821,279.6929,35521,137.5,398,134.25,125.7048,74.7774,127
822,281.28,35160,136.425,421,135.22,125.8347,75.1144,125
823,277.4841,34963,140.125,427,134.73,125.7627,74.7736,126
824,278.608,34826,136.4375,398,134.33,126.215,74.7535,125
825,278.6905,35115,136.725,439,134.53,125.8442,74.9798,126
826,277.0305,36291,136.5875,405,134.64,126.0849,74.7762,131
827,277.2615,36044,138.1875,389,134.2,125.8422,75.065,130
828,278.7231,36234,138.9,422,132.93,125.9448,75.1444,130
829,280.246,35311,138.2875,433,133.54,125.8576,74.9239,126
830,278.373,35075,135.95,392,132.47,125.6336,75.2203,126
831,276.6165,36790,138.425,407,135.18,126.0518,74.9159,133
832,276.127,34792,137.4125,411,135.03,125.4268,75.163,126
833,278.627,35107,138.8375,414,133.4,125.9398,75.1752,126
834,277.488,34686,138.4125,432,133.55,125.272,75.1168,125
835,277.0476,34908,137.075,418,134.37,125.7152,75.1367,126
836,279.1575,35453,138.625,391,133.65,125.6318,75.232,127
837,278.8333,35133,138.775,413,133.79,125.7274,74.999,126
838,279.4206,35207,135.45,439,132.3,125.8541,75.0783,126
839,278.4,34800,137.3625,392,134.35,125.8031,75.0456,125
840,276.8661,35162,136.5625,398,132.66,125.3621,75.016,127
841,281.44,35180,139.0375,428,134.26,125.3317,74.9947,125
842,278.8413,35134,137.2625,404,134.52,125.3164,75.1533,126
843,282.184,35273,137.6,432,133.89,125.2942,74.8869,125
844,282.7638,35911,137.0375,394,134.48,125.5123,74.8436,127
845,279.5714,35226,135.95,404,133.82,125.3724,74.7513,126
846,277.8769,36124,136.075,433,133.64,125.6939,74.9577,130
847,276.8372,35712,137.05,421,133.33,125.3718,74.901,129
848,275.3008,36615,137.6625,446,133.48,125.5161,74.8192,133
849,274.0382,35899,136.0875,416,134.14,125.3445,74.6746,131
850,276.432,34554,134.5,397,132.13,124.9763,75.0539,125
851,275.3359,35243,137.0875,387,133.52,125.1335,74.8809,128
852,279.1654,35454,137.7375,402,135.44,125.1174,75.0159,127
853,275.246,34681,137.5125,411,132.94,124.9096,75.1688,126
854,275.376,34422,138.3375,412,133.94,124.9526,75.0345,125
855,276.6899,35693,140.0375,414,134.19,125.3063,75.0164,129
856,277.7619,34998,140.2375,416,135.19,124.7789,75.152,126
857,276.408,34551,136.0625,413,133.85,124.6267,75.0739,125
858,274.136,34267,136.325,416,132.62,124.8668,75.173,125
859,278.688,34836,139.4625,411,134.16,124.62,74.8786,125
860,275.2063,34676,138.0375,426,133.9,124.833,74.9392,126
861,274.2,35646,136.1375,425,134.31,124.456,75.2772,130
862,274.3543,34843,138.4875,391,134.26,124.692,75.222,127
863,275.568,34446,137.9625,391,133.44,124.8732,74.9971,125
864,274.272,34284,135.3625,416,133.01,124.5156,75.0071,125
865,276.4264,35659,137.5125,398,134.91,124.7745,75.1617,129
866,274.6614,34882,134.95,414,132.76,124.4346,74.9395,127
867,270.488,33811,136.7125,398,135.38,124.3364,75.0185,125
868,274.9764,34922,138.5625,407,132.97,124.8764,74.9448,127
869,276.544,34568,137.775,408,135.06,124.445,75.0062,125
870,276.252,35084,137.7125,383,134.39,124.4029,75.0061,127
871,273.632,34204,138.6375,410,134.28,124.4468,75.1513,125
872,274.3984,35123,138.2125,407,132.96,124.7476,74.919,128
873,275.688,34461,136.125,406,132.85,124.356,75.0607,125
874,274.24,34280,138.8875,391,133.47,124.3196,74.9406,125
875,271.0315,34421,134.0125,386,133.56,124.2414,74.9411,127
876,273.4609,35003,134.8,405,132.86,124.8339,75.0804,128
877,273.2344,34974,136.45,416,133.16,124.8153,74.9832,128
878,272.16,34020,135.7125,396,132.93,124.0412,74.9046,125
879,270.84,33855,135.475,402,133.54,124.6148,74.8154,125
880,274.176,34272,134.6125,390,134.54,124.4765,75.0078,125
881,270.5954,35448,138.4125,384,133.64,124.6932,74.9252,131
882,274.2937,34561,137.025,399,132.57,124.1373,75.0068,126
883,274.1024,34811,137.6875,399,133.23,124.4196,74.8873,127
884,274,34798,136.4125,397,134.36,124.341,75.0057,127
885,272.6587,34355,137.2,424,133.63,124.3133,75.0658,126
886,269.4884,34764,139.6,385,134.92,124.2487,74.9944,129
887,272.32,34040,137.1625,404,135.42,124.238,74.9708,125
888,276.5952,34851,137.6125,423,133.12,124.5343,75.1117,126
889,271.5504,35030,136.7375,399,133.6,124.3594,74.8338,129
890,270.5312,34628,135,409,132.95,123.8448,74.8774,128
891,270.944,33868,137.3875,421,134.11,123.7585,75.0981,125
892,269.4318,35565,137.225,400,135.04,123.9328,74.9197,132
893,269.5846,35046,136.55,414,134.64,123.5975,75.0944,130
894,271.685,34504,139.6,400,134.7,124.2362,74.794,127
895,271.2222,34174,136.9125,400,133.24,123.4454,74.9646,126
896,274.2063,34550,135,381,132.25,123.6078,74.9917,126
897,272.752,34094,134.875,408,133.62,123.1069,74.9615,125
898,271.4683,34205,136.8375,397,134.43,122.6519,75.3204,126
899,268.8492,33875,138.4375,376,134.53,122.4327,74.7615,126
900,272.5906,34619,135.5125,378,135.79,122.0752,75.051,127
901,274.7222,34615,137.925,404,134.51,121.4914,75.2152,126
902,272.12,34015,136.6625,383,133.73,121.8885,75.0552,125
903,268.5873,33842,137.5875,426,134.41,121.7366,74.979,126
904,271.0157,34419,133.6375,377,133.85,121.4104,74.8946,127
905,270.248,33781,135.2625,386,134.11,120.8314,75.1149,125
906,270.7266,34653,136.8,400,133.08,121.129,75.1291,128
907,269.3307,34205,136.5875,377,134.52,121.1323,75.0614,127
908,272.1641,34837,138.7875,396,134.39,120.9638,75.1137,128
909,271.8984,34803,136.1625,385,133.34,121.0518,74.875,128
910,272.648,34081,137.7,407,136.42,120.5231,74.9508,125
911,272.627,34351,135.9,393,135.14,120.9035,74.8743,126
912,270.5433,34359,135.975,403,136.63,121.208,75.0303,127
913,271.1825,34169,138.1375,407,136.68,121.3594,74.9273,126
914,271.824,33978,134.3625,378,134.38,120.9528,75.3273,125
915,276.6905,34863,137.675,385,135.57,120.9609,75.0576,126
916,275.808,34476,135.8875,394,133.71,121.0186,74.9492,125
917,275.2778,34685,133.175,432,134.53,121.2106,74.8881,126
918,271.496,33937,135.2375,395,135.27,120.795,75.0046,125
919,272.288,34036,138.0875,420,134.99,121.1664,74.8837,125
920,273.512,34189,135,393,133.66,120.8377,75.0024,125
921,271.9206,34262,136.375,393,134.07,121.151,74.884,126
922,277.208,34651,137.1625,384,135.35,120.7793,74.9681,125
923,275.12,34390,135.2,375,134.74,120.7429,74.8945,125
924,272.304,34038,134.975,405,134.16,121.1527,74.7953,125
925,273.5159,34463,135.6375,415,134.99,121.1452,75.1491,126
926,274.2205,34826,136.525,384,134.21,120.9817,74.9792,127
927,272.4662,36238,134.8125,393,134.31,121.0788,74.949,133
928,275.928,34491,134.7125,400,135.36,120.9166,74.923,125
929,271.744,33968,134.3,384,135.21,120.9054,74.9827,125
930,273.6825,34484,133.375,380,133.55,120.7489,75.0769,126
931,267.608,33451,135.4875,405,133.66,121.0928,74.7953,125
932,272.6508,34354,134.2625,408,134.95,121.086,74.9624,126
933,274.3538,35666,133.6375,380,132.85,120.6086,74.9648,130
934,270.811,34393,135.275,406,133.95,120.2853,75.0298,127
935,277.2,34650,136.325,368,134.42,120.2629,75.0413,125
936,274,34524,137.2125,397,134.75,120.3014,74.8092,126
937,274.136,34267,136.075,383,136.7,119.5062,75.1137,125
938,274.2362,34828,137.575,399,136.37,119.8021,74.9626,127
939,275.0781,35210,134.275,441,134.49,119.4112,75.0166,128
940,277.3968,34952,137.3125,404,135.38,119.3141,75.1495,126
941,276.5476,34845,134.2625,396,132.56,118.6689,75.0018,126
942,277.7381,34995,136.45,374,134.62,118.9259,74.7773,126
943,276.7969,35430,136.0875,397,136,118.8637,75.0895,128
944,279.7008,35522,135.3375,427,133.87,118.6622,74.824,127
945,275.8661,35035,134.675,389,134.71,118.8336,74.7167,127
946,284.44,35555,135.3125,410,135.16,118.207,74.8814,125
947,285.2143,35937,135.2125,383,135.7,118.6308,75.1086,126
948,284.4048,35835,136.7125,416,135.01,118.5737,74.7443,126
949,281.6378,35768,136.2375,413,136.49,118.5421,74.8316,127
950,284.1641,36373,134.1375,390,134.69,118.7351,74.4922,128
951,283.9213,36058,133.4875,413,134.29,118.9652,74.5026,127
952,284.568,35571,135.6125,403,135.85,118.4276,74.8114,125
953,282.8346,35920,135,394,134.91,118.6224,74.8745,127
954,283.216,35402,134.9625,390,135.7,118.3699,74.8119,125
955,280.4921,35342,134.025,370,134.46,118.7155,74.4897,126
956,282.096,35262,135.5875,395,135.63,117.7968,74.8899,125
957,282.4141,36149,133.975,424,134.32,118.5201,74.6946,128
958,277.4062,35508,135.75,385,136.24,118.0358,74.6961,128
959,279.256,34907,134.2375,380,134.05,117.9768,74.6112,125
960,280.6614,35644,135.525,387,135.44,118.3486,74.7183,127
961,276.128,34516,132.95,378,133.3,117.5314,74.8449,125
962,276.0385,35885,134.2125,419,134.68,118.1405,74.7884,130
963,276.3798,35653,134.7875,424,135.35,118.4403,74.8524,129
964,276.1508,34795,136.35,375,136.44,118.0282,74.6337,126
965,272.3407,36766,134,367,134.43,118.5858,74.8475,135
966,273.5659,35290,135.375,395,135.42,118.1034,74.9201,129
967,279.832,34979,134.5625,452,135.53,117.943,74.7553,125
968,274.824,34353,135.1875,432,135.98,118.2026,74.854,125
969,276.432,34554,133.85,404,134.1,118.5143,74.7352,125
970,276.264,34533,134.45,382,134.92,117.6123,74.6066,125
971,280.896,35112,133.0625,415,134.62,117.7984,74.8873,125
972,273.6984,34486,135.4625,384,135.33,118.3553,74.5619,126
973,272.5906,34619,133.7875,369,133.18,118.075,74.7904,127
974,273.7786,35865,133.4375,387,134.37,118.2919,74.51,131
975,276.0635,34784,135.05,400,135.43,117.4863,74.59,126
976,272.8992,35204,135.2375,382,135.07,118.2947,74.5637,129
977,274.808,34351,134.4875,389,135.24,117.9766,74.4257,125
978,277.4252,35233,135.55,424,135.99,117.5312,74.8829,127
979,276.4841,34837,134.7125,384,135.63,118.4362,74.6661,126
980,277.4252,35233,136.3375,419,136.04,118.0994,74.5663,127
981,276.472,34559,134.925,404,135.34,118.1976,74.6389,125
982,273.6905,34485,135.35,377,135.41,118.4521,74.347,126
983,273.888,34236,134.2125,391,134.39,117.9417,74.5019,125
984,274.3492,34568,135.4125,383,135.17,117.5384,74.5394,126
985,275.0229,36028,134.7625,402,135.45,118.095,74.6455,131
986,275.1032,34663,135.2,368,135.24,117.9968,74.499,126
987,272.2656,34850,134.8,389,135.42,118.2778,74.7243,128
988,277,34902,134.7875,386,134.88,118.0856,74.638,126
989,275.2677,34959,135.45,397,135.43,118.6538,74.4211,127
990,270.7538,35198,135.975,386,136.37,118.1066,74.52,130
991,272.8346,34650,134.9875,355,134.86,118.2446,74.4671,127
992,272.304,34038,134.75,390,135.46,117.8836,74.6078,125
993,272.168,34021,133.7,398,135.17,118.1919,74.5402,125
994,269.3182,35550,135.675,375,136.04,118.3318,74.6635,132
995,271.328,33916,133.8,360,134.08,117.6544,74.6924,125
996,269.8672,34543,134.4,360,135.71,118.4422,74.6277,128
997,270.125,34576,135.05,351,135.52,118.2333,74.7468,128
998,270.504,33813,135.5,368,135.97,118.2279,74.6741,125
999,268.875,34416,135.825,369,135.46,118.0735,74.8708,128
1000,273.1746,34420,137.5375,415,137.16,117.6829,74.6975,126
1001,270.7481,35468,134.6625,380,135.8,118.4512,74.5345,131
1002,271.392,33924,136.3375,381,136.76,118.0694,74.6352,125
1003,275.472,34434,135.7,395,135.34,118.4814,74.5037,125
1004,272.6984,34360,135.4375,416,135.4,118.5719,74.4254,126
1005,274.4524,34581,134.4,382,134.56,118.3378,74.7409,126
1006,276.0866,35063,134.7375,383,135.06,118.5814,74.4104,127
1007,281.048,35131,134.5875,388,134.76,118.4879,74.2938,125
1008,279.9457,36113,135.2375,398,135.74,118.7716,74.4953,129
1009,280.04,35005,135.6125,388,136.09,118.9667,74.4322,125
1010,280.344,35043,134.375,394,134.28,118.8445,74.4434,125
1011,282.0312,36100,135.5625,374,135.94,118.7622,74.5556,128
1012,279.5076,36895,135.3375,381,135.93,118.529,74.4561,132
1013,276.8308,35988,135.4875,392,135.51,119.1671,74.4186,130
1014,277.6746,34987,134.975,398,135.32,118.7293,74.6329,126
1015,280.4603,35338,133.625,409,134.25,118.685,74.8452,126
1016,284.088,35511,134.875,408,134.49,118.5498,74.658,125
1017,278.816,34852,135.225,398,134.69,118.9626,74.2973,125
1018,277.6538,36095,135.2625,401,135.13,118.3569,74.7954,130
1019,277.9609,35579,135.7875,371,135.84,118.7689,74.2468,128
1020,281.208,35151,137.1125,390,136.45,118.2689,74.7805,125
1021,282.4462,36718,135.7125,388,135.97,119.298,74.4002,130
1022,290.5194,37477,135.75,405,135.07,119.6432,74.2603,129
1023,292.7222,36883,137.3875,396,136.15,118.9938,74.6079,126
1024,294.424,36803,135.4,422,135.94,118.7612,74.5609,125
1025,297.016,37127,135.6125,395,135.64,119.2835,74.5246,125
1026,298.048,37256,134.475,446,133.76,119.0048,74.4927,125
1027,300.6641,39387,135,416,134.58,120.0357,74.2375,131
1028,302.032,37754,135.9,436,136.77,119.6106,74.4055,125
1029,298.8672,38255,135.3375,405,136.15,119.6327,74.6183,128
1030,299.9524,37794,136.8375,419,136.09,119.8278,74.2886,126
1031,295.8779,38760,134.65,432,134.66,119.823,74.3269,131
1032,296.504,37063,135.8375,395,134.99,119.3984,74.132,125
1033,289.5276,36770,134.55,399,134.53,119.4855,74.5007,127
1034,294.5859,37707,135.825,398,135.21,119.6434,74.5247,128
1035,289.9219,37110,133.975,381,134.39,119.2099,74.5589,128
1036,286.7698,36133,135.5,391,134.73,119.7989,74.2967,126
1037,285.4016,36246,136.1625,416,137.03,118.884,74.7161,127
1038,283.176,35397,136.0625,394,136.4,119.2828,74.4903,125
1039,282.7422,36191,135.4625,380,135.16,119.2357,74.4259,128
1040,280.063,35568,135.0875,383,135.36,118.5193,74.7826,127
1041,285.6772,36281,134.5375,402,135.5,119.0466,74.4736,127
1042,287.9302,37143,134.0125,410,134.16,119.7129,74.5118,129
1043,291.378,37005,134.45,403,134.79,118.9913,74.4227,127
1044,290.6614,36914,135.2875,383,135.64,119.7373,74.46,127
1045,295.76,36970,135.475,400,136.23,119.2893,74.3454,125
1046,296.0159,37298,135.25,405,134.27,119.2329,74.6147,126
1047,296.2302,37325,135.225,407,134.75,119.7066,74.3307,126
1048,296.9365,37414,137.3,430,136.02,119.5996,74.5361,126
1049,289.3478,39930,135.525,402,135.01,119.8954,74.3884,138
1050,297.432,37179,137.05,420,136.21,119.4244,74.5157,125
1051,293.3594,37550,135.975,432,135.75,119.1268,74.1626,128
1052,294.062,37934,134.425,412,134.4,119.5192,74.4775,129
1053,294.24,36780,136.125,405,135.43,119.8976,74.4251,125
1054,291.0233,37542,136.5875,397,136.19,119.3907,74.4675,129
1055,289.1953,37017,136.1875,401,136,119.4876,74.4248,128
1056,292.5197,37150,134.3625,416,134.65,119.6704,74.249,127
1057,290.1484,37139,136.6625,388,136.34,119.6009,74.5349,128
1058,290.152,36269,135.825,400,135.27,119.5716,74.3708,125
1059,287.3906,36786,136.45,393,136.53,119.3669,74.6386,128
1060,288.7109,36955,134.275,412,134.68,119.9367,74.3822,128
1061,290.1484,37139,134.3,430,134.15,119.5263,74.439,128
1062,288.664,36083,134.225,403,134.79,119.8767,74.9187,125
1063,284.4538,36979,135.4625,395,135.66,119.7713,74.5962,130
1064,285.0458,37341,134.125,396,134.11,120.2948,74.7992,131
1065,286.6772,36408,133.975,387,134.29,120.2365,74.5603,127
1066,291.456,36432,135.425,403,134.69,120.5175,74.4683,125
1067,288.9055,36691,135.3625,393,135.62,120.7406,74.594,127
1068,288.5969,37229,137.3,416,136.26,121.7585,74.2504,129
1069,285.2381,35940,137.6,428,135.39,121.8721,74.8198,126
1070,287.44,35930,136.2625,400,135.04,122.5146,74.4122,125
1071,287.0556,36169,135.7125,409,134.6,122.3321,74.4063,126
1072,285.5476,35979,137.8625,404,135.36,123.1161,74.6637,126
1073,282.52,35315,135.525,379,133.65,123.5588,74.475,125
1074,281.344,35168,136.7875,396,134.69,123.0377,74.608,125
1075,282.2063,35558,136.9625,388,134.13,123.2814,74.4321,126
1076,281.976,35247,136.75,369,134.17,123.2047,74.9166,125
1077,281.648,35206,134.0875,407,133.73,123.7438,74.6515,125
1078,280.6279,36201,135.3625,400,133.74,123.6712,74.6682,129
1079,280.16,35020,137.3625,393,136.72,124.271,74.4098,125
1080,280.0391,35845,135.325,399,133.61,123.9798,74.835,128
1081,279.6905,35241,135.8,393,134.99,124.4604,74.4296,126
1082,281.6562,36052,138.1875,393,135.82,124.2973,74.545,128
1083,276.7891,35429,136.9125,396,135.11,124.4982,74.6162,128
1084,277.9231,36130,136.2875,416,133.83,124.0737,74.6089,130
1085,279.848,34981,136.775,402,134.68,124.1344,74.764,125
1086,275.9762,34773,138.45,361,134.23,124.3482,74.6372,126
1087,278.368,34796,137.4,390,133.65,124.1836,74.584,125
1088,276.4646,35111,138.6875,387,136.05,124.3206,74.6924,127
1089,281.304,35163,139.1625,410,134.01,124.0236,74.7665,125
1090,276.3386,35095,136.5,380,135.33,124.3644,74.9602,127
1091,275.48,34435,137.1,370,133.56,124.3644,74.5706,125
1092,278.504,34813,137.2625,367,133.01,124.3172,74.4699,125
1093,274.7857,34623,136.0875,402,133.01,123.7032,75.0921,126
1094,278.8016,35129,137.625,382,134.64,124.9244,74.7957,126
1095,281.1111,35420,137.1375,405,134.64,124.7254,74.8643,126
1096,280.968,35121,136.825,393,133.52,124.6661,74.6025,125
1097,278.32,34790,137.175,393,134.06,124.9593,74.5554,125
1098,275.6349,34730,138.4,381,135.48,125.19,74.8399,126
1099,274.3672,35119,135.8125,406,135.02,125.037,74.7533,128
1100,277.8189,35283,138.8,388,133.77,124.8948,74.9526,127
1101,278.6,34825,136.2625,380,133.33,124.9898,74.8578,125
1102,277.528,34691,135.3875,376,133.77,124.9052,74.7076,125
1103,276.3594,35374,135.375,380,134.48,125.3694,74.8987,128
1104,274.616,34327,136.325,450,135.23,125.0057,74.838,125
1105,275.4206,34703,138.7125,390,134.81,125.0169,74.8186,126
1106,276.124,35620,138.775,396,136.08,124.762,74.5767,129
1107,275.88,34485,138.75,372,133.68,124.9747,74.7468,125
1108,277.4882,35241,136.3375,383,133.85,125.1553,74.828,127
1109,271.104,33888,137.8375,370,133.81,124.5965,74.7959,125
1110,273.5433,34740,137.2125,376,134.78,125.1769,74.5282,127
1111,272.1969,34569,137.125,383,134.24,125.1918,74.7785,127
1112,273.9449,34791,135.5875,385,134.16,125.0421,75.1085,127
1113,272.888,34111,137.6875,381,134.87,125.021,74.9403,125
1114,274.3571,34569,136.2,417,134.67,124.9624,74.7621,126
1115,275.632,34454,136.7125,376,134.53,124.7189,74.8892,125
1116,274.8333,34629,137.2625,411,135.09,125.2296,74.9489,126
1117,272.272,34034,136.7375,381,134.35,124.7658,75.0709,125
1118,274,35072,139.875,391,135.35,125.5229,74.8461,128
1119,270.8947,36029,137.6,393,134.33,125.6519,75.0218,133
1120,274.904,34363,137.475,399,133.68,124.9754,74.7045,125
1121,271.4923,35294,135.725,371,135.16,125.6071,74.9378,130
1122,272.9127,34387,136.2625,392,135.1,125.0074,75.2635,126
1123,270.3101,34870,138.8125,384,132.69,124.8714,74.8252,129
1124,273.64,34205,134.4125,382,133.46,125.2022,74.683,125
1125,269.9242,35630,137.775,381,134.05,125.6247,75.0977,132
1126,272.4524,34329,137.7625,382,133.09,125.2125,74.8079,126
1127,274.256,34282,136.8625,384,134.24,124.7656,75.0237,125
1128,273.952,34244,138.9625,393,135.14,125.195,74.8925,125
1129,274.096,34262,137.425,421,133.42,125.2007,74.8656,125
1130,276.256,34532,136.375,388,134.61,125.2822,74.8969,125
1131,273.5984,34747,136.7125,384,133.25,124.8689,74.8839,127
1132,274.5781,35146,136.375,403,134.78,125.8368,74.9794,128
1133,277.384,34673,138.1625,391,133.89,125.2222,74.7549,125
1134,274.4603,34582,136.375,381,135.22,125.4133,74.8668,126
1135,272.6953,34905,136.5,394,134.65,124.8535,75.1137,128
1136,276.272,34534,137.4125,396,134.26,125.4625,74.8283,125
1137,273.336,34167,136.3875,366,134.55,125.3091,74.8877,125
1138,271.7099,35594,136.7625,360,134.38,125.7927,74.9448,131
1139,273.4531,35002,137.425,378,135.32,125.2398,74.802,128
1140,275.0238,34653,136.3,402,133.32,125.4745,75.1749,126
1141,276.5476,34845,139.75,385,135.48,125.2108,74.9402,126
1142,275.246,34681,136.325,374,133.19,125.231,74.9927,126
1143,274.5859,35147,137.7875,386,135.31,124.8972,74.9907,128
1144,276.312,34539,138.025,392,134.16,125.1501,74.8038,125
1145,272.7188,34908,137.1,396,133.93,125.0311,74.9101,128
1146,277.0714,34911,137.4875,385,133.47,125.3604,74.7786,126
1147,276.1484,35347,136.225,391,136.43,124.9907,75.2008,128
1148,275.6406,35282,137.7375,378,134.39,125.0848,74.9248,128
1149,275.2381,34680,136.725,390,133.05,125.2176,74.9494,126
1150,276.064,34508,138.1,383,136.31,125.334,74.9514,125
1151,277.6508,34984,136.35,404,134.65,125.5697,74.6519,126
1152,278.7656,35682,136.575,396,133.54,125.4458,74.9054,128
1153,279,35712,136.875,420,133.51,125.7315,74.9738,128
1154,282.2137,36970,137.5,392,133.66,126.0318,74.7801,131
1155,275.8321,37789,136.9125,401,133.6,125.9496,75.0479,137
1156,281.272,35159,139.1875,406,135.09,125.7372,74.8875,125
1157,277.5984,35255,137,383,134.31,125.5551,75.1198,127
1158,281.976,35247,139.725,373,134.96,125.9553,74.8509,125
1159,279.5234,35779,138.0625,414,134.96,125.7757,74.9654,128
1160,275.2256,36605,137.7,407,133.2,125.5672,75.0766,133
1161,279.5476,35223,139.525,395,136.47,125.8132,74.984,126
1162,281.8016,35507,136.5625,418,132.44,126.0971,74.903,126
1163,279.4921,35216,136.6625,401,133.94,125.6365,74.9513,126
1164,278.5827,35380,136.3125,395,135.35,126.0288,74.7804,127
1165,278.736,34842,138.9875,376,134.29,125.4788,75.1412,125
1166,280.1575,35580,139.6375,398,136.1,125.6128,74.9091,127
1167,280.088,35011,138.8125,379,137.02,125.575,75.2561,125
1168,278.969,35987,138.0625,383,133.71,125.9067,75.087,129
1169,280.1032,35293,139.2,413,133.81,125.8009,74.9589,126
1170,280.2266,35869,136.5625,412,134.82,126.1113,74.9584,128
1171,281.9457,36371,137.8625,385,134.6,126.0694,74.7234,129
1172,284.264,35533,138.075,389,133.99,125.6702,75.0448,125
1173,285.6032,35986,141.9375,416,136.25,126.1448,74.6714,126
1174,285.208,35651,138.275,409,132.58,125.3799,74.7708,125
1175,285.384,35673,138.2625,398,136.22,126.3592,74.8736,125
1176,284.9606,36190,136.6875,399,134.11,125.9408,75.026,127
1177,283.381,35706,139.275,412,135.16,126.3883,75.0062,126
1178,283.6457,36023,140.15,399,134.16,126.2499,74.9252,127
1179,283.448,35431,137.8125,411,134.99,126.1668,74.9151,125
1180,279.8254,35258,137.175,380,133.78,125.6897,74.9988,126
1181,282.6693,35899,136.275,440,132.95,126.464,74.8213,127
1182,283.2441,35972,138.0875,402,134.76,125.5146,75.1199,127
1183,281.8413,35512,138.875,431,134.67,125.0188,75.0039,126
1184,280.5615,36473,138.9875,388,134.71,124.4038,75.0007,130
1185,286.3492,36080,139.8125,396,133.92,123.9436,75.2064,126
1186,282.696,35337,136.825,405,133.68,123.3418,74.8785,125
1187,282.5556,35602,136.025,375,133.73,123.3314,75.1279,126
1188,279.4341,36047,140.05,383,136.01,123.0677,75.3067,129
1189,277.5354,35247,139.775,400,135.75,121.7963,75.0859,127
1190,279.128,34891,138.1125,379,133.51,122.431,75.064,125
1191,279.112,34889,137.0375,386,134.4,121.6282,75.0761,125
1192,276.7109,35419,136.7375,387,134.17,121.7505,75.0226,128
1193,277.6746,34987,139.75,399,136.63,121.4137,75.3056,126
1194,275.264,34408,138.5375,374,134.99,121.6157,75.2887,125
1195,273.5489,36382,137.225,374,134.49,121.4869,75.3613,133
1196,272.6032,34348,138.5375,384,135.52,121.1335,75.196,126
1197,274.1102,34812,137.9,371,134.92,121.2225,75.4665,127
1198,272.6111,34349,137.85,372,134.91,121.2541,74.9878,126
1199,273.288,34161,136.6875,371,135.56,121.1769,75.1933,125
1200,273.0873,34409,138.5375,401,135.21,121.1787,75.2025,126
1201,274.873,34634,138.7,403,135.75,121.0734,75.0964,126
1202,272.1969,34569,137.6625,397,136.55,120.6222,75.1643,127
1203,270.1102,34304,136.8875,397,134.85,120.9619,75.0017,127
1204,270.728,33841,137.7875,387,135.32,120.9475,75.3452,125
1205,273.0787,34681,136.925,395,136.12,121.0073,75.0884,127
1206,270.384,33798,136.175,381,134.44,121.1735,75.2079,125
1207,268.3308,34883,137.725,375,135.27,121.0217,75.3349,130
1208,272.504,34063,137.4375,378,133.98,121.0322,75.4194,125
1209,269.4961,34226,136.45,355,134.43,120.7968,75.0292,127
1210,267.6719,34262,136.0375,379,135,120.4236,75.1958,128
1211,268.1953,34329,136.5875,389,134.6,121.071,75.0855,128
1212,268.5391,34373,138.5625,373,135.22,120.4441,74.9693,128
1213,269.2441,34194,134.525,375,134.02,121.2585,75.3097,127
1214,267.9219,34294,137.8125,364,135.27,121.0441,74.9235,128
1215,271.68,33960,136.55,420,135,120.7134,75.2097,125
1216,268.9528,34157,138.3375,375,135.93,120.8954,75.3276,127
1217,271.5197,34483,138.4,385,136.43,120.8778,75.2388,127
1218,271.936,33992,137.35,378,135.36,120.3383,75.3724,125
1219,269.2619,33927,136.3375,390,135.38,120.8638,75.3265,126
1220,266.952,33369,138.275,357,136.41,120.3166,75.3749,125
1221,272.4844,34878,137.1375,373,134.79,121.618,74.953,128
1222,268.8984,34419,135.7125,381,133.99,120.6628,75.3534,128
1223,268.6349,33848,138.4625,380,135.72,120.964,75.1282,126
1224,269.0551,34170,137.575,364,134.6,121.1058,75.2375,127
1225,265.1397,36059,137.425,392,134.91,121.2995,75.4205,136
1226,269.312,33664,139.525,374,135.58,120.7609,75.2517,125
1227,266.3333,33558,138.8125,393,136.19,121.3486,74.971,126
1228,268.304,33538,135.5375,365,134.66,120.6842,75.3593,125
1229,269.712,33714,138.1,365,135.03,121.2063,74.9851,125
1230,268.3435,35153,137.5625,380,136.18,121.0356,75.1545,131
1231,271.9922,35087,140.8,374,137.21,121.0606,75.3343,129
1232,266.7874,33882,137.4375,379,134.07,121.1251,75.0835,127
1233,269.8047,34535,137.65,361,134.49,120.8797,75.169,128
1234,264.1102,33542,138.775,367,135.24,121.169,75.14,127
1235,268.622,34115,137.4375,377,133.63,120.7094,75.1904,127
1236,269.9685,34286,136.5375,395,134.06,121.2247,75.2014,127
1237,268.44,33555,136.725,367,133.42,120.7232,75.2534,125
1238,269.456,33682,136.925,364,134.47,121.0809,75.0852,125
1239,268.5159,33833,137.975,356,134.1,121.0975,75.1963,126
1240,268.192,33524,137.1875,373,134.47,121.1775,75.1395,125
1241,266.832,33354,138.9125,366,135.27,120.7589,75.0945,125
1242,265.528,33191,136.2375,375,134.52,120.7625,75.0473,125
1243,267.0079,33643,138.6875,359,135.44,120.8768,75.3943,126
1244,268.0859,34315,137.4125,370,134.92,121.0691,75.1911,128
1245,267.32,33415,137.0625,364,133.82,121.0312,74.8597,125
1246,268.264,33533,136.325,393,134.11,120.9901,75.0011,125
1247,264.1085,34070,137.4375,371,136.28,121.525,75.0474,129
1248,265.912,33239,137.875,346,134.85,121.0608,75.3519,125
1249,269.328,33666,137.6125,385,135.62,121.2799,75.1054,125
1250,268.2619,33801,136.0625,374,133.34,121.0472,75.3643,126
1251,265.52,33190,135.725,373,133.82,121.1765,75.2108,125
1252,264.912,33114,136.375,375,134.09,120.8916,75.249,125
1253,267.7188,34268,135.6125,373,134,120.725,75.2646,128
1254,268.536,33567,137.475,373,134.34,120.8218,75.0699,125
1255,266.6693,33867,136.2375,382,134.67,121.2452,75.0888,127
1256,264.896,33112,137.1,342,134.62,121.1161,75.3334,125
1257,264.0078,33793,137.5875,366,135.82,120.9259,75.2229,128
1258,265.4762,33450,137.9,382,135.14,121.1707,75.1843,126
1259,263.9457,34049,135.75,361,134.39,120.6982,75.2058,129
1260,265.937,33774,135.0375,376,132.76,121.1015,75.1663,127
1261,267.088,33386,137.8375,364,135.53,121.3915,75.2789,125
1262,264.36,33045,137.8625,366,133.31,120.977,75.4717,125
1263,265.0859,33931,135.7625,362,134.57,121.2383,75.1844,128
1264,263.9921,33527,137.0875,340,134.85,121.3942,75.0358,127
1265,262.8254,33116,137.55,352,134.75,121.0155,75.2556,126
1266,263.746,33232,137.525,357,135.26,121.0966,75.1568,126
1267,264.3672,33839,138.5375,348,135.34,121.2029,75.1669,128
1268,268.16,33520,137.1875,345,134.64,121.6951,75.2069,125
1269,263.0078,33928,137.2125,353,136.29,121.5568,75.0628,129
1270,266.9449,33902,137.45,352,135.71,121.1923,75.2869,127
1271,265.872,33234,138,355,134.5,121.4115,74.9579,125
1272,269,33894,137.4375,369,134.94,121.438,75.076,126
1273,267.768,33471,138.55,372,134.61,121.5766,74.9543,125
1274,266.8846,34695,134.5125,365,134.77,121.6439,75.4303,130
1275,264.3858,33577,138.4875,356,135.66,121.4851,75.0294,127
1276,262.7424,34682,138.375,354,134.63,121.8969,75.1735,132
1277,262.9297,33655,138.7875,349,136.82,122.3009,75.2802,128
1278,266.7937,33616,138.4125,385,137.26,121.3301,75.2931,126
1279,264.32,33040,137.775,357,135.78,121.656,75.1521,125
1280,265.76,33220,137.3,374,135.69,121.7244,75.0734,125
1281,265.024,33128,135.95,349,134.53,121.572,75.3143,125
1282,261.5,34518,136.85,374,134.69,121.7215,75.2404,132
1283,266.8254,33620,137.775,369,134.39,121.5155,75.3772,126
1284,265.6587,33473,137.7125,368,135.84,121.6606,75.1843,126
1285,264.4921,33326,137.6125,348,134.45,121.8174,75.1073,126
1286,264.9134,33644,136.7,356,135.13,121.7641,75.1789,127
1287,263.6825,33224,138.575,355,136.1,122.0482,75.1072,126
1288,266.1429,33534,138.5125,396,134.52,121.5622,75.2894,126
1289,264.3047,33831,137.7,383,134.66,121.9409,75.1543,128
1290,264.8,33100,138.9125,361,135.91,121.6424,75.2693,125
1291,265.952,33244,138.1,361,134.97,121.803,75.5147,125
1292,264.6953,33881,136.35,345,134.96,121.8991,75.1265,128
1293,263.3125,33704,136.3625,352,133.95,121.7411,75.1535,128
1294,266.3095,33555,136.425,378,133.56,121.698,75.3525,126
1295,264.0873,33275,137.0625,334,134.47,122.1344,75.0649,126
1296,266.408,33301,136.8625,349,134.02,121.8469,75.2075,125
1297,264.376,33047,138,356,136.99,122.129,75.074,125
1298,266.4,33300,137.2875,369,134.28,121.8945,75.1447,125
1299,262.7381,33105,137.85,372,134.6,122.1649,75.319,126
1300,261.4559,35558,137.95,352,134.74,122.3237,75.2688,136
1301,264.288,33036,137.9625,356,134.91,122.3572,75.3056,125
1302,263.1172,33679,137.6125,341,133.87,121.949,75.1048,128
1303,263.016,32877,137.1875,366,134.86,122.0086,75.2265,125
1304,265.4683,33449,139.1,365,135.57,122.3086,75.1436,126
1305,264.424,33053,137.0375,363,133.93,122.5861,75.1784,125
1306,265.8175,33493,137.0875,350,133.88,122.5485,75.2972,126
1307,266.1102,33796,136.05,379,133.93,122.5436,75.13,127
1308,265,34450,138.325,363,134.54,122.3618,75.0496,130
1309,264.8333,33369,139.05,348,135.52,122.6691,75.3146,126
1310,264.381,33312,136.6375,357,132.98,122.9983,75.2122,126
1311,265.064,33133,136.925,363,134.64,122.9151,75.3222,125
1312,262.093,33810,137.725,355,135.01,122.8037,75.0589,129
1313,265.224,33153,137.2625,355,135.52,122.63,75.1679,125
1314,266.04,33255,136.3,352,133.31,123.1378,75.2645,125
1315,263.2913,33438,140.675,365,135.54,123.3281,75.0127,127
1316,266.944,33368,136.8375,365,134.41,122.9142,75.1121,125
1317,262.1094,33550,135.8375,352,134.17,123.768,75.2771,128
1318,267.3571,33687,137.95,359,133.64,122.9068,75.0959,126
1319,265.5794,33463,137.6,385,134.97,122.7496,75.2127,126
1320,265.2969,33958,137.825,387,134.95,122.7153,75.1231,128
1321,264.5317,33331,137.725,358,134.04,123.2024,75.2679,126
1322,261.664,32708,136.9625,363,133.18,123.1456,75.3816,125
1323,264.5317,33331,136.8875,347,134.54,123.1333,75.2321,126
1324,267.4524,33699,139.5625,352,135.96,122.9349,75.3092,126
1325,265.4048,33441,136.6375,366,133.1,123.0373,75.3591,126
1326,263.119,33153,138.2375,362,133.87,123.4783,75.3976,126
1327,268.0952,33780,137.95,358,134.96,123.3383,75.3276,126
1328,261.186,33693,137.9625,353,133.96,123.4534,75.3805,129
1329,263.5079,33202,138.95,342,134.83,123.4713,75.3685,126
1330,267.4409,33965,139.175,366,135.82,123.3479,75.1947,127
1331,264.568,33071,136.55,351,133.24,123.7395,75.0587,125
1332,263.3939,34768,137.6,346,135.36,123.4498,75.2947,132
1333,266.616,33327,136.175,357,133.45,123.3015,75.2381,125
1334,263.552,32944,138.7375,379,136.4,123.4199,75.2451,125
1335,265.632,33204,138.0125,386,133.78,123.6101,75.2523,125
1336,265.9213,33772,138.3,392,135.7,123.7589,75.2914,127
1337,264.2344,33822,139.85,372,134.91,123.5992,75.1824,128
1338,262.6183,34403,137.4,365,134.34,124.247,75.4703,131
1339,264.264,33033,139.55,355,134.49,123.7396,75.3635,125
1340,264.472,33059,138.8125,365,134.44,123.6991,75.1619,125
1341,263.856,32982,135.75,345,133.45,123.8141,75.2311,125
1342,266.7381,33609,137.45,359,134,123.498,75.3217,126
1343,262.6378,33355,137.8875,359,133.15,124.0376,75.2709,127
1344,261.144,32643,137.525,352,133.13,123.8687,75.3989,125
1345,264.856,33107,136.75,379,133.77,123.9405,75.3992,125
1346,263.8492,33245,138.3,372,135.8,124.1133,75.2038,126
1347,265.1102,33669,136.6375,357,133.79,124.2809,75.3636,127
1348,263.7692,34290,138.725,372,133.3,124.1352,75.1999,130
1349,262.9444,33131,136.975,359,133.48,124.0495,75.1017,126
1350,262.84,32855,138.35,355,135.91,123.9659,75.2281,125
1351,261.8062,33773,136.95,349,132.07,124.2822,75.4442,129
1352,264.2538,34353,139.025,349,134.7,124.2571,75.3494,130
1353,262.8923,34176,137.6375,348,134.97,123.9583,75.4837,130
1354,264.936,33117,138.475,374,134.63,124.425,75.1102,125
1355,264.8819,33640,137.25,354,132.54,123.8451,75.1393,127
1356,266.248,33281,137.3875,366,132.83,124.0353,75.2233,125
1357,262.375,33584,138.4875,349,134.18,124.2805,75.2857,128
1358,261.9921,33273,137.7625,345,132.92,124.2839,75.2089,127
1359,265.3333,33432,138.475,349,134.24,124.3984,75.4262,126
1360,262.6667,33884,138.6375,362,135.5,124.3567,75.3829,129
1361,263.063,33409,141.1125,360,135.82,124.536,75.2044,127
1362,263.448,32931,139.775,347,133.99,124.3728,75.2483,125
1363,264.5197,33594,137.7,377,132.89,124.4752,75.4462,127
1364,266.504,33313,137.45,373,135.94,124.2529,75.3855,125
1365,263.616,32952,138.0625,361,134.57,124.5546,75.3783,125
1366,261.1984,32911,138.0875,381,135.16,124.4996,75.362,126
1367,266.1032,33529,138.8125,381,135.34,125.0586,75.2797,126
1368,262.3923,34111,136.9625,354,133.82,124.4278,75.3939,130
1369,266.0635,33524,140.6125,391,137.14,124.7561,75.4237,126
1370,261.5581,33741,137.225,358,133.72,124.8103,75.4305,129
1371,266.0391,34053,137.225,364,134.07,125.1098,75.395,128
1372,265.32,33165,138.65,368,132.86,124.523,75.2626,125
1373,264.6142,33606,138.525,377,133.61,124.2762,75.4595,127
1374,262.0556,33019,136.0375,358,132.89,125.0534,75.378,126
1375,263.5923,34267,138.3375,348,133.91,124.9411,75.4401,130
1376,263.6172,33743,138.0125,334,133.73,124.7545,75.2336,128
1377,266.312,33289,136.4125,349,132.13,124.674,75.2655,125
1378,263.768,32971,138.2,356,133.37,125.2181,75.3794,125
1379,264.0714,33273,137.4125,348,133.16,124.9747,75.3086,126
1380,264.52,33065,137.0125,353,133.95,125.1134,75.3308,125
1381,260.5736,33614,136.8875,336,135.18,124.9719,75.4332,129
1382,263.496,32937,137.975,349,134.39,124.6095,75.5532,125
1383,263.0551,33408,138.575,383,132.87,125.2283,75.5004,127
1384,263.6719,33750,137.85,345,134.54,125.216,75.1027,128
1385,265.6032,33466,137,366,132.82,125.2252,75.3799,126
1386,263.6489,34538,138.15,359,135.55,125.6154,75.3776,131
1387,262.264,32783,138.5625,347,133.88,125.24,75.2821,125
1388,264.776,33097,138.2625,350,133.59,124.8692,75.4115,125
1389,260.75,33376,135.925,348,134.01,125.2641,75.2874,128
1390,262.536,32817,139.275,343,132.26,125.2936,75.1334,125
1391,263.5039,33465,139.0125,361,136.44,125.2482,75.3763,127
1392,261.7717,33245,137.625,363,133.68,125.0643,75.5307,127
1393,265.184,33148,138.7125,371,133.51,125.2874,75.4868,125
1394,264.5714,33336,138.625,368,134.56,125.5022,75.5506,126
1395,262.64,32830,139.55,372,132.42,125.4262,75.5375,125
1396,263.1575,33421,138.8125,376,135.19,125.6741,75.3833,127
1397,259.9062,33268,137.775,356,132.15,125.4736,75.6856,128
1398,263.7619,33234,136.7875,361,132.8,125.5766,75.3726,126
1399,263.656,32957,138.925,353,133.49,125.665,75.2753,125
1400,264.432,33054,138.5125,362,132.79,125.2884,75.5341,125
1401,264.6587,33347,141.15,350,134.53,125.7967,75.2624,126
1402,262.6063,33351,137.5,356,134.24,125.3288,75.6443,127
1403,257.9559,35082,138.5625,349,133.39,126.2353,75.1907,136
1404,265.76,33220,141.4875,348,133.06,125.6518,75.5504,125
1405,262.464,32808,137.4125,353,132.89,125.3851,75.2751,125
1406,264.3968,33314,137.3,345,133.14,125.5976,75.5817,126
1407,261.8189,33251,138.0375,337,135.01,125.5968,75.7336,127
1408,262.8583,33383,138.1875,348,134.4,125.1466,75.1588,127
1409,263.248,32906,136.7625,362,133.43,125.8407,75.383,125
1410,261.7008,33236,137.95,349,133.51,125.8724,75.4807,127
1411,262.3651,33058,136.6125,345,133.49,126.05,75.4398,126
1412,262.6047,33876,138.7,368,133.08,126.0239,75.4819,129
1413,266.488,33311,136.525,358,133.05,125.4987,75.241,125
1414,264.456,33057,138.275,354,132.53,126.1428,75.2637,125
1415,261.6929,33235,138.125,349,133.48,125.7043,75.5029,127
1416,261.3206,34233,139.1875,342,133.87,125.8552,75.3763,131
1417,258.7121,34150,139.0625,423,134.55,125.9585,75.7507,132
1418,263.3125,33704,139.3375,365,133.09,125.7125,75.4672,128
1419,263.984,32998,138.1125,372,133.79,125.6533,75.5332,125
1420,263.4409,33457,139.0375,364,134.39,126.454,75.2551,127
1421,263.7302,33230,137.7,355,134.25,125.7942,75.4442,126
1422,263.8976,33515,138.8375,365,133.53,125.5864,75.6642,127
1423,263.944,32993,138.0875,351,133.51,126.1699,75.7988,125
1424,262.254,33044,138.8,358,134.36,126.1068,75.4043,126
1425,260.5538,33872,135.7875,346,132.48,126.1859,75.7097,130
1426,263.256,32907,138.85,373,132.99,126.1573,75.3999,125
1427,261.5952,32961,138.475,340,134.14,125.9928,75.3223,126
1428,264.3571,33309,136.8,350,134.92,126.1079,75.6123,126
1429,265.3386,33698,136.2125,361,132.67,126.1293,75.5176,127
1430,262.296,32787,137.1875,381,133.11,126.1447,75.6277,125
1431,262.5159,33077,138.65,351,133.31,126.4215,75.5919,126
1432,262.36,32795,138.975,361,134.08,126.1199,75.4845,125
1433,267.2344,34206,136.4875,348,134,126.2429,75.623,128
1434,264.3968,33314,137.5375,360,133.68,125.982,75.7249,126
1435,265.736,33217,137.4625,363,133.95,126.5053,75.5256,125
1436,261.632,32704,136.9875,351,134.69,126.5422,75.5512,125
1437,261.5354,33215,137.5125,355,134.28,126.2627,75.3902,127
1438,260.992,32624,138.0625,357,133.42,126.2211,75.4176,125
1439,263.2937,33175,138.5375,346,133.42,126.4704,75.3077,126
1440,262.6378,33355,138.1,359,132.61,126.5758,75.4857,127
1441,264.352,33044,137.825,366,134.56,126.8391,75.4565,125
1442,261.9762,33009,138.4125,377,134.12,126.3715,75.5362,126
1443,261.0538,33937,138.3375,343,132.46,126.6853,75.6333,130
1444,262.288,32786,139.55,346,133.66,126.4217,75.3335,125
1445,262.1654,33295,140.1375,348,132.98,126.6342,75.4765,127
1446,263.0078,33665,139.875,356,134.27,126.8786,75.7936,128
1447,263.9219,33782,139.075,367,136.03,126.8676,75.3586,128
1448,260.6165,34662,137.25,350,134.44,127.4152,75.4557,133
1449,259.4688,33212,137.6,345,133.81,126.6916,75.5964,128
1450,260.5118,33085,138.9625,353,133.89,126.4858,75.4359,127
1451,260.4646,33079,138.6375,336,133.89,126.9203,75.4001,127
1452,264.272,33034,137.7625,368,134.97,126.6633,75.5331,125
1453,263.0472,33407,137.275,350,134.58,126.8621,75.5716,127
1454,260.619,32838,137.1875,327,133.17,126.9943,75.5305,126
1455,263.744,32968,139.8125,336,134.46,127.0017,75.3554,125
1456,262.0635,33020,139.95,348,135.19,126.9214,75.1006,126
1457,261.9762,33009,138.775,331,133.57,126.6556,75.6011,126
1458,263.712,32964,136.6,363,133.1,126.8845,75.4029,125
1459,264.96,33120,139.4375,343,133.09,126.5828,75.5195,125
1460,262.608,32826,136.9,342,132.48,126.753,75.5129,125
1461,262.888,32861,136.175,368,133.68,127.3266,75.7548,125
1462,263.6641,33749,138.225,347,132.79,127.1099,75.4962,128
1463,263.6825,33224,139.5125,344,133.04,126.778,75.5112,126
1464,261.416,32677,137.425,364,133.76,126.582,75.6051,125
1465,261.9844,33534,136.375,365,134.09,127.2528,75.4566,128
1466,266.008,33251,139.0375,366,134.06,126.6311,75.3724,125
1467,261.3594,33454,138.7875,334,131.82,126.8032,75.3671,128
1468,261.808,32726,138.7125,361,134.84,126.9752,75.5024,125
1469,262.3721,33846,139.3375,366,133.27,127.0591,75.5052,129
1470,261.1508,32905,137.95,340,132.1,126.8859,75.6937,126
1471,260.944,32618,137.125,354,134.21,126.8761,75.5894,125
1472,263.119,33153,137.1,346,132.66,127.3224,75.8141,126
1473,263.056,32882,136.65,355,133.08,127.0111,75.4103,125
1474,263.0234,33667,137.6375,384,132.09,127.4978,75.5402,128
1475,262.1339,33291,138.6125,344,132.96,128.1529,75.401,127
1476,265.336,33167,138.675,342,134,128.271,75.7225,125
1477,265.472,33184,138.4375,391,132.2,128.7735,75.4693,125
1478,263.5354,33469,137,385,131.68,128.9888,75.5835,127
1479,263.608,32951,138.4625,350,132.36,128.9708,75.574,125
1480,264.881,33375,139.525,344,132.95,128.7881,75.393,126
1481,261.5669,33219,137.7,353,133.03,129.8629,75.9538,127
1482,265.5781,33994,137.85,349,131.72,129.8399,75.4448,128
1483,267.5512,33979,138.0875,352,134.03,129.9561,75.4279,127
1484,268.056,33507,139.375,360,132.76,130.3035,75.5352,125
1485,270.2946,34868,138.9875,378,133.66,129.9858,75.6826,129
1486,269.9603,34015,138.9,357,133.8,130.2597,75.4103,126
1487,273.4567,34729,138.6625,363,134.2,130.734,75.5068,127
1488,273.5197,34737,138.825,360,133.18,130.4572,75.4427,127
1489,271.6457,34499,138.0625,370,133.26,130.6457,75.4312,127
1490,275.12,34390,139.2125,378,130.83,131.1992,75.4701,125
1491,275.8923,35866,140.6625,380,131.78,131.638,75.7987,130
1492,271.1008,34972,138.7125,379,133.25,131.7986,75.6337,129
1493,270.881,34131,138.7375,363,132.59,131.6363,75.3391,126
1494,274.9365,34642,137.0875,393,132.89,131.9749,75.5338,126
1495,274.376,34297,137.4,387,133.37,132.4705,75.4014,125
1496,269.5476,33963,140.225,353,131.22,132.3843,75.5944,126
1497,272.808,34101,139.875,372,133.25,131.9541,75.3111,125
1498,270.488,33811,138.5375,353,133.9,132.5266,75.3839,125
1499,271.4921,34208,139.4125,379,134.25,132.361,75.4253,126
1500,270.5635,34091,136.575,376,131.52,132.5058,75.6248,126
