1,344.6865,86861,119.1,466,119.15,123.6566,81.4016,252
2,341.9206,86164,118.3875,468,118.3,123.7022,81.5994,252
3,341.7708,86468,119.15,479,118.55,123.5733,81.4557,253
4,342.4229,86633,119.25,474,118.79,123.7819,81.4395,253
5,341.1739,86317,120.5125,484,120.4,123.4168,81.29,253
6,344.581,87179,121.3625,477,120.72,123.3673,81.4591,253
7,340.7734,87238,119.7875,472,119.38,123.6062,81.3881,256
8,344.6508,86852,119.95,491,119.53,123.7065,81.4001,252
9,339.9252,86341,118.6625,474,118.72,123.5228,81.324,254
10,341.9368,86510,117.425,495,118.07,123.5762,80.9949,253
11,344.7698,86882,119.925,492,119.7,123.5726,81.3805,252
12,343.6984,86612,118.9375,469,118.81,123.4884,81.2308,252
13,340.4087,85783,119.875,477,119.72,123.5225,81.0775,252
14,342.2055,86578,121.525,482,121.24,123.54,81.0983,253
15,342.5375,86662,121.1875,482,121.18,123.6304,81.6505,253
16,341.7143,86112,120.85,477,120.48,123.5778,81.2446,252
17,342.3953,86626,119.8375,478,119.17,123.4565,81.3113,253
18,342.1151,86213,120.3,479,120.34,123.5941,81.2608,252
19,343.2362,87182,120.3875,465,120.95,123.6649,81.6462,254
20,339.5977,86937,119.6375,462,119.08,123.5344,81.193,256
21,339.7222,85610,119.075,477,119.34,123.6914,81.3739,252
22,341.3135,86011,119.2875,476,119.54,123.3891,81.3224,252
23,340.2126,86414,121.3125,467,121.12,123.6431,81.1735,254
24,339,86106,120.2375,501,119.72,123.5319,81.3602,254
25,338.3478,85602,119.7875,469,119.48,123.5723,81.3127,253
26,339.5608,86588,120.0625,464,120.36,123.4319,81.2402,255
27,341.8031,86818,119.9625,494,119.82,123.5993,81.3703,254
28,341.7222,86114,121.8625,475,121.61,123.5231,81.1021,252
29,340.0984,86385,119.075,479,118.93,123.455,81.2363,254
30,337.4235,86043,120.825,498,120.21,123.6037,81.2267,255
31,337.5573,85402,119.1875,465,119.7,123.5834,81.3456,253
32,339.8135,85633,119.9375,466,119.84,123.5556,80.8894,252
33,337.0787,85618,119.375,475,119.62,123.6671,81.6195,254
34,337.2174,85316,119.4125,464,119.09,123.4718,81.2174,253
35,339.6667,85596,120.375,457,119.71,123.6506,81.6548,252
36,336.8071,85549,120.875,463,119.93,123.644,81.4653,254
37,336.498,85134,120.8625,465,120.99,123.5643,81.2446,253
38,338.4449,85965,121.3125,461,121,123.6006,81.1947,254
39,335.5748,85236,119.1875,465,118.99,123.4469,81.3292,254
40,342.4921,86308,118.65,480,119.03,123.5891,81.2883,252
41,339.1548,85467,119.15,453,119.32,123.5799,81.5092,252
42,341.4882,86738,119.7375,499,120.09,123.6695,81.3855,254
43,339.8235,86655,119.5875,456,119.97,123.8414,81.083,255
44,339.1142,86135,119.3375,479,119.79,123.6329,81.3273,254
45,341.0516,85945,119.7,474,120,123.9756,81.2557,252
46,339.6798,85939,121.4875,451,121.4,123.7692,81.3927,253
47,337.126,85630,120.2875,482,120.1,123.6289,81.4616,254
48,336.6825,84844,119.4375,458,119.75,123.5451,81.2492,252
49,338.6364,85675,120.9875,491,120.76,123.7695,81.2547,253
50,337.7698,85118,119.875,486,120.01,123.6474,81.4973,252
51,337.9486,85501,119.3,461,120,123.7582,81.5697,253
52,338.8228,86061,119.825,472,119.98,123.4303,81.3212,254
53,339.1016,86810,121.5625,478,121.5,123.7952,81.4186,256
54,337.7441,85787,120.575,460,120.49,123.6964,81.3621,254
55,336.3701,85438,120.25,468,120.03,123.7713,81.5682,254
56,337.4941,86061,118.7375,446,118.68,123.6279,81.4143,255
57,336.9606,85588,119.9125,460,119.9,123.6807,81.5708,254
58,337.2039,85987,120.3125,462,120.87,123.3546,81.3544,255
59,338.6905,85350,119.7375,452,120.1,123.7927,81.477,252
60,337.4157,86041,120.3125,455,120.21,123.8091,81.7104,255
61,335.2752,86501,120.275,472,120.15,123.8561,81.3747,258
62,338.6537,87034,121.2625,501,121.25,123.568,81.5301,257
63,338.9365,85412,119.4375,456,120.03,123.6612,81.4992,252
64,341.246,85994,118.75,469,118.69,123.6049,81.1554,252
65,337.4308,85370,119.15,473,118.73,123.653,81.63,253
66,337.8735,85482,122.1625,496,121.69,123.704,81.3342,253
67,338.9603,85418,120.1,470,119.39,123.6591,81.3495,252
68,337.6957,85437,118.975,471,118.57,123.5139,81.2396,253
69,337.4409,85710,120.175,477,119.44,123.6936,81.3882,254
70,336.5625,86160,120.9375,450,121.2,123.7747,81.2649,256
71,340.2713,87790,119.7,478,119.14,123.7152,81.5175,258
72,338.5,85302,120.75,462,120.53,123.641,81.1919,252
73,336.1303,87730,118.8125,471,119.83,123.7934,81.3836,261
74,339.5512,86246,118.4125,504,118.75,123.6799,81.3285,254
75,337.4667,86054,120.7,455,120.4,123.7567,81.2486,255
76,343.2619,86502,119.3,453,119.46,123.6309,81.398,252
77,339.0397,85438,118.4625,467,118.62,123.8899,81.3798,252
78,338.9644,85758,121.9125,464,121.16,123.7765,81.4412,253
79,337.3804,86032,120.375,474,120.19,123.6487,81.2362,255
80,339.2717,86175,120.2375,450,120.07,123.6861,81.2863,254
81,342.5866,87017,119.7875,466,120,123.6635,81.2951,254
82,343.627,86594,120.15,469,120.09,123.6931,81.3971,252
83,339.5556,85568,119.6625,477,119.58,123.6794,81.2272,252
84,340.2627,86767,120.5375,460,121.01,123.6691,81.4344,255
85,337.3492,85012,118.7125,467,119.11,123.7384,81.2412,252
86,338.4348,85624,119.0125,477,119.33,123.7793,81.4579,253
87,337.9762,85170,119.75,462,119.53,123.7231,81.2932,252
88,336.4883,86141,119.45,465,119.33,123.7926,81.295,256
89,337.9409,85837,118.7375,454,119.09,123.6121,81.2234,254
90,336.8538,85224,119.9875,463,120.25,123.738,81.5359,253
91,334.9405,84405,119.7125,463,119.4,123.8727,81.4597,252
92,336.5253,86487,118.8375,454,119.58,123.6486,81.2791,257
93,337.1797,86318,119.5125,457,119.87,123.7666,81.3245,256
94,336.9921,85596,119.675,489,119.62,123.8719,81.4968,254
95,337.7992,85801,119.6,470,119.32,123.8246,81.1265,254
96,337.6825,85096,120.1125,465,119.93,123.7035,81.2813,252
97,337.7262,85107,119.75,462,119.97,123.6664,81.4078,252
98,338.1349,85210,119.475,447,119.54,123.8358,81.1933,252
99,337.4524,85038,120.1875,471,120.33,123.8847,81.2946,252
100,338.1496,85890,120.2,477,120.15,123.8491,81.4682,254
101,338.149,86228,120.1625,455,120.22,123.6123,81.3298,255
102,335.0198,84760,119.9875,469,119.86,123.7641,81.4486,253
103,336.2262,84729,119.9125,465,119.34,123.7615,81.3736,252
104,338.5765,86337,119.55,466,119.91,123.8035,81.3354,255
105,334.4902,85295,119.8375,443,120.14,123.7032,81.3166,255
106,335.746,84608,118.975,473,119.45,123.848,81.3181,252
107,335.8583,85308,120.0375,452,119.78,123.6004,81.4064,254
108,338.1299,85885,119.65,450,119.55,123.8096,81.4832,254
109,337.3725,86030,120.6125,458,120.24,123.7835,81.347,255
110,337.9644,85505,118.725,459,118.5,123.9991,81.2011,253
111,338.7183,85357,120.0625,472,119.94,123.5933,81.4899,252
112,340.0556,85694,120.0375,485,120.16,123.7735,81.1737,252
113,336.6087,85162,120.85,461,120.78,123.7744,81.2499,253
114,339.0079,85769,119.65,458,119.82,123.8425,81.2136,253
115,342.2913,86942,118.5,472,118.7,123.6295,81.376,254
116,334.8189,85044,118.975,455,119.1,123.5838,81.2652,254
117,336.9683,84916,119.2875,464,119.96,123.8294,81.4934,252
118,336.1944,84721,119.3625,467,119.55,123.8633,81.4498,252
119,336.3413,84758,119.65,448,119.52,123.7838,81.5302,252
120,336.6784,85853,120.575,476,120.03,123.8114,81.3628,255
121,336.6825,84844,120.1875,469,119.88,123.8602,81.5054,252
122,335.2767,84825,121.1625,446,121.33,123.6541,81.3204,253
123,339.1667,85470,120.0875,451,120.27,123.8191,81.3652,252
124,336.1614,85385,119.5625,469,119.51,123.9652,81.4093,254
125,337.2421,84985,118.2625,456,118.35,123.6381,81.3827,252
126,335.8571,84636,119.7875,471,119.51,123.9419,81.4682,252
127,336.9051,85237,120.75,491,120.47,123.8394,81.5336,253
128,335.8056,84623,118.7625,489,119.31,123.7244,81.2544,252
129,335.4449,85203,120.5125,484,120.41,124.0046,81.5207,254
130,338.5913,85325,121.95,483,121,123.7285,81.516,252
131,333.8,85119,120.7,471,120.57,124.0001,81.7332,255
132,335.898,85654,120.475,451,119.76,123.7389,81.4095,255
133,336.5198,84803,119.5,479,119.5,123.7948,81.4923,252
134,334.4683,84286,119.3125,456,119.15,123.7954,81.2634,252
135,334.5397,84304,118.8,456,119.35,123.9056,81.7017,252
136,333.8651,84134,121.375,457,121.32,123.942,81.2608,252
137,335.75,84609,120.175,455,120.32,123.8142,81.5476,252
138,333.7747,84445,120.4,458,120.32,123.818,81.7576,253
139,332.0787,84348,119.7875,454,119.75,123.831,81.0222,254
140,333.2738,83985,120.1375,451,119.75,123.9425,81.4223,252
141,333.1732,84626,120.2625,465,120.28,123.8521,81.0648,254
142,334.6929,85012,119.975,442,119.88,123.9701,81.4809,254
143,336.5866,85493,119.7875,442,119.33,123.7117,81.0512,254
144,333.2244,84639,119.125,452,118.84,123.8861,81.3177,254
145,334.0675,84185,120.225,463,120.56,124.0006,81.1402,252
146,332.6745,84832,120.35,466,119.69,123.9216,81.2585,255
147,333.7431,84437,119.5875,450,119.39,123.8912,81.5905,253
148,331.2402,84135,120.4,450,120.26,123.9776,81.4659,254
149,334.8968,84394,117.9625,470,118.84,123.7504,81.3103,252
150,332.1468,83701,120.05,469,119.99,123.7688,81.1973,252
151,336.2126,85398,120.05,465,120.16,123.7417,81.3283,254
152,333.2095,84302,118.925,452,119.38,124.0365,81.251,253
153,332.8171,85534,121.3,436,120.25,124.0112,81.3949,257
154,334.1602,85545,119.8,435,119.09,123.8551,81.3368,256
155,335.0794,84440,119.275,444,119.52,123.8092,81.145,252
156,335.7659,84613,118.775,459,119.45,123.7572,81.3468,252
157,332.8937,84555,119.525,470,120.13,123.8425,81.3105,254
158,335.7024,84597,120.975,473,120.65,124.0843,81.7763,252
159,334.3889,84266,121.45,484,120.76,123.6378,81.3344,252
160,334.4585,84618,118.9125,489,119.15,123.7371,81.3417,253
161,331.5236,84207,118.9625,463,119.02,124.1123,81.2283,254
162,333.9842,84498,120.1625,467,119.75,123.8922,81.1171,253
163,332.8854,84220,120.5,470,120.94,123.9846,81.1685,253
164,331.369,83505,119.0125,442,118.98,123.6555,81.2268,252
165,332.3214,83745,120,456,120.16,123.9275,81.2413,252
166,333.2323,84641,119.4,465,119.4,123.7336,81.1727,254
167,333.087,84271,118.575,449,119.23,123.8062,81.5018,253
168,335.3071,85168,120.4125,455,120.5,123.9329,81.2684,254
169,333.7897,84115,119.375,468,119.42,123.9272,81.4543,252
170,334.664,84670,119.3125,475,119.85,123.5447,81.1204,253
171,331.0863,84427,119.375,435,119.95,123.8869,81.5082,255
172,333.6548,84081,119.3875,449,118.99,123.8794,81.4628,252
173,333.1151,83945,119.8375,477,119.5,123.8686,81.2105,252
174,330.3333,83244,120.5375,432,120.15,123.9219,81.3369,252
175,331.0833,83433,119.7625,448,119.9,123.9766,81.1654,252
176,330.9407,83728,119.725,466,120.08,123.8245,81.1284,253
177,331.0827,84095,119.9125,498,120.03,124.1514,80.988,254
178,330.3725,84245,120.7375,453,120.91,123.7771,81.1312,255
179,330.3228,83902,119.3375,436,119.02,124.0878,81.2184,254
180,332.9331,84565,121.5,453,120.55,123.8525,81.3565,254
181,329.6996,83414,117.7375,464,118.07,123.9986,81.4832,253
182,332.9286,83898,119.9125,441,119.7,123.9233,81.3936,252
183,331.6364,83904,119.675,436,119.54,123.9431,81.0918,253
184,331.917,83975,119.7375,446,120.07,123.7947,81.1428,253
185,331.5276,84208,119.9375,465,119.92,123.8048,81.307,254
186,328.7549,83175,120.3375,436,120.21,123.8811,81.0545,253
187,329.1779,83282,119.8625,425,120.15,123.7695,81.1636,253
188,330.996,83742,118.9625,461,119.47,123.8643,81.2078,253
189,327.5913,82553,120.3,459,120.19,124.0387,81.3857,252
190,329.8941,84123,120.3,457,119.72,123.8143,81.0474,255
191,329.9684,83482,119.625,452,119.42,123.9085,81.4568,253
192,330.2402,83881,121.0375,435,120.7,123.8459,81.205,254
193,329.8182,83444,118.3625,463,118.62,123.8248,81.1702,253
194,328.2174,83039,119.65,444,119.86,123.8842,81.3007,253
195,328.0354,83321,120.1375,435,120.01,123.9649,81.3376,254
196,330.0824,84171,118.625,460,118.71,123.995,80.9118,255
197,330.5238,83292,119.3875,459,119.64,123.9783,81.3564,252
198,327.869,82623,118.4,433,118.6,123.8749,81.3233,252
199,329.8135,83113,120.6375,463,120.6,123.9602,81.2851,252
200,329.9528,83808,122.55,434,122.54,123.8359,81.2213,254
201,327.3686,83479,120.625,435,120.51,123.8364,81.1628,255
202,326.6211,83615,120.2125,447,120.27,124.0533,81.2464,256
203,327.9921,83310,121.0375,452,120.57,123.8092,81.1131,254
204,328.3175,82736,119.55,430,119.51,124.0037,81.2336,252
205,329.3794,83333,120.4875,430,120.17,123.9602,81.2482,253
206,328.437,83423,121.2,435,121.07,123.9673,81.0408,254
207,329.2441,83628,119.65,466,119.57,123.8383,80.9925,254
208,327.5913,82553,119.425,424,119.44,124.0059,80.9227,252
209,330.9563,83401,121.85,455,120.71,123.7984,81.335,252
210,330.1071,83187,118.8125,427,119.13,123.7998,81.1821,252
211,329.2244,83623,119.0375,445,119.3,124.0098,81.0979,254
212,329.9258,84461,119.7875,438,119.69,123.8758,81.3374,256
213,327.5581,84510,119.1125,432,119.15,123.848,81.3595,258
214,327.4484,82517,119.2,444,119.64,124.0699,81.3533,252
215,327.6772,83230,120.125,445,119.87,124.0059,81.0056,254
216,327.581,82878,120.275,441,120.08,123.8662,81.0609,253
217,326.9565,82720,119.7375,432,120.18,124.1103,81.0869,253
218,327.4588,83502,119.625,469,119.06,124.1186,81.1683,255
219,328.3452,82743,119.525,452,118.96,124.0744,81.2819,252
220,329.6133,84381,121.775,463,121,124.1963,81.2929,256
221,327.0748,83077,119.8875,444,119.37,123.8705,80.8947,254
222,331.1825,83458,120.375,455,120.25,124.0084,81.1779,252
223,328.8775,83206,120,453,119.5,124.0506,81.2423,253
224,328.9572,84542,121.2375,472,120.75,124.0064,81.078,257
225,327.2063,82456,119.05,463,118.71,123.8232,81.0397,252
226,329.5647,84039,121.3,452,121.13,124.0749,81.4798,255
227,328.0196,83645,118.7875,459,118.02,124.0521,81.221,255
228,327.7628,82924,120.9125,474,120.96,124.1962,81.1732,253
229,329.0119,82911,120.325,450,119.72,124.0232,81.0755,252
230,326.8656,82697,120.1875,462,119.07,123.9149,81.5558,253
231,327.2047,83110,119.85,455,120.1,123.9291,80.9489,254
232,327.3651,82496,119.3375,449,119.71,124.1208,81.0358,252
233,327.2205,83114,120.2375,445,119.59,123.9652,81.2036,254
234,326.1922,83179,120.3625,436,119.85,124.1713,81.2048,255
235,329.087,83259,120.2625,441,120.01,123.8952,80.9384,253
236,328.0159,82660,119.825,445,119.72,124.1155,81.4208,252
237,325.8431,83090,120.25,472,119.96,123.8806,81.0705,255
238,326.7312,82663,120.075,439,119.9,123.7471,81.2553,253
239,325.4484,82013,119.1125,453,119.26,124.1142,81.4346,252
240,325.4291,82659,120.7625,453,120.26,123.9534,81.1672,254
241,326.6353,83292,120,467,120.26,123.8537,80.9617,255
242,327.5595,82545,121.05,462,121.27,123.7699,80.952,252
243,326.2659,82219,119.95,445,120.02,123.6557,81.3276,252
244,328.0754,82675,120.0125,438,120.11,124.1318,81.3082,252
245,326.0742,83475,119.6125,454,119.93,123.9725,81.1328,256
246,327.1575,83098,119.6125,441,119.38,124.3529,81.204,254
247,325.7341,82085,120.5125,432,120.23,124.0834,81.115,252
248,328.0476,82668,119.0375,444,119.01,124.0902,81.1597,252
249,329.2937,82982,119.2125,437,118.78,124.1515,81.2515,252
250,327.5889,82880,119.525,451,119.15,124.0601,81.2379,253
251,327.311,83137,120.6875,449,119.82,123.8665,81.1848,254
252,324.0267,84895,120.0125,431,120.31,123.9457,81.1347,262
253,324.7451,82810,121.475,431,121.26,124.1193,81.0584,255
254,326.2095,82531,119.575,437,119.05,124.0476,81.372,253
255,325,82225,120.5875,459,120.27,123.787,81.1576,253
256,324.5725,82766,119.25,424,119.05,124.0038,81.292,255
257,327.1146,82760,119.675,426,119.08,124.1272,81.1648,253
258,326.1905,82200,118.65,471,118.79,124.0079,81.2898,252
259,326.3611,82243,121.275,436,121.41,123.8808,81.2941,252
260,325.5754,82045,120.325,430,120.32,124.0626,81.1729,252
261,325.5889,82374,120.3,424,120.13,123.893,80.8558,253
262,325.1706,81943,120.325,435,120.55,123.9619,81.2493,252
263,323.3016,81472,119.4875,458,119.62,124.0673,81.1741,252
264,325.5336,82360,122,434,121.26,124.0657,80.7956,253
265,327.1905,82452,119.15,437,119.38,123.9043,81.208,252
266,324.8095,81852,119.6875,436,119.73,123.9611,80.9606,252
267,322.9183,82990,119.95,431,119.58,123.9402,81.3504,257
268,325.5647,83019,119.275,477,119.47,123.89,81.1183,255
269,324.9882,82872,120.55,423,120.84,124.1041,81.5143,255
270,325.3992,82326,119.65,430,119.2,124.1638,81.0359,253
271,323.7194,81901,120.8875,422,119.78,124.0934,81.2722,253
272,326.0431,83141,120.7625,432,120.14,124.0498,81.1539,255
273,325.5961,83027,120.45,426,119.75,124.0071,81.2248,255
274,325.9365,82136,119.775,451,119.62,123.9682,81.4477,252
275,326.1984,82202,118.7,475,119.29,124.0317,81.1556,252
276,326.0556,82166,120.625,457,120.6,123.9477,81.3004,252
277,325.668,82394,120.6375,447,120.86,124.2673,80.7443,253
278,325.7937,82100,118.4625,449,118.26,124.0939,81.1732,252
279,324.253,82036,119.9875,431,119.59,124.1502,81.2617,253
280,322.9484,81383,120.1125,430,119.54,123.9009,81.045,252
281,324.2,82671,120.5375,441,120.79,123.8489,81.1329,255
282,324.585,82120,120.75,432,120.84,124.1546,81.2182,253
283,324.6151,81803,121.1,458,120.37,124.0291,80.9,252
284,324.5875,83419,119.1875,427,119.27,124.0652,80.8791,257
285,324.4783,82093,119.375,444,119.28,123.9211,81.2546,253
286,325.6339,82711,119.4625,456,119.76,123.9669,81.255,254
287,323.2157,82420,118.8625,428,119.3,124.219,80.9253,255
288,324.1451,82657,119,438,118.9,123.9244,81.3029,255
289,327.1225,82762,119.325,454,119.17,123.9573,81.292,253
290,324.1423,82008,118.775,442,119.23,123.9123,80.8481,253
291,325.9455,83768,119.45,462,119.44,123.9722,81.1855,257
292,326.815,83011,118.925,440,119.57,124.0737,81.0504,254
293,326.7953,83006,119.2625,442,118.65,123.9498,81.0794,254
294,325.3661,82643,119.1,434,119.24,123.7214,81.4016,254
295,329.3202,83318,118.8125,431,119.45,124.0474,80.8735,253
296,327.0278,82411,121.075,473,120.44,123.9882,81.1743,252
297,329.8863,84121,119.8875,469,119.87,123.9818,81.1084,255
298,324.2451,82034,118.95,420,118.7,123.8979,81.0123,253
299,328.5794,82802,120.3125,437,120.18,123.9927,80.9998,252
300,329.3953,83337,120.225,439,120.01,124.0931,81.0861,253
301,329.248,83629,120.625,452,120.53,124.0148,81.4035,254
302,329.1587,82948,120.7375,477,120.01,124.1491,80.9745,252
303,331.8157,84613,120.25,479,119.99,123.7791,80.9018,255
304,335.1063,85117,119.1,450,118.95,124.0791,81.2598,254
305,331.2734,84806,119.7625,454,120.37,123.8097,80.9714,256
306,334.6719,84672,120.8875,465,120.45,124.1534,80.952,253
307,340.0595,85695,120.575,469,120.02,123.9868,80.9673,252
308,343.4488,87236,120.125,458,120.18,124.1808,80.7639,254
309,350.543,89739,120.95,511,120.86,123.9883,81.1755,256
310,361.7471,92969,119.6375,514,119.9,124.1449,80.8364,257
311,368.4,93942,120.8125,511,119.83,123.999,80.5298,255
312,373.8594,95708,119.7625,501,119.5,123.8789,80.5298,256
313,380.8941,97128,119.4125,538,119.52,124.0522,80.8712,255
314,385.9644,97649,119.725,511,120.1,124.0079,80.7596,253
315,395.2055,99987,120.1625,558,119.42,123.8658,80.5865,253
316,400.6957,101376,119.8375,555,120.11,123.943,80.4361,253
317,409.7913,104087,119.25,556,118.75,123.9742,80.5823,254
318,419.2778,105658,120.475,603,120.21,124.0718,80.5306,252
319,428.4545,108399,118.4875,593,118.05,124.2226,80.4478,253
320,434.0198,109807,120.925,615,120.63,124.1113,80.5655,253
321,447.1067,113118,118.5125,651,118.57,123.9648,80.4154,253
322,453.25,114219,120.2,645,120.16,124.0919,80.5449,252
323,458.0317,115424,119.35,646,119.06,123.9786,80.3983,252
324,469.5714,118332,120.15,677,120.9,124.1509,80.5885,252
325,482.3557,122036,120.65,684,120.05,124.2062,80.2439,253
326,492.5794,124130,119.9625,702,119.77,124.096,80.557,252
327,500.25,126063,121.475,721,120.98,124.0914,80.1759,252
328,507.7024,127941,120.6125,753,120.29,124.1859,80.4809,252
329,516.1706,130075,120.4125,738,119.85,124.08,80.4189,252
330,526.9644,133322,119.825,758,120.08,124.1465,80.5003,253
331,531.0952,133836,119.675,743,119.91,124.205,80.5821,252
332,530.8175,133766,119.45,766,119,123.9672,80.6608,252
333,538.4094,136756,120.1875,786,120.23,124.1006,80.5103,254
334,541.131,136365,120.425,761,119.75,124.1621,80.4389,252
335,549.5278,138481,119.3,854,119.05,124.2024,80.5729,252
336,555.5613,140557,118.7125,829,119.4,124.0725,80.4431,253
337,562.8294,141833,119.575,798,119.97,124.1773,80.5142,252
338,576.4252,146412,122.5375,847,121.48,124.0713,80.3845,254
339,576.2183,145207,119.425,830,118.91,124.1373,80.3284,252
340,578.3532,145745,119.5375,808,119.41,124.1064,80.4453,252
341,588.996,148427,120.75,877,120.21,124.1829,80.46,252
342,589.0394,149616,121.1875,871,120.65,124.1186,80.3722,254
343,588.1706,148219,120.6625,870,120.62,124.1977,80.5031,252
344,589.5238,148560,121.35,874,120.73,124.0281,80.4894,252
345,585.4941,148130,119.9125,825,119.49,124.1959,80.4417,253
346,585.0159,147424,120.9125,832,119.54,124.0387,80.3877,252
347,582.1627,146705,119.05,841,118.97,124.1469,80.6689,252
348,585.8056,147623,120.525,853,120.28,124.041,80.4563,252
349,580.3651,146252,121.8625,843,121.43,124.0899,80.4849,252
350,582.2421,146725,118.8625,828,119.47,124.0342,80.3779,252
351,585.5278,147553,120.2375,870,119.85,124.1725,80.6227,252
352,580.6732,147491,120.275,869,119.52,124.1225,80.4306,254
353,581.0952,146436,120.15,858,119.67,123.9966,80.6417,252
354,584.4762,147288,119.1875,838,119.49,124.0955,80.5742,252
355,587.8492,148138,119.75,895,119.01,124.2108,80.3115,252
356,588.6719,148934,119.5625,860,119.65,124.3087,80.4311,253
357,586.166,148300,120.225,885,119.96,124.0559,80.4062,253
358,588.9048,148404,120.525,901,120.35,124.038,80.499,252
359,587.373,148018,120.675,884,120.92,124.0201,80.4685,252
360,579.5669,147210,120.5625,871,120.72,124.1077,80.2719,254
361,575.8498,145690,119.5625,840,119.36,124.0813,80.4297,253
362,574.3889,144746,120.45,841,120.25,124.1674,80.6234,252
363,571.4762,144012,119.1125,850,118.97,124.0319,80.446,252
364,577.4643,145521,119.7625,831,119.41,124.2278,80.6079,252
365,573.746,144584,119.1625,932,118.5,124.1256,80.3447,252
366,572.0672,144733,121.6,836,120.98,124.1975,80.2957,253
367,568.7233,143887,119.7375,795,119.42,123.9013,80.4662,253
368,570.1627,143681,119.6,858,120.02,124.1284,80.5082,252
369,565.6944,142555,119.5875,835,119.87,124.1118,80.3192,252
370,567.5217,143583,118.225,855,118.44,123.9397,80.2902,253
371,570.746,143828,119.175,827,120.06,124.2623,80.3913,252
372,568.4603,143252,121.05,858,120.58,124.0267,80.5186,252
373,573.6706,144565,121.175,876,120.71,124.1512,80.5623,252
374,576.4802,145273,121.8,832,121.09,123.9801,80.5053,252
375,575.4008,145001,120.775,853,121.36,124.09,80.2996,252
376,570.6667,143808,120.825,832,120.99,124.0536,80.3184,252
377,566.9683,142876,120.7875,825,121.02,124.0629,80.5845,252
378,563.1111,141904,121.525,826,120.61,124.108,80.418,252
379,556.0316,140676,119.3,845,119.18,124.2374,80.3831,253
380,551.3175,138932,121.2,792,120.84,124.0041,80.4197,252
381,545.7619,137532,119.0625,805,118.73,124.0544,80.3735,252
382,545.873,137560,119.925,811,120.34,124.245,80.3687,252
383,539.4585,136483,120.4875,787,120.07,124.1099,80.5577,253
384,536.0553,135622,120.2,797,119.93,124.0537,80.4646,253
385,534.6865,134741,119.7375,777,119.92,124.1386,80.438,252
386,532.3889,134162,120.2,750,119.42,124.043,80.587,252
387,532.504,134191,119.425,798,119.48,124.1975,80.4233,252
388,536.5217,135740,120.1875,823,119.94,124.0953,80.5824,253
389,536.996,135860,120.7,771,120.34,124.07,80.438,253
390,543.3834,137476,120.6,790,120.61,124.0746,80.3187,253
391,550.75,138789,120.0125,785,120.3,124.1252,80.5991,252
392,552.246,139166,119.3125,793,119.66,124.1038,80.4725,252
393,556.623,140269,119.6,855,120.73,124.0915,80.4055,252
394,559.3373,140953,119.275,844,119.35,124.1902,80.4213,252
395,563.6996,142616,120.4,837,119.39,124.1027,80.4072,253
396,562.8583,142966,121.6,814,120.25,124.263,80.5471,254
397,567.5635,143026,120.4375,833,120.04,124.1501,80.5352,252
398,567.9289,143686,121.4375,825,120.84,124.2737,80.4745,253
399,564.5714,142272,119.425,806,119.53,124.0257,80.4547,252
400,566.0784,144350,120.5125,790,120.19,124.1164,80.572,255
401,570.9605,144453,119.975,817,119.78,124.1198,80.5477,253
402,575.6957,145651,121.4125,855,121,124.0647,80.5343,253
403,576.4444,145264,120.1875,897,120.04,124.2089,80.4615,252
404,579.8221,146695,119.8875,889,120.42,124.2936,80.283,253
405,581.5159,146542,119.6375,856,119.06,124.247,80.4812,252
406,577.9246,145637,120.95,866,120.49,124.2069,80.3895,252
407,578.5794,145802,119.7,815,119.71,124.2664,80.5814,252
408,581.0675,146429,120.4,842,119.61,124.1835,80.4346,252
409,573.0675,144413,118.8625,803,118.98,124.1269,80.4003,252
410,569.5595,143529,119.9125,820,120.12,124.1418,80.1649,252
411,565.6087,143099,120.375,797,120.24,124.1173,80.4265,253
412,563.2778,141946,120.475,836,120.37,124.2358,80.4268,252
413,558,140616,120.25,814,120.27,124.1767,80.4678,252
414,553.9921,140160,119.275,861,119.3,124.2136,80.4714,253
415,551.4585,139519,119.9875,784,119.4,124.1096,80.5412,253
416,556.8972,140895,119.775,794,119.61,124.1351,80.5893,253
417,557.6601,141088,120.7375,841,119.78,124.2547,80.505,253
418,560.2738,141189,120.375,830,120.27,124.199,80.5754,252
419,556.8849,140335,120.4125,844,120.14,124.3075,80.4212,252
420,558.8346,141944,119.0625,794,119.24,124.1526,80.3607,254
421,557.6601,141088,120.2875,834,120.43,124.115,80.4357,253
422,551.7362,140141,119.7,827,120.02,124.2587,80.3513,254
423,560.9563,141361,121.0375,837,120.68,124.1415,80.3903,252
424,554.996,140414,121.4875,796,120.63,124.1902,80.2985,253
425,551.1905,138900,120.3875,790,120.01,124.1714,80.6964,252
426,541.754,136522,120.8375,781,119.89,124.3441,80.4512,252
427,535.6561,135521,119.575,800,119.67,124.0344,80.409,253
428,525.9921,132550,120.1875,861,119.72,124.2576,80.3988,252
429,520.6588,132768,120.55,785,119.45,124.2128,80.393,255
430,515.6496,130975,119.8875,757,119.96,124.2785,80.4525,254
431,515.752,131001,119.975,770,119.72,124.1012,80.4729,254
432,509.1732,129330,119.725,721,120.14,124.0514,80.5455,254
433,508.1944,128065,119.9375,768,119.31,124.1117,80.4541,252
434,510.4387,129141,118.85,754,119.35,124.1532,80.5143,253
435,513.6706,129445,119.825,735,118.97,124.0284,80.5067,252
436,518.1811,131618,119.7625,723,119.96,124.0398,80.2792,254
437,520.9646,132325,120.3875,793,120.1,124.1462,80.2839,254
438,530.0316,134098,120.9625,792,121.38,124.3276,80.5017,253
439,534.1548,134607,119.85,783,119.93,124.2791,80.3525,252
440,538.746,135764,120.2125,768,120.48,124.2985,80.2243,252
441,543.254,136900,120.025,769,119.15,124.3385,80.2682,252
442,543.9051,137608,120.3,791,120.57,124.0928,80.4956,253
443,543.877,137057,119.95,780,119.78,124.185,80.3228,252
444,541.6024,137567,118.9,822,119.41,124.1546,80.3998,254
445,537.1429,135360,120.1,780,119.93,124.1094,80.2292,252
446,534.1304,135135,119.6,803,119.67,124.1744,80.5859,253
447,529.3162,133917,121.05,747,120.58,124.1501,80.3397,253
448,520.6349,131200,119.7,749,119.84,124.1345,80.5046,252
449,517.9723,131047,120.8375,772,121.09,124.2088,80.4022,253
450,510.2411,129091,119.6125,722,119.95,124.2628,80.525,253
451,506.5569,129172,120.15,742,119.56,124.1152,80.5004,255
452,508.0591,129047,120.6125,741,120.49,124.2119,80.3238,254
453,499.7115,126427,119.5,714,119.53,124.2908,80.5585,253
454,498.3333,125580,120.2375,695,119.6,124.1581,80.3176,252
455,493.6825,124408,119.35,699,119.67,124.2605,80.3958,252
456,488.2992,124028,120.6125,734,120.16,124.236,80.4565,254
457,494.5437,124625,121.7375,697,121.4,124.3348,80.7318,252
458,494.119,124518,119.6,690,119.05,124.0361,80.4055,252
459,494.2143,124542,119.6125,694,119.75,124.1573,80.5755,252
460,496.6102,126139,120.925,798,120.29,124.0759,80.5072,254
461,490.3294,123563,120.15,686,119.94,124.183,80.3635,252
462,480.8095,121164,120.0125,678,119.38,124.0978,80.558,252
463,479.0553,121201,120.55,707,120.68,124.1224,80.4006,253
464,478.664,121102,120.05,661,119.99,124.3985,80.524,253
465,472.5296,119550,120.7125,673,119.91,124.271,80.5231,253
466,476.4524,120066,120.7125,657,120.39,124.1735,80.2367,252
467,472.4444,119056,120.7375,700,119.75,124.1361,80.3172,252
468,471.631,118851,120.2625,654,120.4,124.1803,80.5641,252
469,470.6299,119540,120.4625,640,119.88,124.2091,80.3142,254
470,473.1858,119716,119.8,666,119.36,124.1622,80.5624,253
471,469.6429,118350,119.7375,642,119.18,124.3039,80.3754,252
472,469.5238,118320,120.95,670,120.9,124.1585,80.4481,252
473,467.1976,118201,119.95,676,120,124.1871,80.3718,253
474,466.2055,117950,119.4375,717,119.64,124.2854,80.29,253
475,468.1786,117981,119.925,646,119.64,124.3409,80.5607,252
476,466.8651,117650,120.175,683,119.09,124.0648,80.1325,252
477,471.0909,119186,119.625,649,119.25,124.1525,80.5325,253
478,473.5217,119801,119.8125,684,119.4,124.3025,80.2067,253
479,468.7205,119055,120.575,643,120.66,124.1677,80.596,254
480,474.5922,121021,119.5875,741,118.98,124.1025,80.4041,255
481,478.4016,121514,118.7375,696,118.71,124.3151,80.4058,254
482,484.0158,122456,121.1625,701,121.27,124.3037,80.4612,253
483,492.9209,124709,122.0125,729,121.79,124.5225,80.4623,253
484,496.3597,125579,120.425,745,119.87,124.2936,80.3349,253
485,500.631,126159,121.675,731,121.34,124.2411,80.4753,252
486,501.0437,126263,118.425,717,118.18,123.9471,80.0324,252
487,502.4325,126613,121.2875,713,120.9,124.4065,80.2662,252
488,498.0236,126498,120.175,723,119.43,124.3374,80.2101,254
489,495.8814,125458,118.6,743,118.36,124.3134,80.3646,253
490,491.0159,123736,119.575,678,118.65,124.2717,80.2698,252
491,491.8492,123946,119.775,719,119.05,124.1675,80.4367,252
492,490.6389,123641,119.3125,732,119.64,124.04,80.3926,252
493,487.7747,123407,119.675,689,119.69,124.1502,80.3553,253
494,486.4585,123074,119.05,677,119.22,124.1609,80.3225,253
495,494.1825,124534,120.7875,698,119.64,124.2405,80.4915,252
496,492.2431,125522,120.4,698,120.82,124.0349,80.2998,255
497,489.17,123760,119.175,714,119.2,124.3444,80.2396,253
498,493.5437,124373,118.675,724,119.15,124.1908,80.3621,252
499,495.3004,125311,120.4,702,119.04,124.1748,80.2712,253
500,493.751,124919,118.325,723,118.73,124.2513,80.2898,253
501,494.747,125171,120.0625,688,120.46,124.4027,80.1261,253
502,493.917,124961,119.825,693,119.83,124.3265,80.3357,253
503,497.3095,125322,119.1875,701,119.1,124.2657,80.122,252
504,491.664,124391,121.8,689,120.66,124.2432,80.1812,253
505,485.5968,122856,120.725,736,120.6,124.187,80.2309,253
506,473.6008,119821,121.625,657,121.36,124.3798,80.0523,253
507,462.917,117118,119.2,644,119.38,124.1691,80.1135,253
508,457.9167,115395,121.45,654,121.32,124.1202,80.2925,252
509,450.3056,113477,119.2125,626,119.74,124.0764,80.099,252
510,446.1858,112885,120.8,600,121.13,124.2318,80.2483,253
511,437.7905,110761,121.2625,636,120.8,124.1999,80.3469,253
512,426.5945,108355,121.5375,594,121.33,124.438,80.3285,254
513,424.7047,107875,120.1125,589,120.13,124.123,80.2364,254
514,420.0669,106697,120.7125,602,120.21,124.0381,80.1203,254
515,418.1067,105781,119.6875,580,120.09,124.2299,80.1772,253
516,412.9488,104889,120.2,586,120.55,124.2696,80.3964,254
517,406.0791,102738,120.2125,559,119.84,124.0721,80.3988,253
518,399.437,101457,118.9625,548,119.29,124.4967,80.5855,254
519,397.8889,100268,122.5625,539,121.32,124.2803,80.3758,252
520,390.668,100011,119.275,568,119.3,124.3179,80.6326,256
521,382.0591,97043,121.2,536,119.98,124.2262,80.1741,254
522,379.5906,96416,119.75,510,119.24,124.3141,80.8929,254
523,373.7333,95302,119.9125,510,119.5,124.2608,80.3914,255
524,369.6706,94266,119.7625,524,120.25,124.3395,80.9574,255
525,363.043,92939,120.2375,484,119.75,124.3265,80.5104,256
526,360.7024,90897,118.75,494,118.82,124.041,80.7721,252
527,358.1535,90971,121.6125,512,120.37,124.2644,80.9391,254
528,353.7628,89502,120.45,486,120.34,124.0669,80.8426,253
529,352.4651,90936,121.0375,480,120.83,124.0108,80.7143,258
530,348.6865,87869,119.9625,472,119.85,124.1069,80.9141,252
531,346.6772,88056,121.6125,466,121.25,124.1655,80.7525,254
532,346.5198,87323,119.8125,458,119.14,124.085,80.885,252
533,344.9921,87628,119.175,448,118.87,124.2541,80.8242,254
534,343.5253,88286,120.8,463,120.18,124.3782,80.8593,257
535,339.8379,85979,118.9125,448,119.08,124.2058,80.8036,253
536,340.5873,85828,121.2125,460,120.37,124.2082,80.6046,252
537,337.6349,85084,120.2625,438,119.22,124.2001,80.8087,252
538,339.131,85461,119.9875,454,118.95,124.3564,80.8869,252
539,335.0238,84426,121.5875,441,120.99,124.4446,80.6794,252
540,334.3492,84256,118.6,447,118.5,124.2438,80.9002,252
541,334.0472,84848,121.2875,426,119.82,124.1816,80.7991,254
542,332.3557,84086,121.175,453,120.28,124.2005,81.2338,253
543,331.2992,84150,119.825,466,119.61,124.1251,80.9971,254
544,329.8775,83459,120.4,453,119.97,124.1772,80.5375,253
545,333.0472,84594,119.4,446,118.86,123.9869,80.7733,254
546,331.4127,83516,120.6875,444,120.5,124.1024,81.1551,252
547,330.254,83224,120.15,457,120.07,124.1403,80.9716,252
548,333.0714,83934,121.2625,433,120.86,124.1926,80.7291,252
549,328.2891,84042,120.75,446,120.2,124.3615,81.1372,256
550,329.496,83033,120,438,119.42,124.1978,81.1356,252
551,326.5465,84249,120.0625,426,119.37,124.3371,81.0387,258
552,328.1944,82705,119.9875,443,120.08,124.1739,80.5618,252
553,328.4071,83087,119.9125,462,119.39,124.1637,80.8794,253
554,327.8189,83266,119.45,441,119.14,124.2082,80.7038,254
555,327.5315,83193,120.8375,439,120.39,124.2606,80.922,254
556,326.2806,82549,121.0625,445,121.17,124.0973,81.0314,253
557,323.8889,81620,119.6375,431,119.12,124.2901,80.7294,252
558,324.8477,83161,121.4375,430,120.63,124.0598,80.5816,256
559,321.1004,83165,119.1375,433,119.29,124.1833,80.6416,259
560,320.1389,80675,119.6125,419,119.23,124.464,81.0239,252
561,320.463,82359,120.0375,425,119.67,124.2792,80.6733,257
562,322.0236,81794,119.7125,415,119.56,124.472,80.9224,254
563,321.9841,81140,119.0875,434,118.46,124.278,81.2026,252
564,319.8452,80601,121.55,420,121.14,124.2821,81.0477,252
565,323.0238,81402,121.3625,443,120.9,124.1454,81.1959,252
566,321.1146,81242,119.1125,426,119.08,124.2942,81.0041,253
567,318.7992,80975,118.45,443,118.58,124.5126,81.119,254
568,318.4055,80875,120.45,405,120.3,124.0341,80.9947,254
569,318.4449,80885,119.425,419,118.9,124.1354,80.7575,254
570,319.4008,80489,120.75,422,120.06,124.1103,81.0667,252
571,318.4545,80569,120.9,448,120.36,124.0624,80.798,253
572,319.5534,80847,118.8375,414,118.7,124.2802,81.2286,253
573,316.5354,80400,120.15,413,119.98,124.2689,80.7685,254
574,317.3543,80608,121.15,425,120.39,124.1877,80.738,254
575,319.9881,80957,121.05,422,120.81,124.1968,81.083,253
576,318.2802,81798,118.9875,440,119.12,124.1565,80.8891,257
577,315.9611,81202,120.9125,405,120.63,124.0654,80.9555,257
578,315.4803,80132,121.0125,415,119.95,124.0154,81.1986,254
579,320.4032,81062,119.4875,419,119.24,124.3999,80.8403,253
580,316.8346,80476,119.375,424,119.36,124.2155,81.0703,254
581,318.9844,81979,119.5875,413,119.14,124.2422,80.8219,257
582,317.0079,80203,119.1125,418,119.42,124.2897,80.9564,253
583,319.6285,80866,119.6375,421,119.46,124.2135,81.0361,253
584,316.6902,80756,118.825,443,118.41,124.1194,80.9061,255
585,318.2174,80509,119.525,430,119.06,124.1363,81.0362,253
586,314.7747,79638,120.1125,436,120.13,124.2023,81.0069,253
587,315.1587,79420,119.3,404,118.78,124.3206,81.1562,252
588,315.7708,79890,119.425,430,119.39,124.4022,80.8932,253
589,318.2213,80510,120.8375,431,120.26,124.3018,80.9435,253
590,316.9488,80505,120.775,450,119.84,124.0197,80.8024,254
591,317.251,80899,120.4625,408,120.47,124.2103,80.9461,255
592,316.6063,80418,120.3375,410,119.85,124.2582,81.0339,254
593,314.8046,82164,121.7875,426,121.41,124.0868,81.0782,261
594,317.3755,80296,119.875,429,119.42,124.3429,81.2817,253
595,316.1462,79985,119.825,420,119.37,124.1446,80.7431,253
596,316.8024,80151,121.175,424,120.39,123.901,80.8132,253
597,315.1581,79735,121.2375,412,120.81,124.1945,81.2567,253
598,316.7362,80451,119.5625,446,119.37,123.9753,81.0237,254
599,316.1811,80310,120.25,438,120.02,124.1456,81.0686,254
600,317.3162,80281,120.4375,419,119.56,124.2569,81.0385,253
601,314.5891,81164,120.2375,414,119.88,124.2916,80.7495,258
602,313.1897,79237,119.3375,437,119.04,124.015,81.2612,253
603,312.6798,79108,119.3,407,118.64,124.0377,81.1381,253
604,312.336,79021,120.825,407,119.84,124.3345,81.3916,253
605,316.5787,80411,119.4,408,118.52,124.1417,80.8816,254
606,312.5534,79076,119.4625,444,118.86,124.233,81.2195,253
607,313.0276,79509,120.35,422,119.7,124.3216,80.9559,254
608,314.6745,80242,119.5375,413,119.91,124.2363,80.7636,255
609,314.1128,80727,119.575,425,119.59,124.4561,81.0141,257
610,312.8157,79768,120.1375,426,120.3,124.0169,81.305,255
611,311.5198,78503,120.575,420,119.97,123.9146,81.1123,252
612,313.4087,78979,119.7875,425,120.27,124.0965,81.207,252
613,313.2648,79256,120.9375,434,120.67,124.1127,81.0817,253
614,313.4246,78983,119.1875,420,119.15,124.1398,80.8937,252
615,313.5968,79340,119.25,423,119.07,124.6598,81.1532,253
616,310.8,79254,119.3625,417,119.62,124.2317,80.7518,255
617,312.4016,79350,120.475,426,120.46,123.9719,81.2222,254
618,313.1028,79215,120.6,400,120.11,124.2522,81.3776,253
619,313.7233,79372,121.125,406,119.41,124.3195,81.1297,253
620,313.9762,79122,120.625,409,119.94,124.2519,81.1699,252
621,311.2885,78756,119.625,415,118.5,124.0952,81.0567,253
622,312.2656,79940,118.9375,423,119.07,124.4654,81.0313,256
623,313.3294,79899,121.475,424,120.66,124.2884,81.0368,255
624,312.6459,80350,120.8625,431,120.2,124.195,80.962,257
625,314.1897,79490,120.2875,435,119.63,124.1468,81.3826,253
626,311.0941,79329,120.475,434,119.77,124.2098,81.2979,255
627,312.5455,79074,118.7,419,118.71,124.1291,81.0342,253
628,311.6094,79772,120.2875,412,120.23,123.9636,81.1885,256
629,313.8941,80043,120.05,431,119.45,123.9482,81.3152,255
630,308.9012,78152,119.9125,405,119.88,124.0862,80.981,253
631,310.2539,79425,120.8,420,120.22,124.1334,81.2559,256
632,309.3095,77946,120.4,408,120.31,124.0519,81.1725,252
633,309.7098,78976,120.425,409,119.82,124.2298,81.1504,255
634,309.373,77962,119.975,403,119.96,123.8483,81.0644,252
635,307.8288,79112,120.8125,394,120.28,124.335,81.1544,257
636,310.4314,79160,119.6625,424,119.31,123.9748,81.165,255
637,311.6389,78533,120.3125,400,120.09,124.0913,81.0254,252
638,311.754,78562,120.1875,408,119.2,124.2524,81.3165,252
639,311.381,78468,119.8,408,118.98,123.8796,81.2627,252
640,311.3399,78769,120.0375,408,120.17,123.7668,81.0594,253
641,311.2778,78442,119.9125,445,119.79,124.1788,81.4648,252
642,309.1102,78514,120.1125,400,120.07,124.2962,80.8093,254
643,310.0078,79052,118.2375,412,118.01,124.2333,81.1208,255
644,308.1294,78573,120.825,389,119.71,124.1996,81.351,255
645,310.4173,78846,120.0875,406,119.69,124.1705,81.2532,254
646,307.1274,79546,121.3375,409,120.59,124.2001,81.5073,259
647,311.3843,79403,119.375,404,118.89,124.0397,80.8461,255
648,308.8288,79369,120.025,397,119.88,124.1557,81.4184,257
649,311.0079,78374,120.925,414,120.22,124.1481,81.2545,252
650,307.0969,79231,121.075,391,120.03,123.9394,81.3311,258
651,308.4125,79262,120.125,404,120.36,124.024,80.8535,257
652,307.9457,79450,120.3875,442,119.82,124.1278,80.7168,258
653,308.531,79601,120.25,397,119.99,124.1151,80.6162,258
654,307.9921,78230,120.1,401,120.16,123.8962,81.0889,254
655,310.3922,79150,119.2625,399,119.64,124.4514,80.9786,255
656,305.3412,77862,121.3875,392,120.84,124.0315,80.885,255
657,307.9603,77606,119.9,444,118.98,124.2875,81.1332,252
658,307.7233,77854,120.875,421,120.38,124.2594,80.9203,253
659,309.0992,77893,120.45,388,119.91,124.2106,81.3362,252
660,309.4704,78296,119.775,422,119.71,124.074,80.8953,253
661,309.1344,78211,120.7375,410,119.9,124.1142,81.0339,253
662,307.4157,78391,121.15,398,120.84,124.2766,81.0715,255
663,307.7143,77544,120.175,408,120.38,124.3714,81.5703,252
664,308.0824,78561,119.9875,395,119.5,124.1097,81.1578,255
665,308.0395,77934,120.6,402,119.98,124.1494,81.0389,253
666,307.6561,77837,119.7,407,119.26,124.1874,81.137,253
667,307.3929,77463,119.5125,391,119.48,124.089,81.3191,252
668,305.4767,78813,121.025,398,120.66,124.3427,81.5088,258
669,307.6431,78449,120.675,389,119.8,124.1503,81.1764,255
670,307.4625,77788,119.1875,397,118.67,124.024,81.2928,253
671,305.3294,76943,120,394,120.17,123.9406,81.8145,252
672,306.8611,77329,120.575,412,120.15,123.8117,81.1699,252
673,307.6367,78755,119.55,413,119.56,123.9519,81.1204,256
674,306.9643,77355,119.65,417,119.56,124.2047,81.2754,252
675,309.3333,77952,120.8875,416,121.22,124.0215,81.2628,252
676,308.5198,77747,119.7,433,119.73,124.2598,81.4017,252
677,307.9688,78840,119.5375,447,119.11,123.933,81.5695,256
678,307.4409,78090,119.3,412,119.25,123.9775,81.6546,254
679,308.5595,77757,120.0375,406,119.96,124.0245,81.2582,252
680,305.9447,77404,120.0375,416,120.01,124.2322,81.2708,253
681,307.0934,78923,120.3875,401,119.95,124.1007,80.998,257
682,305.3725,77870,120.3375,406,119.67,123.983,81.1356,255
683,306.2688,77486,119.7125,391,119.2,124.4665,81.4132,253
684,305.9881,77415,120.1125,423,120.35,124.0412,81.6458,253
685,307.8701,78199,122,390,120.66,124.1034,81.315,254
686,306.7341,77297,120.95,423,120.37,124.0669,81.4888,252
687,307.5556,77504,120.2375,411,119.53,124.3246,81.3776,252
688,308.3228,78314,120.1375,394,119.64,123.8249,81.8341,254
689,306.2292,77476,120.1,409,119.66,123.8313,81.733,253
690,308.3202,78005,120.15,395,120.25,124.1279,81.3734,253
691,307.3175,77444,120.35,415,120.4,123.8601,81.3726,252
692,306.07,78660,119.8875,399,120.15,123.9687,81.0498,257
693,304.4643,76725,119.6,394,119.96,123.9834,81.4116,252
694,306.9289,77653,119.55,402,119.74,124.1927,81.2952,253
695,305.8968,77086,119.225,396,119.25,124.0463,81.1383,252
696,305.7595,80109,120.1875,389,119.57,123.8417,81.7294,262
697,303.8182,76866,119.4625,409,119.53,124.1505,81.3465,253
698,306.0119,77115,119.3,397,118.63,124.0268,81.8098,252
699,306.127,77144,120.8625,404,121.01,123.9005,81.6135,252
700,308.748,78422,121.3,414,121.34,123.9471,81.6453,254
701,305.0742,78099,120,416,120.1,124.1983,81.6112,256
702,305.8872,78613,120.7375,385,120.11,124.1351,81.6775,257
703,304.2266,77882,121.3125,399,120.48,124.1456,81.0739,256
704,305.3074,78464,120.725,390,120,123.8255,81.6253,257
705,303.4585,76775,120.425,412,120.79,124.2118,80.8232,253
706,306.1825,77158,121.0875,403,120.63,124.0896,81.3847,252
707,305.6063,77624,119.6625,398,119.65,123.817,81.3239,254
708,305.2024,76911,119.5625,394,119.83,124.0873,81.5952,252
709,304.6364,77073,119.6,401,119.12,123.8117,81.354,253
710,304.3438,77912,118.025,405,118.02,123.8986,81.4798,256
711,305.4664,77283,120.075,420,120.13,124.1549,81.2775,253
712,303.9844,77820,120.8625,400,120.57,124.0157,81.4652,256
713,302.5294,77145,120.625,388,120.04,123.9917,81.3637,255
714,303.5525,78013,118.1375,404,118.87,124.0084,81.2078,257
715,305.7063,77038,118.9875,393,119.06,124.0174,81.4292,252
716,305.2835,77542,120.1875,410,120.09,124.116,81.3842,254
717,306.083,77439,119.3125,391,118.93,124.2117,81.5142,253
718,304,76608,121.45,406,119.56,123.8846,81.0526,252
719,306.1137,78059,120.0375,388,120.56,124.1114,81.3574,255
720,305.498,77291,119.5375,391,119.3,124.1578,81.1987,253
721,304.5569,77662,121.175,395,120.56,124.1029,81.6131,255
722,303.1961,77315,119.3125,396,119.05,123.9918,81.3642,255
723,303.1395,78210,119.2125,393,119.64,124.3328,81.3326,258
724,305.8071,77675,120.2,409,119.95,124.1677,81.5675,254
725,304.5,76734,120.4375,390,120.01,124.1527,81.3519,252
726,303.6601,76826,120.675,399,120,124.0606,81.5068,253
727,304.6206,77069,121.525,383,120.8,123.9811,81.9086,253
728,305.7656,78276,120.3875,403,120,123.6006,81.3564,256
729,303.1829,77918,121.0875,405,121.31,124.0251,81.4811,257
730,305.9802,77413,119.3,391,119.06,124.1367,81.2848,253
731,306.4427,77530,120.4625,395,119.82,124.1617,81.8449,253
732,303.0426,78185,120.75,411,119.34,124.2557,81.5234,258
733,302.5984,76860,120.7,411,120.13,123.9066,81.4486,254
734,304.6431,77684,119.2125,425,119.11,123.8325,81.3606,255
735,306.4488,77838,119.7125,416,119.91,124.0701,81.5788,254
736,305.3532,76949,120.7125,434,119.81,123.8962,81.4898,252
737,304.1457,77253,119.55,400,119.29,124.1839,81.7054,254
738,307.7302,77548,121.4125,400,120.52,123.727,81.6115,252
739,305.7082,78567,119.625,397,120.2,124.0234,81.5876,257
740,307.4308,77780,121.625,400,120.42,123.824,81.5099,253
741,306.6525,79423,120.5875,390,120.08,123.9877,81.655,259
742,305.9449,77710,119.3,414,119.16,124.2191,81.4587,254
743,304.6746,76778,120.475,392,119.81,123.9124,81.3187,252
744,305.6953,78258,119.475,425,119.35,123.8146,81.3667,256
745,303.7698,76550,119.25,390,119.2,123.7374,81.3562,252
746,302.7461,77503,120.2375,414,119.79,123.9147,81.6827,256
747,305.246,76922,119.575,400,119.22,124.2442,81.71,252
748,303.2196,77321,120.325,391,118.97,123.9583,81.7711,255
749,305.0784,77795,120.0625,408,119.98,124.0883,81.698,255
750,302.7761,78419,119.0125,391,118.45,123.812,81.3871,259
751,305.7451,77965,120.475,388,120.68,123.9378,81.3964,255
752,304.4545,77027,119.2375,408,119.45,123.8206,81.3374,253
753,305.2817,76931,119.1125,401,119.16,123.9552,81.7282,252
754,304.5765,77667,120.4375,402,119.48,124.1773,82.0146,255
755,305.4648,78199,119.625,431,119.24,123.6524,81.5726,256
756,305.1976,77215,119.875,407,119.21,124.1374,81.8504,253
757,304.3555,77915,119.525,408,118.77,123.8923,81.7017,256
758,304.0119,76915,119.5375,394,119.55,123.7127,81.7953,253
759,304.1969,78787,119.05,401,118.9,124.1368,81.4921,259
760,303.7539,77761,120.725,400,119.95,123.8146,81.6904,256
761,305.8056,77063,120.125,393,119.65,123.7623,81.9633,252
762,304.345,78521,118.875,405,119.02,123.9232,81.8055,258
763,303.6299,77122,119.2625,384,119.79,123.779,81.3342,254
764,302.6786,76275,118.8375,395,119.03,123.8427,81.4835,252
765,303.6389,76517,120.5875,407,120.18,123.5869,81.6032,252
766,304.6797,77998,121.275,410,120.99,124.1223,81.9825,256
767,304.5433,77354,120.9375,406,120.04,123.722,81.5034,254
768,302.3413,76190,119.675,403,119.19,123.8212,81.4974,252
769,304.9842,77161,119.35,402,119.72,123.9348,81.4712,253
770,305.0863,77797,120.525,427,120.31,123.8081,81.5582,255
771,303.4841,76478,119.975,407,120.07,123.8322,81.6238,252
772,303.0394,76972,118.1875,415,117.97,123.6688,81.4946,254
773,302.6231,78682,119.45,398,119.11,123.7259,81.7262,260
774,301.9923,78216,120.0375,389,120.23,123.702,81.6233,259
775,303.7817,76553,120.2,395,120.22,123.8857,81.8327,252
776,303.2411,76720,120.075,392,119.97,123.9246,81.5816,253
777,305.3937,77570,119.45,388,119.33,123.811,81.8523,254
778,303.0312,77576,120.05,408,119.76,123.8366,81.3678,256
779,303.8413,76568,120.9,403,120.63,123.7743,81.608,252
780,305.0635,76876,120.225,404,119.24,123.8896,81.6702,252
781,304.2227,77881,119.275,387,119.06,123.6008,81.7928,256
782,301.5714,78107,120.2625,400,120.17,123.8219,82.1249,259
783,303.3098,77344,120.6,392,120.22,123.7936,81.8094,255
784,305.3929,76959,121.3625,398,120.94,124.0575,81.2525,252
785,301.4071,76256,119.925,390,119.4,123.8844,81.7984,253
786,302.502,76533,118,384,117.53,123.6417,81.5301,253
787,301.119,75882,119.2875,386,119.43,123.9415,81.7465,252
788,300.8643,77623,120.3875,388,119.81,123.7256,81.5523,258
789,300.8346,76412,121.2375,411,120.8,123.7701,81.6714,254
790,301.0078,77058,120.0375,383,119.36,123.8941,81.8167,256
791,302.7194,76588,119.4,420,118.9,124.1609,81.7672,253
792,305.0754,76879,122.025,406,121.53,123.7455,81.6585,252
793,302.3676,76499,119.675,396,119.3,123.8129,81.6964,253
794,301.1693,76497,118.2875,409,118.13,123.6329,81.6956,254
795,305.2362,77530,119.5875,404,119.31,123.6411,81.5384,254
796,302.0906,76731,120.525,390,119.98,123.7112,81.8039,254
797,301.087,76175,120.875,391,120.88,123.9746,81.8863,253
798,301.815,76661,119.1125,391,118.81,123.7324,81.6131,254
799,300.2055,75952,120.7625,405,120.05,124.1876,82.0301,253
800,301.1587,75892,119.275,385,118.48,123.8723,82.2498,252
801,300.9524,75840,120.1375,400,119.93,123.836,81.5876,252
802,301,77959,119.475,388,119.92,123.8309,81.6701,259
803,304.2734,77894,122.025,405,121.8,123.8396,81.6079,256
804,301.0276,76461,119.9125,393,119.67,124.027,81.7922,254
805,300.0079,75602,120.1125,392,119.74,123.7907,81.7855,252
806,301.2421,75913,119.6,388,119.35,123.6423,81.8193,252
807,301.0591,76469,120.375,387,120.13,123.7848,81.6968,254
808,301.1865,75899,118.9875,394,118.49,123.8147,81.9112,252
809,299.9484,75587,119.5,391,119.46,123.7949,81.7291,252
810,303.4845,78299,121.4875,408,121.14,124.1445,81.7,258
811,301.0272,77364,120.9625,409,119.81,123.7848,82.0876,257
812,302.2103,76157,121.325,380,120.67,123.8968,82.1326,252
813,301.5455,76291,120.55,396,119.95,124.1921,81.7786,253
814,299.2607,76910,120.0625,382,119.13,123.7139,81.5828,257
815,301.1938,77708,120.0125,391,120.31,123.8672,81.9559,258
816,302.7668,76600,120.2125,432,119.76,123.6134,81.6326,253
817,299.5039,76074,120.525,380,120.36,123.8793,82.0244,254
818,301.0772,77979,120.575,395,120.6,123.8722,81.4557,259
819,300.25,75663,120.05,388,120.23,123.8623,81.7412,252
820,300.2095,75953,119.875,388,119.69,123.6949,81.6467,253
821,303.4102,77673,118.9125,410,119.24,123.896,81.761,256
822,297.543,76171,119.2625,394,119.38,123.846,81.4422,256
823,299.9881,75597,118.825,381,119.08,123.7693,81.7919,252
824,301.127,75884,119.55,393,119.66,124.1456,81.8825,252
825,301.1969,78010,119.9875,392,120.34,123.6285,81.6787,259
826,297.869,75063,120.25,402,120.13,123.6275,81.5386,252
827,300.2797,78373,119.825,407,120.02,123.8813,81.4468,261
828,300.6693,77272,120.15,385,120.06,123.6075,81.7205,257
829,298.2685,76655,120.575,394,120.35,123.5714,81.7053,257
830,303.1378,76997,119.7,386,119.22,123.6016,81.7383,254
831,302.9683,76348,120.675,430,120.59,123.7443,81.5228,252
832,303.0356,76668,120.4625,397,120,123.6252,81.9749,253
833,298.8731,77707,120.3625,388,120.44,123.6706,81.9733,260
834,300.6154,78160,121.4125,389,120.71,123.6317,81.8111,260
835,300.8016,75802,119.9,404,119.23,123.8769,81.4826,252
836,299.3953,75747,120.3,381,120.06,123.5573,81.7417,253
837,300.3516,76890,118.9,410,119.16,123.5931,81.5137,256
838,300.0859,76822,119.3875,393,119.19,123.6139,81.9303,256
839,302.7176,77193,121.1,397,120.49,123.9247,81.8044,255
840,301.3077,78340,119.5875,415,119.75,123.9217,81.785,260
841,299.7722,77641,120.4125,376,119.76,123.8056,81.9873,259
842,300.7103,75779,119.9375,425,119.99,123.9621,82.0827,252
843,302.3452,76191,120.5625,379,120.01,123.7987,82.1684,252
844,300.5375,76036,120.325,395,120.09,123.7193,81.5368,253
845,303.5059,76787,120.3375,404,119.61,123.6343,81.429,253
846,302.9012,76634,119.275,397,119.15,124.0054,81.9244,253
847,303.5669,77106,120.8375,380,120.19,123.97,81.5911,254
848,305.6328,78242,120.2,434,119.27,123.9197,81.5627,256
849,302.751,76596,120.0875,410,119.57,124.0962,81.1668,253
850,303.9031,78407,120.8625,420,120.59,123.9532,81.8119,258
851,303.3715,76753,121.525,400,120.66,123.7785,81.9204,253
852,300.9922,77054,119.6625,386,119.66,123.8257,81.7092,256
853,302.5354,76844,120.025,386,119.72,123.8642,81.3575,254
854,303.5079,77091,117.55,391,117.85,123.943,81.797,254
855,299.9691,77692,120.225,394,120.29,123.6408,81.7956,259
856,303.2262,76413,120.275,380,119.63,123.6523,81.5663,252
857,302.5336,76541,121.4875,387,121.41,123.9774,82.1225,253
858,302.7984,76608,120.8,392,120.94,123.9402,81.8147,253
859,301.7647,76950,120.05,382,119.8,124.0363,81.3838,255
860,301.0156,77060,120.7,388,120.51,123.5446,81.6149,256
861,302.17,76449,120.2125,400,119.43,123.8152,81.7173,253
862,301.5742,77203,119.6875,386,120.29,123.6964,81.7279,256
863,301.5736,77806,119.3,407,119.06,124.0248,81.6467,258
864,300.8609,80029,121,399,120.87,123.9552,81.7341,266
865,302.1548,76143,120.5,399,119.85,123.8656,81.6866,252
866,299.4157,76351,118.475,380,118.66,123.7993,82.2597,255
867,301.5556,75992,121.375,402,120.83,123.6105,81.3131,252
868,300.8594,77020,119.925,370,119.81,124.0366,81.6805,256
869,300.5725,76646,121.2125,402,120.73,124.0144,81.6857,255
870,300.1071,75627,119.3875,394,119.65,123.927,81.7357,252
871,300.0703,76818,120.5375,391,119.73,123.9086,81.8436,256
872,299.8775,75869,120.1125,387,120.15,123.7491,81.7044,253
873,300.6865,75773,118.225,374,118.49,123.8136,81.608,252
874,300.302,76577,120.625,393,120.13,123.5524,81.6291,255
875,301.2188,77112,119.5625,396,119.85,123.8084,81.6314,256
876,299.4667,76364,121.2625,392,121.28,124.0138,81.4062,255
877,299.2879,76917,119.95,404,120.55,123.9017,81.7499,257
878,299.3711,76639,120.5375,397,119.68,123.9734,82.0603,256
879,300.7126,76381,120.175,398,119.97,124.0547,81.6499,254
880,300.8016,75802,123.1625,392,122.68,124.0173,82.1113,252
881,299.0988,75672,120.45,389,119.32,123.6979,81.2322,253
882,300.5961,76652,120,403,120.17,123.8021,81.5447,255
883,298.6992,76467,118.7875,384,118.79,123.7862,81.4361,256
884,298.6196,76148,119.35,396,119.26,123.8445,81.538,255
885,299.502,76373,119.925,383,119.83,123.7549,81.8635,255
886,298.246,75158,119.8375,408,119.8,123.8712,81.7357,252
887,300.8516,77018,121.075,392,120.62,123.7078,81.5248,256
888,302.8016,76306,122.025,393,121.58,123.8099,81.4633,252
889,301.2402,76515,120.0875,388,119.92,123.8958,81.8492,254
890,300.418,76907,118.8875,414,118.64,123.9174,81.5981,256
891,298.0811,77203,119.725,410,120.16,123.6856,81.382,259
892,301.2857,75924,120.5375,409,120.5,123.5877,81.7138,252
893,300,76200,120.0125,374,119.72,123.8559,81.4184,254
894,301.9762,76098,120.55,404,120.75,124.0098,81.5523,252
895,300.6508,75764,121.1875,419,119.93,124.0877,81.3904,252
896,303.0909,76682,121.8875,391,121.62,123.7518,80.9998,253
897,301.7717,76650,120.8375,387,120.91,123.7302,81.4605,254
898,297.4246,74951,118.775,402,118.66,124.1364,81.5865,252
899,300.4269,76008,120.625,374,120.19,124.1234,81.5441,253
900,298.3516,76378,119.8,374,119.2,123.7023,81.705,256
901,300.7461,76991,119.9375,380,119.64,123.9218,80.9044,256
902,300.2913,76274,118.4125,395,118.89,123.9497,81.528,254
903,300.7817,75797,119.825,395,119.9,123.9259,81.3947,252
904,301.786,77559,119.3875,411,119.72,124.2297,81.2484,257
905,299.8175,75554,119.525,397,119.66,123.6949,81.5522,252
906,300.0388,77410,120.75,394,120.07,124.1247,81.6703,258
907,298.1133,76317,120.15,390,119.72,123.7686,81.3646,256
908,300.2846,75972,119.575,384,119.66,123.8033,81.5295,253
909,298.9685,75938,120.1375,393,119.6,124.0989,81.2691,254
910,301.581,76300,120.25,412,119.13,123.8793,81.1528,253
911,299.498,76372,120.4625,401,120.4,123.9339,81.7344,255
912,298.4358,76698,119.1875,369,119.27,124.1112,81.2318,257
913,298.5669,75836,119.925,372,119.22,123.7013,81.577,254
914,297.6969,75615,119.725,410,119.82,123.9131,81.5016,254
915,299.0973,76868,119,385,118.59,124.1059,81.2309,257
916,298.1176,76020,119.525,370,119.1,123.8016,81.6532,255
917,300.5731,76045,119.4125,403,119.48,124.3169,81.4238,253
918,300.4843,76323,119.8875,395,119.89,123.8255,81.3209,254
919,300.3255,76583,119.075,394,119.29,124.0494,81.4093,255
920,300.1622,77742,121.75,374,121.13,123.8634,81.2794,259
921,299.1953,76594,119.4875,402,119.31,123.8369,81.3503,256
922,297.9216,75970,120.425,397,120.46,123.784,81.725,255
923,301.3217,77741,119.475,384,119.85,123.8882,81.2584,258
924,299.1502,75685,119.1375,402,119.1,123.6654,81.3281,253
925,300.8941,76728,119.575,375,119.29,123.7171,81.4013,255
926,301.8538,76369,120,385,119.36,123.8228,81.3695,253
927,298.9524,75336,121.775,394,121.97,124.184,81.8352,252
928,300.7897,75799,119.65,418,119.01,124.1299,81.2836,252
929,299.8858,76171,120.5875,396,119.99,123.716,81.4844,254
930,299.254,75412,119.225,388,118.86,123.6991,80.8737,252
931,299.3735,76939,119.075,402,119.11,123.893,81.8636,257
932,300.7897,75799,120.0375,397,119.49,124.0647,81.3724,252
933,299.2857,75420,120.325,376,119.9,124.0232,81.4372,252
934,300.8633,77021,119.75,399,119.97,123.9158,81.5781,256
935,298.0833,75117,121.85,387,121.36,124.0502,81.4126,252
936,296.9167,74823,119.45,394,119.17,124.1748,81.492,252
937,298.0155,76888,119.8125,381,119.67,124.0194,81.5349,258
938,301.1984,75902,120.8125,401,120.27,123.7118,81.1961,252
939,299.4405,75459,119.8625,386,119.82,124.2835,81.3745,252
940,296.4215,77366,120.4375,382,119.63,123.8838,81.5906,261
941,299.0754,75367,120.475,384,120.02,123.8775,81.7176,252
942,299.3882,76344,118.425,388,119.06,124.2253,81.5907,255
943,298.0941,76014,118.9875,391,119.45,123.9481,81.8178,255
944,297.2341,74903,120.1625,393,119.9,123.7267,81.6633,252
945,294.8872,78440,120.7125,381,120.1,123.9274,81.07,266
946,297.8588,75954,119.575,382,119.88,124.1039,81.759,255
947,297.9722,75089,119.9375,376,119.67,123.7963,81.1762,252
948,296.3855,77653,120.1375,385,119.89,124.2119,81.8285,262
949,296.4397,76185,120.2375,387,120.05,123.9782,81.7287,257
950,297.1211,76063,120.35,390,120.29,124.0933,81.5767,256
951,296.3492,74680,119.775,377,118.95,123.9615,81.8853,252
952,298.5176,76122,118.4875,380,118.9,124.0438,81.4542,255
953,297.3439,75228,120.8125,396,120.14,123.9857,81.5474,253
954,296.4008,76175,120.0625,380,120.04,124.1338,81.827,257
955,299.1961,76295,120.4125,388,119.87,123.8035,81.4475,255
956,295.8711,75743,120.325,380,120.32,123.9574,81.5285,256
957,299.626,76105,119.3,385,119.65,124.1302,81.9007,254
958,295.3059,75303,120.875,416,120.26,123.9166,81.3926,255
959,297.6962,77401,120.2375,380,120.27,123.9521,81.5946,260
960,295.8498,74850,118.5875,375,118.43,124.2023,81.3608,253
961,294.7259,76334,119.9375,392,119.65,123.9915,81.301,259
962,296.5333,75616,119.1625,390,118.87,124.0164,81.882,255
963,297.6825,75016,118.7625,392,118.74,123.5422,81.8392,252
964,297.3268,75521,120.55,381,119.92,124.1707,81.6775,254
965,296.1085,76396,120.7875,383,120.44,124.0407,81.1406,258
966,298.6535,75858,122.4,383,122.09,123.4765,81.427,254
967,296.4032,74990,119.6375,393,119.67,124.0489,82.0149,253
968,297.3439,75228,120.5875,422,119.87,123.9285,81.3771,253
969,298.2461,76351,119.4,381,119.56,123.9433,81.6587,256
970,297.8755,76554,120,375,120.09,123.8672,81.8106,257
971,296.2752,76439,119.9125,400,119.88,123.7045,81.4666,258
972,297.9258,76269,119.1875,394,119.81,123.6303,81.4247,256
973,294.5469,75404,120.125,369,119.94,123.8796,81.4864,256
974,298.2441,75754,119.45,398,119.63,123.91,81.4159,254
975,297.8649,77147,118.8875,364,119.26,123.7825,81.7499,259
976,297.3849,74941,119.9375,380,119.81,123.4919,81.5248,252
977,295.7323,75116,119.775,393,120.52,123.8714,81.4404,254
978,297.5394,75575,119.7125,398,119.38,123.9618,81.9179,254
979,297.1535,75477,120.1125,388,120.1,124.0213,81.3068,254
980,299.0437,75359,119.4875,402,119.22,123.9991,81.3514,252
981,297.627,75002,119.65,383,120.1,123.7013,81.2599,252
982,296.4612,76487,120.2875,394,120.18,124.029,81.1458,258
983,298.1102,75720,120.775,381,119.94,123.5238,81.4075,254
984,297.6016,76186,119.6,383,119.55,123.8589,81.8404,256
985,296.8294,74801,120,396,119.9,123.6927,81.4715,252
986,295.9294,75462,119.5125,376,119.67,124.178,81.3434,255
987,298.9412,76230,119.875,394,119.31,123.6039,81.7304,255
988,297.8667,75956,120.9125,391,120.71,124.2864,81.4346,255
989,298.087,75416,119.3125,397,119.19,123.5447,81.4203,253
990,296.5405,76804,121.175,376,120.93,123.7015,81.8819,259
991,297.7115,75321,120.4,381,119.84,123.7941,81.4567,253
992,295.75,75712,120.475,370,120,124.0982,81.6252,256
993,296.4453,75890,120.675,395,119.6,123.8099,81.3808,256
994,299.0272,76850,119.5,395,119.88,123.9935,81.9493,257
995,295.438,76223,119.6125,386,119.78,123.9295,81.9684,258
996,296.1647,75522,119.8,383,119.69,123.6825,81.7447,255
997,296.8379,75100,119.5125,372,119.4,124.0343,81.5416,253
998,295.1822,76157,120.6,373,119.65,123.9859,81.5972,258
999,296.2353,75540,118.775,375,119.03,124.0127,81.3928,255
1000,295.6322,77160,121.3375,382,120.84,123.968,81.0342,261
1001,293.2835,76547,121.1,361,121,124.1365,81.5446,261
1002,295.1602,75561,119.5,392,119.02,123.9419,81.5897,256
1003,296.8261,75097,118.7375,401,118.56,124.0023,81.6453,253
1004,295.345,76199,121.175,393,119.76,123.7986,82.1298,258
1005,295.1589,76151,120.2125,387,120.47,124.1314,81.7036,258
1006,296.1839,77304,121.0375,388,120.24,123.4815,81.6294,261
1007,297.1556,76369,119.65,392,119.93,123.8734,81.7405,257
1008,298.6798,75566,120.1,387,120.32,123.919,81.7653,253
1009,298.0703,76306,120.0375,383,119.24,124.1602,81.6542,256
1010,297.8893,75366,120.0125,404,119.21,123.7945,81.3672,253
1011,298.0157,75696,120.475,397,120.91,124.0632,81.538,254
1012,298.5771,75540,119.3625,391,118.74,124.1632,81.5544,253
1013,298.6809,76761,118.525,392,118.02,123.8103,81.4641,257
1014,300.2062,77153,118.1375,386,118.46,123.5173,81.8016,257
1015,298.0927,77206,121.5125,376,120.95,123.8777,81.2608,259
1016,298.6395,77049,120.0625,383,119.85,123.9545,81.5744,258
1017,298.9206,75328,121.775,398,121.21,123.8002,81.5063,252
1018,300.4648,76919,120.2125,393,120.59,123.5689,81.6152,256
1019,303.5357,76491,120.35,418,120.16,123.5343,81.4193,252
1020,304.0772,78756,119.35,413,118.58,123.8106,81.0885,259
1021,307.3359,78678,119.725,393,120.1,123.8254,81.2426,256
1022,306.9368,77655,119.3125,401,119.01,123.7961,81.366,253
1023,309.6667,79894,119.975,397,119.68,124.0053,81.2324,258
1024,315.0435,79706,119.95,427,119,123.8009,81.6255,253
1025,314.1373,80105,119.7625,414,119.86,123.7557,81.2052,255
1026,319.2103,80441,119.3125,411,119.53,124.1788,81.4204,252
1027,321.0866,81556,118.8,412,118.66,123.8872,81.2579,254
1028,322.8419,81679,118.9,418,118.99,123.9008,81.09,253
1029,324.4803,82418,120,444,119.82,124.0549,81.3657,254
1030,325.2016,82276,121.2,446,120.97,123.7866,81.5721,253
1031,329.0238,82914,120.3375,426,119.79,124.0462,81.2675,252
1032,333.2235,84972,118.4,441,118.44,123.7969,81.9052,255
1033,326.4125,83888,120.1625,447,119.77,123.8018,81.4746,257
1034,328.4134,83417,121.325,424,121.85,124.2467,81.3525,254
1035,326.2941,83205,120.05,428,119.55,123.609,81.3578,255
1036,322.5079,81272,119.95,414,119.94,124.0719,81.3124,252
1037,324.0632,81988,119.1125,420,118.44,123.8717,81.1472,253
1038,321.6941,82032,120.5875,435,119.9,123.9987,81.6306,255
1039,319.7852,81865,121.3875,395,121.18,123.8913,81.2433,256
1040,317.0516,79897,121.225,430,120.97,123.8136,81.5156,252
1041,316.3059,80658,120.0625,409,119.54,123.7903,81.0129,255
1042,315.6588,80493,119.4375,395,119.24,123.7678,81.0962,255
1043,315.496,79505,120.3,422,120.16,123.8107,81.6241,252
1044,314.1969,79806,119.375,399,119.12,123.4669,81.5231,254
1045,313.9923,81638,120.275,426,119.73,123.2939,81.6989,260
1046,319.2579,80453,120.175,408,119.93,124.0236,81.1428,252
1047,316.5426,81668,120.1125,413,119.24,123.8524,81.4737,258
1048,317.2835,80590,120.325,434,119.97,123.9817,81.4354,254
1049,315.0079,79697,119.575,404,119.64,123.7096,81.4397,253
1050,315.0811,81606,118.65,433,119.02,124.0818,81.3983,259
1051,314.7619,79320,119.5125,395,119.56,123.7248,81.3697,252
1052,312.8154,81332,119.8875,396,119.75,123.9734,81.1466,260
1053,314.6957,79618,120.7625,407,120.29,123.7911,81.4735,253
1054,311.622,79152,120.175,399,120.31,124.0408,81.1869,254
1055,309.698,78973,121.95,423,121.18,124.0009,81.4107,255
1056,311.5882,79455,121.275,396,120.74,123.9035,81.5993,255
1057,309.8327,79627,120.775,412,120.43,123.8455,81.5082,257
1058,305.1614,77511,119,380,118.55,123.5986,80.9832,254
1059,306.3774,78739,121.95,410,122.15,123.7409,81.5183,257
1060,305.9008,77087,120.2875,382,120.24,123.9766,81.6418,252
1061,308.2784,78611,121,398,120.44,123.8972,81.2949,255
1062,304.8118,77727,120.5875,393,120.4,123.9055,81.2776,255
1063,307.3176,78366,121.275,388,120.73,123.8426,81.4962,255
1064,305.3492,76948,119.8,391,119.82,123.7949,81.7398,252
1065,304.9567,77459,120.375,407,119.95,123.8737,81.4009,254
1066,305.4685,77589,119.8125,398,119.78,123.8091,81.4088,254
1067,305.9258,78317,119.175,399,119.03,123.8688,81.5337,256
1068,303.9423,79025,119.6875,412,119.7,123.6783,81.5457,260
1069,303.7937,76556,119.8,399,119.59,123.932,81.672,252
1070,303.5906,77112,120.025,379,119.67,123.7392,81.0348,254
1071,299.1512,77181,120.1875,387,120.94,124.0292,81.4248,258
1072,301.5388,77797,119.45,382,118.25,123.6403,81.6632,258
1073,301.8196,76964,120.975,384,121.65,123.9982,81.5706,255
1074,301.8889,76076,122.6375,414,122,123.9615,81.2012,252
1075,300.1473,77438,119.2875,384,119.31,123.4339,80.7493,258
1076,299.0952,75372,121.4125,386,120.99,123.8533,81.2224,252
1077,298.8103,75599,119.7,385,119.91,123.7675,81.2561,253
1078,298.5315,75827,119.0375,367,119.36,123.8786,81.1404,254
1079,299.2835,76018,118.9625,372,119.26,123.822,81.601,254
1080,299.5906,76096,119.3375,377,119.41,123.9119,81.675,254
1081,299.4206,75454,119.9625,375,119.96,123.7916,81.4615,252
1082,299.5472,76085,119.95,380,120.49,123.6859,81.6383,254
1083,297.5675,74987,119.725,388,119.37,124.0674,81.6181,252
1084,298.0784,76010,119.125,381,118.82,123.89,81.5019,255
1085,299.0238,75354,120.7125,386,120.32,123.9116,81.5984,252
1086,298.869,75315,121.1625,401,120.17,123.9226,81.1008,252
1087,297.1693,75481,119.2125,385,119.26,124.0747,81.7102,254
1088,294.6163,76011,119.4875,379,119.16,123.8456,81.4561,258
1089,296.9804,75730,119.0625,382,119.35,123.8769,81.4145,255
1090,295.0669,74947,119.5375,376,119.73,123.7903,81.2828,254
1091,296.2451,76135,119.0875,385,119.26,123.7721,81.1584,257
1092,300.0278,75607,120.1375,382,120.3,124.1153,81.5745,252
1093,294.5534,74522,122.3375,375,121.99,123.8319,81.6771,253
1094,298.102,76016,120.65,437,120.7,123.8454,81.1789,255
1095,296.3413,74678,119.1875,373,119.39,123.969,81.1646,252
1096,297.7725,75932,119.6,385,119.55,124.0449,81.5275,255
1097,295.5827,75078,119.65,394,119.44,123.8109,81.4961,254
1098,294.6353,75132,120.125,389,121.13,123.9559,81.0536,255
1099,298.9762,75342,119.275,408,118.99,123.8056,81.2945,252
1100,296.9137,75713,119.65,369,119.98,123.799,81.0701,255
1101,298.898,76219,122.1375,395,122,123.6889,81.2376,255
1102,298.0709,75710,118.9875,378,119.52,123.6736,81.3003,254
1103,294.6398,76901,119.8,371,120.47,124.0213,81.7047,261
1104,294.8667,79614,119.05,382,118.72,123.6804,81.5081,270
1105,294.625,75424,120.85,367,120.32,123.9211,81.2357,256
1106,295.0543,76124,119.4125,391,119.46,123.9851,81.1344,258
1107,297.7233,75324,119.3375,373,119.77,123.9343,81.3524,253
1108,297.4341,76738,119.6875,396,119.8,123.5874,80.9525,258
1109,296.2016,76420,120.4125,384,120.5,124.2073,81.6684,258
1110,296.0866,75206,120.6875,381,120.23,124.0933,81.555,254
1111,297.2381,74904,119.625,386,119.21,123.8008,81.5208,252
1112,298.3594,76380,120.3,397,120.46,123.834,81.4031,256
1113,297.6627,75011,119.15,381,119.23,123.7534,81.3662,252
1114,296.9763,75135,121.25,395,120.71,124.1769,81.219,253
1115,299.5952,75498,121.9,412,121.51,123.8054,81.4925,252
1116,297.4286,74952,118.55,375,118.91,123.918,81.5401,252
1117,297.1725,75779,119.275,391,119.52,123.8983,81.5232,255
1118,297.6389,75005,120.2375,378,119.52,124.0014,81.2804,252
1119,297.9023,76263,120,375,119.34,124.003,81.2856,256
1120,293.9412,74955,120.125,355,119.27,124.1467,81.0989,255
1121,295.1378,74965,119.375,382,118.76,123.9803,81.5308,254
1122,296.6063,75338,120,387,119.76,124.0012,81.6033,254
1123,295.5294,75360,119.125,371,118.27,123.8587,81.1017,255
1124,294.1389,74123,119.4,380,119.46,123.9908,81.3631,252
1125,294.9344,76388,120.1625,374,119.85,124.0646,81.6227,259
1126,295.8294,74549,121.55,386,120.73,123.8337,81.0767,252
1127,294.5364,76874,120.1875,372,120.35,124.1567,81.8991,261
1128,293.5312,75144,120.95,376,120.46,124.2389,81.3293,256
1129,292.2654,75989,120.1125,376,119.55,123.6772,81.4847,260
1130,292.8532,73799,121.0125,372,120.82,124.1712,80.8806,252
1131,294.7302,74272,119.3,389,119.1,123.6768,81.1477,252
1132,295.9291,75166,118.675,369,118.38,123.9464,81.3749,254
1133,294.8268,74886,119.975,380,119.71,123.7735,81.2657,254
1134,294.2857,76220,118.575,372,119.22,123.7489,81.1932,259
1135,294.2539,75329,118.5375,379,119.09,123.6842,81.4848,256
1136,294.6875,75440,119,379,119.26,123.9774,81.4441,256
1137,293.793,75211,118.8,383,118.95,123.5611,81.0191,256
1138,292.9062,74984,121.1125,386,121.37,123.7202,81.4656,256
1139,294.336,74467,120.4,371,120.69,124.2114,81.031,253
1140,292.4008,76609,120.675,373,120.77,123.5666,81.635,262
1141,293.5079,74551,121.0625,372,120.71,123.6478,81.3952,254
1142,292.4803,74290,119.8875,376,120.34,124.1448,81.7619,254
1143,294.7638,74870,121.15,374,120.72,123.8265,81.4461,254
1144,292.5929,74026,119.7,370,119.6,123.9683,81.2033,253
1145,292.4269,73984,119.375,384,118.8,123.8304,81.0002,253
1146,291.6759,73794,120.325,361,120.35,123.7371,81.4278,253
1147,291.7559,74106,120.0875,408,119.95,123.9853,81.4559,254
1148,292.0115,76215,120.0375,364,119.95,124.005,81.6089,261
1149,290.8385,75618,120.5875,366,119.86,123.8774,81.186,260
1150,291.4047,74891,121.1,384,121.06,123.6447,81.2222,257
1151,291.4479,75485,120.5625,373,120.18,123.5792,81.0088,259
1152,290.4574,74938,120.4375,378,120.18,124.317,81.3989,258
1153,289.5195,74117,119.925,386,119.87,124.1304,81.3576,256
1154,292.3398,74839,120.6625,380,120.32,123.7641,81.4051,256
1155,292.3164,74833,119.2875,367,119.14,123.9776,81.3722,256
1156,290.6957,73546,120.5125,380,119.95,124.0363,81.4013,253
1157,291.9331,74151,120.1875,358,120.08,123.8403,81.6377,254
1158,291.8889,73556,118.9125,375,119.04,124.0216,81.3237,252
1159,290.0421,75701,120.975,367,120.08,123.7113,81.4133,261
1160,290.3477,74329,119.5875,367,119.8,123.5525,81.7913,256
1161,291.938,75320,119.55,359,118.56,123.8374,81.2638,258
1162,288.7481,75652,118.75,358,118.57,124.1946,81.6086,262
1163,289.0714,72846,119.2,378,119.19,123.8424,81.1388,252
1164,292.6627,73751,119.5,374,119.35,123.7806,81.441,252
1165,291.6996,73800,119.975,388,119.47,123.7496,81.2374,253
1166,292.7852,74953,119.8875,373,120.42,124.1169,81.4131,256
1167,289.6561,73283,119.8,367,119.78,124.0773,81.1228,253
1168,288.7121,74199,119.45,362,118.91,124.566,81.5795,257
1169,289.6133,74141,120.05,364,119.68,123.8434,81.0496,256
1170,289.7059,73875,119.05,348,119.08,124.0531,81.4636,255
1171,291.3504,74003,120.7125,370,119.77,123.7864,81.3856,254
1172,290.3385,74617,119.975,367,119.95,124.4736,81.4566,257
1173,290.6226,74690,120.3125,385,119.96,124.3503,81.049,257
1174,288.7433,75362,120.1625,364,119.82,123.934,81.3498,261
1175,293.1518,75340,119.1875,372,118.81,123.8173,81.3256,257
1176,291.4545,73738,121.2375,360,120.75,123.8495,81.4295,253
1177,291.9603,73574,121.0375,377,120.82,123.9902,81.4747,252
1178,291.8016,73534,120.9625,368,121.15,124.093,80.9621,252
1179,292.0814,75357,120.525,365,120.57,123.8776,81.5667,258
1180,292.5175,75177,119,373,119,123.8172,81.1249,257
1181,292.4885,76047,120.05,365,119.63,124.0625,81.1578,260
1182,291.4111,73727,121.1375,365,120.41,124.1593,81.0501,253
1183,289.2451,73179,119.6375,363,119.27,124.3205,81.0972,253
1184,293.1137,74744,120.1875,365,120.22,123.8848,81.2581,255
1185,291.0814,75099,120.5,361,120.37,124.2436,81.4753,258
1186,291.0315,73922,119.725,379,119.06,124.1689,81.1619,254
1187,291.4844,74620,120.4625,360,120.02,124.0428,81.7805,256
1188,291.3164,74577,119.8125,369,119.19,123.8563,81.5288,256
1189,290.3755,75788,119.4875,372,119.08,123.9328,81.5762,261
1190,291.5155,75211,119.1375,371,119.08,124.0996,81.1287,258
1191,295.8413,74552,120.9375,374,120.39,124.1552,81.4258,252
1192,293.7194,74311,119.45,378,119.63,124.5503,81.5723,253
1193,292.8953,75567,120.175,368,119.32,123.8875,81.3251,258
1194,293.6706,74886,118.275,377,118.29,123.9941,81.1272,255
1195,296.8984,76006,118.675,371,118.7,124.392,81.3,256
1196,297.7087,75618,120.125,392,119.62,124.0313,81.2282,254
1197,294.6163,76011,120.5,385,119.73,123.8081,81.2625,258
1198,295.9651,76359,120.05,367,120.1,123.8475,81.5569,258
1199,296.1225,74919,119.45,374,119.53,123.905,81.4506,253
1200,297.2767,75211,119.875,408,119.85,123.921,81.6213,253
1201,294.572,75705,119.05,372,118.61,124.2885,81.3427,257
1202,296.4942,76199,120.1875,381,119.9,124.0428,81.5661,257
1203,299.9579,78289,121.25,383,120.4,123.834,81.4594,261
1204,303.1984,76406,121.0125,374,120.35,123.8509,81.2847,252
1205,300.6897,78480,119.975,411,119.63,123.8986,81.1128,261
1206,303.2047,77014,119.75,396,119.59,124.4061,81.2087,254
1207,307.7826,77869,120.55,398,120.62,124.0832,81.3916,253
1208,309.3333,78880,119.5,372,119.41,123.7658,81.0986,255
1209,312.3123,79015,119.8625,403,119.47,123.9612,81.535,253
1210,314.6389,79289,120.2125,399,119.6,124.1032,81.6702,252
1211,317.4901,80325,119.325,404,119.21,123.8117,81.1774,253
1212,312.314,80577,118.5625,384,118.43,123.9288,81.0706,258
1213,309.7036,78355,119.8125,386,120.27,123.828,80.8447,253
1214,307.6498,79066,118.875,385,119.32,124.1146,81.1381,257
1215,310.8413,78332,120.0625,394,119.77,124.165,81.0736,252
1216,308.5603,79300,119.975,407,119.09,124.1411,81.6001,257
1217,309.1914,79153,120.6,390,119.99,124.0106,81.3643,256
1218,304.9091,77142,120.025,381,119.65,124.2183,80.9966,253
1219,305.6759,77336,118.9625,376,118.82,123.6844,80.9131,253
1220,305.3735,78481,119.7,396,119.51,124.0483,81.4097,257
1221,310.131,78153,119.275,406,119.06,123.8685,81.1611,252
1222,307.8855,80666,119.975,404,120.27,124.1572,81.3711,262
1223,310.9881,78680,120.1125,415,119.92,123.927,81.1306,253
1224,313.5873,79024,118.025,399,118.48,124.0694,81.2696,252
1225,313.8498,79404,120.8125,396,120.67,124.3874,80.9869,253
1226,315.3004,79771,120.1625,390,119.44,124.0599,81.4789,253
1227,318,80136,121.4,411,120.62,123.8285,81.3408,252
1228,319.004,80708,120.7875,405,120.33,123.9338,81.3096,253
1229,317.8249,81681,119.225,404,119.19,123.8568,81.0165,257
1230,320.7937,80840,119.6125,401,119.64,124.1508,80.6394,252
1231,321.4436,82611,119.825,415,119.17,124.1727,80.754,257
1232,321.7087,81714,119.6875,411,119.47,123.9423,80.9734,254
1233,318.5451,81229,118.925,404,119.49,124.0146,81.1777,255
1234,316.0856,81234,121.325,390,120.4,124.0624,81.0473,257
1235,315.2569,79760,121.2875,394,120.85,123.8666,80.9006,253
1236,313.8063,79393,119.2625,404,119.58,124.0053,81.4478,253
1237,312.254,78688,119.65,398,119,124.0799,81.2851,252
1238,311.0898,79639,120.1,396,119.93,124.1038,80.9432,256
1239,308.5349,79602,119.8,407,119.58,123.9319,81.0142,258
1240,308.131,77649,118.9875,377,119.78,124.1871,80.8761,252
1241,305.7617,78275,120.425,387,120.74,124.1658,81.0905,256
1242,303.8228,77171,119.5375,381,119.08,124.0852,80.8372,254
1243,301.7608,76949,120.4375,373,119.76,124.4935,81.0843,255
1244,303.7636,78371,119.3875,395,119.42,124.1836,80.9983,258
1245,303.1024,76988,120.3625,408,119.81,123.9755,80.8862,254
1246,302.6047,78072,120.2625,388,119.88,124.5417,80.962,258
1247,303.3898,77061,120.575,393,119.51,124.265,80.3808,254
1248,302.7333,77197,120.375,380,120.44,124.0132,81.138,255
1249,301.6289,77217,120.25,381,120.12,124.0203,80.7943,256
1250,301,76454,120.1875,365,119.27,124.1757,80.8476,254
1251,301.4118,76860,120.075,394,119.93,123.8427,80.8263,255
1252,300.2171,77456,118.95,377,119.43,123.8306,81.2377,258
1253,299.2162,77497,120.2125,376,120.38,124.1776,80.8003,259
1254,297.5292,76465,120.5875,403,119.73,124.0801,80.6353,257
1255,296.504,74719,119.8625,374,119.48,124.5395,80.6031,252
1256,296.7441,75373,119.2375,367,118.93,123.9225,80.7893,254
1257,298.7266,76474,118.825,369,118.7,124.2593,80.7307,256
1258,299.2374,76904,121.8375,377,121.05,124.0672,80.5642,257
1259,296.4553,76189,119.1125,382,118.42,124.1034,80.5436,257
1260,296.2519,76433,118.425,378,118.09,124.5421,81.1514,258
1261,302.6285,76565,121.6,380,120.65,124.0573,81.1142,253
1262,302.4862,76529,121.775,383,121.1,124.4752,80.3056,253
1263,302.9447,76645,120.925,378,120.43,124.131,81.1206,253
1264,305.4353,77886,119.1,379,118.64,124.0495,80.5981,255
1265,306.9567,77967,120.2,392,119.52,124.2531,80.9192,254
1266,306.8056,77315,120.225,397,119.59,124.2504,80.9428,252
1267,304.9922,78078,119.675,377,119.54,124.2932,80.9248,256
1268,306.7638,77918,120.7,378,120.11,124.3197,80.643,254
1269,305.9804,78025,119.3375,373,119.05,124.0942,81.008,255
1270,303.7765,77463,120.8625,391,120.24,124.289,80.7868,255
1271,302.8115,78731,121.375,397,121,124.1754,80.4327,260
1272,302.2648,76473,120.4125,399,119.76,124.406,80.8627,253
1273,302.1151,76133,120.925,408,120.53,124.5864,81.0706,252
1274,304.8656,77131,119.925,386,120.18,124.6364,80.3534,253
1275,303.437,77073,120.725,393,119.99,124.1765,80.6911,254
1276,302.3385,78608,120.1,403,119.58,124.1105,80.5796,260
1277,301.6216,78120,119.975,377,119.7,124.697,80.778,259
1278,301.8656,76372,122.05,386,121.08,124.2358,80.7071,253
1279,300.4409,76312,120.5625,369,120.18,124.0863,80.5806,254
1280,300.749,76691,123.05,396,122.45,124.0744,80.7138,255
1281,297.1744,76671,119.8625,383,119.5,124.5943,80.9437,258
1282,297.1776,76969,121.225,410,120.4,124.4466,80.6194,259
1283,292.9881,73833,120.9625,369,120.35,124.0988,80.3166,252
1284,294.119,74118,119.5875,383,119.99,123.9966,80.1041,252
1285,292.0237,73882,119.775,370,120.19,124.9199,80.566,253
1286,293.0913,73859,119.9,377,119.3,124.3531,80.5088,252
1287,292.7549,75238,120.2125,378,119.53,124.2821,80.8486,257
1288,291.9382,75612,120.4,352,120.55,124.2037,80.6645,259
1289,289.748,73596,120.425,357,120.01,124.5822,80.6767,254
1290,291.5198,73463,119.1875,380,118.96,124.2162,80.7486,252
1291,293.1562,75048,118.9375,359,119.88,124.5261,80.6016,256
1292,295.2598,74996,119.9875,371,119.49,124.2993,80.1723,254
1293,294.1836,75311,119,377,119.61,124.6643,80.3352,256
1294,296.2103,74645,122.15,361,121.85,124.4541,80.5773,252
1295,291.2953,73989,118.725,382,118.18,124.844,80.1451,254
1296,294.2016,75904,119.9625,370,120.54,124.3021,80.3365,258
1297,293.5,76310,119.45,378,119.22,124.8082,80.6433,260
1298,294.2569,74447,119.975,364,119.4,124.43,80.4901,253
1299,290.5913,73229,120.5625,372,120.08,124.3134,80.2264,252
1300,293.5551,74563,120.825,366,120.5,124.6764,79.9654,254
1301,294.9409,74915,119.2125,365,119.08,124.467,80.8339,254
1302,297.9484,75083,119.9125,368,119.79,124.203,80.1269,252
1303,298.0391,76298,120.4,375,120.12,124.6744,80.5317,256
1304,297.1451,75772,120.7375,376,119.43,124.6608,80.1662,255
1305,296.7016,76549,118.75,364,118.76,124.446,80.441,258
1306,296.6917,75063,118.5625,365,118.29,124.5379,80.2905,253
1307,298.4348,75504,121.0375,366,119.82,124.3878,80.0497,253
1308,297.3543,75528,120.225,381,120.85,124.3575,80.6313,254
1309,296.845,76586,118.25,373,118.53,124.4982,80.1644,258
1310,298.1615,77522,119.95,385,119.52,124.8967,80.5419,260
1311,299.0237,75653,119.0875,378,118.82,124.9871,80.1541,253
1312,296.581,75035,120.4875,379,120.54,124.5719,80.4623,253
1313,296.6008,76523,120.425,361,120.45,124.4547,80.1718,258
1314,295.1383,74670,119.925,366,119.83,124.7933,80.2651,253
1315,294.8016,74290,121.25,369,120.49,124.6948,79.9345,252
1316,293.751,74319,119.3375,358,119.4,124.5569,80.3366,253
1317,293.5236,74555,120.1375,347,119.92,124.6127,80.2422,254
1318,289.5287,75567,119.5,369,119.67,124.5643,79.8734,261
1319,290.7248,75007,119.5625,366,120.03,124.5883,80.2876,258
1320,290.3882,74049,118.625,370,118.74,124.212,80.2628,255
1321,288.3436,74681,118.8625,376,118.65,124.7897,80.296,259
1322,290.1581,73410,120.025,385,120,124.9754,80.1521,253
1323,289.0079,73119,119.4375,355,119.39,124.195,80.1571,253
1324,289.4348,73227,120.1625,358,119.72,124.5443,80.3026,253
1325,289.4102,74089,120.075,357,119.51,124.309,80.4288,256
1326,286.5827,72792,119.525,358,119.57,124.5519,80.3112,254
1327,290.7194,73552,119.85,353,119.93,124.5366,80.0234,253
1328,288.5603,74160,119.3125,357,119.57,124.758,80.2207,257
1329,289.4324,74963,119.3375,358,119.71,124.385,80.2587,259
1330,288.3346,73237,119.9125,360,119.44,124.718,80.0731,254
1331,288.9921,72826,120.2375,353,119.45,124.4257,80.3601,252
1332,287.027,74340,119.1625,346,119.84,124.3459,80.0734,259
1333,288.716,74200,120.7875,370,120.58,124.8842,80.2492,257
1334,285.9225,73768,119.85,356,119.29,124.8583,80.2351,258
1335,285.126,72422,119.0625,363,118.93,124.3907,80.1561,254
1336,287.5869,74485,120.0375,362,119.2,124.6826,80.5508,259
1337,289.8937,73633,118.575,378,118.44,124.6027,79.8592,254
1338,290.4134,73765,118.825,390,119.35,124.4418,79.7554,254
1339,290.5113,77276,119.9375,367,119.64,124.5049,80.3766,266
1340,292.0117,74755,119.475,380,119.6,124.6964,80.0259,256
1341,289.5317,72962,120,356,119.5,124.966,79.8322,252
1342,288.6628,74475,119.7625,358,119.18,124.6509,80.3833,258
1343,290.2808,75473,120.8375,368,120.09,125.1982,80.0488,260
1344,289.3518,73206,120.1125,369,118.96,124.1715,80.2035,253
1345,287.8633,73693,118.5375,361,118.68,124.3993,79.7373,256
1346,289.9606,73650,121.4625,350,120.21,124.6695,79.8113,254
1347,287.7843,73385,121.125,356,120.53,124.8844,79.9391,255
1348,288.6786,72747,119.8625,384,119.66,124.5264,79.9689,252
1349,287.1882,73233,119.925,374,119.55,124.538,79.8354,255
1350,286.5692,72502,119.875,358,118.99,124.7639,80.2768,253
1351,285.5882,72825,120.1125,348,119.85,124.2954,80.3612,255
1352,286.0238,72078,119.0625,351,119.28,124.8141,79.666,252
1353,286.0748,72663,120.35,348,119.69,124.3793,79.9851,254
1354,283.5156,72580,120.225,358,119.74,124.5699,79.9712,256
1355,286.0516,72085,121.5875,355,120.77,124.7223,79.5698,252
1356,285.3929,71919,119.55,363,119.17,124.4123,80.2902,252
1357,284.5613,71994,120.4625,354,120.68,124.8596,80.0994,253
1358,287.2055,72663,120.5625,362,119.97,124.423,80.061,253
1359,283.0591,71897,120.6875,364,120.64,124.7491,79.4762,254
1360,284.0389,72998,119.425,349,119.82,124.3654,80.2541,257
1361,283.5669,72026,119.5375,338,119.82,124.8145,79.6604,254
1362,286.4783,72479,120.2875,345,120.66,124.3796,80.3646,253
1363,285.3858,72488,120.4125,349,119.82,124.3705,79.8371,254
1364,285.1587,71860,119.8625,347,119.66,124.4573,80.1022,252
1365,285.0913,71843,118.55,349,118.91,124.7427,79.9279,252
1366,288.4055,73255,119.95,371,120.48,124.3739,79.4273,254
1367,285.4724,72510,118.775,355,117.71,124.7875,80.1253,254
1368,287.1865,72371,119.35,395,119.83,124.528,80.2576,252
1369,287.0392,73195,121.5125,352,121.79,124.8478,79.7187,255
1370,287.6719,72781,120.1625,375,120.14,124.5149,79.6051,253
1371,284.9961,73814,121.925,367,121.99,124.2525,80.0799,259
1372,284.4414,72817,119.85,343,119.61,124.6395,79.9869,256
1373,284.0272,72995,119.475,351,119.13,124.3412,79.6184,257
1374,285.1406,72996,119,342,119.14,124.6939,79.2766,256
1375,282.1502,71384,119.0625,345,119.56,124.7188,79.9298,253
1376,286.0236,72650,120.9125,358,120.92,124.4748,79.8996,254
1377,283.6522,71764,117.5125,354,118.05,124.7908,80.0964,253
1378,283.8736,74091,119.4625,361,119.11,124.5343,80.2074,261
1379,282.0791,71366,118.3,357,118.88,124.5342,80.2569,253
1380,283.3577,73673,119.825,370,119.84,124.4844,79.693,260
1381,280.8275,71611,119.9875,341,119.85,124.7376,80.043,255
1382,282.0913,71087,118.9375,347,119.94,124.6992,80.0799,252
1383,284.6953,72882,120.3,368,120.19,124.5368,79.6633,256
1384,282.7412,72099,120.125,349,119.29,124.4625,79.9042,255
1385,280.4685,71239,120.4625,364,120.26,124.7059,79.9818,254
1386,282.3031,71705,118.9625,366,119.32,124.8659,79.8513,254
1387,281.4115,73167,119.7875,346,119.51,124.4539,79.7343,260
1388,282.9405,71301,120.5,349,120.63,124.8147,79.4953,252
1389,280.3682,72335,118.225,365,118.11,124.8479,80.0466,258
1390,280.6797,71854,120.0375,341,119.86,124.7629,79.6787,256
1391,281.4669,72337,119.9875,331,120,124.6927,79.9272,257
1392,280.1186,70870,119.525,348,119.42,124.3573,80.2605,253
1393,282.0353,71919,120.1,367,119.92,124.6431,80.0439,255
1394,280.1506,72559,119.075,341,119.8,124.5413,79.8348,259
1395,281.6364,71254,120.975,342,120.14,124.5938,79.3751,253
1396,279.8372,72198,121.4625,349,120.8,124.4749,79.9078,258
1397,279.8972,70814,120.0375,364,119.71,124.7633,80.043,253
1398,280.05,72813,119.6375,349,119.73,124.3928,80.3645,260
1399,280.8458,71054,121.1,364,120.76,124.5578,80.3562,253
1400,278.6166,70490,120.075,341,120.08,124.7834,79.8925,253
1401,278.9802,70582,120.6,345,120.19,125.1691,79.8205,253
1402,277.9806,71719,120.325,348,119.56,124.8232,79.706,258
1403,280.4846,72926,118.9625,343,119.37,124.78,79.5967,260
1404,278.9219,71404,119.55,357,119.54,125.0592,79.9007,256
1405,280.2605,73148,121.575,351,120.43,124.5385,79.8814,261
1406,278.3216,70972,118.525,334,119.71,124.587,80.5749,255
1407,281.1225,71124,119.4625,343,118.92,124.7251,79.4066,253
1408,280.4921,70684,119.775,348,119.68,124.3404,79.8547,252
1409,280.9603,70802,120.7125,357,120.36,124.8604,79.7678,252
1410,280.7093,72423,120.425,360,119.88,124.3583,79.443,258
1411,281.2385,73122,121.0875,351,121.61,124.495,79.6125,260
1412,279.6166,70743,119.85,343,119.01,124.8608,80.0807,253
1413,279.9529,71388,119.975,356,120.38,124.5455,79.8524,255
1414,277.5352,71049,119.5625,368,119.12,124.2386,79.5853,256
1415,281.5775,72647,118.75,349,118.61,125.0356,79.4554,258
1416,278.6562,71336,119.925,340,119.58,124.8011,79.722,256
1417,279.898,71374,119.55,338,119.66,124.5559,79.6603,255
1418,278.0591,70627,119.9875,344,120.09,124.9009,79.7192,254
1419,277.9574,71713,119.075,342,119.91,124.4646,79.998,258
1420,280.0973,71985,119.55,332,119.6,124.5714,80.032,257
1421,278.1705,71768,120.8375,348,120.42,124.4625,79.4505,258
1422,278.4319,71557,119.5875,348,120.16,124.6683,80.0293,257
1423,278.3852,71545,118.65,338,119.02,124.9982,79.6802,257
1424,281.5217,71225,118.9625,356,118.64,124.6719,79.4766,253
1425,279.811,71072,120.5375,348,119.64,124.6534,79.5421,254
1426,277.9073,71978,118.8,342,118.67,124.7765,79.5452,259
1427,281.8182,71300,120.125,344,119.63,124.5151,79.5577,253
1428,277.6023,71899,120.5125,344,120.35,124.5045,79.7443,259
1429,278.2055,70386,120.025,335,120.13,124.4277,79.8221,253
1430,277.6782,72474,119.675,343,119.11,124.4196,79.5757,261
1431,277.0391,70922,119.1125,329,119.42,124.9354,79.8539,256
1432,276.7276,71119,119.025,345,118.5,124.8104,79.668,257
1433,277.1562,70952,119.6625,332,119.82,124.6393,79.9929,256
1434,277.6798,70253,119.3875,329,119.04,124.8348,79.8461,253
1435,277.9695,72828,119.5375,340,119.16,124.823,79.7049,262
1436,276.6462,71928,119.2625,331,119.86,124.4027,79.7604,260
1437,276.4942,71059,120.1125,334,120.4,124.8663,79.5935,257
1438,275.9141,70634,120.8,337,120.62,124.699,80.0884,256
1439,274.4714,76852,120.5125,365,120.44,124.4699,79.6675,280
1440,279.5079,70436,120.9375,338,120.18,124.412,80.1917,252
1441,276.5873,69700,119.5375,344,118.58,124.4381,79.9368,252
1442,278,70612,119.2875,343,118.62,125.0061,79.9517,254
1443,277.7047,70537,119.875,341,118.68,124.535,79.9891,254
1444,275.851,70342,119.975,325,120.2,124.1086,80.0596,255
1445,278.7115,70514,119.0125,337,119.73,124.6001,80.0203,253
1446,278.2253,70391,119.8375,345,119.37,124.4815,80.0957,253
1447,277.1466,73721,119.025,342,119.12,124.7076,79.6343,266
1448,276.5625,70800,118.6,338,118.57,124.3738,79.9059,256
1449,276.0354,70113,119.275,349,119.49,124.344,79.8145,254
1450,275.6654,71673,119.4875,339,119.86,125.0397,79.7146,260
1451,277.3819,70455,121.7125,347,119.89,124.8651,79.7631,254
1452,276.0198,69833,119.6375,359,119.24,124.8364,79.6168,253
1453,276.0117,70935,119.3,336,119.24,124.4146,80.1945,257
1454,276.4078,70484,120.3625,347,119.99,124.2263,80.199,255
1455,275.5968,69726,118.8375,349,118.39,124.7064,80.1864,253
1456,275.1,71526,119.8625,346,119.87,124.4633,80.2167,260
1457,276.5504,71350,120.4,344,120.12,124.1261,80.1615,258
1458,275.4414,70513,118.45,337,118.6,125.0893,79.9164,256
1459,275.6784,70298,119.0625,339,119.65,124.6379,79.7829,255
1460,276.6562,70824,120.6875,324,120.73,124.819,79.9161,256
1461,276.3463,71021,120.2,343,119.64,124.7386,79.567,257
1462,276.6654,71103,120.375,356,120.13,124.5281,79.8588,257
1463,276.3543,70194,121.0625,342,120.48,124.6947,79.7447,254
1464,275.004,69301,119.6375,347,119.87,124.8677,79.9313,252
1465,274.0277,69329,118.0125,343,117.93,124.3852,79.9698,253
1466,274.0474,69334,118.7125,332,119.33,124.9387,79.6957,253
1467,276.1706,69595,119.0375,337,119.67,124.6696,80.0066,252
1468,274.5494,69461,118.5375,342,119.04,124.3223,80.0726,253
1469,275.2134,69629,119.2875,347,119.78,124.6452,79.8557,253
1470,274.3346,72973,120.95,363,119.97,124.635,79.6109,266
1471,273.374,69437,120.0125,349,119.15,124.5046,79.9121,254
1472,273.1932,72123,119.5125,335,119.06,124.7488,80.6029,264
1473,275.5234,70534,119.9375,340,119.64,124.6081,79.7253,256
1474,275.5907,71378,120.125,329,119.49,124.6517,80.2192,259
1475,274.9725,70118,119.3125,343,119.32,124.6381,79.9517,255
1476,277.5455,70219,118.175,344,118.97,124.4345,80.2064,253
1477,276.7132,71392,119.775,352,120.33,124.1041,80.0247,258
1478,274.5039,69724,120.4875,345,119.33,124.9274,80.1398,254
1479,276.1063,70131,120.925,347,121.02,124.2829,80.0075,254
1480,273.3961,69716,120.5,341,119.53,124.6472,80.0556,255
1481,272.7977,70109,119.95,337,119.98,124.2769,79.9088,257
1482,277.3808,72119,119.1625,343,119.12,124.5271,79.9849,260
1483,274.4406,71629,119.075,337,118.77,124.5068,80.3413,261
1484,272.9216,69595,120.9125,318,120.58,124.5217,80.5076,255
1485,274.9246,69281,120.4875,327,120.3,124.3152,80.0177,252
1486,273.9848,72332,118.9,351,118.87,124.6791,79.8219,264
1487,275.3541,70766,121.225,325,121.37,125.243,79.802,257
1488,272.5134,71126,119.2375,344,118.97,124.7819,80.2524,261
1489,274.1779,69367,120.175,344,119.42,124.9767,79.5652,253
1490,272.4252,69196,119.9875,330,119.99,125.3735,79.8831,254
1491,275.2953,69925,118.45,351,118.86,124.4171,79.8962,254
1492,273.1984,68846,119.2375,339,119.43,124.6209,79.6866,252
1493,272.642,70069,119.2625,325,120.5,124.331,79.6982,257
1494,272.6473,70343,119.9375,342,120.23,124.7152,80.0507,258
1495,275.8203,70610,120.925,335,120.77,124.8726,80.0202,256
1496,273.5564,70304,120.8125,331,121.05,124.2881,80.182,257
1497,273.9407,69307,120.85,344,120.13,124.358,79.7824,253
1498,273.7305,70075,121.2625,327,120.65,125.0043,80.2137,256
1499,271.6279,70080,118.9875,334,119.48,124.4928,80.1328,258
1500,272.2773,69703,119.75,323,119.33,124.5446,80.0972,256
