1,219.8669,67719,121.3625,292,121.12,90.8526,21.4474,308
2,219.2212,68397,124.0125,283,124.05,91.4069,20.9771,312
3,219.5,70679,123.8875,272,123.4,90.8812,21.6193,322
4,219.5987,67856,122.075,275,122.06,91.0136,20.5944,309
5,219.4586,68910,122.6,278,122.33,90.9812,21.3028,314
6,218.2562,69842,123.05,296,122.77,90.9307,21.2287,320
7,218.5417,68185,123.8625,271,122.66,90.581,20.7373,312
8,218.6505,67563,123.625,278,122.78,90.3801,20.9687,309
9,217.1761,69062,123.9375,287,122.77,90.7262,21.139,318
10,218.4401,67498,124.575,288,122.75,91.1564,21.2027,309
11,218.4497,69467,123.275,273,123.19,90.9235,20.9115,318
12,218.5097,67738,123.025,281,122.15,90.6803,21.1756,310
13,217.9746,68662,121.3,280,122.48,91.1814,21.3883,315
14,217.2516,68217,123.05,276,123.24,90.8938,20.7782,314
15,218.6399,67997,123.6375,289,122.81,91.0496,21.2934,311
16,218.8677,67849,124.5375,285,123.36,91.3176,20.9694,310
17,217.5,67860,123.4375,274,122.77,90.7461,20.7787,312
18,216.7129,68698,123.8125,282,123.54,90.9701,21.0344,317
19,217.6972,69010,122.275,294,121.88,90.994,21.0746,317
20,219.429,68023,122.525,280,122.34,90.5561,21.3341,310
21,219.5048,68266,124.2625,293,123.54,91.3131,20.6462,311
22,219.6881,68323,122.5875,293,122.02,91.1072,20.9425,311
23,219.8673,67939,121.95,272,123.27,90.8533,21.3851,309
24,219.9265,68837,124.5,285,124.64,90.9311,20.805,313
25,220.3599,69193,123.4375,274,123.64,90.8318,21.1757,314
26,219.5623,68723,122.3875,290,122.5,90.8174,20.6706,313
27,221.3774,68627,122.35,284,121.65,90.9741,20.8658,310
28,219.9812,70174,121.7,288,121.33,90.9692,21.1781,319
29,220.6364,67956,123.15,284,122.89,90.6988,21.3825,308
30,220.5911,69045,123.1625,273,122.76,90.9747,20.9857,313
31,221.2179,69020,122.775,278,122.3,91.1283,20.7862,312
32,221.9448,68359,123.1625,288,122.66,91.2045,20.9635,308
33,220.9167,68926,121.6,290,121.53,91.1596,21.1942,312
34,222.2839,68908,123.7,303,122.78,91.4836,21.1451,310
35,220.7226,68424,121.9875,280,122.54,91.35,21.2387,310
36,220.829,68457,123.3125,289,121.73,90.9138,20.9155,310
37,219.2547,69723,122.8125,274,121.81,91.0012,21.1599,318
38,220.8839,68474,121.4875,281,121.05,90.8696,20.9181,310
39,219.4486,70443,124.35,292,123.46,91.0945,21.368,321
40,220.9097,68482,122.1625,287,121.93,90.8155,21.0334,310
41,218.5142,69269,123.1375,276,123.06,91.2105,20.9119,317
42,218.6013,67985,123,273,122.92,90.9174,21.1187,311
43,219.2613,67971,125.05,289,124.41,91.1738,20.9913,310
44,218.8835,67635,121.65,289,122.25,90.6732,21.3282,309
45,218.2968,67672,121.8125,274,121.78,90.9158,20.7703,310
46,217.0791,68597,122.8,300,122.61,91.0723,20.8893,316
47,218.4013,68578,122.2875,283,121.24,91.0334,21.1086,314
48,216.9223,67029,123.3,279,121.51,91.1083,21.3429,309
49,217.4875,69596,123.5625,286,123.12,91.1569,21.4232,320
50,217.4,67394,122.5375,288,122.1,90.9915,21.3124,310
51,220.2565,67839,122.25,271,121.57,91.0875,21.0106,308
52,216.269,68341,122.15,279,123.07,90.5922,21.4542,316
53,215.9655,68893,123.0875,284,122.8,90.8227,20.981,319
54,215.7866,67757,122.35,269,122.9,90.6733,21.4846,314
55,217.1039,66868,121.3125,289,121.64,90.7273,21.0478,308
56,214.788,67873,123.975,268,122.23,90.7959,21.0409,316
57,216.9905,68352,122.5375,284,122.96,90.8523,21.6545,315
58,216.5143,68202,123.8875,277,123.39,91.1054,21.2018,315
59,215.9646,67165,122.0125,273,122.13,90.962,21.3094,311
60,216.8952,68322,123.65,280,124.02,90.8794,20.703,315
61,216.3766,68375,121.8375,281,121.62,90.831,20.8592,316
62,215.609,67270,123.7375,268,122.95,90.9272,21.4978,312
63,216.8062,69378,123,276,122.38,90.4966,20.8091,320
64,215.6965,67513,122.575,298,122.35,90.7744,21.2901,313
65,215.7532,68178,124.1375,276,123.55,90.5477,21.2174,316
66,215.7994,67761,124.3125,277,123.08,90.8448,21.0546,314
67,217.2452,68215,123.85,281,123.29,91.19,20.9894,314
68,216.4153,67738,124.1125,286,122.37,90.9575,21.2483,313
69,216.4757,66891,122.9125,276,122.29,91.0426,21.0431,309
70,215.5886,68126,122.2,276,121.63,90.8697,20.6909,316
71,216.0748,69360,122.7125,271,122.1,90.9855,21.4538,321
72,215.4444,67865,122.2,274,122.15,91.0738,21.0474,315
73,216.3537,67286,123.9125,284,122.98,91.1915,20.7484,311
74,216.2233,66813,122.15,268,122,91.3854,21.0973,309
75,215.8103,67117,124.075,278,123.11,91.1706,21.1858,311
76,215.0943,68400,123.325,281,123.56,90.9287,21.0614,318
77,215.6921,70747,122.675,274,122.68,91.2568,20.8899,328
78,215.914,67797,122.6,276,121.91,90.6386,20.9718,314
79,214.6115,67388,122.925,269,122.39,91.2025,21.093,314
80,215.9256,66721,121.6625,277,122.28,90.8502,21.001,309
81,215.9293,67154,122.25,280,121.81,90.9042,21.1473,311
82,214.254,66633,122.9375,262,122.44,90.7325,21.5553,311
83,216.016,67613,123.65,273,123.53,91.0187,20.8467,313
84,214.9224,69205,123.525,277,122.77,90.7338,21.0872,322
85,215.2531,68881,123.8625,279,123.24,90.9776,20.91,320
86,215.873,68000,122.65,264,122.06,91.1214,21.1314,315
87,216.3631,67938,123.05,281,123.08,91.1369,20.8623,314
88,215.5016,67021,120.9625,278,120.28,90.8312,21.3744,311
89,217.5208,68084,122.1,267,122.17,90.5489,20.832,313
90,214.6062,68674,123.2125,268,122.83,90.3832,20.9367,320
91,215.4531,66575,123.4375,285,122.76,90.7847,21.4138,309
92,215.1424,66479,126.0375,267,124.63,90.2672,21.0604,309
93,214.8153,67452,122.5375,279,121.86,91.0501,21.0896,314
94,216.3035,67703,122.975,283,122.11,90.9665,21.4459,313
95,214.5857,68882,123.125,278,123.01,90.71,20.7415,321
96,213.9335,67603,122.525,269,121.89,90.7963,20.8538,316
97,216.0319,67618,123.6625,285,123.48,90.9065,21.157,313
98,213.6562,67729,122.6,267,121.65,90.4616,20.7034,317
99,213.8635,67367,122.3,282,121.77,90.383,21.2034,315
100,215.1355,66692,123.6,276,122.96,90.9457,21.0852,310
101,215.2962,67603,122.275,273,122.02,90.846,20.8892,314
102,215.361,67408,123.3375,278,122.51,90.6102,20.7513,313
103,214.5032,67783,122.7,271,122.07,90.9055,21.4442,316
104,215.8182,66472,122.75,272,122.59,90.4782,20.6277,308
105,214.9624,68573,123.725,275,123.63,90.7618,21.111,319
106,214.9323,66629,121.95,272,121.74,90.9089,20.7161,310
107,213.1667,67787,122.925,274,122.22,90.3364,20.8874,318
108,215.4038,68283,123.2125,276,123.2,90.701,21.0613,317
109,213.4006,67648,123.975,283,123.51,90.8597,20.4672,317
110,213.1034,67980,123.25,269,122.38,90.5503,21.1171,319
111,214.9613,66638,122.45,279,122.89,90.3561,21.5744,310
112,213.9585,66969,123.6875,278,123.48,91.5762,21.103,313
113,215.0097,66438,123.4375,263,123.6,90.753,20.9981,309
114,214.099,67013,122.525,269,122.92,90.7314,20.9925,313
115,214.8673,66394,121.7875,266,121.58,90.6597,21.2456,309
116,214.5909,66094,122.025,277,121.35,90.7564,21.1889,308
117,214.4459,67336,125.2875,279,123.47,90.5392,21.1492,314
118,213.7753,67553,122.75,263,123.64,90.3399,21.0021,316
119,214.8323,67887,123.9875,279,123.14,90.5839,21.0993,316
120,214.4403,68192,122.875,267,123.37,90.5275,21.2662,318
121,213.5241,66406,122.7625,270,122.06,90.1467,20.9892,311
122,213.7331,66471,122.25,269,122.01,90.5748,21.0896,311
123,213.7756,66698,123.1125,267,123.07,90.6915,21.338,312
124,214.8694,67469,124.3625,268,123.2,90.6257,21.5507,314
125,213.8452,66292,122.0125,284,121.63,90.458,20.968,310
126,213.707,67104,122.4875,294,121.72,90.6468,21.3208,314
127,212.7354,69139,123.5375,284,122.54,90.3736,21.553,325
128,212.9937,67093,123.4,268,124.14,90.5468,21.1566,315
129,213.3831,65722,122.2125,271,122.25,89.9458,21.4621,308
130,213.8188,66070,123.1875,273,122.51,90.4661,21.3863,309
131,214.2372,66842,122.5625,266,122.57,90.7195,21.1939,312
132,212.7651,67021,123.525,277,122.46,90.2941,21.0527,315
133,213.7548,67119,123.0375,266,122.67,90.1067,21.2153,314
134,214.6752,66764,124.225,278,123.68,90.7305,20.8077,311
135,213.471,66176,123.6,276,122.06,91.0392,21.1838,310
136,212.0562,67858,122.6875,271,122.02,89.7512,21.3991,320
137,212.981,67089,122.9375,255,121.78,90.8098,21.2088,315
138,214.2065,66404,123.025,270,122.21,90.4778,20.7957,310
139,213.3899,67858,123.25,281,122.33,90.2459,21.3655,318
140,213.4904,67036,122.6125,263,122.37,89.913,21.3597,314
141,213.9257,69098,123.6875,267,123.15,89.9779,21.1979,323
142,212.6306,66766,122.325,270,121.01,90.5057,21.2929,314
143,213.0757,67545,122.6625,260,122.44,90.0394,21.7253,317
144,215.4391,67217,122.9875,280,123.08,90.4233,21.2254,312
145,213.6188,68358,123.85,263,123.31,89.758,21.2551,320
146,213.5178,65977,121.2,272,122.12,90.0216,21.1768,309
147,215.0455,66234,122.95,283,123.21,90.1006,21.5455,308
148,211.9685,67194,121.5875,280,121.52,90.0961,21.1121,317
149,212.672,66141,123.2,287,122.74,90.4955,21.176,311
150,214.2175,65979,122.5,265,122.3,89.7756,21.1727,308
151,212.7413,67439,122.7875,264,122.45,89.5152,21.687,317
152,213.4299,67017,122.35,270,122.32,89.7478,21.5138,314
153,213.2173,66737,121.7875,270,121.5,89.9862,21.8261,313
154,211.7284,66271,123.6,276,123,90.1051,21.4199,313
155,212.9968,67307,124.1875,284,122.98,90.3213,21.7004,316
156,213.2816,65904,123.0875,265,123.48,89.8166,21.4175,309
157,213.6149,66007,122.1,264,121.66,89.944,21.6598,309
158,212.0825,66806,122.475,265,121.79,90.1831,21.6716,315
159,214.0577,66786,121.9125,280,121.79,90.3389,21.248,312
160,214.0958,67012,121.4375,263,121.93,89.6583,21.9132,313
161,212.5517,67804,122.2625,269,122.11,90.059,21.9971,319
162,213.7405,67542,123.075,286,122.43,90.5474,21.5924,316
163,213.146,67141,121.4125,262,121.22,89.8087,21.268,315
164,211.8845,69710,122.725,267,121.96,90.1976,21.6141,329
165,212.9936,66241,121.6625,273,121.73,90.2688,21.501,311
166,213.0421,65830,120.9625,264,120.9,89.9341,21.4392,309
167,213.1392,65860,122.5375,264,122.09,89.8105,21.8806,309
168,213.9026,65882,123.6875,277,123.56,90.3539,21.367,308
169,212.4369,69042,123.6375,266,123.14,89.6199,21.7408,325
170,212.7923,66604,122.75,271,122.91,90.1171,21.5672,313
171,215.2077,67360,123.3875,274,123.5,90.1529,21.3286,313
172,212.0844,65322,123.5,260,122.77,90.017,21.3651,308
173,211.8252,65454,122.1125,264,122.44,89.9717,22.2399,309
174,213.3474,65711,123.025,270,122.78,90.0055,20.9481,308
175,211.0289,65630,123.4875,274,123.13,90.0577,21.5036,311
176,212.8409,65555,122,261,122.01,90.2402,21.604,308
177,212.2019,66207,123.45,264,123.02,89.6649,21.6958,312
178,212.1242,66607,121.4125,262,121.29,89.7354,21.7954,314
179,214.2315,66626,121.1375,285,121.26,89.9058,21.786,311
180,212.9936,66667,122.2875,262,121.91,89.7308,21.766,313
181,212.1889,68537,122.2125,265,121.58,89.5301,21.6991,323
182,211.9076,66539,122.5,299,122.85,90.0182,21.6828,314
183,215.0225,66872,122.925,265,122.61,90.0201,21.3773,311
184,210.4056,67961,123.3125,260,123.08,89.384,21.4126,323
185,213.1586,65866,122.4875,267,122.01,89.7369,20.9232,309
186,210.462,66506,123.9375,268,123.04,90.4817,21.1044,316
187,213.0662,67542,122.7625,280,122.68,89.9213,21.4354,317
188,211.5204,67475,121.1125,260,120.83,89.352,21.2684,319
189,213.0677,66051,123.7375,258,122.68,89.4827,21.621,310
190,212.5677,65896,122.525,261,122.04,89.8877,21.8111,310
191,212.5723,67598,122.3375,264,121.92,89.3907,21.627,318
192,212.7853,66389,122.5375,267,122.8,89.9827,21.6331,312
193,211.5692,67279,120.275,266,120.83,90.1953,21.4647,318
194,211.5877,65169,123.025,260,122.92,90.7695,21.3252,308
195,212.8896,65570,122,269,121.96,89.7224,21.4405,308
196,211.9773,65289,122.775,271,122.85,90.2275,21.6268,308
197,211.6361,66877,122.625,258,122.72,89.5929,22.2022,316
198,211.7296,67330,124.55,257,123.44,89.6865,21.7518,318
199,211.1188,67558,122.2125,263,121.92,89.426,22.0726,320
200,211.8797,66954,121.875,295,122.12,90.038,21.3329,316
201,211.7717,65861,123.375,262,122.38,89.4668,21.6316,311
202,211.4058,65113,123.475,263,122.71,90.2927,21.4442,308
203,211.4826,67040,122.0875,263,122.02,89.7041,21.6178,317
204,211.7115,66054,123.6375,273,122.48,89.8768,21.7849,312
205,210.7636,65969,122.575,257,122.23,89.9492,21.5726,313
206,211.3873,66587,123.3375,260,122.72,90.0765,21.8235,315
207,211.8275,66302,123.6125,268,123.31,89.6397,21.8875,313
208,211.8349,66728,121.225,263,121.5,89.7348,21.5309,315
209,214.7411,66355,122.9875,294,122.87,90.1376,22.0371,309
210,212.5609,66319,122.8875,260,122.22,90.3227,21.0147,312
211,212.6495,66134,122.95,261,122.77,89.8125,21.7591,311
212,211.7062,67746,124.25,256,123.22,89.8188,21.6773,320
213,212.5096,66303,124.8625,268,124.25,90.3055,22.1764,312
214,210.6415,66984,121.95,274,122.06,89.9126,21.7247,318
215,211.5382,66423,122.6,263,122.43,89.685,21.6113,314
216,211.4855,65772,122.6125,274,122.34,90.0084,21.2244,311
217,211.819,66723,123.175,264,123.2,89.7051,21.59,315
218,210.9903,64985,122.425,258,121.96,89.6482,21.3428,308
219,210.5047,66730,121.65,254,121.53,89.9197,21.4152,317
220,211.0631,66907,123.8125,258,124.02,89.3628,21.4114,317
221,211.2724,65917,122.875,282,122.13,90.0669,21.5267,312
222,211.2701,65705,122.625,266,122.54,89.703,22.1042,311
223,210.0503,66796,123.0375,272,122.23,89.5194,21.6535,318
224,211.9871,65716,121.175,257,121.46,89.1197,21.6712,310
225,209.9969,68249,122.95,259,123.01,89.759,21.6354,325
226,211.89,65474,124.025,264,124.11,89.5829,21.0866,309
227,209.8018,68815,123.5,251,122.63,89.7956,21.8281,328
228,210.5212,69472,121.9,270,121.79,89.0367,21.6537,330
229,210.4905,66515,123.0125,264,121.94,89.6476,21.5052,316
230,210.859,65788,124.2625,255,123.69,89.7802,21.5266,312
231,210.4984,67149,120.5625,286,120.95,89.4249,21.8078,319
232,210.8683,67267,121.6625,272,122.45,90.408,22.0007,319
233,209.6717,68982,122.125,261,121.73,89.5115,21.4923,329
234,209.4146,68688,121.175,276,121.33,89.4037,21.4625,328
235,212.0032,66145,123.625,275,122.33,89.7325,21.8602,312
236,211.7774,67557,122.7125,258,122.43,89.3165,21.6239,319
237,211.1623,65038,121.1875,276,121.16,89.8925,21.6657,308
238,210.6265,68243,122.5625,264,122.84,89.594,21.5092,324
239,211.657,65402,122.5375,258,122.45,90.0305,21.998,309
240,210.0863,65757,121.6125,266,121.95,89.9153,21.3168,313
241,211.3291,66780,121.9625,276,122.22,89.7609,21.6137,316
242,210.9062,67490,122.325,256,122.01,89.381,21.7503,320
243,209.9288,67807,123.1875,273,122.33,89.8209,21.0217,323
244,210.9841,66249,122.5625,273,121.63,89.9228,21.8298,314
245,209.7685,65238,121.8375,253,121.51,89.6001,21.4114,311
246,210.6849,65523,121.75,268,122.67,89.3348,21.1425,311
247,210.4373,65446,122.7125,264,121.81,89.7065,21.6921,311
248,210.3898,65852,122.35,293,121.66,89.6215,21.3185,313
249,210.243,67488,122.85,252,122.03,89.7384,21.5031,321
250,210.4774,65248,122.5,273,122.38,89.4558,21.558,310
251,210.6392,66562,121.7125,271,121.46,89.8125,21.6341,316
252,207.697,68540,122.4875,263,123.13,90.1134,21.0517,330
253,210.4019,65435,121.9875,267,122.36,89.6316,21.8693,311
254,211.5513,66004,123.625,256,124.08,90.0164,21.2113,312
255,209.9814,67614,122.7375,260,123.6,90.0594,21.7656,322
256,210.8411,67680,120.85,260,120.72,89.5329,21.3296,321
257,211.2749,69932,122.275,279,121.44,89.6092,21.5035,331
258,209.6817,65211,122.6875,281,122.41,90.0376,21.6442,311
259,210.5524,66324,124.5,272,124.37,89.646,21.3759,315
260,210.5912,66968,121.3875,263,121.39,90.2206,21.6609,318
261,209.9528,66765,123.075,260,122.76,89.2966,21.2736,318
262,212.2669,66015,123.5625,266,122.37,90.2189,21.342,311
263,210.1101,66815,122.3375,258,122.55,90.3575,21.372,318
264,210.6869,65945,122.7125,269,123.01,89.9163,21.5898,313
265,208.6424,65931,122.075,267,121.81,90.1732,21.2573,316
266,208.9688,67079,123.125,263,121.97,90.3409,21.8396,321
267,210.4272,66495,119.725,262,119.68,89.7038,21.6119,316
268,210.0927,65759,122.7125,263,122,90.3012,21.4473,313
269,210.1774,65155,122.5875,255,121.81,89.9487,21.3106,310
270,210.8051,65982,121.675,254,121.17,89.9678,21.4215,313
271,210.8065,65350,122.8875,266,122.35,89.1882,21.3037,310
272,211.2257,67381,122.5125,257,121.49,89.6369,21.7824,319
273,210.0633,66380,122.825,257,122.9,89.7325,21.745,316
274,210.6893,65103,121.5625,267,121.39,89.585,21.3322,309
275,210.5833,65702,122.6,257,122.86,89.6118,21.8959,312
276,210.6773,65942,122.175,253,121.81,89.9252,21.7314,313
277,210.0548,65117,121.85,276,121.51,89.6133,21.1929,310
278,207.9464,65919,121.7875,265,121.58,89.9545,21.8632,317
279,210.1759,68097,121.375,262,120.76,90.1933,21.5275,324
280,208.4785,67964,121.4125,254,121.71,89.859,21.9381,326
281,209.5828,65809,121.575,261,121.23,90.0769,21.8631,314
282,209.2145,66321,121.8375,277,122.06,89.5523,21.7979,317
283,209.0732,65649,122.175,277,122.38,90.235,21.1128,314
284,210.2082,66636,122.3625,258,122.88,90.2995,21.8302,317
285,209.4839,64940,121.8625,260,122.29,89.7748,21.232,310
286,208.2791,67899,123,259,121.48,89.9027,21.6475,326
287,208.5486,66527,122.9125,262,123.01,89.3067,22.1925,319
288,210.0096,65313,121.7875,264,121.34,90.2233,21.6077,311
289,207.5902,67882,122.35,259,121.21,90.0672,21.5053,327
290,210.537,65477,121.9875,265,121.44,89.4024,21.4932,311
291,209.1161,64826,122.8125,250,121.66,89.7313,21.1743,310
292,209.5663,64756,122.7125,267,122.41,89.3331,21.6349,309
293,208.2762,65607,122.575,251,121.68,90.0447,21.4179,315
294,209.2065,64854,121.5125,249,120.92,89.7334,21.1501,310
295,210.4511,66713,121.525,254,121.97,90.1781,21.7695,317
296,208.3206,65621,120.95,262,121.22,89.7703,21.3246,315
297,208.2788,64983,122.1625,264,121.96,90.0833,21.5974,312
298,207.6972,67917,122.275,254,121.94,89.5109,21.4623,327
299,207.9968,65519,122.8,254,122.07,89.8344,20.901,315
300,207.5657,67874,123.2875,251,122.24,89.5245,21.4011,327
301,209.3226,64890,122.95,255,122.2,89.9732,21.7342,310
302,208.6095,65712,121.625,255,121.68,90.2964,21.6404,315
303,208.034,67403,121.8375,258,121.72,89.7101,21.0407,324
304,207.575,66424,122.1,261,121.88,89.676,21.8642,320
305,209.4006,67427,122.7625,253,122.53,89.555,21.0038,322
306,209.3686,65323,123.375,268,121.88,90.1869,21.7427,312
307,208.4254,65654,121.6125,270,121.52,90.1138,21.6966,315
308,208.7083,65117,122.075,274,122.33,89.4578,21.4951,312
309,209.1122,65243,123.225,262,121.35,89.8384,21.5472,312
310,208.1289,66185,122.7625,255,122.39,90.0938,21.6857,318
311,207.6667,67284,121.025,257,120.91,89.5013,21.4869,324
312,209.3486,68457,122.5,268,121.74,89.8008,22.2736,327
313,208.3082,66242,121.7,253,121.51,90.1235,21.9324,318
314,210.2662,64762,121.9875,263,122.11,89.3181,22.0001,308
315,209.7825,64613,122.5375,249,122.87,89.9725,21.7512,308
316,209.9054,66540,123.6375,261,123.01,89.4686,21.895,317
317,208.9644,64570,121.1875,251,121.63,89.7141,21.7053,309
318,208.0031,66561,121.925,255,121.65,89.9561,21.9603,320
319,209.5563,65172,123.2125,260,122.36,89.1813,21.4847,311
320,208.0978,65967,122.425,258,121.62,89.663,21.1066,317
321,209.3962,66588,121.7875,256,121.4,89.6295,22.1045,318
322,207.6537,64165,123.15,263,122.55,89.4054,21.879,309
323,208.6332,66554,121.7375,259,121.24,89.5815,22.2523,319
324,210.254,66230,121.4125,263,121.07,89.976,21.5445,315
325,209.0617,64391,122.0625,263,121.47,89.6608,21.6964,308
326,208.1325,69100,121.4125,272,121.38,89.1718,21.8513,332
327,209.4058,64497,122,258,122.45,89.766,21.2145,308
328,208.4272,67322,123.7875,282,123.44,89.4625,21.4608,323
329,210.2452,65176,123.475,261,122.67,89.2136,21.4605,310
330,209.9455,69282,122.4375,272,122.5,89.565,21.483,330
331,212.288,65597,121.6375,256,122.58,89.8702,22.0385,309
332,211.9375,67820,122.325,253,122.52,89.6749,21.8031,320
333,213.5981,67497,122.85,267,122.54,89.3256,21.829,316
334,214.0357,65923,121.2875,295,121.6,90.0795,21.9548,308
335,215.4396,69587,123.0375,268,122.03,89.5298,21.9602,323
336,215.3639,68055,121.9125,273,121.54,89.5865,22.2022,316
337,215.4732,68305,121.3125,268,121.29,89.1777,22.0064,317
338,216.3415,70311,122.125,262,121.59,89.3293,21.6708,325
339,217.2219,67556,123.1625,275,123.01,90.0019,21.9181,311
340,214.0818,70647,121.9625,263,121.47,90.1057,21.9521,330
341,213.9375,68460,122.025,273,122.23,89.4887,21.8239,320
342,213.2402,71009,122.3,284,121.68,89.7828,21.5436,333
343,216.3344,67929,120.3875,259,120.77,89.9241,22.0114,314
344,217.6129,67460,122.625,278,122.67,90.2393,21.228,310
345,216.7428,67407,121.975,294,122.06,90.3128,21.8336,311
346,217.2342,68646,123.125,274,123.24,89.882,21.4907,316
347,216.8419,67221,121.9375,263,121.55,89.7745,21.6064,310
348,215.5801,67261,121.1,274,120.87,89.8427,22.0542,312
349,215.6809,70959,122.5,264,122.56,90.0003,21.8703,329
350,218.1379,69586,121.1,267,121.66,89.6269,21.8077,319
351,219.8117,67702,122.7,276,121.89,89.8467,21.7846,308
352,217.3981,67176,122.2625,269,122.08,89.5124,22.1558,309
353,217.6161,70290,120.1375,280,120.51,89.8043,21.8207,323
354,219.8077,68580,122.2875,283,121.5,89.6914,21.4043,312
355,219.969,71050,123.3375,278,122.39,89.2634,21.9901,323
356,221.8942,69231,123.65,292,123.29,89.5168,21.4832,312
357,223.0096,69579,122.8875,288,122.13,89.7976,22.0177,312
358,221.9645,68809,121.175,268,120.96,89.4721,22.1946,310
359,222.0283,70605,121.925,274,121.59,89.4977,21.8113,318
360,221.4469,68870,123.1375,285,122.24,89.7195,21.8872,311
361,220.4344,70539,122.5375,266,122.52,89.5305,21.6138,320
362,223.0292,68693,122.45,275,121.55,89.6709,21.4274,308
363,224.3602,72244,121.9625,283,121.68,89.8316,22.045,322
364,222.7102,69931,123.6,279,123.55,89.362,21.6396,314
365,223.2453,70992,122.3,284,121.98,88.728,21.8208,318
366,222.7134,73050,123.05,280,122.39,89.4798,21.4916,328
367,222.9502,71567,123.65,282,122.68,89.4653,22.0047,321
368,222.9936,69797,121.75,285,121.6,89.5734,21.9029,313
369,223.7241,71368,122.0875,281,121.49,89.1468,21.6552,319
370,223.6699,69785,121.5125,277,121.46,90.1327,22.03,312
371,222.1361,70195,122.975,272,122.64,90.4026,21.6798,316
372,221.8521,68996,120.9,294,121.45,89.7141,22.2686,311
373,222.8549,70645,121.475,278,121.43,88.9964,22.2652,317
374,223.6117,69096,121.775,299,121.99,89.6521,21.6392,309
375,224.8917,70616,121.825,289,120.73,89.7904,22.1187,314
376,226.0348,71427,122.0875,282,121.55,89.5126,21.803,316
377,226.7111,71414,121.675,293,121.27,89.6708,22.2491,315
378,229.4455,73652,122.4,282,122.16,89.1608,21.8244,321
379,234.6688,72278,122.725,297,122.76,89.8131,21.508,308
380,235.5112,73715,121.25,309,121.4,89.8226,22.0616,313
381,233.854,73664,120.9625,297,120.94,89.6319,21.9562,315
382,235.6537,72817,121.8375,299,121.68,89.2691,22.0293,309
383,235.1234,74299,121.7875,306,120.88,89.8865,21.5733,316
384,234.816,76550,123.225,312,122.44,89.5442,22.0659,326
385,235.3802,73674,120.8,302,120.55,89.1776,22.0154,313
386,234.7788,73251,121.4625,295,121.14,89.4021,21.9392,312
387,231.4025,73586,121.55,285,121.41,89.7557,22.2719,318
388,233.1455,75306,122.4375,297,122.34,90.0542,21.9116,323
389,234.0935,72569,121.8,311,121.8,89.564,21.7238,310
390,232.7866,73095,122.1625,302,121.92,90.2447,22.2904,314
391,234.1411,74691,121.6625,298,121.2,89.0378,21.9842,319
392,233.6413,73597,123.7625,290,123.15,89.6862,21.9779,315
393,233.4088,74224,122.1,291,122.05,89.9169,21.6679,318
394,236.1398,76037,121.3625,309,121.91,89.6626,22.2297,322
395,240.3754,74276,121.775,309,121.62,89.9124,21.6283,309
396,239.9297,75098,121.475,318,121.8,89.7362,22.1445,313
397,242.7717,75502,121.55,295,121.72,89.7591,21.9101,311
398,242.4822,74927,122.975,309,122.27,90.0492,22.1927,309
399,241.5903,74893,123.275,311,123.09,89.7447,22.2023,310
400,242.1879,76047,121.925,317,121.24,89.8742,21.8793,314
401,244.763,75387,123.4125,310,123.15,89.7991,21.8748,308
402,241.4345,75569,123.225,302,122.98,89.7509,22.1892,313
403,243.0552,74861,123.7375,310,122.86,89.702,21.8684,308
404,242.2403,74610,121.0375,322,121.07,89.6458,22.2151,308
405,241.6645,74916,121.9625,296,121.42,89.9937,22.1183,310
406,240.5627,74815,120.5375,311,120.73,89.9165,22.1563,311
407,242.6274,76185,122.3375,305,121.99,89.7192,21.8066,314
408,242.3065,75115,122.325,301,122.61,89.5974,21.9448,310
409,242.6572,77165,121.775,329,121.38,89.998,22.0022,318
410,243.3269,75188,123.5375,298,123.9,89.7429,21.8784,309
411,242.1356,76757,122.2375,329,122.04,89.7669,22.2855,317
412,241.4984,75106,122.975,314,122.53,89.3564,22.2121,311
413,242.754,75011,121.8,304,121.74,90.0122,22.0216,309
414,241.5974,74412,122.875,331,122.09,89.5054,22.1687,308
415,243.6719,77975,121.0625,322,121.37,90.008,22.2123,320
416,246.4531,76154,120.875,315,121.37,89.6475,21.8434,309
417,246.5516,76431,122.5125,308,121.92,89.7992,22.1584,310
418,252.534,78033,120.8125,327,120.98,89.6765,22.1633,309
419,252.2013,80200,122.325,319,121.18,89.8908,21.991,318
420,254.8243,79760,121.3625,321,121.19,89.8892,21.9162,313
421,255.5599,78968,122.95,321,122.56,89.3716,22.2626,309
422,257.2816,81301,123.725,337,123.43,89.6571,22.1579,316
423,261.5143,82377,122.9125,330,123.51,89.8534,22.0293,315
424,266.1948,81988,122.0125,340,121.03,89.9026,22.2651,308
425,271.2839,84098,122.5375,343,122.35,89.6424,22.1635,310
426,275.4935,84852,121.825,348,122.41,89.8024,22.1614,308
427,279.3065,86585,122.3625,381,122.52,89.2849,22.2913,310
428,280.5631,86694,122.3875,366,122.04,89.8965,22.3462,309
429,283.1266,87203,121.55,357,121.35,89.6185,22.443,308
430,283.5793,87626,121.2,360,121.24,90.1361,22.2294,309
431,283.3526,88406,122.2125,406,122.21,90.1043,22.2644,312
432,282.5112,88426,123.15,360,123.13,89.6796,22.2898,313
433,284.1378,88651,121.5625,368,120.95,89.5597,22.2205,312
434,281.5272,88118,122.95,376,122.23,89.6224,22.3379,313
435,279.2026,86832,123.05,370,123.2,89.7581,21.8315,311
436,279.2756,87134,121.6875,361,122.07,89.7389,21.9471,312
437,277.6558,85518,121.7625,377,121.88,89.713,22.1595,308
438,275.5484,85420,123.3875,360,123.1,89.5127,22.1083,310
439,277.0844,85342,123.2375,339,122.79,90.118,22.3075,308
440,272.8077,85116,120.775,337,121.47,90.2379,21.6409,312
441,270.8449,85587,123.05,364,122.31,89.5206,22.0327,316
442,273.6893,84570,123.0375,347,122.37,90.1492,22.273,309
443,272.8571,85950,121.15,355,121.54,89.5229,22.0055,315
444,271.4058,83593,123.1375,342,123.23,89.6298,22.153,308
445,270.0518,83446,123.675,345,123.06,89.5524,21.7941,309
446,269.293,84558,122.5125,353,121.91,89.6722,22.4484,314
447,272.7484,85643,122.2875,347,121.72,89.3707,22.0704,314
448,273.3524,86106,121.625,355,121.32,89.902,21.849,315
449,275.0227,84707,122.375,364,121.9,89.8085,22.1123,308
450,268.906,85781,122.6375,354,122.2,89.6175,22.2117,319
451,267.974,82536,123.4875,357,123.16,89.6472,22.1414,308
452,264.6958,81791,121.8125,349,121.32,89.4833,22.2557,309
453,260.1342,81422,121.3625,334,121.06,89.8184,22.0669,313
454,256.3694,80500,121.3,349,120.95,89.7408,21.9067,314
455,255.6314,79757,122.6375,318,122.41,89.2064,21.8465,312
456,251.0093,80574,122.0125,317,121.69,90.0191,21.7629,321
457,249.4675,76836,121.5,313,122.07,89.5596,22.2258,308
458,245.4516,76090,122.9125,300,123.11,90.3512,22.1706,310
459,244.7025,77326,120.95,308,120.83,89.4946,21.7864,316
460,242.6741,76685,123.025,310,122.41,89.9553,21.9427,316
461,241.6828,74680,123.4,314,123.49,89.6,22.1719,309
462,239.8797,75802,122.0125,323,121.67,90.2197,21.9238,316
463,237.7312,76074,120.95,289,121.25,89.6164,21.8117,320
464,238.0129,74022,121.3125,295,121.11,89.5639,21.8508,311
465,235.8381,74289,121.3625,282,121.57,89.8962,22.0802,315
466,236.0942,72717,123.15,291,122.87,89.8819,21.539,308
467,233.7749,72704,122.55,291,122.92,90.1215,21.8114,311
468,232.1614,73363,121.5875,298,122.58,90.2937,21.8773,316
469,230.8038,72934,122.2625,283,122.44,90.0363,22.012,316
470,232.4727,72299,122.8375,283,121.95,89.7207,21.6404,311
471,233.1704,72516,122.2125,296,121.4,89.9682,21.9323,311
472,232.8718,72656,123.8125,296,123.46,89.7756,21.372,312
473,235.0323,72860,122.275,302,122.28,89.8798,21.5811,310
474,236.0227,72931,121.5375,296,122.16,89.5931,21.4827,309
475,232.8424,76838,123.0625,288,121.63,89.8814,21.5593,330
476,238.6278,73736,123.6,291,123.09,89.8929,21.6226,309
477,237.6852,77010,121.4375,288,121.42,89.5376,21.4654,324
478,241.0769,75216,121.35,297,121.18,90.2913,21.5879,312
479,245.4728,76833,122.05,318,121.3,90.3931,21.6165,313
480,246.2092,80018,121.9125,312,122.42,89.9753,21.3962,325
481,244.3172,75494,123.05,305,121.84,90.1811,21.7305,309
482,245.2476,77253,123.2,307,122.94,90.119,21.3332,315
483,245.7093,76907,121.8375,307,121.26,89.9883,21.6384,313
484,245.1365,77218,121.775,291,121.25,90.0999,21.5134,315
485,244.7219,78311,122.3375,329,121.7,90.0103,21.1896,320
486,244.8929,75427,121.75,292,121.46,89.4741,21.6612,308
487,241.9475,78391,123.0375,298,122.24,89.8697,21.4448,324
488,240.9484,74694,121.5625,303,121.45,90.1961,21.4532,310
489,240.6968,74616,120.025,290,119.65,89.9139,21.1983,310
490,238.2233,73611,123.0625,293,122.13,90.2066,20.8532,309
491,238.987,73608,121.5875,290,120.95,89.8728,21.4545,308
492,237.575,76024,122.125,306,120.9,89.7577,21.3831,320
493,235.9711,73387,121.475,277,120.87,89.9052,21.624,311
494,238.5534,73713,122.5125,276,121.37,90.271,21.2864,309
495,236.283,73484,122.4625,300,121.56,90.08,21.1917,311
496,236.0541,74121,122.15,301,122.05,89.8295,21.9034,314
497,238.3065,73875,122.0375,286,121.79,89.5806,21.8342,310
498,238.8631,75003,121.5125,307,121.53,89.7876,22.0664,314
499,240.3628,76195,122.375,294,122.15,90.0748,21.3786,317
500,241.7325,75904,121.875,300,121.66,89.9948,21.451,314
501,240.4194,74530,121.9625,293,121.24,90.1283,21.899,310
502,240.8182,74172,123.2875,308,123.17,89.6728,21.4321,308
503,239.6472,74051,122.4125,297,122.3,89.7479,21.8803,309
504,237.7788,76327,122.8,285,122.67,89.6711,21.2831,321
505,238.1065,73813,122,299,121.1,89.9755,21.8654,310
506,233.5188,74726,122.3625,288,122.11,89.8515,21.5951,320
507,232.8082,74033,122.1,284,121.51,90.2319,21.486,318
508,231.2825,71235,123.9,278,123,89.9787,21.6698,308
509,230.4383,70975,120.875,286,120.67,90.0518,21.9529,308
510,226.3567,71076,120.675,271,121.12,89.5838,21.3675,314
511,225.582,70156,122.9375,277,121.8,89.3405,21.7974,311
512,224.7692,70128,122.05,285,121.95,89.4441,21.368,312
513,221.8429,69215,122.3625,285,121.46,88.9036,21.8201,312
514,220.6646,70392,121.9375,265,120.88,89.4097,21.8093,319
515,220.5737,68819,121.9,264,121.37,89.8892,21.4164,312
516,219.6948,67666,123.4625,273,122.77,88.961,21.4761,308
517,217.839,70362,122.375,266,121.42,88.4306,21.1583,323
518,216.6045,67364,120.95,272,121.42,90.0848,21.1848,311
519,214.9151,68343,122.0125,284,121.05,89.4503,21.2602,318
520,214.9162,71782,122.25,267,120.98,89.0494,21.6279,334
521,214.4365,69263,120.2875,261,120.41,89.506,21.8086,323
522,214.511,68429,121.675,261,121.32,88.8907,22.4707,319
523,213.5818,67919,122.1875,251,122.28,89.3462,21.2649,318
524,216.8328,67435,123.5875,277,123.13,89.1077,21.5628,311
525,213.2934,67614,121.9875,264,121.21,89.0148,22.1241,317
526,212.7951,69584,120.1625,253,121.09,89.0767,22.0529,327
527,212.7278,69562,121.9625,256,121.86,89.8673,21.4996,327
528,211.2125,67588,123.3375,253,123.28,89.6732,21.4998,320
529,211.6791,67949,123.375,254,122.07,88.5282,21.506,321
530,210.6871,68684,121.4875,250,120.73,89.6381,21.7351,326
531,211.1125,65656,121.375,254,120.81,89.1816,21.4888,311
532,209.7412,65649,122.2,263,121.61,88.9952,21.9243,313
533,209.9696,69080,121.0625,254,121.06,88.6337,21.3292,329
534,210.1282,65560,120.8,254,120.3,89.1187,21.5571,312
535,208.3596,71259,121.575,260,122.49,89.0597,21.6752,342
536,208.6173,67592,122.6875,253,122.2,88.8466,22.0433,324
537,209.7276,65435,121.8375,256,121.62,89.6334,21.3129,312
538,209.2844,66971,121.5125,254,120.91,88.5209,21.5277,320
539,210.0585,68269,122.25,244,122.47,88.8988,22.3193,325
540,208.5785,67788,121.0625,254,121.39,89.5163,21.8515,325
541,208.6721,64271,120.4375,261,120.73,89.501,21.7779,308
542,208.0096,65107,121.475,249,121.15,88.5311,21.8219,313
543,208.6095,65712,122.2625,255,122.48,88.8093,21.4986,315
544,207.3758,68434,122.65,264,121.23,88.5354,22.1008,330
545,206.9908,67479,123.2625,266,122.4,88.9606,21.645,326
546,207.6154,64776,122.375,257,121.41,89.3326,22.3052,312
547,207.5161,64330,121.125,263,121.64,89.0924,21.9368,310
548,207.3851,64082,122.4125,254,121.75,88.5687,21.998,309
549,207.5639,66628,122.2875,250,121.53,89.1911,22.0718,321
550,207.1246,64830,122.3875,253,122.05,89.3094,21.6986,313
551,207.5987,65186,121.0625,261,120.78,88.2786,21.8136,314
552,206.1061,64099,122.3125,241,121.23,89.6822,21.8122,311
553,205.7059,66443,120.975,252,120.56,88.7011,22.3087,323
554,207.8431,67549,122.1625,250,122.24,88.9189,21.626,325
555,206.8589,67436,122.75,249,122.17,88.3638,22.1143,326
556,208.8766,64334,122.5,249,122.99,89.4679,21.9255,308
557,207.5519,63926,121.425,247,121.73,89.3855,21.5538,308
558,204.5813,67921,122.0875,254,122.02,88.811,21.698,332
559,206.0673,64293,123.375,244,122.46,88.6174,21.6022,312
560,205.9938,66536,121.025,251,120.77,88.6226,22.1753,323
561,207.2385,67767,121.1125,250,120.68,88.9485,21.9395,327
562,207.5219,66407,122.5125,246,122.31,88.0089,21.6043,320
563,207.6815,65212,121.6,246,120.83,89.3663,22.3217,314
564,205.3877,66751,121.0625,244,121.36,88.2159,22.2607,325
565,205.1068,63378,122.825,249,122.69,88.5226,22.107,309
566,206.3022,66223,120.375,247,120.6,89.2795,21.9683,321
567,206.5805,67965,120.7375,244,120.84,88.6455,22.1171,329
568,206.475,66072,121.7,248,121.94,87.1966,21.6388,320
569,206.0314,65518,121.3625,271,121.43,87.983,21.7269,318
570,206.5305,64231,122.375,246,120.91,88.6616,22.5497,311
571,205.1064,67480,122.25,252,121.43,88.8463,22.3942,329
572,206.5873,65075,122.6875,263,122.35,88.8702,22.2003,315
573,206.3259,65199,121.45,261,121.46,88.4366,22.1244,316
574,206.5079,65463,120.2625,254,120.07,88.1612,21.8564,317
575,205.7327,68509,121.175,241,121.83,88.3368,22.9931,333
576,206.3734,65214,121.575,273,121.66,88.0901,21.5549,316
577,206.3269,63755,121.825,244,120.88,88.2662,22.3287,309
578,204.5701,65667,120,244,120.44,88.2848,22.3245,321
579,205.9494,65080,123.3875,260,122.93,87.8971,21.7346,316
580,205.5423,65568,122.175,257,122.3,88.1664,22.165,319
581,205.8384,67515,122.7625,247,121.6,88.1389,22.1798,328
582,204.9492,64559,122.95,240,122.17,87.9118,21.8382,315
583,204.2134,66982,123.45,251,121.43,87.8777,22.2478,328
584,203.1667,64607,122.5375,248,121.48,88.2287,21.8605,318
585,205.1734,66271,120.8875,258,121.43,87.9111,22.5178,323
586,204.4,65408,120.1,242,120.21,87.8695,22.9825,320
587,204.4244,63576,121.7625,256,122.51,88.6741,21.9033,311
588,205.4082,64909,121.325,240,120.87,88.112,22.7387,316
589,205.0415,64178,122.1,243,121.97,87.5241,22.1793,313
590,205.0903,63578,122.5125,246,122.2,88.021,22.7102,310
591,205.2233,63414,119.9,253,119.8,88.2182,22.2295,309
592,204.2045,63916,122.95,247,122.68,87.9429,22.2408,313
593,205.4193,66145,123.6125,272,122.73,88.5561,22.8478,322
594,204.2492,63930,122.05,249,122.16,87.8628,22.9781,313
595,203.6748,67009,122.3875,263,122.65,88.3708,22.3957,329
596,203.3831,62642,122.7,241,121.74,87.5672,22.966,308
597,203.526,66553,120.25,260,120.83,88.6459,22.5258,327
598,203.8129,63182,121.9625,252,121.38,87.1009,22.2036,310
599,203.5015,65731,122.2,249,121.9,87.872,22.135,323
600,203.481,64300,121.9375,250,121.34,88.0306,22.5253,316
601,203.8868,64836,121.5125,247,122.15,88.1617,22.5541,318
602,203.4206,65298,122.3,255,121.97,87.136,22.4352,321
603,204.5357,62997,122.2875,245,120.66,87.8313,22.2603,308
604,204.5188,65446,123.1,253,122,87.4456,22.3973,320
605,203.6835,64364,122.3875,243,120.91,88.0196,22.288,316
606,205.5779,63318,122.4875,238,122.19,88.2568,22.5473,308
607,203.5268,64518,122.0125,257,122.65,87.5438,22.507,317
608,204.5968,64448,122.725,252,121.76,87.826,22.2298,315
609,203.1511,63180,123.025,245,121.79,87.496,22.7174,311
610,204.5619,64437,120.875,260,120.59,87.5154,22.4192,315
611,203.8237,63593,122.2125,240,121.67,87.6532,22.652,312
612,203.6593,64560,123.0125,249,123.53,88.046,22.514,317
613,203.3648,64670,122.325,244,121.99,88.5033,22.2031,318
614,203.7714,64188,121.1125,245,121.49,86.3546,22.8709,315
615,204.1737,68194,122.55,239,121.93,87.9402,22.6951,334
616,204.6,67518,122.225,257,121.94,87.7011,23.2279,330
617,202.9196,63108,122.1125,242,122.14,87.8794,22.8916,311
618,203.6925,65589,121.2,252,121.47,87.2223,22.665,322
619,202.8246,65918,122.1875,245,121.88,87.9153,22.51,325
620,203.0706,66201,122.2375,242,122.01,87.1215,22.5228,326
621,204.3056,66195,122.6,253,122.24,87.7716,22.2166,324
622,203.1718,66234,122.7,262,121.75,87.6447,22.4098,326
623,203.4889,64099,122,247,121.22,87.2124,23.3002,315
624,204.6013,64654,122.4375,247,121.83,86.9149,22.199,316
625,202.1424,62462,122.325,253,121.16,88.2688,22.6207,309
626,204.0446,64070,122.4125,244,122.12,86.8437,22.5162,314
627,202.4871,62771,122.475,249,121.5,87.8652,23.1721,310
628,204.172,64110,120.8625,242,120.86,87.5082,23.1739,314
629,203.7197,63968,123.0125,249,121.64,87.4527,23.2164,314
630,203.7065,63149,122.4625,256,121.43,87.1169,23.4168,310
631,202.2156,64709,122.8125,249,122.16,87.2573,23.0561,320
632,203.0031,64555,123.05,251,121.91,87.3439,22.9372,318
633,203.4706,65721,123.0125,249,122.98,86.9704,23.1159,323
634,203.5346,64724,123.3375,250,122.12,87.4112,23.5072,318
635,202.5987,63616,121.1625,241,121.08,87.0333,23.289,314
636,203.901,63821,121.9625,245,122.33,87.2496,22.5838,313
637,202.2862,65743,121.775,247,120.9,87.0564,22.0479,325
638,203.0128,63543,120.9125,243,120.68,87.6645,22.4789,313
639,204.3182,62930,124.5875,248,123.26,87.3269,23.1877,308
640,201.9878,66252,120.725,240,120.86,86.5813,22.1215,328
641,204.1378,63691,122.9125,261,122.02,87.7521,22.8068,312
642,203.7565,62757,122.1125,253,121.8,87.3529,23.0449,308
643,202.1651,64895,121.6625,244,121.68,87.4577,22.9148,321
644,202.2645,62702,123.2125,251,123.25,87.439,23.0316,310
645,202.5296,65012,122.2375,247,121.61,87.1037,22.7679,321
646,203.4019,64275,120.875,242,120.6,87.0264,22.6734,316
647,201.9252,64818,121.35,246,121.23,87.5231,22.961,321
648,201.612,63911,121.925,256,120.97,87.2395,22.7573,317
649,203.1293,64392,120.95,247,121,87.0762,22.8334,317
650,202.1748,65909,121.825,238,121.3,87.2114,23.2869,326
651,201.7432,66777,121.7875,265,121.7,87.8751,22.9299,331
652,203.0256,63344,121.225,254,120.92,87.4193,22.6159,312
653,202.7732,63468,121.65,239,121.66,87.63,22.6258,313
654,201.0997,64553,122.275,249,122.23,87.3007,22.667,321
655,202.2816,63921,123.3875,236,122.74,87.0227,22.8918,316
656,201.0284,63726,121.5125,232,121.01,87.2949,23.0299,317
657,202.7233,64466,120.975,250,120.35,87.7454,23.0249,318
658,202.2134,63495,124.625,244,123.32,86.7831,22.9967,314
659,203.3032,63024,123.9,252,121.76,86.8771,23.4379,310
660,203.0189,64560,120.9125,257,121.46,87.2478,22.6032,318
661,200.9911,67734,121.6625,244,121.01,86.8952,23.2002,337
662,202.528,65214,121.5,249,121.21,86.7794,23.2512,322
663,201.9452,62603,120.1125,236,120.02,87.1977,22.489,310
664,202.0707,62844,122.225,235,122.54,86.9523,23.3538,311
665,201.7915,66793,121.375,246,120.94,86.8407,23.113,331
666,202.1362,65290,122.8,237,121.98,86.0683,22.9821,323
667,202.1763,63079,121.475,236,121.23,87.2791,23.7333,312
668,199.8237,65742,122.1625,252,121.77,86.545,22.8586,329
669,200.3072,63898,124.6375,241,122.05,87.9185,23.2075,319
670,201.1347,67179,121.3125,234,121.12,88.0914,22.6662,334
671,201.6098,66128,122.1125,243,122.09,87.2761,22.9441,328
672,202.7203,63046,121.3,252,122.22,87.2166,22.5811,311
673,201.7262,65561,122.0625,246,122.06,87.4405,22.677,325
674,202.735,64267,122.2,250,121.97,87.1417,23.1598,317
675,200.9377,64501,121.7625,245,121.79,87.7634,22.8941,321
676,201.1949,71223,121.275,238,121.54,86.3455,23.264,354
677,202.2603,63712,121.725,239,122.19,86.3828,23.8845,315
678,200.9299,63092,120.85,237,121.31,87.2941,23.4478,314
679,202.4859,64593,121.9625,240,121.76,86.7714,22.9363,319
680,201.0562,64338,122.25,258,121.6,86.9661,23.2224,320
681,202.1359,62460,123.15,243,122.37,86.4486,23.2548,309
682,201.211,65796,123.5875,233,122.2,86.5987,22.8996,327
683,201.6238,62705,123.4375,245,122.47,87.292,23.3379,311
684,201.823,64987,123.2875,244,123.14,86.5484,23.1091,322
685,200.4838,61749,121.3125,236,121.16,87.1804,22.4563,308
686,202.1572,64286,122.6125,250,122.24,88.4862,22.9032,318
687,200.5798,65389,121.95,238,122.18,87.5943,23.0193,326
688,200.7723,65251,120.85,238,121.94,87.0134,22.89,325
689,201.6815,63328,122.475,242,122.3,86.9205,23.3253,314
690,202.0063,63632,121.2625,241,121.44,87.4147,23.2151,315
691,202.4206,64977,121.9375,250,121.34,87.2242,22.6196,321
692,202.4313,63361,123,254,122.13,87.4744,23.2221,313
693,201.3476,66042,121.8375,242,121.66,87.3681,22.8003,328
694,201.163,64171,121.4125,242,121.44,87.5488,23.2655,319
695,200.7329,64636,121.4375,242,120.46,88.3305,23.1743,322
696,201.0991,64955,122.1125,242,122.13,87.7515,22.8083,323
697,201.6238,62705,121.35,246,121.13,85.7418,22.8295,311
698,201.0217,64729,122.8125,239,120.78,86.769,23.1685,322
699,200.5473,67785,120.6625,240,120.91,87.2671,22.9263,338
700,202.2662,62298,121.3375,247,120.95,87.2879,22.4929,308
701,200.6969,64223,121.8625,239,121.59,86.5688,23.5395,320
702,201.2925,64011,122.7625,246,121.64,86.7112,22.6098,318
703,201.4357,64258,122.5,252,122.53,86.8443,22.7071,319
704,201.473,63464,122.625,243,121.94,86.2579,23.5245,315
705,200.3219,64103,121.1125,243,121.5,88.0112,22.8667,320
706,201.0398,65740,119.925,250,120.59,86.8771,22.8334,327
707,200.8941,64487,121.1125,249,121.4,87.3915,23.3124,321
708,202.537,62989,123.3,243,122.87,87.0227,24.2857,311
709,201.9774,62613,121.775,241,122.2,86.7558,23.3258,310
710,200.9279,64096,121.2875,243,121.1,88.3854,22.9278,319
711,200.5382,65576,122.3,251,122.5,86.9895,23.1006,327
712,199.7882,64132,122.8625,245,121.38,87.2166,23.4145,321
713,200.8401,64068,120.8,262,120.04,87.1745,22.8079,319
714,200.9751,64513,124.1625,237,122.9,86.0143,22.5863,321
715,200.3312,62303,122.5875,237,121.83,87.149,21.5736,311
716,201.8153,63370,119.9875,237,119.99,86.8376,22.8752,314
717,201.3556,66246,120.1625,251,120.8,87.1913,23.1097,329
718,200.8213,69685,121.8625,238,121.13,86.0695,22.7788,347
719,199.7349,69308,122.525,247,120.97,87.5167,22.9741,347
720,200.7038,63021,120.85,239,120.64,87.7065,23.2891,314
721,201.7621,62748,120.4125,247,119.92,87.2972,23.0511,311
722,200.613,64798,123.1625,235,122.73,87.5759,23.2891,323
723,203.711,62743,121.55,249,122.24,87.071,23.1061,308
724,202.8182,64699,122.35,236,122.99,86.5436,23.4393,319
725,202.6101,64430,123.25,240,122.74,87.5609,23.7953,318
726,203.9039,67900,122.3625,244,122.23,86.6109,23.1724,333
727,203.1022,63571,122.8125,253,121.37,87.4015,23.6143,313
728,204.0927,63881,121.5,250,121.05,86.436,23.0029,313
729,204.379,64175,120.9125,243,120.43,86.7393,23.3895,314
730,204.7085,65302,122.0375,241,121.52,87.5689,22.7401,319
731,204.5438,65454,120.8125,248,121.4,88.1548,22.8883,320
732,203.6333,67199,122.525,246,121.85,86.4724,23.3406,330
733,203.1104,68042,121.475,239,121.92,86.9825,24.0196,335
734,203.0759,64172,121.3875,243,121.2,87.466,23.3841,316
735,203.5656,65141,122.675,240,122.11,86.3734,22.6032,320
736,204.6593,64877,123.2,261,121.99,88.0386,23.2202,317
737,205.6214,63537,123.625,243,123.5,87.4299,23.2088,309
738,205.0994,68093,123.4375,253,122.44,86.8171,22.6362,332
739,205.4537,64307,123.4625,249,121.96,86.9647,23.2871,313
740,205.0915,65014,121.325,251,121.6,87.6746,23.0783,317
741,205.5113,63914,123.2875,252,122.1,86.7739,23.3977,311
742,207.5385,64752,122.1625,246,121.3,87.0104,23.7094,312
743,209.6771,66887,122.2,254,122.58,87.9681,23.5196,319
744,209.5503,66637,121.3,262,122.1,87.5009,22.6302,318
745,208.8742,68093,122.1625,263,121.74,87.9204,23.5848,326
746,211.4952,66621,123.425,250,123.1,86.1769,23.1052,315
747,210.4778,66511,121.5625,264,121.23,87.7287,23.4736,316
748,212.4984,66937,120.075,270,120.32,87.674,23.3674,315
749,213.7564,66692,122.2,264,121.25,87.1855,23.0955,312
750,213.2595,67390,121.4625,262,120.3,87.2215,23.3229,316
751,215.0723,68393,122.5375,267,121.96,87.5217,23.6814,318
752,213.456,67879,121.3625,247,120.76,87.0526,23.526,318
753,213.6916,65817,120.225,259,121.17,87.7089,23.2424,308
754,213.026,65612,120.55,253,120.72,87.2009,23.9299,308
755,212.8052,65544,121.1375,256,122.49,86.2855,23.3677,308
756,212.6613,65925,122.8375,262,122.91,87.5731,23.6973,310
757,212.5048,66089,122.475,259,121.2,87.1106,23.999,311
758,211.5406,67693,122.0875,247,121.57,86.3961,24.0109,320
759,212.6677,67841,121.5,251,122.02,86.4358,23.2819,319
760,210.0243,69098,121.625,256,121.12,87.2492,23.3251,329
761,213.0032,67096,121.4375,257,122.05,87.34,23.5333,315
762,211.6975,68590,121.5875,252,121.73,86.9903,24.2893,324
763,211.9522,66553,121.2875,256,121,87.8776,23.6906,314
764,210.8428,67048,120.4375,251,121.17,87.4418,23.4138,318
765,209.3673,67835,121.175,244,120.83,87.576,23.401,324
766,210.4712,65667,121.8125,245,121.21,87.4737,23.224,312
767,208.9746,65827,121.7875,252,121.64,87.7523,23.5603,315
768,209.1804,68402,121.05,260,121.47,86.7932,23.3449,327
769,208.8742,68093,121.6875,253,121.01,87.3194,23.3994,326
770,207.4502,64517,122.6625,237,122.84,87.256,23.397,311
771,208.3109,64993,122.05,244,122.43,87.5386,22.7968,312
772,209.1877,64639,121.9,253,121.94,88.0553,23.0603,309
773,208.2684,65188,122.0625,245,121.97,86.2473,23.5144,313
774,207.5812,63935,119.625,252,121.08,86.9868,24.0511,308
775,209.4369,64716,122.85,255,122.92,87.1238,23.3534,309
776,208.7307,67420,121.7,253,122.42,87.4781,23.0488,323
777,206.3844,66043,122.0625,252,121.89,87.4391,22.7914,320
778,205.9663,67145,122.125,252,121.31,86.5122,23.039,326
779,206.265,65386,121.35,248,122.12,87.6336,23.0512,317
780,207.5178,64123,122.45,264,121.51,86.9754,23.7834,309
781,205.6718,67049,121.0875,247,120.7,87.4679,23.133,326
782,206.3883,63774,122.6125,238,121.82,86.704,23.3855,309
783,205.5478,64542,122.95,245,121.94,88.114,23.248,314
784,206.2226,63929,120.5375,247,121.17,86.6978,23.6176,310
785,205.5032,64117,122.5625,246,121.98,87.0578,23.0202,312
786,206.9551,69123,121.15,250,121.18,86.5333,23.2719,334
787,208.673,65732,120.9125,242,120.65,87.2206,23.5182,315
788,208.5643,66532,121.35,258,121.47,87.7474,22.9746,319
789,210.0349,66161,121.275,250,121.32,87.7399,24.121,315
790,210.6458,67196,120.45,249,120.06,87.2636,24.3139,319
791,211.8466,66308,121.6625,255,121.66,87.455,23.267,313
792,210.3758,66058,120.825,265,120.61,87.5412,23.1648,314
793,212.9651,67084,122.175,261,122.16,87.9108,23.468,315
794,212.4903,65872,121.95,263,121.87,86.9343,23.3152,310
795,212.0696,67014,123.1375,257,122.67,86.7928,23.3479,316
796,213.8447,66078,120.8875,257,120.92,86.9735,23.8254,309
797,214.5031,69070,121.35,257,121.89,87.5423,23.2371,322
798,213.3261,68691,121.35,256,120.84,87.4016,22.9348,322
799,214.8789,69191,121.8625,257,121.76,87.0956,23.2266,322
800,216.0892,70229,121.975,269,121.79,87.7647,23.7903,325
801,216.7822,70671,122.1875,258,121.75,87.167,23.9407,326
802,218.6045,67986,123.0625,265,122.7,87.7702,23.4562,311
803,216.3467,69880,121.4625,284,121.79,87.6364,24.3839,323
804,217.11,67087,122.1625,258,121.44,87.7102,23.4764,309
805,216.8205,67648,121.7,278,121.5,86.8376,23.463,312
806,216.7926,70024,122.8625,262,121.84,86.6621,24.0589,323
807,216.9561,69209,123.05,263,122.21,87.0467,23.3454,319
808,214.4861,69279,122.5875,251,122.67,86.6113,23.6062,323
809,215.3149,66317,121.1125,258,121.32,86.8453,23.5688,308
810,213.0062,68375,120.025,258,120.28,87.7226,23.5261,321
811,213.6408,66015,121.4,260,121.72,87.8621,23.5573,309
812,211.7704,67343,121.7375,258,121.96,88.0417,22.7776,318
813,211.625,67720,120.7375,260,121.25,88.0171,23.2968,320
814,211.3344,66993,121.075,269,121.45,87.1002,23.6141,317
815,211.2462,70345,121.025,251,121.25,87.2676,23.1413,333
816,209.3458,67200,122.0375,244,121.83,87.6929,23.447,321
817,211.8994,65265,121.6875,261,121.62,87.2147,23.7228,308
818,208.9811,66247,120.6,266,120.82,86.6354,23.974,317
819,208.709,67413,121.0125,268,121.03,87.6268,23.6117,323
820,207.95,66544,120.9375,253,121.84,86.6962,23.2121,320
821,208.2765,64774,122.4375,253,121.96,86.6657,23.2463,311
822,207.9439,66750,121.8875,244,120.96,86.314,23.9627,321
823,206.2591,67653,122.4625,248,121.43,87.3764,23.552,328
824,207.1838,66506,121.3875,247,121.39,87.3943,23.6382,321
825,206.7579,65749,121.7,255,121.56,86.8565,23.2901,318
826,205.3608,64894,122.475,238,121.37,87.9401,23.1365,316
827,204.5311,65859,122.9,254,122.6,87.0771,23.3597,322
828,204.0557,65910,121.3125,241,121.17,86.999,23.352,323
829,204.418,66027,122.5875,241,121.41,85.8094,23.3054,323
830,205.1071,63173,122.725,253,121.31,86.9859,23.1071,308
831,205.254,63834,121.6875,252,120.53,87.2428,22.3037,311
832,204.965,64359,122.8875,257,122.19,86.5798,23.1294,314
833,204.7055,63254,122.2625,248,122.37,86.9746,23.6557,309
834,204.4,65408,122.2125,243,121.8,87.4514,23.4994,320
835,203.5778,64127,121.6625,236,121.54,86.2737,23.863,315
836,205.9968,64271,121.1625,249,121.38,86.5107,23.5333,312
837,204.6839,63452,122.4625,249,122.41,86.4015,23.5206,310
838,204.8656,65557,122.1875,238,121.49,86.2659,23.3389,320
839,204.2058,63508,122.5375,238,122.51,87.3874,23.151,311
840,204.1968,63301,122.075,259,121.71,87.2269,22.6467,310
841,203.7161,64578,123.3125,234,122.14,87.0303,22.9601,317
842,203.5925,64946,121.2625,249,120.92,86.9604,23.2654,319
843,204.2006,65140,120.85,243,121.09,87.4617,23.835,319
844,205.6268,70530,121.275,251,121.26,87.0561,23.0483,343
845,204.1302,64301,121.65,264,120.88,86.8792,23.3316,315
846,205.4019,64907,120.95,244,120.13,87.1884,23.2338,316
847,204.1994,63506,120.875,239,120.14,87.7198,23.6487,311
848,205.8786,64440,120.55,246,120.49,87.4092,23.2833,313
849,204.7152,66123,121.4375,241,121.11,86.9647,23.9719,323
850,205.7165,66035,122.5125,245,122.32,87.339,23.7397,321
851,205.6456,64984,121.4375,253,121.92,87.0947,23.8327,316
852,206.0963,66363,120.3,248,120.47,86.8943,23.4655,322
853,206.12,66989,122.0375,247,121.71,86.8088,23.1969,325
854,206.0599,65321,121.725,254,120.87,86.8028,23.2828,317
855,206.717,65736,122.175,240,122.04,87.3653,23.3101,318
856,205.7582,68929,122.3625,249,121.72,86.8314,23.7,335
857,206.7621,64303,121.2625,254,121.93,86.786,23.5723,311
858,208.1122,64931,122.85,243,122.26,87.0996,23.5745,312
859,205.1402,65850,121.5125,260,121.37,86.2712,23.5103,321
860,205.633,67242,121.975,242,122.45,86.813,22.7921,327
861,206.3887,65838,121.475,243,120.82,86.3293,23.2196,319
862,205.6883,63352,121.8875,244,121.3,87.2163,23.4969,308
863,205.5346,65360,122,248,121.9,86.7033,23.2802,318
864,205.4591,65336,120.7375,250,120.65,87.0938,23.2073,318
865,205.0213,67247,123.6125,240,122.99,85.8695,23.7214,328
866,205.7025,65002,122.9125,245,120.88,87.081,23.6463,316
867,204.4906,65437,121.65,244,121.81,87.2713,23.2418,320
868,205.7704,65435,121.3625,268,121.16,87.4046,23.1819,318
869,206.7709,66787,122.5,264,122.45,87.3406,23.9315,323
870,207.5298,66202,121.6125,254,121.88,87.5221,23.2033,319
871,210.0419,65113,122.975,256,122.49,88.2615,23.2052,310
872,207.1667,64636,122.25,252,121.85,87.2303,22.5858,312
873,207.03,68941,121.4625,252,121.58,86.8199,23.581,333
874,206.9906,65823,122.55,251,121.41,87.1975,22.5677,318
875,207.6827,64797,121.1125,242,120.92,87.57,23.7269,312
876,208.6038,66336,122.05,258,121.99,87.301,23.13,318
877,208.8585,66417,122.575,255,122.23,86.8659,23.6355,318
878,207.3077,64680,121.675,267,121.64,87.2121,23.1771,312
879,207.558,66211,121.1625,257,121.35,87.2722,22.4826,319
880,209.1362,67551,121.4,246,120.54,86.0926,23.4459,323
881,208.0588,67203,122.0875,255,120.6,87.807,22.9802,323
882,209.1937,65896,122.15,252,121.58,87.6648,23.0432,315
883,209.287,69274,123.1875,257,123.14,87.034,24.0671,331
884,208.4817,68382,121.275,251,121.66,87.8964,23.4386,328
885,207.4364,68454,120.8125,264,120.52,86.8741,23.4917,330
886,208.8571,65790,119.9625,254,121.21,86.4672,23.7915,315
887,206.4286,66470,122.0875,245,122.6,86.9838,22.8803,322
888,206.9968,64169,120.7375,263,121.32,86.5921,23.0429,310
889,204.6212,67525,122.7375,237,121.72,86.6701,23.3304,330
890,205.8642,66700,122.7875,245,121.76,87.0079,23.0426,324
891,204.2049,66775,121.35,241,122,87.4217,23.1475,327
892,204.9432,64967,122.1125,254,122.28,85.4641,23.5916,317
893,205.135,63797,121.9,244,121.62,86.9645,23.2346,311
894,205.2342,64854,121.3875,248,121.18,86.9689,23.6944,316
895,202.0836,65273,121.675,248,121.43,87.7731,23.5582,323
896,202.8462,63288,121.75,235,121.87,87.0706,23.8495,312
897,203.7094,65187,120.825,249,121.21,86.7291,23.6484,320
898,201.9852,68069,122.9875,248,121.44,86.525,23.5479,337
899,202.7354,65889,121.45,247,122.74,86.7066,22.8795,325
900,203.9715,64455,120.6625,250,120.79,86.7873,23.1831,316
901,201.3854,63235,121.7125,243,121.1,86.6711,23.4216,314
902,201.6338,65531,121.3625,249,121.32,87.1081,23.4232,325
903,201.7385,65565,121.575,250,121.26,86.0269,23.8161,325
904,202.2273,62286,122.6125,237,122.02,86.2435,22.7551,308
905,202.9536,65554,123.6375,237,121.66,86.9876,22.2306,323
906,203.7382,64585,122.85,254,122.07,87.6969,23.5395,317
907,201.1767,63773,122.8375,244,123.32,87.5801,23.0964,317
908,201.2365,67213,121.85,239,121.13,87.073,23.4799,334
909,201.5806,62490,121.9875,242,121.88,86.9839,23.3663,310
910,202.3065,65345,121.4,244,121.02,87.7845,23.5118,323
911,201.1853,62971,122.125,240,122.13,87.837,23.2987,313
912,200.5871,62182,121.0875,234,121.28,86.6907,22.6805,310
913,202.115,63262,121.725,242,121.18,86.4318,23.7397,313
914,201.2233,62178,122.775,254,122.68,87.1469,24.0553,309
915,200.0647,68022,121.7,237,121.37,86.1971,23.8251,340
916,199.6865,63700,121.3875,243,121.39,87.0586,23.5792,319
917,199.8703,69355,120.2875,254,120.78,86.5404,22.8906,347
918,199.9537,64785,120.8875,243,121.03,86.8459,23.3139,324
919,200.5166,66371,123.175,239,121.7,85.8889,23.5589,331
920,198.4582,64102,121.7125,232,122.05,86.9304,23.4432,323
921,201.2524,63797,121.325,248,121.66,86.2247,22.7858,317
922,200.7896,62044,122.6875,239,121.22,86.7411,23.5495,309
923,200.7217,62023,121.6625,235,120.54,87.4771,23.207,309
924,200.1133,61835,121.475,239,121.1,86.9105,23.4107,309
925,199.6364,61488,121.4,243,121.43,87.0244,22.966,308
926,199.9904,62397,121.075,240,120.78,87.8946,23.2841,312
927,200.2197,62869,120.8625,241,120.72,87.0445,22.8473,314
928,200.057,63218,121.8375,241,121.91,87.4079,22.4279,316
929,198.9503,64062,120.9,231,120.76,85.5438,22.7201,322
930,199.7853,62333,122.275,232,120.4,87.2788,23.1784,312
931,199.4812,63834,122.325,232,121.79,85.9349,22.6879,320
932,199.2755,64366,122.875,239,122.2,85.6214,23.0255,323
933,199.7468,63120,122.1875,233,122.27,86.4167,23.2833,316
934,198.6795,61988,121.0875,236,120.99,86.6818,23.611,312
935,200.1125,62235,121.45,240,121.89,86.835,23.2153,311
936,198.0094,63165,122.5,237,122.55,86.4106,23.1396,319
937,200.061,65620,123.2625,243,122.97,86.1825,23.7097,328
938,198.1662,65593,122.075,245,121.57,86.3922,23.0505,331
939,199.2097,61755,121.25,237,120.63,87.1176,23.4187,310
940,199.8961,61568,122.175,239,121.81,87.1967,22.954,308
941,198.9829,69644,123.1625,241,122.3,86.1097,23.0078,350
942,198.8225,67202,120.6625,231,119.82,86.3474,22.957,338
943,198.901,62256,121.7625,242,121.06,86.1591,23.4327,313
944,199.0813,66095,121.3375,242,121.16,85.7991,22.9902,332
945,197.8137,63696,122.3375,248,120.26,87.2816,22.9803,322
946,198.7893,63215,121.15,239,120.77,86.2908,23.285,318
947,198.9003,61858,119.8375,236,119.7,86.6876,22.4882,311
948,199.1711,67519,123.6875,248,122.27,85.918,22.9925,339
949,198.5728,62749,122.325,233,121.53,86.8572,23.3458,316
950,199.8026,61739,123.05,240,122.93,87.0851,23.1965,309
951,198.8889,62650,122.6625,234,123.09,86.6845,22.8529,315
952,197.4608,65557,122.7875,235,121.83,86.7619,22.5259,332
953,197.2271,62521,121.7625,233,121.82,87.914,23.5483,317
954,198.8075,64016,120.825,242,121.59,86.6305,23.7417,322
955,198.2807,67812,120.75,236,120.51,86.2253,22.9614,342
956,198.5048,62529,121.7125,234,121.45,85.6916,23.9919,315
957,197.2191,63899,121.3375,230,121.99,86.2294,23.5286,324
958,196.6727,64902,121.9375,233,121.47,86.3434,23.5226,330
959,197.383,64939,121.9,236,121.17,86.1574,23.4099,329
960,199.178,61546,120.55,229,120.61,86.0397,22.8211,309
961,197.1631,64078,121.225,235,121.34,86.5014,22.1371,325
962,198.1832,63815,122.925,252,120.34,86.8394,22.9609,322
963,197.8032,62308,122.6125,239,121.83,87.1695,23.3204,315
964,201.2557,62188,122.425,240,122.67,86.1679,23.4378,309
965,197.8951,64118,121.3,243,120.99,87.5345,23.501,324
966,198.2076,67787,120.375,238,120.77,87.0209,23.3187,342
967,198.5705,61954,121.8,235,121.68,86.4305,23.3832,312
968,199.5981,64071,123.6375,235,122.02,87.5008,23.2569,321
969,196.7391,63350,120.0625,228,120.36,87.5885,22.9862,322
970,198.4377,62111,120.875,237,120.13,86.5789,23.163,313
971,198.0414,62185,121.7375,242,121.21,86.5852,22.7414,314
972,199.0978,63114,122.9375,234,122.65,86.5546,23.1751,317
973,199.7563,63123,125.275,240,123.71,86.3549,23.2237,316
974,198.4377,65286,121.0375,236,121.05,86.0036,23.8784,329
975,199.3805,63403,121.4125,243,120.79,86.6051,23.4352,318
976,196.8272,63772,121.7625,254,121.1,87.1034,23.701,324
977,199.1164,66704,121.5625,249,121.95,86.6019,23.8335,335
978,197.5762,64805,121.8125,233,121.03,86.3794,23.2875,328
979,197.9487,61760,122.3625,243,121.85,86.9895,22.9089,312
980,198.3854,62293,122.6625,235,121.83,86.0504,23.3077,314
981,199.763,61527,121.925,235,121.77,85.5446,23.3253,308
982,196.5446,61715,122.475,231,121.82,85.8362,23.3327,314
983,197.871,61340,121.425,235,120.76,86.3392,22.7413,310
984,197.4092,64158,121.425,233,121.34,86.2929,23.8718,325
985,198.1902,64610,120.425,241,120.78,86.55,22.9476,326
986,197.4559,64963,122.325,244,121.32,85.9708,23.1607,329
987,199.4185,62418,123.5125,239,121.32,86.0799,23.1804,313
988,199.5316,63052,122.125,243,122.11,85.5141,22.9049,316
989,197.3636,69472,121.3,229,121.05,85.8113,23.2451,352
990,198,63558,122.6375,247,121.75,87.2902,22.9432,321
991,197.303,65110,122.425,235,121.51,86.3599,23.3116,330
992,197.6173,64028,121.45,235,121.21,86.531,22.9316,324
993,197.1077,64060,121.8625,228,120.83,85.6544,23.6553,325
994,195.8898,69345,123.2125,229,121.85,84.5987,23.5653,354
995,197.7,63264,122.2125,229,121.14,86.9152,24.0309,320
996,197.9185,63136,120.6125,238,121.36,84.946,23.4945,319
997,197.1468,64467,123.7875,254,123.28,87.1403,22.5516,327
998,197.6375,63244,121.5625,246,121.03,86.8454,23.0903,320
999,198.9441,64060,122.1125,232,122.31,86.7218,23.3192,322
1000,196.5229,64263,122.125,240,122.08,85.4731,23.3554,327
1001,198.0683,63778,124.05,238,122.79,86.2187,23.6131,322
1002,196.969,63621,121.75,246,121.01,86.471,22.9145,323
1003,196.9,63008,120.375,237,119.55,86.9296,23.0121,320
1004,197.9812,63156,123.3625,240,122.11,85.1728,22.9102,319
1005,197.7262,64261,123.075,236,122.39,85.8523,22.9659,325
1006,198.8484,61643,122.9,246,121.52,86.1394,23.9864,310
1007,197.0439,62857,121.0625,251,121.15,84.4782,23.1998,319
1008,198.8576,61447,123.325,245,120.7,86.0922,23.3415,309
1009,197.5195,60836,121.6625,243,120.7,86.751,23.3753,308
1010,199.3645,61803,123.0125,237,122.3,85.6507,23.3472,310
1011,196.2755,63397,120.95,240,121.44,86.2441,23.6238,323
1012,198.2468,61853,120.225,248,121.02,86.5774,23.2787,312
1013,198.3446,64462,122.55,249,122.77,86.0804,23.4887,325
1014,197.3619,62169,123.225,235,122.82,85.7898,24.0353,315
1015,197.0065,61072,121.075,238,120.08,85.9743,23.429,310
1016,197.3161,64917,122.2375,232,121.39,85.6626,23.2704,329
1017,198.328,61680,122.825,240,121.92,86.5338,23.1624,311
1018,197.6204,64029,121.7,234,120.74,85.981,23.3954,324
1019,197.685,64643,123.5375,238,122.31,86.5573,22.6177,327
1020,196.7665,65720,120.9125,236,120.95,86.5537,23.1275,334
1021,197.6226,62844,122.1875,232,121.65,86.7338,23.0331,318
1022,198.031,63964,119.9375,234,119.19,84.721,24.0815,323
1023,197.4286,66336,121.875,243,120.92,85.5912,23.9219,336
1024,198.7138,61800,121.6625,251,120.5,85.7856,23.067,311
1025,196.4149,63442,123.7,243,121.88,85.8864,22.8803,323
1026,198.3537,65060,122.2125,243,120.98,87.2043,23.3233,328
1027,196.4136,63638,121.7375,236,121.71,85.871,22.9653,324
1028,198.5839,63944,122.8375,237,120.86,86.0714,23.3361,322
1029,196.4012,66580,122.125,245,120.66,86.2024,23.1454,339
1030,195.95,62704,121.0125,234,121.3,85.9574,22.6431,320
1031,196.927,62032,121.9375,234,121.7,87.4142,22.9059,315
1032,198.3096,64054,122.3,229,121.99,87.2024,23.2916,323
1033,197.8846,61740,121.4625,233,122.13,84.8486,23.1455,312
1034,197.1843,65268,122.3875,229,122.23,85.8687,23.015,331
1035,196.6111,63702,123.2375,252,121.85,86.9324,23.0479,324
1036,197.283,61355,122.5875,236,122.24,86.3464,23.1804,311
1037,195.8006,62852,123.0375,237,121.37,86.1004,23.1976,321
1038,198.5701,62351,121.4875,242,121.53,86.2529,22.8408,314
1039,197.6778,65036,122.0125,234,120.78,86.9337,23.1116,329
1040,196.6422,64302,121.6375,241,120.42,86.254,22.738,327
1041,196.8284,66528,121.675,233,121.64,85.9367,23.9485,338
1042,196.9046,63994,121.875,233,122.2,86.8839,23.705,325
1043,197.0772,66415,120.15,234,120.59,86.3938,23.0688,337
1044,197.4696,61808,121.9125,247,121.1,86.3901,22.9889,313
1045,196.4448,65809,122.3,238,121.16,86.8963,23.7323,335
1046,197.2643,61941,121.925,252,121.94,86.7645,23.1404,314
1047,196.7169,63933,122.875,232,122.05,86.1863,24.2352,325
1048,197.5064,62017,120.5375,229,120.9,86.5281,23.9606,314
1049,198.3613,61492,121.1875,246,121.97,86.033,23.2243,310
1050,198.5213,65115,121.825,242,121.68,86.0109,22.5973,328
1051,197.1282,61504,121.375,241,120.99,86.0032,23.1856,312
1052,197.003,66193,122.225,260,121.53,85.2552,22.6923,336
1053,195.2016,72615,121.075,231,121.8,85.6734,22.2428,372
1054,196.5275,67802,122.0625,233,121.03,85.8746,22.3271,345
1055,199.257,64360,123.9875,249,121.84,86.4262,22.8379,323
1056,196.0557,63326,122.175,243,121.72,86.9494,23.1604,323
1057,197.5631,61047,121.475,238,121.02,85.9613,24.026,309
1058,195.885,61312,122.2125,242,121.73,85.4985,23.4447,313
1059,197.4725,61019,122.9625,238,121.39,86.3578,23.6186,309
1060,196.607,61538,121.9875,225,121.3,85.5658,22.4453,313
1061,196.4686,68764,122.9125,243,121.29,85.0171,23.2632,350
1062,196.9245,62622,121.5375,242,120.88,86.212,23.089,318
1063,197.3662,61973,123.5875,237,122.21,86.1428,23.0161,314
1064,196.5323,60925,121.8875,238,120.95,86.948,23.538,310
1065,198.4369,61317,122.1375,242,121.42,86.3387,23.7711,309
1066,195.2253,63253,121.1375,235,120.87,84.4916,24.1132,324
1067,195.9393,67795,121.2875,227,120.67,85.1898,23.3043,346
1068,198.299,61671,121.5375,233,121.34,86.7129,23.2927,311
1069,197.2435,60751,120.6,237,120.29,85.7388,23.2494,308
1070,197.3608,62366,121.05,238,120.39,86.1838,23.4743,316
1071,197.6297,62451,121.9625,238,121.47,86.1737,24.0949,316
1072,196.8722,61621,120.1,235,119.96,87.2794,23.8553,313
1073,196.4921,62288,121.875,240,122.26,86.4469,23.2542,317
1074,196.8269,65937,121.9625,240,122.38,86.4181,23.2334,335
1075,196.8113,62586,122.2875,228,122.1,85.8286,24.1108,318
1076,197.2409,64695,121.05,247,121.01,85.9087,23.7129,328
1077,195.6562,68284,122.5,236,120.73,86.2072,23.4001,349
1078,197.3303,65711,121.0875,243,121.24,85.0563,23.6191,333
1079,197.5588,67170,121.925,232,121.69,85.8061,23.2191,340
1080,196.727,61969,121.5625,239,122.2,85.812,23.4436,315
1081,196.4551,61294,122.1875,236,121.24,85.5626,24.3621,312
1082,197.1662,64079,121.2375,238,121.83,85.9253,23.4038,325
1083,197.327,62750,121.7375,251,120.45,85.6758,23.3226,318
1084,196.6591,60571,121.85,225,120.52,85.44,23.4436,308
1085,196.6484,60961,123.4625,248,122.6,85.8283,23.7842,310
1086,196.6355,65283,122.625,233,121.77,86.1125,23.4046,332
1087,196.2253,63577,121.2875,235,121.5,85.4798,23.0738,324
1088,195.3844,62523,121.1625,231,120.51,85.8677,23.7543,320
1089,195.904,63277,120.9625,226,120.93,86.4569,23.2023,323
1090,195.6558,65936,121.7625,239,121.21,85.0865,23.683,337
1091,195.7284,61263,122.05,229,121.32,85.6652,24.1809,313
1092,195.9701,65650,121.9625,227,121.14,85.6135,23.3167,335
1093,196.5345,65446,123.375,232,121.28,84.7717,22.4051,333
1094,195.9125,62692,121.4625,234,120.51,84.8498,22.7341,320
1095,196.8805,62608,121.925,237,121.12,83.7672,23.9955,318
1096,195.9625,62708,120.825,226,120.59,85.4163,23.6937,320
1097,196.9068,61238,121.9125,234,121.35,86.6601,24.2973,311
1098,195.3041,66794,122.775,239,122.09,85.9117,24.2154,342
1099,196.973,65592,120.95,239,122.41,86.1149,23.7057,333
1100,197.1396,60719,120.8125,238,121.37,86.5818,23.289,308
1101,196.2508,61034,122.5375,232,122.9,86.7924,23.798,311
1102,194.7204,64063,120.9,230,121.74,86.7567,23.1171,329
1103,197.1827,61521,122.1,235,122.47,86.7194,22.6651,312
1104,196.2903,60850,119.9875,247,119.91,86.6107,24.1486,310
1105,195.5514,62772,120.8625,243,121.56,85.4337,23.5763,321
1106,196.5627,61131,122.75,238,121.5,85.6976,24.1505,311
1107,196.2733,63200,120.9,247,120.34,86.1994,23.0076,322
1108,195.019,61431,123.125,231,121.16,86.0896,23.9928,315
1109,197.6424,62455,120.3625,239,120.63,85.3031,23.6569,316
1110,196.6056,63307,121.8,229,121.19,86.0214,23.1957,322
1111,196.9006,61433,121.875,248,121.5,86.3914,22.7154,312
1112,196.3434,65186,121.45,241,122.23,85.8852,23.3137,332
1113,195.312,70117,123.325,234,121.16,84.6839,23.6998,359
1114,196.1951,71415,121.9125,236,121.06,84.5151,23.3536,364
1115,196.7835,64545,121.875,250,120.74,85.9841,23.8758,328
1116,195.4525,61763,119.575,237,119.99,84.7892,22.9727,316
1117,196.6118,63309,123.175,230,121.12,85.6973,23.3788,322
1118,196.5401,66234,122.525,233,121.63,86.0757,24.369,337
1119,196.8558,61419,121.9125,232,121.08,85.1635,23.9827,312
1120,197.2351,62918,121.425,241,120.04,85.7962,24.4479,319
1121,196.4923,63860,121.7,237,120.7,85.6457,23.5914,325
1122,194.6551,67156,120.75,234,119.98,85.1782,22.5658,345
1123,195.8879,64643,120.9125,238,121.44,86.0102,23.6588,330
1124,196.538,64661,121.75,242,121.3,85.2281,23.152,329
1125,196.4249,61481,122.3375,226,120.34,86.2239,23.8738,313
1126,196.1567,62574,121.1875,239,121.8,86.6718,23.7414,319
1127,195.9722,63495,122.05,232,121.52,84.9781,23.615,324
1128,196.2771,65164,122.7,236,121.53,84.9078,23.4685,332
1129,195.525,62568,122.3875,236,121.61,86.2431,23.5114,320
1130,196.854,62009,121.45,240,120.64,86.3728,24.0164,315
1131,196.8959,62416,120.9375,235,120.54,85.271,23.225,317
1132,196.0994,61183,124.0375,239,123.11,85.1669,22.8716,312
1133,196.1763,61207,121.8125,237,122,85.714,23.2144,312
1134,195.7213,68111,122.2875,232,121.2,84.9077,23.1617,348
1135,196.3439,61652,122.2375,239,121,84.9015,23.8484,314
1136,196.6928,62745,122.75,231,121.3,86.3384,23.2246,319
1137,196.1515,64730,120.95,238,121.67,85.7088,23.5838,330
1138,196.2681,62217,121.6125,231,121.69,86.0925,23.2858,317
1139,196.1804,64151,121.475,227,121.3,86.1513,23.9872,327
1140,195.4857,61578,122.275,238,121.19,85.2981,23.7405,315
1141,197.2298,60944,122.35,231,121.72,86.6759,23.2754,309
1142,197.4936,62013,122.4,235,121.91,86.1866,23.4658,314
1143,197.2936,64515,123.9625,242,122.98,85.7767,24.1581,327
1144,196.4847,64054,121.6625,232,120.66,85.8451,23.7757,326
1145,197.8746,61539,120.8875,238,120.81,86.8176,23.8043,311
1146,196.269,62021,120.725,229,122,85.3934,24.1805,316
1147,197.3077,61560,122.0125,227,121.03,86.4688,23.3351,312
1148,195.7822,63825,121.975,227,120.47,84.8868,23.146,326
1149,196.3183,65374,122.4875,244,121.75,85.5289,23.8221,333
1150,196.3093,65371,121.125,234,121.73,84.6916,23.3949,333
1151,196.5432,63680,122.65,240,121.71,85.0249,23.1799,324
1152,197.9429,62352,121.8375,226,121.4,85.8797,23.2982,315
1153,196.3529,63422,122.025,249,121.59,86.1339,23.5445,323
1154,195.6163,64749,120.05,236,119.92,86.5623,23.4044,331
1155,195.2099,66957,122.525,235,121.02,84.423,23.4564,343
1156,195.571,64734,122.5875,239,121.73,85.7707,23.7911,331
1157,197.2468,61541,121.8,228,121.47,86.58,23.7812,312
1158,195.0161,60455,119.45,239,119.74,85.7106,23.8794,310
1159,197.1372,64661,121.375,244,121.86,85.8163,23.338,328
1160,195.3987,61746,122.375,232,122.1,86.2571,24.1422,316
1161,196.2091,64749,121.2375,243,121.52,85.7183,22.8835,330
1162,194.0962,60558,121.5875,233,121.8,84.8182,23.3011,312
1163,197.6429,63641,122.8,230,122.35,85.402,23.345,322
1164,197.0129,60877,121.1625,232,121.82,85.8602,23.5365,309
1165,197.1028,63270,122.45,246,121.33,85.9587,22.7636,321
1166,195.8506,60322,122.2375,237,121.06,84.9082,24.6401,308
1167,195.3313,65436,121.2,245,121.07,84.5587,24.2935,335
1168,195.8961,60336,123.775,233,122.49,85.2244,24.5005,308
1169,196.0561,62934,121.5375,229,121.31,84.6627,24.2726,321
1170,194.5575,65955,122.6125,238,121.68,86.4085,23.521,339
1171,196.4519,61293,121.9375,228,121.35,84.9059,23.5316,312
1172,196.8154,63965,121.825,233,120.38,85.4077,23.5714,325
1173,193.8883,67667,122.325,241,122.9,84.7288,23.2492,349
1174,196.4219,62855,122.6625,235,121.84,85.6336,23.905,320
1175,195.618,69640,122.15,235,121.28,85.379,23.7624,356
1176,196.7545,64929,122.0125,238,121.93,85.5156,23.6311,330
1177,196.2853,61241,122.825,230,121.88,86.8141,23.6673,312
1178,195.6657,64961,121.075,245,121.6,86.3492,23.2877,332
1179,195.4214,65857,122.2375,224,121.04,87.0088,23.2094,337
1180,196.9878,64809,121.4,228,121.17,85.6517,23.4884,329
1181,195.0472,66121,123.3375,231,121.52,84.936,23.6791,339
1182,196.358,63620,121.9,251,120.55,85.3959,23.2872,324
1183,196.172,61598,121.825,242,121.08,85.8304,23.1701,314
1184,194.7251,66596,120.2875,231,120.93,84.4976,23.0301,342
1185,197.1556,62104,121.6125,232,121.74,85.5476,23.8768,315
1186,195.5487,66291,122.2875,250,121.36,85.7368,23.8991,339
1187,197.0991,65634,121.1,236,121.57,85.2803,23.1758,333
1188,197.4984,61817,121.875,243,119.86,85.0866,23.1038,313
1189,197.1302,62096,120.75,239,120.78,84.1884,24.2303,315
1190,197.096,63662,121.55,240,122.75,84.9824,23.6733,323
1191,196.7642,62571,121.2125,236,121.1,85.169,24.2182,318
1192,196.5637,61721,121.8875,237,122.03,85.2012,24.2386,314
1193,198.0119,66334,121.375,258,121.63,85.8532,23.5051,335
1194,197.7767,61113,121.1875,240,120.7,86.2099,22.8287,309
1195,197.7667,65263,121.5375,241,120.76,85.4583,23.4484,330
1196,198.0089,66927,122.3,239,121.57,85.57,23.7008,338
1197,198.3249,62869,121.1375,233,121.17,85.0825,23.856,317
1198,196.8621,62799,122.65,231,122.22,85.3365,23.5191,319
1199,197.08,64051,121.1,243,120.71,85.5081,24.9792,325
1200,197.6031,63233,121.7375,241,121.49,85.7385,24.08,320
1201,196.5216,63673,120.8625,240,121.69,86.5098,23.87,324
1202,197.3533,62561,120.5625,246,121.07,85.8573,23.4579,317
1203,198.0579,64963,122.1375,251,122.25,85.6026,22.8398,328
1204,198.3824,63284,122.6375,231,121.33,85.1952,23.5304,319
1205,197.7468,60906,121.0375,235,121.99,85.4601,23.6927,308
1206,196.474,64247,122.5,229,121.67,85.8445,23.4717,327
1207,196.5701,61723,124,243,122.72,85.9653,23.5923,314
1208,196.6606,64308,120.575,240,121.23,86.0429,22.8633,327
1209,196.9659,63620,121.3,251,120.47,86.1435,23.2296,323
1210,197.4727,61414,121.15,248,121.56,85.4022,24.2605,311
1211,197.4985,66162,121.6875,232,120.89,84.8627,23.8347,335
1212,197.2476,61344,121.9625,240,122.24,85.6491,23.7228,311
1213,196.7241,62755,121.925,231,120.5,85.281,23.3947,319
1214,196.8642,63784,122.6875,232,121.84,85.9294,23.7236,324
1215,197.4345,61797,122.3125,239,121.26,85.6096,23.3449,313
1216,197.1656,61910,122.175,240,121.64,85.5474,23.3138,314
1217,197.4487,61604,122.05,233,121.61,86.1916,23.269,312
1218,196.9623,62634,122.3125,237,121.29,85.0444,22.7377,318
1219,197.36,64142,122.675,240,121.88,85.4857,23.0563,325
1220,198.3158,64056,120.9125,239,120.86,84.9717,24.2726,323
1221,197.8497,64499,123.2375,236,121.53,85.8997,23.5372,326
1222,199.2862,61978,120.675,243,120.55,85.1778,23.7291,311
1223,199.7423,65116,122.575,241,120.84,85.5756,24.0392,326
1224,200.9054,63687,122.8125,258,122,86.3241,24.1447,317
1225,201.7816,63763,121.8125,245,120.31,86.2612,24.0027,316
1226,202.8414,62678,122.0375,260,121.48,85.3545,24.0869,309
1227,202.7422,65283,121.4375,242,120.69,85.3118,24.336,322
1228,202.1577,67925,120.6625,232,120.8,84.8832,23.5331,336
1229,202.8607,65524,122.525,248,121.08,85.8471,24.3722,323
1230,201,65727,121.925,250,121.8,84.5889,24.3518,327
1231,201.7707,63356,120.0875,239,120.32,86.6183,24.0001,314
1232,202.9058,62495,122.05,251,122.41,86.1801,23.5312,308
1233,202.6019,65643,120.175,241,120.72,85.9453,23.9565,324
1234,202.5266,64606,121.6125,244,120.86,85.4459,24.6282,319
1235,202.2764,70999,121.0375,235,121.22,85.8924,24.1835,351
1236,203.0125,64964,121.725,248,120.57,85.8926,24.3075,320
1237,203.0767,63563,121.7,259,121.34,85.8185,23.2092,313
1238,203.5548,63102,121.0875,244,120.68,86.1779,23.6846,310
1239,201.145,67987,120.275,245,120.55,86.4668,23.7879,338
1240,202.6454,63428,120.725,236,120.51,85.1451,24.7948,313
1241,203.189,66646,121.6125,242,122.82,85.0064,24.1239,328
1242,204.2733,63529,122.6625,239,121.64,85.2243,23.6747,311
1243,205.6352,65392,123.05,245,122.4,85.4725,23.3174,318
1244,203.8487,68697,122.5875,246,121.99,85.5775,24.0232,337
1245,203.9085,64639,123.05,244,122.54,85.4136,24.2545,317
1246,203.3323,64253,121.475,283,121.47,86.3039,23.5335,316
1247,204.1577,68597,121.2125,238,120.34,84.5762,23.4609,336
1248,205.1833,63812,123.3875,255,121.83,85.8396,23.3273,311
1249,204.8746,63716,121.225,248,119.85,86.2348,24.2944,311
1250,204.6257,68345,121.2375,245,120.22,85.5697,23.7563,334
1251,205.3133,64879,122.725,241,121.92,85.2129,23.7643,316
1252,205.3794,63873,121.0125,254,121.14,85.9667,23.0219,311
1253,203.4924,66542,123.2875,238,122.01,85.6166,24.5404,327
1254,205.5169,66793,121.675,237,121.81,85.4657,23.7199,325
1255,208.2366,66011,121.3875,250,120.25,85.5347,24.4177,317
1256,207.135,67526,120.9875,258,120.21,86.0799,23.2326,326
1257,210.0698,72264,124.55,279,123.04,84.6444,23.9014,344
1258,211.9971,71867,122.5375,272,121.98,85.8251,24.1494,339
1259,213.7778,69264,123.225,253,123,85.6422,24.6096,324
1260,213.6273,68788,122.9625,250,123.53,85.266,24.4948,322
1261,212.609,66334,121.5,262,121.8,84.4103,23.6249,312
1262,215.508,67454,123.325,261,123.7,85.3661,23.8835,313
1263,216.7806,67202,122.5125,255,121.9,86.0365,24.5585,310
1264,213.5732,67062,122.3125,250,121.4,85.7108,24.0211,314
1265,214.7764,67225,122.2,258,122.38,85.5829,24.0704,313
1266,213.6037,70062,120.6875,253,121.15,85.4034,24.6262,328
1267,214.3385,69017,121.6375,255,122,85.6221,24.2768,322
1268,214.4675,69273,122.2,266,122.87,85.3503,24.0522,323
1269,211.9025,67385,122.2125,260,121.61,86.3218,24.0289,318
1270,212.107,69359,122,262,121.01,85.6574,24.32,327
1271,212.2597,65376,121.7,261,121.38,85.5815,23.9433,308
1272,212.3822,66688,120.8875,248,121.86,85.5577,24.1262,314
1273,212.4419,65857,121.475,257,121.26,85.617,24.543,310
1274,212.9455,66439,121.4375,256,121.39,84.9271,24.552,312
1275,212.3172,65606,121.5625,249,121.81,85.5569,23.8934,309
1276,211.0935,67761,120.525,249,120.55,85.4062,23.1292,321
1277,212.4019,67119,122.3,249,122.33,85.2251,23.6872,316
1278,212.6311,65703,122.4875,265,121.9,86.2926,23.3082,309
1279,212.7138,66154,122.3875,252,122.52,85.8644,23.589,311
1280,210.1899,66420,121.1375,249,120.92,84.7974,24.0008,316
1281,212.943,67290,120.7625,254,120.34,85.0473,24.5438,316
1282,212.6903,65934,121.6875,261,121.37,84.7351,24.9481,310
1283,214.054,67427,120.925,258,121.29,86.3034,24.1232,315
1284,213.9248,68242,121.5375,258,121.28,85.5109,24.0467,319
1285,214.2089,67690,121.8625,262,122.06,85.0331,23.8949,316
1286,212.484,66295,121.7625,263,121.43,85.7257,23.9363,312
1287,210.0259,72879,121.675,246,120.71,85.4137,23.8576,347
1288,209.7176,71304,122.525,248,121.11,85.2326,24.1934,340
1289,211.8667,66738,121.875,270,121.86,85.7663,24.6739,315
1290,212.9871,65813,122.675,254,122.97,86.0562,23.7855,309
1291,210.3942,65643,121.7625,253,121.24,86.0712,23.7153,312
1292,211.3438,66996,121.0125,252,120.9,85.3898,23.8835,317
1293,210.2384,67907,122.3375,244,120.29,85.718,23.5915,323
1294,209.7461,66909,123.1375,256,122.23,85.1871,23.7926,319
1295,209.9423,65502,122.4625,250,121.71,85.6809,24.0282,312
1296,209.3506,64480,122.4375,257,121.11,85.6282,23.9327,308
1297,208.3481,65838,120.825,256,121.97,85.0584,23.4708,316
1298,206.6905,69448,123.75,251,121.62,85.1002,23.7495,336
1299,207.3508,67389,121.6625,247,120.94,86.6732,24.0633,325
1300,207.506,68892,121.5125,239,120.43,85.8933,24.4662,332
1301,208.2255,70172,120.975,245,121.28,85.7685,23.6805,337
1302,206.3519,66858,121.6,251,121.55,86.1896,23.851,324
1303,205.9443,66520,121.575,255,121.93,86.2961,24.284,323
1304,207.3817,65740,120.2625,249,120.68,85.9454,23.5557,317
1305,204.5107,66875,122.1,246,121.37,84.9949,23.5151,327
1306,204.4085,67046,121.5125,244,121.64,86.0951,23.7293,328
1307,204.3517,66823,122.375,269,120.93,85.6991,23.956,327
1308,204.8293,67184,122.075,247,122.6,85.4839,24.372,328
1309,203.5969,66169,121.6375,262,122.01,85.679,23.2842,325
1310,202.6624,63028,120.7375,236,119.42,85.121,23.7903,311
1311,203.1772,64204,122.1125,237,121.92,85.3075,24.372,316
1312,202.9968,63132,122.0125,250,121.09,85.1383,23.6278,311
1313,202.6792,64452,121.85,244,122.17,85.383,23.3593,318
1314,202.7578,65288,122.0375,255,121.5,85.5188,24.3963,322
1315,200.7868,66862,123.05,231,121.33,85.0501,23.73,333
1316,201.1851,61965,121.0875,240,120.83,85.7506,23.4841,308
1317,199.6471,64486,119.7625,244,120.38,84.2723,23.8571,323
1318,201.1851,61965,121.425,249,120.31,85.3803,23.4156,308
1319,199.3489,63991,122.95,231,121.66,86.0773,23.1938,321
1320,198.9701,66655,120.3875,243,120.64,85.6187,24.2392,335
1321,199.0748,63903,120.5375,251,120.44,84.6403,23.5301,321
1322,199.8206,67939,122.0625,245,122.14,85.0469,23.5702,340
1323,198.2727,65430,120.2625,233,121.44,85.233,23.9632,330
1324,198.354,63870,121.325,236,121.28,86.0337,23.0955,322
1325,199.442,63622,122.2125,233,121.58,84.7195,23.4132,319
1326,198.6742,61589,122.925,246,121.16,85.115,23.2799,310
1327,198.3841,65070,122.3125,236,121.61,85.2877,23.9429,328
1328,198.3344,64062,120.85,242,120.67,85.0307,24.0447,323
1329,199.3674,62402,121.4375,238,120.81,84.6813,23.7087,313
1330,198.2013,61046,123.15,244,122.12,84.6114,23.339,308
1331,198.0095,62373,123.35,238,120.93,85.7085,23.8368,315
1332,197.0326,66400,121.35,240,120.35,85.7244,23.521,337
1333,197.1254,61306,121.125,238,120.98,84.8913,24.1582,311
1334,198.7292,64587,125.2375,238,122.75,84.9159,23.466,325
1335,197.0096,61467,122.3,233,121.52,85.1322,24.3755,312
1336,197.8266,63898,122.4625,230,122.67,84.9001,24.0765,323
1337,198.466,61326,120.55,229,120.39,85.3578,23.463,309
1338,198.7524,62607,124.1,240,122.7,85.4896,23.7499,315
1339,197.497,64779,120.85,240,120.12,85.6754,23.7195,328
1340,196.4748,66212,122.2875,229,122.06,85.4535,22.9804,337
1341,196.3538,63815,122.5875,234,121.23,85.6493,23.7781,325
1342,196.9123,60649,122.125,241,121.79,84.4606,23.8197,308
1343,196.4475,63649,121.8625,236,121.5,85.3744,23.368,324
1344,196.1543,61004,122.2125,226,122.95,86.289,23.5223,311
1345,196.8615,63980,122.2625,238,121.24,84.2605,23.435,325
1346,197.6505,61074,122.9625,237,122.09,84.5065,24.0866,309
1347,198.1628,68168,121.55,249,121.06,85.2259,23.6545,344
1348,197.8056,63100,122.3625,231,122.27,84.6756,23.3851,319
1349,197.1356,62492,121.7,243,120.82,85.3385,23.2334,317
1350,196.7118,66882,121.4625,234,121.08,84.6404,24.2129,340
1351,197.3796,63951,121.5125,230,121.92,84.296,24.0286,324
1352,197.009,65998,124.325,234,122.61,84.3585,23.0099,335
1353,197.8194,61324,122.2125,233,119.9,85.2328,23.3164,310
1354,196.1059,62950,121.8625,229,121.14,84.4967,24.2384,321
1355,195.7094,62627,122.2625,241,121.91,85.0473,23.9356,320
1356,196.4772,64641,121.075,245,120.32,85.1824,22.7235,329
1357,195.5866,64348,121.8125,234,120.99,84.9721,22.9328,329
1358,196.6472,60764,123.05,246,121.69,85.149,24.027,309
1359,197.6024,64616,120.85,230,121.53,84.7617,23.6493,327
1360,195.6553,63001,122.05,236,122.14,84.8004,24.3806,322
1361,195.5102,67060,122.65,239,122.11,86.5095,23.7769,343
1362,196.0687,65683,121.1625,242,121.7,85.3681,23.2794,335
1363,196.3302,63611,122.825,238,121.17,85.2672,23.7589,324
1364,195.503,64907,121.4125,232,121.2,85.606,23.4007,332
1365,195.3134,65430,122.1875,235,120.98,85.4354,23.5574,335
1366,195.6647,65939,121.2625,229,121.51,85.54,23.3694,337
1367,196.1158,60992,121.5125,241,121.53,85.1633,23.612,311
1368,194.7595,61544,122.05,227,122.95,85.7751,23.5095,316
1369,195.954,63881,123.7125,245,122.05,85.2358,23.6528,326
1370,196.9806,60867,121.75,242,121.5,85.2244,24.1789,309
1371,194.5142,61661,121.55,241,121.56,86.2477,23.6115,317
1372,196.0949,61966,120.4125,233,121.02,85.4734,23.0245,316
1373,195.1693,61088,122.6625,240,120.15,86.4551,23.5346,313
1374,195.0776,62815,121.3875,228,120.7,84.9931,24.0664,322
1375,193.8911,69413,121.5625,240,121.75,84.4711,24.2718,358
1376,196.288,60653,122.05,237,121.97,84.9689,23.9077,309
1377,195.3887,62329,123.1375,232,121.25,86.296,23.3934,319
1378,196.2389,61619,121.9125,234,121.59,84.8846,23.5908,314
1379,194.9968,60059,122.075,236,121.25,84.1982,23.7433,308
1380,195.038,61632,121.2125,234,121.01,85.4121,23.848,316
1381,195.5741,61997,121.8375,236,121.25,84.5551,23.6038,317
1382,195.6531,67109,121.6,241,120.8,85.1388,23.9541,343
1383,194.1903,60199,123.1375,237,120.92,84.2815,24.3283,310
1384,194.9646,60634,121.2625,253,121.47,85.9461,23.7042,311
1385,193.7794,65885,121.425,232,121.05,85.6309,22.4329,340
1386,194.327,61796,123.4125,240,122.3,84.7219,23.5255,318
1387,194.8226,63707,122.2625,231,121.1,85.3163,23.3274,327
1388,194.7095,63670,120.8625,235,121.63,84.6485,24.1648,327
1389,195.0772,63205,121.7375,237,121.43,84.9141,23.8768,324
1390,195.5258,64328,122.025,230,121.5,84.4001,23.6939,329
1391,193.6771,67787,122.3375,234,121.93,84.2622,23.6228,350
1392,195.2006,64221,121.875,233,121.74,85.0518,24.4132,329
1393,193.9852,65567,121.8,241,120.98,85.1908,23.5774,338
1394,195.5491,63749,123.025,233,122.58,84.6781,23.6243,326
1395,196.5466,61126,123.625,239,122.97,84.4937,23.5271,311
1396,196.1851,60425,121.6125,246,121.09,86.2421,23.6132,308
1397,194.8182,68576,121,240,120.97,86.2784,23.7142,352
1398,195.0935,62625,122.3875,232,122.74,84.4599,23.4913,321
1399,195.3015,65426,123.075,236,121.04,84.0815,23.9499,335
1400,195.184,63630,123.525,230,122.64,85.2014,23.4869,326
1401,195.7372,61070,121.8875,228,121.33,85.4325,22.968,312
1402,195.2774,60536,121.5875,233,120.29,85.5569,23.7066,310
1403,194.4227,61632,122.35,236,121.8,84.6055,23.4702,317
1404,194.1243,65614,122.7125,229,122.01,84.9374,23.6861,338
1405,194.7963,63114,121.9625,250,121.67,86.0191,24.1804,324
1406,195.1838,62654,120.7375,242,121.91,85.2249,25.3882,321
1407,194.5161,60300,121.3625,239,121.81,83.9902,24.0797,310
1408,195.1924,61876,121.825,226,120.73,84.8343,23.7799,317
1409,195.3145,62110,121.025,228,121.48,85.5189,23.6792,318
1410,194.5438,64394,121.8625,231,120.62,85.1415,24.341,331
1411,195.0406,62413,121.825,243,121.43,85.5918,24.0461,320
1412,194.4146,63768,120.85,233,121.35,85.5822,24.5791,328
1413,194.503,64186,120.6125,234,121.38,85.0072,23.9329,330
1414,195.929,60738,122.1375,242,121.92,85.6501,23.6063,310
1415,195.1869,65778,122.0625,243,121.48,85.5562,22.8901,337
1416,195.179,63238,123.425,235,121.44,85.0918,23.2946,324
1417,193.8051,60661,122.3,224,122.12,86.002,25.028,313
1418,194.4377,63970,121.2375,230,122.05,84.0912,23.9774,329
1419,194.7345,66015,120.7375,228,121.36,84.9114,23.8197,339
1420,195.2006,62269,120.825,229,119.71,83.9384,24.1085,319
1421,195.9159,60538,120.55,236,120.17,85.0812,23.9161,309
1422,193.9605,63813,122.05,247,121.43,85.4226,24.8085,329
1423,195.0568,61833,121.2125,229,120.73,85.3307,23.9821,317
1424,195.7379,60483,121.825,227,121.43,84.0785,24.012,309
1425,195.3312,61334,120.85,233,120.29,84.0997,24.3581,314
1426,195.0349,61436,121.6,240,121.14,84.3265,24.8054,315
1427,195.9873,61736,121.2875,233,121.85,84.5373,24.7506,315
1428,194.8495,62157,121.3375,231,121.23,85.8034,25.0035,319
1429,194.19,62335,119.925,229,120.23,83.7553,24.2923,321
1430,195.2808,61904,122.85,234,120.78,85.036,23.9807,317
1431,194.8562,62354,120.675,235,121.59,85.3079,24.1768,320
1432,194.3558,63360,121.8,225,120.51,85.4604,23.5634,326
1433,195.2684,61119,120.9125,232,121.27,84.7859,23.1832,313
1434,194.4832,63596,121.8,233,121.77,83.5759,23.3865,327
1435,194.4218,65909,121.7875,250,121.35,85.5328,24.3698,339
1436,195.0516,60466,121.7625,231,120.95,86.0031,23.963,310
1437,194.7129,60361,121.8,240,121.4,85.1868,24.2685,310
1438,194.4299,63773,120.6125,230,120.91,84.645,23.9075,328
1439,195.1234,60098,120.975,233,121.05,83.9606,23.6264,308
1440,194.8419,60401,121.3375,239,121.1,84.7798,23.7024,310
1441,194.7367,62121,121.35,229,121.31,83.7266,24.4361,319
1442,194.3462,65689,122.025,232,121.09,85.5144,24.4195,338
1443,194.4892,62820,120.9625,226,120.92,84.5643,24.2181,323
1444,194.3827,62980,121.675,234,121.39,84.5495,24.4203,324
1445,194.9188,62374,121.4875,231,122,84.764,23.8126,320
1446,193.9157,64380,122.6875,237,121.48,85.8185,23.0489,332
1447,196.6381,61941,123,237,120.87,85.3164,23.1147,315
1448,196.276,60453,121.6125,234,119.96,85.4239,24.4401,308
1449,194.2827,65279,120.8875,229,121.2,85.5459,25.03,336
1450,195.1867,61679,122.825,232,123.9,84.5587,24.0306,316
1451,193.7199,64315,121.625,235,120.97,83.8368,23.6119,332
1452,195.224,60129,121.6375,230,120.84,85.2568,23.7022,308
1453,195.0613,60469,122.4125,229,121.59,84.1046,24.0826,310
1454,195.1364,60102,122.45,242,121.58,85.7637,23.9372,308
1455,193.6353,63706,123.125,246,121.13,84.9611,23.9961,329
1456,194.1541,64265,122.4,231,121.44,84.3091,24.3924,331
1457,195.0345,62216,121.7625,232,120.91,84.4011,23.8055,319
1458,194.3175,61210,120.7625,237,121.24,85.1193,24.2622,315
1459,194.3183,60433,122.525,231,120.7,85.3092,23.8905,311
1460,195.4502,60785,121.45,225,121.26,86.1748,23.3914,311
1461,194.3746,61228,120.7125,231,121.39,84.3779,23.85,315
1462,195.5559,62969,121.0875,249,121.67,85.1133,24.295,322
1463,192.8816,61915,121.9625,243,121.88,83.5718,23.5999,321
1464,194.5637,61093,121.8,244,120.94,85.0023,23.2762,314
1465,194.2751,60031,122.2125,240,121.76,84.2865,23.6108,309
1466,193.8532,63390,122.3375,244,122.9,85.0389,23.3892,327
1467,194.129,60180,121.275,240,120.54,84.6881,23.429,310
1468,195.5222,61785,123.1,248,120.59,85.0658,23.4767,316
1469,195.2436,60916,122.4,239,121.38,84.7796,23.7699,312
1470,193.8324,65903,121.775,225,121.13,83.3316,24.6508,340
1471,193.6452,66033,120.2375,232,120.61,84.4451,24.2884,341
1472,194.8576,61575,120.8875,238,120.23,84.472,24.2232,316
1473,194.0804,60359,121.9375,231,121.45,84.6098,24.2312,311
1474,193.4486,71576,122.3125,237,120.48,84.1863,24.3696,370
1475,194.2938,62174,122.175,234,121.44,85.3565,24.5055,320
1476,196.1688,60420,121.425,225,121.65,84.8331,23.9136,308
1477,194.4427,62805,122.5125,227,122.33,84.9837,23.371,323
1478,194.6063,61301,122.4375,235,121.21,84.6068,23.6807,315
1479,193.2339,66086,121.375,228,120.06,84.1727,24.0606,342
1480,195.6828,60466,123.45,243,121.18,84.2404,24.2425,309
1481,194.4272,61439,121.1625,230,119.59,84.3346,24.0202,316
1482,193.88,63011,122.2,239,121.57,84.8855,23.5964,325
1483,192.5955,59512,122.3875,239,121.4,84.7327,23.03,309
1484,194.3224,65098,121.875,225,121.06,85.114,23.7468,335
1485,194.432,65718,121.4125,238,120.89,84.2609,23.0696,338
1486,193.9273,63996,123.075,228,122.45,84.8216,23.8249,330
1487,194.2702,62555,121.5125,235,121.42,85.1847,24.0159,322
1488,194.8997,60224,120.725,244,120.74,85.6211,24.4225,309
1489,195.2973,65034,122.2625,241,121.29,86.004,24.4123,333
1490,195.0031,63766,120.9625,239,121.04,84.2886,24.0558,327
1491,194.2673,61777,120.3375,242,121.36,84.0965,23.5563,318
1492,193.1912,61628,122.4125,237,121.01,84.9176,24.5294,319
1493,193.4028,68658,120.75,231,120.67,83.4837,25.1863,355
1494,194.5,61462,121.325,231,120.43,84.9554,24.5659,316
1495,194.7184,61531,122.75,224,121.89,85.1757,24.0618,316
1496,194.4892,63209,122.3875,232,121.86,84.4412,23.8041,325
1497,193.5463,62709,121.425,227,121.01,84.9556,24.1936,324
1498,193.6492,62936,122.55,225,122.61,84.9071,24.3287,325
1499,194.1546,61547,121.2,224,121.78,84.7723,23.9888,317
1500,193.4565,64421,121.325,231,121.5,84.776,25.5006,333
