1,235.8036,78051,112.4625,313,112,62.6588,42.5415,331
2,232.1335,78229,113.2375,302,112.13,62.9131,42.9325,337
3,233.713,77359,113.525,328,112.15,62.6679,42.7336,331
4,233.6507,78273,112.45,319,111.79,62.8131,43.4371,335
5,233.8973,77420,112.3125,300,112.14,62.8695,42.8541,331
6,233.8318,77866,112.8375,332,111.3,62.9095,42.6216,333
7,233.9281,78132,112.4125,339,112.75,62.942,42.9468,334
8,231.284,76555,112.5,330,111.83,62.6599,42.6871,331
9,227.7478,76751,112.55,304,112.04,62.7957,42.9022,337
10,225.434,76873,113.45,304,112.92,62.8227,42.8876,341
11,224.7254,75283,112.9625,315,111.53,62.859,42.8391,335
12,221.9345,74570,112.175,287,111.61,62.822,43.5551,336
13,220.5419,73661,113.0125,300,112.24,62.6997,43.088,334
14,216.8646,75252,111.8625,287,112.69,62.5732,43.243,347
15,216.6083,72997,111.825,281,111.19,62.9376,43.0286,337
16,215.1912,73165,112.625,280,111.8,62.8653,43.3393,340
17,214.3953,72680,111.825,290,111.26,62.6617,43.083,339
18,214.8179,71964,113.5,296,112.11,62.6782,43.5776,335
19,213.4834,70663,112.325,265,112.28,62.4906,42.9076,331
20,212.5238,71408,112,281,112.35,61.9735,42.7514,336
21,211.3313,70796,112.8875,265,111.34,62.4953,42.9558,335
22,211.7861,73278,112.7,285,111.22,62.4018,42.8172,346
23,212.3082,70274,113.7,272,112.21,62.4611,43.2941,331
24,212.5923,71431,113.25,270,112.53,62.3342,42.994,336
25,211.9941,72290,113.85,279,112.43,62.3692,42.9728,341
26,209.8938,71154,112.7875,277,112.19,62.2046,42.4391,339
27,210.6348,72669,112.0375,269,111.44,62.6777,42.6618,345
28,210.3012,71923,113.4,266,112.68,62.4099,43.2704,342
29,209.8852,69472,113.3,269,111.99,62.5433,42.8965,331
30,210.2763,70022,112.825,286,112.05,62.4058,42.9802,333
31,211.0349,72596,111.975,280,113.25,62.1267,42.8469,344
32,211.988,70380,112.5375,277,111.44,62.6719,43.048,332
33,212.0714,71256,113.0125,277,112.66,62.4615,42.9417,336
34,213.869,71860,114.1875,280,112.59,62.2588,42.703,336
35,212.5315,70773,113.1125,278,112.27,62.6196,42.8646,333
36,213.3899,71699,112.6875,284,111.85,62.2726,43.1056,336
37,215.5361,71558,112.4875,277,112.77,62.2206,42.9565,332
38,215.2199,71453,113.1375,275,111.39,62.3821,42.8301,332
39,217.6437,72693,112.95,294,113.11,62.7201,43.0361,334
40,216.5838,72339,114.625,284,112.91,62.4093,42.9764,334
41,215.2096,71880,113.125,270,111.75,62.5237,42.9852,334
42,216.0296,73018,111.9,275,111.37,62.1562,43.3347,338
43,215.8048,71863,112.2875,269,111.43,62.1918,42.5008,333
44,216.3223,71819,112.2125,284,111.89,62.1803,42.7401,332
45,213.8168,71201,111.425,268,111.13,62.7217,43.0247,333
46,211.1178,73469,112.525,268,111.4,62.4416,42.879,348
47,212.7493,72122,113.4625,283,111.87,62.4631,43.3848,339
48,212.2946,71331,112.3375,268,112.08,62.5208,42.7997,336
49,212.0633,70405,112.025,268,111.61,62.1525,42.9477,332
50,210.6648,74786,113.1875,269,112.85,62.5642,43.243,355
51,211.7813,72641,113.4625,276,111.64,62.1014,42.8917,343
52,211.9671,70797,112.9875,270,112.17,62.1767,42.3064,334
53,211.6647,70696,112.4875,273,112.18,62.3976,42.9418,334
54,211.7104,70923,113.0125,270,111.95,62.0845,43.0635,335
55,208.6012,71133,112.6875,271,111.61,61.9894,42.7215,341
56,210.5136,69680,112.5,267,111.9,62.43,43.3045,331
57,207.8213,72114,113.3875,275,112.01,62.2338,43.062,347
58,211.4897,72118,112.1875,276,112.23,62.6777,43.0536,341
59,210.0667,72473,112.65,279,111.65,61.8976,42.6283,345
60,211.4474,70412,113.075,262,111.68,62.7196,43.0625,333
61,213.4779,72369,112.8625,299,111.71,62.4116,43.2303,339
62,212.6066,70798,113,268,112.03,62.16,42.9703,333
63,210.2913,70027,111.7375,285,111.34,62.3792,42.6189,333
64,211.5946,70461,112.55,272,111.23,62.797,43.1732,333
65,209.5891,69374,112.3,277,111.59,62.6628,43.1441,331
66,209.2222,69671,112.65,268,112.36,62.2143,43.1563,333
67,208.8882,69142,112.1875,263,111.38,62.2152,42.7143,331
68,208.0673,71159,112.925,268,111.83,62.2188,43.2873,342
69,208.365,70219,112.6125,281,111.9,62.8169,43.493,337
70,210.7882,71668,112.1125,268,112.36,62.1518,43.2901,340
71,210.9525,71091,112.5375,293,111.79,62.2743,42.842,337
72,211.7083,71134,112.8875,290,111.62,61.9289,42.4451,336
73,213.7108,70952,114.15,277,112.34,62.3918,42.2982,332
74,211.4711,73169,112.35,269,111.47,62.6416,42.6993,346
75,211.4985,72121,113.6625,279,112.57,62.6043,42.6594,341
76,214.1527,71527,112.95,285,111.95,62.1236,42.7018,334
77,213.8522,73779,113.0375,284,112.19,61.8145,42.8395,345
78,218.7633,73942,113.425,278,112.89,62.2087,42.6169,338
79,217.9614,73453,112.3375,291,112.06,62.4595,42.7901,337
80,219.9793,74353,114.2625,285,113.18,62.2334,42.5613,338
81,220.2425,73561,112.7375,284,112.45,62.0911,42.5768,334
82,221.1121,74957,112.9375,285,111.61,62.4378,42.6909,339
83,221.2776,74128,111.1,303,110.85,62.1547,42.5795,335
84,224.6918,74373,111.15,302,112.13,62.4508,42.5708,331
85,225.9245,74781,112.0125,304,111.66,61.9845,42.6151,331
86,226.6299,75921,112.125,297,111.48,62.39,42.3428,335
87,229.2119,76786,111.625,308,111.23,62.2033,42.5791,335
88,229.6964,77178,113.35,300,113.13,62.4504,42.3892,336
89,229.858,77692,112.9125,314,111.8,61.985,42.2196,338
90,228.4765,77682,112.1875,300,111.3,62.4094,42.6292,340
91,230.0721,76614,112.6125,320,111.23,62.076,42.285,333
92,231.8949,77221,111.3875,300,112.6,62.2584,42.4408,333
93,233.0599,77842,112.8875,313,111.72,62.1448,42.149,334
94,230.4985,76295,114.3375,315,113.71,62.3105,42.4523,331
95,230.6886,77050,112.6375,306,111.91,62.328,42.0242,334
96,231.1652,76978,113.525,312,112.09,62.4624,42.537,333
97,230.3814,76717,111.6625,309,111.27,62.1885,42.0314,333
98,228.9429,76238,112.3125,301,111.9,62.1955,42.5334,333
99,230.0059,78202,111.8,302,111.09,62.4299,42.3422,340
100,231.9254,77695,111.15,308,111.43,62.2918,42.3041,335
101,233.5385,78936,112.4125,326,112.33,62.6185,42.2729,338
102,234.5227,77627,113.35,308,111.8,62.2827,42.3591,331
103,236.6416,78565,112.1875,320,112.55,62.2698,41.9009,332
104,235.3892,78620,112.4875,322,111.87,62.1056,42.392,334
105,234.0804,78651,112.6875,327,111.2,62.3556,41.9358,336
106,233.4379,78902,111.6875,309,110.89,62.3159,42.7619,338
107,235.3705,78143,112.0125,314,111.31,62.267,42.1721,332
108,234.3413,78270,112.6,320,112.6,62.0769,42.339,334
109,235.6429,79176,113.0375,323,112.8,62.2801,42.4038,336
110,233.1562,77641,112.5,301,111.83,62.2609,42.2694,333
111,232.8802,77782,112.3,301,111.71,62.3455,42.3563,334
112,232.2156,77560,113,316,111.13,62.1495,42.2006,334
113,231.7679,77874,112.375,321,111.62,61.9535,42.3839,336
114,231.8423,77899,112.525,310,110.92,62.1755,42.4538,336
115,231.1964,76526,113.2625,311,112.06,61.911,42.0829,331
116,231.9911,78181,112.4875,296,111.6,62.2567,42.3407,337
117,233.4157,77494,111.925,322,111.66,62.3881,42.2422,332
118,233.5904,77552,113.5,314,112.31,62.0344,42.0842,332
119,235.4955,78891,112.8125,311,111.99,62.2225,42.2526,335
120,236.003,78353,112.0125,354,111.5,62.1138,41.8742,332
121,237.9129,79225,112.275,308,112.07,62.232,42.3198,333
122,238.197,79796,112.5375,322,111.93,62.6261,42.2893,335
123,242.4551,80980,113.8125,336,113.1,62.0942,42.4189,334
124,242.1235,80385,112.325,328,112.13,62.12,42.1812,332
125,241.0769,81484,112.5,329,111.3,62.4917,42.3952,338
126,239.8358,80345,113.575,332,111.48,62.2447,42.4312,335
127,242.0937,80133,111.2375,341,111.43,62.1466,42.1552,331
128,243.5512,80859,112.7875,343,111.21,62.1051,42.1927,332
129,245.9518,81656,112.675,335,113.04,62.4468,41.7501,332
130,247.136,81802,112.2,337,111.96,61.8641,41.8652,331
131,247.7281,81998,112.45,316,111.82,62.2913,42.0394,331
132,249.5414,84345,113.2125,364,111.73,62.2189,41.9011,338
133,251.5227,83254,111.8875,340,111.34,62.0953,41.699,331
134,253.4405,85156,111.4375,350,112.81,62.2107,42.0392,336
135,252.5881,84617,112.0375,349,111.99,61.9904,41.9439,335
136,251.9789,83405,113.1125,347,111.07,62.2891,42.3008,331
137,255.0725,84429,112.925,367,112.61,62.1552,41.7906,331
138,252.6426,84130,111.6625,340,112.26,62.1924,41.843,333
139,250.197,83816,112.2125,339,112.06,62.4182,41.8042,335
140,249.7313,83660,111.8,355,111.08,62.1253,41.6638,335
141,251.5045,83248,112.6875,347,112.92,62.065,41.9312,331
142,248.7251,82328,113.0375,327,112.41,61.823,41.7276,331
143,245.9463,82392,112.55,326,111.61,62.3157,42.1575,335
144,241.5706,80443,113.125,329,111.82,62.3945,41.7073,333
145,242.8218,80374,112.8875,327,111.96,62.1573,42.0329,331
146,240.1493,80450,111.9875,359,111.85,62.3099,41.8139,335
147,239.3851,80194,111.8125,323,111,62.2623,42.0744,335
148,237.2173,79705,112.4375,318,112.17,62.0488,42.0816,336
149,236.2156,78896,113.3875,314,113.51,61.9643,41.9152,334
150,233.997,77687,112.2,320,112.35,62.0401,41.4919,332
151,232.9522,78039,111.875,325,111.58,62.0892,41.9218,335
152,230.0737,77995,111.7375,302,111.79,62.2898,42.2136,339
153,229.3552,76834,112.725,301,111.71,61.8213,42.0582,335
154,226.9614,76486,113.425,299,110.74,61.9734,41.983,337
155,225.9641,75472,112.45,291,111.3,62.4193,42.1998,334
156,227.3934,75722,111.8875,302,111.4,62.1522,42.2733,333
157,228.3006,76709,111.8125,300,112.04,62.2368,42.2785,336
158,227.3373,75476,113.1,289,112.16,62.0753,42.1471,332
159,230.997,76460,112.2875,303,111.58,61.6458,41.8962,331
160,229.6855,77404,112.5125,305,111.1,61.9997,42.0101,337
161,228.5343,76559,112.4625,328,111.84,62.1091,41.8773,335
162,231.2773,78403,111.6625,303,112.37,62.1299,42.3535,339
163,233.1239,77164,112.6125,311,111.89,62.502,42.1429,331
164,233.4315,78433,112.6125,312,111.39,62.3268,42.3742,336
165,232.2232,78027,112.4375,309,111.88,62.3008,42.1902,336
166,230.2219,79887,112.4875,326,111.9,61.959,42.0337,347
167,234.5616,78109,113,300,112.33,62.1559,42.1601,333
168,231.2883,77019,111.575,302,111.02,62.3165,42.5721,333
169,232.0176,79118,113.125,326,112.3,62.4238,42.2955,341
170,228.9377,77152,112.4875,309,111.45,62.3496,42.6056,337
171,228.6817,76151,112.425,301,112.42,62.3588,42.3685,333
172,227.3976,75496,114.125,293,113.36,61.92,42.4905,332
173,225.8866,75672,113.4,298,111.85,61.9319,42.2087,335
174,223.8158,76545,112.925,306,112.31,62.1334,42.2827,342
175,224.0806,75067,111.925,286,111.33,62.2647,42.5364,335
176,222.7722,75297,112.575,293,111.29,62.1014,42.6391,338
177,222.1341,76192,112.2875,294,110.86,62.0043,42.304,343
178,222.8728,75331,112.675,293,111.88,62.0594,42.4611,338
179,223.1856,74544,110.825,295,111.55,62.1666,42.457,334
180,223.1898,74099,111.4625,290,111.6,62.1351,42.3739,332
181,224.4048,75400,111.6875,290,112.83,62.0371,42.1345,336
182,223.3274,75038,112.1625,285,112.36,62.261,42.456,336
183,223,75597,112.4875,282,111.51,62.2016,42.2134,339
184,220.8988,74222,111.7625,287,111.52,61.7991,42.2769,336
185,220.6949,73050,112.15,296,111.93,62.0316,42.2053,331
186,220.1134,73738,113.775,299,112.65,61.6822,42.3206,335
187,216.956,73982,111.1625,286,111.02,61.8337,42.427,341
188,217.0991,72294,112.5125,304,112.2,62.2685,42.2258,333
189,217.2593,76258,111.9875,283,111.3,62.1492,42.4296,351
190,219.362,73925,113.075,287,111.94,62.1158,42.2284,337
191,219.2908,73901,114.3,284,113.13,61.8988,42.1484,337
192,218.03,72604,112.65,287,111.88,61.7216,41.6388,333
193,218.2811,73779,113.075,281,111.28,61.5432,41.8863,338
194,220.1898,73103,112.1,291,111.84,61.8533,41.761,332
195,219.5543,74868,112.65,284,111.65,61.9264,41.7036,341
196,219.4925,73091,113.575,273,111.94,62.2062,42.2423,333
197,218.8997,74207,112.175,284,111.02,62.1744,42.0555,339
198,215.9009,71895,112.65,280,111.82,61.7434,42.3053,333
199,215.9003,75781,112.525,277,111.27,61.5254,42.5911,351
200,215.5569,71996,112.4375,290,111.42,61.7771,42.2106,334
201,216.2771,71804,112.275,298,112.32,61.6486,42.1696,332
202,211.4577,72530,111.825,280,111.64,62.0487,42.3069,343
203,212.807,72780,111.8625,260,111.54,62.0561,42.7639,342
204,213.3503,71259,112.9625,266,112.79,61.7619,42.4493,334
205,213.6837,70943,112.225,275,112.51,61.9953,41.8293,332
206,213.4985,71522,112.3625,301,112.16,61.8816,42.0731,335
207,216.4985,71661,111.5375,280,111.59,61.8655,42.0522,331
208,216.5287,71671,112.0375,275,112.09,62.0344,42.248,331
209,214.9088,73069,112.025,275,111.75,61.969,42.4128,340
210,216.3505,71612,112.1125,287,111.46,61.4806,41.9013,331
211,214.3544,71380,112.4875,278,112.43,61.8089,42.3449,333
212,215.9792,72785,112.1125,291,112.01,61.7091,42.2835,337
213,217.9491,72795,113.675,289,111.73,61.7357,41.9657,334
214,218.2226,73541,112.05,275,111.61,61.6913,42.3179,337
215,219.012,73150,113.3375,283,112.27,61.7901,42.1902,334
216,218.8127,72427,111.875,281,110.67,61.7685,42.1668,331
217,218.3003,74877,111.4,297,111.76,61.691,41.9758,343
218,221.2108,73442,111.8875,288,111.41,62.1767,42.5549,332
219,221.0119,74039,111.8,283,111.33,62.1374,42.0342,335
220,221.2802,75014,112.5625,276,111.66,61.7266,42.1652,339
221,224.2754,74908,111.6125,286,111.71,62.1639,42.6015,334
222,225.4398,74846,113.15,305,112.45,61.6249,41.8303,332
223,225.003,74701,112.325,302,112.03,62.1224,41.912,332
224,225.824,77006,113.05,290,112.22,61.8184,42.3872,341
225,223.6637,75151,113.1375,301,111.62,62.141,42.3769,336
226,223.4461,74631,112.2,290,111.45,61.9022,41.9735,334
227,224.0059,75490,112.8625,302,111.56,62.05,42.338,337
228,220.6549,74802,111.75,286,111.92,62.1367,42.4458,339
229,218.5923,73447,112.1125,298,110.52,61.7763,42.2733,336
230,217.5357,73092,113.975,283,112.81,61.7497,42.14,336
231,214.3642,71812,112.1,278,112.05,61.8698,41.8046,335
232,211.9971,72715,112.725,280,111.18,61.5852,42.2901,343
233,212.0838,70836,113.2125,284,111.99,62.0381,42.0693,334
234,213.1098,71818,112.2125,282,111.13,61.6137,41.8506,337
235,213.5579,71969,111.5,274,111.77,61.6978,42.2064,337
236,213.7403,71603,112.0625,276,111.18,61.7912,42.4692,335
237,210.4865,70092,112.5125,268,111.04,61.9085,42.0824,333
238,208.4762,70048,112.475,260,111.82,61.5746,42.6505,336
239,208.0938,70960,112.15,274,111.75,61.9038,42.5754,341
240,206.2831,68486,110.725,267,111.27,61.5037,41.9935,332
241,205.5612,68863,111.1875,257,111.76,61.6493,42.3159,335
242,205.4277,69640,112.3,250,112.28,61.6957,42.3723,339
243,204.4852,69116,112.275,271,111.54,61.6908,42.6831,338
244,203.1347,67847,113.3875,262,111.74,61.5528,42.8353,334
245,203.5556,71448,113.425,249,113.44,61.5455,42.7368,351
246,201.4721,68702,111.35,260,111.39,61.5623,42.4737,341
247,201.5831,69143,112.1625,247,111.43,61.2317,42.8374,343
248,203.3194,68112,113.0375,255,112.04,61.7668,43.0444,335
249,199.5157,70030,113.7125,257,111.75,61.1454,42.8471,351
250,201.7139,66969,113.7625,248,113.08,61.6647,42.6198,332
251,200.1964,67266,113.225,261,111.68,62.1199,42.9932,336
252,198.2886,68013,112.4125,252,111.86,61.2804,42.7634,343
253,199.1942,68722,112.4375,257,112.09,61.7195,42.7324,345
254,199.9347,67378,113.35,253,111.67,61.976,42.853,337
255,199.3285,69167,113.25,244,112.51,61.837,42.6691,347
256,198.6735,68145,111.2375,260,110.69,61.5845,42.7333,343
257,199.6509,67482,112.65,257,111.04,61.5323,42.4646,338
258,201.886,69045,113.15,260,112.62,61.1944,43.0241,342
259,203.7672,68262,112.5125,257,110.99,61.8242,42.5025,335
260,202.6131,68078,111.3625,252,111.3,61.4785,42.239,336
261,204.9335,67833,112.5125,266,111.22,61.6001,42.6292,331
262,204.2878,70275,112.3875,269,111.62,61.758,42.2564,344
263,205.3201,72478,111.6,274,111.28,61.7882,42.5354,353
264,206.5045,68353,112.275,274,111.32,61.6582,42.4864,331
265,207.0843,68752,112.825,268,111.38,62.0928,42.9388,332
266,209.0149,70020,112.6625,284,113.36,62.1522,42.4681,335
267,207.9534,71328,113.0375,265,111.83,61.554,41.6575,343
268,207.571,70159,112.5125,275,112.51,61.4678,42.3718,338
269,207.6369,69766,111.7375,258,111.69,61.9675,41.911,336
270,206.705,70073,111.2375,276,111.76,61.796,42.6254,339
271,208.0208,70103,112.3375,271,110.24,62.1663,42.4652,337
272,205.1988,71204,112.1,262,111.99,61.8027,42.7063,347
273,205.2719,67945,112.8375,280,112.58,61.962,42.4439,331
274,205.7169,68298,111.55,261,111.48,61.6946,42.3773,332
275,204.2478,68423,111.5,274,111.45,61.7236,42.6452,335
276,203.0678,68840,112.65,268,111.82,61.7531,42.1614,339
277,203.462,69584,112.0625,263,111.94,61.7076,42.2276,342
278,204.0435,70395,112.4625,254,111.37,62.0724,42.5477,345
279,201.6925,67567,112.175,277,112.12,61.7222,42.6101,335
280,203.9731,68127,112.7125,258,111.94,61.6332,42.5932,334
281,202.6129,69091,113.6875,256,111.32,61.4084,43.023,341
282,203.5774,68402,113.0875,254,111.78,62.1766,42.8424,336
283,203.8986,70345,112.4,256,110.78,61.2778,42.6054,345
284,206.1403,69057,113.775,264,113.25,62.0966,42.4648,335
285,207.0297,69769,114.0375,271,112.74,61.8774,42.2881,337
286,206.362,69544,111.875,266,110.76,61.9279,42.4932,337
287,206.5045,68353,113.05,277,112.16,62.2771,42.6236,331
288,206.4341,68949,112.275,257,111.53,61.835,42.5563,334
289,204.7083,68782,113.3125,261,110.94,61.7711,42.8704,336
290,203.3003,71765,112.025,255,112.27,61.9515,43.2539,353
291,204.009,68139,113,266,111.2,61.7311,42.2896,334
292,205.1947,69561,113.175,266,111.71,61.2865,42.4343,339
293,205.3934,68396,112.775,270,111.65,61.8518,42.4645,333
294,204.9012,68437,112.15,262,111,61.7714,43.1094,334
295,204.568,69144,113.4625,266,112.46,61.3691,42.1736,338
296,203.3343,68117,111.4625,250,111.07,61.6936,42.3188,335
297,202.587,68677,110.975,256,110.74,61.3745,42.3398,339
298,202.5387,68053,111.9125,260,111.35,62.1691,43.2105,336
299,201.8222,69225,111.975,258,111.64,61.6904,42.4107,343
300,202.2597,67757,111.925,270,111.34,61.8562,42.74,335
301,204.2107,68819,113.5625,263,113.16,61.5936,42.8462,337
302,203.1111,67636,112.75,265,112.38,61.3941,42.7595,333
303,200.9327,68719,112.1875,257,111.47,61.6513,43.4359,342
304,200.4792,67361,113.0125,251,112.32,61.151,42.455,336
305,200.5506,67385,112.175,269,111.52,61.5449,43.1689,336
306,200.1373,67046,111.8,249,111.39,61.4468,43.2101,335
307,199.2552,67149,113.7625,254,112.49,61.5033,42.8448,337
308,199.1717,66125,112.3375,248,111.7,61.5594,42.9064,332
309,199.6231,67273,112.875,250,111.75,61.2032,42.8151,337
310,198.8315,70784,112.6375,254,113.09,61.151,42.6861,356
311,198.5074,67294,112.5,249,111.81,61.1081,42.8464,339
312,197.7188,69597,112.0625,238,111.74,61.8322,43.4549,352
313,196.1696,67090,112.0625,235,111.15,60.8337,42.5822,342
314,197.6332,68974,112.5875,259,112.06,61.718,42.3872,349
315,200.1632,67455,111.5875,240,110.99,61.6415,43.3095,337
316,198.8408,66214,111.5375,245,111.65,61.5331,43.0444,333
317,197.4687,66152,113.15,251,111.26,62.2027,43.0213,335
318,197.7928,65865,113.0125,254,111.48,61.864,42.5854,333
319,199.4586,67417,113.4125,251,112.87,61.439,42.5752,338
320,196.9789,65397,112.5125,245,112,60.8717,41.9076,332
321,199.5044,68031,113.0625,263,111.66,61.4784,42.8864,341
322,198.3604,66054,112.65,245,112.37,62.0826,42.7466,333
323,198.6994,66763,112.9125,256,112.9,61.1742,42.5658,336
324,201.3009,68241,112.6,242,112.68,61.4591,42.7654,339
325,201.7185,68786,112.1375,244,112.15,61.9551,42.2683,341
326,203.0238,68216,111.5375,263,111.48,61.4065,42.2589,336
327,202.5127,71487,111.9375,257,112.35,61.7554,43.2762,353
328,203.7544,69684,112.8625,255,111.58,61.8236,42.8874,342
329,206.2857,69312,111.225,251,109.88,61.6775,42.1278,336
330,206.8464,68673,111.8625,264,111.35,61.0736,41.9811,332
331,208.1706,70778,112.6,271,112.11,61.0617,42.442,340
332,207.8971,70685,112.45,263,111.89,61.5949,41.9168,340
333,206.7901,70929,112.7375,260,112.09,61.3877,42.2236,343
334,206.5971,70243,113.1125,274,111.56,61.5792,42.859,340
335,206.9942,71827,111.8125,254,112.13,62.1691,42.0671,347
336,209.6231,70643,111,267,111.67,61.2841,42.1362,337
337,210.1567,73765,111.9875,260,111.42,61.593,42.8973,351
338,209.9621,72017,111.625,291,111.2,61.7236,42.3459,343
339,211.7139,73253,111.675,279,110.18,61.8158,42.3983,346
340,214.027,71271,111.0625,272,110.77,61.8923,42.1285,333
341,214.7923,72385,111.4875,280,110.45,61.5377,41.8633,337
342,219.0239,73373,112.8,293,111.39,61.3333,41.5344,335
343,219.6053,74007,112.2625,290,111.81,61.652,41.9563,337
344,224.9401,75130,112.6875,297,110.82,61.8518,41.4953,334
345,226.3724,75382,112.5,289,111.79,61.3563,41.4399,333
346,229.5873,76223,111.8625,306,111.42,61.9116,41.4916,332
347,230.4925,77215,112.175,308,111.13,61.4578,41.6343,335
348,230.481,79055,112.625,314,111.59,61.6797,41.6846,343
349,231.9551,77473,111.7,306,111.74,61.1126,41.046,334
350,230.9458,76674,111.85,300,111.67,61.4066,41.2684,332
351,231.4527,78231,112.525,312,111.84,61.6091,41.8013,338
352,230.7844,77082,113.0125,297,111.65,61.384,41.1362,334
353,229.7117,76494,113.1,302,111.73,61.6232,41.738,333
354,228.5476,76792,112.5375,310,112.77,61.1342,41.2725,336
355,224.0574,74163,111.6875,296,111.76,61.3364,41.3041,331
356,221.6476,73587,112.4875,283,111.75,61.3508,41.7617,332
357,221.7387,73839,111.175,302,111.76,61.6606,41.5067,333
358,218.8254,73963,111.25,278,110.83,61.7555,41.8351,338
359,217.2887,73009,111.85,278,112.03,61.8982,41.6283,336
360,215.4669,71535,112.4625,277,111.82,61.1715,42.0195,332
361,212.4029,72217,112.1625,274,111.56,61.5769,41.9652,340
362,211.0571,70282,112.6875,288,111.62,61.7899,42.4617,333
363,209.3595,69298,112.0625,271,111.03,61.4193,41.9698,331
364,207.1175,68763,112.2125,253,111.33,61.4445,42.3107,332
365,206.3175,69529,113.5875,277,111.81,61.164,42.6439,337
366,207.0744,69577,112.4875,281,111.55,61.2845,42.3573,336
367,205.0059,69497,111.6625,259,112.13,61.7676,42.5281,339
368,203.4597,68159,112.4625,257,111.68,61.3651,41.8327,335
369,202.6372,68694,111.9875,257,110.65,61.2518,42.3865,339
370,203.9729,67719,112.375,249,111.14,61.3533,41.8778,332
371,204.0175,69774,111.9875,262,111.48,61.0569,41.9309,342
372,203.4697,70604,111.8875,262,111.33,61.8512,42.5937,347
373,204.0719,68160,113.95,265,112.58,61.9009,42.6841,334
374,204.142,67571,113.35,252,112.94,61.5526,42.3397,331
375,204.506,67896,112.1,268,112.07,61.3393,42.6287,332
376,203.6078,68005,111.625,249,110.95,61.2866,42.4129,334
377,204.044,69579,112.3375,263,111.53,61.1053,42.5009,341
378,204.5977,70177,112.975,256,111.19,60.8132,42.6975,343
379,205.0877,70140,112.425,261,112.65,61.1593,41.9786,342
380,205.4402,70466,112.5625,274,111.67,61.6558,42.737,343
381,204.3218,71104,111.3,257,111.4,60.9164,42.305,348
382,205.2523,68349,112,274,111.53,61.1076,41.8253,333
383,206.207,70729,112.125,273,110.74,60.912,42.1146,343
384,207.5614,70986,113.5125,267,112.12,61.5485,42.419,342
385,208.7139,69293,112.2625,259,112.1,61.1231,42.2115,332
386,208.8448,69963,111.75,288,111.76,60.9274,42.2182,335
387,208.6944,70330,112.9375,280,112.03,61.3631,42.206,337
388,209.3761,71816,112.4625,273,111.87,61.1009,41.6041,343
389,209.8283,69663,111.7125,272,111.53,61.1262,42.07,332
390,210.1445,72710,112.375,267,110.59,61.3387,42.5375,346
391,211.4985,70852,112.1,269,111.66,61.7081,41.6576,335
392,210.3746,71317,112.3625,280,111.14,60.83,41.7955,339
393,207.1579,70848,112.4,260,111.68,61.0756,41.8039,342
394,209.3463,70131,111.8,267,110.61,61.259,42.2503,335
395,206.7912,70309,112,263,111.85,61.3291,41.9565,340
396,206.5331,68569,111.475,253,110.75,61.1178,41.5022,332
397,205.3636,70029,112.1625,262,110.91,61.0648,41.6825,341
398,205.7449,70159,111.7,259,111.49,61.5732,42.7729,341
399,204.4819,67888,111.85,248,111.28,60.7307,41.9825,332
400,204.4298,71346,112.5375,256,111.27,60.9562,42.3714,349
401,203.208,71326,111.75,259,111.03,61.1926,42.4676,351
402,208.1791,69740,113.3875,252,112.16,61.2016,41.8777,335
403,206.9552,69330,111.925,272,111.79,61.1692,41.9887,335
404,204.1264,71036,112.6875,279,111.7,61.0103,42.2232,348
405,206.0088,70043,111.375,252,110.84,61.2693,42.0547,340
406,206.9012,69105,113.7625,269,112.17,61.3821,42.5424,334
407,206.4109,71831,111.725,257,112.26,61.1828,42.2802,348
408,207.6577,69150,111.175,251,110.98,61.2154,42.0101,333
409,207.4779,70335,111.6625,256,111.7,60.6899,42.3219,339
410,208.276,70189,112.3625,266,111.34,61.5914,42.4778,337
411,207.0727,71233,112.3,266,110.69,60.9001,42.4635,344
412,206.4558,72466,112.575,259,111.11,61.7139,42.834,351
413,207.3072,68826,110.875,283,111.66,60.9964,41.9089,332
414,207.8795,69016,112.0875,289,111.63,61.4158,42.0663,332
415,208.0765,70746,112.2875,272,110.86,61.3205,42.4435,340
416,205.6506,72389,112.6,258,111.24,61.551,41.9904,352
417,207.1048,69173,112.4875,260,111.3,61.3372,42.4269,334
418,208.015,69269,110.8375,266,111.05,61.2261,42.5578,333
419,207.6465,68731,111.25,260,111.05,60.988,42.3077,331
420,205.6268,70530,111.15,259,112.4,61.5242,42.7006,343
421,205.6967,68497,111.6,264,111.31,61.1737,42.2205,333
422,206.0655,69238,111.8125,253,111.71,61.5527,42.3989,336
423,204.1652,67987,112.6375,251,111.94,61.4673,42.1228,333
424,205.7398,70363,111.65,279,111.42,61.1484,42.2518,342
425,204.8559,69651,111.5875,253,111.04,61.0056,42.1714,340
426,208.5292,71317,112.9125,266,110.92,61.2251,42.2617,342
427,209.3065,70327,112.925,260,111.48,61.4368,42.5064,336
428,207.8649,72337,112.6875,270,110.97,61.2219,42.352,348
429,208.2515,70389,111.5125,263,112.07,61.1658,41.759,338
430,206.2645,70955,111.5375,260,111.39,60.9536,42.2329,344
431,206.5392,68571,111.85,260,111.13,61.3374,41.9254,332
432,207.3694,69054,112.9,261,112.37,61.1177,42.8191,333
433,206.4155,72039,112.8875,264,112.19,60.7048,41.9043,349
434,205.9704,69618,111.975,277,111.22,61.1766,42.1215,338
435,206.6577,69437,112.125,275,111.44,60.742,41.6632,336
436,206.8452,69500,111.8875,254,110.9,62.0078,42.0456,336
437,204.4551,68288,111.45,241,110.7,60.7936,41.3855,334
438,203.5958,68001,111.55,255,110.63,61.2775,42.0091,334
439,202.5457,70891,112.4875,258,111.4,60.9739,42.5049,350
440,202.4671,67624,113.225,252,111.85,61.1422,41.9499,334
441,202.2448,67752,111.3,259,111.9,60.4426,42.3188,335
442,200.8127,69682,113.25,257,111.53,61.6219,42.6804,347
443,199.1037,69089,112.5,258,110.83,60.828,42.2959,347
444,199.7237,66508,111.9625,240,110.2,61.785,42.5584,333
445,200.3464,66515,113.4125,249,112.42,61.0471,42.6558,332
446,200.3383,66913,112.375,258,112.54,61.4365,42.8484,334
447,200.2156,66872,112.925,251,111.55,60.9624,42.4565,334
448,199.536,69239,112.55,242,111.03,61.2702,42.6237,347
449,198.6542,68933,111.1625,253,112.02,61.3825,42.8583,347
450,199.9426,66181,112.2,248,111.39,61.7357,43.4417,331
451,200.9535,69128,112.825,251,111.02,61.1847,42.8731,344
452,202.6161,68079,112.875,241,110.72,61.2987,42.739,336
453,201.1913,69411,112.6375,260,111.84,61.0333,42.7078,345
454,199.7652,68919,111.8,240,111.01,61.2428,42.9649,345
455,201.2741,66823,111.5875,247,112.29,61.272,42.4875,332
456,199.6047,68664,112.6125,255,111.04,61.0693,42.5286,344
457,200.5539,68790,111.1375,249,110.86,61.521,42.9316,343
458,198.6474,68732,112.825,248,111.78,60.7308,42.9094,346
459,199.898,68565,112.6,238,111.37,61.262,43.0874,343
460,198.7726,68179,112.5125,253,111.51,61.1709,43.0854,343
461,200.1078,66836,112.7875,248,111.22,60.9136,42.494,334
462,201.3214,67644,113.1125,249,110.75,60.9465,42.5556,336
463,200.2351,67279,111.075,250,111.67,61.6422,42.3867,336
464,199.5702,71047,110.725,253,111.14,61.183,42.5637,356
465,198.9677,67848,112.6625,242,111.62,60.7711,42.6877,341
466,200.0665,66222,113.1125,254,111.75,60.8945,42.6888,331
467,198.911,67033,112.4375,254,112.04,61.3661,42.4544,337
468,198.2681,65825,112.4875,253,113.28,60.4503,42.3126,332
469,198.6627,66552,111.5,234,111.9,61.3176,42.4592,335
470,197.4241,68901,112.475,251,111.41,61.0008,42.9295,349
471,198.4395,67271,112.1,238,111.69,61.1585,42.9153,339
472,197.9075,68476,113.1,236,112.83,60.9694,43.0448,346
473,197.2735,67073,112.7,237,111.24,60.8286,42.4505,340
474,197.2568,65292,112.6,248,111.54,61.1234,42.7069,331
475,196.1751,66111,111.8625,256,111.51,60.7173,42.3838,337
476,197.9701,66320,112.1,240,110.98,61.2784,42.7602,335
477,195.9059,66608,111.8625,249,111.59,60.9438,42.5538,340
478,195.8413,65411,111.8,261,110.95,61.2645,42.7875,334
479,195.9211,67005,112.5375,245,112.17,60.9872,42.4454,342
480,196.8076,67505,111.75,245,111.82,60.875,42.7809,343
481,196.3681,67747,112.875,240,111.57,60.8431,42.9162,345
482,197.8567,67667,111.7125,241,111.93,61.3114,43.0352,342
483,196.5859,69788,111.0125,235,110.93,61.1617,42.7771,355
484,199.0785,68483,112.625,250,110.51,61.4017,42.1961,344
485,198.6607,66154,112.2,257,112.38,60.7619,42.6321,333
486,198.6618,67545,111.8125,258,112.55,60.4397,42.3049,340
487,199.1522,66716,111.225,250,110.73,60.9193,42.6701,335
488,199.5714,68453,112.3375,243,110.88,61.6872,42.8348,343
489,200.2857,70100,112.2,244,111.03,61.1094,42.6431,350
490,200.7572,69462,111.9625,249,110.84,60.7867,42.2888,346
491,202.5143,70880,113.175,254,111.94,61.0342,42.603,350
492,200.6361,67815,111.825,246,110.77,61.0985,42.5253,338
493,204.0657,68362,112.6125,271,112.19,61.1774,42.2424,335
494,206.2883,68694,113.0625,248,112.04,61.2206,41.9645,333
495,205.6905,71786,112.275,255,112.32,61.497,42.2411,349
496,207.574,70160,112.55,250,111.93,61.0218,42.4023,338
497,209.174,70910,113.0375,272,112.12,61.1579,41.9016,339
498,208.0323,70939,111.625,288,111.41,61.1924,42.0428,341
499,207.9018,69855,111.9625,255,111.24,60.8693,41.7471,336
500,208.7069,69082,112.425,262,112.01,61.2818,41.9517,331
501,206.4147,70181,111.8125,259,110.77,61.136,41.8656,340
502,206.4405,69364,111.9625,259,110.56,61.6251,42.3666,336
503,206.0483,68202,111.5375,266,111.73,60.8571,41.4771,331
504,206.4477,71018,111.925,255,110.24,61.3888,42.0361,344
505,204.6804,69796,111.625,247,111.56,61.5307,42.2832,341
506,204.7924,70039,113.125,251,111.75,61.409,42.1676,342
507,203.6337,70050,111.825,261,111.38,61.0007,42.1141,344
508,205.2529,69786,112.9,261,111.61,60.8017,41.8672,340
509,207.6767,68741,111.3375,263,110.6,61.271,41.9638,331
510,206.2189,69702,112.125,266,111.48,61.1307,41.8615,338
511,207.75,73128,113.9375,270,111.76,61.113,42.0148,352
512,208.6206,70931,112.375,267,111.76,61.4006,42.3444,340
513,205.5989,75866,111.775,266,111.25,61.3818,42.6267,369
514,206.6118,70248,112.65,269,111.62,61.2012,42.6513,340
515,205.6785,69725,112.55,259,110.93,60.6893,42.3716,339
516,205.741,68306,112.4625,259,111.2,61.0758,41.7791,332
517,207.6647,71229,111.2625,263,110.52,61.2243,42.258,343
518,205.9714,72090,112.3,263,112.16,61.3107,41.8544,350
519,209.2493,71354,112.075,253,111.7,61.0467,41.9455,341
520,210.5668,70961,112.1625,267,111.18,61.091,42.0457,337
521,210.9792,70889,111.675,280,110.58,61.0945,41.5004,336
522,211.1522,70736,112.4375,255,111.31,60.8443,42.1949,335
523,212.009,70811,112.2125,278,110.96,61.1744,41.9942,334
524,210.5162,71365,112.1125,275,111.23,60.9225,42.1258,339
525,211.4042,70609,112.9125,266,111.52,61.2597,41.6076,334
526,209.6676,72545,111.175,264,111.2,60.4242,41.8435,346
527,208.5676,69453,111.7875,259,111.75,61.2973,42.0061,333
528,206,70658,111.75,259,111.45,60.7731,41.6084,343
529,206.2493,70331,112.8375,264,111.78,61.0307,42.3369,341
530,206.4593,71022,112.1625,263,111.53,60.6979,42.3713,344
531,207.753,68974,113.4875,255,111.49,60.9201,41.9634,332
532,207.5103,70761,112.2375,260,110.9,60.9537,41.8561,341
533,207.4737,70956,112.575,264,110.54,61.0767,41.575,342
534,207.4229,72598,112.55,270,111.47,61.1628,42.316,350
535,209.4187,69527,112.0625,266,110.8,60.8236,41.9035,332
536,208.1121,72423,111.6,283,110.75,61.1767,41.649,348
537,208.7899,70571,111.8,275,111.48,60.5433,41.9172,338
538,208.8946,69353,112.1125,259,111.47,60.7319,41.3333,332
539,209.7227,71096,112.4125,268,111.2,61.0617,41.262,339
540,211.2746,70777,112.375,294,112.45,60.6975,41.0836,335
541,211.5191,72128,112.175,264,111.73,60.5567,40.9573,341
542,213.8895,73578,110.425,268,111.31,60.947,41.3433,344
543,216.5582,72547,111.75,289,111.37,61.1631,41.3369,335
544,218.6456,72809,111.775,277,111.45,61.2742,41.2677,333
545,220.2229,73114,111.7375,284,111.72,60.6684,41.426,332
546,219.6637,73807,112.825,293,112.01,60.8946,41.0098,336
547,219.7076,75140,112.1625,274,111.29,61.017,41.3704,342
548,219.936,75658,111.45,290,110.79,60.6048,41.3103,344
549,220.2849,74236,111.9375,280,110.5,61.1124,41.1841,337
550,222.2179,74443,111.55,284,111.73,61.0237,41.0645,335
551,222.0544,73500,111.8,290,111.23,60.7677,40.9404,331
552,219.1592,72980,110.875,301,110.99,60.7646,41.2042,333
553,218.3093,72697,112.3375,286,111.33,60.9296,41.6163,333
554,216.0301,71722,112.475,272,111.19,60.4242,41.1145,332
555,212.9675,71983,112.2,271,111.33,60.4857,41.0917,338
556,213.1213,72035,113.275,266,112.41,60.8108,41.6996,338
557,211.1871,72226,112.2875,274,111.5,60.7933,41.8258,342
558,209.8289,71132,111.7875,276,111.2,60.856,41.3947,339
559,209.4653,69333,111.8125,266,112.09,60.721,41.2842,331
560,208.713,72006,110.675,255,110.82,60.5585,41.0883,345
561,207.3672,69468,111.2,260,110.61,60.1229,41.3027,335
562,205.6347,68682,112.2,255,111.62,60.5964,41.7932,334
563,205.2,68742,112.2875,257,110.36,60.4871,41.4984,335
564,202.4595,67419,111.2875,255,111.77,60.5756,41.2668,333
565,202.1111,69122,111.4375,252,110.97,60.2297,41.7115,342
566,200.7047,68641,112.15,266,111.82,61.3647,42.1874,342
567,200.8698,67894,111.3125,252,111.15,61.0133,42.0211,338
568,201.0685,67559,112.3625,277,112.03,60.5975,41.8451,336
569,200.5901,69003,111.7625,251,110.75,60.4445,41.7914,344
570,200.1791,67060,111.5,251,111.34,60.8589,41.8934,335
571,200.488,66562,112.5125,250,110.97,60.464,41.4838,332
572,201.7904,67398,112.8875,250,111.78,60.4443,41.5854,334
573,202.5266,68454,112.9125,262,111.8,60.6742,41.9148,338
574,201.0393,66544,112.0625,250,111.95,60.5033,41.34,331
575,200.0917,67631,111.1875,248,110.77,60.3924,41.6329,338
576,201.0744,67561,112.025,260,111.29,60.3432,41.6444,336
577,200.0348,69012,112.525,247,111.52,60.8398,41.696,345
578,201.3862,67263,110.15,257,111.32,60.1475,41.6597,334
579,200.1681,69058,112.7,256,111.2,60.7088,42.0173,345
580,201.6047,68344,112.8125,258,111.78,60.7279,41.6075,339
581,199.5042,71223,111.6125,251,110.79,61.066,42.0603,357
582,200.6517,66817,111.825,242,111.14,60.5749,41.5379,333
583,199.1134,68495,111.6625,256,112.35,60.8376,41.7532,344
584,199.2282,66343,111.2375,259,111.54,60.1448,41.9034,333
585,198.8764,69209,112.2125,247,110.88,60.5338,41.9131,348
586,198.0767,67148,112.275,251,111.36,60.4403,42.3816,339
587,196.575,70767,112.125,260,111.95,59.7371,42.7273,360
588,197.3955,70865,111.6375,253,111.6,60.7573,42.1794,359
589,198.4779,67284,111.75,239,110.91,60.0368,41.5891,339
590,199.658,68882,112.7125,241,112.58,60.5635,41.7077,345
591,195.3056,70310,111.375,241,111.6,60.6034,42.3299,360
592,196.5436,67611,111.1,256,111.41,59.6553,41.9957,344
593,195.8599,69922,111.575,238,110.42,60.7319,42.8367,357
594,195.7386,68900,112.3625,250,112.32,60.4478,42.0061,352
595,195.9003,68761,111.875,244,111.22,60.1435,42.4548,351
596,197.8214,66468,112.9875,242,111.9,60.7478,42.3042,336
597,200.0873,66429,112.6375,243,111.22,61.0864,41.6974,332
598,200.4765,68162,111.1875,248,110.44,60.8417,42.2403,340
599,204.4018,67657,111.7625,259,111.41,60.81,41.6235,331
600,203.551,69818,112.075,275,111.57,61.008,41.9693,343
601,202.5851,67866,112.3875,250,111.01,61.3954,41.8162,335
602,206.366,71609,112.1,267,111.18,60.2585,41.5729,347
603,206.2714,69926,111.875,256,112.09,60.5824,41.7167,339
604,205.7765,71816,111.35,258,111.86,60.4909,41.6776,349
605,206.9027,70140,112.575,268,111.32,60.6818,41.389,339
606,203.843,70122,111.1125,260,110.05,60.6993,41.4243,344
607,205.262,68147,111.5,252,111.55,60.0961,41.0734,332
608,203.0121,67197,111.575,251,111.09,60.739,41.2142,331
609,204.1506,67778,112.1875,252,110.67,60.4137,41.3553,332
610,201.6142,67944,112.7,255,110.4,60.8176,41.1488,337
611,200.7087,66836,111.1375,252,111.18,60.2281,40.9493,333
612,201.216,68011,111.6,250,110.52,60.6606,41.6403,338
613,201.1493,67385,113.0875,246,111.03,60.465,42.1453,335
614,202.0967,66894,112.4375,247,111.36,60.1451,41.6696,331
615,202.7075,67907,111.55,257,111.85,60.5614,41.6099,335
616,201.7143,67776,111.3375,243,110.98,60.241,41.7405,336
617,202.8772,67761,111.1,257,111.32,60.8844,41.5973,334
618,202.0393,66875,111.95,261,110.98,60.5365,41.7788,331
619,203.0976,68647,112.2125,250,111.59,61.0239,42.3201,338
620,202.358,71230,113.075,254,112.42,60.1992,42.5184,352
621,202.9789,67186,111.725,250,111.43,60.6166,41.2337,331
622,200.5777,68397,112.1125,251,110.79,60.9275,41.7877,341
623,203.9429,71380,113.7875,259,112.32,60.0166,41.7686,350
624,201.0747,69974,111.975,248,111.53,60.3098,41.7897,348
625,202.2023,69962,111.9625,250,110.63,60.5894,41.8436,346
626,201.5706,69945,113.775,263,111.19,60.4836,41.5556,347
627,202.0233,69496,111.175,252,110.64,60.2102,41.0741,344
628,201.491,66895,111.6125,257,111.67,60.3679,41.0205,332
629,203.3088,69125,111.975,253,111.83,60.0836,41.1779,340
630,204.1919,70242,111.5375,256,111.3,60.5402,41.7828,344
631,204.7571,71665,110.7625,261,110.3,60.7608,41.6257,350
632,204.8638,70678,112.2,256,111.51,60.6269,41.3437,345
633,205.3102,68163,112.3875,246,111.16,60.6933,41.4821,332
634,205.0991,70349,111.8625,257,111.31,60.9039,41.692,343
635,204.4189,69298,112.5125,247,110.94,60.3625,41.4601,339
636,204.9213,70288,111.4,257,110.89,60.7868,41.0033,343
637,206.4805,68758,112.3125,260,111.42,60.5484,41.279,333
638,208.8919,69561,112.275,258,111.74,60.5852,42.0922,333
639,209.2365,73442,113.5125,262,110.94,60.657,41.5433,351
640,212.8204,71082,111.5875,278,110.92,60.0888,40.7778,334
641,215.5353,73282,111.9875,277,111.14,60.6319,41.0076,340
642,215.6773,74193,111.475,298,111.85,61.2755,41.4626,344
643,214.7697,73666,112.3375,282,111.03,60.8801,40.6563,343
644,213.1691,71838,111.9375,278,111.87,60.5633,41.3186,337
645,212.4715,70753,112.35,269,110.89,60.4459,41.2876,333
646,211.8822,70133,111.975,274,110.75,60.9624,41.6488,331
647,209.7865,71747,112.15,264,111.2,60.4734,41.2454,342
648,208.8676,71015,112.0375,266,111.5,60.6216,41.2697,340
649,205.8824,70000,111.9375,258,111.72,60.3659,41.3417,340
650,205.0631,68286,112.55,265,110.39,60.3441,41.2826,333
651,205.3061,70420,112.025,253,111.7,60.8759,42.0207,343
652,204.9009,68232,112.675,260,111.3,60.1925,41.2848,333
653,204.1705,70643,112.3,249,111.57,60.5153,41.7271,346
654,204.1254,68382,111.625,266,111.6,60.4153,41.085,335
655,203.5627,69822,111.425,250,111.16,60.5583,41.6272,343
656,204.3086,68852,112.0875,254,111.74,60.532,41.6844,337
657,200.6714,70235,112.4625,249,110.89,60.1618,40.7581,350
658,200.6,68204,111.95,257,110.6,60.6574,42.0145,340
659,204.2312,68009,110.325,262,110.78,60.4791,41.7437,333
660,200.1504,67851,111.025,239,111.15,59.7288,42.233,339
661,201.4682,69708,112.975,247,111.03,59.8105,41.9991,346
662,200.7725,67058,113.225,252,111.48,60.1935,41.2247,334
663,200.4602,67956,112.15,247,111.09,60.1643,41.607,339
664,197.5803,70141,110.875,251,111.47,60.1036,41.6925,355
665,198.9496,67046,111.775,248,110.64,60.1975,41.492,337
666,197.4362,66536,111.925,257,111.52,60.2772,41.8014,337
667,197.3615,67695,113.2875,255,111.37,60.5718,42.7052,343
668,196.1671,71601,112.825,249,110.86,60.5738,42.395,365
669,195.9138,68178,112.8875,238,110.73,60.0783,42.7245,348
670,196.8116,67900,112.075,240,110.92,60.6082,42.3915,345
671,196.4748,66212,111.5625,238,110.78,60.2863,41.9352,337
672,195.4686,68414,111.8625,253,111.22,60.3878,42.35,350
673,196.4773,69160,112.825,239,111.18,60.3699,42.3106,352
674,196.284,64970,111.6625,246,112.02,60.5462,42.1937,331
675,197.9184,65511,111.55,236,110.93,60.4064,42.4008,331
676,196.5848,67232,113.2625,237,112.17,61.0399,42.7504,342
677,195.9837,72122,112.025,236,111.59,60.3353,42.607,368
678,196.5428,66628,111.7125,242,110.61,60.4452,41.9154,339
679,195.1971,68319,112.35,245,111.98,60.9032,42.2925,350
680,195.5173,67649,112.6375,242,111.24,60.2023,42.5781,346
681,197.0893,66222,111.2375,240,111.42,60.5464,42.2097,336
682,198.7404,67373,111.825,250,112.16,60.3453,41.7219,339
683,200.3474,66315,112.0375,246,111.33,60.4924,41.4532,331
684,200.3304,69114,112.275,257,111.11,59.9998,41.2675,345
685,201.9199,68047,111.575,251,111.72,60.9983,42.0369,337
686,203.7758,69080,112.75,264,111.59,60.3551,41.1951,339
687,204.9056,69463,112.0125,270,110.67,60.2666,41.3663,339
688,204.7418,68998,112.1875,261,111.29,60.6452,41.2778,337
689,207.2455,69220,111.6,277,111.16,60.4467,40.2161,334
690,208.8555,70802,111.55,284,111.04,60.2624,41.3445,339
691,208.3294,70832,111.675,287,111.52,60.7451,40.9434,340
692,210.8017,72305,111.6625,260,110.91,60.3346,41.386,343
693,214.4467,72483,112.2875,272,111.24,60.051,40.7546,338
694,213.0059,71996,112,272,111.83,60.9242,41.1791,338
695,213.6836,75644,111.975,265,111.4,60.2061,41.5072,354
696,215.0089,72458,111.025,266,110.77,60.8416,41.1859,337
697,215.8258,71870,111.8875,271,111.58,60.6234,40.8957,333
698,217.7018,72277,111.8875,275,112.14,60.4871,40.3098,332
699,217.793,74703,111.3625,292,111.13,60.4594,40.1184,343
700,219.8876,74322,110.8125,283,111.05,60.6269,40.8892,338
701,221.3787,74826,110.5875,281,110.27,60.4391,41.0138,338
702,223.5723,75791,112.0875,283,111.89,60.5259,40.4334,339
703,223.494,75094,111.7,294,110.63,60.5597,40.5324,336
704,222.4532,73632,111.8875,297,111.48,60.5644,39.9622,331
705,222.0917,75067,110.7875,284,110.82,60.2069,40.7882,338
706,221.7327,73837,110.975,299,111.45,60.3493,40.4802,333
707,218.0809,75456,111.65,281,112.61,60.2413,40.749,346
708,219.1982,72993,111.9625,278,110.7,60.7147,40.6203,333
709,219.0088,74901,111.8875,277,111.41,60.6763,40.7007,342
710,220.9247,73347,111.5875,283,112.39,60.4056,40.7596,332
711,220.6697,73483,110.9375,286,110.54,60.0165,39.9722,333
712,221.8687,74326,112.125,283,112.13,60.6935,40.9735,335
713,221.9104,74340,111.525,286,110.86,60.4895,40.2992,335
714,220.1971,75968,112.7875,281,111.01,60.5643,41.0028,345
715,224.1205,74408,111.9375,313,111.49,60.3272,40.5764,332
716,222.5761,74563,111.8625,296,111.37,60.5797,41.124,335
717,221.6023,75788,111.85,279,111.08,60.8713,41.4705,342
718,220.482,73641,113.075,270,111.36,60.3559,40.7251,334
719,219.0602,72728,110.6625,277,110.52,60.2971,40.342,332
720,218.3198,75102,111.825,277,111.26,60.2438,40.7279,344
721,219.7018,72941,112.2875,268,110.74,60.7354,40.8702,332
722,218.2823,72688,111.3375,272,111.19,60.0672,40.601,333
723,217.7356,75772,112.3,299,111.43,60.6134,40.4504,348
724,216.9053,73314,111.1875,275,110.89,60.5761,40.9303,338
725,214.3922,71607,112.4,273,110.27,60.5851,41.265,334
726,212.0557,72311,111.4375,276,110.48,60.286,40.6656,341
727,211.7324,71989,111.175,264,110.65,60.0404,40.6669,340
728,209.0292,71488,111.35,271,111.66,60.3344,40.8895,342
729,211.4162,73150,112.875,264,111.39,60.0248,41.4101,346
730,209.2216,69880,111.5,265,111.91,60.2914,40.6788,334
731,209.8427,70717,112.275,272,111.6,60.5381,41.5507,337
732,208.744,69303,112.6875,256,111.29,60.4966,41.3467,332
733,204.256,68630,112.1125,256,110.91,60.3056,41.0417,336
734,204.0151,67529,112.2125,259,111.59,60.5152,41.0546,331
735,203.7788,69081,111.525,256,110.84,60.1914,40.9369,339
736,201.3721,69272,111.7375,256,111.65,60.1099,41.3575,344
737,200.7953,67668,112.1875,246,111.15,60.9077,41.9022,337
738,198.5748,67714,112.125,252,110.3,59.6731,41.271,341
739,200.0327,67211,110.8875,246,110.69,60.3513,41.2873,336
740,197.6396,65814,111.8125,254,110.35,60.0258,41.5424,333
741,197.0994,65437,113.4,234,110.67,60.3253,42.0628,332
742,196.7923,66319,111.55,232,111.23,60.2887,41.9881,337
743,196.3953,66578,111.375,249,110.85,59.918,41.7977,339
744,196.194,65725,111.7125,251,110.03,59.9857,41.5826,335
745,195.9052,68175,112.225,237,111.38,60.5574,42.0602,348
746,192.7938,68249,111.55,256,110.75,60.1772,42.7487,354
747,192.3767,69448,110.9375,236,110.69,59.8919,42.3938,361
748,194.1596,64461,112.5,237,112.07,59.7638,41.2711,332
749,192.255,67866,111.75,231,110.65,59.6978,42.2191,353
750,192.3324,67701,112.6625,225,110.46,60.3342,42.3369,352
751,193.9075,67092,111.9875,231,110.63,59.8924,42.3929,346
752,193.9172,65544,113.0625,234,111.66,60.8059,41.5897,338
753,192.7101,66485,112.1375,234,110.56,60.4623,42.5945,345
754,192.9882,65423,110.6,246,111.26,60.5197,42.5571,339
755,192.6519,65309,112.125,228,111,60.4654,42.0363,339
756,192.7714,67470,112.4,244,110.69,59.7007,42.4194,350
757,191.5352,67995,111.5,237,111.03,59.8944,42.4963,355
758,193.8725,68437,112.65,234,110.29,59.7695,42.2853,353
759,195.4834,64705,113.6125,233,112.12,60.1433,42.1334,331
760,193.25,64932,111.75,234,111.14,60.1604,42.1285,336
761,192.955,64254,112.7625,239,111.69,60.1529,41.9198,333
762,193.7726,66464,111.5125,235,111.4,60.503,41.951,343
763,193.1365,65087,113.275,229,111.37,59.6509,42.0561,337
764,194.8378,66050,112.2625,239,111.84,60.4764,41.1314,339
765,196.8263,65740,110.7,237,110.69,60.5774,41.3221,334
766,199.1208,65909,111.55,244,111.6,60.2005,42.1118,331
767,198.8846,67223,111.2125,254,110.51,60.9879,42.635,338
768,197.7078,65639,111.325,249,111.13,60.2796,41.8375,332
769,200.5669,68995,112.275,245,112.14,60.1796,42.3154,344
770,198.3373,65848,111.675,254,111.17,60.5723,41.6064,332
771,198.2836,67813,112.15,245,111.78,60.3527,41.8027,342
772,199.3601,66985,112.4625,243,110.74,60.2951,41.4927,336
773,196.204,68279,111.5375,249,110.99,60.1795,41.5962,348
774,197.0147,66788,111.0875,245,110.75,60.5869,42.2903,339
775,198.6556,65755,112.8625,247,111.38,59.9746,41.1858,331
776,196.5817,70966,112.2125,248,111.09,59.8253,41.8357,361
777,196.9564,67753,112.5125,239,111.34,59.9876,41.9864,344
778,196.35,66759,111.8375,238,110.96,60.7914,41.9668,340
779,196.1479,66298,112.1125,248,110.88,59.8859,42.5745,338
780,196.71,65111,112.7375,261,112.23,60.3911,41.373,331
781,195.6458,65737,111.8625,245,111.01,60.2543,41.2711,336
782,195.8244,65797,111.075,244,111.1,59.9506,42.1528,336
783,196.3059,66744,112.3375,255,110.32,59.2416,41.9046,340
784,193.2644,67256,111.675,234,110.63,60.3083,42.0273,348
785,196.7764,65133,111.6375,236,110.54,59.6686,41.7104,331
786,197.1721,66447,111.7375,248,110.02,60.1644,41.1748,337
787,197.2436,68838,111.5875,243,110.7,59.6997,41.6479,349
788,197.8416,67464,112.525,248,111.37,59.5001,41.0684,341
789,198.0542,65754,112.35,249,111.38,60.0869,42.0095,332
790,198.628,66739,112.15,254,111.11,60.0823,41.7344,336
791,196.5921,65072,111.3,237,111.23,59.3845,40.9174,331
792,196.5438,65056,112.4875,233,111.43,59.9494,41.2002,331
793,195.7751,66172,112.7375,255,111.97,60.2819,42.4211,338
794,193.9205,68260,112.1,248,110.25,59.9255,42.263,352
795,194.8567,66641,110.7875,237,109.97,59.9228,41.7002,342
796,193.069,67188,112.2,248,110.85,59.9689,42.1821,348
797,194.4913,67294,111.5875,249,110.68,60.2934,42.182,346
798,193.4819,64236,112.55,236,109.86,60.2219,41.8038,332
799,192.614,65874,112.075,242,110.69,60.4202,41.9239,342
800,192.6218,68766,111.625,245,111.11,60.1389,41.7201,357
801,192.7417,64183,111.5,234,110.19,60.5068,42.5119,333
802,192.1146,67048,111.4125,231,110.73,59.972,41.613,349
803,192.8138,64207,111.4,245,110.85,59.9787,42.0479,333
804,192.3519,65592,111.7125,238,110.88,60.4343,41.0795,341
805,192.8042,64011,111.85,238,110.88,60.1043,41.4291,332
806,190.7853,67538,111.7,226,111.04,59.9913,42.0272,354
807,192.6084,63946,112.1125,241,111.3,59.8082,42.3032,332
808,193.0873,64105,113,239,110.85,59.8341,42.4508,332
809,193.003,64463,111.7875,234,110.71,59.822,41.5394,334
810,192.2661,65755,111.7125,246,111.34,59.5706,41.9609,342
811,190.7042,67700,112.45,222,111.22,60.0414,41.9876,355
812,191.7729,65011,112.0875,243,110.53,60.0773,41.7014,339
813,192.7587,66309,112.2625,234,111.52,59.8205,42.5456,344
814,190.3863,69491,111.575,244,111.28,59.8819,42.752,365
815,191.216,64631,111.8875,231,111.66,60.0439,41.9812,338
816,191.1265,63454,110.7875,238,111.62,59.9137,42.1165,332
817,188.5068,69182,111.6375,227,110.76,60.174,42.1105,367
818,189.9659,66868,111.375,237,111.45,60.059,42.3658,352
819,191.6687,63634,113.375,230,111.25,59.2998,42.0355,332
820,189.6235,64472,111.6,241,111.57,59.9578,42.0769,340
821,190.4804,63049,111.0625,231,110.72,60.2941,42.3298,331
822,191.1051,63638,111.875,231,109.61,59.7789,42.0358,333
823,191.852,63503,112.1625,235,110.22,59.5184,41.5613,331
824,192.1009,64738,111.6625,237,111.64,59.9556,41.6861,337
825,191.779,67698,111.9875,238,111.05,59.8167,41.7576,353
826,192.5144,66995,112.125,231,111.4,59.7583,41.8171,348
827,192.5718,67015,112.6625,234,111.94,59.7109,41.7835,348
828,195.3233,64652,111.2875,258,111.21,60.5627,42.1836,331
829,194.7983,68569,111.5625,244,110.6,60.228,42.272,352
830,195.7552,65578,113.2,249,111.11,60.0668,41.7234,335
831,195.2663,66000,111.7875,238,111.8,59.5873,42.3252,338
832,193.3239,68630,112.2125,240,111.32,59.4797,41.474,355
833,194.6029,68111,111.15,252,110.43,60.0693,41.8476,350
834,196.6145,67832,111.4375,238,111.1,60.3782,42.0153,345
835,196.7024,66092,110.675,255,110.61,59.3766,41.8792,336
836,196.281,64969,111.1875,238,111.61,59.7977,41.1587,331
837,195.5116,67256,111.65,233,111.24,60.1582,42.2429,344
838,195.2388,69505,111.5625,232,110.98,60.4921,42.5145,356
839,194.5312,65557,112.1,246,109.83,59.7987,40.9406,337
840,193.8997,65732,111.8625,246,110.54,59.9184,41.8767,339
841,195.2108,64810,112.5125,241,111.32,60.4977,41.4158,332
842,194.213,65644,111.4875,244,110.56,60.287,41.2768,338
843,193.1275,68174,111.175,234,111.23,60.2749,41.1566,353
844,193.8776,64949,111.0375,239,110.99,60.0719,42.0303,335
845,193.2741,64167,111.5625,243,110.65,59.9986,41.5645,332
846,193.0173,66977,112.3125,250,110.1,59.483,41.6359,347
847,191.186,65768,111.875,239,110.64,60.5292,41.9447,344
848,192.0912,65311,111.275,230,111.06,60.5852,42.6075,340
849,191.6618,66315,110.925,241,110.73,59.5046,41.4643,346
850,192.9167,64820,111.9,229,109.53,60.0116,42.1764,336
851,193.7876,65694,111.9625,234,111.3,60.261,42.4048,339
852,194.3444,64328,111.4625,246,111.47,59.8755,42.2419,331
853,193.2401,68407,111.6875,237,111.27,60.1339,42.0229,354
854,195.8702,66400,112.8125,244,112,60.5967,41.5199,339
855,194.2396,65653,112.4875,244,111.17,59.8614,41.8799,338
856,196.068,66271,111.95,246,109.93,60.3705,41.0512,338
857,195.6676,67701,112.575,261,110.79,60.5188,42.4766,346
858,193.9915,68673,112.0375,242,110.91,59.6402,42.5132,354
859,195.9251,67986,112.1375,256,112.3,59.6978,41.4433,347
860,193.9708,66532,111.3875,246,111.84,59.8106,41.851,343
861,194.6851,66777,112.0125,253,111.6,60.2059,42.6278,343
862,194.0787,66569,113.0125,237,110.68,59.8724,42.4423,343
863,195.1725,66749,112.3875,235,110.39,59.8864,41.3847,342
864,195.8,66572,111.9375,250,110.83,60.1224,41.6896,340
865,198.9305,65846,111.9625,236,111.18,60.1664,41.3557,331
866,196.4865,65430,111.6,259,111.26,59.0047,41.0724,333
867,196.7143,66096,111.6625,243,111.27,59.6257,40.9445,336
868,196.0604,64896,111.5875,253,110.63,60.0574,41.3436,331
869,196.6353,66856,111.825,244,110.56,60.1691,42.477,340
870,198.5271,65911,112.825,240,111.93,60.0563,41.2287,332
871,196.3061,67333,112.6375,234,111.67,59.7113,41.2125,343
872,197.9275,65514,113.65,250,111.7,60.3237,41.2028,331
873,195.2193,66765,111.525,246,110.83,59.8895,41.5461,342
874,195.9249,67790,111.7375,242,110.19,60.0804,41.3082,346
875,196.0678,69408,111.7625,247,111.66,60.0849,41.9273,354
876,196.2945,67329,112.325,239,111.27,60.45,41.9365,343
877,195.7372,64789,111.65,241,111.9,59.4247,40.6692,331
878,194.8769,64894,110.7875,235,111.7,59.6327,40.8294,333
879,194.3266,67820,111.2625,239,110.81,60.0301,41.5402,349
880,193.7971,67829,112.3,241,109.75,60.0309,42.0062,350
881,194.7009,68340,111.875,236,111.29,59.9363,41.5676,351
882,195.7411,65769,111.9125,246,110.89,60.4113,41.7515,336
883,194.5496,68676,111.85,239,111.26,59.9318,41.4301,353
884,194.5618,66151,111.95,245,110.13,60.2649,41.6069,340
885,194.4729,68260,110.9875,244,110.31,59.7734,41.7738,351
886,193.613,68539,111.2875,231,110.5,59.6493,41.5831,354
887,195.4398,64886,112.15,237,111.09,60.0101,41.9955,332
888,194.4252,66299,111.3875,235,111.06,59.1962,41.51,341
889,193.8563,64748,111.9,232,109.59,59.2945,41.2573,334
890,195.1493,65375,113.1875,237,112.86,59.5265,41.7229,335
891,195.0426,68655,111.8,252,110.93,59.685,41.8231,352
892,191.419,68528,111.225,229,110.9,59.9672,41.9941,358
893,192.8076,66133,113.0625,234,110.98,59.8899,40.5639,343
894,193.3314,65346,111.2,236,110.89,59.0671,40.6603,338
895,192.7064,66291,110.5,243,111.97,59.8033,41.9516,344
896,191.7425,70753,112.1625,232,110.75,60.1289,41.8379,369
897,194.1562,64654,111.0375,247,110.93,59.4289,42.0003,333
898,192.548,68162,112.0875,245,111.01,60.4189,42.3622,354
899,192.6977,66288,111.1,238,110.26,60.624,42.3766,344
900,191.839,67911,111.325,233,111.31,59.6292,41.725,354
901,191.8128,68669,110.9,233,111.18,59.0417,41.5697,358
902,193.797,64922,111.25,242,110.16,59.8793,41.6334,335
903,193.8813,65338,111.2,237,111.24,59.4015,41.2002,337
904,192.7199,63983,111.225,239,111.02,58.8576,41.3253,332
905,192.7586,67080,113.4625,233,109.97,59.7024,41.6189,348
906,192.0517,66834,111.8625,237,111.58,60.0648,41.6471,348
907,192.1592,63989,112.1,234,110.28,59.4509,41.2892,333
908,191.6796,64021,111.5125,223,111.04,59.6828,41.6533,334
909,193.822,65318,110.375,235,110.79,60.1959,42.7036,337
910,194.274,68773,111.825,255,110.86,60.2944,41.892,354
911,194.8835,68599,111.2,250,111.27,59.4797,41.7188,352
912,196.8338,69876,113.9125,245,112.05,59.9265,41.9605,355
913,199.8284,67542,112.9625,247,111.76,60.3393,41.5636,338
914,199.2432,66348,111.6875,248,111.36,60.8442,40.839,333
915,199.3644,68382,111.275,246,110.73,60.2948,41.6744,343
916,201.1941,68406,112.4875,247,110.74,60.3959,41.2106,340
917,203.4454,68968,113.2625,270,111.69,59.2021,40.4863,339
918,200.2344,67479,111.5,251,110.67,59.3932,39.8103,337
919,200.4474,66749,112.1125,245,110.74,59.9949,41.0254,333
920,200.0988,68834,111.1375,247,110.96,59.9014,41.5313,344
921,199.8278,66143,111.65,247,109.83,60.0681,41.2711,331
922,197.4186,67912,111.725,241,110.54,59.751,41.1066,344
923,197.8551,68260,110.2625,256,110.41,59.7682,41.9794,345
924,195.6609,67503,111.7375,236,110.51,59.776,41.5627,345
925,197.4471,65355,111.4625,239,110.19,59.9068,40.8336,331
926,194.4648,69035,110.625,240,111.65,59.922,41.7305,355
927,195.4261,67422,110.5125,237,110.82,59.6039,41.2026,345
928,194.394,65122,111.825,240,110.19,60.2873,41.1586,335
929,195.4804,64704,111.4,237,111.75,59.7017,41.6233,331
930,192.9245,63858,111.775,237,111.91,60.0001,40.1878,331
931,192.8057,67482,111.8625,244,111.07,59.5577,40.81,350
932,192.8653,64417,110.95,251,110.1,59.5317,42.2081,334
933,190.8092,66020,111.3375,235,111.34,59.4401,41.6329,346
934,192.7741,64001,111.05,237,111.95,59.955,41.5303,332
935,193.0936,66038,111.55,240,110.33,59.1108,41.7968,342
936,192.8806,64615,111.6875,239,110.23,59.3906,41.5557,335
937,193.3807,64009,111.3875,234,111.06,59.8574,42.0481,331
938,191.6016,71659,113.675,233,112.29,60.1063,42.5338,374
939,190.038,64993,111.1625,231,110.84,58.3927,41.548,342
940,191.229,65974,111.975,222,110.76,59.364,42.2991,345
941,189.3652,67414,110.5375,231,110.15,59.626,42.1188,356
942,189.4056,68186,111.4375,237,111.36,59.2555,41.9592,360
943,189.7536,65465,112.3875,239,112.01,59.9333,42.2615,345
944,191.9172,64868,112.55,226,110.94,59.6838,42.2177,338
945,191.1836,67679,111.7,229,110.34,59.3747,42.6423,354
946,192.488,63906,112.925,230,111.89,59.8861,42.5595,332
947,190.3948,66067,112.4125,228,110.56,59.638,42.2023,347
948,192.1239,65130,112.475,229,112.8,59.6196,41.9562,339
949,190.6953,64455,111.6875,230,111.37,60.2689,42.2792,338
950,193.7844,64724,112.125,244,110.61,59.9347,41.3456,334
951,192.2346,65552,111.5125,232,111.08,59.5336,41.6215,341
952,191.9101,70431,110.7625,231,110.74,59.6386,41.9715,367
953,191.068,64581,111.7125,232,110.73,59.4945,41.6953,338
954,192.0119,64708,112.3,238,111.29,59.5074,42.0926,337
955,191.5266,64736,111.6125,234,110.81,59.2358,41.7706,338
956,190.3052,65465,110.875,228,111.4,59.9903,41.9667,344
957,191.3964,64692,112.175,240,110.78,59.576,41.7456,338
958,191.2267,65782,112.125,226,110.92,59.6159,41.3144,344
959,192.4017,66571,111.9125,235,110.57,59.4977,41.144,346
960,192.2778,65759,111.425,236,110.1,60.0689,41.6509,342
961,193.3634,70771,112.2,233,111.63,59.7483,41.851,366
962,194.3343,66851,111.1375,237,110.83,59.9248,42.4007,344
963,194.2573,66436,111.7125,242,110.46,59.8847,42.2702,342
964,193.5225,64443,112.375,235,110.98,58.9562,41.8712,333
965,193.1183,65274,111.225,244,110.42,59.8307,41.9563,338
966,193.8269,64932,113.125,241,110.68,59.7266,41.771,335
967,193.8376,68037,112,235,111.03,59.8749,41.7364,351
968,191.4006,68330,111.5875,252,111.68,59.6002,41.5519,357
969,193.3295,66892,111.925,235,111.51,59.3173,41.8264,346
970,193.253,64933,111.3,237,111.5,58.9857,41.6632,336
971,191.5241,63586,112.1,240,111.62,59.6104,41.7352,332
972,192.753,64765,111.8375,255,109.95,59.7851,41.5635,336
973,192.012,64132,111.4375,231,110.85,59.9118,42.2404,334
974,193.2866,64751,112.8,229,111,59.9616,42.4076,335
975,191.1003,64783,111.1375,232,111.16,59.1725,41.7492,339
976,189.2802,64166,111.575,230,110.86,59.5483,41.7972,339
977,190.7259,65419,111.9125,230,111.46,59.4749,42.4574,343
978,191.0475,64383,112.0125,238,111.4,59.0905,41.6926,337
979,189.9614,64017,111,232,110.13,59.5699,41.5852,337
980,191.4366,64897,113.1,227,111.92,58.8027,42.3339,339
981,190.7059,64840,110.9375,223,110.65,60.0423,41.8782,340
982,188.9273,64991,111.775,237,111.33,59.3577,42.2668,344
983,188.7784,68149,111.4875,234,110.95,59.6709,41.642,361
984,190.0634,62911,110.9125,228,110.3,59.27,41.4635,331
985,191.8299,65414,110.6125,235,110.56,59.7193,41.8803,341
986,191.3542,64295,112.0625,240,111.23,59.6937,42.0022,336
987,189.1798,67348,112.0125,227,111.13,60.1906,42.2965,356
988,190.1287,65024,112.075,233,110.77,60.4702,42.6243,342
989,189.8883,66271,112.325,233,111.71,59.5903,41.7251,349
990,191.9613,64499,111.1125,244,110.31,60.0595,41.6772,336
991,194.4353,66108,113.3875,230,111.72,59.6938,41.7086,340
992,194.1691,65435,111.8625,235,111.02,59.9144,41.9745,337
993,193.574,64073,110.5,239,110.69,60.291,41.8963,331
994,194.7731,65249,113.05,243,112.25,60.2881,42.1152,335
995,194.4732,65343,111.3625,241,110.98,59.4984,41.5945,336
996,191.9767,66040,111.5625,234,110.97,60.1363,43.0502,344
997,191.4837,64530,112.8,228,109.92,59.6721,41.5927,337
998,192.9157,64048,112.5875,235,111.39,59.7174,41.8962,332
999,193.2944,69586,111.9,228,110.78,59.8936,41.8095,360
1000,195.0172,68061,111.3375,241,111.1,59.2272,41.5284,349
1001,197.0853,67009,112.65,246,112.04,60.1435,41.3309,340
1002,196.8659,67525,111.8125,232,109.7,60.2865,41.7004,343
1003,199.2551,67946,110.7875,238,110.18,60.2647,41.1108,341
1004,198.7096,66369,111.1625,237,110.78,59.6298,40.8384,334
1005,199.6268,68472,111.825,243,110.77,59.7565,41.1704,343
1006,199.9912,67997,112.35,259,111.13,60.2276,41.9589,340
1007,197.0233,67776,111.5125,245,111.14,60.0108,40.9761,344
1008,198.348,67835,112.275,236,111.09,59.9919,41.312,342
1009,198.9794,67454,111.7875,249,110.59,60.2915,41.3378,339
1010,197.8684,67671,110.8875,238,110.74,59.8157,40.9822,342
1011,201.3333,68252,111.3375,253,110.74,60.0334,40.8264,339
1012,199.4088,67799,111.2875,252,110.97,59.748,40.7341,340
1013,199.2515,67347,111.0375,254,111.88,60.1546,40.7047,338
1014,199.2588,67748,110.5625,257,110.66,59.9542,40.9163,340
1015,200.1291,66643,110.325,239,111.05,60.1179,41.261,333
1016,202.1217,68115,110.575,245,110.19,59.9514,41.116,337
1017,201.341,70268,112.15,246,110.61,59.982,41.3278,349
1018,201.1548,67588,111.025,263,110.97,60.1862,41.0334,336
1019,201.9886,71100,111.2125,258,110.8,59.628,40.3237,352
1020,201.3889,68875,111.0625,262,111.19,59.9334,40.7159,342
1021,199.4157,68599,111.375,241,110.36,59.8684,40.9219,344
1022,199.8393,67146,111.3,253,111.72,59.5101,41.1495,336
1023,200.4699,66556,111.275,248,111.03,59.4129,40.8493,332
1024,200.7291,69653,111.6625,250,112.62,59.7967,41.2394,347
1025,200.2344,67479,111.05,249,110.79,60.2878,41.0807,337
1026,197.1028,70957,112.2,248,110.92,59.7362,41.1127,360
1027,198.7928,66198,111.3125,252,110.84,60.0081,40.9388,333
1028,198.3907,68048,111.675,248,111.8,60.0704,40.7473,343
1029,196.8529,66930,111.5625,236,111.11,59.7353,40.8352,340
1030,196.7681,65327,110.3,237,110.61,59.8285,41.2915,332
1031,196.2768,65949,111.15,247,111.23,59.675,41.0351,336
1032,195.7738,65780,113.325,242,111.47,59.6403,41.0573,336
1033,195.4613,65675,110.975,245,109.95,60.0261,41.6151,336
1034,194.7255,69517,111.7125,239,111.93,59.6974,41.1364,357
1035,193.4153,68469,111.525,245,111,59.2441,41.0771,354
1036,193.5959,65629,112.75,236,112.21,59.1568,40.8912,339
1037,192.5517,67008,112.275,254,110.16,59.1677,41.11,348
1038,191.1609,66524,112.05,229,111.68,59.2739,42.311,348
1039,193.839,68619,111.4375,256,111.08,60.2811,42.9145,354
1040,194.5618,66151,112.125,246,110.72,59.2392,41.3554,340
1041,193.4852,65398,110.4875,246,110.26,59.5127,41.6733,338
1042,193.2417,63963,111.4875,237,110.51,59.5442,41.8857,331
1043,192.7463,65341,111.2875,248,110.49,60.2148,40.9388,339
1044,194.2861,64503,111.4375,241,111.23,60.0012,41.9344,332
1045,196.6235,66852,111.0375,245,110.65,60.2551,41.7698,340
1046,195.1166,66925,112.0875,236,110.55,59.4371,40.9885,343
1047,195.0671,66908,111.45,233,110.8,59.4217,41.374,343
1048,194.576,66545,111.05,237,110.51,59.9655,41.8795,342
1049,195.6353,68668,111.65,259,110.76,59.447,41.9786,351
1050,193.7871,69182,110.9,260,110.47,59.7695,41.2186,357
1051,195.1507,67327,111,235,111.77,59.8331,41.9827,345
1052,194.5841,65964,113.45,236,112.39,59.2101,41.2754,339
1053,193.3645,64197,110.95,238,110.67,59.1517,40.782,332
1054,194.2389,65847,111.3875,232,111.62,59.8933,41.1418,339
1055,194.3934,64733,111.7625,243,110.51,59.6698,41.0076,333
1056,193.5664,65619,111.4875,237,110.45,60.216,41.4315,339
1057,192.8901,68476,110.775,236,110.52,59.5572,41.6723,355
1058,193.6697,64492,111.15,236,110.43,60.4108,41.3997,333
1059,191.7033,64604,110.575,233,110.68,60.1021,42.1584,337
1060,191.6746,64786,111.5875,231,110.21,60.1245,41.8106,338
1061,191.1765,65000,112.1625,233,110.38,59.8416,41.6267,340
1062,191.8479,68106,111.65,232,110.49,59.5904,42.0803,355
1063,193.7522,64907,111.8375,230,110.27,60.2636,42.5635,335
1064,195.0378,67093,111.4875,242,110,60.5117,42.2851,344
1065,193.5015,64823,111.475,233,110.95,60.7836,42.5839,335
1066,195.006,65132,112.55,242,112.19,60.7831,42.2477,334
1067,192.103,70886,111.0375,250,110.41,60.4099,42.2016,369
1068,194.0297,65388,111.05,235,110.87,60.7691,42.4797,337
1069,194.6657,67549,111.2125,239,110.43,60.4988,42.5811,347
1070,193.2618,69381,111.2625,236,109.92,60.3967,43.1127,359
1071,193.7983,67248,111.4,238,110.63,62.2295,43.0516,347
1072,194.458,67088,111.0125,232,110.7,60.3854,42.9719,345
1073,194.0792,66181,111.4125,245,110.37,60.491,43.1436,341
1074,194.3082,64316,112.0375,232,110.55,60.8351,43.1775,331
1075,192.6317,67999,112.325,231,110.8,61.4364,43.3176,353
1076,192.7259,66105,112.075,242,111.71,60.5433,42.7911,343
1077,191.7521,67305,111.35,230,109.57,61.1316,42.8989,351
1078,190.9686,66839,111.0375,223,110.53,61.2908,43.568,350
1079,191.3333,64862,112.5125,233,111.51,61.1301,43.2609,339
1080,192.0602,63764,111.4,230,109.45,60.5268,42.0487,332
1081,190.6111,65189,112.1125,237,110.86,61.0961,42.9761,342
1082,190.0337,67652,112.325,233,110.05,60.5689,43.8307,356
1083,189.068,63905,111.6875,225,111.93,61.1707,43.0991,338
1084,188.8213,70808,112.0875,232,110.97,60.4951,43.5924,375
1085,189.5573,71084,112.6125,231,111.71,61.2328,43.5128,375
1086,189.7193,64884,111.15,240,111.51,60.2292,43.4047,342
1087,188.7255,67375,112.8875,234,111.83,61.076,43.5462,357
1088,188.7557,65687,111.5,246,110.7,60.5204,43.9855,348
1089,189.3363,64185,111.125,235,110.93,60.7455,43.5489,339
1090,186.6595,69064,112.375,224,110.98,60.9191,44.0653,370
1091,188.8739,65917,113.8375,230,111.67,60.419,44.0986,349
1092,188.0209,62987,111.9375,223,110.04,61.3688,44.1111,335
1093,190.4053,64357,112.675,225,111.05,61.7263,44.0341,338
1094,188.9333,65182,111.025,230,111.36,60.3577,43.7008,345
1095,190.4971,64769,110.8875,230,110.31,61.0726,43.0177,340
1096,189.8559,65880,111.6625,228,110.53,61.3773,43.1955,347
1097,189.2062,66979,111.8375,239,110.55,61.2573,44.0744,354
1098,190.6085,67666,113.1625,233,111.47,60.9326,43.9894,355
1099,189.1351,65819,110.8,249,111.04,60.7843,43.5282,348
1100,188.9943,66337,111.775,233,110.75,60.1648,43.1194,351
1101,190.048,63286,112.0125,237,111.57,60.3185,43.4832,333
1102,189.9327,64957,112.4125,237,110.78,61.1564,43.473,342
1103,189.1142,67892,111.35,232,110.38,60.1545,43.0554,359
1104,187.1565,70558,111.95,225,111.5,60.3324,43.3523,377
1105,187.5936,64157,111.6875,228,109.85,60.5359,43.6443,342
1106,186.0859,67177,111.5,221,111.69,60.6184,44.4256,361
1107,187.2289,62160,111.575,225,109.7,60.9787,44.7724,332
1108,186.5678,66045,112.2,218,110.71,60.5578,44.3718,354
1109,185.8163,63735,112.4875,227,110.39,60.7331,43.8921,343
1110,186.6024,61952,111.7625,222,110.42,59.7928,43.1513,332
1111,186.7559,63497,111.8375,233,111.14,60.0215,43.4022,340
1112,185.7902,64655,111.15,222,110.3,60.8768,43.9272,348
1113,188.006,62606,113.025,223,111.89,60.8855,43.652,333
1114,185.9617,63041,112.8,222,109.85,61.5504,44.5995,339
1115,186.1605,64970,111.8,227,111.12,61.1928,43.4677,349
1116,185.662,67024,111.4875,235,109.68,59.4446,42.7025,361
1117,184.4516,62898,112.225,224,110.1,60.6331,42.069,341
1118,187.4506,64483,112.4875,228,111.75,60.1193,42.6573,344
1119,185.9701,62114,110.1375,235,111.27,61.493,43.0884,334
1120,186.4006,64681,111.1,223,109.87,60.784,44.0968,347
1121,186.6087,68672,112.15,237,111.93,60.7216,44.2872,368
1122,188.2936,64773,111.925,228,110.07,60.9768,43.433,344
1123,186.5791,62504,111.6625,225,110.53,60.6573,43.8163,335
1124,187.7592,66279,112.175,234,110.31,60.9801,43.3852,353
1125,188.0355,63556,111.6875,219,111.04,60.4997,43.6863,338
1126,188.5385,63726,111.2125,234,111.14,60.6791,43.3776,338
1127,187.0458,65279,111.625,225,111.41,61.3311,43.5496,349
1128,187.6544,66242,111.7875,229,110.38,60.9826,43.372,353
1129,187.263,64793,111.6375,221,110.18,59.9632,43.0308,346
1130,188.942,65185,111.675,237,111.37,60.4801,43.0386,345
1131,186.8531,66146,110.95,229,110.3,61.3294,43.5595,354
1132,186.6475,68313,111.4375,218,111.28,60.7309,43.8255,366
1133,187.6765,63810,112,226,110.03,60.6174,43.5868,340
1134,188.7697,64748,111.2625,229,110.15,60.6268,43.0931,343
1135,188.5029,64468,111.8875,221,110.72,60.4972,43.4472,342
1136,189.6101,63709,111.775,232,110.19,60.4836,42.8997,336
1137,187.7478,64773,111.625,227,109.94,60.7714,43.5056,345
1138,187.3324,68189,111.9625,244,110.18,59.5305,43.8168,364
1139,188.3899,63299,113.1,232,109.7,60.7389,43.086,336
1140,188.342,65543,112.05,225,110.45,60.2301,43.2712,348
1141,187.7099,67951,111.3,224,110.82,60.294,42.3828,362
1142,187.0986,66420,110.6875,222,109.6,60.2912,42.5273,355
1143,188,66552,110.65,231,110.33,60.7644,43.5042,354
1144,188.9912,64068,111.7125,227,110.86,60.3337,43.1367,339
1145,187.1676,63637,111.4,220,110.95,59.9469,42.8348,340
1146,187.7096,68514,111.7375,222,110.11,59.941,42.8793,365
1147,188.8237,65333,112.6125,232,111.24,60.2575,42.7299,346
1148,189,63882,112.5,227,111.41,60.9307,42.8126,338
1149,189.1293,65817,111.6375,237,110.03,59.8172,42.3732,348
1150,186.975,67311,110.825,233,111.77,60.1158,42.3224,360
1151,188.1153,65276,112.825,229,111.46,59.6958,42.5846,347
1152,188.994,63124,111.7125,225,110.03,60.5417,42.8122,334
1153,188.6725,65092,111.925,233,110.4,60.6406,43.2381,345
1154,190.1622,63324,112.025,243,111.31,60.889,42.1169,333
1155,189.611,65795,111.375,226,111.9,60.0266,42.6542,347
1156,187.7523,62146,111.8125,217,110.34,60.5084,42.6068,331
1157,186.8284,63148,111.2375,219,110.64,60.8104,43.0748,338
1158,188.6154,66204,111.6375,226,110.94,60.0839,42.8927,351
1159,186.9347,65801,111.5375,226,110.12,59.2977,43.2838,352
1160,187.7217,64764,111.825,236,110.71,60.4944,43.6946,345
1161,187.4162,62597,111.0125,229,111.53,61.0081,43.676,334
1162,186.9713,65253,111.6625,233,111.99,59.8329,43.766,349
1163,188.2523,62688,112.0875,224,111.58,60.3799,42.9731,333
1164,187.1465,66437,110.475,233,110.48,60.3111,43.4195,355
1165,187.8012,63289,110.5875,226,111.11,60.1391,43.2825,337
1166,188.8524,62699,113.1375,223,110.85,59.8122,42.7914,332
1167,187.8338,63300,111.8625,230,111.02,59.9149,42.7531,337
1168,187.2012,63274,112.0625,221,110.95,59.6739,42.84,338
1169,187.9472,64090,111.375,230,110.47,60.62,42.5667,341
1170,189.6616,62778,111.2875,242,109.7,59.9678,43.1143,331
1171,188.7405,69834,111.6125,231,110.08,60.8371,43.4025,370
1172,188.3958,63301,111.7125,227,111.06,60.3865,43.3234,336
1173,188.2278,63621,111.5,231,111.72,60.0758,43.2549,338
1174,189.654,64672,112.0875,227,110.42,60.6178,43.7364,341
1175,190.7222,65227,110.75,231,109.26,60.9277,43.4972,342
1176,192.9592,66185,113.1375,231,111.43,60.6962,43.2996,343
1177,190.3324,67568,111.95,228,110.18,61.1151,43.9174,355
1178,190.5201,66301,111.3875,234,110.64,60.6339,42.9212,348
1179,192.4294,64079,110.425,256,109.84,60.8281,43.2992,333
1180,190.5173,65919,112.0875,233,110.48,61.0231,42.8075,346
1181,189.969,67439,111.5,229,111.1,60.8144,43.5259,355
1182,190.4179,66075,110.6625,229,110.6,60.7038,44.2578,347
1183,189.1713,67345,111.5625,229,110.52,61.2204,43.8989,356
1184,190.1662,65227,110.5,226,110.63,61.6244,43.5436,343
1185,189.6158,64659,110.6875,224,110.39,61.536,43.6153,341
1186,190.2943,63368,110.5125,225,111.45,61.2942,42.909,333
1187,189.4311,64596,111.8625,231,109.97,61.1884,43.3586,341
1188,190.6589,65396,111.3,239,110.77,60.4305,43.3878,343
1189,190.0233,65368,112.425,228,111.03,61.6993,43.9787,344
1190,190.7034,67509,111.35,228,110.95,61.5254,44.2775,354
1191,192.1207,66858,111.7,236,110.39,61.0752,43.6246,348
1192,191.9887,67772,111.175,237,110.38,60.6498,42.8776,353
1193,193.2337,65313,111.1125,232,111.08,60.7234,42.7309,338
1194,194.5401,65560,111.75,244,110.6,61.3877,42.3312,337
1195,194.1054,64443,110.65,244,110.57,61.4934,42.9893,332
1196,194.574,64404,111.975,234,111.12,61.1589,43.9442,331
1197,193.7197,67027,111.6125,231,109.41,61.9111,43.7385,346
1198,192.573,71252,113.45,239,110.29,61.4427,43.7274,370
1199,193.9538,67108,111.6625,235,111.1,61.9072,43.2972,346
1200,193.5618,65811,111.9125,236,110.1,61.6087,43.0306,340
1201,194.3017,67617,111.2125,230,109.65,61.5781,43.6896,348
1202,195.139,64591,110.575,238,110.95,61.6039,44.076,331
1203,194.7352,69131,112.1,241,110.91,61.5289,43.779,355
1204,194.8507,65275,110.425,228,110.2,61.2215,43.4147,335
1205,194.8584,64693,110.9,235,109.8,60.6082,43.5527,332
1206,192.771,66506,112.2625,244,111.31,61.15,43.6422,345
1207,192.0029,67009,112.225,239,110.21,61.3582,43.5061,349
1208,192.0208,64711,110.85,226,110.91,61.1453,43.3766,337
1209,192.7946,63815,112.825,248,111.05,61.1123,43.5578,331
1210,192.0372,67021,111.65,237,111.11,61.7983,43.7129,349
1211,190.5194,63824,111.5875,227,110.6,60.663,43.8182,335
1212,193.0693,64099,110.9,236,110.6,62.2318,43.3775,332
1213,192.8852,63845,111.5375,232,110.95,61.3048,43.4541,331
1214,190.8214,64116,110.9375,240,110.18,61.749,43.3805,336
1215,190.0754,65576,111.7625,226,110.94,61.7904,43.6335,345
1216,190.2029,66571,112.25,227,111.59,61.7945,43.2548,350
1217,190.9732,64167,111.8125,238,111.35,61.7325,44.2704,336
1218,191.5676,65133,111.9875,230,110.17,61.5196,42.8876,340
1219,191.3107,64663,110.625,244,110.51,61.5252,43.157,338
1220,190.9859,67609,111.7,232,110.61,61.2179,42.9381,354
1221,192.0565,64531,111.7,228,110.54,60.7617,42.9142,336
1222,191.3483,68120,111.6,232,111.02,61.7624,43.2296,356
1223,193.8029,66862,112.85,233,111.93,60.7667,43.8498,345
1224,191.6807,63638,110.6,221,110.47,60.9102,43.2421,332
1225,189.0425,66732,111.0625,240,110.57,61.0313,42.8954,353
1226,189.764,64330,110.9,231,110.78,61.2153,43.8496,339
1227,189.1637,64694,111.45,222,111.25,61.5775,43.9821,342
1228,188.2108,66062,111.5125,229,109.96,61.3579,44.4428,351
1229,188.886,64599,112.95,239,111.45,61.4246,44.0022,342
1230,187.4366,63541,111.075,219,110.46,60.889,44.0804,339
1231,189.0318,65405,111.625,233,110.66,62.2552,44.5411,346
1232,188.4816,66534,110.7,226,111.31,61.6232,45.4826,353
1233,189.2844,63221,112.3,229,110.98,61.2022,44.4159,334
1234,188.4064,64435,111.7875,233,110.72,62.0341,43.6369,342
1235,189.6422,64668,111.5375,231,109.65,61.8429,43.8769,341
1236,188.2047,63425,111.6,229,110.77,61.6351,43.7583,337
1237,188.9769,65386,110.875,219,109.94,61.3548,43.9104,346
1238,188.5924,69402,110.3,239,111.2,61.8036,44.2052,368
1239,191.296,66571,112.975,240,110.85,61.7184,44.8454,348
1240,187.8825,75153,111.75,226,110.85,60.9281,44.9914,400
1241,190.0147,64415,112.5125,228,109.92,61.8326,44.5982,339
1242,188.1818,68310,111.425,227,110.77,61.5591,45.0255,363
1243,188.0484,66005,111.725,243,111,61.0554,44.218,351
1244,189.3988,62691,111.825,224,110.35,61.332,44.5415,331
1245,187.5734,69027,111.625,224,110.52,61.8504,44.9704,368
1246,190.8424,66604,111.025,234,110.07,61.22,44.8254,349
1247,191.238,63491,111.0375,237,111.07,62.1884,44.4129,332
1248,192.1667,64568,111.2875,236,110.14,61.9308,43.4631,336
1249,194.1165,68329,111.35,229,110.28,61.5077,43.6104,352
1250,195.0455,68656,110.5375,240,110.75,62.5601,44.5443,352
1251,196.5639,70763,111.625,237,110.25,61.8046,44.3331,360
1252,198.9233,67435,113.1375,240,111.3,62.4719,43.864,339
1253,199.1412,69102,111.1625,243,111.17,62.1503,44.2625,347
1254,198.5219,68093,111.1125,240,110.89,62.0319,43.436,343
1255,199.1813,65929,111.175,246,110.29,62.3056,42.6859,331
1256,198.0941,67352,110.6125,274,109.62,62.4701,42.9017,340
1257,199.2169,66140,111.4125,252,110.66,62.339,42.7497,332
1258,199.3313,66776,111.25,239,110.92,62.0903,42.8888,335
1259,198.9469,71223,111.5125,250,110.91,61.4158,43.5565,358
1260,199.6706,67289,112.2875,240,110.44,62.3203,43.5075,337
1261,200.6012,66399,111.025,246,110.16,61.6668,43.5462,331
1262,198.1983,69964,110.15,237,110.85,61.53,43.2972,353
1263,199.2982,66167,113.7375,245,112.02,61.4107,43.7052,332
1264,196.003,66053,111.8875,237,110.41,62.1223,44.1051,337
1265,196.8757,68119,110.7625,243,110.02,61.9723,43.9444,346
1266,193.2486,70729,110.95,244,110.5,61.864,43.4007,366
1267,193.2287,65891,111.4625,248,110.48,61.7176,44.2448,341
1268,192.9971,65812,111.05,227,110.05,61.7123,44.1908,341
1269,194.7988,64868,112.3375,232,111.82,62.606,43.899,333
1270,191.6158,67832,110.575,240,110.71,62.0743,44.1721,354
1271,193.4732,65007,111.425,247,110.72,61.6881,43.5853,336
1272,192.1568,64949,111.5125,230,111.07,61.6127,43.5881,338
1273,191.6446,63626,111.9625,232,111.39,62.7167,44.3809,332
1274,190.0817,69760,111.675,244,111.33,61.8922,44.4096,367
1275,192.9493,64638,113.1,234,111.42,61.7635,43.52,335
1276,192.3705,63867,111.3625,235,110.03,61.5031,43.3933,332
1277,194.5826,64796,111.5625,238,111.3,62.1325,43.4726,333
1278,193.6553,67973,111.65,238,110.41,61.4655,42.9767,351
1279,194.3051,64315,111.1125,234,110.2,62.4637,42.6275,331
1280,196.6429,66072,111.4,237,111.36,61.9315,42.9486,336
1281,194.3607,66277,110.6375,232,110.42,61.9302,43.8735,341
1282,193.2733,66486,111.4375,255,110.43,62.1952,43.2044,344
1283,192.1922,68997,112.0625,229,110.47,61.2702,43.5659,359
1284,191.8066,63488,110.7125,256,110.01,61.896,43.0684,331
1285,193.1128,65079,112.575,226,110.54,61.4723,43.234,337
1286,192.6272,65108,112.2375,232,111.3,61.8913,44.7772,338
1287,191.2222,63677,111.2375,240,110.51,62.141,44.307,333
1288,191.543,64550,111.175,230,109.68,61.9183,43.9245,337
1289,190.0706,67285,110.6875,231,110.32,61.4595,44.5345,354
1290,191.3303,63713,110.4875,233,111.11,61.5676,44.37,333
1291,190.8739,63561,111.9,219,110.06,61.5391,43.6214,333
1292,190.7267,63512,111.575,233,110.28,61.7537,44.1845,333
1293,190.8529,63554,111.1,241,109.74,61.9014,45.5412,333
1294,189.3538,64759,112.5625,230,110.19,61.3047,44.3129,342
1295,189.6547,63155,112.075,226,112.39,62.2453,45.0216,333
1296,189.828,65111,111.5,228,110,62.5631,44.5106,343
1297,189.5952,62756,110.5625,229,110.73,61.3084,44.5168,331
1298,188.0968,69972,111.725,220,110.73,61.2775,43.7857,372
1299,189.3569,64192,111.975,234,110.27,61.6066,43.6942,339
1300,189.3086,63797,111.125,224,110.43,62.1651,44.3473,337
1301,189.3167,64557,111.025,223,110.87,61.3889,44.0056,341
1302,189.4697,65746,111.5875,238,111.64,61.282,43.8941,347
1303,188.7552,63988,110.325,228,110.18,61.555,44.7213,339
1304,188.4497,63696,111.225,232,110.44,62.204,44.5684,338
1305,188.726,66809,110.5,230,110.09,61.5605,44.0966,354
1306,187.6529,63802,111.675,223,110.89,61.5957,44.3093,340
1307,188.6821,65284,113.0875,226,112.34,61.5942,44.3424,346
1308,187.7324,63829,110.8375,232,109.9,62.3854,45.1444,340
1309,188.9494,63487,111.2625,231,110.57,61.2445,43.5457,336
1310,188.0853,63949,112.05,223,112.09,61.0437,43.6995,340
1311,189.323,67399,112.3125,236,111.26,61.1891,44.1643,356
1312,188.0087,64487,111.7125,232,111.66,61.6951,43.9329,343
1313,188.0241,62424,110.825,240,110.32,61.6823,44.6172,332
1314,187.5281,66760,112.85,226,110.69,62.0663,44.4497,356
1315,188.2807,64392,111.9375,217,111.92,61.8511,44.2163,342
1316,188.8304,64580,111.7625,230,110.58,61.2762,44.1434,342
1317,187.1782,61956,111.5625,227,110.93,61.8783,43.4816,331
1318,189.3051,62660,111,234,110.69,61.6403,43.2884,331
1319,189.852,62841,112.55,234,111.58,61.6806,43.8595,331
1320,188.7275,65111,111.85,247,110.68,62.0624,44.1505,345
1321,189.1731,63373,111.3375,221,110.32,61.5457,44.5007,335
1322,189.5706,63127,112.1375,226,110.62,61.865,43.8093,333
1323,188.0146,64489,111.4,226,110.65,61.5544,44.2423,343
1324,187.1977,66268,112.225,227,110.36,61.8602,44.6501,354
1325,187.3904,62401,111.1875,221,110.38,61.1751,44.8051,333
1326,188.0452,62431,111.25,221,110.07,61.6761,44.9588,332
1327,188.6647,63014,112.7625,229,111.8,62.6999,45.2727,334
1328,187.5771,65652,112.1,234,110.43,62.404,45.1508,350
1329,187.1662,65321,111.425,236,110.7,62.3803,44.4878,349
1330,190.9705,64739,111.975,229,110.69,61.0817,43.6852,339
1331,187.2464,64600,111.325,231,109.76,61.2168,43.7363,345
1332,187.2598,71346,112.325,230,111.04,62.0766,44.7748,381
1333,187.3097,63498,111.65,228,110.39,61.8552,44.7579,339
1334,188.4661,63890,110.9375,226,110.71,61.3751,44.8421,339
1335,186.6724,65522,112.4625,231,110.57,62.4905,44.5719,351
1336,188.1873,62290,111.1875,236,110.78,62.316,45.2616,331
1337,187.538,66576,111.075,227,110.64,61.7641,44.8517,355
1338,187.2652,67790,111.275,224,110.6,62.235,45.6239,362
1339,187.0698,64352,111.6125,218,111.04,61.8792,45.1249,344
1340,187.0055,67696,113.8375,237,111.51,61.4465,45.5525,362
1341,187.0634,61918,111.625,239,111.21,62.2438,44.429,331
1342,186.4897,63593,111.4625,232,110.28,62.0928,43.7696,341
1343,186.3706,63366,111.475,218,109.78,61.9746,45.0693,340
1344,185.3039,67080,111.25,223,111.06,61.3599,45.4493,362
1345,184.6855,62239,111.825,219,109.83,62.1499,45.4287,337
1346,185.1425,67577,111.875,221,110.75,62.2212,44.2191,365
1347,186.17,64601,112,232,110.49,61.5358,45.099,347
1348,184.5239,69381,112.6625,229,110.71,62.2354,45.9782,376
1349,185.8155,62434,111.6125,221,110.94,61.9864,45.8305,336
1350,185.1789,63146,111.3875,247,109.86,61.0457,45.2147,341
1351,184.1096,65543,112.3125,223,109.85,61.4142,45.5763,356
1352,184.0486,64417,110.775,218,110.57,62.1357,45.4261,350
1353,185.313,63933,112.225,223,110.29,62.6707,45.8072,345
1354,184.6814,66670,112.0125,219,110.79,62.3489,45.8486,361
1355,184.2431,66696,111.0875,236,110.3,62.7124,45.6707,362
1356,183.9083,66207,111.9,230,110.71,61.5227,46.0492,360
1357,184.9011,65455,111.4625,216,110.29,61.7662,45.9892,354
1358,183.5673,62780,111.5875,217,110.41,61.5599,45.9692,342
1359,183.0806,68106,113.25,224,111.37,61.634,45.9588,372
1360,184.2169,61160,112.775,213,110.09,61.7343,45.5233,332
1361,183.766,65972,111.6125,227,110.04,62.0798,45.5763,359
1362,184.7646,69841,111.1875,224,109.99,61.7599,45.8253,378
1363,184.9661,65478,111.7,224,110.74,62.3086,46.7779,354
1364,182.6948,67049,110.925,216,110.28,62.4841,45.517,367
1365,183.9772,64576,111.8625,229,110.68,61.9265,45.7145,351
1366,184.2832,62472,110.575,227,109.93,61.2829,45.5701,339
1367,184.9886,65116,112.65,224,110.64,62.2358,45.3694,352
1368,186.2136,62754,111.75,231,111.99,62.3914,45.5048,337
1369,184.6088,62767,110.6,226,109.5,62.5195,43.8653,340
1370,185.8743,63569,112.1,224,111.8,61.3861,43.9895,342
1371,187.0146,64146,113.1,223,112.72,61.8584,45.6469,343
1372,186.5828,63065,112.8625,225,110.57,61.4715,45.6355,338
1373,188.0649,63754,111.2125,222,111.19,62.3609,45.1274,339
1374,187.5262,64509,111.1,224,109.06,61.8571,45.3414,344
1375,186.6953,67397,111.6,223,110.56,63.1531,45.4193,361
1376,187.5,63750,110.9375,220,110.48,62.1088,45.4403,340
1377,187.2017,64959,111.2625,222,110.01,61.782,45.1918,347
1378,186.6583,67197,110.425,226,110.6,62.0376,44.9561,360
1379,186.2068,65731,111.5375,226,110.56,61.9937,45.0792,353
1380,186.1994,63494,110.675,235,110.55,62.6978,45.6143,341
1381,187.9412,67095,112.2625,228,110.76,62.6557,45.841,357
1382,189.7127,68676,111.65,240,111.24,61.962,44.89,362
1383,189.159,65449,111.4625,233,110.41,61.9245,44.8011,346
1384,190.4899,66100,111.45,242,110.41,62.09,44.5298,347
1385,190.0983,65774,111.4375,230,109.75,61.999,44.5607,346
1386,189.0081,69933,111.825,240,110.55,62.8949,44.8488,370
1387,189.265,66432,112.225,235,111.46,63.0248,45.2066,351
1388,189.3471,64378,111.5625,230,111.12,62.0102,44.5402,340
1389,190.0267,64039,111.0125,236,110.52,62.2603,44.9955,337
1390,191.3343,65819,112.175,232,111.79,63.0475,44.9093,344
1391,191.2353,65020,110.825,230,110.65,62.1926,44.3778,340
1392,191.3517,65825,111.55,227,110.19,61.7952,44.1104,344
1393,190.0817,67479,111.95,232,111,62.7704,45.0724,355
1394,191.988,63932,112.8625,238,112.01,62.8639,43.9482,333
1395,189.0275,68806,111.6875,219,111.93,62.0532,44.2998,364
1396,190.3195,64328,111.2,236,110,62.3508,44.1473,338
1397,192.6949,63782,110.5375,225,109.77,62.0732,43.8909,331
1398,190.6837,63307,110.65,230,110.51,62.6797,43.9946,332
1399,190.9913,65701,112.3625,237,110.53,63.0727,44.513,344
1400,191.5509,63978,110.9875,235,110.35,62.4045,45.1342,334
1401,193.2714,65519,112.3125,246,111.04,63.0932,44.5627,339
1402,193.3709,65166,110.6625,228,110.14,62.7709,44.1336,337
1403,193.0117,65817,110,243,110.24,62.1551,43.5333,341
1404,193.2312,64346,111.9,230,111.02,62.679,44.6854,333
1405,193.9322,65743,111.4875,237,110.69,62.3968,44.465,339
1406,191.7155,66717,111.5125,242,111.13,62.7126,44.2272,348
1407,190.6989,67126,111.0875,232,110.15,62.574,45.2342,352
1408,191.2395,63874,111.4625,238,110.35,62.3827,44.5426,334
1409,191.009,63797,111.9,238,111.11,61.3274,44.9351,334
1410,189.4461,63275,111.525,229,110.53,62.9309,44.2562,334
1411,189.2929,63981,112.325,235,111.04,62.7942,45.0283,338
1412,187.476,62617,110.7375,226,111.13,61.7203,45.0946,334
1413,187.2035,64398,110.75,218,111.56,62.5692,44.5648,344
1414,186.8418,62592,111.5125,230,110.57,61.8205,45.2394,335
1415,185.1386,62762,112.2125,229,109.35,62.2378,44.9432,339
1416,186.0572,61771,111.9625,220,110.34,62.8177,45.0656,332
1417,185.9532,63596,111.95,220,110.64,62.8884,45.1635,342
1418,184.9488,61403,110.6125,218,109.46,62.9354,45.2059,332
1419,186.1805,62929,112.575,226,111.69,62.4703,45.9007,338
1420,184.8934,64158,113.5625,233,111.31,62.1401,45.6861,347
1421,182.769,64883,111.1,225,110.58,62.3424,46.6357,355
1422,183.6012,62608,112.3875,212,111.19,63.4178,45.4563,341
1423,182.8886,62365,111.9375,213,110.4,63.1458,45.434,341
1424,182.75,65059,111.5375,231,110.14,62.429,46.099,356
1425,182.434,62210,111.0625,228,110.53,62.4409,46.6398,341
1426,181.9077,61121,111.9625,215,109.91,63.4701,47.8131,336
1427,182.8455,62716,112.575,225,111.2,63.2877,48.0212,343
1428,181.553,63362,112.8375,220,110.96,62.56,48.0187,349
1429,180.8262,67629,112.4625,217,110.6,62.2617,48.5086,374
1430,179.7383,72794,111.3875,215,110.08,62.0085,47.827,405
1431,181.7948,62901,111.7875,221,110.75,61.5402,46.3983,346
1432,181.3413,60568,113.1,226,110.01,62.0911,45.5038,334
1433,181.1686,63409,110.7125,215,110.77,62.5584,47.091,350
1434,181.1966,63600,112.1375,214,110.6,63.8674,47.4808,351
1435,181.9373,60949,111.5875,216,110.33,62.6705,47.7084,335
1436,181.4428,61872,112.525,212,110.2,61.9217,47.6329,341
1437,182.0731,62269,112.85,218,112.67,62.6167,45.7246,342
1438,181.1853,61603,111.975,219,111.07,61.6776,45.9798,340
1439,181.1756,60875,110.7875,233,110.57,62.9704,45.8705,336
1440,180.309,61846,111.3875,238,110.45,62.022,46.2536,343
1441,182.3569,64372,111.75,218,110.26,61.8598,45.995,353
1442,181.4241,63317,111.075,220,109.7,62.6642,46.9798,349
1443,180.9133,62596,111.3,215,109.68,62.2651,47.5642,346
1444,181.5972,65375,110.925,223,110.41,62.0445,47.7978,360
1445,181.1289,63214,111.8625,213,110.19,61.0498,47.8799,349
1446,180.8448,62934,111.0625,218,110.63,62.8696,46.977,348
1447,180.687,65228,112.375,217,110.96,63.2873,46.9851,361
1448,181.2563,65071,111.575,218,110.64,61.8941,46.4721,359
1449,181.0232,62453,111.9375,226,110.48,62.4947,45.9129,345
1450,180.5501,63012,111.0875,213,111.3,62.8263,47.0532,349
1451,181.5562,63000,112.5125,217,110.72,62.5135,46.8114,347
1452,180.1488,60530,112.775,206,110.4,63.3061,47.0833,336
1453,180.1413,65031,112.55,217,110.35,63.2678,46.952,361
1454,181.2581,61809,112.025,219,111.42,62.3503,45.2548,341
1455,180.3343,59871,111.625,212,111.07,61.2195,45.4539,332
1456,181.3123,60377,111.825,217,110.07,60.9269,46.3111,333
1457,180.8275,61843,113.1625,217,110.29,61.4825,47.2408,342
1458,180.3694,60063,112.1625,216,110.21,62.2225,46.8114,333
1459,180.1154,65562,111,228,110.22,61.8211,47.1955,364
1460,179.7982,61491,112.0375,211,110.1,63.0308,45.8477,342
1461,179.5673,62669,111.3625,223,110.99,61.6585,47.1969,349
1462,179.3601,64749,111.625,220,110.69,61.8722,48.1538,361
1463,180.1138,66462,114.25,213,110.58,63.7612,48.2213,369
1464,179.7821,60227,112.2,209,111.07,63.3497,48.0089,335
1465,182.0804,61179,111.3875,217,110.65,63.0687,47.3858,336
1466,181.4789,64425,111.725,222,110.22,62.8338,46.7601,355
1467,181.3538,62023,111.45,207,109.59,62.7887,47.064,342
1468,180.8657,60590,112.1875,213,110.03,62.2053,47.3226,335
1469,180.3018,60942,112.2125,206,110.11,61.4998,46.811,338
1470,180.7768,60741,112.05,208,110.53,62.2995,46.812,336
1471,182.1228,60829,111.4875,218,110.47,61.845,46.1702,334
1472,179.8771,64396,112.2875,221,110.36,61.8716,46.5005,358
1473,180.0714,63025,111.475,212,109.91,62.0624,46.3477,350
1474,180.9911,60994,111.8125,214,110.28,62.7661,46.8896,337
1475,180.9822,61172,112.6375,211,110.92,63.3958,47.5811,338
1476,180.7402,64705,111.35,225,109.66,61.9432,47.2646,358
1477,181.1931,62874,112.925,213,109.92,62.1235,46.7361,347
1478,181.5763,64278,112.7375,207,110.37,61.7789,46.5503,354
1479,181.8857,63660,113.325,228,110.57,62.4569,46.6461,350
1480,181.8873,62933,112.4625,220,110.25,62.7941,46.5233,346
1481,180.9536,62429,112.175,224,111.26,62.9791,46.243,345
1482,180.9218,64770,112.175,224,110.39,62.2734,45.9068,358
1483,181.1547,63223,111.3375,214,110.57,63.705,46.5347,349
1484,180.6695,63957,111.825,229,110.62,62.8517,47.3256,354
1485,180.1525,61432,111.5625,216,110.4,62.372,46.7295,341
1486,180.7347,61992,112.625,220,110.42,63.3997,46.803,343
1487,181.8036,60177,111.4625,223,111.2,62.2955,46.3637,331
1488,180.8879,61321,112.275,214,110.87,62.778,46.8277,339
1489,180.2363,65606,111.85,218,110.81,63.5341,47.972,364
1490,179.2801,64003,111.0875,207,110.95,63.291,49.0946,357
1491,180.8739,63125,112.25,216,110.32,62.9373,48.3225,349
1492,180.4648,64065,111.35,235,110.08,63.0518,46.7384,355
1493,179.346,65820,110.5375,207,109.35,61.9128,45.8134,367
1494,179.5057,62827,112.3,216,111.15,61.7129,46.292,350
1495,179.3846,60632,112.25,206,110.22,63.6988,46.7,338
1496,179.8678,65292,110.8625,211,110.84,63.8453,48.1655,363
1497,179.3226,66708,112.425,214,111.07,64.2092,48.2052,372
1498,180.9651,62252,112.4375,227,111.03,62.4188,47.6829,344
1499,180.6532,62506,112.1,222,109.91,63.2991,47.2763,346
1500,179.9401,60100,111.225,217,110.31,62.8968,47.0578,334
