1,586.5839,94440,170.6,815,169.58,33.0313,75.0033,161
2,590.1852,95610,173.15,783,169.98,32.9812,75.3288,162
3,588.5444,99464,171.4375,800,168.99,32.5738,75.5206,169
4,596.5185,96636,173.4875,776,169.66,33.0559,74.9724,162
5,591.8509,95288,172.7237,764,168.72,32.9559,75.1021,161
6,596.2857,96002,171.6375,795,169.92,33.1374,74.8384,161
7,596.2236,95992,169.1579,795,168.99,32.8924,75.0233,161
8,590.784,95707,171.85,768,169.62,32.9255,75.0315,162
9,593.3086,96116,172.2,770,168.82,32.9584,75.2751,162
10,590.9816,96330,172.2125,777,168.6,32.7459,74.3787,163
11,596.4286,96025,169.9605,800,168.71,32.814,75.2298,161
12,599.3602,96497,170.55,800,168.9,33.1721,74.7023,161
13,603.4877,97765,170.2632,818,171.56,32.8929,75.4786,162
14,611.903,100964,173.4875,785,167.57,32.9553,75.6281,165
15,611.75,100327,172.275,801,170.38,32.6947,75.3992,164
16,617.7362,100691,170.925,795,168.33,32.744,75.0497,163
17,618.4606,102046,171.025,784,168.64,32.7909,75.1886,165
18,613.3025,99355,170.75,809,169.61,32.6411,75.3337,162
19,616.5556,99882,173.1375,816,170.74,32.9764,75.223,162
20,617.9277,102576,171.6875,804,168.98,32.8134,75.1813,166
21,619.4472,99731,171.25,841,168,32.9738,75.1474,161
22,617.6012,100669,168.7625,818,166.95,32.6724,75.4946,163
23,616.142,99815,170.6375,803,170.07,33.0496,75.4944,162
24,621.0186,99984,174.7,821,170.35,32.804,75.6241,161
25,608.559,97978,171.675,857,168.17,32.8204,75.445,161
26,607.3292,97780,173.0375,776,168.54,33.0102,75.1727,161
27,605.1118,97423,171.3625,789,168.87,33.0086,75.1004,161
28,599.858,97177,172.225,784,167.67,32.5722,75.1708,162
29,592.0683,95323,171.225,744,167.64,33.1974,75.1531,161
30,592.4506,95977,171.425,765,167.62,33.0262,75.0162,162
31,588.7888,94795,171.3375,754,166.39,33.0847,74.9571,161
32,584.8061,96493,170.8553,797,167.36,33.0014,74.6951,165
33,582.7651,96739,169.8816,749,169.35,32.8318,74.8889,166
34,578.9815,93795,170.9211,736,169.76,32.7754,74.5607,162
35,576.2121,95075,168.3816,734,169.01,33.1466,75.1152,165
36,576.3765,93373,174.4375,721,169.43,33.1605,74.1879,162
37,573.8712,93541,167.8816,766,166.59,33.0785,74.5231,163
38,575.3926,93789,173.25,779,170.38,32.7711,75.2505,163
39,572.7914,93365,169.775,775,169.93,33.0381,74.5034,163
40,572.5181,95038,172.2895,719,169.76,32.8947,74.7278,166
41,575.4506,93223,171.8553,749,171.42,32.9319,74.6892,162
42,576.8571,92874,171.5132,745,171.05,33.0927,73.8036,161
43,584.8758,94165,171.75,754,168.87,32.8952,74.7914,161
44,582.4224,93770,168.4868,746,168.56,32.9072,74.682,161
45,578.882,93200,169.9474,753,168.17,32.7546,74.8176,161
46,576.0247,93316,168.1184,733,168.89,32.9845,74.6651,162
47,575.6369,96707,169.7237,752,168.19,32.9426,74.3342,168
48,579.2484,93259,168.2105,744,168.05,33.1504,74.975,161
49,576.7826,92862,169.4605,759,168.4,32.8453,74.2459,161
50,577.1304,92918,171.6711,737,168.42,32.9536,74.7238,161
51,568.3865,92647,169.1842,714,166.84,32.914,74.5203,163
52,567.5,93070,171.2632,708,170.48,32.5865,74.48,164
53,569.284,92224,170.8553,802,169.99,33.0911,74.1481,162
54,566.0675,92269,170.6053,748,169.81,32.5389,73.7944,163
55,567.3665,91346,168.8971,735,169.7,32.6473,74.7382,161
56,569.9441,91761,169.7895,755,169.5,32.8299,75.014,161
57,572.4198,92732,171.5375,805,169.1,32.7635,74.2791,162
58,585.6832,94295,169.9474,758,169.89,32.8822,74.7381,161
59,583.3598,95671,169.9079,816,168.19,32.6174,74.7677,164
60,587.3727,94567,168.6711,784,169.46,32.7652,75.4651,161
61,590.8354,96897,172.3875,778,167.08,32.4952,75.4357,164
62,590.4969,95070,170.575,747,168.4,32.9685,75.1733,161
63,591.4286,95220,169.75,741,170.07,32.9253,75.0739,161
64,588.2222,95292,170.4125,764,169.09,32.7017,75.4124,162
65,587.9074,95241,169.025,740,169.56,32.7108,75.3217,162
66,583.9565,94017,171.3375,763,166.9,32.7631,75.2463,161
67,585.2671,94228,171.2125,768,169.11,33.007,75.1737,161
68,579.179,93827,171.9,757,170.55,33.0389,75.266,162
69,574.0311,92419,171.85,742,168.46,33.2829,74.721,161
70,570.4615,96408,170.3421,721,169.67,32.8543,74.848,169
71,576.3827,93374,168.8947,798,168.69,33.1526,75.3163,162
72,572.1667,92691,170.225,724,166.64,33.087,74.8046,162
73,568.7453,91568,170.0263,729,168.64,32.6106,75.31,161
74,569.1585,93342,171.225,736,169.71,32.867,74.6088,164
75,564.5617,91459,169.6184,723,167.55,33.0063,74.7293,162
76,562.5432,91132,171.1711,700,169.42,32.8216,74.8064,162
77,567.2981,91335,168.1842,742,168.39,33.2315,74.6025,161
78,567.0745,91299,169.4737,766,169.06,33.4701,74.523,161
79,566.5904,94054,167.5658,783,167.88,33.1734,74.6215,166
80,566.3865,92321,170.4342,750,169.09,33.2336,74.6054,163
81,566.821,91825,169.5,750,167.67,33.2625,74.1815,162
82,563.6585,92440,169.25,722,170.16,33.1601,74.0687,164
83,564.5122,92580,170.7105,759,168.45,32.9539,74.6355,164
84,567.4286,91356,168.7105,766,167.89,32.8439,74.6408,161
85,566.9193,91274,169.3289,750,166.4,32.8342,74.788,161
86,561.0432,90889,171.0658,695,169.31,33.2188,74.0562,162
87,553.8434,91938,170.9474,710,167,32.9172,74.4569,166
88,556.0062,90073,168.6974,729,168.45,33.2558,74.9534,162
89,554.4451,90929,170.1447,764,168.68,33.1131,74.7192,164
90,553.5417,92995,169.8816,704,167.53,33.0154,73.6047,168
91,557.0552,90800,167.1029,701,166.76,32.7756,74.4761,163
92,559.537,90645,167.8947,714,165.61,33.4878,74.0847,162
93,558.5337,91041,169.5,740,167.9,33.6539,74.273,163
94,562.3292,90535,168.6447,731,167.86,32.9073,74.719,161
95,553.5205,94652,170.3684,717,168.39,33.1019,74.7342,171
96,549.4277,91205,169.2763,682,169.45,33.2769,74.1652,166
97,557.1779,90820,171.8684,709,168.54,32.9526,74.2114,163
98,554.1166,90321,169.6579,695,168.8,33.13,74.7268,163
99,557.3851,89739,169.3158,725,168.27,32.9905,74.6191,161
100,550.0932,88565,168.5526,698,170.31,33.9516,73.8122,161
101,554.2289,92002,168.6471,732,169.09,33.3782,73.7173,166
102,555.354,89412,166.8824,729,169.02,33.2541,74.8353,161
103,556.8344,90764,170.4342,741,168.15,33.1549,74.549,163
104,550.6946,91966,168.7237,703,168.14,32.9045,73.2517,167
105,553.8,91377,168.75,706,166.34,32.9436,74.6716,165
106,553.1056,89050,170.8816,738,171.01,33.4824,74.3907,161
107,546.8735,90781,167.6053,697,168.1,32.7242,74.1966,166
108,547.0667,90266,166.8158,723,165.96,33.3192,74.3409,165
109,551.4702,92647,170.75,687,168.16,33.1068,74.068,168
110,547.6708,88175,169.5263,721,167.87,33.3403,73.8918,161
111,547.8415,89846,170.9412,715,167.56,33.4515,73.8053,164
112,544.4695,89293,169.2647,726,168.62,33.3702,73.7365,164
113,546.5309,88538,168.4118,728,166.66,32.7427,73.4964,162
114,541.3415,88780,168.1765,654,167.36,32.5649,74.9611,164
115,544.1951,89248,169.3026,703,166.19,33.0433,74.1369,164
116,543.9815,88125,170.8684,691,171.82,33.6419,74.3372,162
117,545.6852,88401,167.9868,691,169.55,32.9235,74.5764,162
118,540.3742,88081,168.4868,711,168.16,33.2156,74.2645,163
119,547,88067,170.5263,726,169.18,33.0411,73.8194,161
120,538.9259,87306,167.5294,670,167.22,33.1365,74.105,162
121,540.3293,88614,167.6184,675,169.83,33.6874,74.7078,164
122,541.3642,87701,167.8158,670,165.94,33.1668,73.6225,162
123,538.9264,87845,169.5294,710,167.15,33.6584,74.0658,163
124,536.1737,89541,171.1974,711,167.99,33.432,74.019,167
125,537.753,89267,171.1184,655,168.89,33.2847,74.5109,166
126,539.3272,87371,170.0526,691,168.99,33.0812,73.6283,162
127,539.354,86836,169.5588,712,167.05,32.6978,73.4031,161
128,534.6488,89821,169.0294,701,165.86,32.9565,74.0043,168
129,535.0244,87744,170.6447,670,169.82,32.9428,74.5154,164
130,533.1302,90099,169.0132,681,167.37,32.6275,74.6282,169
131,536.6832,86406,170.8684,686,168.23,32.896,72.623,161
132,533.0679,86357,168.8833,709,168.93,33.5705,73.035,162
133,536.1296,86853,167.5588,651,167.49,32.5603,74.5102,162
134,531.5029,90887,169.5658,688,168.57,33.0997,74.3132,171
135,534.1656,87069,172.1316,688,169.32,33.1385,73.8636,163
136,529.7943,92714,167.4265,663,165.86,32.6522,73.4066,175
137,533.4845,85891,168.3824,678,167.97,33.1617,74.2089,161
138,536.7099,86947,169.8421,690,166.53,32.9443,73.4964,162
139,536.679,86942,168.4559,679,167.91,33.1103,74.8909,162
140,538.7975,87824,169.3816,716,166.65,33.1174,74.8264,163
141,541.4318,95292,170.4737,686,168.69,32.7024,74.6372,176
142,539.1829,88426,168.9868,665,168.54,32.8965,74.3063,164
143,538.7546,87817,168.6974,707,168.25,32.816,74.4292,163
144,539.2112,86813,165.3289,729,168.44,32.9878,74.7364,161
145,540.8606,89242,169.4737,673,167.25,33.0391,74.4023,165
146,544.8221,88806,170.6447,713,167.23,32.8975,74.9489,163
147,540.8447,87076,167.1711,689,167.94,32.7322,74.6619,161
148,541.8447,87237,168.1316,698,168.62,33.2415,73.2528,161
149,539.4506,87391,170.5147,688,169.25,33.2483,74.2875,162
150,541.764,87224,167.2105,686,167.49,32.5501,73.334,161
151,539.8293,88532,168.8824,665,167.63,32.9462,74.5323,164
152,542.5031,88428,168.9737,681,169.6,32.7387,73.8401,163
153,538.8075,86748,166.5588,681,167.92,33.2024,73.9395,161
154,539.6012,90653,168.5735,688,166.14,32.7924,73.8636,168
155,539.061,88406,168.0588,677,168.96,33.1343,74.2529,164
156,538.0118,91462,168.8158,670,169.04,32.8514,74.4996,170
157,537.6894,86568,170.1447,661,168.97,32.5399,73.4943,161
158,541.4136,87709,166.7794,706,168.28,32.4566,74.5382,162
159,540.3913,87003,172.0526,673,167.63,33.176,74.1493,161
160,540.0994,86956,167.3947,671,167.76,33.4103,74.6435,161
161,542.6398,87365,170.5,698,169.77,32.882,74.6409,161
162,541.4251,90418,169.9079,697,167.49,32.7289,73.5877,167
163,538.3415,88288,166.8382,691,167.66,32.8564,73.9053,164
164,542.0617,87814,168.1029,690,170.12,33.2936,74.3106,162
165,538.0793,88245,172.9211,677,170.6,33.1221,74.2221,164
166,534.2931,92967,170.1974,667,170.84,32.838,74.5575,174
167,535.8171,87874,168.2763,674,168.15,32.3634,74.5748,164
168,530.5503,89663,169.6447,676,167.14,32.9108,74.7476,169
169,537.5963,86553,169.7105,686,168.28,33.3162,74.7568,161
170,534.5808,89275,170.3026,677,166.83,33.4378,74.1936,167
171,539.3067,87907,168.8158,685,164.85,33.1539,74.5318,163
172,538.5679,87248,168.5263,671,169.07,32.8915,74.6067,162
173,540.1893,91292,169.6579,686,168.27,32.1768,73.5449,169
174,542.3795,90035,169.6176,692,166.2,32.7988,73.628,166
175,545.9814,87903,167.3235,710,169,32.4052,73.2576,161
176,543.2638,88552,168.8824,677,169.66,33.1548,74.1474,163
177,545.2484,87785,169.9474,699,168.18,32.9849,74.1468,161
178,542.2012,88921,168.4737,686,166.5,32.6967,74.1597,164
179,540.8393,90861,169.2632,677,169.5,32.5267,74.0359,168
180,538.6667,90496,171.9868,672,166.63,32.6624,74.5348,168
181,535.1198,89365,170.9737,670,168.12,33.2964,73.7525,167
182,538.2919,86665,168.6765,686,168.3,33.076,74.6768,161
183,536.6074,87467,167.8158,680,165.79,32.9667,74.7228,163
184,534.7453,86094,167.5921,674,165.98,33.1145,74.1156,161
185,533.5901,85908,168.1974,708,167.62,32.9305,74.1934,161
186,533.8323,85947,167.6053,707,167.12,33.0869,73.9731,161
187,537.3789,86518,169.8088,667,167.53,33.1726,73.619,161
188,540.4012,87545,166.2353,722,166.43,33.05,74.4609,162
189,536.0242,88444,170.0789,682,167.23,33.1787,74.598,165
190,537.284,87040,169.6316,688,168.75,32.9733,74.5598,162
191,538.087,86632,167.0526,679,167.19,33.2726,74.2949,161
192,535.9758,88436,166.9211,672,167.61,32.702,74.0365,165
193,539.9198,87467,169.4737,694,167.28,33.2011,74.7736,162
194,536.7919,92865,168.4605,677,167.13,32.6121,73.8257,173
195,539.6522,86884,167.2794,686,169.22,32.9118,74.1721,161
196,541.9881,91054,169.6842,667,167.12,33.1816,74.5273,168
197,540.5341,95134,170.2895,673,167.68,32.2741,73.5145,176
198,554.321,89800,169.5147,710,168.31,32.8135,74.779,162
199,553.6605,89693,168,699,166.46,32.9056,74.9332,162
200,554.2174,89229,169.8289,686,168.42,32.9127,74.6556,161
201,551.9762,92732,168.0526,658,169.98,32.4789,74.3381,168
202,555.4451,91093,168.25,753,167.4,32.9189,74.5391,164
203,555.5031,90547,167.8421,689,166.72,32.8097,74.623,163
204,557.4596,89751,170.4342,736,167.87,33.089,74.1581,161
205,555.4224,89423,167.9605,719,168.7,32.7362,74.5829,161
206,554.4596,89268,167.8421,686,166.04,33.0993,74.2763,161
207,562.6832,90592,167.2895,707,168.12,32.4982,75.0494,161
208,558.8272,90530,168.8,683,167.93,32.989,74.7978,162
209,560.0497,90168,170.5789,691,169.63,33.1173,74.5278,161
210,558.3636,92130,168.6974,693,165.67,32.9569,74.9927,165
211,560.7267,90277,168.5395,700,170.22,33.1707,74.6212,161
212,555.3713,92747,168.8158,741,166.85,33.0859,74.689,167
213,557.1941,94723,168.8553,694,167.74,33.0899,74.1821,170
214,557.9085,91497,167.9079,706,167.69,32.9013,74.7368,164
215,561.4783,90398,167.9474,687,165.85,32.9962,74.8947,161
216,553.3926,90203,168.9342,738,168.2,33.0841,74.813,163
217,554.4364,91482,169.4605,674,169.46,32.887,74.5986,165
218,555.5432,89998,170.6316,667,167.46,32.8016,74.5466,162
219,558.0248,89842,170.1447,768,167.82,32.9399,74.7305,161
220,558.216,90431,168.6579,713,166.09,32.3411,74.9899,162
221,556.6273,89617,169.1316,691,168.46,32.8319,74.383,161
222,563.6111,91305,166.9079,731,167.75,32.0742,74.5209,162
223,560,94080,168.5658,717,167.82,32.7721,74.7558,168
224,565.1718,92123,169.1842,716,166.86,32.6602,74.5058,163
225,567.5617,91945,168.8684,704,167.4,32.8903,74.5502,162
226,569.2174,91644,170.1447,760,168.5,32.7654,74.6763,161
227,567.2531,91895,168.5921,716,166.82,32.6705,75.0278,162
228,566.7975,92388,169.35,717,168.07,32.7916,75.041,163
229,563.8882,95861,170.4875,753,168.55,32.4876,74.4407,170
230,565.236,91003,169.3553,681,167.5,32.9372,74.9345,161
231,563.441,90714,168.25,758,167.78,33.1318,74.5106,161
232,562.7439,92290,167.7105,726,166.14,32.8836,74.3642,164
233,563.8261,90776,168.0526,733,167.31,33.153,74.5345,161
234,562.0802,91057,168.1711,738,166.45,32.8553,74.814,162
235,563,91206,170.6316,736,166.91,32.6421,74.5852,162
236,554.3473,92576,170.6053,688,170.5,32.6828,74.6448,167
237,558.6025,89935,169.3289,691,166.66,33.0853,74.7468,161
238,560.354,90217,169.0132,698,167.92,32.9564,74.7654,161
239,557.0482,92470,168.8289,674,166.86,32.8104,73.9433,166
240,558.5,90477,167.2353,714,167.72,32.8778,74.8009,162
241,556.4907,89595,168.3947,690,167.22,32.8044,74.4144,161
242,554.3642,89807,171.4342,715,168.91,32.7627,74.3299,162
243,552.4438,93363,169.8026,721,169.58,32.9561,74.4337,169
244,557.8642,90374,169.7763,693,167.54,33.0195,74.3774,162
245,552.4506,89497,167.1053,696,166.88,32.6214,74.9631,162
246,560.7593,90843,169.0921,738,170.66,32.8709,74.4559,162
247,564.5404,90891,168.4737,732,168.08,32.9911,74.4006,161
248,557.8333,93716,169.3816,693,167.37,32.5883,74.4235,168
249,560.1718,91308,168.4474,711,166.64,32.8728,74.8602,163
250,563.024,94025,169.3816,714,168.1,32.7637,74.9099,167
251,567.9627,91442,167.1711,723,167.75,33.2031,74.4391,161
252,569.994,95759,171.2368,731,166.07,32.8014,74.7208,168
253,571.2395,95397,170.2237,708,168.26,32.7558,74.3511,167
254,574.5394,94799,166.8289,723,167,32.2425,75.0084,165
255,571.4472,92003,172.6,714,167.1,33.0705,74.7304,161
256,569.0062,92179,168.4868,732,167.29,32.8917,74.5704,162
257,572.6149,92191,167.7368,745,167.09,32.8646,74.3078,161
258,567.679,91964,170.1053,752,169.54,32.8536,74.6076,162
259,567.0741,91866,167.6711,676,166.48,32.6307,74.7827,162
260,567.4085,93055,169.8816,713,168.22,32.6903,74.5754,164
261,562.7081,90596,169.0132,700,166.79,32.9304,74.284,161
262,563.9333,93049,169.4605,736,167.31,32.5209,74.8036,165
263,558.5449,93277,166.4605,680,168.64,32.9535,74.6167,167
264,554.0424,91417,167.6711,678,168.98,32.5917,74.6846,165
265,557.8395,90370,170.8158,715,168.58,32.4555,74.3427,162
266,554.0419,92525,167.8026,726,168.01,32.5136,74.5776,167
267,549.3232,90089,169.4605,706,169.1,33.0585,74.6075,164
268,549.8485,90725,170.8289,696,169.6,33.2552,74.134,165
269,551.6296,89364,168.2895,684,168.61,32.9647,74.2178,162
270,552.0309,89429,170.0658,700,167.06,33.1407,73.6191,162
271,547.6404,97480,167.3088,709,167.85,32.7624,74.778,178
272,553.8221,90273,167.8684,692,168.32,33.1702,74.3675,163
273,548.8036,92199,168.4868,676,169.96,32.8282,74.6525,168
274,555.1739,89383,168.2368,698,168.16,32.6164,74.1287,161
275,554.5305,90943,169.2105,703,169.34,32.9335,73.7275,164
276,547.8512,92039,166.7647,667,167,32.7313,74.4587,168
277,547.8323,88201,168.7237,659,165.9,32.7179,73.9774,161
278,553.8509,89170,171.8088,726,167.85,32.7263,74.6781,161
279,550.3598,90259,168.9342,752,167.41,32.7593,73.9859,164
280,552.9068,89018,166.3529,688,168.93,32.4901,73.8823,161
281,554.8133,92099,166.6765,682,167.77,32.5077,74.485,166
282,551.3939,90980,168.8421,674,169.72,32.7795,74.0717,165
283,550.3789,88611,169.7632,694,167,33.2622,74.0354,161
284,552.3913,88935,167.2763,711,168.12,32.7173,74.427,161
285,554.6606,91519,169.2763,727,168.64,33.1585,74.5541,165
286,551.8333,89397,171.3684,701,167.07,32.3065,74.6711,162
287,548.2071,92647,169.9737,678,168.88,32.4335,74.1385,169
288,545.8133,90605,169.9079,682,166.38,32.7253,74.1066,166
289,554.7439,90978,167.8553,668,168.49,33.0166,73.9705,164
290,553.7239,90257,166.9559,673,166.96,33.1298,74.3553,163
291,549.3436,89543,168.9474,713,167.43,33.0185,74.6982,163
292,550.6975,89213,170.0395,681,168.71,32.86,75.0188,162
293,553.087,89047,170.725,698,168.02,32.6409,74.6556,161
294,551.8528,89952,169.2632,705,169.42,32.8445,75.1576,163
295,549.2174,88424,168.65,663,168.62,33.1139,74.3386,161
296,550.0429,89657,167.1053,670,169.96,32.2665,74.8268,163
297,552.3951,89488,169.4211,685,167.06,32.7354,74.4998,162
298,550,88550,171.0132,674,167.02,32.9556,74.6366,161
299,557.8827,90377,171.1974,679,168.71,33.1999,74.2025,162
300,555.4099,89421,168.9868,686,166.47,32.9718,74.4904,161
301,553.3043,89082,169.5526,683,167.18,32.4321,74.7525,161
302,553.8086,89717,166.0921,734,168.19,33.3824,74.6236,162
303,553.2699,90183,168.4737,685,168.61,32.8413,74.065,163
304,547.2593,88656,168.3421,670,166.92,33.397,74.3152,162
305,552.5652,88963,167.6842,676,167.78,33.213,74.2803,161
306,547.319,89213,169.5921,710,169.08,33.6221,74.0942,163
307,550.4908,89730,168.4342,693,168.07,33.2026,74.2619,163
308,547.3043,88116,169.1053,679,167.2,33.4468,74.2221,161
309,545.2727,89970,168.4605,707,167.61,33.5532,73.8587,165
310,545.4878,89460,167.5441,686,169.79,33.3989,74.6165,164
311,549.7143,88504,167.8553,681,168.14,33.6896,73.9272,161
312,551,90364,167.0735,687,166.22,33.2903,74.3668,164
313,555.3765,89971,168.5,688,168.18,33.7055,74.1614,162
314,549.8696,88529,168.7895,680,168.64,34.164,73.7271,161
315,552.7751,93419,166.5735,716,170.14,33.5042,74.372,169
316,556.3976,92362,169.2237,699,168.36,33.6196,74.1069,166
317,556.9317,89666,167.5263,714,166.61,33.6724,74.1725,161
318,551.5843,91563,167.9474,701,168.48,33.3235,74.4917,166
319,552.7059,93960,169.6579,690,168.73,33.5415,74.0064,170
320,547.1779,89190,167.1842,682,166.9,33.3004,73.7188,163
321,551.3913,88774,166,700,169.01,33.2779,74.1184,161
322,554.5404,89281,169.5395,695,168.89,33.9594,73.7716,161
323,550.1212,90770,166.9118,690,167.77,33.7665,74.3198,165
324,554.8827,89891,170.9737,746,169.19,33.7537,74.3189,162
325,556.8137,89647,169.1447,710,170.18,33.8506,74.8388,161
326,552.2025,90009,167.5526,683,167.7,34.7707,73.8351,163
327,552.0435,88879,165.8529,695,167.58,33.3802,73.9178,161
328,552.3174,92237,169.3676,706,169.19,33.2858,74.3026,167
329,556.7117,90744,168.7632,674,167.31,34.0944,74.0256,163
330,555.1524,91045,170.2105,687,168.46,33.5502,74.4252,164
331,552.2156,92220,169.1711,691,167.47,33.561,74.6038,167
332,556.5432,90160,167.5789,720,166.36,33.6465,74.8082,162
333,550.0539,91859,168.8026,699,166.52,33.5267,74.5477,167
334,556.4321,90142,169.1053,689,167.51,33.5833,74.5065,162
335,563.0798,91782,167.3421,708,166.19,33.4512,74.8893,163
336,555.1358,89932,168.4737,667,167.57,33.747,74.7757,162
337,557.6728,90343,168.8816,694,168.98,32.8943,74.7103,162
338,557.0179,93579,170.5263,713,168.83,33.024,73.9944,168
339,556.3515,91798,166.25,708,167.15,33.2704,74.0993,165
340,546.5866,97839,169.5789,701,167.63,32.8665,74.7828,179
341,552.7546,90099,166.5263,712,166.23,33.499,73.9673,163
342,551.8075,88841,166.8235,693,168.63,33.4465,74.7492,161
343,552.7143,88987,169.0658,707,166.3,33.3376,74.6076,161
344,546.0186,87909,171.3947,706,168.92,33.2638,74.7399,161
345,551.5864,89357,170.6974,710,166.69,33.2833,74.8295,162
346,546.7929,92408,169.0921,700,168.75,33.574,74.1755,169
347,552.0683,88883,168.4868,693,167.86,33.6765,74.199,161
348,550.9939,89812,170.4737,698,167.37,33.2362,74.1307,163
349,550.628,90303,168.7105,673,169.12,32.9665,74.1366,164
350,543.7515,89719,169.8553,674,167.31,33.3911,74.3109,165
351,545.4783,87822,168.1711,681,167.71,32.3681,73.6718,161
352,539.0182,88938,170.8824,689,167.97,33.7593,73.1385,165
353,534.9451,87731,172.0735,677,169.61,34.1027,73.885,164
354,544.816,88805,169.7647,648,167.94,33.2238,74.1884,163
355,544.9689,87740,168.7763,662,167.96,33.6067,74.0729,161
356,541.1667,87669,168.2763,693,168.03,34.1766,73.9056,162
357,546.795,88034,167.0588,685,168.41,33.5439,73.4801,161
358,543.8199,87555,167.5,692,167.15,33.5085,73.5516,161
359,542.2209,88382,168.0588,642,166.99,33.6628,74.2072,163
360,542.9317,87412,167.0921,680,168.66,33.1137,74.2253,161
361,542.5793,88983,165.8289,663,166.25,34.0238,74.5063,164
362,547.4152,93608,170.1579,687,169.31,32.9017,74.3038,171
363,547.8148,88746,167.8816,674,167.54,33.7335,73.9862,162
364,547.1834,92474,167.1324,695,167.34,33.4719,74.0953,169
365,548.8344,89460,169.0132,680,168.17,33.0117,74.2365,163
366,557.6296,90336,166.9737,731,168.51,33.342,74.5247,162
367,561.8457,91019,166.4868,699,166.34,33.111,74.5198,162
368,563.4417,91841,167.8816,680,165.86,33.3782,74.7699,163
369,565.7267,91082,169.0395,728,168.21,33.4847,74.013,161
370,560.1138,93539,169.0658,673,167.66,33.3875,74.6839,167
371,560.9701,93682,170.2237,737,167.49,32.8032,74.065,167
372,556.1242,89536,168.1316,670,166.7,33.5221,74.412,161
373,552.7222,89541,168.25,702,168.49,33.318,74.5384,162
374,558.0679,90407,168.0395,687,166.62,33.5247,74.0361,162
375,560.858,90859,168.5921,686,168.09,32.6486,73.8873,162
376,558.8293,91648,168.6029,682,169.36,33.3707,74.489,164
377,562.2407,91083,169.1711,696,167.81,33.3744,74.5288,162
378,562.8634,90621,168.8158,684,169.12,33.1786,74.3704,161
379,559.7333,92356,168.1053,700,167.22,33.3799,74.5474,165
380,558.0683,89849,169.5921,706,166.74,33.1497,74.0868,161
381,557.0994,89693,169.7368,727,168,33.5316,74.4362,161
382,549.0859,89501,170.1842,694,166.59,33.2114,74.0891,163
383,557.5706,90884,169.5921,696,168.37,33.5659,74.2141,163
384,554.1615,89220,167.9737,687,168.23,33.337,74.335,161
385,555.5466,89443,167.8947,695,168.26,33.289,73.9788,161
386,554.1411,90325,168.1912,672,168.27,32.8496,74.3554,163
387,553.5123,89669,170.6842,702,166.82,33.4469,74.143,162
388,554.561,90948,167.2763,716,168.62,33.1343,73.8009,164
389,557.7205,89793,167.9412,668,166.09,33.0793,74.3221,161
390,550.8957,89796,168.4868,709,169.27,32.9943,73.6075,163
391,553.1646,90719,167.3824,693,167.38,33.2396,74.2381,164
392,550.4085,90267,167.0395,684,169.15,33.736,73.9034,164
393,547.6975,88727,169.4118,661,170.65,33.0907,74.5749,162
394,546.0435,87913,167.6974,696,168,33.1509,73.2284,161
395,545.2601,94330,167.7941,703,167.03,32.4054,73.1642,173
396,543.4431,90755,169.1029,689,167.6,33.372,74.3924,167
397,545.3837,93806,168.6711,651,166.27,33.2954,74.3357,172
398,542.0552,88355,168.8158,659,166.94,33.3115,73.8245,163
399,539.994,90179,167.6618,639,166.81,32.6353,73.583,167
400,545,89380,165.4559,647,165.94,33.2898,73.6777,164
401,538.1429,94175,167.6912,672,165.33,33.4087,73.3898,175
402,540.7439,88682,168.3382,662,168.2,33.5055,74.8393,164
403,543.7778,88092,167.9737,685,166.98,33.0938,73.8347,162
404,540.3374,88075,169.4412,661,166.19,33.5396,73.8936,163
405,534.5843,88741,166.3676,733,167.71,33.6071,74.2725,166
406,539.9814,86937,170.8553,670,168.28,33.7511,74.282,161
407,541.1656,88210,166.7895,666,168.06,34.253,74.1785,163
408,544.25,89257,168.3289,662,167.63,33.593,73.7151,164
409,543.3636,89655,167.3088,690,167.83,33.6898,73.8625,165
410,540.9512,88716,166.5441,651,169.12,33.8535,73.7091,164
411,541.9627,87256,170.2353,690,168.76,32.8545,74.1238,161
412,536.7651,89103,171.2368,649,168.14,33.4008,73.4175,166
413,539.7576,89060,166.3088,650,168.16,33.427,74.3485,165
414,538.5529,91554,167.7237,678,167.99,33.414,73.9882,170
415,538.6335,86720,167.0147,663,166.76,33.4849,73.9942,161
416,539.7744,88523,164.8971,665,165.56,33.1812,73.6219,164
417,536.697,88555,167.6618,661,168.58,33.31,73.9631,165
418,541.3457,87698,166.6176,666,166.18,33.668,73.8724,162
419,537.7202,90337,169.2206,647,168.52,33.3771,73.6152,168
420,539.5901,86874,169.5441,673,170.14,33.4678,74.1502,161
421,540.3478,86996,165.9868,657,167.87,33.4168,73.8783,161
422,537.9345,90373,168.8971,638,167.29,33.1772,73.8047,168
423,541.2609,87143,165.4265,661,165.01,33.106,74.5911,161
424,537.6012,87629,169.1184,647,166.98,33.5821,73.9424,163
425,539.1212,88955,166.9412,665,168.93,33.4508,74.3965,165
426,544.1636,89787,170.1053,681,170.65,33.4419,73.5346,165
427,543.4699,90216,167.6324,680,167.11,33.3836,74.1253,166
428,553.9756,90852,170.1053,686,168.21,33.46,73.9867,164
429,556.4383,90143,168.7647,661,170.67,32.5609,74.3215,162
430,556.8282,90763,168.6447,740,168.6,33.2952,74.3168,163
431,559.3252,91170,169.7105,682,169.01,33.3502,74.0616,163
432,560.0988,90736,171.2237,684,168.74,33.2712,74.3343,162
433,557.7669,90916,167.9474,687,169.62,33.3695,74.2814,163
434,570.8221,93044,167.9079,706,166,32.5561,74.4304,163
435,568.963,92172,167.7632,685,166.32,33.0164,74.2362,162
436,567.9107,95409,167.5789,686,168.5,32.8495,74.0991,168
437,573.2112,92287,167.3289,756,166.63,33.2566,74.2958,161
438,574.0854,94150,171.1974,706,167.58,33.0875,75.1126,164
439,577.5309,93560,168.0125,715,167.05,33.0498,74.3245,162
440,576.4785,93966,170.5132,692,167.8,32.4008,74.9861,163
441,575.6852,93261,169.2895,678,167.73,33.0038,74.7119,162
442,572.6994,93350,167.5526,743,167.49,32.4729,74.3797,163
443,571.284,96547,167.7105,706,167.87,32.849,74.614,169
444,579.128,94977,169.2237,722,168.05,32.6275,74.7768,164
445,574.7853,93690,167.7237,709,169.71,32.9237,74.4842,163
446,569.8957,92893,168.7368,670,167.3,32.6358,74.8816,163
447,569.8466,92885,169.7237,705,167.86,32.7337,74.9624,163
448,570.6196,93011,169.0526,688,168.53,32.6425,74.5714,163
449,562.2963,91092,168.3947,675,169.53,33.3255,74.689,162
450,567.2593,91896,166.9079,698,168.73,32.5413,74.2665,162
451,563.3614,93518,168.9474,676,168.09,32.807,73.9335,166
452,558.3168,89889,165.7353,670,168.81,33.3508,74.2692,161
453,556.908,90776,167.3026,704,168.54,33.3344,74.545,163
454,554.8221,90436,168.6974,687,167.02,32.9441,73.9867,163
455,553.1173,89605,167.4706,659,167.82,33.4064,74.2074,162
456,549.2025,89520,169.0132,679,167.55,33.7045,74.7089,163
457,552.8634,89011,167.6711,660,167.27,32.8335,73.7054,161
458,542.3234,90568,167.1765,651,166.88,33.3767,74.0146,167
459,545.1304,87766,169.5789,654,169.53,33.3061,74.3833,161
460,545.7879,90055,168.1711,643,166.12,32.9757,74.0691,165
461,549.2134,90071,167.6184,666,166.57,33.3534,73.7928,164
462,549.3292,88442,165.9412,694,167,33.4394,74.0882,161
463,546.9231,92430,168.3421,657,166.86,32.4995,74.0867,169
464,549.2981,88437,173.1842,674,168.01,33.4139,74.0034,161
465,556.4938,90152,167.2368,664,166.84,33.0029,74.3493,162
466,553.4261,97403,170.4211,670,167.78,33.1679,74.0803,176
467,557.0373,89683,168.4868,681,167.25,33.0346,74.175,161
468,559.5714,90091,165.5395,677,167.49,33.6642,74.1087,161
469,562.0621,90492,169.4474,681,166.91,33.1555,74.3633,161
470,562.0745,90494,168.3158,688,166.09,34.0563,73.9261,161
471,564.7284,91486,167.4559,669,167.57,33.5082,73.936,162
472,563.5636,92988,168.2647,684,168.38,32.8885,74.2152,165
473,561.3951,90946,170.7105,667,169.41,33.0939,74.1603,162
474,559.5153,91201,167.5,695,167.96,32.8827,74.5149,163
475,561.6235,90983,166.7368,677,166.83,33.1681,74.382,162
476,565.5528,91054,169.3553,689,167.26,33.0194,74.321,161
477,561.4172,91511,169.0921,671,167.21,32.9497,74.4195,163
478,557.5444,94225,171.2763,697,169.19,32.8853,74.1442,169
479,557.1852,90264,170.6579,717,167.26,33.0017,74.114,162
480,557.9758,92066,169.1974,684,166.66,32.8905,74.5572,165
481,551.2761,89858,171.8947,688,168.9,33.3779,74.1416,163
482,547.179,88643,167.7895,675,168.16,33.4883,73.9285,162
483,547.5322,93628,169.3382,692,169.69,33.1442,74.515,171
484,547.7805,89836,169.6974,661,167.45,33.2818,74.5293,164
485,548.3975,88292,167.9605,696,170.69,33.6944,74.4946,161
486,544.784,88255,168.7763,680,167.01,33.4123,73.8336,162
487,540.1166,88039,167.1912,642,166.86,33.2429,74.3428,163
488,544.3171,89268,169.7237,649,167.02,33.2368,73.9974,164
489,546.1084,90654,168.9559,696,167.63,33.6492,74.3168,166
490,545.0061,89926,167.6974,690,167.88,33.6439,74.0727,165
491,550.0621,88560,166.8158,647,167.33,33.1719,74.2129,161
492,546.0435,87913,165.6447,669,167.06,33.748,73.7458,161
493,543.2547,87464,168.6176,653,167.13,33.2702,74.0538,161
494,546.5488,89634,168.1184,686,167.24,33.0164,73.8954,164
495,559.1737,93382,168.9265,677,170.19,33.0247,73.9292,167
496,558.0309,90401,167.3529,684,167.89,33.0579,73.8774,162
497,558.3049,91562,167.4412,699,168.67,33.4876,74.7259,164
498,559.2577,91159,168.9605,688,168.06,33.9042,73.6768,163
499,558.9012,90542,166.7206,675,165.47,33.266,73.9604,162
500,554.7169,92083,167,693,166.98,32.8971,74.5431,166
501,560.4311,93592,169.75,716,170.5,32.4838,74.6967,167
502,559.3614,92854,166.9079,685,166.84,32.6856,74.3087,166
503,560.8512,94223,169.0132,662,167.78,33.5129,74.1192,168
504,564.4658,90879,166.9474,692,167.91,32.8265,74.1954,161
505,562.2795,90527,168.3947,713,169.4,32.9396,73.9341,161
506,558.2733,89882,166.75,656,168.49,33.5077,74.4843,161
507,553.3374,90194,168.6053,679,168.24,33.3389,73.8069,163
508,551.681,89924,168.2941,665,166.31,33.8134,73.7868,163
509,550.2393,89689,168.1618,676,167.66,33.4904,74.1062,163
510,541.8537,88864,166.9737,647,166.38,33.3431,73.7431,164
511,537.3663,92427,168.1618,656,168.19,33.0532,74.0395,172
512,539.253,89516,167.6184,648,166.69,33.5639,73.6435,166
513,538.5714,86710,165.2353,673,166.76,34.083,73.6836,161
514,533.4136,86413,169.4118,655,168.47,33.849,73.9226,162
515,531.3099,90854,167.5294,658,167.27,33.1991,73.0426,171
516,534.5536,89805,166.9706,651,167.27,33.4211,73.7115,168
517,537.4259,87063,165.7059,667,168.23,34.227,73.8118,162
518,532.6358,86287,168.0882,653,168.45,33.7807,73.432,162
519,535.764,86258,168.8676,673,169.48,33.4683,74.169,161
520,538.6319,87797,168.7237,621,168.76,33.2598,73.9018,163
521,533.3395,86401,167.1765,629,167.52,33.4274,73.2606,162
522,533.8509,85950,165.2941,684,165.89,33.555,73.6551,161
523,529.6951,86870,166.8529,627,167.87,33.9157,73.7601,164
524,528.7988,86723,167.7794,626,166.07,33.5333,73.7695,164
525,530.8199,85462,169.6765,674,167.46,33.634,73.4279,161
526,533.0242,87949,165.3971,644,165.89,33.652,73.2388,165
527,525.6211,84625,167.5,632,167.47,33.8503,73.4644,161
528,531.4146,87152,165.7941,635,166.27,33.124,73.9149,164
529,526.9878,86426,165.4853,655,165.99,33.5462,73.2451,164
530,528.7439,86714,167.1765,648,165.59,33.6147,73.4295,164
531,527.6728,85483,164.4706,655,167.46,34.2329,73.3075,162
532,529.4506,85771,168.0441,641,166.83,33.4671,73.3811,162
533,526.697,86905,167.1471,640,166.54,33.931,73.3796,165
534,532.7246,88965,167,636,168.44,33.2148,72.7824,167
535,527.5217,84931,168.4333,638,166.5,33.187,73.5562,161
536,533.2174,85848,165.6471,658,167.14,33.7996,73.5043,161
537,529.9509,86382,165.8382,655,167.19,33.8537,73.7508,163
538,530.9939,87614,165.6324,660,167.12,33.7796,73.1962,165
539,527.3736,91763,165.5,643,167.93,33.4761,73.4096,174
540,529.7818,87414,167.1176,644,167.88,33.7146,73.7509,165
541,529.795,85297,167.8824,626,167.9,33.8632,73.6278,161
542,531.5783,88242,167.8529,664,167.81,33.9385,74.03,166
543,532.3801,91037,167.3421,663,167.07,33.3866,73.6353,171
544,526.9018,85885,166.8529,616,165.86,33.4661,73.1404,163
545,527.7284,85492,167.7059,650,167.99,33.4304,73.5356,162
546,528.9876,85167,167.1618,619,167.8,33.4015,73.7023,161
547,528.5494,85625,168.0882,646,167.28,33.3877,73.6422,162
548,529.7485,86349,168.5588,638,164.98,32.6206,73.4533,163
549,526.184,85768,169,659,166.29,33.2835,73.3005,163
550,531.4788,87694,168.1176,652,167.56,33.6674,73.6867,165
551,533.0248,85817,165.6176,667,166.04,33.4782,73.7649,161
552,528.1098,86610,166.3529,642,166.65,33.1431,73.7738,164
553,529.9576,87443,167.8971,631,168.03,33.543,73.7595,165
554,526.006,87317,167.8824,625,167.1,33.5609,73.7498,166
555,528.5488,86682,166.9706,650,165.54,33.3363,74.3352,164
556,531.2112,85525,166.7368,658,166.37,33.4563,73.915,161
557,524.3168,84415,167.1324,628,167.39,34.1628,73.8814,161
558,525.2892,87198,167.75,624,166.73,33.6803,72.7939,166
559,528.0121,87122,165.0333,610,167.55,32.8348,73.4198,165
560,527.9157,87634,166.5441,630,168.7,33.0152,73.4869,166
561,527.5732,86522,165.7353,633,165.56,33.5475,73.9787,164
562,525.8773,85718,168.8235,635,168.57,33.8541,73.1575,163
563,530.0932,85345,166.2941,643,164.95,32.5043,73.7474,161
564,526.9941,89589,167.2059,618,165.99,33.7807,73.6904,170
565,528.037,85542,165.5735,629,167.56,32.7453,73.6063,162
566,528.9878,86754,166.8676,634,166.48,34.0771,73.2753,164
567,529.1988,85201,164.7794,659,167.49,33.1078,74.239,161
568,529.6364,87390,166.9605,653,166.7,34.1605,72.9664,165
569,532.323,85704,167.8,652,167.66,33.6271,73.7823,161
570,528.8571,85146,168.9118,684,165.21,33.0585,74.0685,161
571,528.8802,88323,167.8421,669,168.1,33.8541,73.4091,167
572,526.4146,86332,167.5,620,166.34,33.2001,73.56,164
573,530.2857,85376,166.8529,629,167.83,33.1905,73.2248,161
574,525.3681,85635,166.7206,617,165.92,33.1277,73.7357,163
575,530.5,85941,168.1176,649,165.98,33.7499,73.1444,162
576,527.2485,89105,165.4559,644,165.7,33.4071,73.5843,169
577,528.5858,89331,169.6618,638,168.78,33.4997,73.0037,169
578,526.4815,85290,168.3824,642,167.81,33.7921,73.4866,162
579,527.1627,87509,167.2647,617,166.1,32.9861,73.9168,166
580,527.6159,86529,167.0294,626,169.06,33.0892,73.9439,164
581,524.2289,87022,168.6618,644,165.36,33.7346,73.7036,166
582,522.9202,85236,164.1765,632,165.72,34.0175,73.425,163
583,527.0062,85375,168.5147,618,167.83,33.3596,73.2197,162
584,521.0305,85449,164.6176,612,169.96,32.8737,73.6599,164
585,521.7576,86090,165.75,658,167.23,33.9019,73.2632,165
586,526.2256,86301,164.75,633,165.26,32.9704,73.2413,164
587,526.4695,86341,169.25,621,168.25,33.0997,73.7177,164
588,517.3929,86922,166.5882,621,166.51,32.3783,72.982,168
589,525.3659,86160,166.4167,605,167.96,33.5141,73.6161,164
590,522.253,86694,164.3676,615,166.66,32.777,73.3797,166
591,523.9036,86968,167.7353,605,166.79,33.3124,73.3868,166
592,522.1818,86160,165.1912,613,164.85,33.6037,73.5946,165
593,523.092,85264,166.4412,620,168.39,33.4093,73.0533,163
594,517.4149,97274,165.3382,678,166.38,31.9844,72.5362,188
595,520.988,87005,168.1833,611,167,33.8,73.1788,167
596,526.4176,89491,165.8529,641,166.93,32.9081,73.021,170
597,527.3851,84909,167.7059,652,166.95,33.8015,72.9479,161
598,526.8253,87453,167.9667,618,165.34,33.6649,72.9701,166
599,529.8385,85304,165.7333,614,166.63,33.7476,73.6898,161
600,534.8,88242,165.8824,629,165.92,33.9116,72.8701,165
601,531.5776,85584,165.0167,621,167.07,32.7878,73.7982,161
602,532.4568,86258,164.4265,652,164.58,33.3411,73.7068,162
603,534.0435,85981,167.0588,619,168.05,33.674,73.8389,161
604,540.4479,88093,168.5588,638,166.63,32.4986,73.6549,163
605,535.1768,87769,164.8382,650,165.62,33.3133,74.0558,164
606,536.3292,86349,170.4079,627,166.98,32.9679,74.6503,161
607,533.7035,91797,168.5395,626,167.25,33.1303,74.1139,172
608,541.0854,88738,166.0132,650,165.67,33.1361,73.8245,164
609,538.3818,88833,167.3676,640,167.92,32.6081,74.3009,165
610,537.4024,90821,166.5395,676,166.63,33.3337,73.6243,169
611,540.142,87503,165.1765,634,166.28,32.6774,73.737,162
612,541.5802,87736,169.0147,633,166.47,32.915,73.6029,162
613,544.7012,89331,167.6324,650,166.57,33.1864,74.1345,164
614,543.7605,90808,169.2632,636,168.04,32.7791,74.3545,167
615,542.4268,88958,166.5132,656,167.95,33.3806,73.6267,164
616,545.7778,88416,166.2353,645,165.36,33.1291,73.8818,162
617,540.0491,88028,168.1324,665,165.56,33.3883,73.6483,163
618,537.5031,86538,165.9706,637,165.05,32.9694,73.9635,161
619,535.9876,86294,169.3824,637,167.67,33.3459,73.4308,161
620,537.0517,93447,167.2059,683,168.36,32.6811,74.0252,174
621,539.1914,87349,168.5658,669,168.23,33.2412,74.3228,162
622,539.1801,86808,168.0395,639,165.89,33.043,73.1941,161
623,535.6205,88913,165.1471,634,166.42,33.1943,73.3273,166
624,537.1366,86479,167.1029,647,167.32,33.3983,73.889,161
625,537.9268,88220,164.1912,676,167.31,33.3217,73.6151,164
626,539.5029,92255,168.3235,661,167.69,33.0005,73.3565,171
627,536.9695,88063,167.8529,650,167,32.6103,74.2121,164
628,536.4847,87447,166.1053,647,165.3,33.2181,73.567,163
629,538.227,87731,165.2647,614,166.47,33.4242,73.3713,163
630,532.0679,86195,166.5441,625,166.4,33.2253,74.0109,162
631,534.135,87064,168.3158,627,167.13,33.6976,73.9248,163
632,535.7578,86257,166.6324,663,163.66,32.8606,73.8026,161
633,538.1818,88800,168.5882,647,165.09,33.1442,73.6923,165
634,530.0556,85869,166.7941,630,164.02,33.6515,73.3709,162
635,535.8509,86272,166.5294,661,166.45,32.5421,73.617,161
636,533.2025,86912,167.8824,661,169.86,32.9971,73.328,163
637,537.2086,87565,166.5882,647,167.12,32.7222,73.4334,163
638,534.7143,86089,168.3235,632,166.7,32.4181,73.366,161
639,535.8528,87344,165.4118,666,167.38,33.3764,73.3542,163
640,533.4815,86424,169.25,633,165.08,33.1637,73.7438,162
641,536.5629,89606,168.4706,657,167.74,33.2054,73.6944,167
642,530.9766,90797,167.1618,630,166.71,32.3998,73.7694,171
643,533.2771,88524,166.5,662,167.35,34.1869,73.5811,166
644,529.9506,85852,166.5882,661,167.1,32.9777,73.7177,162
645,531.7453,85611,168.0147,639,165.28,33.7082,73.5343,161
646,528.3975,85072,166.9559,609,167.54,32.9604,73.4195,161
647,531.9814,85649,166.5,655,167.41,33.1307,74.0751,161
648,528.8951,85681,167.6842,646,167.02,33.7172,73.1258,162
649,525.5062,85132,165.0588,610,167.16,33.1158,73.4854,162
650,524.4485,86534,167.4853,618,167.57,33.7273,73.2124,165
651,525.3072,87201,163.2353,620,165.13,32.477,72.5671,166
652,524.4136,84955,165.9667,610,164.83,33.4644,73.5882,162
653,525.4024,86166,165.7059,624,166.44,34.2283,73.6742,164
654,519.8636,91496,163.1471,630,163.97,33.1572,73.2412,176
655,526.6087,84784,165.2059,644,165.17,33.4082,73.8477,161
656,522.1607,87723,167.0588,641,167.03,33.3056,73.4944,168
657,525.1605,85076,166.6912,604,166.51,32.8217,73.3832,162
658,521.2515,84964,168.1176,621,167.4,33.4439,73.4596,163
659,527.1491,84871,169.6029,666,165.89,33.5222,73.8606,161
660,520.3086,84290,166.2647,623,169.61,33.9953,73.3413,162
661,520.6667,84348,166.3676,611,165.8,33.6425,73.3301,162
662,521.9568,84557,167.4265,614,165.99,33.4245,72.9339,162
663,521.821,84535,168.9167,666,166.43,33.3015,73.8285,162
664,521.4596,83955,166.0735,629,165.91,33.1987,73.0541,161
665,516.8023,88890,167.6765,663,165.86,32.7524,73.9068,172
666,518.9876,83557,165.9559,620,165.01,33.6019,73.7137,161
667,517.6951,84902,169.7353,647,166.78,33.5196,73.7627,164
668,516.0802,83605,165.9853,605,165.72,33.6031,73.354,162
669,518.1166,84453,165.2353,596,165.55,33.6931,73.4509,163
670,518.9157,86140,165.5441,595,167.29,32.6139,73.7497,166
671,517.3353,87947,169.2206,618,165.19,33.6157,73.2514,170
672,515.0719,86017,165.7941,616,165.25,34.0896,73.5549,167
673,516.1491,83100,167.7647,608,167.94,33.3175,73.1307,161
674,520.8834,84904,167.9853,606,165.78,33.0369,74.3806,163
675,518.6111,84015,165.8947,664,166.42,33.9215,73.2074,162
676,517.816,84404,167.1618,605,166.83,32.9501,73.6697,163
677,519.8344,84733,167.8529,586,168,33.5772,73.4363,163
678,515.9455,85131,164.9559,611,168.17,33.0392,73.4147,165
679,518.5644,84526,167.3382,627,165.68,33.0583,73.9047,163
680,520.2883,84807,166.6618,621,167.16,33.6568,73.7725,163
681,520.8634,83859,166.5294,590,167.19,33.8958,73.0664,161
682,518.9565,83552,167.5882,618,168.49,33.2354,73.5617,161
683,523.1902,85280,165.6912,612,167.11,33.5491,72.8214,163
684,518.362,84493,164.6833,599,165.18,32.8924,73.6894,163
685,523.4596,84277,165.9559,633,165.9,33.4238,72.9596,161
686,520.3727,83780,167.1667,638,168.24,32.9992,73.7974,161
687,519.9503,83712,166.5588,609,167.75,34.5808,73.2823,161
688,521.0814,89626,164.3088,639,164.8,32.7475,73.457,172
689,522.0488,85616,167.8088,607,163.86,34.0084,73.3317,164
690,520.2814,86887,167.5441,608,167.15,33.6538,73.5359,167
691,527.092,85916,163.9118,605,167.19,33.3597,73.3988,163
692,527.0769,89076,167.1029,652,166.15,33.6913,73.1219,169
693,524.4691,84964,167.0882,630,165.31,33.1982,73.6685,162
694,526.2112,84720,166.8529,620,166.38,33.0007,73.43,161
695,529.2832,91566,170.4559,652,168.17,32.5986,73.5,173
696,526.1481,85236,166.6912,616,165.63,33.1934,73.2809,162
697,531.5644,86645,169.4118,623,168.44,33.0516,73.5574,163
698,529.9259,85848,165.8971,637,166.01,33.106,73.1382,162
699,528.3975,85072,166.9706,628,167.77,33.4276,73.5276,161
700,529.6481,85803,167.3235,633,165.93,33.5508,73.3542,162
701,529.8344,86363,167.6765,643,164.7,33.0229,73.5713,163
702,531.5818,87711,163.9706,650,168.04,32.3682,73.3054,165
703,525.0926,85065,166.2206,644,167.32,32.3241,74.1199,162
704,529.5583,86318,166.6711,607,166.27,32.7525,73.5836,163
705,525.8647,89397,167.7647,644,166.33,33.4633,73.5083,170
706,532.2671,85695,165.4118,651,166.66,33.0505,74.0423,161
707,531.5185,86106,168.4079,631,167.99,33.0437,73.2237,162
708,537.0679,87005,165.4559,626,163.8,33.2093,73.8415,162
709,531.8323,85625,166.4853,621,167.15,33.0511,73.6302,161
710,534.3913,86037,166.0294,634,166.38,32.9877,73.3375,161
711,538.0062,86619,167.2353,669,167.22,32.9632,73.9029,161
712,539.4969,86859,165.4118,662,166.48,33.1596,73.4798,161
713,535.7607,87329,167.0441,636,166.17,32.6566,74.3624,163
714,537.7826,86583,168.3289,671,166.72,33.7127,73.67,161
715,537.1524,88093,170.3529,678,168.99,32.8553,73.5472,164
716,535.4561,91563,167.9265,629,165.68,32.1411,73.387,171
717,538.5679,87248,168.8824,625,167.61,32.854,73.2498,162
718,532.5988,86281,168.4853,602,167.38,32.8792,73.4258,162
719,539.2182,88971,168.6912,635,166.58,33.136,73.8627,165
720,539.284,87364,166.4853,631,168.69,32.8814,73.9214,162
721,538.1627,89335,166.6324,654,167.17,32.7303,73.7306,166
722,538.7048,89425,166.1471,681,166.72,32.9318,73.7592,166
723,543.5092,88592,165.4412,637,164.93,32.6111,73.7487,163
724,543.7888,87550,167.8529,643,167.02,32.3142,73.7238,161
725,535.6049,86768,164.5,628,167.11,32.7782,74.2838,162
726,537,86457,165.1711,650,166.1,32.866,73.8156,161
727,535.8024,89479,169.1176,651,166.95,32.5467,74.0786,167
728,540.2667,89144,167.0263,664,166.76,32.4619,73.5728,165
729,540.7697,89227,167.8382,667,166.67,32.2475,74.3407,165
730,535.9317,86285,167.6053,634,166.36,33.0768,73.9317,161
731,539.2346,87356,168.4412,639,167.04,32.9491,74.1681,162
732,534.372,87637,166.1711,651,166.78,32.1603,73.9766,164
733,536.0462,92736,168.1912,633,165.23,31.8548,74.1439,173
734,541.5741,87735,166.9605,630,166.5,32.9708,73.6658,162
735,538,96840,166.0441,634,165.55,32.1657,73.8875,180
736,537.1976,89712,163.6765,653,167.22,32.0298,73.9588,167
737,535.0994,86151,168.3676,647,164.92,32.7256,74.0555,161
738,536.1429,86319,167.1974,636,166.68,32.5516,73.8786,161
739,534.1131,89731,165.1029,631,165.57,32.3636,73.8276,168
740,534.0061,87043,165.8971,632,165.57,33.1152,73.4276,163
741,530.6807,88093,163.8824,636,164.69,33.4702,73.5654,166
742,538.0427,88239,167.8676,663,166.45,33.3932,73.9773,164
743,536.0497,86304,169.3382,629,167.01,33.0433,74.0565,161
744,542.1718,88374,167.25,647,165.62,32.4076,74.159,163
745,544.6049,88226,166,613,167.66,33.152,73.956,162
746,543.6211,87523,165.4853,628,167.04,32.8037,74.1174,161
747,542.9753,87962,166.9342,648,166.37,32.4234,73.7479,162
748,543.8951,88111,165.8676,676,165.85,32.7874,73.7547,162
749,549.1902,89518,167.6029,670,169.47,32.9023,73.6421,163
750,543.4821,91305,166.9118,654,167.25,32.5991,73.629,168
751,549.5741,89031,166.2353,657,164.88,32.3803,74.0481,162
752,548.1111,88794,166.25,663,166.37,32.599,74.2925,162
753,545.0864,88304,167.6053,690,167.19,32.7276,74.0609,162
754,540.087,86954,166.6974,665,163.14,32.7904,74.2509,161
755,540.5309,87566,167.2368,631,164.96,33.0066,73.9123,162
756,536.1925,86327,168.1324,670,165.87,32.7837,74.2254,161
757,535.1925,86166,166.1447,624,166.22,32.9789,73.3751,161
758,533.6221,91783,166.0147,624,166.1,32.1912,73.1108,172
759,535.6037,87839,164.2794,635,165.85,32.7862,73.8703,164
760,532.4877,86263,166.1618,647,164.37,32.8767,73.7935,162
761,526.2346,85250,168.4559,622,167.03,33.0758,73.5405,162
762,522.8727,86274,164.2059,622,164.86,33.3444,73.1239,165
763,527.4788,87034,165.3529,638,166.9,32.2688,73.8427,165
764,530.4286,85399,165.3824,617,168.39,33.1242,73.994,161
765,529.8963,86903,167.6765,642,167.76,33.0905,73.0071,164
766,535.358,86728,164.9853,625,164.43,32.4693,73.5485,162
767,527.8415,86566,166.5882,628,165.99,33.1244,73.2747,164
768,530.3272,85913,168.1765,635,167.58,32.7875,74.0932,162
769,529.9198,85847,166.2237,643,167.69,33.6307,73.2577,162
770,533.3457,86402,164.9559,645,166.11,32.5033,73.5998,162
771,522.5342,84128,166.9412,612,166.66,33.1546,73.1157,161
772,529.8284,89541,164.2794,645,165.9,32.5639,73.1076,169
773,526.2988,86313,164.4706,623,165.78,33.6888,72.9536,164
774,527.9387,86054,166.3,611,166.14,33.2932,73.0203,163
775,532.3851,85714,167.1029,673,168.62,33.0614,72.9926,161
776,530.8696,85470,164.6167,618,166.24,33.0174,73.539,161
777,532.0864,86198,166.3529,632,166.99,33.3199,73.513,162
778,531.3272,86075,165.9559,631,166.01,33.0973,72.8896,162
779,523.3681,85309,166.2667,638,166.16,33.1498,73.3045,163
780,528.0062,85009,166.7794,616,166.85,32.8507,73.4688,161
781,523.1304,84224,167.2941,644,167.47,32.8565,73.3775,161
782,528.6049,85634,167.7059,664,166.41,33.574,72.8857,162
783,526.1491,84710,164.9167,627,168.04,32.9251,73.1375,161
784,523.9689,84359,167.1324,624,164.97,33.5935,73.5073,161
785,523.8333,84861,164.8824,620,163.4,33.4566,73.754,162
786,527.0613,85911,164.25,626,167.22,33.1904,73.1888,163
787,529.0736,86239,165.2353,650,166.66,32.8451,73.58,163
788,525.4795,89857,168.4853,627,166.75,33.3098,73.1331,171
789,527.5542,87574,169.1912,638,166.59,32.974,73.3517,166
790,526.4485,86864,165.4853,623,166.08,33.439,73.0398,165
791,526.4012,85277,165.9706,618,165.71,33.2042,73.6954,162
792,530.0368,86396,164.5735,637,165.11,33.5398,73.2251,163
793,523.0683,84214,163.3088,613,163.64,33.1274,73.3174,161
794,525.5595,88294,164.7059,608,165.22,33.1395,73.0523,168
795,529.6626,86335,165.8971,638,164.55,33.0256,73.3172,163
796,528.5928,88275,165.0147,633,163.87,33.0347,73.0862,167
797,530.1617,88537,167.2206,618,164.58,33.0278,72.9604,167
798,526.5123,85295,164.9833,616,165.05,33.1814,73.3505,162
799,526.3232,86317,163.8676,617,165.43,33.021,73.707,164
800,524.6196,85513,166.9118,611,165.1,32.9868,73.4942,163
801,526.372,86325,167.9412,652,164.9,33.1344,73.0913,164
802,525.2988,86149,166.5441,623,164.79,33.212,73.7058,164
803,527.6566,87591,164.2941,612,166.19,33.4146,73.2146,166
804,525.882,84667,167,617,166.01,33.0822,73.5581,161
805,526.7152,86908,165.6471,626,166.79,32.8711,73.7735,165
806,527.6087,84945,163.7794,635,166.64,32.7036,73.0183,161
807,527.821,85507,166.6618,615,164.85,33.8729,72.7617,162
808,524.4702,88111,165.9,612,166.86,32.6236,73.3422,168
809,530.087,85344,166.0588,630,166.12,33.0111,73.037,161
810,532.7882,90574,163.8235,616,167.48,32.4157,73.43,170
811,527.2727,87000,169.1324,628,165.03,33.0069,72.5435,165
812,530.1235,85880,166.1,611,165.85,33.036,73.0207,162
813,527.7669,86026,168.3971,627,166.33,32.9538,73.0722,163
814,529.679,85808,166.7647,617,166.42,32.0792,73.2698,162
815,525.0854,86114,164.3824,625,167.2,32.5422,73.7754,164
816,522.7791,85213,168.4412,628,166.93,32.6401,73.8893,163
817,527.1585,86454,163.6029,655,164.58,33.1243,73.6228,164
818,526.1118,84704,165.3676,628,164.21,33.3478,72.8638,161
819,524.2048,87018,165.8333,638,165.32,32.9962,73.4842,166
820,522.7758,86258,165.9559,620,164.69,32.8899,72.7351,165
821,524.6606,86569,166.25,619,165.29,33.2293,72.7859,165
822,526.9006,84831,166.1833,624,165.94,33.3291,73.3663,161
823,528.5802,85630,167.2647,611,165.65,32.9051,73.6082,162
824,526.454,85812,165.0147,623,165.66,32.8644,72.6623,163
825,527.3602,84905,165.55,625,163.44,32.8398,73.3225,161
826,530,85330,167.3676,634,165.77,33.1929,73.8525,161
827,526.2222,85248,165.6324,642,167.1,32.459,73.6671,162
828,530.128,86941,165.9559,654,168.09,33.1123,73.626,164
829,530.4444,85932,166.1618,636,164.57,32.8487,72.6972,162
830,535.378,87802,167.1667,659,166.2,33.0517,73.7748,164
831,528.0359,88182,163.6471,615,164.6,33.0729,73.407,167
832,534.1173,86527,164.6765,628,166.34,33.1916,73.3359,162
833,531.9938,86183,164.8971,616,165.16,32.5857,73.347,162
834,532.0309,86189,164.1176,661,164.02,32.5987,73.5376,162
835,533.5741,86439,163.6471,653,165.69,32.8372,73.5293,162
836,539.092,87872,164.7794,637,165.02,32.9194,74.2279,163
837,538.2883,87741,166.7368,622,163.91,32.8378,74.1874,163
838,532.7362,86836,166.5658,629,166.9,32.84,73.4135,163
839,534.0185,86511,166.8676,631,167.5,32.8795,73.5957,162
840,539.3292,86832,165.2059,625,164.37,32.7016,73.2035,161
841,533.2222,86382,165.5147,603,167,33.2143,73.0275,162
842,531.8519,86160,167.5,634,168.47,33.127,73.6398,162
843,535.122,87760,167.7647,649,165.7,32.8921,73.5439,164
844,534.6522,86079,166.6765,642,165.08,32.7466,73.6808,161
845,532.6708,85760,167.9559,660,166.9,32.794,73.808,161
846,530.5741,85953,164.3971,608,165.65,32.7954,73.0415,162
847,532.2262,89414,163.0147,641,162.77,33.1403,73.3891,168
848,525.7019,84638,165.5294,610,164.6,32.8679,73.8206,161
849,534.6748,87152,165.75,635,165.73,33.0827,73.266,163
850,531.773,86679,165.25,618,164.75,32.9277,73.7781,163
851,534.9565,86128,164.7059,644,164.07,33.104,73.6621,161
852,537.5652,86548,163.7059,628,166.08,32.8698,73.1577,161
853,529.2335,88382,166.3088,628,165.6,32.8051,73.4545,167
854,536.7143,86411,166.7647,625,166.44,33.0059,73.1705,161
855,529.1257,88364,166.0294,624,165.35,32.7125,73.3722,167
856,525.7222,85167,165.3971,618,166.95,33.289,73.5906,162
857,529.7826,85295,167.8824,658,167,32.9498,73.1293,161
858,532.8344,86852,166.4706,616,168.68,32.7816,73.3589,163
859,529.5528,85258,165.7353,624,167.2,32.8948,72.8176,161
860,530.5123,85943,167.5833,639,165.35,32.3139,73.5442,162
861,530.122,86940,165.9118,651,165.9,32.8456,74.024,164
862,528.5854,86688,165.9868,612,165.88,32.9424,73.0474,164
863,530.9068,85476,164.3529,629,166.25,32.8868,73.2099,161
864,533.6832,85923,165.9559,613,165.53,32.9475,73.3243,161
865,530.2711,88025,166.2794,652,165.8,32.5953,73.8639,166
866,536.5652,86387,166.0441,631,167.27,32.5235,73.7925,161
867,529.5663,87908,165.5147,619,165.15,33.0454,73.9774,166
868,529.0798,86240,164.6324,607,166.21,33.0824,73.4237,163
869,530.9753,86018,164.8971,605,164.42,33.4138,73.6811,162
870,526.0364,86796,165.3088,662,163.97,32.6678,73.4067,165
871,533.6273,85914,165.2647,652,166.96,33.0678,73.6237,161
872,530.811,87053,165.2941,644,165.36,32.4621,73.3544,164
873,531.7866,87213,163.5882,618,165.91,32.702,73.4253,164
874,531.5244,87170,166.6324,639,167.12,32.9934,73.4091,164
875,528.2593,85578,163.0294,631,164.87,32.1072,73.8033,162
876,529.8137,85300,164.25,633,164.6,32.8353,73.8491,161
877,526.1863,84716,164.9706,617,163.16,32.3609,73.7027,161
878,526.6667,86900,165,652,165.07,32.7433,73.2785,165
879,519.7607,84721,166.9706,605,166.98,33.5824,73.2054,163
880,521.6994,85037,164.9118,615,164.09,32.4297,73.3997,163
881,518.0485,85478,167.2941,633,165.39,33.0545,73.3855,165
882,520.4099,83786,164.7647,623,166.87,33.1249,72.9919,161
883,519.3374,84652,163.2,611,165.4,31.8072,73.2945,163
884,517.528,83322,165.8676,616,165.08,33.3893,72.9822,161
885,517.4136,83821,165.75,615,167.54,32.9145,72.9813,162
886,516.4036,85723,162.5333,582,163.22,33.0435,73.4152,166
887,512.7423,83577,165.0735,593,164.48,33.0348,73.6652,163
888,513.2037,83139,163.7647,594,167.02,32.669,73.1913,162
889,514.4939,84377,167.0441,572,166.38,32.7776,73.0919,164
890,510.7485,87338,164.2941,637,166.42,32.172,72.7391,171
891,511.5521,83383,163.6,599,163.15,33.0121,73.3365,163
892,516.4161,83143,167.1324,614,167.06,33.0139,73.1954,161
893,513.1617,85698,163.75,612,166.85,32.6439,73.5416,167
894,514.9878,84458,166.4118,624,164.52,33.6006,72.8587,164
895,513.9691,83263,166.4167,594,166.1,32.9352,72.5396,162
896,519.3889,84141,163.6833,648,166.63,32.4316,73.4014,162
897,521.0556,84411,167.8382,626,165.96,32.9322,73.016,162
898,520.7152,85918,162.25,635,163.53,33.2542,72.8996,165
899,516.0617,83602,163.7167,598,166.98,33.5201,73.1671,162
900,516.2544,87247,162.9559,611,164.22,32.9561,73.0442,169
901,520.5155,83803,163.0735,648,166.76,33.565,72.6025,161
902,523.8137,84334,165,623,164.77,32.9576,73.2026,161
903,519.8841,85261,167.7206,618,166.22,32.9181,73.304,164
904,519.354,83616,165.0735,618,166.44,32.8122,73.6605,161
905,525.4383,85121,164.0882,617,164.09,33.0032,73.3318,162
906,529.7037,85812,165.5,620,166.81,32.0733,73.5096,162
907,532.3395,86239,163.5588,617,164.48,33.4262,73.7236,162
908,528.0617,85546,165.3529,623,166.58,32.3291,73.3808,162
909,528.0122,86594,166.9559,619,166.34,32.5392,73.2672,164
910,532.2256,87285,168.0735,634,165.83,32.1214,73.7597,164
911,536.5,86913,166.2794,614,163.92,32.4187,73.0756,162
912,539.6646,86886,166.2059,623,166.11,32.3774,73.7418,161
913,540.0435,86947,167.2794,670,166.05,32.0222,73.3697,161
914,534.0915,87591,166.4265,624,166.91,32.3669,73.4816,164
915,542.4233,88415,168.25,621,167.21,32.0151,73.7376,163
916,541.8773,88326,164.6765,659,165.67,32.3456,73.573,163
917,541.1491,87125,164.3529,621,165.88,32.3121,73.8185,161
918,543.7791,88636,167.3088,655,165.89,32.447,73.8432,163
919,541.2484,87141,166.4118,636,163.93,32.5237,73.4127,161
920,541.8272,87776,168.8529,630,166.73,32.6357,73.4119,162
921,544.0788,89773,165.3235,655,166.76,32.3062,73.9671,165
922,545.7866,89509,169.8676,638,166.86,32.5404,73.8223,164
923,542.6481,87909,167.6176,656,166.59,32.4587,73.2687,162
924,548.7888,88355,164.9853,682,166,32.6512,73.5809,161
925,551.0714,92580,167.1765,676,166.08,32.9409,73.7792,168
926,554.2256,90893,164.3382,677,165.74,32.6631,73.52,164
927,554.472,89270,165.5735,638,165.13,32.2756,73.3829,161
928,554.0994,89210,166.1176,658,167.14,32.4205,73.7571,161
929,550.8395,89236,166.2353,664,165.26,32.5851,73.4093,162
930,559.0186,90002,165.5441,653,165.97,32.0419,73.5878,161
931,554.7578,89316,169.0735,650,166.85,32.7442,73.3831,161
932,548.7939,90551,166.0147,654,164.06,32.5499,73.0886,165
933,550.4049,89716,166.0294,655,164.71,32.9019,73.019,163
934,543.2679,91269,167.2647,641,166.92,33.1466,73.2673,168
935,543.6957,87535,165.6471,639,165.42,32.8851,73.5468,161
936,543.9938,87583,166.2794,640,164.87,32.7607,73.3851,161
937,539.6509,91201,166.1029,640,164.76,31.8089,73.3233,169
938,538.8712,87836,166.6029,645,164.24,32.7441,73.5519,163
939,541.7256,88843,167.3971,643,165.78,32.9491,73.7561,164
940,535.1902,87236,165.8529,617,164.11,32.8088,73.4158,163
941,539.7423,87978,164.6765,628,164.25,32.9965,73.8498,163
942,543.559,87513,165.0882,626,165.44,32.5208,73.5583,161
943,535.4601,87280,165.8382,610,165.27,32.6452,73.0692,163
944,543.9068,87569,166.25,664,166.86,32.4195,73.8311,161
945,541.5644,88275,163.2941,670,167.37,33.1536,72.9012,163
946,540.2547,86981,168.15,653,168.74,32.5651,73.6263,161
947,543.9202,88659,165.5735,637,168.24,32.5763,73.7389,163
948,546.0435,87913,166.4853,643,163.47,32.2731,73.7146,161
949,545.1739,87773,167.7206,673,165.89,31.9922,73.4714,161
950,542.8137,87393,164.5588,637,165.56,32.0659,73.0243,161
951,540.4444,87552,166.5735,644,164.35,32.8487,73.8234,162
952,539.4568,87392,165.4265,667,167.46,32.8382,73.3186,162
953,537.0732,88080,167.4118,650,165.07,32.1325,73.6273,164
954,538.7329,86736,167.1765,641,165.19,32.7029,73.2807,161
955,544.7866,89345,166.1471,688,165.64,32.5363,73.5947,164
956,541.128,88745,165.7059,659,165.53,32.3172,73.6381,164
957,541.7346,87761,167.5882,646,163.69,32.069,73.7442,162
958,540.716,87596,165.0588,636,165.87,32.9185,73.3129,162
959,543.8909,89742,166.4412,659,165.52,32.5783,73.7898,165
960,546.2622,89587,165.6912,639,164.53,32.4714,73.6465,164
961,545.3416,87800,166.4265,661,163.75,31.8619,73.9151,161
962,542.9096,90123,165.6765,677,164.84,32.4257,73.5911,166
963,549.4568,89012,165.3235,657,163.89,32.2767,73.6401,162
964,553.216,89621,164.3824,691,165.47,32.1897,73.6321,162
965,552.4815,89502,163.3824,636,163.92,31.8353,73.7573,162
966,554.1585,90882,165.6765,659,166.12,31.8503,73.687,164
967,552.9752,89029,166.7794,638,167.14,32.3123,73.408,161
968,554.358,89806,163.1029,660,164.58,32.0695,74.1887,162
969,555.6111,90009,164.3947,659,163.31,32.0583,73.767,162
970,554.6087,89292,162.7647,670,162.85,31.7371,73.6762,161
971,546.9753,88610,164.3088,622,165.11,31.9862,73.7218,162
972,545.546,88924,163.9853,627,165.78,32.5784,73.5935,163
973,547.8037,89292,166.5735,650,164.12,32.2566,73.698,163
974,543.4534,87496,166.8382,635,167.36,32.2309,73.9219,161
975,543.9565,87577,165.9853,641,164.94,32.1906,73.709,161
976,535.9822,90581,166.1765,610,165.9,32.4481,73.7501,169
977,537.7764,86582,163.4412,628,165.2,32.5682,73.9088,161
978,542.503,89513,164.5588,650,165.58,32.2487,73.9051,165
979,543.4472,87495,165.3529,636,163.21,32.4184,73.8587,161
980,544.6442,88777,169.7941,653,165.58,32.4265,73.5132,163
981,541.1553,87126,163.9412,634,165.22,32.2153,73.6971,161
982,541.4785,88261,165.6912,628,167.17,32.2651,73.4509,163
983,537.8221,87665,162.8824,635,164.19,31.7581,74.7022,163
984,539.8424,89074,166.3421,621,165.99,32.075,73.759,165
985,543.3067,88559,165.5147,641,163.69,32.3842,73.8696,163
986,544.6087,87682,164.1765,642,165.32,32.5102,73.4358,161
987,540.5093,87022,168.2059,618,164.85,31.881,73.4803,161
988,545.0802,88303,165.4706,629,166.69,31.9766,74.1461,162
989,546.6025,88003,165.8289,639,163.64,32.267,73.9526,161
990,547.8221,89295,167.2794,669,165.18,32.1396,73.6114,163
991,543.8834,88653,165.5588,643,165.83,32.5326,73.8213,163
992,543.0552,88518,165.5294,664,165.7,32.1528,74.2506,163
993,546.3742,89059,165.9737,644,165.1,31.8602,74.1937,163
994,547.6727,90366,165.7763,668,164.43,31.7945,73.5524,165
995,545.6135,88935,164.9559,648,166.32,32.3404,73.5881,163
996,544.0241,90308,163.2941,628,165.77,31.8349,73.889,166
997,548.6975,88889,165.3824,656,164.58,32.0136,74.0314,162
998,547.2454,89201,165.7895,634,164.89,32.4058,73.5615,163
999,540.8889,87624,166.4853,615,165.81,32.5351,73.9102,162
1000,539.4845,86857,165.5294,610,169.01,32.1973,73.6062,161
1001,541.2577,88225,163.6471,637,166.59,32.3557,73.2613,163
1002,537.5,87075,166,633,165.48,32.2706,73.7961,162
1003,539.6646,86886,163.5,644,165.86,32.413,73.4458,161
1004,534.1173,86527,165.6618,643,166.82,32.2842,73.6864,162
1005,528.8323,85142,167.3235,608,164.42,32.5203,73.7707,161
1006,530.1296,85881,166.4853,602,165.86,32.6791,73.6421,162
1007,526.1697,86818,166.8971,612,165.08,32.7783,73.5479,165
1008,525.8323,84659,166.6912,633,165.36,32.8617,73.8838,161
1009,523.2331,85287,166.6471,621,167.4,32.6451,73.4651,163
1010,517.4512,84862,164.6324,598,165.99,32.3008,73.2285,164
1011,516.488,85737,164.1912,608,166.19,32.3979,73.923,166
1012,520.2073,85314,166.5882,631,164.09,32.4477,72.9923,164
1013,516.1227,84128,165.0167,593,163.35,32.1409,73.2105,163
1014,519.6084,86255,164.5,624,167.26,32.8797,73.1537,166
1015,515.2733,82959,163.8676,625,164.21,32.3399,73.3926,161
1016,513.5583,83710,165.5294,595,162.98,32.3676,74.0125,163
1017,516.012,86174,165.7105,610,164.94,32.4073,73.5123,167
1018,516.646,83180,164.2647,625,163.72,32.3545,73.2563,161
1019,511.9578,84985,164.6324,613,166.02,32.5626,73.164,166
1020,514.1656,83809,165.9118,593,165.49,32.5692,73.2465,163
1021,515.319,83997,163.7794,604,163.44,32.2104,73.388,163
1022,514.1173,83287,167.4706,592,168.53,32.353,72.8778,162
1023,512.8862,85652,162.0333,600,165.87,32.3761,73.0438,167
1024,512.559,82522,163.4265,666,164.85,32.8113,73.6468,161
1025,515.4848,85055,164.2941,593,164.08,32.1047,73.4925,165
1026,511.6667,84425,164.3971,597,164.96,32.5791,73.5261,165
1027,513.3006,83668,162.4265,591,163.98,32.2773,72.8424,163
1028,512.716,83060,165.75,639,164.76,31.216,73.3969,162
1029,515.5217,82999,165.8971,605,165.54,32.2162,73.5548,161
1030,508.4878,83392,162.6618,585,163.23,32.7725,73.5107,164
1031,517.4224,83305,165.6765,604,164.85,32.4016,73.2958,161
1032,516.2866,84671,163.9118,599,164.02,31.772,73.5754,164
1033,515.963,83586,163.8382,618,164.27,32.2265,72.7906,162
1034,517.2805,84834,165.2833,612,164.51,31.818,73.6448,164
1035,518.5864,84011,164.4706,640,165.54,32.01,73.0663,162
1036,516.8253,85793,165.6912,600,165.68,32.3089,73.956,166
1037,517.7546,84394,165,636,165.8,31.9437,73.7017,163
1038,516.7222,83709,165.6912,604,164.16,31.7678,73.4492,162
1039,517.4601,84346,164.9559,595,164.8,32.1577,73.1915,163
1040,513.7607,83743,161.75,593,165.22,31.7859,73.083,163
1041,516.5576,85232,164.3235,587,164.91,32.2702,74.0603,165
1042,513.9822,86863,165.3421,624,164.36,30.9779,73.4334,169
1043,517.0186,83240,165.7647,622,164.49,32.0967,73.2949,161
1044,529.2781,89448,167.6324,654,163.88,31.8379,74.0009,169
1045,527.4224,84915,166.9342,622,164.11,31.3163,73.6749,161
1046,529.2484,85209,166.1324,642,163.69,31.8168,73.0958,161
1047,525.488,87231,166.0147,608,165.17,31.7964,73.6608,166
1048,526.2901,85259,164.3382,633,165.6,32.0482,72.908,162
1049,526.2927,86312,167.05,614,163.24,31.6189,72.9238,164
1050,523.6957,84315,165.5,600,164.52,31.166,73.1492,161
1051,524.3395,84943,165.5588,611,164.16,31.6227,73.1048,162
1052,517.9565,83391,163.8529,608,165.03,31.7979,73.329,161
1053,521.0683,83892,166.0735,632,166.2,31.8257,73.4398,161
1054,518.4634,85028,167.1471,605,163.99,31.9474,73.3445,164
1055,520.2222,84276,165.6324,641,163.44,32.1166,73.5768,162
1056,522.3642,84623,163.3235,596,164.33,31.2988,73.6817,162
1057,524.6025,84461,163.2941,613,165.83,31.7229,73.7035,161
1058,525.9136,85198,163.8235,608,162.57,31.3767,73.9364,162
1059,524.118,84383,167.4118,599,163.83,31.5607,74.2499,161
1060,527.2222,85410,166.6053,711,164.58,31.3085,73.543,162
1061,527.118,84866,166.1029,605,162.48,31.9206,73.6685,161
1062,529.1747,87843,165.1324,622,163.41,31.3765,74.33,166
1063,528.4691,85612,166.0132,612,165.99,31.6626,73.5225,162
1064,533.9755,87038,163.9265,633,164.44,31.4344,74.0324,163
1065,534.9627,86129,163.6447,617,164.6,31.3966,73.7821,161
1066,534.7019,86087,165.1029,643,165.63,31.7897,74.1052,161
1067,542.4634,88964,164.0132,680,165.97,31.1581,74.1244,164
1068,541.8951,87787,166.9079,620,162.42,31.3657,74.1259,162
1069,546.1472,89022,164.8289,649,165.06,31.1028,74.2887,163
1070,548.1667,88803,164.7763,668,164.73,31.8484,73.6097,162
1071,553.6025,89130,166.1324,635,164.96,31.3712,73.9935,161
1072,551.6605,89369,165.6912,653,164.31,31.5114,74.1928,162
1073,551.25,90405,165.4737,662,163.65,31.2013,73.9387,164
1074,549.4907,88468,166.3529,645,164.25,31.5761,73.1947,161
1075,545.2112,87779,160.3529,712,164.13,31.2185,73.9855,161
1076,549.142,88961,165.9118,648,165.97,31.7629,74.1591,162
1077,543.2037,87999,164.1053,638,163.37,31.5035,74.0661,162
1078,545.7439,89502,164.7368,661,165.63,31.6343,74.2935,164
1079,546.1358,88474,164.5789,672,164.18,31.5132,73.5547,162
1080,543.8405,88646,163.2059,625,164.52,31.5552,73.3949,163
1081,544.3171,89268,165.2794,667,163.39,31.3249,73.7993,164
1082,546.5366,89632,163.7941,660,163.63,31.5486,73.9814,164
1083,547.7963,88743,164.8676,668,165.52,31.1363,73.6778,162
1084,551.1829,90394,166.4853,643,166.86,30.9843,73.9967,164
1085,550.463,89175,163.1029,661,163.68,31.4259,73.7487,162
1086,551.7333,91036,163.3235,665,164.05,31.2204,73.9124,165
1087,552.6402,90633,163.4559,674,164,30.9864,73.9266,164
1088,558.2236,89874,167.6324,636,164.35,31.2071,73.5485,161
1089,559.4037,90064,166.9265,682,164.77,31.6909,73.3176,161
1090,555.2778,89955,165.5147,694,163.79,31.5342,73.8106,162
1091,557.0497,89685,165.2941,645,163.48,31.7521,73.7279,161
1092,556.3975,89580,165.6324,656,163.56,31.1408,74.0982,161
1093,550.1481,89124,164.8684,667,162.69,31.71,74.3309,162
1094,551.7073,90480,166.0658,661,163.49,31.3586,73.8405,164
1095,546.323,87958,164.0735,652,165.08,31.7405,73.8455,161
1096,543.7702,87547,163.8529,644,164,31.4948,73.7312,161
1097,545.2679,91605,165.7206,637,166.09,31.708,73.7221,168
1098,541.814,93192,166.2647,638,166.91,31.9031,73.9435,172
1099,546.8466,89136,165.7206,628,164.97,31.6838,73.5613,163
1100,549.9938,89099,165.8824,651,164.41,31.2422,73.7573,162
1101,550.1056,88567,166.1912,635,164.83,31.1235,73.8375,161
1102,546.681,89109,165.3676,614,164.32,31.4252,73.5806,163
1103,549.303,90635,165.3235,651,164.3,31.1194,73.6048,165
1104,551.135,89835,165.2206,648,165.2,31.2507,73.8036,163
1105,548.8704,88917,165.2353,634,166.09,31.7061,73.775,162
1106,549.0245,89491,164.5588,658,164.23,31.5912,73.4065,163
1107,545.2321,91599,163.6471,647,163.67,31.3375,74.0243,168
1108,548.1779,89353,167.0395,648,162.91,31.7816,73.8807,163
1109,548.7901,88904,164,642,164.34,31.3836,73.7722,162
1110,549.3742,89548,168.4412,655,165.14,31.7882,73.5641,163
1111,555.0807,89368,166.4706,671,164.95,31.4395,73.7955,161
1112,555.1779,90494,164.5,665,163.98,31.3869,73.8297,163
1113,555.2256,91057,165.0588,657,164.51,31.2726,73.6037,164
1114,556.0675,90639,163.6618,650,164.02,31.6347,73.9323,163
1115,553.4877,89665,165.9706,634,162.38,31.379,74.0037,162
1116,556.3665,89575,166.6316,678,163.02,31.6525,73.7884,161
1117,558.1358,90418,166.1765,688,165.6,31.5943,73.6305,162
1118,562.4294,91676,166.8824,670,165.42,31.9246,73.398,163
1119,558.2857,89884,167.1176,674,163.69,31.8479,73.6063,161
1120,557.8137,89808,164.7794,658,163.87,31.6361,73.9313,161
1121,555.8773,90608,165.8382,654,165.62,31.799,73.7221,163
1122,556.8049,91316,164.2059,652,161.74,31.4405,73.9635,164
1123,557.9329,91501,165.1765,624,166.61,31.8831,73.4357,164
1124,562.7516,90603,164.2794,675,165.13,31.5237,73.6358,161
1125,566.8024,94656,166.0735,668,165.23,31.9874,73.5522,167
1126,566.716,91808,167.6176,671,165.07,31.4464,73.5701,162
1127,560.4472,90232,165.8824,654,165.68,31.8536,73.423,161
1128,564.2025,91965,164.8382,671,162.3,31.7553,73.8501,163
1129,566.4259,91761,163.5441,699,165.67,31.492,73.8689,162
1130,566.865,92399,165.5294,680,164.95,31.746,74.448,163
1131,564.9817,92657,164.8947,688,163.99,31.3209,73.4348,164
1132,566.7037,91806,165.1324,672,166.05,31.5512,73.3281,162
1133,561.4506,90955,167.2647,677,164.1,31.5648,73.3965,162
1134,558.9193,89986,164.6324,656,164.23,31.4092,73.7035,161
1135,563.3373,93514,164.5441,674,166.12,31.9267,73.8946,166
1136,563.5404,90730,165.5441,676,164.62,31.6393,73.5413,161
1137,566.4207,92893,165.0147,659,164.54,31.6832,73.5099,164
1138,560.1667,90747,165.2059,653,166.14,31.9069,73.9644,162
1139,558.7963,90525,165.3676,666,165.45,32.0166,73.4527,162
1140,555.9317,89505,165.8088,670,163.49,31.4995,73.7578,161
1141,557.2593,90276,164.2206,678,163.55,31.613,73.4993,162
1142,547.1481,88638,162.6765,654,165.17,32.2566,73.93,162
1143,552.0859,89990,164.75,656,165.16,31.7358,73.8529,163
1144,546.7914,89127,166.4853,633,164.72,32.0828,72.9253,163
1145,543.9444,88119,167.65,643,165.61,31.6935,73.2415,162
1146,544.8137,87715,164.9265,666,165.47,31.4108,73.7329,161
1147,540.8364,89238,164.9706,647,165.04,32.391,73.3779,165
1148,545.3827,88352,165.2059,636,163.49,32.0081,73.4598,162
1149,545.2484,87785,166.0735,649,163.27,31.8323,73.307,161
1150,548.881,92212,164.4559,651,165.42,31.6185,73.5502,168
1151,548.7485,91641,164.3529,674,163.88,31.6291,74.1691,167
1152,552.9006,89017,164.0921,649,165.3,31.994,73.371,161
1153,553.0435,89040,165.5882,670,164.38,31.2623,73.3025,161
1154,555.1677,89382,167.7353,661,163.09,32.0827,73.6469,161
1155,552.1472,90000,161.8235,648,163.22,31.2494,73.719,163
1156,555.3913,89418,164.2941,689,165.7,31.6964,74.0415,161
1157,554.821,89881,164.4605,638,163.65,31.6267,73.6872,162
1158,549.3232,90089,165.2206,665,164.78,31.8107,73.8058,164
1159,552.1852,89454,165.9559,647,165.01,31.871,72.9067,162
1160,552.677,88981,163.7833,653,164.28,31.5359,73.893,161
1161,555.5,93324,167.1176,681,167.13,31.7284,73.3611,168
1162,549.2857,88435,166.1471,638,166.64,31.7083,73.558,161
1163,555.0364,91581,165.2647,637,163.09,31.145,73.4795,165
1164,557.3889,90297,164.6618,659,163.46,31.5117,73.4481,162
1165,548.9383,88928,164.6618,656,163.38,31.2806,74.3099,162
1166,550.5988,89197,166.0395,652,164.05,32.1075,73.4661,162
1167,550.0556,89109,162.4118,672,165.23,31.5836,73.2709,162
1168,549.0741,88950,165.9118,646,164.27,31.87,73.386,162
1169,546.3313,89052,164.5,650,163.37,32.1149,73.6118,163
1170,540.3642,87539,166.3824,633,163.83,31.842,73.2316,162
1171,539.3086,87368,161.2353,619,164.74,32.039,73.2168,162
1172,542.8037,88477,164.9118,644,163.73,31.418,73.659,163
1173,539.6646,86886,163.7353,629,165.04,31.7725,73.321,161
1174,537.25,88109,163.8088,625,164.07,31.9187,73.2349,164
1175,536.1728,86860,163.6029,632,163.12,31.5491,72.8811,162
1176,540.6135,88120,165.2333,648,165.99,31.9597,73.3458,163
1177,537.2035,92399,164.3529,661,164.13,31.6843,73.8211,172
1178,542.2174,87297,162.75,637,166.73,31.6273,73.2038,161
1179,540.2593,87522,165.2647,622,164.94,32.0471,73.2948,162
1180,538.784,87283,164.9412,680,165.01,32.3319,73.1262,162
1181,543.2547,87464,164.8088,641,163.66,31.8126,73.4834,161
1182,541.1677,87128,160.2941,645,165.09,31.8362,73.5423,161
1183,539.5802,87412,163.5735,627,164.73,32.156,74.0031,162
1184,544.8395,88264,162.8816,635,163.34,31.7115,73.7193,162
1185,546.679,88562,164.75,634,163.59,31.9212,73.2926,162
1186,545.2671,87788,163.3824,634,165.24,31.3149,73.9339,161
1187,550.4233,89719,162.7941,640,166.92,32.1431,73.471,163
1188,562.1304,90503,164.6029,669,165.27,31.396,73.6115,161
1189,564.7716,91493,162.7794,672,164.21,31.3663,73.8649,162
1190,563.7143,90758,166.4706,682,163.68,31.3107,73.4896,161
1191,563.6646,90750,164.2206,659,164.98,31.5179,73.3145,161
1192,560.7669,91405,164.4853,681,164.79,31.6353,73.5123,163
1193,559.1636,92262,162.5882,653,162.7,31.6062,73.3045,165
1194,559.4545,92310,164.3235,680,166.43,31.5506,74.1302,165
1195,557.0497,89685,162.3421,666,162.24,31.6458,73.498,161
1196,556.622,91286,160.25,690,163.87,31.7727,73.9441,164
1197,556.5583,90719,168.2353,643,164.53,31.6973,73.9183,163
1198,555.6605,90017,163.8676,641,163.29,31.0412,73.681,162
1199,553.0248,89037,163.2059,638,163.46,31.5176,73.7074,161
1200,553.8634,89172,162.1029,657,165.36,31.8495,73.9474,161
1201,553.5521,90229,164,645,163.65,31.8235,73.7904,163
1202,553.8634,89172,164.8676,659,162.9,31.5309,73.5386,161
1203,557.8765,90376,162.6176,629,164.35,32.0772,73.4818,162
1204,555.0807,89368,166.2206,645,164.56,31.2308,73.7635,161
1205,559.9627,90154,164.1765,655,163.91,31.1215,73.9815,161
1206,561.1585,92030,165.2353,685,161.93,31.2512,73.2764,164
1207,557.8944,89821,163.9118,652,163.48,31.8502,73.7298,161
1208,557.1049,90251,165.8971,646,163.96,31.1403,74.2049,162
1209,562.6667,91152,165.2368,660,164.37,31.1478,73.6107,162
1210,559.4969,90079,162.8824,651,163.42,31.8305,74.0422,161
1211,562.784,91171,165.4474,656,163.34,31.4161,74.0564,162
1212,562.1018,93871,163.3684,687,162.12,31.5308,74.0292,167
1213,562.3354,90536,166.0658,630,166.2,31.2623,73.552,161
1214,560.472,90236,164.7059,669,164.52,31.8118,73.1301,161
1215,564.2609,90846,162.8676,726,163.13,31.1342,73.7517,161
1216,560.1829,91870,164.6471,652,166.01,30.86,73.792,164
1217,555.3602,89413,164.5882,640,162.45,31.4485,73.4618,161
1218,550.1098,90218,165.0735,638,165.49,31.3942,73.4868,164
1219,553.0994,89049,162.25,637,163.29,31.3013,73.6238,161
1220,548.4663,89400,164.7059,655,165.03,31.5677,73.202,163
1221,555.0745,89367,166.0882,632,165.43,31.5419,73.3935,161
1222,557.1697,91933,164.25,669,162.75,30.836,73.8885,165
1223,553.8385,89168,164.7059,636,163.88,31.3246,73.5778,161
1224,553.9379,89184,165.3088,640,162.93,31.1947,73.6584,161
1225,553.8758,89174,164.6912,642,164.32,31.9377,73.7829,161
1226,550.6667,90860,166.4412,666,165.34,31.1474,74.0732,165
1227,552.9632,90133,167.25,663,165.75,31.4617,73.2104,163
1228,547.2222,88650,164.1912,645,163.97,30.8124,73.4366,162
1229,548.0182,90423,166,661,165.43,31.7434,74.1281,165
1230,550.628,90303,164.0526,643,163.43,31.3064,74.0962,164
1231,555.4534,89428,168.8684,655,162.53,31.6879,73.0779,161
1232,554.6121,91511,164.7206,630,166.82,31.5944,73.5312,165
1233,552.2012,90561,162.2647,645,162.71,31.1101,74.0416,164
1234,556.5629,92946,165.25,674,165.04,31.2001,73.5204,167
1235,550.9753,89258,164.8088,655,163.29,31.1825,72.8886,162
1236,547.6994,89275,162.4333,639,162.26,31.8235,73.4596,163
1237,548.142,88799,164.9559,632,164.1,31.323,73.3341,162
1238,544.4472,87656,164.8088,647,163.44,31.6411,73.7873,161
1239,541.3765,87703,163.3382,619,162.74,31.6668,73.8496,162
1240,542.0671,88899,161.1912,644,164.98,31.2173,72.8454,164
1241,546.9632,89155,166.2833,668,164.88,31.7721,72.979,163
1242,543.764,87546,160.7,651,164.43,31.5823,73.5315,161
1243,536.7391,86415,162.8088,632,163.64,30.7933,73.3771,161
1244,542.1718,88374,163.9706,641,164.2,31.7295,73.5276,163
1245,541.5828,88278,165.8235,657,164.96,31.3609,73.1829,163
1246,544.9141,88821,163.1618,645,162.43,31.5394,73.4302,163
1247,545.2143,91596,163.5147,661,163.82,31.3659,73.4183,168
1248,545.7391,87864,163.8824,641,165.31,31.1395,73.3586,161
1249,547.2037,88647,165.8676,645,164.6,31.7357,72.9723,162
1250,550.9074,89247,164.25,657,163.9,31.3282,73.9398,162
1251,553.5337,90226,164.3529,639,163.83,31.68,73.7531,163
1252,554.5679,89840,163.3235,689,164.59,31.4044,73.1046,162
1253,557.2609,89719,165.7059,640,166.06,31.6958,73.2689,161
1254,555.1801,89384,164.8382,639,163.56,31.4867,74.0033,161
1255,549.4472,88461,164.3158,630,162.95,31.4637,74.2301,161
1256,549.0373,88395,167.0526,646,163.05,31.4398,73.4114,161
1257,548.7963,88905,164.4853,653,164.51,31.2722,73.162,162
1258,544.3272,88181,165.5441,625,164.03,31.7189,73.4279,162
1259,548.8199,88360,163.4412,638,164.84,31.3993,73.091,161
1260,545.3913,87808,162.75,630,163.2,31.3073,73.3092,161
1261,546.3827,88514,166.2206,662,164.74,31.9878,73.2822,162
1262,542.7195,89006,161.2059,624,165.59,31.3372,73.1166,164
1263,542.0683,87273,164.5441,629,164.9,31.7213,72.9515,161
1264,538.9518,89466,163.5333,615,164.38,31.3957,73.626,166
1265,536.4371,89585,165.8235,615,163.72,31.335,73.376,167
1266,533.8634,85952,165.8235,638,165.02,32.0217,72.8512,161
1267,531.3827,86084,161.7,597,166.29,31.1644,73.3738,162
1268,528.5093,85090,162.8382,607,164.13,31.6466,73.3865,161
1269,529.5963,85265,163.0441,631,162.72,31.8652,72.8263,161
1270,525.9565,84679,161.9833,673,163.29,31.7131,73.0695,161
1271,526.7037,85326,163.4706,624,164.87,31.4108,72.563,162
1272,527.5776,84940,164.85,622,162.79,31.5731,72.9717,161
1273,522.2242,86167,164.4333,609,163.18,31.569,72.4796,165
1274,520.982,87004,163.3,604,161.55,31.6907,72.8098,167
1275,519.9689,83715,163.7167,612,164.78,31.6495,72.9881,161
1276,520.1871,88952,162.7167,639,164.64,32.2665,72.5945,171
1277,519.6933,84710,164.5667,587,164.68,31.5629,72.7866,163
1278,514.8757,91133,161.1333,607,161.65,32.1219,72.6006,177
1279,519.6667,84186,161.15,604,165.38,31.8179,73.3404,162
1280,525.1605,85076,164.8676,629,162.88,31.7468,72.7787,162
1281,517.3916,85887,164.15,619,162.95,31.9051,72.6151,166
1282,514.1964,86385,163.2667,586,162.91,31.8483,73.3686,168
1283,513.9074,83253,162.5882,601,164.6,31.593,72.4769,162
1284,516.0429,84115,163.8167,586,163.6,31.8717,72.6918,163
1285,518.1677,83425,164.3833,606,164.19,31.6518,73.0212,161
1286,514.1768,84325,163.3235,598,164.81,31.8524,72.9298,164
1287,508.638,82908,163,596,162.08,31.7817,72.8411,163
1288,510.7205,82226,162.95,609,164.39,31.9587,72.6294,161
1289,508.0788,83833,163.95,585,163.38,31.386,72.3108,165
1290,511.0494,82790,165.75,598,163.34,32.0097,72.793,162
1291,510.2733,82154,161.3333,590,164.02,31.5904,72.9888,161
1292,510.5,83722,162.3833,606,163.41,31.7206,73.0779,164
1293,508.6074,82903,165.1471,613,163.2,32.1296,72.6764,163
1294,505.2699,82359,164.1667,611,164.48,31.8003,72.7628,163
1295,509.994,84659,164.6667,580,163.98,32.0229,72.9803,166
1296,509.882,82091,162.4333,580,164.34,31.5909,72.506,161
1297,511.759,84952,160.5167,599,162.83,31.9259,73.3104,166
1298,513.9815,83265,166.1912,601,164.22,31.6583,72.6323,162
1299,510.236,82148,161.75,606,163.76,31.7744,73.0345,161
1300,515.9758,85136,161.3088,604,163.12,31.4047,72.4103,165
1301,514.3354,82808,163.8167,587,163.77,31.5509,72.8806,161
1302,517.3394,85361,164.65,586,164.04,31.3789,72.9269,165
1303,520.2874,86888,163.5333,614,164.57,31.7173,72.5285,167
1304,523.5549,85863,163.3667,629,162.19,31.1689,72.709,164
1305,527.6025,84944,162.9333,604,161.78,31.7336,73.4426,161
1306,525.8137,84656,164.8382,604,164.53,31.6387,73.3923,161
1307,530.9627,85485,164.9559,639,164.48,31.4073,72.8949,161
1308,525.7914,85704,163.1167,643,164.61,31.3542,72.8141,163
1309,528.2981,85056,164.0667,614,164.12,31.1083,73.0882,161
1310,531.2733,85535,163.6324,619,164.11,31.6305,73.274,161
1311,533.1534,86904,163.6029,626,163.42,31.1745,73.4486,163
1312,535.2174,86170,163.7059,654,163.52,31.4895,73.4513,161
1313,536.3614,89036,163.3824,624,163.26,31.6326,73.4808,166
1314,536.697,88555,164.2941,630,162.46,31.2254,72.8595,165
1315,540.7378,88681,161.35,641,163.92,31.1314,73.421,164
1316,542.0062,87805,164.1176,639,162.61,30.9805,73.0769,162
1317,540.362,88079,162.5735,623,164.02,31.3091,73.0772,163
1318,545.0994,87761,161.4265,643,164.37,31.455,73.3995,161
1319,541.4596,87175,163.7647,621,163.99,31.6014,73.2774,161
1320,547.9268,89860,162.5441,657,161.52,30.9162,73.3406,164
1321,545.1543,88315,163.25,617,163.24,30.9204,72.6307,162
1322,541.0679,87653,162.1,639,163.62,30.8909,72.9964,162
1323,545.3478,87801,162.85,627,163.12,31.1969,73.2661,161
1324,540.7892,89771,165.4118,625,161.99,31.0212,73.138,166
1325,537.0296,90758,164.1618,639,163.96,31.176,72.5041,169
1326,532.8802,88991,164.2167,634,162.85,31.4133,74.1603,167
1327,535.8841,87885,162.6316,632,162.45,31.6719,73.1663,164
1328,538.0248,86622,161.2647,610,164.08,31.1586,73.3251,161
1329,532.4049,86782,163.6471,611,162.59,30.5203,73.8848,163
1330,536.0599,89522,161.4853,633,163.45,31.1768,73.2115,167
1331,540.0061,89101,162.1618,678,163.19,31.7252,72.8037,165
1332,544.5,88209,163.7167,647,164.22,31.0596,73.0455,162
1333,538.3012,89358,162.5294,613,165.33,31.3601,73.0249,166
1334,548.1235,88796,162.5,662,163.45,31.1829,73.2287,162
1335,548.0494,88784,161.1324,642,163.31,31.2954,73.0634,162
1336,546.4037,87971,164.0441,698,163.66,30.9451,72.7609,161
1337,548.5741,88869,167.3833,624,163.05,31.0194,73.0627,162
1338,546.118,87925,167.1912,629,163.52,30.8785,73.0109,161
1339,545.7205,87861,163.1176,634,162.9,30.9091,73.1626,161
1340,547.913,88214,162.8971,638,164.09,30.9842,72.7485,161
1341,544.3765,88189,163.2,630,164.24,30.8616,73.4244,162
1342,549.8909,90732,162.8824,633,163.76,31.5166,73.348,165
1343,547.9503,88220,162.0882,656,163.45,30.9227,73.4558,161
1344,546.6049,88550,162.9853,641,162.6,31.0854,72.8796,162
1345,551.1049,89279,163.3667,648,165.91,30.7208,73.379,162
1346,553.087,89047,163.2353,647,163.88,30.7879,73.0981,161
1347,547.7485,91474,162.6912,644,164.09,30.8263,73.6219,167
1348,549.8323,91822,163.7794,635,162.27,30.7373,73.288,167
1349,550.1914,89131,164.4559,649,164.83,30.8082,73.0903,162
1350,556.5404,89603,163.1765,667,162.03,30.6754,73.5556,161
1351,555.0606,91585,164.6765,663,162.39,31.1415,73.3583,165
1352,549.4485,90659,164.9559,689,164.33,31.1793,73.1693,165
1353,555.5576,91667,163.8088,669,163.5,31.3184,73.2702,165
1354,553.4061,91312,163.8088,630,162.19,30.786,73.3988,165
1355,555.092,90480,164.0441,655,164.26,30.3593,73.1909,163
1356,558.2112,89872,165.8088,639,163.94,30.862,73.4584,161
1357,550.3789,88611,163.5147,652,162.26,30.6778,73.3808,161
1358,548.1585,89898,164,650,161.98,31.2268,73.2668,164
1359,549.7866,90165,165.3235,694,162.46,31.0644,73.0614,164
1360,544.2298,87621,163,672,163.28,30.6926,73.1311,161
1361,547.4852,92525,164.6912,638,164.01,31.1222,73.3421,169
1362,550.5427,90289,163.8971,648,164.38,30.8931,73.3124,164
1363,546.3889,88515,162.0294,651,161.45,30.8484,73.7384,162
1364,549.5309,89024,164.4853,623,164.13,31.2979,73.1403,162
1365,548.7012,89987,160.7647,671,163.14,30.6817,73.6585,164
1366,548.3333,90475,164.0441,638,163.63,31.4766,73.2446,165
1367,555.8199,89487,161.3971,648,161.02,30.9915,73.7769,161
1368,557.1863,89707,165.4118,661,164.8,30.607,73.7957,161
1369,564.2121,93095,166.5588,660,163.7,30.683,73.6637,165
1370,560.9198,90869,164.5147,653,162.58,31.0239,73.6022,162
1371,563.372,92393,163.3824,707,163.81,30.7217,73.9414,164
1372,564.1273,93081,163.1912,665,165.06,30.6468,73.7503,165
1373,565.3333,91584,164.0735,675,160.74,30.5315,73.4163,162
1374,564.2671,90847,165.3235,651,161.96,31.0975,73.1602,161
1375,562.4907,90561,164.9706,655,162.34,30.6984,73.7026,161
1376,562.472,90558,160.7941,698,163.68,30.899,73.4223,161
1377,562.2609,90524,162.0441,676,162.19,30.6551,73.3103,161
1378,562.6522,90587,164.8235,685,163.9,30.8137,73.6373,161
1379,556.3494,92354,162.75,673,163.3,30.8693,73.099,166
1380,553.0309,89591,164.5735,651,163.68,30.6686,73.3948,162
1381,549.8944,88533,162.0882,628,159.45,30.6603,73.7141,161
1382,548.6012,89422,168.0441,654,161.41,30.4922,73.5744,163
1383,545.0122,89382,163.7206,631,163.02,30.9721,73.0364,164
1384,542.9068,87408,162.9853,629,161.32,30.892,73.3413,161
1385,538.2544,90965,165.4265,613,162.82,31.4024,73.5244,169
1386,535.5404,86222,158.7353,643,161.24,31.0413,73.3793,161
1387,533.9697,88105,163.4706,626,161.73,30.9407,72.9437,165
1388,534.5305,87663,163.2333,621,163.08,30.528,73.2185,164
1389,528.7019,85121,163.9265,613,161.67,30.976,72.8721,161
1390,532.0248,85656,161.9667,605,162.58,30.9219,73.2241,161
1391,533.5602,88571,164,590,162.95,30.1534,72.8556,166
1392,536.9627,86451,161.2167,624,162.19,31.0264,72.4664,161
1393,537.092,87546,161.7,626,161.78,31.4246,72.5076,163
1394,540.1677,90208,162.85,619,164.16,30.427,72.8301,167
1395,541.9444,87795,161.9,624,162.32,31.084,72.7468,162
1396,541.2439,88764,164.1667,632,162.63,30.6949,73.2426,164
1397,544.3313,88726,166.5294,641,165.3,30.7316,73.03,163
1398,545.2609,87787,161.5441,642,162.5,30.2622,73.1806,161
1399,547.1515,90280,164.0147,648,161.53,31.3814,73.593,165
1400,550.3006,89699,164.8235,632,162.78,31.1996,73.4245,163
1401,544.4444,88200,162.8529,621,163.71,30.7508,73.2037,162
1402,544.5963,87680,165.7794,627,164.49,30.779,73.4777,161
1403,553.3789,89094,164.8676,641,162.52,30.5676,73.3727,161
1404,548.5679,88868,163.7941,663,162.25,30.8896,73.4273,162
1405,550.3025,89149,162.8676,644,164.41,30.6628,73.3445,162
1406,552.1173,89443,163.5882,639,162.31,31.0645,73.5735,162
1407,550.3091,90801,161.1912,645,161.58,30.1617,73.2948,165
1408,551.179,89291,164.2353,635,162.76,30.4198,73.6555,162
1409,552.5549,90619,164.0588,656,160.23,30.1677,73.5147,164
1410,551.6646,88818,162.8824,680,161.64,30.7852,73.7972,161
1411,551.0988,89278,164.8529,658,163.19,30.243,73.2574,162
1412,553.3827,89648,162.5,649,163.04,30.7119,73.05,162
1413,547.092,89176,164.3235,625,162.19,30.7156,73.1372,163
1414,552.1988,88904,166.25,635,162.45,30.4323,73.4624,161
1415,558.2733,89882,164.8382,670,162.06,30.2825,73.4434,161
1416,552.764,88995,164.2794,656,161.93,30.7024,73.7243,161
1417,551.9255,88860,163.7353,659,162.86,30.7804,73.3954,161
1418,552.559,88962,163.8235,663,162.2,30.59,73.5852,161
1419,550.2112,88584,165.2206,636,164.29,30.4746,73.5974,161
1420,547.4753,88691,163.7353,638,163.8,30.7048,73.5358,162
1421,551.358,89320,161.8382,648,163.72,30.4024,73.0592,162
1422,548.7988,90003,163.4559,646,164.84,31.0256,73.5251,164
1423,542.7882,92274,165.25,640,163.98,31.3183,72.8116,170
1424,545.0366,89386,162.85,618,161.18,30.5702,73.553,164
1425,547.5389,91439,163.1765,638,161.95,30.1129,73.2638,167
1426,547.2959,92493,161.2059,626,162.61,30.2482,72.823,169
1427,548.9341,91672,160.8333,652,162.02,30.8385,73.1246,167
1428,550.5466,88638,163.9853,655,164.14,30.4938,73.2339,161
1429,554.2407,89787,163.1765,698,162.74,30.707,73.0409,162
1430,549.3292,88442,164.5294,624,163.85,30.9828,73.4884,161
1431,555.8957,90611,162.9412,658,163.51,30.4046,73.2349,163
1432,551.227,89850,161.9853,691,162.32,30.6858,73.2682,163
1433,554.441,89265,164.5441,673,162.42,31.0108,73.1638,161
1434,551.1294,93692,161.8971,629,164.25,30.494,72.7948,170
1435,551.8025,89392,162.9667,634,163.39,31.0079,73.3695,162
1436,552.354,88929,160.2794,642,162.25,30.4062,73.5034,161
1437,549.8272,89072,162.6029,649,162.13,30.6502,72.7805,162
1438,550.7099,89215,164.0333,656,161.41,30.5205,73.2594,162
1439,553.1852,89616,162.7941,655,161.14,30.8808,73.6389,162
1440,545.5,89462,163.0294,629,162.72,30.6309,73.3006,164
1441,545.5528,87834,164.2794,663,165.06,30.7764,72.9912,161
1442,541.9509,88338,162.1833,668,163.28,31.0475,73.3222,163
1443,543.0311,87428,161.0882,629,165.08,30.8937,72.9252,161
1444,541.9441,87253,161.3333,645,165.22,30.8501,72.2262,161
1445,535.6196,87306,161.25,673,162.01,30.912,73.1377,163
1446,536.8098,87500,163.0882,634,161.86,30.8923,72.941,163
1447,535.345,91544,164.2167,639,163.03,31.0119,73.1721,171
1448,531.8086,86153,163.3382,598,163.63,30.5169,73.6656,162
1449,530.2716,85904,163.6765,629,163.46,31.2072,73.0334,162
1450,524.1173,84907,161.9853,639,160.12,30.7232,73.2282,162
1451,528.7651,87775,163.8088,608,162.27,31.2023,73.6908,166
1452,529.6667,85806,163.8088,634,160.67,30.7028,72.76,162
1453,526.1988,84718,160.9333,598,162.02,31.5115,73.2807,161
1454,523.4012,84791,162.3971,626,160.92,31.212,73.3033,162
1455,521.753,86611,162.0735,635,162.44,30.8521,72.2422,166
1456,523.6914,84838,163.1167,628,163.69,30.9141,72.3786,162
1457,518.3043,83447,162.9,603,162.64,30.8949,72.5541,161
1458,523.9573,85929,161.1833,598,163.98,31.1523,72.2673,164
1459,520.4386,88995,163.1333,615,163.18,31.1078,73.1802,171
1460,526.1605,85238,161.7206,603,163.32,31.2992,72.8751,162
1461,528.6975,85649,163.1833,611,163.47,30.4129,72.8628,162
1462,527.7394,87077,163.7667,595,162.67,30.7934,72.5861,165
1463,528.3292,85061,160.6333,627,160.21,31.312,73.0928,161
1464,530.9632,86547,167.8971,616,166.3,31.2074,73.4753,163
1465,530.3333,87505,165.2794,617,161.59,30.9641,73.3666,165
1466,530.4217,88050,163.8235,614,163.45,30.8142,73.1419,166
1467,531.6235,86123,162.9559,600,163.1,30.9954,72.9076,162
1468,534.5732,87670,162.7333,630,162.54,30.4281,73.632,164
1469,538.3457,87212,161.4559,627,162.09,30.9143,73.2019,162
1470,538.1739,86646,163.9265,650,164.41,30.8273,72.3964,161
1471,538.7778,87282,162.7667,623,162.34,30.2575,73.5072,162
1472,536.8075,86426,163.1471,666,162.97,31.0422,72.9826,161
1473,536.3252,87421,162.4667,624,162.01,30.6076,72.4109,163
1474,535.9691,86827,159.8,615,163.7,30.8419,72.9201,162
1475,533.9815,86505,160.3667,629,164.36,30.8686,73.1606,162
1476,531.9068,85637,163.6029,624,161.48,30.563,73.2969,161
1477,536.2531,86873,163.5588,629,162.25,31.0185,72.7569,162
1478,533.8242,88081,163.8833,615,162.86,30.5503,73.4277,165
1479,532.9207,87399,164.6618,605,163,31.3114,73.4314,164
1480,535.4506,86743,163.6471,628,164.12,31.0637,73.0412,162
1481,532.5,86265,164.4265,618,162.52,30.6917,72.7256,162
1482,528.4294,93532,161.2,625,162.62,30.4159,72.9246,177
1483,532.5808,88941,162.0333,612,164.91,30.6373,72.9004,167
1484,537.5802,87088,162.6333,622,163.14,30.372,73.925,162
1485,542.2857,87308,161.3529,622,164.01,30.0946,72.7101,161
1486,540.8509,87077,161.2167,647,162.56,30.6019,73.4137,161
1487,540.4099,87006,163.7941,607,160.93,30.5409,72.8653,161
1488,538.1728,87184,163.25,622,163.45,30.9118,73.4951,162
1489,537.9202,87681,165.2059,625,160.25,30.7655,73.0543,163
1490,538.1975,87188,163.5294,624,160.76,30.5266,73.1962,162
1491,531.6727,87726,164.0294,628,165.8,30.3352,73.1354,165
1492,523.5665,90577,166.1471,630,164.21,30.8382,73.8187,173
1493,526.0988,85228,162.2206,609,161.29,30.658,72.9984,162
1494,522.1387,90330,160.6833,626,162.73,30.8939,72.2395,173
1495,522.8364,86268,163.6833,588,162.45,31.241,72.9132,165
1496,517.1138,86358,163.4167,611,162.89,30.8384,72.8608,167
1497,518.811,85085,159.6167,595,163.21,30.972,72.522,164
1498,520.9938,84401,159.95,590,160.22,30.6811,73.0922,162
1499,521.7423,85044,162.7647,603,163.42,30.2182,73.2373,163
1500,522.3727,84102,162.4706,598,162.12,30.3853,72.9614,161
