1,173.3864,125185,118.6,217,118.71,80.5022,59.0324,722
2,173.884,125892,118.225,212,117.4,80.789,56.7883,724
3,173.5109,135859,118.4375,211,117.69,81.0878,56.9339,783
4,174.1631,137763,120.925,212,117.66,82.3297,56.4719,791
5,173.2753,137234,117.975,205,117.3,81.9613,56.5493,792
6,173.4889,125259,118.0125,211,118.59,80.7079,57.4104,722
7,173.3684,135054,117.725,217,117.18,79.9827,57.705,779
8,172.7824,129414,118.5875,211,117.9,79.1492,59.5922,749
9,171.9054,136321,118.35,218,117.92,80.3261,57.5043,793
10,172.9937,136665,118.1375,208,117.11,81.1606,57.436,790
11,171.3497,135709,117.775,208,118.31,82.0346,58.0406,792
12,172.1926,135860,117.9625,208,117.18,80.7502,58.0833,789
13,172.8534,133270,117.025,213,118.14,81.4835,56.4175,771
14,172.4671,136249,119.1125,217,116.35,81.6251,57.8623,790
15,172.3868,133255,117.1875,206,117.18,79.0515,58.3066,773
16,172.3829,128770,118.4125,216,117,81.2727,58.6603,747
17,172.3965,138262,117.925,202,117.05,81.5094,56.4847,802
18,172.0711,135592,118.1625,217,117.56,81.587,56.3336,788
19,172.8456,136548,117.925,209,117.11,81.08,56.9238,790
20,173.6158,136462,118.3,210,119.4,79.542,58.4046,786
21,173.825,132107,119.3125,225,118.39,79.9591,59.1923,760
22,172.2587,133845,116.95,208,117.59,82.5938,57.5391,777
23,172.3762,130144,117.575,210,116.95,80.5164,57.6797,755
24,172.3977,133091,117.8375,217,117.52,79.161,56.5833,772
25,172.6646,141067,118.65,212,117.48,81.4294,56.9388,817
26,172.8113,131855,117.5,208,117.91,81.7237,56.5937,763
27,172.2304,129345,116.9125,206,116.16,79.7341,58.5488,751
28,172.8952,133648,117.6875,250,118.49,81.113,58.5726,773
29,172.1163,128743,117.3375,206,115.95,82.6434,58.1182,748
30,171.5957,134531,118.7125,201,117.04,81.0715,57.7733,784
31,171.7951,140013,117.025,210,116.61,81.3344,57.5069,815
32,173.5747,127751,118.3,225,117.45,80.7943,57.9914,736
33,173.9609,137951,119.2625,213,117.84,81.5921,57.3914,793
34,172.6758,139004,118.4375,234,116.91,81.2223,56.6185,805
35,172.1722,136016,117.725,216,116.28,81.3402,57.5269,790
36,173.7769,129290,118.1375,217,118.41,81.4237,57.6607,744
37,171.992,129166,118.4,206,117.19,79.1924,59.3077,751
38,172.6716,127259,118.025,211,116.7,80.3762,57.7786,737
39,172.3955,130331,118.3875,206,117.85,81.916,57.5771,756
40,172.6815,136073,118.4125,224,117.51,82.2997,56.4027,788
41,173.2853,133603,118.0625,216,116.98,81.5957,56.127,771
42,172.5409,139068,118.3375,211,117.27,82.8982,56.6204,806
43,172.5257,130947,118.8875,205,118.38,81.1401,57.6473,759
44,172.0956,129588,116.875,217,117.81,81.6855,57.3839,753
45,172.4491,137097,119.1375,210,117.91,80.8644,57.4458,795
46,171.5216,143049,117.5375,206,117.54,79.8109,59.3414,834
47,171.2513,133576,117.35,216,116.91,80.2392,58.6054,780
48,171.9523,129652,117.375,223,116.74,81.1688,55.7714,754
49,172.3929,130329,119.1125,208,117.05,82.6569,55.3154,756
50,172.1236,136494,118.3875,212,117.32,82.214,56.6644,793
51,172.3404,130117,116.05,214,117.81,82.391,55.5324,755
52,172.4632,133659,118.5,215,117.11,80.4763,55.389,775
53,172.0347,134015,119.1875,209,116.82,81.4417,56.9307,779
54,172.584,125296,118.0625,210,116.79,82.6716,57.4752,726
55,171.6864,127563,117.2875,210,117.07,81.3583,57.8911,743
56,171.257,139917,117.4625,220,118,82.8658,57.0958,817
57,173.1353,144568,118.775,206,119.43,82.5278,56.6001,835
58,172.4887,130229,117.2,207,118.16,81.9307,57.8753,755
59,172.0177,136410,118.4125,217,117.75,81.5024,59.4814,793
60,173.3874,131601,117.775,214,117.69,80.5136,60.0329,759
61,173.8581,126221,117.5625,211,117.55,82.2195,58.6956,726
62,173.8333,135590,118.0125,222,117.5,81.6121,58.5908,780
63,173.609,143401,117.2125,210,116.46,81.3206,58.2312,826
64,175.1152,133788,118.775,228,117.16,80.6407,59.2987,764
65,174.474,137660,117.2625,227,116,81.3926,58.6098,789
66,175.2527,143532,118.4875,221,118.03,80.757,57.6011,819
67,173.6907,134784,116.925,213,116.44,80.3024,58.3963,776
68,174.4878,136275,118.625,219,118.41,80.0131,58.7186,781
69,173.9844,134142,117.7375,208,117.55,80.8092,59.3569,771
70,174.0596,137159,118.4125,208,117.24,80.5567,58.0301,788
71,175.9263,131241,119.3375,214,117.64,79.6894,59.9058,746
72,175.5439,135871,118.875,221,118.8,80.2742,58.3766,774
73,174.139,135306,116.5625,214,116.45,78.841,59.0381,777
74,174.4328,136232,117.45,222,117.07,79.8168,59.3187,781
75,174.9134,133284,118.1,213,117.4,80.521,58.7849,762
76,175.8709,134893,119.2125,219,118.77,79.4367,59.63,767
77,175.4353,138243,118.425,225,117.32,80.0098,59.1137,788
78,174.8375,145290,117.95,213,116.69,81.3477,57.476,831
79,175.6927,128080,117.525,226,116.62,80.0721,57.7378,729
80,174.4519,135898,117.4875,225,117.37,80.8171,57.3299,779
81,175.733,142168,117.8375,224,117.75,80.5029,57.7447,809
82,175.8296,135213,117.075,218,117.79,80.4324,57.7369,769
83,175.3966,132249,117.825,213,117.53,80.7246,59.2009,754
84,174.8889,127494,117.2875,211,116.05,79.0284,58.5863,729
85,174.9119,129085,116.5,210,117.42,80.7369,58.6764,738
86,174.0967,126046,117.475,223,116.85,80.9745,58.6753,724
87,172.8963,141775,117,210,117.16,80.1465,58.3237,820
88,174.3953,140737,118.875,222,116.96,80.6033,57.9803,807
89,174.2621,132962,116.6625,220,115.9,80.2799,58.0095,763
90,174.8306,129025,116.6375,213,116.27,81.7786,58.1276,738
91,174.1729,130978,118.0875,213,117.48,82.7175,56.4681,752
92,175.6935,133000,118.5875,216,118.12,81.3878,55.9929,757
93,174.2367,127367,116.425,224,116.66,80.5621,58.3738,731
94,174.9781,127559,117.175,213,117.09,79.8523,59.5071,729
95,174.6416,139364,116.4125,218,115.99,78.8789,59.4114,798
96,172.422,145869,117.575,218,117.43,79.8626,57.817,846
97,173.9864,128054,117.1375,217,116.8,81.9009,56.3978,736
98,174.687,134509,118.6,216,118.67,81.7073,56.3184,770
99,174.5997,127807,116.95,213,116.36,81.1142,56.8902,732
100,173.478,130282,117.2125,210,117,80.9535,56.8885,751
101,173.3697,127080,117.25,223,116.98,78.2298,58.9805,733
102,174.0439,134884,117,226,116.49,78.1696,60.7895,775
103,173.0906,139511,117.0375,212,115.91,78.4334,59.5376,806
104,172.9122,131932,117.5375,212,117.42,79.6934,58.0129,763
105,173.6881,132524,117.8375,211,116.63,80.6902,57.4068,763
106,174.2973,133686,118.675,226,117.78,79.0405,59.2505,767
107,174.6795,135726,119.0125,214,117.01,78.398,60.5447,777
108,173.1168,134858,117.75,212,116.49,78.9677,58.7966,779
109,175.0067,131255,119.7125,219,118.55,80.3008,58.2108,750
110,174.2701,130354,117.9375,208,116.81,80.1286,58.9001,748
111,174.591,132340,118.0875,217,117.33,79.6142,58.8701,758
112,174.6274,134987,116.8125,221,116.02,79.4347,58.9873,773
113,174.6542,126275,117.6875,222,115.76,81.3954,57.7491,723
114,174.066,129157,117.7875,216,117.25,80.4354,57.4773,742
115,174.657,131866,117.9375,214,116.2,80.1806,57.6455,755
116,173.1787,139582,117.725,218,117.79,80.7514,57.9311,806
117,174.127,133033,117.3625,212,116.99,79.5304,58.4387,764
118,174.4588,131193,117.8875,232,116.77,78.7133,58.6981,752
119,174.5716,127961,116.8375,216,115.06,80.8557,58.7201,733
120,175.4725,127393,116.6875,216,116.14,80.2518,57.223,726
121,173.5881,145814,117.7625,213,117.27,79.7796,56.8631,840
122,174.6582,130295,118.0875,211,118.19,79.8227,58.0501,746
123,174.8357,133050,119.4125,210,117.93,81.0974,58.4452,761
124,173.9065,139473,117.9,219,117.11,82.2204,57.2279,802
125,175.7113,133892,118.9375,214,118.95,81.9828,57.8934,762
126,174.5224,128623,117.7625,216,117.77,81.229,58.8338,737
127,173.5827,146851,117.7,217,117.41,81.3768,59.4112,846
128,174.162,136543,117.9875,216,117.88,81.401,58.2604,784
129,173.3757,145809,117.675,215,117.61,82.9327,57.5011,841
130,174.0639,130722,117.3875,215,116.37,82.7116,56.7882,751
131,175.0802,128859,116.6625,211,116.44,80.6133,59.2558,736
132,174.1538,143851,118.5125,219,117.31,79.835,58.9293,826
133,173.611,132118,117.4,218,117.1,81.9439,57.5354,761
134,175.0217,129166,116.6875,223,117.53,82.1606,58.3465,738
135,174.5383,141376,117.45,214,116.9,82.1714,58.4888,810
136,175.0871,132716,117.1,223,116.76,80.6401,60.1059,758
137,176.3374,131195,118.0625,223,118.58,80.7017,59.5148,744
138,174.7439,150105,117.2,227,116.69,81.6355,58.5145,859
139,175.8,134487,116.3625,219,116.41,82.522,59.1446,765
140,176.9675,136265,116.9125,220,115.96,80.2572,58.4113,770
141,176.1694,138293,117.45,220,117.53,80.1268,58.7517,785
142,176.6028,137397,117.25,241,116.46,80.5059,59.0962,778
143,176.6662,132853,116.55,223,117.05,81.1611,58.759,752
144,178.8005,131776,118.075,233,117.49,80.9099,58.589,737
145,177.7068,132747,117.0625,223,116.92,80.9103,58.1291,747
146,177.0458,131368,116.35,223,115.25,81.7692,57.7856,742
147,176.6076,129630,117.225,219,116.47,80.2871,58.8406,734
148,176.8399,143594,116.625,220,116.19,79.406,58.6933,812
149,176.2263,133932,118.05,216,117.96,79.2012,60.3481,760
150,175.3259,148501,116.5,224,115.97,78.7551,59.6299,847
151,176.5255,138396,116.925,231,116.43,79.2583,59.016,784
152,176.746,133620,117.35,224,116.94,80.5951,58.8061,756
153,175.7875,138169,117.775,230,117.34,79.333,59.4145,786
154,176.401,141650,116.6625,217,116.82,79.4363,58.7739,803
155,177.0744,135639,117.4625,224,115.25,79.7925,59.1397,766
156,176.5128,130796,118.025,218,116.75,79.1236,59.3437,741
157,176.3626,134741,116.45,227,116.69,78.9363,58.7387,764
158,175.8504,133998,117.0625,219,117,80.5205,58.4614,762
159,177.4099,131993,117.3625,221,117.14,79.792,58.036,744
160,177.0152,127805,117.1625,234,116.42,78.7949,59.9623,722
161,176.876,131242,118,220,117.05,78.9596,60.0806,742
162,176.842,133162,116.925,224,116.58,79.0552,59.3745,753
163,178.3742,133959,118.2375,231,118.11,78.9348,59.2646,751
164,176.8361,128383,117.125,221,117.08,81.963,57.2114,726
165,176.564,129598,117.2375,232,116.72,81.1724,58.0985,734
166,176.8807,136375,115.5,218,116.29,79.2545,58.8321,771
167,176.9569,135549,117.0375,224,116.96,79.3286,59.1544,766
168,177.0339,130651,117.25,221,116.41,79.9196,58.2677,738
169,176.438,143797,117.2875,222,116.82,80.5959,58.6122,815
170,176.4149,130547,117.225,225,116.54,80.2585,59.1503,740
171,176.4255,131437,116.25,222,116.02,79.6206,58.4831,745
172,177.3243,130156,118.775,234,118.47,79.6315,58.7277,734
173,177.5037,143068,118.175,235,116.78,80.2465,58.4277,806
174,176.252,130779,117.2,224,116.17,79.4942,58.9668,742
175,175.5701,129044,117.475,216,117.01,78.2276,60.3583,735
176,176.6618,132143,117.025,233,117.65,77.7358,59.8645,748
177,177.3568,128229,117.3625,233,116.69,79.0539,59.7763,723
178,176.4187,132314,117.25,224,117.18,79.9632,59.1984,750
179,176.7387,136619,119.1625,227,118.62,80.8699,57.8058,773
180,175.6745,141418,117.45,221,116.11,81.2817,57.6143,805
181,177.1198,131600,117.6,219,115.63,80.094,58.0692,743
182,176.3828,129465,116.1125,218,116.31,79.3559,59.4711,734
183,175.9161,138446,117.4375,229,116.68,80.8035,58.2276,787
184,176.0026,134290,117.3,219,115.77,79.2384,58.3224,763
185,176.536,130107,118.25,225,116.49,79.7163,59.2874,737
186,176.3012,128171,118.2,225,117.75,79.5166,59.6109,727
187,176.5741,132254,116.7,216,116.49,79.3867,59.6987,749
188,175.0907,133244,115.95,219,116.1,78.3186,60.5486,761
189,175.8441,130828,116.95,225,116.79,77.9505,60.155,744
190,176.2376,134998,117.85,231,117.14,78.0768,59.8546,766
191,175.7378,130046,116.825,217,117.3,78.5172,60.3339,740
192,175.2057,135434,117.2375,229,116.51,79.8073,59.9661,773
193,175.9087,132987,116.675,230,117.12,80.6351,58.6227,756
194,175.2616,136003,116.8125,222,116.58,80.1058,58.2916,776
195,175.8554,128902,117.225,221,116.54,79.0701,59.4068,733
196,177.0398,142517,119.1875,226,116.73,79.3166,58.5956,805
197,176.9712,129012,118,229,117.34,79.6231,58.8236,729
198,176.9765,128131,116.6875,227,116.38,79.0885,58.7822,724
199,176.3986,130535,116.825,219,116.5,79.1015,59.4077,740
200,176.4835,128127,117.7625,218,116.6,81.5801,58.0458,726
201,175.474,138098,117.1,220,116.27,81.5579,57.3252,787
202,177.5486,135292,119.4625,222,117.54,80.6509,58.4437,762
203,176.2952,135571,117.875,238,116.3,79.606,59.083,769
204,176.7728,129928,118.1,213,117.38,81.4257,57.1069,735
205,175.4222,137531,116.725,220,116.99,80.0974,57.9427,784
206,178.0357,134773,119.175,222,117.04,79.935,58.0641,757
207,178.3199,133205,118.025,229,116.78,80.1779,58.2818,747
208,176.8636,136185,117.725,232,116.61,79.8381,59.1724,770
209,176.2759,136085,116.175,217,116.86,79.999,59.6226,772
210,177.109,129998,116.675,231,116.06,79.6933,58.7326,734
211,178.2713,132099,119.375,219,118.02,79.7978,59.302,741
212,175.0315,144576,117.9375,224,116.68,79.9229,58.9694,826
213,175.8039,135369,118.4625,225,116.55,80.2915,58.3974,770
214,176.5316,139813,118.775,226,117.01,80.2672,59.1328,792
215,176.1691,134417,117.3125,227,117.16,80.2654,58.4897,763
216,175.0685,135503,117.25,225,117.03,80.114,58.9831,774
217,176.6035,130510,117.8875,226,117.63,80.6361,57.9206,739
218,176.9841,133269,117.275,216,116.21,78.8698,58.5275,753
219,177.4409,135210,118.4625,223,116.66,79.7529,59.8139,762
220,176.4368,128446,117.05,234,117.51,78.244,60.3427,728
221,176.5819,136851,116.9625,221,116.31,79.0782,59.4506,775
222,176.5585,132772,117,230,116.52,80.2593,58.4537,752
223,176.3784,137046,116.6875,227,116.62,80.428,59.0228,777
224,176.1351,130340,117.2125,225,116.52,79.8983,58.7824,740
225,177.0779,136350,117.7875,217,117.18,79.2681,59.8517,770
226,175.7468,137434,116.95,222,115.72,77.8224,59.1763,782
227,174.9765,156429,118.1875,232,117.44,78.4512,58.8237,894
228,177.0705,130678,118.0625,224,115.79,79.3304,58.8473,738
229,177.6179,128773,116.9125,222,116.99,79.9437,58.1889,725
230,175.4404,139826,116.925,219,116.25,80.7115,58.756,797
231,177.2483,129214,117,225,116.22,79.3716,59.3445,729
232,176.917,127911,116.6,221,116.31,80.0177,59.2735,723
233,177.1099,132124,117.0125,226,116.98,79.876,57.7965,746
234,176.206,130040,116.75,215,116.19,80.6512,58.4113,738
235,176.7076,135358,117.4125,230,116.11,79.3763,58.2326,766
236,177.9738,128853,119.5625,236,117.51,80.1632,58.4058,724
237,176.9534,128999,116.8625,243,116.99,79.8953,58.5824,729
238,175.9026,133686,116.95,224,116.8,79.2416,59.8902,760
239,175.6845,140899,118.45,224,118.04,80.0076,58.5974,802
240,176.5885,131735,118.4125,223,116.6,80.6873,57.7281,746
241,176.1116,131027,117.3625,218,115.91,79.3559,59.1088,744
242,175.0734,136032,116.9625,232,115.79,80.268,58.7105,777
243,177.5873,134256,119.175,226,118.46,79.5062,59.4295,756
244,174.8952,135194,117.5875,219,116.24,78.7774,60.67,773
245,176.132,132099,117.2875,217,117.1,78.3931,60.2333,750
246,175.0256,143521,116.4,236,116.29,79.1555,58.9631,820
247,176.8071,133843,118.8125,235,118.06,80.0004,58.3476,757
248,175.351,128883,117.275,241,116.78,79.6922,60.4693,735
249,174.5045,135939,117.25,219,116.61,79.1552,59.1734,779
250,175.1111,130808,118.6625,218,116.15,79.1715,60.2326,747
251,176.1501,127885,116.1125,219,115.83,78.9822,60.3578,726
252,174.9717,136128,117.6125,214,116.47,80.0733,60.1009,778
253,175.4621,129491,117.325,212,117.13,80.6349,58.6927,738
254,175.1098,129231,118.1125,217,116.52,81.5219,58.0288,738
255,175.899,128934,116.025,216,117.06,79.3512,58.9753,733
256,176.1475,134929,116.8,235,116.37,77.9588,60.8557,766
257,176.1033,129612,117.5625,224,116.57,79.7112,59.7246,736
258,175.5664,133606,116.0125,232,115.84,79.7859,58.6696,761
259,176.907,131265,118.6375,217,118.69,80.5048,59.2235,742
260,174.9659,133324,115.7375,218,115.27,82.3012,57.2623,762
261,175.1333,128723,117.5125,219,115.77,80.3991,59.3093,735
262,175.8362,132053,116.125,221,116.21,78.3148,60.779,751
263,175.4799,131259,116.15,227,116.73,77.9892,59.7222,748
264,176.22,130579,117.6,226,116.49,79.119,60.4591,741
265,177.3128,132098,117.6875,222,118.42,80.0417,59.2853,745
266,175.1832,131037,116.125,230,116.62,79.6681,58.5411,748
267,176.6846,127743,118.25,217,118.28,79.4223,59.2262,723
268,175.7314,127581,117.4875,227,117.2,78.4574,58.8541,726
269,175.9668,127224,116.375,224,116.39,79.7659,58.6805,723
270,175.6558,134728,118.575,217,117.24,79.5179,58.8052,767
271,175.2516,135820,118.3875,234,115.99,79.0104,59.3664,775
272,174.6812,132583,118.275,223,117.47,79.7588,59.8765,759
273,174.8686,135698,116.8125,229,116.48,79.2175,58.6716,776
274,176.444,132333,118.075,224,117.23,78.9416,60.0864,750
275,175.1317,130298,117.1,236,116.53,78.9195,58.9188,744
276,174.6356,140407,116.75,242,116.37,78.9864,58.3547,804
277,175.1107,136061,117.35,246,117.41,78.8357,58.8694,777
278,175.0449,132509,116.5,227,115.81,78.7767,59.5922,757
279,175.6358,130673,115.725,225,115.9,79.0366,59.7531,744
280,175.2453,130032,116.9125,232,117.54,79.6281,59.7045,742
281,175.2044,128600,116.85,228,115.82,80.0587,59.5009,734
282,176.0678,129938,117.3,219,116.02,79.0352,59.8495,738
283,176.6493,131957,119.125,218,117.64,78.8022,60.6871,747
284,175.6033,128366,117.675,224,117.15,77.4973,59.6828,731
285,175.4536,128432,118.275,218,117,78.1568,59.6878,732
286,175.0013,134926,116.4125,219,116.39,79.7366,58.7514,771
287,176.155,128417,116.3875,226,115.93,79.4356,59.3293,729
288,175.6502,128049,117.8625,219,116.98,78.7548,59.8199,729
289,176.2307,127591,117.225,225,116.44,78.802,60.3155,724
290,176.2011,131446,118.1,241,116.5,80.4672,58.8346,746
291,172.8503,158158,118.025,227,116.49,80.8536,56.6517,915
292,174.3606,130073,118.45,213,117.31,82.0014,57.7424,746
293,174.6555,130817,117.075,225,116.72,80.5295,58.4735,749
294,174.6689,129255,117.425,218,116.43,79.4471,58.9033,740
295,175.3019,131827,116.8,253,115.9,79.3445,58.8354,752
296,174.9856,133689,116.225,222,116.89,79.0611,58.7095,764
297,175.0982,126596,117.3125,217,116.73,78.1576,59.552,723
298,177.1014,131055,119.7375,214,117.65,78.7134,59.7332,740
299,174.8196,135660,116.75,220,116.44,78.9381,59.35,776
300,175.3824,127503,118.5625,227,116.75,78.7366,60.9518,727
301,176.1774,129138,117.8375,221,117.31,77.9494,59.7253,733
302,175.7831,132892,118.2125,223,117.45,79.2769,59.3056,756
303,175.5213,127955,116.4,230,116.73,79.5346,59.0951,729
304,175.437,133683,118.1125,221,116.69,79.335,59.1568,762
305,175.9053,131929,118.3875,232,116.74,79.0357,60.215,750
306,175.7405,138132,116.6875,223,117.23,79.6027,59.5985,786
307,176.1579,130533,117.0625,220,117.27,80.3639,58.6263,741
308,175.2968,135855,117.025,220,115.66,81.3377,58.0042,775
309,175.1149,134138,117.8125,229,116.13,79.9305,58.6115,766
310,175.5677,128340,117.275,218,116.56,79.4678,59.1917,731
311,175.6884,131942,116.5375,225,115.7,79.1273,60.2127,751
312,176.0995,136301,117.3625,222,116.43,78.708,59.5806,774
313,176.838,127677,116.7875,231,116.94,78.7116,59.8834,722
314,175.2205,131941,118.3625,222,116.09,82.2341,57.4489,753
315,174.8701,137273,116.575,218,116.09,81.3369,56.4359,785
316,174.8867,151277,117.4,233,117.02,81.209,58.2144,865
317,177.146,129848,117.5,233,116.45,79.5057,58.7534,733
318,176.3864,129644,117,222,116.69,82.2347,58.0368,735
319,176.0054,130068,116.5625,240,116.21,80.6472,58.396,739
320,176.0319,132552,117.9375,219,115.92,79.463,60.5701,753
321,176.2594,131137,117.35,213,115.94,79.0284,59.8394,744
322,175.8721,127859,117.6125,222,116.21,79.9081,58.9356,727
323,176.996,132747,117.5125,222,117.34,80.5025,59.7115,750
324,177.4484,134151,117.3125,220,117.63,79.437,59.4079,756
325,176.8413,137052,117.625,217,116.23,78.5406,59.8471,775
326,177.261,136491,116.8125,222,116.52,79.8127,59.6355,770
327,177.4707,136120,116.6375,228,115.27,79.2947,57.7759,767
328,176.2718,137492,117.2125,218,116.67,80.5944,57.2797,780
329,176.6623,135500,117.2,233,116.77,81.3635,58.0599,767
330,176.3381,136662,118.475,227,116.56,79.3768,58.597,775
331,177.3246,128915,117.875,215,116.31,78.0815,60.5657,727
332,176.7441,142986,116.075,231,116.49,78.4911,59.5994,809
333,177.4666,132745,117.9375,239,116.79,79.7865,58.3264,748
334,176.7741,129929,117.0875,234,116.05,78.8857,59.4224,735
335,176.6999,131288,117.8,226,117.24,79.7883,58.8795,743
336,177.5127,132602,119.35,216,117.4,79.8249,58.734,747
337,177.668,130053,117.5625,241,116.12,80.1112,58.2049,732
338,176.0623,135744,117.3625,230,116.7,78.8705,60.136,771
339,176.1868,135840,116.9875,227,116.4,79.8558,58.3908,771
340,177.5679,128204,117.8125,218,116.9,80.3112,58.529,722
341,177.7299,134897,116.9375,222,117.36,79.7563,59.1769,759
342,178.1204,136084,117.8125,223,117.18,79.6602,59.1609,764
343,176.564,139309,117.65,238,116.55,80.0746,58.5641,789
344,176.6414,137427,118.025,214,116.57,79.8057,59.2232,778
345,176.8333,134747,117.3875,232,116.33,78.7601,59.9493,762
346,177.7085,131682,118.2125,221,117.56,78.612,59.8789,741
347,177.9224,137534,118.175,237,115.94,79.6313,59.8077,773
348,177.4159,133949,117.5875,235,116.48,79.8957,58.3882,755
349,176.1534,138985,117.2,236,116.18,80.5022,58.9394,789
350,178.0205,130133,118.7875,221,118.43,79.9711,59.907,731
351,177.4384,131127,116.3875,234,115.71,78.9208,60.1507,739
352,175.6186,154720,117.2375,223,117.93,78.345,59.198,881
353,177.5817,133719,118.475,224,116.43,79.2999,59.6894,753
354,178.0844,137125,117.4375,226,117.05,79.2895,59.2587,770
355,177.9626,133294,118.35,230,117.61,79.2374,58.9519,749
356,178.0551,129268,117.3625,226,116.91,79.7154,59.0115,726
357,177.3218,137779,118.35,235,116.76,79.6387,58.0554,777
358,178.8356,129477,116.7375,233,115.97,80.6797,57.5971,724
359,180.3025,132342,117.3875,223,116.13,81.0615,58.3731,734
360,179.7732,129976,116.7125,229,116.23,80.8608,58.4522,723
361,180.9948,137918,118.65,240,116.88,79.5979,58.3676,762
362,181.4945,132491,116.975,225,116.88,80.2769,58.4315,730
363,180.4268,147950,116.8875,245,117.33,81.3585,57.3417,820
364,179.5179,145230,118.2125,247,116.58,80.9558,58.3474,809
365,180.734,141334,117.325,232,116.53,80.575,58.2073,782
366,182.3315,133102,116.9375,234,116.12,80.275,58.148,730
367,181.9601,136834,117.4375,234,115.98,82.1946,57.7439,752
368,181.2974,144494,117.625,243,117.51,80.794,57.5209,797
369,182.5671,137473,116.325,236,116.88,80.4459,58.2221,753
370,181.5585,145973,117.225,237,117.09,80.0538,58.1903,804
371,183.1693,139575,117.25,238,117.42,80.7163,58.4477,762
372,183.56,133081,117.525,248,117.45,81.1985,58.063,725
373,184.3868,136815,117.225,251,117.52,81.2093,58.4607,742
374,185.3089,136758,117.6375,231,116.87,80.4328,58.1664,738
375,183.2041,134655,117.5875,232,116.97,81.4958,57.037,735
376,184.7814,136923,118.525,239,117.44,80.9321,58.983,741
377,184.2003,140729,118.2375,238,116.42,81.3988,57.5044,764
378,185.3526,137717,117.1625,232,116.77,81.2662,58.1115,743
379,185.9229,134980,117.9375,236,116.15,81.9257,58.3879,726
380,184.0235,132865,117.3125,261,116.6,80.8816,57.7697,722
381,184.8288,134925,117.45,244,116.7,80.7181,58.7863,730
382,185.2875,134704,117.55,239,117.37,80.4521,58.7302,727
383,185.418,135726,117.0125,246,115.61,80.828,58.0924,732
384,184.7346,135041,117.9125,243,115.55,81.293,57.5834,731
385,184.2224,138351,117.4375,238,116.34,80.8054,57.5465,751
386,185.2771,135067,116.875,241,116.84,80.5512,58.4732,729
387,184.7714,138209,116.5875,241,115.92,80.8315,58.2438,748
388,184.0496,144847,117.2,246,116.46,81.1274,58.7138,787
389,185.0807,139921,117.9625,239,116.28,81.6919,57.8388,756
390,185.3013,142682,117.0375,240,116.55,80.5781,57.9079,770
391,187.0425,145145,117.9625,260,118.16,81.4265,58.0014,776
392,187.8993,136227,117.5875,247,117.74,80.9662,58.0321,725
393,188.49,141179,117.4,246,116.88,81.7829,57.7982,749
394,190.3149,148065,116.975,258,117.39,81.4937,57.7122,778
395,192.2772,144977,116.8,263,117.38,80.4627,57.8391,754
396,191.7093,147041,117.2875,259,116.82,80.7843,58.1127,767
397,193.9074,142328,116.775,255,116.13,81.8104,57.4699,734
398,191.9801,144945,115.8625,271,116.76,81.2948,57.2151,755
399,192.2912,149218,117.225,280,116.57,80.6993,57.9536,776
400,194.0782,141483,117.975,257,117.79,81.9181,57.4824,729
401,191.9735,145132,117.5,263,117.6,81.7155,57.5508,756
402,191.0611,150174,117.2625,259,116.47,81.5557,57.693,786
403,190.9189,148344,117.8375,253,116.89,81.1051,57.5994,777
404,190.3723,148300,117.7125,247,117.31,80.4367,57.5049,779
405,189.1361,148661,116.45,242,116.64,80.4099,58.1653,786
406,188.6476,138656,118.175,242,117.41,80.6194,58.3129,735
407,188.5659,137276,118.625,246,118.26,81.089,57.8061,728
408,186.9673,137047,117.8375,242,116.57,80.8185,57.5962,733
409,186.5746,136386,117.2625,236,116.15,81.4512,57.6285,731
410,187.307,137296,116.9875,253,116.9,80.2896,58.8121,733
411,185.9805,143205,115.5,242,115.97,80.8104,58.0025,770
412,185.8035,136194,119.0625,251,116.61,81.0264,57.5623,733
413,184.6232,140129,117.4125,245,117.25,80.4105,58.5309,759
414,185.5821,134547,118.2125,256,117.27,80.4443,58.2869,725
415,183.8977,136636,117.475,237,116.44,79.9914,58.2412,743
416,184.1043,134212,118.325,241,117,80.9105,57.6021,729
417,183.7903,135821,117.525,236,116.88,80.9033,57.6204,739
418,183.6325,134419,117.9875,236,116.28,82.3836,56.7992,732
419,183.1077,136049,117.6875,241,117.73,80.701,57.9519,743
420,183.465,136131,118.775,246,117.13,81.1101,57.6676,742
421,184.7918,135822,117.3375,230,116.86,80.1107,57.8791,735
422,183.2942,142053,117.4875,247,117.12,80.636,58.399,775
423,183.5262,139847,117.3875,258,117.02,81.0717,58.6832,762
424,183.783,138021,117.1375,254,116.4,81.7406,58.1835,751
425,183.9799,137617,116.7125,237,117.57,82.1474,57.8308,748
426,184.0253,138387,115.5875,237,116.41,81.0135,57.3008,752
427,183.8812,136256,117.7875,256,116.5,81.4397,57.8168,741
428,184.6544,139968,117.0875,235,116.36,79.6053,58.0542,758
429,185.3255,134917,117.05,237,117.85,80.9119,57.8408,728
430,185.4019,137012,118.2875,256,117.34,80.9496,58.1117,739
431,186.8601,136221,118.2375,235,117.95,81.1332,58.076,729
432,186.1504,137379,117.375,237,116.56,81.4194,58.2538,738
433,187.6292,138658,119.2125,262,118.21,81.2134,57.3968,739
434,187.8058,136347,117.05,255,117.71,80.9799,57.6786,726
435,187.0289,142329,118.25,235,117.9,81.8555,57.4355,761
436,188.1344,137150,117.6375,244,117.73,81.2831,57.3909,729
437,186.7635,145302,117.2,247,116.26,81.9542,57.9789,778
438,188.853,137485,117.4125,242,117.67,81.1586,57.8748,728
439,188.9919,139665,118.375,243,117.46,82.6559,57.1926,739
440,190.626,142207,118.4875,251,118.17,81.1321,56.8619,746
441,189.5557,137807,117.7375,243,117.53,81.7629,57.1911,727
442,190.1922,141503,119.5375,248,118.19,80.7968,58.4718,744
443,189.7618,137008,118.325,243,117.09,82.0814,57.8066,722
444,188.3559,144469,118.025,253,116.8,81.5857,56.3782,767
445,191.1589,139546,118.4375,247,119.95,80.5924,58.2747,730
446,190.0758,142937,116.975,250,116.45,79.9846,58.2011,752
447,187.6384,159305,117.625,260,116.36,80.8994,58.0371,849
448,188.9364,136601,117.8,244,118.28,81.0777,57.7504,723
449,189.6699,137890,117.4375,249,117.76,80.8663,58.2101,727
450,190.869,147160,118.3,268,117.21,82.0086,57.105,771
451,191.296,148637,119.65,257,117.61,81.7481,57.8806,777
452,194.6865,140953,117.825,253,116.29,80.1034,58.7002,724
453,193.3731,142516,118.925,259,117.85,81.5721,58.1652,737
454,194.1475,148717,118.0625,260,117.85,81.4039,57.5224,766
455,191.3826,154063,117.775,255,116.25,81.2701,57.8199,805
456,192.1664,147776,118.775,255,117,81.5061,57.4148,769
457,192.8884,140037,118.15,242,118.11,81.5873,57.9728,726
458,192.4586,143959,118.6875,257,119.36,80.4923,57.6542,748
459,192.0584,144620,118.525,258,117.54,81.2949,57.8374,753
460,192.4858,142632,118.2375,252,117.27,80.8562,57.7608,741
461,192.5418,140363,117.4125,244,117.72,81.4623,57.3816,729
462,192.7776,143041,117.9125,271,117.4,81.9189,57.6077,742
463,191.4641,149342,119.225,253,117.83,81.9272,56.9947,780
464,190.7614,142308,118.5625,246,118.19,80.5841,58.2526,746
465,190.6238,140871,117.525,254,117.78,80.6685,57.752,739
466,190.9615,139020,117.8625,254,117.2,80.9552,57.3814,728
467,192.139,142375,117.8625,252,116.4,81.9506,57.246,741
468,193.4049,142346,117.4,247,116.74,81.5507,56.9765,736
469,193.9087,142329,118.3125,266,118.26,81.4906,57.6501,734
470,193.5922,143839,117.3875,248,116.85,81.5637,58.19,743
471,193.4384,141210,118.4125,260,116.72,81.711,57.5659,730
472,194.7383,145080,119.95,259,118.18,81.2988,57.1482,745
473,192.7375,146866,118.1125,254,117.07,81.9336,57.2688,762
474,194.0245,142414,118.0125,250,117.32,81.0976,57.7948,734
475,194.3741,141310,118.325,252,117.52,82.1634,57.4991,727
476,194.2378,143736,117.6625,258,117.44,81.6698,57.7005,740
477,194.9029,142474,119.5875,262,118.11,81.8512,57.4414,731
478,193.9706,145090,118.5,257,117.3,80.9845,58.2757,748
479,193.3548,144436,117.3,246,118.01,80.936,58.1952,747
480,195.0759,141430,118.425,257,117.55,80.5939,57.432,725
481,195.5184,143706,116.8625,256,117.06,80.4372,58.4153,735
482,195.6158,143582,117.525,260,117.64,81.5473,57.2896,734
483,197.1793,148476,117.3375,259,116.29,81.5061,57.4574,753
484,197.6322,147236,117.475,259,117.03,81.5897,57.4212,745
485,198.7717,144507,117.7125,267,116.78,82.0084,57.7201,727
486,197.6371,142694,117.65,267,116.62,81.352,57.7769,722
487,196.6995,143984,118.95,254,116.96,81.413,57.4115,732
488,197.0605,143263,118.1125,256,116.82,82.09,57.2232,727
489,198.8841,147572,117.675,266,118.03,81.9769,58.073,742
490,198.8967,144399,118.8125,255,118.42,81.957,57.3132,726
491,198.6327,145995,117.8875,262,116.47,82.4432,57.8562,735
492,197.7302,149484,118.0625,253,118.03,81.8231,57.2635,756
493,198.1898,144084,118.05,254,117.62,81.6592,57.4422,727
494,197.1463,145494,118.175,255,116.94,81.3094,57.7589,738
495,195.517,143705,116.6,256,116.88,81.459,57.5759,735
496,195.4765,141525,118.4125,248,116.91,81.2817,57.5955,724
497,193.9504,148566,118.0125,251,117.43,82.128,57.2976,766
498,195.4822,142702,117.45,271,116.35,81.4696,57.3893,730
499,195.4655,141517,117.7375,251,116.58,82.114,57.3361,724
500,194.5281,141811,117,255,116.8,81.8607,57.5934,729
501,195.229,146617,119.025,246,117.81,81.3121,57.4766,751
502,194.4014,142885,116.6,252,116.71,81.5672,57.4999,735
503,192.6011,143873,117.9125,249,116.28,80.9627,58.541,747
504,192.6351,148329,118.35,259,117.54,82.0358,56.9328,770
505,191.17,145098,118.3125,254,117.44,80.9849,58.0515,759
506,191.7326,146292,118.575,251,117.52,81.1713,57.9522,763
507,191.416,152750,118.05,245,117.72,80.9635,58.2554,798
508,191.9571,138593,117.075,255,116.15,81.1357,57.7777,722
509,189.8106,143307,118.15,254,116.95,81.4724,57.6426,755
510,189.8813,139183,116.2875,241,115.51,81.4292,57.1591,733
511,189.8274,138574,117.525,270,117.31,81.7419,57.836,730
512,189.8848,143363,118.6,243,117.47,80.7061,58.9679,755
513,190.2268,141719,119.3625,247,118.6,81.2413,57.2127,745
514,189.4034,144136,118.875,242,117.52,81.6621,58.02,761
515,189.543,138935,118.9375,260,118.66,81.0952,57.7087,733
516,188.7814,139887,117.0375,244,116.36,82.2122,57.4542,741
517,187.8128,138418,117.575,250,117.1,81.493,57.0715,737
518,186.8165,140486,117.7875,232,116.79,81.4798,57.5653,752
519,187.1548,139056,116.8125,244,116.13,81.0196,57.8543,743
520,185.5818,138444,116.9,243,116.59,80.8143,58.215,746
521,186.1272,139037,118.7125,243,116.48,81.1369,58.1275,747
522,184.5317,136738,117.3125,237,115.49,82.2853,57.7047,741
523,184.7393,138185,117.9625,240,117.84,81.7188,57.7303,748
524,182.7101,138677,116.625,230,117.73,80.6039,58.1711,759
525,183.121,136242,119.2625,233,117.33,81.331,56.3834,744
526,181.3254,137626,118.825,233,116.92,80.6197,57.7387,759
527,181.9354,135178,118.625,258,117.72,81.6721,58.1208,743
528,180.4874,135907,117.7125,224,116.67,80.8294,57.5978,753
529,180.0763,132176,116.65,230,117.08,80.3167,58.3236,734
530,180.3269,131278,118.8125,230,118.58,81.8459,58.123,728
531,178.0578,141734,118.1625,224,118.01,81.8222,56.8589,796
532,180.0137,131590,117.875,225,117.48,81.9023,56.9802,731
533,181.4327,132083,119.7875,232,118.66,81.3934,57.7229,728
534,180.8037,135422,117.0125,235,116.69,82.1107,58.1106,749
535,179.8407,137758,117.475,229,116.87,81.9352,56.3387,766
536,179.5631,135211,117.35,227,116.81,80.8086,57.6384,753
537,179.7413,134087,117.625,219,116.62,80.2408,59.1617,746
538,180.4727,132106,117.2875,229,115.6,80.1508,58.7591,732
539,178.4074,130951,117.3,227,117.26,81.506,57.598,734
540,179.2147,131902,118.1125,220,118.08,81.1535,56.5365,736
541,177.3009,138472,118.2375,226,116.62,82.2041,57.0314,781
542,177.2945,144495,117.9625,225,117.45,81.1243,57.5306,815
543,179.2077,131180,117.5625,235,118.21,79.7789,58.7879,732
544,177.7591,141674,116.35,221,116.81,79.5677,58.8591,797
545,176.914,146131,117.15,226,117.03,80.3657,58.5587,826
546,176.7487,135036,116.8375,225,116.95,79.9637,58.44,764
547,177.4671,132213,117.55,223,116.11,80.248,58.5367,745
548,176.0716,137688,117.1,220,115.98,80.532,57.268,782
549,179.016,134083,118.125,232,118.19,80.9112,58.5871,749
550,177.9893,133136,118.175,221,117.56,80.7718,57.893,748
551,177.9822,130105,117.5875,231,116.06,83.3965,56.0347,731
552,178.0634,129274,117.075,226,116.2,81.966,57.3235,726
553,178.1396,132714,117.85,218,117.57,79.9551,58.2785,745
554,177.583,129458,117.0125,223,116.21,79.6107,58.7651,729
555,177.2953,139886,119.45,231,117.95,80.2898,58.6934,789
556,177.1528,136762,118.0375,229,118.08,80.1624,58.4027,772
557,179.6371,135626,119.625,228,118.92,80.8475,57.1323,755
558,177.1014,129284,118.225,225,116.29,81.3726,57.2569,730
559,178.7556,134603,117.2,225,116.81,82.2861,57.1829,753
560,178.6367,129333,116.6875,228,115.92,81.5946,57.077,724
561,177.5523,132454,117.0875,226,118.14,81.7506,56.5694,746
562,176.6951,136762,117.025,239,116.42,81.4503,58.5879,774
563,178.4266,130073,118.25,224,118.63,81.1246,57.4847,729
564,178.3517,135904,120.7125,223,118.53,80.9914,58.2301,762
565,177.2935,133502,117.7125,222,117.5,80.3276,58.0305,753
566,177.9388,130785,119.3625,225,118.07,80.0939,57.9599,735
567,177.6607,139819,118.3,225,117.79,80.6736,57.8059,787
568,177.1195,131954,116.8375,221,117.7,80.5616,58.2852,745
569,177.374,135159,118.8375,232,116.65,79.6901,58.6467,762
570,177.8151,134606,117.9,216,118.29,81.0915,57.3334,757
571,175.6212,139092,117.3875,222,117.3,82.3785,56.3022,792
572,176.83,131031,118.0125,217,117.03,82.6198,56.4652,741
573,175.6957,151274,116.7375,221,116.05,81.4225,56.9865,861
574,176.2405,139230,117.6125,232,116.42,81.3897,57.5444,790
575,178.0218,130846,119.35,228,118.26,79.3573,58.4792,735
576,176.4624,136229,118.5375,224,116.41,80.0812,57.9891,772
577,176.9584,136258,117.825,237,117.73,82.0269,57.2294,770
578,176.2666,135549,116.725,219,116.59,81.8234,56.2592,769
579,176.2536,133424,117.175,215,116.43,81.907,56.5186,757
580,177.7729,129952,118.225,226,116.68,81.1385,57.7877,731
581,178.284,131217,118.9,218,118.33,80.7123,58.0304,736
582,176.6736,135862,116.5125,219,116.48,79.9163,58.5335,769
583,176.1976,134615,117.975,223,117.27,80.0137,58.265,764
584,177.0328,129588,117.65,224,117.15,82.106,56.9243,732
585,175.1281,135374,118.35,233,117.2,81.8698,57.581,773
586,175.7117,136528,117.2125,220,116.84,80.8205,58.1872,777
587,175.7828,139220,117.5875,227,117.31,79.293,57.9527,792
588,176.738,132907,117.9,233,117.49,80.8639,58.1364,752
589,176.1651,130186,116.475,226,117.57,80.3529,58.2028,739
590,177.0307,132596,117.675,217,117.32,80.995,58.8101,749
591,177.7298,136141,118.2375,218,118.37,81.6638,57.0972,766
592,176.0602,131517,117.1125,217,117.26,82.3817,57.5006,747
593,175.7229,139524,117.925,219,117.37,81.0319,58.0067,794
594,176.0176,129901,116.1875,225,117.1,80.155,57.883,738
595,176.664,133558,118.7875,214,118.72,80.0264,57.3368,756
596,174.3991,150332,116.3,237,117.53,81.1954,57.3273,862
597,174.6359,132374,116.9,216,116.92,79.5591,58.6779,758
598,175.2164,130361,117.15,213,117.03,80.0101,58.5588,744
599,174.7099,141515,119.3875,224,117.81,81.1618,58.2266,810
600,174.6053,131827,117.8625,214,117.35,80.3887,57.1604,755
601,174.8159,130063,118.3875,214,116.71,80.4261,57.9539,744
602,174.9621,138395,118.4125,211,118,79.517,57.5387,791
603,174.7435,141717,117.0875,241,116.64,79.8888,58.3054,811
604,174.8886,130292,118.1375,215,117.7,81.1125,56.6684,745
605,173.851,129519,118.15,230,116.84,80.6012,58.1308,745
606,175.1813,133313,117.9125,218,117.39,79.4557,58.263,761
607,175.5849,128177,117.3875,222,116.3,81.0292,56.7683,730
608,174.0088,139033,116.6625,224,116.79,82.1345,57.5213,799
609,174.6815,129963,118.2875,223,116.54,80.6343,57.8498,744
610,174.4801,131209,117.95,214,116.45,82.4467,56.7107,752
611,175.2909,129540,118.2625,220,116.77,81.4976,56.5915,739
612,174.8407,130606,116.4875,220,117.45,80.5432,58.5657,747
613,174.9517,145035,118.775,210,117.69,79.3217,58.1876,829
614,175.3733,131530,115.925,215,116.6,78.9872,59.3826,750
615,175.3861,136275,118.7,237,117.79,79.029,58.6904,777
616,175.5395,137623,117.0875,230,115.66,80.1053,58.5106,784
617,175.772,131829,117.7375,227,115.79,80.9961,56.8871,750
618,175.5658,129392,118.3625,227,118.04,80.7291,58.2127,737
619,175.0188,139840,117.4,221,117.34,80.4217,58.1862,799
620,176.0667,132050,117.4125,225,116.46,80.9562,57.458,750
621,175.8898,129279,117.2375,224,117.27,81.2714,57.4782,735
622,176.1588,130886,116.775,219,116.45,81.4392,56.388,743
623,176.2164,141678,119.0625,221,116.65,81.2966,56.8013,804
624,177.5193,133317,118.075,225,118.57,81.7766,57.3626,751
625,175.8225,129757,118.6125,216,116.74,79.3936,58.222,738
626,176.7914,127997,117.9375,215,117.98,80.264,58.4651,724
627,177.4093,130041,119.4625,224,117.66,82.4883,56.4387,733
628,176.3188,137176,116.8375,227,118.08,82.2816,56.1678,778
629,176.0407,133967,117.6625,224,115.55,81.0526,57.1713,761
630,175.2144,134039,118.325,208,116.2,80.9318,58.0117,765
631,175.9264,136167,117.1875,223,117.16,80.481,58.8996,774
632,176.116,147233,118.625,223,117.44,80.1295,58.4222,836
633,176.0673,128177,118.5,216,117.44,80.7722,56.8322,728
634,175.671,136145,118,222,117.19,80.7633,57.1809,775
635,176.2105,131453,117.475,220,116.5,81.0984,56.9523,746
636,175.9413,131956,117.3875,216,117.59,80.4929,58.9345,750
637,175.3329,130623,117.6875,218,117.26,80.0789,58.0992,745
638,175.7828,136759,116.6625,217,116.59,80.2178,57.3107,778
639,176.664,133028,118.7,223,116.73,80.2706,58.2029,753
640,176.0934,128196,116.5625,223,117.08,80.7074,56.7113,728
641,176.7023,128816,117.3,218,118.07,81.6269,57.7363,729
642,176.4854,132717,117.7375,235,117.24,80.6955,59.0272,752
643,175.6827,135100,117.625,217,117.54,79.8008,58.4977,769
644,174.8047,135124,118.1125,216,115.52,79.6322,58.443,773
645,174.8472,134982,118.6125,211,116.88,80.0351,58.648,772
646,175.6289,128736,116.975,214,116.14,82.2595,57.4057,733
647,174.8309,132347,117.825,215,116.74,80.7409,56.5108,757
648,175.0133,131610,117.8,224,116.56,81.4569,57.4117,752
649,175.1904,127889,116.95,217,117.28,80.1846,57.6783,730
650,174.751,129840,118.4,218,117.9,80.1023,59.4688,743
651,176.498,132197,117.5375,243,117.67,80.2147,58.517,749
652,175.5293,129014,116.0375,217,116.43,79.673,57.4336,735
653,174.227,134329,117.1125,216,116.78,80.7669,57.1199,771
654,174.1978,126816,118.525,224,116.36,83.1797,55.9897,728
655,174.7266,134190,116.5875,213,117.61,81.8998,56.5136,768
656,175.0095,128982,117.425,225,117.82,79.8902,58.7595,737
657,175.246,132486,117.9875,217,116.11,79.7366,58.3974,756
658,174.432,132045,115.3875,216,115.78,81.1746,57.4168,757
659,174.6181,129392,116.1,210,116.34,81.047,58.5678,741
660,176.0764,133642,119.0875,219,118.79,82.0176,58.0312,759
661,173.5673,139201,117.7125,229,117.07,80.0134,58.7865,802
662,175.9045,132632,119.475,218,119.73,79.6899,58.6525,754
663,175.3827,144340,116.8,226,116.95,80.1967,57.6887,823
664,174.5085,133499,117.7375,212,118.54,80.7368,58.3797,765
665,174.4948,135059,117.0375,218,116.09,79.7825,58.1443,774
666,175.1013,143408,119.1125,222,116.71,80.4664,57.4952,819
667,174.5497,131785,117.575,217,116.99,81.2976,57.89,755
668,173.9233,131486,117.6125,221,116.47,79.09,57.7218,756
669,175.1055,132730,116.2875,217,115.26,79.9616,58.685,758
670,174.335,137899,116.8125,222,116.16,79.7628,58.9082,791
671,174.6236,136381,117.35,209,116.77,79.74,58.064,781
672,175.3602,128539,117.075,212,116.67,80.4715,57.8065,733
673,174.9905,128268,117.4625,223,116.68,80.7842,57.8855,733
674,174.4874,138892,118.1625,219,116.7,80.6032,57.9925,796
675,175.3041,133757,117.3375,225,118.32,80.5128,58.7303,763
676,175.4993,134257,117.675,222,116.52,79.8153,58.098,765
677,175.2091,142445,117.2625,217,117.49,80.8037,57.8202,813
678,174.845,132008,116.5875,222,116.52,81.1605,58.2088,755
679,175.1311,133625,117.2875,232,116.56,80.9797,58.4209,763
680,175.0665,126398,114.875,212,116.27,80.9857,57.9133,722
681,175.9738,127757,118.0875,220,117.82,80.7645,57.5984,726
682,174.1245,135643,116.45,216,116.25,81.6251,56.2462,779
683,175.7062,139335,119.45,227,119.2,81.0674,57.2902,793
684,174.97,139976,120.575,232,117.71,80.8122,57.2509,800
685,175.6025,127663,117.4375,214,116.68,81.4546,58.0683,727
686,176.4432,130568,119.3375,219,118.4,80.5686,56.8935,740
687,175.1364,134855,117.275,224,116.92,80.5788,57.6297,770
688,175.6489,131561,117.175,221,116.12,79.9266,58.5508,749
689,175.7274,132147,119.7125,220,116.9,79.8888,59.2607,752
690,176.5814,134555,117.6125,223,116.92,79.5898,58.2435,762
691,175.5595,129914,117.3125,217,116.65,81.3824,57.7738,740
692,174.1411,139487,117,215,117.59,80.9468,56.5015,801
693,174.5462,132306,117.7875,221,117.32,81.1946,57.7314,758
694,174.7878,134237,118.6125,224,117.56,79.8247,58.0695,768
695,175.3288,130094,117.3125,218,117.1,79.6758,58.9406,742
696,175.5995,139426,118.075,234,116.92,79.5534,57.6865,794
697,174.9163,131712,117.4125,220,116.04,82.4089,56.4987,753
698,175.3,134981,116.125,217,116.69,82.9018,55.9669,770
699,175.0698,132878,117.4875,219,117.79,82.071,56.4442,759
700,174.8847,135011,117.95,228,116.79,81.3839,57.7806,772
701,176.8395,129977,118.0625,233,118.05,80.4987,59.4678,735
702,175.6103,132937,116.925,223,116.4,80.2251,58.1994,757
703,176.315,137702,117.0625,217,116.57,80.8662,58.0319,781
704,175.0879,139370,118.2,222,117.19,80.9574,56.9247,796
705,176.3023,128877,116.425,236,116.67,81.1214,58.0109,731
706,175.2939,128841,116.9125,243,117.49,80.3643,57.7874,735
707,175.2008,137007,116.65,223,117.5,80.3737,58.7059,782
708,175.5506,130083,116.425,227,116.93,79.2529,59.6949,741
709,176.0957,134361,118.05,220,117.13,79.4598,59.5884,763
710,176.0574,131867,118.725,214,116.92,81.1208,58.4913,749
711,176.3564,142496,118.9375,223,118.26,81.8165,56.7645,808
712,174.295,136473,116.95,227,116.65,81.594,57.3185,783
713,174.509,135419,118.2375,217,117.38,78.9064,58.843,776
714,174.7688,136844,117.375,212,116.37,79.3212,58.5025,783
715,174.4041,135512,118.125,216,117.1,80.4292,57.9277,777
716,175.1921,133146,119,224,118.32,81.1369,58.5773,760
717,173.619,140805,116.9375,236,116.57,80.6269,58.3153,811
718,174.822,130592,118.2125,219,117.93,79.9879,57.004,747
719,174.7158,134007,118.45,219,116.3,80.4337,58.723,767
720,176.1982,133382,118.3875,219,117.86,79.701,58.4999,757
721,175.201,138584,117.575,215,117.49,81.922,57.1526,791
722,174.5144,132980,117.8875,232,117.41,80.8424,56.5692,762
723,175.0676,129550,117.6625,222,117.05,81.1539,58.2902,740
724,175.5108,130229,117.0125,218,115.44,80.822,57.566,742
725,174.4496,140083,117.6875,224,118.21,81.6051,57.2421,803
726,175.903,134214,118.45,212,116.29,80.6962,56.6929,763
727,175.1419,135735,118.825,219,117.01,80.9368,58.4124,775
728,176.5255,127981,117.15,227,117.19,81.7965,57.7983,725
729,174.7034,139588,118.0875,216,118.35,81.2795,57.0638,799
730,176.0175,130429,117.75,220,116.21,81.1683,57.3146,741
731,174.2478,138527,117.575,218,116.9,80.6496,58.9078,795
732,176.1838,130376,118.4,223,117.9,79.9562,57.5642,740
733,175.2065,128952,117.9,231,116.16,80.166,58.0324,736
734,175.6978,135463,118.325,224,118.16,81.2346,57.195,771
735,175.1433,127154,117.9625,212,116.74,80.8611,56.5163,726
736,175.441,129300,119.1625,220,117.8,81.1387,58.5764,737
737,174.7657,138764,117.6625,234,117.11,79.9527,58.4658,794
738,175.0768,136735,117.575,222,117.6,79.8032,58.1254,781
739,174.2584,129474,118.3125,220,117.14,81.1527,57.8661,743
740,173.76,139703,117.3625,221,117.8,81.0894,57.0725,804
741,174.1456,136356,116.825,212,117.74,81.9261,56.9291,783
742,174.1239,134946,116.8125,219,117.2,82.7819,56.7203,775
743,174.3058,128812,116.6375,214,116.28,81.8746,58.1585,739
744,174.5629,126209,117.7875,216,116.54,79.524,59.1288,723
745,174.8577,131493,117.075,213,116.18,80.1844,58.5464,752
746,173.9761,138311,118.55,208,117.73,81.8528,57.5037,795
747,174.0814,139091,116.8375,213,116.48,81.7246,55.9635,799
748,174.3379,127441,117.075,225,118.03,80.9656,57.4987,731
749,175.7817,130430,120.2,225,118.44,80.7283,57.879,742
750,175.7995,127982,117.9875,217,116.96,79.5667,58.8031,728
751,174.8248,129720,116.8625,207,118.04,78.8812,58.7588,742
752,174.2881,134899,117.7875,221,117.51,79.6415,58.0773,774
753,175.9301,128429,119.3625,221,117.9,80.5756,57.3709,730
754,174.806,128832,117.15,227,117.17,81.0581,56.5626,737
755,174.2076,133443,118.5,211,117.13,81.2701,56.6574,766
756,174.4295,132392,119.1375,212,117.2,80.3918,56.338,759
757,174.2928,133334,117.0125,220,116,81.7775,56.4989,765
758,173.71,128198,116.525,225,116.08,81.3058,57.9883,738
759,174.5141,129664,117.45,222,115.47,79.4781,58.795,743
760,174.4334,133616,117.85,215,117.51,79.0149,60.0275,766
761,175.4465,129655,117.25,215,116.2,80.556,58.7853,739
762,173.3058,140551,116.5,219,116.4,80.8686,57.5478,811
763,174.5,129479,117.2375,223,117.39,80.6405,58.3594,742
764,174.766,128453,117.225,213,117.63,80.1089,58.291,735
765,174.772,134924,118.275,239,117.56,80.822,58.1618,772
766,173.965,129082,117.6625,215,117.62,80.026,57.5675,742
767,174.4935,134709,118.7375,221,117.09,82.8839,55.7135,772
768,174.7368,126160,116.375,217,116.36,82.344,55.4467,722
769,174.498,133142,117,217,117.11,81.0793,56.6728,763
770,174.7636,128626,117.3375,217,115.84,80.622,58.4213,736
771,175.2623,128292,116.875,215,117.33,79.5731,59.048,732
772,175.3184,133242,117.4125,222,116.65,79.8517,58.686,760
773,174.1104,132498,118.3875,231,117.19,79.8229,57.7469,761
774,173.9413,136370,117.525,226,116.25,81.1578,58.4875,784
775,174.6556,131341,117.4375,215,116.17,80.7993,57.6801,752
776,174.9065,127157,118.2125,217,117.3,80.4226,57.7358,727
777,174.2613,131393,117.825,221,117.09,78.9626,58.5283,754
778,174.0753,136475,116.2875,217,115.76,78.9351,58.2112,784
779,173.6568,128506,117.7625,210,117.09,79.7458,58.5309,740
780,174.2407,140438,117.0875,218,115.79,80.8658,58.0639,806
781,174.9959,127047,117.8375,220,116.8,80.3334,57.8477,726
782,174.1105,133891,118.0625,223,116.69,81.7738,57.2982,769
783,175.3001,126742,116.9,225,117.7,81.8704,56.9953,723
784,175.4809,133541,116.8875,216,116.91,81.2663,57.9774,761
785,174.2671,137671,116.6875,214,116.71,80.9378,57.5955,790
786,174.5262,136305,118.125,220,116.64,79.7842,57.4687,781
787,175.3152,138499,117.75,226,117.03,81.2492,57.6802,790
788,174.6589,135710,117.9,229,117.95,83.2155,55.4743,777
789,174.3113,137183,119.1,218,117.4,82.2168,56.4101,787
790,174.9364,126479,116.45,216,117.51,81.3541,56.4089,723
791,175.4921,133374,117.525,230,116.55,80.0591,58.1555,760
792,174.5217,148518,119.5125,232,118.12,79.7868,57.9855,851
793,174.0087,140773,118.6125,226,118.38,81.0762,57.4195,809
794,176.3247,135770,119.9875,224,118.96,80.543,58.504,770
795,174.744,131058,117.5375,233,116.8,82.9906,56.3572,750
796,174.9501,129813,117.7625,221,116.63,82.4585,55.9496,742
797,176.1626,130008,117.3625,224,117.12,81.0044,56.5562,738
798,174.7779,134579,116.925,221,115.72,81.2655,56.6719,770
799,175.4401,130352,115.775,222,116.96,80.9584,56.932,743
800,174.356,133208,118.1375,216,117.42,80.3155,57.3568,764
801,175.3299,136582,118.8625,219,118.34,79.6207,58.3771,779
802,175.5045,137420,117.85,220,117.32,79.9595,57.2852,783
803,175.0249,126368,118.5625,221,116.72,80.9972,57.9321,722
804,176.658,128607,118.525,217,119.13,81.2482,57.0584,728
805,173.9153,137567,116.7625,216,117.22,81.7584,57.6319,791
806,175.2613,132147,118.8625,219,118.18,80.8788,58.3315,754
807,174.2788,126875,117.85,214,117.17,81.1085,57.5428,728
808,174.6011,130427,117.5625,221,117.13,81.4163,56.9959,747
809,174.4829,132956,117.8,209,118.03,81.1404,57.1619,762
810,174.7348,132449,118.075,225,116.81,83.411,55.9043,758
811,174.2292,138338,119.6125,218,117.94,81.8491,57.4238,794
812,174.041,131749,118.25,218,116.73,80.4631,58.1107,757
813,174.4454,126124,116.675,216,117.28,79.7485,57.8016,723
814,174.5177,132808,118.1625,228,117.4,80.5646,58.3935,761
815,174.5787,133029,117.5375,221,116.44,81.1937,57.2767,762
816,174.3431,130583,117.85,222,116.97,80.3504,57.9228,749
817,174.2324,128932,117.55,213,118.32,79.5555,58.6747,740
818,176.2449,129540,118.0625,217,117.31,80.8213,58.0214,735
819,174.558,129522,118.2875,214,117.84,80.0451,58.8136,742
820,174.7775,133530,117.7,215,116.3,80.5514,58.4358,764
821,174.6398,132377,117.825,222,117.99,79.7328,57.9848,758
822,175.0613,128495,117.175,210,116.13,81.9147,57.5649,734
823,174.6035,129032,117.1125,211,116.37,80.8635,57.6277,739
824,175.9339,127728,117.0125,222,115.95,80.2137,58.2148,726
825,174.307,145895,118.925,219,117.77,80.3249,58.0853,837
826,175.3986,128041,117.325,216,116.22,80.4228,59.0401,730
827,174.2252,131540,117.2,216,117.24,80.7242,57.2373,755
828,174.4528,132933,116.55,218,117.4,81.8767,57.1784,762
829,174.6025,127809,116.7875,211,117.84,80.3879,57.4864,732
830,174.6179,126598,116.825,222,116.44,80.8012,56.6227,725
831,174.3796,131831,116.7375,224,118.38,80.8873,57.7693,756
832,173.6396,136828,117,214,116.12,82.8808,56.6868,788
833,174.2216,127356,117.9375,209,116.78,81.6673,57.3872,731
834,173.5069,137938,117.625,219,116.49,80.9851,56.7263,795
835,174.0324,128784,115.95,222,116.47,79.084,58.9448,740
836,173.989,127012,115.9,215,115.5,80.923,57.1795,730
837,173.8331,136459,117.025,221,116.25,81.2272,57.6426,785
838,173.6727,133728,118.5375,210,118.46,80.8756,57.7342,770
839,174.4475,131359,117.5875,224,116.97,79.499,58.3712,753
840,174.2137,136932,118.9375,217,118.64,80.3126,58.9494,786
841,174.8147,133034,115.3625,223,115.94,80.3001,57.9001,761
842,174.1196,132505,117.5,214,116.36,80.1466,57.9462,761
843,174.1811,136558,117.325,219,117.12,80.6563,57.9476,784
844,174.9808,127386,119.0375,215,116.77,81.0567,57.461,728
845,172.8379,150369,117.525,218,115.81,82.5553,56.4813,870
846,174.9231,129618,118.8875,214,117.2,81.3774,56.9313,741
847,173.9661,128213,117.7125,218,116.71,80.1353,58.8244,737
848,174.0135,128770,119,217,116.91,79.7305,57.5953,740
849,173.426,135966,118.65,225,117.59,80.6699,57.0876,784
850,173.8014,128613,117.5375,212,117.29,81.5129,57.2461,740
851,173.798,135910,116.4125,212,116.33,80.8187,56.7664,782
852,173.5641,132603,117.8625,217,117.51,80.5585,58.3759,764
853,173.3518,134521,118.6125,210,117.87,81.1109,57.515,776
854,173.0829,137774,117.9625,212,117.61,81.0819,57.5774,796
855,173.5373,135012,118.425,224,117.47,80.4163,57.9952,778
856,173.3872,127613,116.4,211,116.2,80.3039,57.1823,736
857,173.716,148006,118.225,217,117.35,79.6165,58.4487,852
858,173.8532,126739,116.4375,221,116.93,79.6661,59.113,729
859,172.9219,132804,117.35,215,116.06,79.8039,58.348,768
860,173.2052,132502,117.4375,213,117.14,80.9586,56.8673,765
861,174.0838,126733,117.2625,213,116.47,82.1754,56.5127,728
862,172.9271,142319,117.9125,214,116.11,82.197,56.3098,823
863,173.2197,130088,117.425,222,116.61,79.8192,58.3558,751
864,174.5373,130903,118.075,214,119.07,79.2044,59.2847,750
865,173.2617,133065,117.575,220,116.99,80.8342,57.065,768
866,173.5254,133441,117.5,212,116.43,82.161,57.2164,769
867,173.1716,134208,119.05,213,117.32,82.0253,55.7591,775
868,173.3639,132450,117.275,215,115.88,81.6977,56.9813,764
869,173.4673,132529,117.4625,220,117.12,80.3514,57.0315,764
870,172.5741,136161,117.8875,208,118.33,81.3687,57.6522,789
871,172.5939,136867,118.1375,210,117.25,81.1265,57.059,793
872,172.9701,132841,118.0875,227,116.28,80.2287,58.0227,768
873,172.3063,131642,117.3375,215,116.31,82.1256,57.2592,764
874,172.8461,131363,117.05,221,116.63,81.4843,56.5881,760
875,172.9104,139020,116.7625,211,117.18,81.3182,56.3211,804
876,173.07,131014,116.5,212,117.93,82.069,56.8753,757
877,173.5616,131039,116.65,223,116.83,81.3965,56.4509,755
878,172.4068,136029,117.7875,217,116.03,82.7914,55.5423,789
879,174.7838,129340,119.5375,211,118.13,81.2418,55.8667,740
880,173.3126,136397,117.9625,219,116.62,82.5784,56.6003,787
881,173.5507,135196,119.275,223,117.9,81.533,57.8851,779
882,173.8294,126374,116.8,211,115.98,80.0477,58.1291,727
883,173.8184,132102,117.6875,219,117.01,80.8891,57.9193,760
884,173.2899,135686,117.925,213,116.5,80.9582,58.1018,783
885,174.0957,130920,117.9875,208,117.03,79.6313,57.2879,752
886,173.0598,130314,117.8625,218,116.45,80.2881,57.6865,753
887,173.6056,137322,118.9375,214,117.01,80.4428,56.7031,791
888,173.4927,130640,117.925,216,117.64,80.4368,57.6132,753
889,172.1876,133101,117.3625,208,117.41,81.2153,56.4852,773
890,172.5071,134383,117.6375,211,116.02,81.3218,57.6849,779
891,174.3289,130398,116.65,226,116.64,79.6053,58.0504,748
892,172.8057,138763,116.1625,215,116.83,78.6925,58.1827,803
893,172.7239,138870,117.2375,225,117.06,79.4423,57.5907,804
894,173.4045,138030,116.9,224,116.98,81.8732,55.6887,796
895,173.2816,126149,117.75,221,116.47,82.6292,56.4879,728
896,173.2569,131502,117.6,211,118.54,81.7027,57.6719,759
897,174.1271,126068,117,219,117.12,81.1853,57.205,724
898,173.1159,135896,116.175,224,116.2,80.5139,58.155,785
899,173.991,135539,117.3,225,116.87,80.8432,58.038,779
900,173.6826,130783,117.3375,218,117.93,80.9037,57.5441,753
901,173.076,134307,117.325,218,116.06,80.5055,57.4549,776
902,173.1735,131785,117.625,217,116.37,81.6038,56.3973,761
903,173.7653,127370,117.375,208,117.19,82.1183,55.9807,733
904,172.4094,136031,118.3375,210,117.24,80.995,56.8494,789
905,173.7146,136366,117.2,216,118.18,82.046,57.1453,785
906,174.1671,129232,117.25,217,118.59,80.9732,58.3231,742
907,172.9634,127647,116.925,205,116.24,80.054,57.8978,738
908,173.2016,126264,116.6375,212,117.67,80.4169,57.7275,729
909,172.834,131181,117.575,216,117.3,83.904,55.3373,759
910,172.9105,133314,117.1125,225,117.31,82.9817,53.9283,771
911,174.0401,130182,117.8875,211,117.63,81.199,58.4061,748
912,172.0547,138504,117.3,213,117.05,80.0998,57.8581,805
913,173.6487,125548,118.3125,229,117.71,81.6767,56.0579,723
914,172.8758,132250,117.2625,223,116.81,81.6817,55.8073,765
915,173.0387,129606,116.4625,210,116.87,81.539,57.0098,749
916,173.7541,128578,118.35,215,116.79,80.7242,57.7178,740
917,174.6719,134148,119.9875,226,119.58,80.468,58.4726,768
918,172.6341,139661,117.8,216,116.01,80.1735,58.5287,809
919,173.8274,146015,118.4375,219,117.46,81.4839,57.8877,840
920,173.7713,134499,117.125,216,117.07,81.7092,57.2043,774
921,173.036,134622,118.725,214,116.85,81.2115,57.0997,778
922,174.8049,127258,117.6625,218,118.15,81.3062,55.878,728
923,174.5179,126700,118.8,219,118.34,80.5724,58.202,726
924,173.0378,137392,117.3375,216,115.96,80.7392,58.4799,794
925,175.3181,130612,118.925,216,116.94,81.5502,56.1505,745
926,172.8926,143328,117.725,223,116.34,82.897,56.6342,829
927,173.9192,126961,117.825,216,117.05,80.6724,57.5498,730
928,173.4531,133212,118.7625,217,117.43,78.6562,59.0894,768
929,173.5125,131349,118.325,205,117.5,78.9728,58.9576,757
930,173.641,130578,117.5875,217,116.26,79.5882,59.9811,752
931,173.8223,131062,116.9375,226,117.21,80.4889,58.1954,754
932,175.2187,137021,117.6875,225,116.2,80.9881,56.6983,782
933,174.5954,135486,118.9875,211,118.96,81.442,56.6158,776
934,175.3546,132042,118.375,231,116.09,80.9863,57.6331,753
935,176.2564,144354,118.7125,213,118.33,80.768,56.9459,819
936,175.5948,128711,117.525,222,116.28,82.5613,56.9178,733
937,176.5987,132449,118.9,224,117.75,82.5667,55.6749,750
938,173.9256,142619,117,213,116.73,82.521,54.9651,820
939,174.7107,137672,118.15,218,116.92,80.386,57.2834,788
940,175.6968,132124,117.375,215,116.69,79.943,58.2972,752
941,175.396,139966,116.875,222,115.95,80.5732,57.8229,798
942,176.5792,130492,118.2375,211,116.4,80.5124,57.2805,739
943,176.8922,137799,116.4,230,117.65,80.6128,57.4818,779
944,176.7659,135933,117.6625,232,117.34,82.6545,55.2876,769
945,178.0623,142806,118.85,230,118.18,81.6267,55.3019,802
946,177.8814,135012,118.1625,214,117.44,81.4066,56.8054,759
947,178.3171,131598,116.725,219,116.47,81.3176,57.3334,738
948,177.5864,138695,116.975,221,115.91,80.4753,57.5714,781
949,178.1867,128829,116.625,225,116.42,81.8255,56.2754,723
950,176.566,140370,117.775,232,116.98,81.839,56.9808,795
951,176.8935,136208,117.7875,232,115.94,81.8091,55.537,770
952,176.9028,131085,117.9875,216,115.52,80.4416,57.7009,741
953,176.7139,135893,117.15,227,117.49,80.1718,57.7733,769
954,176.3874,131585,117.375,220,116.66,80.0023,57.8529,746
955,176.0959,128550,119.275,219,118.53,80.7165,57.4402,730
956,176.3511,132087,117.3125,216,116.58,80.5751,57.686,749
957,176.5046,134320,117.2,216,117.65,81.9846,57.5568,761
958,175.7265,131092,117.15,220,116.68,81.4163,57.109,746
959,175.9795,137440,118.3875,218,116.92,80.0804,57.6694,781
960,175.9949,138860,117.1625,217,116.77,81.4817,58.0096,789
961,175.7355,136195,117.3625,225,116.81,81.0294,58.4676,775
962,176.5294,132044,117.725,216,116.52,79.2681,58.5946,748
963,175.1115,142891,116.75,247,116.16,79.918,57.4941,816
964,175.4494,133517,117.15,217,116.83,81.6504,56.4994,761
965,175.3364,133957,117.8625,224,116.66,82.4059,56.0179,764
966,175.2283,133524,117.4875,233,116.78,81.5045,57.5395,762
967,175.1486,139068,116.4875,226,116.9,80.94,56.7057,794
968,174.8963,141666,116.7125,227,115.56,81.2215,57.1768,810
969,175.7178,135127,118.1375,222,117.98,81.5711,56.5062,769
970,175.591,140824,117.55,220,116.6,81.768,56.1763,802
971,174.8734,132554,118.025,217,116.26,80.3702,57.9638,758
972,176.28,127803,117.85,216,116.82,80.5299,57.802,725
973,176.4099,135130,118.8375,219,118.12,80.9653,56.8924,766
974,175.1322,128547,118.2875,220,116.56,81.5865,57.0927,734
975,174.9597,130170,118.0875,228,116.74,81.1634,57.7534,744
976,175.3414,137117,116.5875,217,116.5,82.0041,56.551,782
977,174.9793,127035,117.05,220,116.86,81.3722,56.922,726
978,174.0375,134705,118.625,216,118.85,82.3897,55.6211,774
979,174.7602,133342,117.1,210,118.93,82.5292,56.1103,763
980,173.9937,137629,118.125,211,116.61,80.9868,58.0037,791
981,174.5548,130567,118.0625,211,116.35,80.2124,57.5779,748
982,174.7289,128251,117.2125,217,116.44,80.8987,56.7252,734
983,175.2487,133890,118.5375,211,117.76,81.7793,56.881,764
984,173.3275,138142,117.55,209,116.35,82.4595,56.024,797
985,174.1108,130409,117.6,215,115.62,81.4098,55.71,749
986,173.9642,131169,117.6375,213,116.79,79.4295,57.9602,754
987,173.2664,145024,116.7,217,115.81,79.7597,56.9845,837
988,173.7728,136933,118.275,207,117.65,81.854,57.2744,788
989,173.9987,129107,117.025,209,116.47,81.0735,57.0118,742
990,174.0547,130367,117.95,213,117.38,80.1461,58.0679,749
991,173.9738,139353,117.775,217,117.36,81.3148,57.813,801
992,173.4116,137342,116.9625,210,116.5,80.3487,58.0595,792
993,173.7169,132546,116.05,215,115.91,79.5856,57.7929,763
994,173.2093,130773,117.45,210,116.65,80.6319,58.368,755
995,174.298,128109,118.2,219,118.17,80.2367,57.1704,735
996,174.425,138319,118.7625,223,118.62,81.2921,56.876,793
997,173.3438,127061,118.175,212,117.25,81.127,56.9353,733
998,174.2895,136643,118.8625,219,118.67,80.6344,55.7205,784
999,172.7494,141309,117.75,211,116.78,82.8483,55.8665,818
1000,174.1673,137418,118.5375,208,118.16,83.3129,55.6718,789
1001,173.5942,130890,116.9625,212,117.05,82.2139,56.7856,754
1002,173.7327,137770,118.2875,216,118.21,80.5651,56.4748,793
1003,173.9973,127888,117.4375,210,117.41,80.5257,57.9011,735
1004,174.1586,126265,116.8375,212,115.98,81.1844,57.8868,725
1005,173.6602,133371,117.8375,230,116.19,81.39,56.1484,768
1006,173.4767,137914,117.025,214,117.06,81.5235,56.363,795
1007,173.9234,136182,117.9625,216,116.84,82.6615,56.0678,783
1008,175.0134,130560,118.2125,213,116.96,80.4755,57.0594,746
1009,174.8242,127272,118.675,216,116.44,81.7415,56.1667,728
1010,174.4715,134692,117.15,214,117.11,81.2862,55.5565,772
1011,174.3916,136723,117.925,214,117.33,81.7585,56.3884,784
1012,176.8218,129964,119.675,214,118.29,80.9453,56.6589,735
1013,175.4177,133142,116.675,223,116.89,82.6835,56.9171,759
1014,174.6644,130125,115.7125,222,116.94,83.7551,55.0287,745
1015,174.6441,136921,116.375,224,117.14,82.8215,56.1377,784
1016,175.7096,144609,118.5375,230,118.5,80.9644,56.1442,823
1017,175.1294,138002,116.9375,225,117.48,80.7693,57.6918,788
1018,175.0958,127995,117.4125,237,117.3,81.8302,56.6906,731
1019,175.2098,139467,117.3875,221,116.65,81.6144,56.1339,796
1020,174.8309,131298,117.025,224,117.24,81.5252,57.3107,751
1021,175.1146,132912,118.0875,219,117.57,80.0798,57.3921,759
1022,175.7773,130251,118.1,218,117.12,81.6651,56.7206,741
1023,176.564,128362,118.5875,210,118.2,81.4437,56.5167,727
1024,174.6277,128526,117.6625,212,117.57,81.4265,57.5217,736
1025,175.8704,134365,117.6625,249,116.62,81.5348,56.4157,764
1026,175.1527,127336,116.625,213,117.63,80.6905,58.2572,727
1027,174.3772,127121,116.1,218,116.32,80.2169,57.7125,729
1028,175.1592,137500,119.2375,216,117.25,80.4972,58.3067,785
1029,174.7685,127581,117.85,217,115.83,81.7999,55.8776,730
1030,174.5301,136308,118.425,219,117.5,82.8446,55.4251,781
1031,173.3834,136106,117.2625,217,117.77,81.2516,57.7439,785
1032,174.0842,142575,117.2125,211,116.76,81.0889,57.7352,819
1033,175.375,129076,116.725,214,116.82,80.3414,58.3246,736
1034,173.5086,141236,117.9625,225,117.95,80.2736,57.1959,814
1035,173.0238,138073,117.125,212,117.17,82.4002,56.4549,798
1036,173.4898,136016,117.325,215,116.79,82.2429,56.3206,784
1037,174.1432,133742,117.45,216,116.34,83.6166,55.4932,768
1038,174.2163,130488,118.2875,216,116.71,81.7006,55.9624,749
1039,173.1282,136425,118.0125,218,117.82,82.4577,56.6026,788
1040,173.9767,126829,118.0125,213,116.06,81.3829,56.8762,729
1041,175.144,130132,117.3125,234,117.65,81.1457,57.7655,743
1042,173.5539,141620,117.25,225,116.14,80.5267,57.0304,816
1043,174.5026,134367,116.8125,217,117.16,80.2972,57.6546,770
1044,176.0026,134818,116.225,212,116.77,80.3394,58.0525,766
1045,175.4308,135608,117.65,220,116.61,81.5161,56.7888,773
1046,176.3836,131053,116.9875,220,116.69,83.4613,56.0715,743
1047,176.2259,127940,116.975,221,117.76,81.2347,57.3234,726
1048,176.8251,129436,117.7,218,116.98,79.2181,58.2706,732
1049,175.8211,131690,117.5125,218,117.58,81.1567,57.8818,749
1050,176.8553,134410,117.95,216,119.68,80.8082,57.2175,760
1051,175.6723,136146,118.5125,221,117.43,82.1473,56.296,775
1052,174.207,134662,118.4,213,117.21,83.304,55.3039,773
1053,175.114,133612,116.8125,226,117.34,82.7964,56.2519,763
1054,174.0568,128802,117.2,209,116.59,79.6182,58.77,740
1055,174.3907,131665,116.3875,212,116.41,81.5495,57.2209,755
1056,173.4275,142384,118.5625,225,116.67,82.6966,55.2452,821
1057,172.4792,145055,117.95,208,116.41,82.0557,55.5102,841
1058,174.0416,125658,117.2125,225,116.96,79.6435,57.3568,722
1059,173.1834,129368,118.85,225,117.85,79.3005,58.2703,747
1060,174.2992,125844,117.6,208,117.64,82.4546,56.6548,722
1061,174.1573,132882,116.8125,210,116.94,82.0193,55.5418,763
1062,173.7724,129808,116.6625,225,116.16,82.8369,55.4432,747
1063,173.3133,138304,117.4125,219,116.6,81.1073,55.1461,798
1064,173.3066,131713,117.5375,211,117.16,80.7908,57.4612,760
1065,173.152,132115,117.4625,213,117.3,82.5842,56.3793,763
1066,172.8887,132087,118.1,212,116.8,82.1814,55.0442,764
1067,173.5841,128973,118.2375,221,115.65,81.287,57.2092,743
1068,173.8769,125713,117.125,213,116.64,80.6575,57.6744,723
1069,173.8469,130559,117.2125,223,116.13,80.5025,57.6196,751
1070,171.6601,138873,118.0125,215,117.26,80.0606,57.659,809
1071,172.8614,132239,117.5125,216,117.58,79.4905,58.4595,765
1072,173.2698,133591,117.975,217,117.15,79.0102,58.624,771
1073,173.0612,135680,116.65,210,116.13,80.9666,57.562,784
1074,172.9177,130207,116.95,225,117.69,81.8757,57.3603,753
1075,172.5761,131503,116.9625,209,116.78,81.7968,55.9049,762
1076,174.0977,126569,118.3,212,117.79,82.3624,55.7521,727
1077,172.8222,129271,117.9125,220,116.68,82.4163,55.3396,748
1078,173.2535,135311,119.225,210,117.45,80.3903,57.9815,781
1079,172.2543,129363,117.7,219,117.12,78.9668,58.3402,751
1080,173.2259,131132,118.8,213,118.02,80.1598,59.682,757
1081,172.2282,136577,118.6,208,118.47,80.4095,57.5398,793
1082,171.6798,139919,118.7875,206,118.08,81.9045,55.6933,815
1083,172.0226,129189,118.2875,218,116.91,81.9412,57.3858,751
1084,171.952,139625,117.3125,221,117.42,80.5243,58.0868,812
1085,171.0531,135303,117.1625,205,117.1,79.4225,57.7535,791
1086,171.9351,129811,116.3875,218,116.6,80.6318,57.4587,755
1087,172.5895,125300,117.45,213,116.92,80.5222,57.3725,726
1088,173.164,127795,117.75,203,116.95,81.7501,57.1037,738
1089,171.9336,137203,117.275,206,117.95,80.9694,56.2128,798
1090,173.7729,125464,118.2375,209,117.91,80.6418,57.1357,722
1091,171.8799,140254,117.8,207,117.45,80.4944,57.1878,816
1092,171.902,140272,117.9875,202,116.15,80.9732,57.1555,816
1093,173.1836,137681,118.85,210,118,81.6861,55.7422,795
1094,171.3408,145297,117.15,222,116.79,81.6496,56.4989,848
1095,171.8497,132668,119.8125,209,118.52,80.896,56.9532,772
1096,172.8015,139278,118.8125,211,118.03,80.6938,57.3273,806
1097,173.3123,126518,116.8875,222,116.2,80.317,58.5407,730
1098,172.3595,131855,116.475,211,116.88,79.6503,57.2149,765
1099,171.233,146233,118.3125,216,117.28,80.8481,56.8261,854
1100,171.8571,145563,117.95,210,117.15,81.2461,56.1,847
1101,171.9566,130859,117.7375,213,116.66,81.4154,55.9449,761
1102,172.6688,133473,117.9625,213,116.66,81.9258,56.075,773
1103,172.2362,134172,116.7875,214,116.29,81.2187,55.5901,779
1104,172.1331,135813,117.5125,214,118.25,82.5027,57.0498,789
1105,171.7295,135838,118.0625,205,117.48,81.5738,57.1552,791
1106,172.7666,127329,116.125,223,116.03,83.3456,56.5908,737
1107,171.9086,126009,117.5125,201,117.09,79.6398,58.3709,733
1108,173.6158,131948,120.1375,214,117.79,79.9959,58.1911,760
1109,174.5416,126019,118.35,221,117.27,80.0887,56.4015,722
1110,173.2165,140825,116.9875,223,116.98,80.7201,55.0788,813
1111,173.0457,143801,119,206,117.53,81.3342,55.0342,831
1112,174.1429,127995,118.35,212,116.62,80.9629,56.09,735
1113,173.9787,130484,117.6,221,117.98,80.363,57.4017,750
1114,174.0303,132263,118.525,211,117.56,80.0756,56.9754,760
1115,173.1838,143223,118.8625,227,116.39,80.3418,57.958,827
1116,173.8524,131954,116.975,215,116.31,82.6804,56.5429,759
1117,174.9628,131747,116.4,216,116.36,81.0287,56.739,753
1118,175.2995,131124,118.1,214,117.02,81.2723,56.5838,748
1119,174.6562,128547,117.8125,211,116.25,81.0202,57.7606,736
1120,174.2261,133283,117.075,222,115.92,80.118,58.1061,765
1121,173.9225,143660,117.5375,220,116.69,81.233,57.0841,826
1122,175.1884,141377,117.3625,222,117.94,81.7721,55.3663,807
1123,174.4508,136595,116.725,220,117.37,80.4909,57.3398,783
1124,175.6509,137359,118.2,217,118.22,80.4284,57.7954,782
1125,174.9794,135609,117.8,220,117.78,80.9733,57.0734,775
1126,175.7276,129687,118.425,214,117.63,81.4946,56.917,738
1127,174.4385,136062,117.9125,219,117.95,82.1083,55.6312,780
1128,173.7088,141399,116.975,221,117.05,81.8279,56.8506,814
1129,173.9264,127662,117.3875,216,118.34,81.1331,57.2819,734
1130,174.1024,130925,117.825,206,117.13,80.3312,56.8722,752
1131,173.8311,131764,116.8,215,116.87,80.4329,57.3472,758
1132,174.7812,130212,118.8375,213,117.66,79.9796,58.071,745
1133,173.8164,129667,117.125,212,117.42,81.2848,57.9512,746
1134,173.6937,128707,117.675,217,117.47,80.3509,56.7977,741
1135,173.8238,131237,118.5875,220,117.58,81.446,56.6174,755
1136,174.3686,133392,117.4625,211,117.7,82.2168,55.5946,765
1137,173.7433,129960,115.75,217,116.92,82.6207,56.2337,748
1138,173.4668,130447,116.2,217,117.12,82.7916,56.5196,752
1139,174.6017,126237,118.35,204,117.47,80.7726,57.3492,723
1140,172.8987,136590,117.65,217,117.1,80.1845,57.7969,790
1141,172.5342,133714,117.3875,236,116.63,80.7516,57.0989,775
1142,174.0483,133321,117.5875,214,116.87,80.0658,56.6274,766
1143,173.1597,139913,117.85,214,117.26,82.1156,56.4205,808
1144,173.0321,140329,118.225,206,116.69,82.1478,56.7258,811
1145,173.4297,135622,117.075,214,117.34,80.8341,57.2842,782
1146,173.9829,132053,117.2875,211,116.66,81.4989,56.6072,759
1147,173.8878,128677,118.175,218,116.87,82.1081,56.4845,740
1148,172.9385,132125,118.225,212,117.18,80.0321,57.7065,764
1149,174.2192,127180,117.0375,215,116.22,79.8107,58.2806,730
1150,173.1561,144239,117.8875,209,117.49,80.1941,57.2797,833
1151,174.1981,130997,116.875,213,116.77,81.479,56.3645,752
1152,175.0081,129506,116.8,209,117.05,81.0893,56.3517,740
1153,172.7776,146861,116.2625,219,117.24,81.756,57.9898,850
1154,175.0904,131668,118.5375,218,117.34,82.2196,55.8117,752
1155,175.3265,136404,118.975,222,116.9,82.2114,55.9383,778
1156,175.0531,135141,117.2125,218,116.66,81.6453,55.3143,772
1157,175.8538,133473,117.825,230,116.32,82.1761,56.9668,759
1158,175.5007,132503,118.125,218,116.44,80.9411,57.6248,755
1159,175.6075,130652,117.875,234,117.34,81.5068,57.4786,744
1160,176.4679,128998,117.85,227,116.8,81.5017,57.1456,731
1161,174.8709,139547,117.725,219,116.29,81.3465,57.4111,798
1162,175.9459,133367,117.125,214,116.4,82.1474,57.337,758
1163,176.3712,132102,117.4375,228,116.56,81.1899,57.6618,749
1164,176.4026,135830,117.0375,215,116.88,81.5791,57.4217,770
1165,176.0941,127316,118.6,217,118.06,82.247,57.1545,723
1166,174.6372,140059,116.3875,216,117.13,81.8196,55.923,802
1167,175.318,133417,117.6875,215,117.04,83.1157,55.6806,761
1168,175.0215,138092,116.525,220,117.22,83.5111,55.0563,789
1169,175.5,133029,118.1625,213,116.95,81.2718,57.5658,758
1170,175.2108,139643,117.5,217,117.97,80.299,57.823,797
1171,174.2636,134183,116.5,218,117.14,82.3466,56.0431,770
1172,174.4321,133615,118.4875,220,117.5,82.2971,55.5846,766
1173,176.3243,129951,117.5125,229,116.66,81.9385,56.6912,737
1174,174.332,128134,117.325,215,116.6,81.8064,57.598,735
1175,174.9006,140795,117.3125,221,117.92,81.4644,57.1,805
1176,174.4474,132580,118.2375,217,116.73,80.6872,57.5633,760
1177,174.108,132148,117.05,217,116.53,83.6238,56.3222,759
1178,175.747,131283,117.775,225,116.93,83.2724,55.2244,747
1179,174.8684,135523,118.95,217,117.4,81.8068,56.5374,775
1180,175.2369,133881,117.35,212,115.73,81.4446,55.4789,764
1181,174.9152,127863,118.35,216,117.69,83.7397,54.8944,731
1182,174.974,127731,117.675,230,116.76,81.614,56.8376,730
1183,173.8132,129317,116.625,214,117.44,81.2536,55.8301,744
1184,175.7941,131494,119.8625,218,117.73,81.3183,57.1589,748
1185,174.1122,142772,118.2625,217,116.74,81.7232,57.0912,820
1186,175.2672,129873,116.8375,217,118.24,81.5713,57.339,741
1187,175.0254,131094,117.025,210,116.88,81.2759,56.8904,749
1188,174,142332,117.15,216,116.56,82.6725,56.533,818
1189,176.7236,130422,118.425,221,117.98,82.3027,55.8283,738
1190,175.7428,133916,117.8125,220,117.62,82.2888,57.8277,762
1191,175.6209,127852,118.1875,217,116.9,82.4005,55.6764,728
1192,176.1948,128446,115.85,219,117.01,83.2942,54.4487,729
1193,174.8298,131472,117.7375,218,117.39,82.513,55.9749,752
1194,174.6746,132054,117.425,217,117.94,80.9481,56.7728,756
1195,173.9188,132874,117.4875,223,116.98,82.0239,56.5347,764
1196,173.8047,139739,117.5125,217,117.33,82.0917,56.4243,804
1197,176.3329,135071,119.4375,226,118.53,81.123,57.0484,766
1198,175.7233,133374,117.5125,219,117.1,81.3754,57.2164,759
1199,176.2676,127794,117.4,211,116.38,80.2745,57.5555,725
1200,176.252,134304,116.9125,220,117.6,80.7399,56.9474,762
1201,176.7083,134475,118.4125,223,117.94,83.2641,55.257,761
1202,176.8283,133859,118.1875,223,116.38,81.9457,55.5335,757
1203,178.1897,135246,119.85,210,118.47,81.2394,57.2445,759
1204,176.7529,135923,116.725,221,116.52,83.1788,56.4824,769
1205,176.9307,145437,118.0625,217,117.68,83.2644,55.9868,822
1206,178.7194,135648,117.375,218,116.89,83.7154,55.59,759
1207,178.8765,131832,118.9125,232,116.78,81.2638,56.7766,737
1208,177.2344,139129,118.1,221,116.05,80.8313,56.678,785
1209,178.929,130976,118.0125,226,117.79,82.9224,55.1974,732
1210,177.0214,149229,119.65,225,118.39,84.0003,54.9492,843
1211,178.0844,130892,117.375,219,117.34,81.4513,57.581,735
1212,178.375,132711,117.8625,225,117.85,82.2248,57.1062,744
1213,177.243,140022,115.675,220,116.93,81.0567,56.5839,790
1214,177.308,128371,117.45,216,116.95,81.4475,57.3007,724
1215,176.4309,137969,118.175,215,117.73,82.2884,56.8979,782
1216,178.1975,130797,117.3125,229,116.91,81.5085,56.6177,734
1217,177.0219,145512,117.15,221,116.96,80.9512,55.925,822
1218,177.3824,150775,117.2125,228,117.3,81.7627,55.5158,850
1219,177.5456,140261,117.175,222,116.66,82.6893,56.2832,790
1220,179.6432,129882,118.4875,223,117.36,82.117,56.876,723
1221,178.5748,128931,118.7125,224,116.7,83.1554,56.4476,722
1222,178.0947,131612,116.6,235,116.71,81.7457,56.9286,739
1223,177.6809,136992,117.1375,213,116.51,82.9943,55.527,771
1224,178.427,130787,117.1375,222,115.79,83.2164,56.0637,733
1225,178.9824,132268,117.525,235,117.47,82.2805,56.818,739
1226,179.0825,136819,117.9375,225,117.53,81.1671,56.9149,764
1227,179.5918,132000,117.1125,225,116.25,81.7616,55.6066,735
1228,181.0546,132713,117.9,224,116.92,82.5772,55.4135,733
1229,180.4692,140405,117.4125,233,116.29,81.8906,55.6957,778
1230,181.1779,145667,117.925,249,116.51,82.4135,56.244,804
1231,181.8824,140777,119.5,237,117.38,82.0469,56.4857,774
1232,184.568,139718,118.225,237,117.91,81.4303,56.4762,757
1233,184.4973,135052,118.7625,238,118.23,81.8976,56.172,732
1234,183.296,142421,117.6875,240,116.15,81.7996,56.4725,777
1235,184.109,136793,117.65,241,116.86,81.9002,57.3356,743
1236,184.8051,136571,115.95,233,117.01,82.0701,55.9133,739
1237,184.3078,139521,117.4875,229,117.14,82.3875,56.2269,757
1238,184.2596,143354,116.65,233,117.33,82.1732,56.289,778
1239,184.0412,142816,116.7375,243,116.32,82.2567,55.9768,776
1240,184.4555,136866,118.125,234,116.81,82.1773,57.1328,742
1241,184.8686,137912,117.9375,230,116.59,83.3354,56.1987,746
1242,184.0935,135861,118.1125,239,117.28,82.0525,56.2761,738
1243,184.6649,138314,118.0375,232,116,82.7472,55.8951,749
1244,184.1277,134045,118.5125,253,116.56,81.5497,56.3914,728
1245,184.3477,141579,116.425,242,116.98,82.4751,56.4246,768
1246,187.5787,139371,118.3875,231,117.06,83.0573,54.6193,743
1247,188.1352,140537,117.95,254,117.19,82.3479,56.7309,747
1248,189.3516,138416,118.2375,242,116.61,82.2604,56.0843,731
1249,189.8358,141048,117.925,246,116.18,82.6279,57.0189,743
1250,190.6057,139714,118.7375,249,117.28,82.4968,56.4887,733
1251,189.1921,142840,117.0875,245,116,81.8864,56.8329,755
1252,188.4435,138506,117.525,244,116.85,82.4036,55.6648,735
1253,188.2747,139135,117.725,235,117,83.3821,56.3042,739
1254,188.2446,138548,117.5625,239,117.64,81.9656,56.1677,736
1255,187.5639,138047,117.9625,242,116.19,83.1409,56.0583,736
1256,187.5997,138261,118.1375,232,117.04,82.5553,56.3694,737
1257,185.7172,145788,118.075,255,116.22,82.2798,56.6239,785
1258,184.7169,143525,118.375,238,117.1,80.6504,56.519,777
1259,185.8324,135286,117.625,237,116.7,82.4539,57.4204,728
1260,184.716,142416,117.375,228,116.01,82.3637,56.5578,771
1261,185.1744,143325,117.375,246,116.74,82.4338,55.9042,774
1262,185.4922,142087,118.15,240,116.47,82.0408,57.356,766
1263,186.1662,136646,117.375,236,117.11,82.6626,55.719,734
1264,187.1818,135894,118.1,239,118.56,82.3529,55.7413,726
1265,185.9642,135010,117.9,239,117.5,82.7558,55.1993,726
1266,186.7531,135396,118.875,237,117.68,82.811,56.3955,725
1267,186.1337,150396,117.975,247,116.52,82.3154,56.6387,808
1268,187.4205,135505,117.6,240,118.12,82.1962,56.0274,723
1269,185.0947,136785,116.9,233,117.65,82.7854,55.9968,739
1270,184.8541,138086,116.5625,230,117.74,81.5008,56.5546,747
1271,185.364,134945,117.2,232,116,83.5873,55.8439,728
1272,185.3557,135495,117.0875,247,118.32,82.4372,55.5503,731
1273,185.2005,136678,116.9,228,116.5,81.3328,56.6371,738
1274,185.6072,134194,118.35,236,116.71,80.982,57.4311,723
1275,184.1848,135560,117.6375,229,116.84,81.8994,55.643,736
1276,184.6083,138087,119.8875,232,117.54,82.1945,55.6442,748
1277,182.582,135841,116.4125,222,117.76,82.5115,55.9607,744
1278,180.7627,135572,117.525,217,117.03,83.5213,56.4856,750
1279,181.9116,137889,118.125,230,118.3,81.1069,56.0768,758
1280,179.5325,138240,118.0875,233,116.25,83.3659,55.8324,770
1281,179.4495,136920,116.925,215,117.09,81.5203,56.2214,763
1282,179.562,133235,117.8875,222,117.27,81.6932,56.4377,742
1283,178.4898,139936,118.0875,238,116.86,83.0108,56.1286,784
1284,177.0116,137007,117.7625,216,117.57,80.9839,56.9885,774
1285,177.6037,136222,117.8375,223,117.21,81.2419,56.5772,767
1286,177.0514,137746,119.0375,240,118.09,81.6733,56.8313,778
1287,176.928,142604,117.7375,224,117.97,82.5993,55.9384,806
1288,177.4311,130057,116.9125,219,116.68,82.7747,55.7733,733
1289,177.122,132133,117.45,217,116.34,82.2581,55.9898,746
1290,176.7182,134836,117.6,218,116.34,81.5685,56.0835,763
1291,176.3364,132076,118.5375,219,117.63,81.7866,56.2794,749
1292,177.1357,141000,117.4,216,118.78,81.6505,55.7638,796
1293,176.7469,142458,116.7,220,116.1,81.9975,56.8787,806
1294,177.6135,129125,118.2875,222,118.35,82.1436,56.411,727
1295,177.0383,138798,117.2625,239,117.2,82.4378,56.4556,784
1296,177.5995,139238,118.3,229,116.12,81.985,55.4546,784
1297,177.3068,140427,119.65,229,117.19,83.6287,55.5364,792
1298,178.4556,132771,117.4375,222,114.91,82.9592,55.6255,744
1299,177.0316,140209,118.5875,219,116.61,82.13,56.9198,792
1300,177.4913,142348,116.7125,234,116.34,83.0553,55.2667,802
1301,178.2238,136163,119.1125,227,117.55,84.3144,54.3188,764
1302,178.218,132416,117.625,228,116.16,82.9363,54.9602,743
1303,177.1694,139078,117.65,225,116.38,83.2426,55.8862,785
1304,176.6234,134587,116.875,221,116.68,83.1687,53.9995,762
1305,178.0713,134800,116.95,220,115.62,83.1061,54.1061,757
1306,180.0055,130324,118.4875,233,118.49,84.8163,54.364,724
1307,179.0196,136950,117.7875,231,118.04,82.892,54.7719,765
1308,180.7803,134139,119.5375,232,117.42,83.4595,53.9716,742
1309,179.4159,147121,118.4875,221,117.06,83.3912,53.4215,820
1310,177.9548,141830,117.5625,235,117.1,83.5507,54.9577,797
1311,178.472,137245,116.45,224,116.4,85.1087,54.0961,769
1312,178.4949,139583,118.3375,229,117.2,83.6532,54.5448,782
1313,177.5747,133181,117.2125,216,117.29,84.2601,53.5594,750
1314,177.8946,135022,117.8125,221,116.13,84.5132,54.2006,759
1315,178.0802,131067,117.25,234,116.54,83.371,54.5422,736
1316,177.235,135762,117.2875,219,116.2,82.4665,55.469,766
1317,176.473,140649,117.675,221,116.65,84.5339,54.2949,797
1318,177.1646,129153,117.3125,228,116.82,84.8534,53.9839,729
1319,175.6526,141049,117.3625,215,117.62,83.7649,53.7634,803
1320,176.719,129535,119.05,225,117.35,84.536,54.8955,733
1321,176.5085,135029,116.8125,224,117.03,84.3492,55.7136,765
1322,176.8747,138316,117.3125,221,116.68,84.0526,54.219,782
1323,178.4162,134169,118.4875,217,117.23,83.7231,54.4165,752
1324,177.3499,138865,118.0875,228,116.88,84.8155,54.3164,783
1325,176.6623,134970,117.275,222,116.62,83.6673,53.8547,764
1326,175.7939,144151,116.725,227,116.16,83.7068,54.0865,820
1327,174.7768,144890,117.35,215,115.82,84.6431,54.2081,829
1328,175.9893,131288,116.5625,221,116.09,84.4239,54.6343,746
1329,177.9302,135049,119.25,221,118.06,83.9536,53.8853,759
1330,177.8542,136592,118.575,224,117,83.5659,54.2316,768
1331,179.2316,131556,119.05,232,118.27,83.3879,54.937,734
1332,177.9416,133990,116.7875,223,115.51,84.724,54.1354,753
1333,178.2494,139391,116.7,219,117.57,84.0654,53.9529,782
1334,178.1295,138941,116.6875,229,116.07,85.2578,53.808,780
1335,179.4425,130993,118.0125,221,115.93,85.4269,52.7883,730
1336,177.9016,132003,117.4375,226,117.24,84.6152,54.623,742
1337,177.9303,130245,117.725,215,117.14,83.3114,54.6745,732
1338,178.0517,130868,116.875,223,115.83,83.4738,54.2236,735
1339,176.8936,144699,119.1125,219,117.61,84.458,53.3804,818
1340,177.6406,133941,117.7375,221,117,83.5683,54.252,754
1341,178.1177,128601,117.3125,221,117.05,83.3425,55.244,722
1342,177.456,136996,118.0375,234,118.69,84.4106,54.4939,772
1343,177.9775,142382,117.225,218,117.39,84.4466,53.6054,800
1344,177.1415,130199,117.225,218,116.88,84.548,53.6458,735
1345,176.2357,138345,118.3625,214,117.1,84.6289,54.9578,785
1346,177.2556,134537,117.8125,234,117.07,84.6615,52.6079,759
1347,178.0674,134797,118.1125,221,117.3,84.6015,53.8455,757
1348,177.9118,135213,116.7125,227,117.78,84.6884,53.8032,760
1349,177.1088,135134,116.8375,222,116.55,84.0501,54.3911,763
1350,177.2258,131856,117.6625,217,117.6,84.8582,53.2562,744
1351,176.8197,131377,117.6875,214,116.48,84.2264,54.2486,743
1352,176.3512,141081,116.075,229,116.35,83.094,54.8206,800
1353,177.946,131858,118.0375,221,117.43,83.5523,54.4854,741
1354,177.9454,133637,119.1625,220,116.58,84.2296,54.342,751
1355,177.2647,135962,117.3125,219,117.61,84.0094,53.8668,767
1356,177.0884,130160,116.8625,224,116.9,85.9878,52.8127,735
1357,176.6593,127548,117.25,215,117.09,84.5727,53.7357,722
1358,177.1761,131819,119.1375,222,117.74,84.1845,54.3817,744
1359,175.8455,134346,118.3875,220,117.43,84.7213,54.0288,764
1360,175.6598,128583,117.7625,226,116.85,84.1165,54.558,732
1361,174.1974,145629,117.225,223,117.39,83.8215,54.0615,836
1362,175.0495,130937,117.6,212,117.26,84.2984,54.0398,748
1363,173.4443,141704,117.2875,217,117.4,84.6178,53.0435,817
1364,173.6536,137360,117.3875,208,116.99,84.897,54.0367,791
1365,173.656,135278,118.125,222,117.33,84.3865,53.3422,779
1366,174.1299,134080,118.2875,225,116.75,83.3879,53.9695,770
1367,173.5163,133087,118.1375,213,116.27,83.1995,54.1857,767
1368,174.5645,132669,117.1,208,117.35,83.4564,54.4039,760
1369,174.6543,131340,118,219,116.17,84.1379,53.1903,752
1370,174.6378,139361,118.2625,210,117.31,84.5078,54.1156,798
1371,174.6108,132355,117.9,211,118.1,83.853,54.5555,758
1372,175.5288,128136,117.0875,218,117.07,82.8238,54.9783,730
1373,175.0374,126377,118.2625,224,116.35,84.3262,53.7923,722
1374,173.7506,137958,116.9875,223,116.46,84.3097,53.489,794
1375,175.4524,132642,117.1875,226,116.54,83.3408,53.9939,756
1376,174.7813,138252,118.925,223,116.05,85.3406,53.5971,791
1377,176.352,138789,117.225,227,117.11,84.9488,52.1586,787
1378,174.2326,130326,117.8875,212,117.28,84.5416,54.5796,748
1379,175.7627,141489,117.55,218,116.22,82.9242,54.9598,805
1380,175.7431,127941,117.6875,214,117.38,83.7671,55.0172,728
1381,175.4959,127761,116.725,218,117.33,82.573,54.8438,728
1382,175.2066,138238,115.8375,212,117.39,83.0714,55.2779,789
1383,175.7751,132886,116.525,217,116.64,84.5056,54.2899,756
1384,177.1775,130757,116.5125,216,117.18,85.5378,53.5305,738
1385,175.7327,126879,118.125,230,116.32,83.4321,55.2993,722
1386,176.0989,131722,117.225,218,117.12,84.9347,53.8987,748
1387,177.8509,134811,118.9625,227,119.39,84.033,53.9957,758
1388,176.7309,136613,118.025,223,116.75,84.1201,54.8286,773
1389,177.9637,137210,118.2875,219,118.06,84.7668,53.7241,771
1390,176.6719,145401,117.375,222,117.32,85.076,52.6375,823
1391,178.3792,132179,117.325,228,117.44,84.9066,53.9827,741
1392,178.2893,136213,117.6625,217,117.72,83.4648,54.3747,764
1393,177.4511,130604,118.4,215,116.24,84.3854,55.5003,736
1394,179.1647,133836,118.6875,229,118.67,84.2587,54.0012,747
1395,177.3448,129107,118.0875,215,116.77,85.7318,54.1371,728
1396,175.9974,137982,118.1375,232,116.11,86.6389,52.2044,784
1397,176.4841,138540,117.425,222,116.57,84.1039,53.3038,785
1398,175.8079,142756,117.3125,240,117.37,83.7238,54.6273,812
1399,175.5995,135036,117.6125,215,117.91,82.7418,54.5756,769
1400,174.7055,139415,118.2125,218,117.28,82.7699,54.6516,798
1401,174.6856,135032,116.9125,215,117,84.7773,54.4681,773
1402,175.5093,131983,119.1375,215,116.56,83.3982,53.845,752
1403,175.5822,130282,117.4625,234,118.01,84.6985,53.7197,742
1404,174.1179,137379,117.925,216,117.68,85.2221,53.9956,789
1405,174.8789,140078,118.5875,220,118.4,84.6739,53.3041,801
1406,174.1161,139467,117.1375,232,117.29,85.6894,53.7089,801
1407,174.1656,136720,116.7625,211,116.79,84.6652,53.5862,785
1408,174.7961,133719,117.85,206,117.62,84.2719,53.3869,765
1409,174.5019,139427,118.775,213,117.51,83.3263,54.1927,799
1410,173.9701,128216,117.6375,208,116.76,85.5021,52.3799,737
1411,172.4374,141916,116.8625,210,116.19,84.9555,51.7545,823
1412,173.1518,133500,117.9875,229,116.88,85.3017,52.5857,771
1413,172.7623,129399,117.25,227,117.73,84.4055,53.7796,749
1414,173.4062,134043,116.7375,218,117.93,84.0972,54.6623,773
1415,173.6542,130067,117.3625,215,116.63,83.7251,53.9657,749
1416,173.8212,126368,115.7,209,116.5,84.5031,53.9217,727
1417,172.9237,131422,117.4125,215,115.89,84.9129,54.6614,760
1418,173.1248,133133,117.6,208,116.69,83.0975,53.6419,769
1419,174.118,129892,118.6875,217,118.26,84.4553,54.6046,746
1420,172.3683,138067,117.4625,216,117,84.6968,53.7615,801
1421,173.8284,128633,116.525,217,119.05,84.8473,53.8049,740
1422,173.3831,152057,118.5375,227,117.23,85.2325,52.9688,877
1423,173.8295,127417,118.1125,218,117.58,84.2876,52.9907,733
1424,173.8014,127744,118.5125,210,117.11,84.1829,53.3978,735
1425,172.6616,137266,117.0625,219,116.9,84.7665,53.1553,795
1426,173.3623,141637,116.5125,223,116.56,85.5607,52.118,817
1427,173.6848,127832,117,217,117.52,85.2085,53.2094,736
1428,173.9393,126106,118.05,219,116.77,85.4424,52.5048,725
1429,175.0331,126724,117.125,216,116.89,84.6824,53.0051,724
1430,172.728,145437,117.25,213,116.85,84.0385,53.3963,842
1431,173.7248,129425,116.4875,211,116.05,84.1159,53.3588,745
1432,173.3786,139223,117.6375,225,117.87,85.1514,53.5066,803
1433,173.7479,126141,116.8,213,117.96,86.5383,51.4871,726
1434,174.1332,131993,119.375,210,118.8,84.7105,52.0088,758
1435,173.6503,134579,118.3625,214,116.48,83.6988,55.4726,775
1436,174.5209,138046,117.6375,212,117.52,82.5395,55.2328,791
1437,174.5,138204,118.0625,214,116.95,83.071,54.3891,792
1438,175.6517,129104,118.35,224,116.07,85.0095,54.6758,735
1439,174.806,138796,117.825,217,115.77,84.3456,53.6747,794
1440,176.6708,129323,117.475,222,117.87,84.6304,53.6763,732
1441,177.4457,129003,118.65,225,117.62,85.4707,52.1118,727
1442,176.586,136501,118.1375,222,118.85,85.3752,52.9046,773
1443,175.5201,139714,117.5875,225,116.44,85.2544,52.4607,796
1444,176.458,128285,117.875,233,117.09,83.9882,53.3161,727
1445,176.5502,135414,117.075,213,117.48,83.8301,53.8006,767
1446,177.2167,138229,117.25,228,116.97,84.0102,53.4988,780
1447,177.6961,142690,117.5375,216,116.43,83.6955,53.3939,803
1448,178.238,137778,116.5125,218,116.66,85.0179,53.2035,773
1449,178.098,134464,117.8625,221,118.23,84.9495,53.6012,755
1450,178.4152,129351,116.8125,227,116.7,83.4983,53.1064,725
1451,179.2591,132831,119.5875,246,117.88,84.092,53.7973,741
1452,178.3243,138023,117.6375,228,116.81,84.8801,53.1721,774
1453,178.9048,131495,119.0875,218,116.95,84.8715,54.2018,735
1454,178.2029,135256,117.6625,218,117.78,84.2759,54.0779,759
1455,177.8362,134622,117.3625,231,117.85,83.9757,54.8543,757
1456,178.482,129221,117.55,230,116.07,83.4343,54.3591,724
1457,178.0373,143320,116.1,217,116.29,83.9402,53.7995,805
1458,178.2442,139387,118.9125,219,116.56,84.2578,52.6975,782
1459,180.439,131540,117.675,231,116.77,83.9385,53.5183,729
1460,180.996,137195,119.2125,238,117.75,84.7134,53.0944,758
1461,181.635,135863,117.95,221,116.86,85.3076,53.8401,748
1462,182.6331,135879,119.1125,223,117.57,84.9227,53.4286,744
1463,182.9439,140318,118.1,231,117.75,85.0429,52.9259,767
1464,182.9163,133346,118.2375,225,116.28,84.7142,53.8582,729
1465,182.8449,132014,118.2,228,117.06,84.312,53.6467,722
1466,182.0565,135268,117.0375,229,116.75,84.0272,53.9735,743
1467,180.2938,156495,120.2625,239,117.85,84.3516,53.628,868
1468,179.3884,132568,116.4875,220,116.98,84.1374,54.3191,739
1469,179.664,133670,116.9125,234,117.64,84.1035,54.2421,744
1470,178.4343,137216,117.7875,220,116.36,84.5884,53.1775,769
1471,179.1367,133636,120.5,219,118.29,83.8659,53.9524,746
1472,177.2362,131332,117.4625,223,116.85,84.1824,55.0227,741
1473,176.6352,136539,115.6625,226,116.38,84.6978,53.9209,773
1474,176.5252,133100,117.2625,212,116.68,85.0632,54.0784,754
1475,177.294,133857,116.425,217,117.81,84.3837,52.5901,755
1476,176.8128,137914,117,229,116.57,83.4239,54.8367,780
1477,176.5398,133111,118.975,212,117.14,84.1612,54.1392,754
1478,177.5484,137600,118.0375,222,118.33,84.859,53.8631,775
1479,176.7394,128843,117.5,218,116.74,83.0932,54.3817,729
1480,175.4479,136323,116.8875,222,116.65,84.3919,54.1162,777
1481,175.8081,152074,118.6125,222,118.34,83.7838,53.1517,865
1482,175.1012,133252,116.4875,223,116.24,83.0525,54.864,761
1483,175.8322,135215,118.875,213,116.45,84.2096,54.3428,769
1484,175.8747,134720,117.2375,218,117.32,85.0708,53.1929,766
1485,175.7865,130082,117.5875,211,116.76,85.1463,51.486,740
1486,177.0995,133533,118.0125,215,116.86,85.4671,52.4613,754
1487,176.9819,137161,117.475,221,118.6,84.1115,54.001,775
1488,177.3903,128608,116.55,227,116.8,83.8642,53.962,725
1489,176.6154,133168,118.625,231,115.87,85.8132,54.2968,754
1490,177.8639,134643,118.7,225,117.79,85.6249,53.5929,757
1491,179.8952,133842,117.775,230,117.45,84.6771,52.5433,744
1492,181.4166,131527,118.8375,218,118.53,85.103,53.2553,725
1493,180.5655,139216,118.0875,224,116.63,83.6318,53.6152,771
1494,181.1401,142195,117.8875,232,117.04,85.382,53.107,785
1495,181.4053,144580,118.125,227,117.93,85.9759,52.8991,797
1496,180.9211,135329,116.825,227,116.48,85.1182,53.5446,748
1497,182.8008,134907,117.6375,240,117.2,85.409,52.6702,738
1498,182.7369,136139,118.9,226,117.84,85.0742,52.5569,745
1499,181.3719,144372,117.0875,233,117.55,85.7105,52.8211,796
1500,180.3715,136902,117.4,227,116.66,86.6237,52.3478,759
