1,199.9876,32198,110.55,242,111.2,108.9272,67.0847,161
2,202.9268,33280,113.8125,248,112.18,109.2723,67.0733,164
3,202.6149,32621,114.425,237,113.01,109.3126,67.1891,161
4,200.9691,32557,113.7,249,111.45,109.5167,67.1905,162
5,202.2593,32766,113.425,247,112.69,108.7288,67.0986,162
6,203.1173,32905,113.4625,259,112.31,109.652,67.1139,162
7,202.2667,33374,113.725,240,112.45,109.169,66.9659,165
8,199.2544,33674,113.35,241,112.03,109.3924,67.0728,169
9,201.9938,32521,112.9125,238,111.67,108.7625,67.074,161
10,201.3815,34839,113.475,256,111.93,109.1415,66.9193,173
11,202.5394,33419,112.25,254,112.02,108.9539,67.1551,165
12,203.8373,33837,112.925,257,112.07,108.5981,67.0842,166
13,204.0429,33259,112.1,243,111.09,109.1665,67.087,163
14,204.3537,33514,114.6,242,114.19,108.8443,67.2017,164
15,204.1043,33269,113.5375,252,112.43,108.7088,67.5017,163
16,202.1173,32743,112.425,251,112.17,108.9694,67.3077,162
17,205.5031,33086,114.325,258,112.45,108.9706,66.8877,161
18,205.5963,33101,112.7,250,111.86,109.1374,67.447,161
19,201.6852,32673,112.85,246,110.92,108.6947,67.3688,162
20,204.5276,33338,113.6,245,112.5,108.9685,67.0603,163
21,206.0552,33587,114.325,254,113.38,109.4355,67.424,163
22,203.7576,33620,113.1875,238,112.05,108.3029,66.9249,165
23,206.1728,33400,115.075,254,113.6,108.0613,66.9532,162
24,203.9578,33857,112.5875,258,111.35,108.712,66.7742,166
25,205.358,33268,113.575,248,111.63,109.0642,66.8016,162
26,207.247,34403,114.375,263,111.91,108.6311,68.0492,166
27,206.0429,33585,113.425,258,112.99,108.7912,66.8357,163
28,204.8012,35021,114.2,252,112.1,109.2448,67.8434,171
29,206.4233,33647,111.725,250,111.59,109.0938,67.8239,163
30,203.1951,33324,111.95,246,111.51,108.7837,67.1736,164
31,205.8393,34581,114.1,267,112.08,109.2854,67.9069,168
32,204.5536,34365,112.375,256,111.05,108.5218,67.2222,168
33,205.8545,33966,113.75,267,112.12,109.0747,67.7198,165
34,206.4136,33439,112.3,269,111.33,108.3767,66.7167,162
35,208.2771,34574,112.95,257,111.66,108.5296,67.5619,166
36,207.7651,34489,113.3375,260,111.18,108.5956,67.3359,166
37,208.7091,34437,113.825,268,111.52,108.4025,67.3212,165
38,210.7267,33927,113.5,258,111.91,108.3899,67.3547,161
39,209.1227,34087,112.475,264,110.68,108.5723,67.1087,163
40,210.9573,34597,112.6125,253,111.66,108.248,67.3221,164
41,213.5,34587,113.7125,256,111.48,108.6056,67.1665,162
42,213.1386,35381,113.2875,265,111.89,108.4551,67.1399,166
43,211.7219,35781,113.2375,257,112.3,108.3756,67.4427,169
44,214.3478,34510,112.8875,260,111.94,108.6002,67.3169,161
45,213.1183,36017,113.975,280,112.67,108.385,67.5791,169
46,214.7222,34785,113.8,263,112.16,108.4594,67.3644,162
47,213.4601,34794,112.9625,256,111.48,108.0827,67.2012,163
48,212.7515,35104,112.7375,257,111.19,108.313,67.3127,165
49,212.816,34689,114.3875,253,112.06,108.4701,67.4588,163
50,210.4568,34094,113.5375,251,112.4,108.4433,67.5027,162
51,208.2699,33948,112.925,248,112.19,108.3133,67.5812,163
52,207.897,34303,111.825,258,110.93,108.2472,67.4683,165
53,208.9938,33857,113.525,250,112.22,107.8338,67.1511,162
54,208.3374,33959,113.475,260,111.45,108.4116,67.2311,163
55,207.6543,33640,113.625,242,111.8,108.0894,67.4376,162
56,208.6347,34842,113.0125,251,111.63,108.3987,67.0779,167
57,208.4037,33553,113.85,246,112.65,108.6304,67.5928,161
58,209.0802,33871,112.1375,265,111.78,107.8584,67.3594,162
59,210.9317,33960,114.775,257,111.94,108.4521,67.4526,161
60,209.8047,35457,113.375,255,112,107.6222,67.5075,169
61,214.8,35442,112.9625,266,111.16,108.2702,67.4245,165
62,212.5031,34638,113.125,271,111.89,108.2047,67.3525,163
63,213.1543,34531,113.9625,275,113.19,108.4837,67.4092,162
64,210.689,34553,113.05,280,112.6,108.3347,67.0773,164
65,210.4251,35141,113.1125,253,111.35,108.7043,67.6985,167
66,210.5679,34112,113.4,251,113.08,108.3669,67.5023,162
67,211.0679,34193,112.3625,249,110.98,108.8103,67.4455,162
68,212.1553,34157,112.775,258,112.06,108.4433,67.4571,161
69,208.0643,35579,112.725,263,111.73,108.3751,67.4691,171
70,212.5247,34429,114.75,252,112.81,108.78,67.376,162
71,212.6832,34242,113.9375,265,111.75,108.6449,67.4873,161
72,211.6933,34506,112.725,261,111.32,108.5427,67.2121,163
73,213.2981,34341,112.35,256,111.01,108.2893,67.0788,161
74,210.9012,34166,112.0125,271,110.71,108.3233,67.2184,162
75,209.4353,35604,114.525,256,112.59,108.3165,67.1723,170
76,209.7317,34396,114.5875,250,112.18,108.6874,67.3889,164
77,212.087,34146,114.55,260,113,108.8367,67.194,161
78,211.0854,34618,112.8625,261,112.49,108.6775,67.4167,164
79,209.5432,33946,113.35,255,112.89,108.4723,67.205,162
80,206.7091,34107,113.3875,263,111.12,108.5308,67.0498,165
81,213.1304,34314,112.925,262,111.17,108.6006,67.5251,161
82,210.3292,33863,113.5375,252,112.48,108.7771,66.9245,161
83,207.2147,33776,112.5,250,111.81,108.2569,67.291,163
84,209.7195,34394,113.5625,263,112.04,108.6121,67.1114,164
85,209.8976,34843,112.925,262,112.34,108.5082,66.9213,166
86,210.5595,35374,113,260,112.19,109.0635,67.2731,168
87,209.2857,33695,114.35,259,113.15,108.7788,67.1858,161
88,211.681,34504,114.5,262,112.66,108.6863,66.979,163
89,206.2857,34656,113.3875,243,112.96,108.661,67.1269,168
90,207.3614,34422,112.0625,263,110.81,108.9759,66.8867,166
91,207.3273,34209,113.175,254,112.69,108.9042,67.0372,165
92,209.2378,34315,112.05,254,111.43,108.5927,67.1827,164
93,208.3415,34168,113.4875,250,111.88,108.9149,66.919,164
94,209.2174,33684,112.1125,246,111.26,108.717,66.6093,161
95,209.4364,34557,114.875,253,113.31,108.7758,66.978,165
96,209.6914,33970,113.7125,262,111.66,108.7147,66.9256,162
97,208.189,34143,112.7125,261,112.41,109.0886,67.0105,164
98,206.1598,34841,113.2375,277,111.99,108.5869,67.2895,169
99,209.122,34296,112.875,259,111.61,108.7056,66.9932,164
100,209.3416,33704,112.475,252,112.05,109.2642,67.0201,161
101,211.2593,34224,113.7,271,111.91,108.993,66.84,162
102,213.5155,34376,111.7625,259,110.68,108.9657,66.7904,161
103,215.1111,34848,112.65,274,111.21,108.8597,66.5724,162
104,216.2531,35033,113.3,257,111.9,108.957,66.9957,162
105,213.9938,34667,112.8875,272,112.25,108.8853,66.8184,162
106,215.0663,35701,111.6875,262,111.34,108.7887,67.2146,166
107,214.4573,35171,112.3,258,111.87,108.6685,66.7053,164
108,216.2638,35251,113.45,257,112.32,108.9387,66.9784,163
109,213.9091,35295,113.5625,267,112.3,109.0365,67.1412,165
110,213.5,35441,114.0375,257,112.9,109.2423,67.0257,166
111,213.1538,36023,112.6875,257,111.49,108.983,66.9639,169
112,209.5714,35208,113.2875,264,112.24,109.0862,67.1028,168
113,209.3841,34339,114.625,255,113.2,108.8179,66.7612,164
114,210.0244,34444,113.425,263,112.15,108.966,66.8323,164
115,209.3148,33909,113.2875,257,111.57,108.783,66.8452,162
116,210.4724,34307,114.1625,266,112.42,108.7564,67.148,163
117,209.8457,33995,113.2,252,111.45,109.3627,67.2571,162
118,207.4877,33613,113.75,258,112.15,108.8499,67.0382,162
119,209.5488,34366,111.475,247,111.34,108.4328,67.0913,164
120,211.2609,34013,112.7375,252,111.34,108.6979,66.8448,161
121,213.3642,34565,111.8625,257,110.96,108.5606,66.7157,162
122,213.8415,35070,113.05,253,111.92,109.1225,67.0293,164
123,211.6566,35135,113.15,259,111.61,108.5827,66.919,166
124,213.8323,34427,113.525,276,111.95,108.8702,66.7161,161
125,218.3913,35161,113.4875,256,112.7,108.7169,66.8078,161
126,215.2622,35303,112.6625,267,111.93,108.9926,66.8823,164
127,218.1043,35551,114.8125,258,112.11,108.915,67.107,163
128,216.8405,35345,112.325,269,111.33,109.2067,67.3131,163
129,219.5366,36004,112.6375,281,111.77,108.5065,66.6671,164
130,217.3158,37161,113.3375,277,112.14,109.1253,67.1009,171
131,217.3333,35208,112.975,258,111.8,108.458,66.9241,162
132,218.1056,35115,114.2,270,112.41,108.6229,66.9778,161
133,216.5152,35725,112.2625,276,111.4,108.698,66.8357,165
134,215.5758,35570,113.5625,271,111.69,108.9482,67.1526,165
135,214.689,35209,113.55,251,112.99,108.7378,66.8516,164
136,215.5509,35997,114.1375,257,112.45,109.0192,67.3587,167
137,216.9509,35363,113.4625,270,111.46,108.9772,66.9876,163
138,211.5679,34274,112.95,276,111.92,108.6597,66.9508,162
139,213.1227,34739,111.9625,275,111.76,108.8329,66.9086,163
140,212.7952,35324,113.8875,254,112.12,108.6278,66.9783,166
141,210.8743,35216,112.6875,261,111.45,108.8234,67.1592,167
142,212.3292,34185,112.7875,268,111.55,108.6051,67.1577,161
143,213.7939,35276,112.075,260,110.65,108.5605,67.1133,165
144,213.5556,36518,112.875,260,112.33,108.9493,67.2841,171
145,210.216,34055,113.55,256,112.47,109.1055,66.9486,162
146,209.3106,33699,113.1,266,112.39,108.7856,67.0358,161
147,208.8235,35500,112.5375,258,111.98,108.9268,67.0801,170
148,210.8494,35001,112.7875,265,111.24,108.7342,67.3971,166
149,208.878,34256,113.775,252,112.17,109.1212,67.2165,164
150,209.3916,34759,113.8,254,112.55,108.9349,67.1906,166
151,209.6398,33752,112.325,257,110.43,108.8597,66.9107,161
152,209.6049,33956,113.875,250,112.76,108.5692,66.9487,162
153,209.184,34097,111.975,249,110.01,108.5711,67.1133,163
154,212.1677,34159,112.9125,258,112.36,108.8289,67.1256,161
155,208.2651,34572,113.3125,254,111.33,109.0598,67.3303,166
156,212.3675,35253,113.1875,255,111.87,109.1307,67.4769,166
157,215.381,36184,114.7125,273,113.59,109.3316,67.1555,168
158,216.9693,35366,112.9875,273,111.15,108.9858,66.1471,163
159,219.0859,35711,114.4,274,112.72,108.5685,67.0476,163
160,220.6,36399,112.6125,287,112.56,108.9919,67.2088,165
161,218.5621,36937,112.9,264,111.94,109.0558,66.991,169
162,218.0802,35329,112.375,262,111.82,108.5861,66.7374,162
163,222.2012,36441,113,270,111.54,108.4181,66.7699,164
164,222.6848,36743,113,282,111.44,108.6676,66.9101,165
165,222.5904,36950,114.5375,275,113.43,108.8194,67.3022,166
166,226.559,36476,113.2375,290,111.72,108.5677,66.9581,161
167,230.7333,38071,113.05,294,112.19,108.5922,66.8175,165
168,232.5679,37676,114.4875,282,112.85,108.8775,67.0444,162
169,233.1304,37534,113.3625,305,112.13,108.5041,66.6552,161
170,228.8773,37307,112.125,282,110.69,108.7415,66.9844,163
171,227.4691,36850,112.7125,285,110.74,108.8952,66.8676,162
172,226.3476,37121,112.525,278,111.52,108.785,67.0397,164
173,227.4233,37070,111.7625,294,110.85,109.237,67.0971,163
174,225.1491,36249,111.4875,273,110.03,108.932,67.0093,161
175,222.1043,36203,111.8875,281,111.62,108.8109,66.8111,163
176,220.0783,36533,112.55,278,111.04,109.0308,67.157,166
177,221.6424,36571,113.5375,270,112.04,108.8469,67.0231,165
178,219.2919,35306,112.9375,280,111.88,109.2732,67.0907,161
179,217.8171,35722,113.65,268,111.36,109.2857,66.993,164
180,218.6994,35648,113.1,270,111.81,109.0289,66.953,163
181,220.9571,36016,113.1125,279,112.42,108.8094,67.2948,163
182,219.7117,35813,113.425,260,111.63,109.0944,67.256,163
183,221.9207,36395,112.175,287,111.58,109.231,66.8076,164
184,221.9814,35739,112.9125,290,111.2,109.3041,67.1276,161
185,219.2606,36178,112.45,268,110.39,109.334,66.8321,165
186,216.4651,37232,113.1,287,112.18,108.9539,66.7513,172
187,218.2733,35142,113.5625,265,112.87,109.2599,67.0302,161
188,220.1801,35449,113.6375,284,111.46,108.9009,66.9184,161
189,217.9264,35522,112.375,260,111.74,108.9018,66.9741,163
190,218.3704,35376,112.9,271,111.86,109.7405,67.0761,162
191,215.2545,35517,113.4125,269,112.39,109.3336,66.525,165
192,213.8563,35714,113.3875,272,111.51,108.9618,66.8425,167
193,212.7453,34252,112.925,260,111.37,109.6816,66.909,161
194,213.6605,34613,112.825,273,111.93,109.5101,67.0619,162
195,212.5732,34862,112.55,270,111.92,109.2525,66.9414,164
196,211.5528,34060,113.775,256,111.42,109.6875,66.9407,161
197,208.8773,34047,112.0875,260,111.05,109.3772,66.5931,163
198,207,33534,112.8375,254,112.48,109.5641,67.0833,162
199,208.0479,34744,112.4125,282,111.76,109.0976,66.8584,167
200,207.2422,33366,114.0375,253,111.56,109.1986,66.649,161
201,207.463,33609,114.525,275,113.11,109.3258,66.8384,162
202,204.8333,33183,112.525,261,111.12,108.9785,66.2449,162
203,207.2422,33366,114.275,248,112.93,108.9923,66.6425,161
204,206.103,34007,113.1375,264,111.48,109.3585,66.8668,165
205,205.3354,33675,113.2625,255,111.87,109.6786,67.0064,164
206,207.0368,33747,112.6125,264,111.28,109.37,67.0339,163
207,206.0864,33386,112.8625,253,111.93,109.6031,67.0598,162
208,203.9202,33239,112.0875,258,111.81,109.2258,66.8884,163
209,205.7267,33122,113.55,247,112.81,109.2876,66.7055,161
210,202.9588,34503,113.5125,249,112.3,109.8364,66.9803,170
211,203.0793,33305,112.1,252,111.29,109.5843,66.774,164
212,203.6074,33188,112.75,237,111.17,109.6468,66.6827,163
213,203.1863,32713,113.625,240,113.27,109.3035,66.9097,161
214,203.6503,33195,113.275,250,111.4,109.6876,66.5989,163
215,204.2622,33499,112.25,265,111.74,109.4138,66.3232,164
216,202.903,33479,113.0375,242,112.41,110.0565,66.5627,165
217,203.0432,32893,113.1875,242,112.34,109.8803,66.653,162
218,203.1758,33524,112.3375,249,112.2,110.0782,66.6014,165
219,201.5422,33456,113.5375,248,112.72,109.9057,66.6376,166
220,203.8758,32824,112.8625,248,111.62,110.0287,66.5547,161
221,202.8848,33476,113.8875,257,112.99,110.2319,66.6515,165
222,205.1411,33438,112.15,257,110.96,109.7836,66.3913,163
223,201.4699,33444,114.1125,247,112.43,109.9831,66.2637,166
224,201.9645,34132,113.1875,244,111.42,109.85,66.3726,169
225,201.773,32889,113.8125,259,111.87,110.362,66.4592,163
226,201.1059,34188,113.0125,252,111.11,110.3886,66.1625,170
227,205.1037,33637,112.65,262,110.97,110.747,66.3181,164
228,204.3865,33315,113.1875,252,111.66,110.1137,65.9672,163
229,206.2622,33827,113.7875,248,111.34,110.3117,65.8074,164
230,209.5915,34373,113.55,258,112.55,110.5159,66.2286,164
231,205.7126,34354,112.1125,258,110.97,110.5465,65.7792,167
232,206.5808,34499,113.8625,254,112.93,110.7393,66.2387,167
233,205.9217,34183,112.0875,258,110.83,110.9646,66.0947,166
234,205.9268,33772,111.55,251,111.28,111.1435,65.6965,164
235,205.8232,33755,114.075,249,113.12,110.7483,66.1797,164
236,203.5617,32977,112.45,241,111.35,110.8957,66.3428,162
237,205.3054,34286,113.725,257,112.65,111.0561,65.9195,167
238,204.509,34153,112.5375,243,111.75,110.7865,65.3962,167
239,204.3006,33301,113.675,247,112.02,110.9817,66.0424,163
240,205.454,33489,114.175,254,113.16,111.1147,66.0073,163
241,204.2422,32883,112.6875,250,111.67,110.9839,65.9583,161
242,204.6568,34587,112.45,272,110.99,111.1842,65.6576,169
243,206.0062,33373,112.625,249,111.28,110.9677,65.8275,162
244,206.7212,34109,112.3625,259,111.85,111.045,65.4694,165
245,207.9815,33693,112.5625,250,111.09,111.209,65.6743,162
246,209.6727,34596,112.65,269,111.03,111.0071,65.3971,165
247,210.4634,34516,113.1375,258,112.45,111.6069,65.5087,164
248,213.7012,35047,112.175,255,111.34,111.2326,65.6382,164
249,212.5152,35065,114.1625,273,112.89,111.2877,65.7175,165
250,209.5153,34151,113.4125,255,112.29,111.5563,65.4924,163
251,210.6928,34975,112.55,258,110.6,111.6189,65.595,166
252,215.4024,35326,113.1375,263,112.49,111.4457,65.2001,164
253,213.0859,34733,112.9375,261,111.9,111.6136,65.7976,163
254,211.5926,34278,114.075,250,112.87,111.7488,65.8223,162
255,207.7081,33441,111.8,261,111.24,111.6902,65.3136,161
256,209.3851,33711,113.85,257,112.07,111.9108,65.6287,161
257,207.7818,34284,112.875,252,112.51,111.8311,65.6817,165
258,208.8589,34044,113.5125,250,112.69,112.0527,65.6808,163
259,207.753,34487,113.2625,263,112.13,111.6254,65.5536,166
260,207.3106,33377,113.9875,259,113.15,111.3799,64.81,161
261,204.7195,33574,114.0375,255,112.28,111.8423,65.3172,164
262,203.4048,34172,113.675,242,112.75,111.5061,65.0047,168
263,204.9441,32996,114.0125,242,113.41,112.0295,65.2166,161
264,203.3457,32942,114.4625,256,113.14,112.07,65.1243,162
265,202.4639,33609,113.5375,238,111.28,111.8749,65.115,166
266,202.3697,33391,112.6375,245,111.83,112.067,65.2978,165
267,203.9627,32838,113.95,254,112.28,112.0992,65.4346,161
268,200.9815,32559,113.725,245,111.75,111.7587,65.1245,162
269,200.1667,33628,113.875,242,112.09,112.6504,65.2596,168
270,203.1227,33109,113.9125,242,112.76,112.4263,65.5233,163
271,201.9643,33930,112.375,256,111.23,112.0184,64.7857,168
272,202.9689,32678,114.6125,249,112.67,112.4718,65.3957,161
273,203.1429,32706,113.3125,242,111.45,111.988,64.9647,161
274,204.5212,33746,113.0875,253,111.57,112.4045,64.9586,165
275,203.1049,32903,114.2125,240,112.94,111.9744,65.3649,162
276,200.9524,33760,113.5375,238,111.66,112.1961,65.1961,168
277,204.0926,33063,113.7625,249,112.06,112.0541,65.2988,162
278,202.6037,33227,113.3,260,112.12,112.2001,65.5727,164
279,203.018,33904,112.225,240,111.39,112.3684,65.4773,167
280,202.0617,32734,112.6375,259,111.36,111.9761,65.1499,162
281,202.8242,33466,112.5875,247,111.3,112.186,64.9247,165
282,201.0778,33580,111.8375,253,111.53,112.1022,65.1754,167
283,200.7423,32721,113.3125,246,111.48,111.6786,65.0245,163
284,201.929,34126,114.55,244,113.26,112.1854,65.5168,169
285,203.3171,33344,113.5375,241,112.91,112.6229,64.8994,164
286,205.2025,33448,114.2125,252,113.03,112.2711,65.1426,163
287,200.3171,32852,113.325,254,112.1,112.0926,64.8024,164
288,202.4596,32596,114.0125,239,112.42,112.5052,64.698,161
289,202.2593,32766,112.4,241,111.76,112.5283,65.1518,162
290,203.9207,33443,112.9375,245,111.37,112.1655,65.0291,164
291,204.2439,33496,112.5,246,111.11,111.9757,64.8521,164
292,206.9815,33531,112.55,264,111.39,112.391,64.8,162
293,206.0904,34211,112.025,266,110.59,112.3276,64.7499,166
294,207.1656,33768,113.7125,262,112.07,112.1978,64.845,163
295,208.4242,34390,112.4125,250,111.5,112.3076,64.9743,165
296,208.3519,33753,113.7,251,112.01,112.2812,65.1031,162
297,209.1656,34094,113.8875,256,111.4,112.2073,65.1771,163
298,214.2439,35136,112.725,251,111.69,112.4558,65.0678,164
299,213.4634,35008,114.7625,264,112.93,112.0328,64.741,164
300,212.2023,36711,114.0625,259,113.6,112.1491,64.8572,173
301,213.0245,34723,113.2625,258,111.48,112.3879,64.6687,163
302,211.697,34930,112.8625,260,111.56,112.5768,64.9887,165
303,212.7455,35103,113.4125,267,112.22,112.6281,65.1524,165
304,215.5776,34708,113.05,260,111.4,112.5692,64.4409,161
305,214.1152,35329,112.3125,265,111.71,112.8572,65.0051,165
306,214.0745,34466,113.85,267,112.08,112.2724,64.376,161
307,221.1366,35603,113.5125,264,111.37,112.2203,64.4139,161
308,222.6707,36518,113.475,264,111.67,112.5818,64.271,164
309,227.216,36809,113.925,291,112.56,112.4098,64.3907,162
310,232.7117,37932,114.7875,285,112.78,112.4975,64.2481,163
311,236.4233,38537,112.625,311,112.04,112.4761,63.9557,163
312,238.4286,38387,113.3625,295,111.22,112.8511,63.7535,161
313,241.7222,39159,114.7,304,112.94,112.7414,64.1448,162
314,242.9759,40334,113.6,315,111.74,112.6025,64.1193,166
315,249.1227,40607,113.9625,324,112.84,112.5901,64.1759,163
316,255.358,41368,112.4875,332,111.57,112.4956,63.6596,162
317,264.0122,43298,113.6875,332,112.26,112.8203,64.01,164
318,269.1646,44143,112.5875,343,110.84,112.2437,63.8705,164
319,283.5093,45645,114.9875,365,111.91,112.6941,63.9261,161
320,290.7329,46808,113.3875,354,111.79,112.9475,63.8045,161
321,296.3789,47717,113.75,383,112.37,112.7296,63.7231,161
322,303.6707,50713,113.15,412,112.26,112.8305,63.6441,167
323,312.2981,50280,113.075,385,112.11,112.6402,63.3265,161
324,318.216,51551,114.4375,407,111.88,112.7831,63.8245,162
325,325.3333,52704,114.05,413,113.03,112.925,63.6618,162
326,334.3395,54163,113.375,434,111.79,112.8951,63.5578,162
327,337,54257,113.6,439,112.25,113.0055,63.6935,161
328,348.7407,56496,112.925,451,111.62,112.919,63.4682,162
329,355.0494,57518,114.925,436,113.57,112.8923,63.7631,162
330,363.2099,58840,114.8625,476,111.98,113.0342,63.5941,162
331,364.6832,58714,113.775,453,112.24,112.7222,63.3837,161
332,372.3602,59950,115.325,463,113.16,112.8143,63.622,161
333,374.8882,60357,115.25,492,113.11,113.1234,63.5401,161
334,370.4224,59638,112.4375,473,111.65,112.8423,63.3936,161
335,379.9068,61165,114.9,473,111.35,113.2663,63.5364,161
336,381.0061,62104,113.75,497,112.66,113.1216,63.5819,163
337,385.7205,62101,114.675,475,112.92,113.0429,63.5202,161
338,391.2981,62999,114.775,493,112.01,113.3095,63.3151,161
339,394.5093,63516,112.7125,495,112.7,113.0276,63.3715,161
340,393.2919,63320,112.8,510,111.44,113.278,63.6385,161
341,390.4658,62865,114.0125,505,112.54,113.2199,63.295,161
342,391.1576,64541,115.2,495,111.75,113.3046,63.4778,165
343,396.5783,65832,113.8125,511,111.58,113.5107,63.532,166
344,392.7267,63229,113.975,531,112.04,113.242,63.69,161
345,395.8882,63738,113.8375,512,111.46,113.407,63.4312,161
346,388.8537,63772,113.0625,500,112.25,113.3301,63.4416,164
347,391.0247,63346,113.1375,511,111.5,113.5958,63.3917,162
348,384.3665,61883,114.75,536,112.71,113.5033,63.1328,161
349,386.5776,62239,113.425,495,112.3,113.6676,63.3877,161
350,383.7378,62933,112.7875,488,111.61,113.5467,63.259,164
351,384.9006,61969,114.5,491,111.69,113.7517,63.178,161
352,386.1429,62169,114.95,496,112.79,113.8648,63.258,161
353,379.0309,61403,113.9375,487,111.07,113.6514,63.0311,162
354,374.2174,60249,113.7875,473,112.59,113.6623,63.2681,161
355,361.5337,58930,113.3875,460,111.57,113.8425,62.9986,163
356,360.0435,57967,113.9875,456,113.04,114.0589,63.1824,161
357,350.7081,56464,113.2625,458,112.57,113.7227,63.1806,161
358,344.6335,55486,113.6625,429,111.77,114.2702,63.1257,161
359,338.1801,54447,114.3375,430,113.41,114.0783,63.2926,161
360,333.9689,53769,113.6375,422,110.8,114.0781,63.1128,161
361,325,52650,113.6375,406,111.93,114.037,62.985,162
362,324.3963,53201,113.75,417,112.36,114.0281,63.233,164
363,317.8589,51811,113.1,439,111.82,113.8572,63.1924,163
364,318.6335,51300,114.575,394,113.45,113.9585,63.2796,161
365,319.8466,52135,113.125,407,111.73,114.0449,63.0426,163
366,311.8466,50831,113.0625,394,112.05,114.1731,62.9337,163
367,307.4877,49813,114.325,389,112.68,114.1129,63.4035,162
368,306.205,49299,113.275,401,111.94,114.0293,63.0215,161
369,299.6173,48538,113.9875,380,112.68,114.1685,63.3806,162
370,298.0621,47988,113.85,408,112.74,114.3196,63.3296,161
371,298.5247,48361,113.4,370,112.66,114.4136,63.1724,162
372,299.5217,48223,113.6125,376,111.8,114.0798,63.0832,161
373,299.321,48490,114.5375,393,112.9,114.1132,62.9674,162
374,300.3789,48361,112.7875,378,111.92,114.2169,63.2284,161
375,303.559,48873,115.475,382,112.86,114.0915,63.1487,161
376,303.4969,48863,113.1125,385,111.54,114.2918,63.0172,161
377,305.6605,49517,114.4,372,112.38,114.3776,63.1987,162
378,305.3851,49167,113.3625,376,111.54,113.9649,63.0907,161
379,314.0429,51189,114.5625,391,112.3,114.3575,63.3241,163
380,318.8137,51329,114.4625,419,112.93,114.0411,63.1162,161
381,321.6957,51793,115.225,446,113.23,113.989,63.0732,161
382,317.8037,51802,112.7375,385,111.91,114.3485,62.9454,163
383,321.142,52025,113.8,425,111.53,114.0402,62.9827,162
384,321.7407,52122,113.1375,414,112.76,113.9823,63.0232,162
385,325.2174,52360,113.1875,408,112.09,114.0259,63.1614,161
386,324.7099,52603,114.9625,408,113.01,113.9426,62.8572,162
387,319.0311,51364,113.25,404,111.69,114.2587,63.2088,161
388,315.2671,50758,115.3125,422,111.83,114.4018,63.1739,161
389,311.1242,50091,112.2125,382,110.35,114.3559,63.1896,161
390,309.4783,49826,113.8625,388,111.42,114.1233,63.1681,161
391,302.6871,49338,114.2875,361,113.04,114.4578,62.9925,163
392,301.4321,48832,113.0875,378,111.5,113.9284,62.9905,162
393,301.5,49446,114.2875,372,113.12,114.1566,63.0671,164
394,301.6111,48861,114.2375,384,111.68,114.1675,62.8918,162
395,297.3537,48766,114.6875,375,112.5,114.4457,63.2464,164
396,296.9383,48104,114.5125,369,112.59,114.5016,63.2841,162
397,292.3148,47355,112.95,355,111.8,113.9814,62.9734,162
398,290.2822,47316,114.45,370,112.17,114.5985,63.1644,163
399,289.2407,46857,113.5,372,111.3,114.4498,63.0557,162
400,282.227,46003,112.7875,349,111.34,114.5062,62.8822,163
401,278.3106,44808,113.5,351,111.55,114.3599,63.0336,161
402,276.1288,45009,112.675,346,111.05,114.3262,62.8503,163
403,268.7256,44071,112.4875,375,112.54,114.7116,63.1169,164
404,265.8148,43062,111.7,329,111.78,114.9915,63.0093,162
405,259.3926,42281,111.5375,322,111.38,114.4826,63.0577,163
406,259.7939,42866,114.45,341,112.48,114.4634,63.2319,165
407,255.8199,41187,113.4375,315,110.86,114.6699,63.1226,161
408,255.3681,41625,113.125,336,111.44,114.5294,63.1873,163
409,254.1902,41433,113.2875,319,111.87,114.4834,62.9056,163
410,250.5427,41089,113.475,317,112.48,114.3766,62.8476,164
411,245.0807,39458,112.7125,294,111.18,114.5303,63.3013,161
412,250.0932,40265,113.25,311,113.01,114.3835,62.8788,161
413,246.7239,40216,113.8375,306,111.99,114.5527,62.9841,163
414,242.6398,39065,112.6625,287,111.5,114.4431,63.0335,161
415,240.5617,38971,112.975,300,112.24,114.2621,63.1676,162
416,238.7407,38676,112.5,300,111.14,114.4713,62.6045,162
417,240.8571,38778,113.25,316,111.21,114.4528,63.0629,161
418,241.1707,39552,113.7375,307,111.81,114.6025,63.1009,164
419,242.1463,39712,112.4875,293,111.3,114.8425,63.2192,164
420,244.0186,39287,113.7625,294,112.71,114.6725,62.8713,161
421,242.4568,39278,112.8125,317,111.17,114.3824,62.7021,162
422,243.6852,39477,112.55,301,110.51,114.349,62.789,162
423,246.8765,39994,112.8875,310,111.1,114.6571,62.7828,162
424,247.5617,40105,112.55,314,111.48,114.5682,62.5242,162
425,247.5247,40099,112.75,312,111.88,114.3226,62.6239,162
426,250.8795,41646,113.675,325,111.98,114.5492,62.6459,166
427,258.4908,42134,114.0625,334,111.81,114.4766,62.6348,163
428,259.0556,41967,113.075,334,112.13,114.5582,62.8075,162
429,265.1304,42686,113.375,346,111.61,114.4205,62.7697,161
430,261.0366,42810,111.4625,342,111.49,114.8018,62.7317,164
431,263.0497,42351,113.1125,328,111.01,114.5105,62.8038,161
432,263.5951,42966,112.25,328,110.94,114.8157,62.7081,163
433,268.503,44303,114.15,330,112.85,114.4855,62.679,165
434,275.7914,44954,113.2875,355,111.57,114.7561,62.9121,163
435,274.6037,45035,112.3375,342,111.29,114.5089,62.3304,164
436,277.5926,44970,113.0875,347,111.93,114.5849,62.7121,162
437,274.8889,44532,113.875,350,112.44,114.9084,62.458,162
438,271.764,43754,113.775,338,111.86,114.6699,62.6164,161
439,267.2439,43828,113.1125,335,111.03,114.8219,62.7158,164
440,268.0303,44225,112.6,331,111.24,114.7925,62.5416,165
441,267.3478,43043,113.8,332,113.23,114.5316,62.7883,161
442,264.2298,42541,114.45,330,113.83,114.6176,62.4256,161
443,258.9938,41698,113.6875,333,110.73,114.7724,62.1713,161
444,253.6951,41606,112.8125,307,111.89,114.5988,62.5977,164
445,257.5404,41464,113.8375,317,112.58,114.8378,62.5136,161
446,250.9814,40408,112.0875,332,111.09,114.9242,62.7018,161
447,248.1543,40201,112.7875,300,111.73,114.6457,62.5787,162
448,244.236,39322,112.375,330,110.65,114.786,62.6531,161
449,239.8424,39574,112.9875,289,112.27,114.9617,63.0427,165
450,238.1925,38349,112.3375,296,111.73,114.9306,62.8363,161
451,235.9264,38456,114.3375,284,113.52,115.1426,62.723,163
452,229.3869,38537,113.3875,278,112.68,114.8872,62.7719,168
453,230.7453,37150,113.2875,287,112.05,114.6829,62.8234,161
454,226.0556,36621,111.825,284,110.25,114.8999,62.5535,162
455,225.0994,36241,113.0125,281,111.9,114.6573,62.7778,161
456,225.9877,36610,111.9125,279,111.41,115.3833,62.5308,162
457,224.3913,36127,113.2625,279,111.68,115.0851,62.761,161
458,226.913,36533,112.825,285,110.98,114.6332,62.6636,161
459,224.2654,36331,112.8875,276,112.09,114.6047,62.4398,162
460,222.7329,35860,113.6875,269,112.24,115.4269,62.7351,161
461,225.2037,36483,111.95,270,111.42,114.7765,62.8747,162
462,224.7362,36632,112.5625,280,111.83,114.8882,62.4576,163
463,225.0309,36455,112.2,274,111.97,114.6338,62.6742,162
464,221.5655,37223,115.475,271,113.47,114.7485,63.0335,168
465,220.2424,36340,113.85,263,112.12,115.063,62.5654,165
466,218.8712,35676,112.35,272,112.96,115.0621,63.0706,163
467,215.7531,34952,112.4625,268,111.66,115.1677,62.6815,162
468,214.3614,35584,113.6375,267,112.06,114.9343,62.4987,166
469,214.3519,34725,113,263,111.5,115.7735,62.9591,162
470,212.5528,34221,112.05,280,111.36,115.3086,62.7332,161
471,210.5679,34112,112.5,255,111.07,114.9879,62.8309,162
472,209.0802,33871,112.5625,267,110.63,115.0389,62.7592,162
473,210.7716,34145,113.75,281,112.9,115.114,62.7861,162
474,208.6037,34211,113.3625,248,112.7,114.8406,63.0547,164
475,210.2577,34272,112.8375,263,112.03,115.4463,62.7429,163
476,207.2298,33364,111.25,259,111.1,115.047,62.7388,161
477,209.7117,34183,113.4125,252,111.23,114.8413,62.4755,163
478,211.2174,34006,112.525,253,111.15,115.0346,62.5121,161
479,215.1605,34856,113.3625,270,111.79,114.7258,62.4983,162
480,219.7516,35380,113.2125,267,113.47,114.8279,62.3223,161
481,216.8364,35778,112.675,269,111.05,114.9734,62.7508,165
482,216.3455,35697,113.0125,267,111.51,115.1249,62.2906,165
483,215.1543,34855,113.9375,259,111.6,114.959,62.3164,162
484,218.2147,35569,113.1,263,111.87,115.2745,62.4279,163
485,215.2638,35088,113.4875,259,111.52,115.3818,62.6259,163
486,212.5247,34429,114.575,253,113.22,115.1251,62.4295,162
487,210.3681,34290,114.175,250,111.77,115.2349,62.4664,163
488,211.284,34228,114.2625,257,112.82,114.8901,62.5689,162
489,209.5542,34786,114.1625,281,111.74,115.1154,62.6166,166
490,207.4881,34858,111.7875,255,110.93,115.358,62.5662,168
491,204.6871,33364,112.475,258,110.36,114.7838,61.9267,163
492,204.7546,33375,114.7,235,112.36,115.4174,62.5126,163
493,206.6303,34094,112.3625,259,111.75,115.3122,62.3577,165
494,204.1198,34088,112.35,256,111.4,114.9726,62.45,167
495,205.7683,33746,112.7375,246,111.96,115.6335,62.8787,164
496,204.8639,34622,112.45,257,111.33,115.4383,62.6405,169
497,205.3851,33067,112.1875,257,111.43,115.2914,62.2207,161
498,202.8148,32856,112.9375,238,110.65,115.1305,62.6562,162
499,205.5093,33087,111.825,242,110.65,115.6616,62.394,161
500,203.0854,33306,113.525,233,111.97,116.1307,62.5061,164
501,205.0671,33631,111.4125,263,112.5,115.5574,62.2358,164
502,206.6832,33276,112.2125,257,110.99,115.4234,62.045,161
503,205.9939,33577,112.35,254,110.82,115.6018,62.5652,163
504,206.7578,33288,113.4125,253,112.46,115.5381,62.3134,161
505,206.5217,33250,113.1125,257,111.06,115.7139,62.1719,161
506,204.8494,34005,113.25,247,111.44,115.5688,62.151,166
507,202.2134,33163,112.325,238,111.04,115.4957,62.5507,164
508,201.6012,32861,112.5875,248,111.92,115.2418,62.4237,163
509,204.0245,33256,114.925,244,112.83,115.1822,62.2021,163
510,203.2577,33131,112.7375,248,111.46,116.0681,62.26,163
511,205.0793,33633,113.7875,250,112.76,115.4441,62.4528,164
512,206.3043,33215,113.5125,255,112.6,115.7735,62.2522,161
513,203.9689,32839,113.45,256,111.26,115.5409,62.2377,161
514,203.4724,33166,112.5375,250,111,115.337,62.4389,163
515,205.0062,33006,112.775,246,111.68,115.7283,62.2164,161
516,204.4691,33124,112.775,263,112.07,115.464,61.7276,162
517,201.3642,32621,114.525,239,111.8,115.5826,62.5125,162
518,202.7607,33050,111.2,251,110.34,115.5455,61.9627,163
519,202.6848,33443,112.65,262,111.66,115.7196,62.1934,165
520,202.1605,32750,113.2375,239,112.39,115.7405,62.0839,162
521,201.0621,32371,112.6625,238,111.15,115.5157,62.0195,161
522,200.3476,32857,114.4875,235,112.44,115.8736,62.341,164
523,201.2195,33000,113.125,253,111.49,115.6852,61.8535,164
524,201.939,33118,114.1,250,112.01,115.6399,62.1152,164
525,198.6928,32983,113.45,234,112.6,115.7106,62.208,166
526,199.1739,32067,112.275,247,110.84,115.8783,61.71,161
527,199.7396,33756,113.6125,250,113.61,115.7381,61.8224,169
528,196.5329,32821,113.2375,241,111.47,115.4671,61.9698,167
529,200.0976,32816,114.8375,231,111.68,115.8956,62.237,164
530,198.0248,31882,112.425,238,110.31,116.0596,61.9934,161
531,196.9383,31904,112.825,257,111.71,115.7767,61.5232,162
532,197.9321,32065,112.4875,233,112.34,115.841,61.7153,162
533,196.7578,31678,111.975,232,111.47,115.6858,61.9811,161
534,197.3519,31971,113.625,239,110.95,116.1179,62.2012,162
535,200.9317,32350,113.575,250,112.52,116.4239,62.0472,161
536,196.6319,32051,112.225,241,110.62,115.7982,62.0624,163
537,198.8758,32019,113.2375,250,112.46,116.0915,62.0802,161
538,198.3333,32725,112.7,247,111.32,115.9576,61.7464,165
539,198.9325,32426,112.6,241,111.46,115.8804,61.9547,163
540,199.1455,32859,113.0875,249,111.93,116.3499,62.0904,165
541,198.3865,32337,112.65,241,111.8,116.1386,62.0424,163
542,196.9477,33875,112.825,235,110.61,116.6279,61.8095,172
543,201.4611,33644,114.375,239,112.75,115.8918,61.9135,167
544,199.913,32186,113.2375,258,111.3,116.2454,61.744,161
545,200.303,33050,112.65,260,111.5,116.1444,61.8533,165
546,200.9226,33755,112.55,243,110.75,115.7586,61.543,168
547,199.4345,33505,112.4125,253,111.31,115.839,61.9495,168
548,198.6296,32178,111.6375,256,111.74,116.4099,61.886,162
549,201.2795,32406,113.125,237,111.01,115.8853,61.6863,161
550,201.1718,32791,113.1625,237,111,116.0833,61.6021,163
551,198.1543,34677,112.675,242,110.99,115.9103,61.5559,175
552,205.2699,33459,113.4125,258,112.6,116.0647,61.3575,163
553,202.4431,33808,113.4,253,111.73,116.4535,61.832,167
554,203.6667,32994,113.8625,249,112.63,115.8946,61.5203,162
555,202.816,33059,112.2375,245,111.06,116.3233,61.7245,163
556,200.8765,32542,113.1125,255,111.63,116.1928,61.4047,162
557,199.8204,33370,113.3875,254,111.39,116.1853,61.7845,167
558,201.5714,32453,112.6375,240,111.04,116.245,61.2592,161
559,200.1852,32430,113.475,246,111.26,116.2616,61.7277,162
560,200.2321,33639,112.7625,253,111.51,116.2178,61.7863,168
561,200.2622,32843,112.2625,250,111.52,115.9344,61.6241,164
562,202.3827,32786,113.65,245,111.88,116.6917,61.7251,162
563,201.3212,33218,112.8125,253,111.19,116.1967,61.6832,165
564,200.503,33484,114.625,232,113.42,115.9586,61.3052,167
565,198.1758,32699,113.2625,236,111.09,116.1797,61.9476,165
566,198.6173,32176,112.15,249,110.79,116.2046,61.2586,162
567,198.6566,32977,113.7875,235,111.52,116.0283,61.874,166
568,198.1402,32495,111.875,245,111.69,116.042,61.5526,164
569,199.1636,32862,113.325,244,112.54,116.3486,61.6228,165
570,197.9509,32266,113.1625,238,111.25,116.4087,61.6767,163
571,196.9634,32302,112.7375,246,111.18,116.4155,61.7914,164
572,197.6744,34000,113.325,246,111.35,116.0841,62.1401,172
573,197.9512,32464,111.9125,235,111.04,116.0475,61.6989,164
574,197.7178,32228,111.8125,241,109.92,115.8251,61.7635,163
575,195.503,32649,112.95,236,111.08,115.4915,61.8164,167
576,195.7134,32097,113.0375,241,111.55,116.1477,61.8071,164
577,199.3006,32486,112.9,244,112.44,116.1987,61.6165,163
578,199.3554,33093,114.025,261,112.54,115.6278,61.3998,166
579,197.5543,34572,113.25,235,111.23,115.45,61.9367,175
580,196.7561,32268,112.4,236,111.56,115.1612,61.2605,164
581,201.7622,33089,113.625,240,112.23,115.4731,61.8984,164
582,200.0238,33604,113.875,242,112.98,115.7855,61.4756,168
583,200.6647,33511,114,251,112.19,115.4819,61.8489,167
584,200.4877,32479,112.7875,237,111.65,115.8226,61.6796,162
585,200.6829,32912,113.3375,242,111.99,115.5935,61.8798,164
586,203.7826,32809,114.65,247,111.61,115.2124,62.1427,161
587,201.4753,32639,114.1125,262,112.28,115.5955,62.0705,162
588,200.3086,32450,113.025,245,111.68,115.8223,62.0039,162
589,201.528,32446,113.725,251,112.55,115.3395,62.1494,161
590,202.2577,32968,112.6125,240,110.99,115.5295,61.8952,163
591,201.747,33490,113.3625,253,112.97,115.7334,62.1231,166
592,204.5915,33553,114.55,256,113.06,115.5067,62.196,164
593,204.546,33341,114.0625,256,111.93,115.1812,61.9187,163
594,203.5839,32777,113.25,260,110.7,115.4127,62.1903,161
595,204.5215,33337,112.95,253,111.08,115.4376,62.3973,163
596,203.7143,32798,113.85,247,112.48,115.3808,62.1864,161
597,208.1472,33928,114.0625,243,112.22,115.3872,61.9628,163
598,206.6407,34509,112.65,270,111.2,114.7753,61.927,167
599,203.679,32996,112.925,251,111.78,114.7185,61.8911,162
600,204.1104,33270,112.6125,246,111.4,114.807,62.2402,163
601,202.1118,32540,113.4,243,111.42,115.1084,62.0973,161
602,201.6933,32876,113.05,249,111.74,115.6648,62.1245,163
603,202.1205,33552,114.4625,243,112.41,115.1507,62.0214,166
604,202.497,33412,113.475,250,112.49,115.0627,62.3505,165
605,204.3537,33514,112.5,247,110.57,114.5747,61.9284,164
606,206.1867,34227,112.725,247,111.74,115.325,62.2614,166
607,207.3025,33583,113.4125,248,111.51,115.2643,62.4713,162
608,206.75,33907,113.25,262,112.01,115.0443,62.0515,164
609,204.9691,33205,112.3875,243,111.62,114.5522,62.3264,162
610,203.9222,34055,114.725,253,113.17,115.1125,62.3083,167
611,203.9573,33449,113.9,253,113.24,114.3007,61.686,164
612,203.454,33163,114.8,250,112.9,114.7888,61.7312,163
613,200.5904,33298,113.3,240,111.91,114.8575,62.005,166
614,200.7091,33117,112.9,237,112.07,114.8223,62.2523,165
615,197.9018,32258,114.3625,248,112.04,115.227,62.3647,163
616,199.9222,33387,112.2375,238,111.36,114.637,62.1603,167
617,199.2545,32877,113.9625,232,111.26,114.8801,62.5378,165
618,198.1598,33489,112.625,261,111.52,114.6092,62.5808,169
619,198.0976,32488,113.2375,235,111.51,114.6978,62.81,164
620,198.4969,31958,112.8625,234,113.09,114.7854,62.3955,161
621,197.4491,32974,113.3875,240,111.59,114.708,62.5719,167
622,199.0061,32637,112.4125,245,112.4,114.8867,62.0689,164
623,196.6025,31653,113.725,235,111.21,114.8917,62.5768,161
624,195.0783,32383,113.3,241,111.76,114.6759,62.6459,166
625,197.5185,31998,112.15,234,111.1,114.5908,62.384,162
626,196.2156,32768,114.3375,237,111.55,114.649,62.2104,167
627,196.4161,31623,111.8,246,111.6,114.6063,62.4511,161
628,196.439,32216,113.125,231,111.05,114.5255,62.1159,164
629,194.9876,31393,112.8,236,111.91,114.7231,62.2091,161
630,194.1152,32029,112.2,247,111.19,114.8299,62.5797,165
631,194.2256,31853,112.6625,234,110.56,115.089,62.3135,164
632,196.1667,31779,113.9375,233,112.57,114.6958,62.7076,162
633,193.5689,32326,111.5625,232,110.96,114.5118,62.1763,167
634,196.5904,32634,114.05,237,112.92,114.6004,62.1955,166
635,194.7778,31554,113.25,242,111.93,115.0298,62.5346,162
636,195.3537,32038,113.1875,239,111.62,114.8816,62.4215,164
637,193.5858,32716,112.2125,232,111.22,114.6835,62.7769,169
638,194.8293,31952,112.1,240,111.75,114.4367,62.4841,164
639,193.372,31713,113.6,230,112.14,114.2065,62.5322,164
640,194.3841,31879,113.5125,235,111.45,114.6493,62.6898,164
641,195.7485,31907,112.275,225,112.31,114.3922,62.4979,163
642,193.297,31894,113,222,112.3,114.1653,62.927,165
643,194.7892,32335,113.5,237,111.58,114.4934,62.6359,166
644,194.0788,32023,112.2875,232,111.02,114.4921,62.7137,165
645,193.2099,31300,113.5,231,111.53,114.1722,62.6375,162
646,193.7593,31389,112.6875,233,110.34,113.9539,62.6237,162
647,196.6398,31659,113.2125,234,112.91,114.5449,62.0972,161
648,194.4615,32864,112.1875,238,111.11,114.2409,62.5824,169
649,193.0952,32440,111.0625,249,110.27,114.2369,62.9339,168
650,192.9817,31649,112.825,225,111.68,114.1984,62.2548,164
651,192.9689,31068,113.75,235,111.86,114.6748,62.7409,161
652,194.3174,32451,113.6,256,111.96,114.5736,62.4606,167
653,197.0798,32124,113.6,240,112.31,114.5138,62.6756,163
654,194.6258,31724,112.3375,233,112.45,113.9714,62.5735,163
655,194.1264,33778,113.2,233,111.65,114.8708,62.7919,174
656,194.4398,32277,113.0125,233,112.51,114.7079,62.6562,166
657,196.179,31781,113.725,234,111.56,115.0053,62.983,162
658,196.7716,31877,113.9375,231,112.89,114.5929,62.5728,162
659,194.5793,31911,112.2125,234,111.15,114.5884,62.6742,164
660,196.1588,33347,113.6,239,112.02,114.2178,62.9979,170
661,195.9506,31744,113.55,241,112.63,114.7035,62.5194,162
662,194.2679,32637,112.9125,235,111.77,114.4926,62.4477,168
663,195.7134,32097,113.925,231,112.2,114.526,62.388,164
664,194.2976,32642,112.95,233,112.59,114.72,62.9238,168
665,194.5273,32097,111.7875,236,110.76,115.0342,62.8421,165
666,195.4785,31863,113.4125,270,113.28,114.042,62.6055,163
667,196.3706,33383,112.3625,242,111.23,114.0107,62.8663,170
668,195.2174,31430,113.1625,245,111.06,114.0454,62.6443,161
669,196.7362,32068,113.2625,237,112.41,114.0051,62.512,163
670,196.8137,31687,113.775,237,111.96,114.4851,62.9706,161
671,196.9701,32894,113.1,241,110.92,114.2267,62.6269,167
672,195.3253,32424,112.2625,241,112.03,113.8596,62.2598,166
673,193.8519,31404,114.3125,247,112.06,114.4599,63.01,162
674,192.1829,31518,112.8125,235,111.04,114.1337,62.7492,164
675,197.4321,31984,112.1,238,110.13,113.8819,62.7752,162
676,196.2202,32965,112.45,244,111.81,114.0706,62.8546,168
677,194.1718,31650,112.35,224,111.21,114.825,62.7945,163
678,193.882,31215,113.2375,233,111.04,114.2434,62.4271,161
679,194.9886,34123,113.85,238,112.18,114.3853,62.6849,175
680,193.1098,33408,113.1875,235,111.49,114.0596,63.1551,173
681,192.241,31912,112.8125,234,111.4,114.8579,62.7816,166
682,194.1481,31452,114.875,237,111.9,114.7427,62.8716,162
683,195.4294,31855,112.775,234,112.62,114.1531,62.785,163
684,192.9693,31454,114.375,245,112.12,114.1031,62.8434,163
685,195.1902,31816,113.075,232,110.53,113.6115,62.7777,163
686,195.5185,31674,112.85,236,111.29,114.3374,63.0417,162
687,194.284,31474,113.425,240,111.53,114.3342,62.8475,162
688,190.7738,32050,111.8875,234,111.95,113.2861,62.1328,168
689,196.0783,32549,114.9875,237,111.35,114.5643,63.0102,166
690,192.1243,34006,111.85,243,111.28,114.1668,63.4372,177
691,193.6121,31946,114.2375,235,111.45,113.895,62.6555,165
692,194.5556,31518,114.3,233,112.29,113.7546,63.0355,162
693,194.2256,31853,113.1,225,111.4,113.8705,62.6594,164
694,193.6532,33502,112.9875,241,111.58,113.9852,62.8941,173
695,192.3413,32121,113.65,233,111.62,114.3657,63.1006,167
696,191.4765,32551,112.225,239,111.33,113.6639,62.4052,170
697,194.7697,32137,114.6,256,112.46,113.7103,62.8968,165
698,194.8519,31566,112.4125,228,110.68,113.242,63.0518,162
699,194.8869,32741,113.075,229,110.37,114.0075,63.0748,168
700,191.9379,30902,113.0625,226,111.11,113.5044,63.1255,161
701,192.2795,30957,113.975,221,112.61,113.8303,63.2767,161
702,193.4161,31140,112.025,232,110.77,114.34,63.1226,161
703,191.5031,30832,112.4125,234,110.93,113.503,62.5608,161
704,194.0357,32598,113.1625,231,112.37,112.9484,62.793,168
705,192.9157,32024,112.85,244,111.44,113.5605,62.9689,166
706,192.8253,32009,114.125,236,112.36,113.159,63.1607,166
707,194.1235,31448,112.7625,229,111.18,113.3297,62.8942,162
708,192.3012,31922,111.9875,224,111.36,113.4802,62.7319,166
709,193.1585,31678,112.8,232,111.89,113.6372,62.5101,164
710,193.2761,31504,113.0375,241,111.13,113.8771,63.2737,163
711,194.3212,32063,113.7,242,112.04,112.9641,62.9756,165
712,190.7647,32430,112.45,231,110.85,113.8087,63.1954,170
713,195.2981,31443,112.0125,231,111.24,113.6397,63.0008,161
714,194.4072,32466,114.2625,233,113.34,113.6596,63.2021,167
715,195.0843,32384,112.6125,255,111.12,113.3484,62.8924,166
716,194.8758,31375,114.7375,248,112.56,113.3858,63.0447,161
717,195.0723,32382,112.2125,234,111.14,113.5648,63.1312,166
718,194,31428,112.4625,233,111.23,112.7117,62.9627,162
719,193.0952,32440,113.5,235,110.75,113.248,63.4898,168
720,193.7152,31963,113.25,234,111.26,113.4077,62.9009,165
721,194.0238,32596,112.3875,237,111.65,113.6832,63.5313,168
722,195.7622,32105,112.775,232,112.02,112.7474,63.2665,164
723,193.982,32395,112.8,232,111.29,113.0083,63.0264,167
724,193.6296,31368,113.5375,229,111.94,113.1161,63.08,162
725,194.1472,31646,113.75,230,111.63,113.5199,63.2123,163
726,195.3988,31850,112.6375,228,111.79,113.4749,63.0234,163
727,195.1656,31812,111.6125,235,111.05,113.1399,63.2717,163
728,196.5879,32437,112.4375,236,111.61,113.6218,63.1859,165
729,193.0838,32245,113.6875,231,112.24,113.0845,63.3083,167
730,197.1779,32140,113,240,110.59,112.7392,63.5032,163
731,197.2654,31957,113.35,230,112.85,112.5946,63.0498,162
732,196.8639,33270,112.5125,251,111.02,112.9719,62.8899,169
733,196.0488,32152,111.85,239,111.27,113.2352,62.862,164
734,197.631,33202,113.95,236,113.06,112.9387,62.8697,168
735,197.5366,32396,113.125,239,112.06,112.8367,62.9854,164
736,198.9753,32234,113.5125,245,110.88,113.0428,62.5839,162
737,198.0723,32880,113.3,248,111.14,112.9892,63.101,166
738,198.9518,33026,111.75,242,111.19,112.8966,62.6132,166
739,201.0655,33779,113.425,262,110.7,112.5469,62.7467,168
740,200.1366,32222,113.8625,237,111.6,113.0151,62.9683,161
741,201.908,32911,113.175,245,110.8,112.8217,63.222,163
742,201.6975,32675,113.425,251,111.82,112.7581,63.3568,162
743,204.0476,34280,113.975,246,111.7,112.7736,62.627,168
744,205.756,34567,113.2625,251,111.19,112.935,63.5718,168
745,208.9467,35312,114.3375,260,112.53,112.5106,63.1219,169
746,211.118,33990,112.375,257,110.35,113.1451,63.3961,161
747,210.2303,34688,115.025,252,112.09,112.4604,62.724,165
748,208.0429,33911,113.375,254,111.41,112.5372,63.46,163
749,210.3478,33866,112.5125,267,110.69,112.5648,63.3189,161
750,208.9939,34484,113.15,258,111.2,112.5116,63.1837,165
751,208.8827,33839,111.9625,252,110.69,112.4013,62.4437,162
752,208.9576,34478,114.6,254,111.73,112.9159,63.3974,165
753,208.7702,33612,113.2625,262,111.3,113.0714,63.2657,161
754,206.9814,33324,113.9125,252,111.93,112.5051,62.762,161
755,210.8824,35850,114.275,246,112.75,112.7784,62.8891,170
756,211.9691,34339,113.975,250,113.23,112.7088,63.1613,162
757,209.9006,33794,112.525,252,110.64,112.9852,63.1436,161
758,212.6442,34661,113.525,264,112.2,112.3012,62.8809,163
759,213.227,34756,113.6875,267,111.18,112.3172,63.3554,163
760,211.5062,34264,114.2,252,112.1,112.358,63.3225,162
761,212.795,34260,112.65,266,111.07,112.6659,62.8737,161
762,213.0807,34306,114.2,255,111.49,112.5017,63.3461,161
763,212.716,34460,113.375,261,110.61,112.3089,63.0815,162
764,212.1091,34998,112.8375,260,110.95,112.5506,63.2708,165
765,216.9202,35358,115.1375,264,112.12,112.6211,63.5996,163
766,215.4,35541,112.325,262,110.68,112.7294,63.6024,165
767,215.6543,34936,113.0625,261,111.28,112.4861,63.6586,162
768,211.9645,35822,113,255,111.83,112.672,63.3316,169
769,213.913,34440,112.3,266,111.1,112.52,63.5483,161
770,209.9573,34433,112.5625,249,111.29,112.7585,63.0409,164
771,209.882,33791,114.5125,259,112.68,112.33,62.9544,161
772,207.9753,33692,113.1,262,111.39,112.7354,63.4523,162
773,210.4146,34508,112.9125,259,111.59,112.4674,63.5503,164
774,211.1677,35265,114.05,257,112.6,112.2612,63.4572,167
775,209.3273,34539,112.95,259,111.33,112.0685,63.3474,165
776,210.2454,34270,113.5375,270,110.54,112.0646,63.4703,163
777,208.5528,33577,113.2125,245,111.45,111.8923,63.5688,161
778,208.4788,34399,113.025,269,112.23,112.3753,63.5058,165
779,208.2716,33740,112.5125,267,111.34,112.3088,63.8108,162
780,207.472,33403,112.925,243,111.16,112.1642,63.3817,161
781,211.0613,34403,114.7375,246,112.75,112.3459,63.6344,163
782,211.4472,34043,113.6625,260,111.43,112.1266,63.4591,161
783,213.7826,34419,113.5625,268,111.45,111.8943,63.6868,161
784,220.2654,35683,114.4625,265,112.46,112.1877,63.5418,162
785,221.1914,35833,113.6375,271,112.1,112.265,63.3088,162
786,221.8466,36161,113.3625,272,111.19,111.8999,63.6489,163
787,219.4136,35545,113.8125,269,112.08,111.6647,62.9655,162
788,218.7952,36320,112.3375,273,111.41,112.0695,63.3259,166
789,217.4398,36095,114.725,266,112.52,112.076,63.4125,166
790,217.7546,35494,112.9375,267,111.47,112.3547,63.6202,163
791,216.3865,35271,112.95,261,111.52,111.7804,63.7057,163
792,214.0663,35535,113.55,256,112.32,112.0449,63.5942,166
793,212.6994,34670,112.1875,249,111.24,112.1038,63.8794,163
794,214.25,35137,114.0125,259,113.33,112.2124,63.6745,164
795,212.6273,34233,113.775,254,112.16,111.5818,63.2237,161
796,209.4506,33931,112.4,254,111.94,112.8847,63.6118,162
797,206.1867,34227,112.7,248,111.07,113.2337,64.1649,166
798,208.1627,34555,114.075,251,112.2,111.5628,63.7017,166
799,204.913,32991,113.325,247,111.95,111.9191,63.3257,161
800,209.3795,34757,114.2125,260,113.25,112.08,63.8976,166
801,211.4909,34896,114.4875,280,112.08,112.0791,63.6752,165
802,210.1902,34261,112.275,257,111.78,112.093,63.6136,163
803,207.756,34903,113.1375,262,111.88,111.7372,63.9046,168
804,209.4938,33938,114.0375,255,113.07,112.0629,63.6024,162
805,209.284,33904,115.35,255,112.95,111.9115,63.8642,162
806,206.2298,33203,111.6625,248,110.58,112.3839,63.4618,161
807,203.9695,33451,113.2375,258,111.7,111.6386,63.9036,164
808,202.9695,33287,112.45,242,110.16,112.5352,64.1929,164
809,203.8182,33630,112.1,247,111.17,112.4825,63.8753,165
810,202.4573,33203,112.9375,252,111.78,112.1073,63.7503,164
811,200.9102,33552,112.7375,244,110.69,112.0817,63.5551,167
812,203.7879,33625,113.9375,250,112.12,112.048,63.9707,165
813,204.2638,33295,114.1625,252,111.68,111.9554,63.6489,163
814,203.3081,34969,112.6375,257,112.29,112.2392,64.2109,172
815,205.0994,33021,113.2125,248,111.88,111.9478,63.9264,161
816,202.4012,33801,112.1125,250,111.36,112.2462,64.2317,167
817,202.7041,34257,114.1375,238,112.33,112.1433,63.9575,169
818,204.1807,33894,113.1875,243,111.87,111.3788,63.5592,166
819,206.118,33185,113.525,246,112.03,111.8404,63.8295,161
820,204.3598,33515,113.2125,252,112.39,112.0967,63.6773,164
821,202.061,33138,112.9875,240,111.04,111.8343,63.9917,164
822,201.689,33077,113.5375,252,111.66,112.289,64.3464,164
823,198.4182,32739,113.2375,235,111.45,111.589,63.7267,165
824,200.7235,34123,112.725,274,112.38,112.2281,64.1776,170
825,200.5515,33091,112.5,236,111.48,112.4659,63.8903,165
826,200.3457,32456,113.1375,241,111.43,112.1323,63.6194,162
827,201.6196,32864,114.1625,247,112.59,111.7547,64.1334,163
828,201.4012,32627,113.1,241,111.1,111.7649,63.9082,162
829,203.4699,33776,113.3375,243,111.71,111.8915,64.2325,166
830,203.2384,34957,114.525,256,111.96,112.3072,63.7102,172
831,205.0936,35071,113,270,111.96,112.0277,63.8268,171
832,207.7857,34908,112.5875,254,111.42,111.6449,63.907,168
833,208.5556,33786,111.875,259,111.47,111.6227,64.1,162
834,210.4259,34089,113.0375,258,111.93,111.4705,63.5233,162
835,208.7818,34449,112.2625,261,111.4,111.3907,63.6939,165
836,212.236,34170,114.6875,259,112.87,111.6758,63.6871,161
837,210.6529,35811,113.7625,262,112.04,111.7037,63.8268,170
838,210.75,34563,112.775,272,110.77,111.6463,63.8719,164
839,213.0186,34296,113.725,267,111.39,112.2345,64.0281,161
840,214.9264,35033,112.275,262,110.93,111.8372,63.5321,163
841,216.7048,35973,114.5,268,112.32,111.8279,63.4231,166
842,219.0184,35700,114.6875,267,112.01,111.5196,63.7899,163
843,217.3742,35432,112.575,274,110.45,111.7772,63.5287,163
844,216.5723,35951,113.5625,257,112.69,111.9869,63.5145,166
845,218.6325,36293,112.5625,292,111,111.6763,63.6399,166
846,217.8385,35072,112.9125,260,111.66,111.5093,63.6061,161
847,218.3787,36906,111.7625,271,111.14,111.7335,63.7968,169
848,222.6341,36512,113.525,270,113.52,111.5858,63.5293,164
849,221.8025,35932,114.6625,277,112.36,112.1272,63.9769,162
850,222.6398,35845,113.65,269,112.47,111.766,63.4825,161
851,220.3704,35700,113.0125,291,111.52,111.7746,63.8203,162
852,221.6341,36348,111.9125,265,111.2,111.8315,63.7791,164
853,220.4908,35940,112.2625,263,110.57,111.5652,63.3667,163
854,217.8272,35288,114.275,273,112.71,112.1963,64.2047,162
855,215.747,35814,112.3875,272,110.68,111.6817,63.9137,166
856,215.6975,34943,112.6125,270,111.22,111.6492,63.7149,162
857,215.1747,35719,113.15,262,111.43,112.2118,63.6495,166
858,215.5333,35563,112.525,262,111.82,111.7698,63.9654,165
859,221.795,35709,113.8125,273,112.72,111.471,63.5377,161
860,221.8598,36385,111.8375,269,110.67,111.7643,63.5491,164
861,221.0988,35818,113.225,280,112.03,111.8608,63.8162,162
862,221.7195,36362,113.3125,270,111.14,111.9507,63.4029,164
863,221.8037,36154,114.675,264,112.29,111.5273,63.7434,163
864,220.9353,37559,111.525,291,110.14,112.0781,63.6489,170
865,224,36736,113.9875,288,111.66,111.7961,63.6123,164
866,221.1497,36932,113.5375,269,111.52,111.9034,63.6008,167
867,223.0303,36800,113.2,289,111.2,111.7239,63.819,165
868,221.4371,36980,113.4375,273,111.81,111.9376,63.7856,167
869,224.5488,36826,113.0375,292,111.16,111.884,63.338,164
870,222.913,35889,113.9625,265,111.49,112.0586,63.5931,161
871,220.381,37024,111.8125,261,111.14,112.1587,63.3686,168
872,224.6871,36624,112.7375,286,110.74,112.065,63.7873,163
873,224.9036,37334,112.95,278,112.16,111.8756,63.618,166
874,222.3432,37576,112.825,275,110.98,111.4066,63.1662,169
875,223.589,36445,113.875,272,111.97,111.7985,63.5066,163
876,223.7301,36468,113.5875,274,111.93,111.6009,63.0827,163
877,220.6296,35742,113.4375,261,112.23,112.211,63.5991,162
878,218.4233,35603,112.6625,258,110.98,112.0064,63.6254,163
879,215.9198,34979,113.7,275,112.46,112.2041,63.6785,162
880,212.9939,34931,113.0625,275,111.5,112.1459,63.3633,164
881,211.7006,35354,114.6625,249,113.03,112.2881,63.7314,167
882,213.5247,34591,113.9,267,112.78,111.8221,63.4742,162
883,211.4756,34682,114.4625,254,111.91,111.9629,63.2364,164
884,208.5536,35037,114.9875,262,112.64,111.9931,63.813,168
885,212.5494,34433,114.3125,265,113.36,112.0732,63.7724,162
886,209.816,34200,113.0875,266,111.37,112.5948,63.5945,163
887,208.2988,34161,111.825,252,111.03,111.5567,63.6163,164
888,206.716,34935,112.5,251,111.36,112.2589,63.8829,169
889,208.3168,33539,112.8,251,111.26,112.0653,63.5891,161
890,208.7485,34026,113.3875,261,111.36,112.4516,63.515,163
891,212.4969,34212,113.25,250,111.19,112.1154,63.4278,161
892,211.0185,34185,113.3875,259,110.82,112.3061,63.369,162
893,215.1049,34847,112.95,261,111.36,112.1755,63.2548,162
894,217.411,35438,114.8,261,112.73,111.9207,63.4427,163
895,221.1394,36488,114.5,289,112.94,112.3385,63.3695,165
896,220.2822,35906,112.675,267,111.23,112.4249,63.6331,163
897,225.3006,36724,112.775,292,110.67,112.1246,63.2323,163
898,221.5793,36339,112.8,275,110.8,112.0679,63.1694,164
899,224.2744,36781,112.725,274,111.28,112.1313,63.1773,164
900,223.1747,37047,114.1,277,111.35,111.9679,63.2532,166
901,223.4207,36641,114.25,273,110.94,112.5789,63.2946,164
902,225.9198,36599,113.6125,276,112.42,112.7928,63.2914,162
903,226.1515,37315,112.9125,276,111.28,112.3527,63.3452,165
904,222.284,36010,113.3875,272,111.14,112.7032,63.0843,162
905,222.189,36439,113.5125,270,111.66,112.3659,63.3998,164
906,218.1867,36219,113.75,263,112.61,112.133,63.2889,166
907,218.7055,35649,114.375,266,112.27,112.1959,63.3588,163
908,215.0859,35059,113.3625,274,111.82,112.5089,63.6123,163
909,213.0181,35361,114.575,261,112.67,112.6906,63.3154,166
910,210.546,34319,114.5125,262,113.14,112.6741,63.3323,163
911,213.1925,34324,113.9875,269,112.5,112.7017,63.1868,161
912,211.0769,35672,111.8,283,110.41,112.6495,63.1583,169
913,210.9136,34168,112.975,257,111.78,112.5896,63.002,162
914,207.0359,34575,114.475,255,112.57,112.6297,63.2045,167
915,206.976,34565,112.7125,265,111.93,112.5367,63.2411,167
916,204.0121,33662,112.725,242,111.01,112.1854,63.3129,165
917,204.7423,33373,112.625,249,111.28,112.3352,63.3085,163
918,206.9068,33312,115.8875,253,112.34,112.2487,63.3966,161
919,205.9939,33989,112.8625,247,111.02,113.0188,63.4524,165
920,207.5427,34037,112.675,281,111.14,112.2001,63.0741,164
921,210.7914,34359,114.05,255,111.76,112.1796,63.1662,163
922,209.8704,33999,113.1625,246,110.78,112.2105,63.0676,162
923,208.4472,33560,112.925,251,111.12,112.3779,63.2043,161
924,212.4472,34204,113.55,277,111.11,112.0902,62.8845,161
925,210.1049,34037,113.4875,256,111.7,112.3614,63.112,162
926,211.2112,34005,114.6125,269,112.19,112.179,63.1865,161
927,211.8199,34103,115.1375,253,112.77,112.7847,63.1517,161
928,208.689,34225,112.75,254,111.52,112.1413,62.9541,164
929,208.8589,34044,113.2375,258,110.74,112.5822,63.1685,163
930,208.5399,33992,113.8125,249,111.34,112.3602,62.8893,163
931,209.5031,34149,114.0125,242,111.79,113.141,63.1685,163
932,214.6442,34987,113.9375,282,112.82,112.9852,63.3645,163
933,213.8951,34651,112.45,257,110.65,112.3492,63.407,162
934,211.3,35921,113.025,262,111.76,112.0735,63.1799,170
935,212.354,34189,113.4,274,111.13,112.1278,63.6387,161
936,212.2963,34392,112.875,270,111.83,112.2353,63.2898,162
937,211.3892,35302,113.85,260,111.19,112.2466,62.9639,167
938,211.7256,34723,112.425,264,111.07,112.7068,63.0248,164
939,214.5215,34967,113.9,274,111.43,112.467,62.9484,163
940,210.3395,34075,113.9875,264,113.02,112.3795,63.4209,162
941,208.747,34652,113.1,253,111.66,112.2436,63.0397,166
942,208.0909,34335,113.1875,250,110.72,112.6759,63.2563,165
943,208.5644,33996,114.65,258,111.87,112.6031,63.2951,163
944,205.1166,33434,112.7125,259,112.22,112.7268,63.1343,163
945,207.9451,34103,112.475,241,111.44,112.2811,63.0357,164
946,208.5939,34418,114.0375,253,111.56,112.4824,63.2784,165
947,209.0854,34290,113.6875,257,112.23,112.3864,63.1414,164
948,206.5432,33460,113.5375,242,111.85,112.6613,63.5065,162
949,204.9107,34425,113.3125,258,111.54,112.661,62.7603,168
950,205.6061,33925,112.975,243,110.9,112.5433,63.1495,165
951,206.4348,33236,113.375,264,111.45,112.4693,63.2158,161
952,205.8,33957,113.875,246,111.7,112.5121,63.2689,165
953,204.2182,33696,113.1125,244,111.88,112.8628,63.1602,165
954,202.9458,33689,113.9375,236,110.97,112.5126,62.6516,166
955,204.2874,34116,115.125,252,111.08,112.3436,63.0825,167
956,204.7011,35618,114.55,247,112.15,112.5122,63.0643,174
957,202.7784,33864,113.625,244,111.93,112.4638,63.1905,167
958,202.6402,33233,114.3625,245,112.06,112.9956,63.0491,164
959,203.2036,33935,113.7875,243,111.16,112.8435,63.5611,167
960,205.9627,33160,113.25,239,112.32,112.4072,63.0802,161
961,202.1928,33564,112.8125,248,110.83,112.1612,62.7885,166
962,205.5732,33714,113.5125,247,112.4,112.6276,63.5318,164
963,205.2073,33654,114.2875,255,111.51,112.5545,63.1591,164
964,204.6766,34181,113.725,254,111.55,112.8415,63.3812,167
965,204.9755,33411,112.9625,266,111.3,112.3702,62.6054,163
966,207.9024,34096,113.475,249,110.48,112.4625,63.2128,164
967,209.7453,33769,113.125,267,111.69,112.5847,62.9,161
968,210.6566,34969,112.775,274,111.23,112.6516,62.7354,166
969,209.1173,33877,114.4625,272,113.02,112.5674,62.9104,162
970,208.0732,34124,112.1625,253,110.68,112.65,63.3271,164
971,210.0526,35919,114.2625,249,112.14,112.9064,62.9013,171
972,207.8313,34500,112.675,252,111.35,112.8639,63.6698,166
973,209.0552,34076,113.575,261,111.27,112.7546,62.8289,163
974,209.2561,34318,114.675,254,111.93,112.7138,63.2268,164
975,213.3841,34995,114.7875,283,111.89,113.336,63.677,164
976,212.321,34396,114.025,280,112.56,112.5875,62.8773,162
977,207.4545,34230,113.3,258,111.91,112.671,62.5892,165
978,206.7561,33908,112.875,255,111.51,112.6592,62.9102,164
979,207.284,35031,112.425,257,111.93,113.1246,63.0265,169
980,208.6243,36092,113.2125,254,111.38,113.008,63.0619,173
981,214.6867,35638,112.4375,259,111.26,112.788,62.9335,166
982,216.9451,35579,113.5375,259,111.68,112.586,62.652,164
983,223.0982,36365,112.7,277,111.33,112.7188,62.9058,163
984,224.8606,37102,113.7375,285,112.16,112.7236,62.8324,165
985,225.0741,36462,113,294,111.88,113.0304,62.8476,162
986,227.7531,36896,113.525,287,111.31,112.3478,62.399,162
987,226.3273,37344,113.45,285,111.44,112.6046,62.8266,165
988,226.5155,36469,112.95,276,110.94,112.3562,62.6242,161
989,228.7453,36828,113.1,287,111.85,112.2959,62.8446,161
990,227.7791,37128,113.45,288,111.05,112.5872,62.7014,163
991,226.8242,37426,111.9375,295,110.98,112.6589,62.691,165
992,224.1988,36096,113.7625,269,111.29,112.5983,63.4051,161
993,219.4534,35332,112.575,310,110.94,112.4053,62.8851,161
994,219.0549,35925,114.5375,264,112.67,112.4777,63.1832,164
995,219.1358,35500,115,262,111.92,111.9392,62.9126,162
996,211.8902,34750,113.175,254,111.91,112.2982,63.1909,164
997,211.5269,35325,113.6875,255,112.03,112.5959,63.356,167
998,208.8086,33827,111.875,245,111.07,112.2025,63.0197,162
999,206.6347,34508,114.2625,241,111.75,112.56,62.8987,167
1000,207.2822,33787,113.2125,248,111.21,112.4604,63.1962,163
1001,205.6626,33523,114.775,256,112.57,112.0049,63.2927,163
1002,204.628,33559,113.275,259,112.2,112.4638,63.6596,164
1003,203.6687,33198,113.4375,251,112.81,112.4101,63.4396,163
1004,201.7818,33294,113.2875,238,111.15,111.9412,63.2628,165
1005,204.7012,33571,111.6875,253,110.62,111.9933,63.359,164
1006,200.4277,33271,112.9125,248,111.78,111.7918,63.7361,166
1007,203.0828,34321,114.0875,242,113.13,111.618,63.8055,169
1008,199.8571,32177,113.075,240,110.86,112.1823,63.263,161
1009,203.3415,33348,113.35,260,111.8,112.134,63.7209,164
1010,200.7099,32515,112.075,245,111.72,111.9762,63.2869,162
1011,201.7546,32886,113.9375,241,111.12,111.9459,63.5186,163
1012,203.0549,33301,114.475,238,111.78,111.6894,63.6175,164
1013,203.6424,33601,113.125,238,112.71,111.818,63.7759,165
1014,201.1506,33391,114.05,246,111.77,111.8159,63.8665,166
1015,199.5556,32328,112.9375,246,110.92,111.7681,63.569,162
1016,201.7091,33282,112.9625,245,111.75,111.7837,64.0279,165
1017,203.7545,34027,113.775,255,112.95,111.4732,63.7543,167
1018,205.6111,33309,114.0375,250,112.18,111.8725,63.725,162
1019,204.9816,33412,112.55,252,110.99,111.525,63.6895,163
1020,203.7576,33620,112.1875,245,112.12,111.5844,63.1669,165
1021,205.2795,33050,112.2125,236,111.67,111.1983,63.4392,161
1022,203.4072,33969,112.775,252,110.36,111.8259,63.8265,167
1023,202.8144,33870,112.7125,249,111.82,111.68,63.9704,167
1024,202.7394,33452,113.5875,240,112.14,111.6715,63.7266,165
1025,201.1227,32783,113.325,256,112.05,112.1934,63.9453,163
1026,202.4012,32789,113.175,235,111.2,111.141,63.3901,162
1027,200.4286,32269,114.375,245,111.98,111.2284,63.4539,161
1028,200.6748,32710,113.9375,252,112.02,112.0249,63.6289,163
1029,199.5449,33324,113.05,242,112.35,111.8359,64.0348,167
1030,198.2651,32912,113.95,239,112.19,111.8518,63.9349,166
1031,199.1801,32068,113.175,246,111.74,111.266,63.7457,161
1032,197.1879,32536,113.55,230,112.27,111.1456,63.6222,165
1033,197.0494,31922,113.4,230,111.12,111.1928,63.2306,162
1034,196.9141,32097,113.825,230,111.01,111.0901,63.667,163
1035,196.3494,32594,113.825,237,111.58,111.6259,64.2806,166
1036,195.2112,31429,112.05,233,111.71,111.2624,63.7061,161
1037,195.9325,31937,114.1625,235,111.8,111.0335,64.1857,163
1038,195.6832,31505,113.125,242,110.99,111.249,63.7929,161
1039,195.7546,31908,112.6,244,109.7,111.3285,63.8644,163
1040,196.0982,31964,114.0125,231,111.86,111.3392,63.9602,163
1041,195.6905,32876,113.55,238,112.17,110.649,63.2106,168
1042,195.9627,31550,116.075,253,112.94,111.323,63.6572,161
1043,194.9691,31585,113.8,234,111.37,111.1698,64.0273,162
1044,194.8642,31568,113.5625,239,111.19,111.2868,64.2111,162
1045,196.4878,32224,113.425,237,112.07,110.7939,64.0985,164
1046,194.3313,31676,112.7625,249,111.88,111.2934,63.7816,163
1047,195.0494,31598,113.825,226,111.66,111.179,64.2063,162
1048,195.0183,31983,111.8375,246,111.09,110.4762,63.7899,164
1049,193.3412,32868,113.1625,235,111.98,111.7663,64.5452,170
1050,194.7758,32138,111.925,235,111.2,111.0821,63.6415,165
1051,193.5276,31545,113.175,235,111.47,110.7127,63.4235,163
1052,196.6084,32637,115.3875,243,112.44,110.7894,63.9296,166
1053,195.0843,32384,113.925,237,111.96,111.1642,64.0098,166
1054,196.821,31885,113.3375,234,111.54,111.3309,63.8438,162
1055,196.2331,31986,112.925,257,111.31,110.967,63.7778,163
1056,197.4024,32374,113.6125,249,112.75,111.2047,63.9251,164
1057,195.4171,34198,113.2625,250,111.53,111.4106,64.1675,175
1058,198.9634,32630,114.225,250,111.82,110.9398,63.92,164
1059,198.6848,32783,113.8,235,111.27,111.083,63.9124,165
1060,197.0178,33296,113.1625,238,110.98,110.7181,64.0395,169
1061,196.5542,32628,112.75,236,111.03,110.9924,63.8322,166
1062,195.3772,32628,113.5125,251,111.01,111.4599,63.8791,167
1063,197.024,32903,112.775,237,110.83,111.574,63.8533,167
1064,196.3273,32394,112.5875,243,110.88,111.4811,64.43,165
1065,196.7602,33646,112.9375,246,111.43,110.8275,63.6141,171
1066,198.6807,32981,111.7,235,110.09,111.4459,64.2215,166
1067,200.6826,33514,112.975,247,111.1,110.6818,63.7783,167
1068,197.5879,32602,114.775,248,111.63,111.1526,63.7217,165
1069,197.0294,33495,112.85,232,111.23,111.1752,63.9359,170
1070,200.2654,32443,112.825,231,111.36,111.3543,64.2209,162
1071,196.3892,32797,112.4375,238,111.55,110.801,63.9357,167
1072,197.7362,32231,113.175,230,111.06,111.7096,64.3182,163
1073,199.7622,32761,115.1625,253,111.92,111.2843,63.9306,164
1074,198.6587,33176,112.45,242,110.2,111.4412,64.0211,167
1075,196.2202,32965,113.125,236,111.03,110.9774,64.4469,168
1076,200.3665,32259,113.8625,242,112.31,111.1453,64.3438,161
1077,197.9461,33057,112.9625,256,111.31,110.7311,63.9666,167
1078,197.8795,32848,112.9625,249,110.66,111.234,63.91,166
1079,199.6548,33542,113.65,246,112.01,111.1407,64.2935,168
1080,198.7101,33582,113.8875,258,110.91,111.1425,64.3975,169
1081,196.9467,33284,113.5125,247,111.7,111.4298,64.3848,169
1082,199.0843,33048,114.75,244,112.82,110.9816,63.741,166
1083,197.5482,32793,114.45,235,111.8,111.56,64.2455,166
1084,196.8171,32278,112.05,251,110.43,111.1956,64.0601,164
1085,197.9042,33050,113.55,254,111.16,111.1466,63.9295,167
1086,198.9755,32433,114.1875,239,112.73,111.3155,63.7801,163
1087,199.7516,32160,112.325,244,110.58,111.0956,63.6565,161
1088,200.284,32446,112.2875,243,111.56,110.792,64.1056,162
1089,200.8012,32329,112.9375,234,112.09,111.4551,64.5058,161
1090,200.0741,32412,112.4,250,111.57,111.0066,64.0723,162
1091,200.9693,32758,111.875,241,110.86,111.1407,64.2766,163
1092,202.362,32985,114.725,240,112.61,111.072,64.2271,163
1093,198.6025,31975,112.7875,235,110.71,111.0339,64.3099,161
1094,198,32472,113.25,233,111.16,110.6146,63.8946,164
1095,195.9876,31554,113.05,241,112.17,110.8142,64.021,161
1096,194.8909,32157,114.65,236,112.55,111.044,64.1267,165
1097,196.9136,31900,113.2375,240,111.43,110.5149,64.1786,162
1098,195.9231,33111,113.6875,248,112,110.9878,64.1878,169
1099,194.8509,31371,113.0625,236,111.68,111.1072,64.1212,161
1100,194.2073,31850,112.325,230,111.34,110.8156,64.1036,164
1101,194.9693,31780,113.475,241,112.21,111.402,64.3601,163
1102,193.7654,31390,111.825,224,110.58,110.9147,64.0837,162
1103,193.7396,32742,113.9,252,111.88,111.0506,64.4604,169
1104,194.8148,31560,114.2,237,111.62,110.9728,64.0618,162
1105,195.689,32093,111.95,226,111.5,110.8586,64.6665,164
1106,196.4634,32220,112.825,232,111.59,111.2818,63.9556,164
1107,194.7619,32720,112.9125,229,111.23,110.9396,64.3884,168
1108,194.5689,32493,112.8875,241,111.06,110.8743,64.4897,167
1109,195.9814,31553,114.2875,233,111.22,110.5258,64.1849,161
1110,195.1402,32003,112.7125,227,111.12,111.0266,63.7579,164
1111,196.7764,31681,111.9875,236,110.18,110.7761,64.0492,161
1112,196.303,32390,112.6875,235,111.5,110.5857,64.4026,165
1113,195.4506,31663,114.5875,230,111.79,111.0557,64.3244,162
1114,194.7143,31349,113.1125,242,111.32,110.4756,64.4171,161
1115,193.9458,32195,113.55,237,111.56,110.6669,64.3574,166
1116,196.0427,32151,114.675,242,113.2,111.1089,64.4751,164
1117,194.8204,32535,112.9875,240,111.34,110.4448,64.2384,167
1118,195.7178,31902,112.7875,235,111.43,111.0278,64.4261,163
1119,197.6871,32223,113.7625,263,112.44,110.4075,64.2483,163
1120,197.4675,33372,114.5125,251,112.09,110.795,64.1225,169
1121,199.0124,32041,114.1375,241,111.94,110.9647,64.9542,161
1122,197.8537,32448,112.0625,243,110.92,111.1292,64.244,164
1123,197.5904,32800,112.1,246,110.64,110.5474,64.4972,166
1124,201.8199,32493,113.95,256,112.05,110.7159,64.3156,161
1125,202.0542,33541,113.25,249,110.34,110.3145,64.3489,166
1126,202.9632,33083,113.6125,241,111.44,110.3807,64.5592,163
1127,202.0307,32931,112.7625,245,111.89,111.0225,64.1499,163
1128,199.8639,33777,113.8125,237,111.61,110.6896,64.6742,169
1129,200.5309,32486,113.275,253,111.2,110.9645,64.4171,162
1130,198.9036,33018,113.075,254,110.56,109.9385,64.5723,166
1131,202.037,32730,113.925,250,112.18,110.5822,64.3558,162
1132,201.2654,32605,113.075,253,112.14,110.3241,64.6638,162
1133,204.8037,33383,113.5375,240,111.69,110.0414,64.2106,163
1134,203.7178,33206,112.5625,245,111.21,110.6462,64.424,163
1135,204.5494,33137,114.05,247,112.53,110.5978,64.3561,162
1136,201,32562,113.5625,252,111.37,110.6639,64.3683,162
1137,202.8343,34279,113.35,240,111.37,110.4961,64.3723,169
1138,200.882,32342,112.8,274,110.6,110.6378,64.3431,161
1139,198.2472,35288,112.875,245,111.52,109.7985,64.0334,178
1140,201.8,33297,113.3375,261,112.14,110.1581,64.5675,165
1141,202.5528,32611,113.1,248,111.29,110.1691,64.4309,161
1142,201.8037,32894,114.3875,241,111.94,110.199,64.3989,163
1143,200.5183,32885,113.5875,236,111.18,110.1791,64.6537,164
1144,203.4012,33968,114.0375,241,112.08,110.0332,64.4821,167
1145,203.3029,35578,113,265,111.52,109.9667,64.7276,175
1146,204.8817,34625,112.6375,249,110.63,110.4721,64.6634,169
1147,206.1049,33389,112.4875,255,111.47,109.5802,64.2679,162
1148,204.9317,32994,112.9,246,111.27,109.9966,64.6747,161
1149,203.4535,34994,113.225,242,110.87,110.049,64.6684,172
1150,210.2531,34061,111.75,258,110.35,109.6389,64.0185,162
1151,213.4286,34362,112.7375,264,111.19,109.6499,64.3916,161
1152,211.9212,34967,113.5125,275,111.93,109.9261,65.0128,165
1153,215.0559,34624,113.075,272,111.73,109.6282,64.3622,161
1154,215.7081,34729,113.025,263,111.9,109.8227,64.4387,161
1155,218.7892,36319,113.575,281,113.05,109.8242,64.5539,166
1156,219.0807,35272,112.825,266,111.99,109.735,64.6111,161
1157,219.5241,36441,114.5625,258,112.41,109.9596,64.2225,166
1158,218.3952,36472,113.7875,283,111.05,110.2042,64.8435,167
1159,218.5549,35843,113.6125,266,111.16,109.56,64.6778,164
1160,215.0994,34631,113.2375,262,110.88,109.641,64.0244,161
1161,214.3659,35156,113.3125,294,111.3,109.6868,64.3829,164
1162,211.9759,35188,113.225,276,111.66,110.7205,64.4195,166
1163,215.4451,35333,112.35,254,111.03,110.1868,64.5082,164
1164,212.9341,35560,112.6125,269,111.43,110.1731,64.5289,167
1165,212.7143,34247,113.0375,272,111.62,110.1722,64.9311,161
1166,209.4037,33714,114.2875,277,111.3,110.1988,64.5378,161
1167,208.9565,33642,112.4,254,110.92,109.8983,64.3612,161
1168,206.5217,33250,114.4625,252,111.91,110.3303,64.5878,161
1169,204.7267,35213,113.575,251,111.1,109.7236,64.9223,172
1170,204.8827,33191,112.7625,253,110.9,109.5378,64.7542,162
1171,205.1687,34058,112.925,238,112.05,109.4911,64.4647,166
1172,205.5864,33305,114.45,250,112.83,109.7646,64.9304,162
1173,204.2147,33287,113.35,250,111.72,109.7247,64.8596,163
1174,203.4157,33767,112.4625,244,110.6,109.6088,64.0421,166
1175,201.7764,32486,113.95,243,111.26,110.3133,64.6542,161
1176,200.7669,32725,114.575,236,111.59,109.6854,64.9784,163
1177,197.9353,33649,113.0125,246,111.51,110.2181,64.4494,170
1178,196.5529,33414,113,232,110.51,109.8807,64.7531,170
1179,195.8537,32120,113.6875,237,111.22,109.3038,64.8742,164
1180,197.1718,32139,114.6375,242,112.62,110.2045,64.6357,163
1181,194.1446,32228,113,232,111.13,109.8439,64.383,166
1182,196.4556,33201,113.225,244,111.76,109.7238,64.6899,169
1183,196.75,32267,113.6375,231,112.18,109.6525,64.2878,164
1184,194.9102,32550,113.6,242,110.97,109.872,64.6707,167
1185,198.741,32991,112.925,233,111.24,109.7886,64.8433,166
1186,200.6463,32906,112.4,243,110.28,109.4494,64.4974,164
1187,198.6135,32374,115.175,244,112.8,109.67,64.6889,163
1188,198.6012,32372,114.125,247,111.4,109.7932,64.5932,163
1189,197.0245,32115,113.25,250,111.36,109.3454,64.5816,163
1190,196.2593,31794,113.6,232,111.68,110.4376,64.6393,162
1191,197.7099,32029,114.0625,231,111.78,109.2048,64.7477,162
1192,198.1801,31907,113.8625,252,111.19,109.9517,64.8464,161
1193,199.5247,32323,113.4375,249,112.37,110.2945,64.779,162
1194,196.8614,32679,114.1375,236,111.61,109.6672,64.5533,166
1195,198.6522,31983,112.725,245,111.34,109.9659,64.5537,161
1196,199.6135,32537,112.1375,246,111.19,109.6214,64.4898,163
1197,198.3106,31928,114.0125,238,112.09,109.5875,64.7259,161
1198,197,32505,113.825,239,111.3,109.9212,64.2764,165
1199,197.883,33838,113.7625,237,111.47,109.821,64.4705,171
1200,201.0556,32571,112.7,255,111.43,109.8539,64.4364,162
1201,200.2061,33034,112.4,249,111.08,109.3655,64.5651,165
1202,201.4615,34047,114.775,237,112.3,109.5045,64.7575,169
1203,201.2866,33011,111.85,243,110.96,109.1623,64.7916,164
1204,201.1071,33786,113.2625,240,111.36,109.4811,64.1646,168
1205,200.5776,32293,113.775,239,111.69,109.5329,64.5435,161
1206,202.3789,32583,112.9375,243,111.49,109.3683,64.4574,161
1207,199.4606,32911,113.2375,249,111.82,109.5037,64.3897,165
1208,201.2048,33400,114.9625,229,112.43,110.381,65.086,166
1209,198.3841,32535,112.5375,230,110.9,109.066,64.7863,164
1210,201.1043,32780,113.2125,249,111.18,109.3426,64.2191,163
1211,203.7439,33414,112.6625,247,110.78,109.779,64.913,164
1212,204.5031,32925,113.575,240,112.3,109.2168,64.7153,161
1213,200.7066,33518,113.9375,247,111.22,109.3969,64.6003,167
1214,200.2012,32833,112.6125,239,110.62,109.6264,64.6964,164
1215,201.5093,32443,112.0125,241,110.1,109.1764,64.7285,161
1216,199.6584,32145,113.075,252,111.47,109.5245,64.5026,161
1217,196.8869,33077,113.3375,233,112.13,109.2543,64.0721,168
1218,200.2335,33439,114.775,252,111.84,109.3614,64.6265,167
1219,200.8841,32945,112.95,259,111.13,109.1226,64.5092,164
1220,200.7914,32729,112.8125,250,110.92,109.6358,64.5467,163
1221,202.491,33816,113.7625,249,112.56,109.1766,64.6356,167
1222,202.6766,33847,114.225,244,111.98,109.4208,64.9945,167
1223,200.1646,32827,113.825,253,110.93,109.5306,64.7885,164
1224,200.5123,32483,112.5125,246,110.74,109.6916,64.6131,162
1225,198.9136,32224,113.2,241,111.92,109.6642,64.9904,162
1226,200.5901,32295,114.35,243,113.02,109.3727,64.5786,161
1227,198.0988,32092,114.125,232,112.29,109.4523,64.8805,162
1228,201.679,32672,114.6125,234,112.08,109.7411,64.8082,162
1229,198.3106,31928,114.175,240,111.46,110.0762,65.0154,161
1230,197.0482,32710,112.5125,233,110.75,109.0523,64.8997,166
1231,197.5091,32589,113.6375,238,111.48,109.8478,64.8135,165
1232,196.4444,31824,112.3,241,111.17,109.6459,64.4196,162
1233,195.5181,32456,114.7,228,112.26,109.2274,65.1755,166
1234,194.4793,32867,113.9,240,112.54,109.4994,64.983,169
1235,191.75,32214,113.4375,230,111.32,109.5275,64.9514,168
1236,195.9317,31545,112.3875,229,111.57,109.3858,64.6397,161
1237,195.362,31844,115.025,229,112.96,109.6567,64.5732,163
1238,196.6358,31855,113.1625,233,111.37,109.6855,65.0403,162
1239,194.1404,33198,113.3375,233,111.7,109.3941,64.4243,171
1240,192.929,32605,113.45,232,111.54,109.3128,64.9447,169
1241,194.0309,31433,113.2875,234,110.79,110.1055,65.1722,162
1242,194.2174,31269,114.1,231,111.69,108.9634,64.9333,161
1243,194.9876,31393,113.1375,235,111.52,109.4099,64.6071,161
1244,192.3491,32507,112.4125,232,111.69,109.6568,65.0438,169
1245,191.903,31664,113.8,228,111.04,109.5777,64.6414,165
1246,192.8182,31815,112.9,237,110.6,109.6668,65.1453,165
1247,191.2182,31551,114.175,228,111.54,109.5798,64.9848,165
1248,193.097,31861,112.95,227,110.9,110.1455,65.0252,165
1249,192.2805,31534,112.7125,226,111.18,109.355,64.7129,164
1250,191.2012,31357,113.7,229,111.31,109.6705,64.8545,164
1251,192.439,31560,113.4875,247,110.7,108.1566,64.4452,164
1252,194.0185,31431,113.6625,237,111.23,109.3145,65.1338,162
1253,193.2531,31307,114.3375,230,111.17,109.3192,65.2018,162
1254,192.1829,31518,113.8875,238,112.44,109.1902,65.0392,164
1255,190.0176,32303,112.9625,222,111.83,109.8044,65.0573,170
1256,192.0059,32641,112.8875,228,111.02,109.166,64.9455,170
1257,191.9939,31487,113.7,229,110.75,109.3875,65.148,164
1258,190.179,30809,112.6,221,111.44,109.3599,64.5509,162
1259,191.1404,32685,113.4875,235,111.68,109.8332,64.9772,171
1260,190.3704,30840,112.775,222,110.79,109.5054,64.9545,162
1261,190.8333,30915,113.8375,233,112.03,109.9112,65.0635,162
1262,191.1472,31157,112.4125,231,111.23,109.7756,64.9372,163
1263,189.2575,31606,113.675,227,111.2,109.1379,65.2413,167
1264,188.4529,32037,113.8,225,110.73,109.5955,64.6577,170
1265,190.3593,31790,112.375,221,110.87,109.9882,64.7416,167
1266,186.7759,32499,112.7375,223,111.29,109.5706,65.0304,174
1267,188.8304,32290,112.675,234,111.06,109.3643,65.1431,171
1268,189,31752,113.7875,225,112.29,109.9758,64.8859,168
1269,189.5294,32220,114.3,228,112.72,109.6799,65.3357,170
1270,187.8855,31189,113.05,227,111.3,110.357,65.1518,166
1271,188,30832,112.6875,231,111.13,110.8087,64.7879,164
1272,189.6667,30726,112.15,231,111.37,109.469,64.825,162
1273,188.6429,31692,112.0625,235,111.29,109.8425,65.0036,168
1274,188.0807,30281,113.4875,218,110.78,110.255,64.7706,161
1275,189.3659,31056,113.85,231,111.22,109.8376,65.1066,164
1276,191.0613,31143,113.575,226,112.21,109.3229,64.8216,163
1277,189.7531,30740,113.6,229,111.64,110.004,64.8138,162
1278,187.7235,31913,113.5,220,112.05,108.9856,65.196,170
1279,189.5828,30902,112.85,220,111.27,109.3373,64.8526,163
1280,189.411,30874,112.8125,238,110.68,109.8687,64.3812,163
1281,191.8232,31459,112.7375,241,110.59,110.2954,65.2416,164
1282,192.0122,31490,114.225,221,111.63,109.8132,64.7079,164
1283,192.4294,31366,113.2875,251,112.25,109.9302,65.1511,163
1284,191.5614,32757,113.5625,246,110.67,109.1554,64.7053,171
1285,191.8882,30894,114.4,230,112.17,109.5461,64.5158,161
1286,188.3218,32768,113.025,222,111.75,110.0054,65.1476,174
1287,191.1585,31350,112.375,234,110.66,110.0606,65.2939,164
1288,190.4425,33137,112.425,227,111.13,110.3846,65.5245,174
1289,191.0241,31710,112.9125,223,111.88,110.1128,64.7753,166
1290,191.7091,31632,112.8875,221,111.8,109.1596,65.1375,165
1291,191.5954,33146,115.1,231,112.6,109.5851,64.6469,173
1292,190.4172,31038,113.1,245,111.3,109.5251,64.7914,163
1293,190.1479,32135,113.9625,221,111.69,109.6967,64.5192,169
1294,188.5595,31678,113.4,220,112.79,110.2039,65.1309,168
1295,188.8788,31165,112.6,230,110.77,110.1025,65.4287,165
1296,188.4303,31091,112.75,233,111.03,110.2484,64.9206,165
1297,188.5767,30738,112.55,229,111.36,109.9736,64.9177,163
1298,191.7485,31255,112.775,231,110.64,110.0437,65.1355,163
1299,190.7963,30909,111.875,222,110.89,110.0119,64.8625,162
1300,191.6407,32004,113.6125,239,111.99,110.1706,65.1719,167
1301,187.6446,31149,112.2625,233,110.99,110.0933,64.5634,166
1302,191.753,31831,114.6125,234,112.49,110.7702,64.831,166
1303,189.8743,33228,113.825,237,112.24,109.9842,64.4973,175
1304,190.236,30628,114.5125,226,112.4,109.7987,65.4059,161
1305,189.9091,31335,113.6875,221,111.36,109.6186,64.6845,165
1306,189.3526,32758,112.775,238,110.74,110.287,65.2317,173
1307,189.6402,31101,113.2875,229,111.17,109.7292,65.0966,164
1308,188.9273,31173,112.35,236,111.02,110.0907,64.4839,165
1309,189.8415,31134,111.9375,228,111.53,110.4168,65.0427,164
1310,188.1618,32552,112.375,236,110.74,109.5674,64.7725,173
1311,188.1043,30661,112.275,246,111,110.3141,64.7902,163
1312,189.4658,30504,113.5625,220,111.52,110.0832,64.2455,161
1313,189.8176,32269,114.1625,227,111.92,109.9728,65.3861,170
1314,188.1159,30851,112.675,233,110.78,109.9454,64.5144,164
1315,189.6087,30527,114.025,235,112.17,110.1752,65.1893,161
1316,189.1867,31405,112.925,220,111.06,110.0675,64.3804,166
1317,187.9527,31764,113.5125,223,111.47,110.7318,64.6321,169
1318,190.0174,32683,112.9875,247,111.48,109.8462,64.6359,172
1319,187.2857,30153,113.45,221,110.98,109.9271,64.9166,161
1320,188.9568,30611,113.225,221,110.97,110.1833,64.9767,162
1321,187.8035,32490,111.475,238,110.45,109.6556,65.1546,173
1322,190.3855,31604,111.75,231,110.93,109.7929,65.022,166
1323,188.488,31289,112.5375,219,111.81,109.645,65.1037,166
1324,188.7346,30575,112.6625,239,111.09,110.6348,64.5772,162
1325,188.8712,30786,111.9625,225,111.14,110.15,64.6347,163
1326,188.6481,30561,110.8625,223,110.3,109.6181,64.9579,162
1327,190.7117,31086,113.3625,229,111.26,109.4359,64.5053,163
1328,192.1585,31514,114.6125,231,112.14,110.112,65.1152,164
1329,190.7879,31480,112.45,230,110.36,110.6543,65.0884,165
1330,189.8024,31697,114.675,236,113.05,111.1137,64.9815,167
1331,190.259,31583,112.4375,230,110.96,110.5736,64.9954,166
1332,191.0854,31338,112.7125,225,110.21,110.7525,64.8558,164
1333,189.6964,31869,113.3125,224,111.63,110.1203,65.2119,168
1334,189.9938,30779,113.7375,225,111.63,110.6772,64.9055,162
1335,190.7669,31095,113.325,241,111.83,110.9744,65.3301,163
1336,190.3148,30831,113.8125,228,112.47,110.0697,64.7187,162
1337,190.3353,31786,112.4375,234,110.89,110.8613,65.1417,167
1338,188.8373,31347,114.1,230,113.01,110.5092,65.3202,166
1339,188.3653,31457,113.0375,226,111.63,109.8544,64.2458,167
1340,188.9571,30800,113.9625,215,111.78,110.4041,64.8109,163
1341,189.2485,31983,113.5375,218,112,110.427,64.4308,169
1342,190.5697,31444,113.8125,228,112.41,110.6126,65.1769,165
1343,187.3663,32227,112.4625,228,110.93,110.8193,64.7001,172
1344,189.3452,31810,112.1375,234,110.64,110.6675,65.1815,168
1345,190.2384,32721,112.0375,236,110.53,110.0788,64.7609,172
1346,190.3772,31793,114.2625,220,111.99,109.9487,64.8424,167
1347,189.4277,31445,113.8375,227,112.05,109.7382,64.6362,166
1348,190.1976,31763,113.8125,239,111.84,109.7701,64.8054,167
1349,190.642,30884,113.7375,228,112.05,110.1028,64.8958,162
1350,188.4,31086,111.825,220,110.93,110.0861,64.1671,165
1351,188.8049,30964,113.8625,229,111.97,110.3457,64.4596,164
1352,188.2303,31058,113.45,224,110.57,110.0356,64.9614,165
1353,191.6398,30854,113.9,229,111.71,109.3806,64.4934,161
1354,190.4424,31423,113.775,241,110.88,109.6072,65.3763,165
1355,190.0947,32126,114,226,111.38,109.4465,64.881,169
1356,189.8049,31128,112.0125,236,110.04,109.3825,65.2914,164
1357,187.5367,33194,113.4375,230,111.06,109.8946,65.2495,177
1358,188.3293,30886,115.15,224,113.08,109.4657,65.6279,164
1359,191.9053,32432,113.4125,231,111.35,109.6651,65.2444,169
1360,190.503,31433,113.5125,245,111.28,109.0812,65.5548,165
1361,191.2515,31174,112.975,234,111.18,109.589,65.1929,163
1362,192.6242,31783,113.275,238,112,109.4549,65.0978,165
1363,188.6786,31698,113.15,223,111.49,108.5588,65.5138,168
1364,191.0988,30958,114.9,249,112.83,109.3301,65.6525,162
1365,190.3333,30834,113.1,232,111.03,109.1676,64.8266,162
1366,190.1118,32319,114.4625,233,111.8,109.6746,65.6987,170
1367,191.9394,31670,113.3,227,111.77,109.6888,65.5699,165
1368,191.3988,32155,112.175,230,111.67,109.1675,66.3422,168
1369,191.5329,31986,113.425,236,112.14,108.832,65.6817,167
1370,192.3818,31743,114,234,112.59,109.0029,66.0107,165
1371,191.9444,31095,111.9375,228,111.25,108.9265,65.9083,162
1372,190.2651,31584,111.8375,233,110.83,109.0998,65.9308,166
1373,190.4235,32372,111.525,240,110.84,109.0393,66.0277,170
1374,191.5714,30843,113.05,235,111.64,109.1691,66.3553,161
1375,189.872,31139,114.4875,241,113.15,108.7841,65.6908,164
1376,188.0926,30471,112.3625,219,110.76,108.6737,66.187,162
1377,188.0242,31024,112.3,219,110.94,108.6108,66.2175,165
1378,190.0181,31543,111.4875,221,110.89,108.357,66.042,166
1379,190.4709,32761,114.6375,242,112.35,108.7408,65.6537,172
1380,190.521,31817,114.4375,227,112.92,108.7591,66.3992,167
1381,191.5455,31605,112.6375,231,110.66,108.6741,65.8056,165
1382,192.7702,31036,112.75,235,111.92,108.7613,65.5388,161
1383,192.3704,31164,113.725,228,112.08,108.2101,65.9929,162
1384,191.628,31427,113.0375,231,111.73,108.5478,65.9228,164
1385,191.9759,31868,112.5375,234,111.87,107.416,65.8355,166
1386,193.8221,31593,114.1,229,110.86,108.0988,65.9355,163
1387,192.1747,31901,113.2875,236,111.57,108.1952,66.009,166
1388,193.216,31301,114.7125,235,112.3,107.9914,65.457,162
1389,193.5926,31362,113.7125,237,111.75,108.154,65.2151,162
1390,192.3176,32694,114.1,244,111,108.361,65.6995,170
1391,191.6954,33355,112.8625,234,110.48,108.1682,65.7796,174
1392,190.5521,31060,113.45,228,110.92,108.0867,65.8903,163
1393,192.8086,31235,115.3625,227,112.38,108.4051,66.0062,162
1394,191.2761,31178,112.375,235,111.37,108.4693,65.3242,163
1395,189.1856,31594,113.8375,227,111.5,108.2686,66.2495,167
1396,189.2,32164,113.9,228,112.46,108.7979,65.4711,170
1397,188.8352,33235,113.1125,224,110.76,108.265,65.9435,176
1398,190.6788,31462,113.875,223,111.66,108.4219,65.5211,165
1399,190.679,30890,113.0875,231,112.8,108.4395,65.8634,162
1400,189.7222,30735,113.7625,223,112.34,108.0142,66.4621,162
1401,188.3988,30709,112.775,218,110.87,108.6709,66.2265,163
1402,189.4724,30884,112.7,221,111.26,108.3019,65.5873,163
1403,191.697,31630,113.45,228,112.96,108.3892,65.99,165
1404,190.3272,30833,113.025,223,111.45,107.4519,66.4147,162
1405,189.7514,32827,114.3125,227,112.43,107.956,66.4311,173
1406,187.2717,34458,112.175,229,110.95,108.6556,66.176,184
1407,189.4037,30494,113.55,233,111.79,107.5166,65.6678,161
1408,189.3765,32194,114.175,237,111.72,108.4642,66.1801,170
1409,187.6347,31335,112.1125,218,110.57,108.2641,66.4686,167
1410,188.012,31210,113.9,218,111.32,108.4255,66.3227,166
1411,188.6646,30941,112.625,222,110.93,108.8349,65.9923,164
1412,186.5233,32082,112.75,226,111.13,108.1194,66.5014,172
1413,189.3272,30671,114.2125,228,112.1,107.8276,65.9453,162
1414,187.9464,31575,114.2375,221,112.76,107.8912,66.1774,168
1415,186.9884,32349,112.4125,227,110.71,108.5378,66.0301,173
1416,186.2303,30728,111.75,224,110.56,108.707,65.8677,165
1417,190.0491,30978,112.225,223,110.65,108.0557,65.9665,163
1418,186.5399,30406,113.8,228,111.83,107.6945,66.2835,163
1419,187.9759,31204,112.975,218,110.48,107.968,65.7829,166
1420,187.3879,30919,112.15,223,110.89,108.8033,66.4717,165
1421,187.5663,31136,112.35,221,111.37,108.0055,66.1487,166
1422,187.2727,30900,112.85,223,111.37,107.4564,65.7616,165
1423,187.3509,32037,114.4125,226,111.61,108.8901,66.4357,171
1424,188.6522,30373,112.9375,223,112.41,108.3906,66.3093,161
1425,187.179,30323,112.85,220,110.58,108.6839,66.0426,162
1426,188.3626,32210,114.4375,227,112.56,108.1237,66.0869,171
1427,188.8293,30968,113.225,227,110.9,108.5207,65.9823,164
1428,187.1235,31811,112.4625,224,110.44,108.2601,65.624,170
1429,188.9939,30995,112.7875,221,111.88,108.2487,65.9297,164
1430,188.1212,31040,112.775,220,110.8,107.7003,66.1874,165
1431,187.5783,31138,113.8125,233,111.76,107.542,66.2077,166
1432,189.439,31068,112.775,221,111.16,108.0164,65.9714,164
1433,191.479,31977,113.65,228,112.53,107.7369,65.733,167
1434,191.5818,31611,113.75,239,112.3,107.7637,65.9534,165
1435,189.8494,31515,113.6125,232,111.97,107.6139,66.3048,166
1436,190.7117,31086,114.425,229,112.59,108.1523,66.0833,163
1437,192.8935,32599,113.4375,238,110.75,107.7976,65.4681,169
1438,189,32697,113.0875,217,110.5,107.4618,65.2569,173
1439,189.8537,31136,113.9375,226,110.77,108.0807,65.4757,164
1440,187.9458,31199,112.9125,220,110.76,107.9366,65.9058,166
1441,189.8824,32280,114.0375,230,112.34,108.2618,66.18,170
1442,191.5273,31602,114.25,227,110.85,107.4911,65.8737,165
1443,190.6748,31080,113.85,235,111.26,108.6012,66.2654,163
1444,190.7267,30707,112.475,219,111.84,107.8451,66.1602,161
1445,192.3478,30968,114.625,231,112.38,107.5917,65.9504,161
1446,190.9938,30941,112.875,233,111.06,107.7757,66.1454,162
1447,191.25,32130,113.5125,243,111.32,107.6646,66.3138,168
1448,192.2256,31525,113.6375,233,111.83,107.7589,66.0338,164
1449,190.5758,31445,113.4,230,111.97,107.8165,65.9551,165
1450,193.6975,31379,114.025,226,111.71,108.1994,66.0478,162
1451,191.9157,31858,113.625,225,112.2,107.3849,65.9028,166
1452,193.0058,33004,113.2125,227,111.65,107.6175,66.2248,171
1453,192.0958,32080,114.05,231,112.47,108.0138,66.068,167
1454,191.6867,31820,112.8,249,111.16,107.7725,66.0365,166
1455,192.0602,31882,113.1,242,111.21,107.7037,66.4313,166
1456,194.3913,31297,112.9125,237,111.14,107.6778,66.4296,161
1457,193.117,33023,113.225,229,112.03,107.2867,65.587,171
1458,193.012,32040,113.6125,248,111.18,107.3762,66.3228,166
1459,194.2531,31469,114.5625,223,111.98,108.1108,66.3586,162
1460,193.4049,31525,112.7,223,112.26,107.471,66.2672,163
1461,191.0988,30958,115.025,229,112.82,108.0661,66.3446,162
1462,192.9693,31454,112.6125,226,110.62,107.8314,66.1795,163
1463,194.0745,31246,113.5625,227,112.27,107.6028,65.9026,161
1464,193.4198,31334,113.175,232,111.87,107.9154,66.3201,162
1465,194.0058,33369,113.3375,233,112.13,107.6376,65.8805,172
1466,194.9157,32356,113.125,222,110.99,107.3061,66.2514,166
1467,196.3869,32993,114.1625,234,111.17,107.1602,65.9828,168
1468,191.1953,32312,113.4625,226,111.42,107.4824,66.238,169
1469,195.4848,32255,115.6375,233,112.31,107.5357,66.1052,165
1470,193.8704,31407,112.7375,234,111.11,107.7782,66.3972,162
1471,193.7607,31583,113.325,224,110.97,108.057,66.2077,163
1472,191.9583,32249,112.625,234,110.33,107.7795,66.3208,168
1473,192.3478,30968,113.975,230,111.81,107.3007,66.2114,161
1474,191.1706,32499,114.7,230,111.63,108.1501,65.8855,170
1475,187.6121,30956,112.775,229,110.76,107.0386,66.1475,165
1476,190.3168,30641,114.775,229,112.32,107.6474,66.4926,161
1477,188.6707,30942,113.2125,231,111.31,107.2762,66.1589,164
1478,188.0465,32344,112.8375,228,110.62,107.426,66.4334,172
1479,190.7212,31469,113.975,234,112.03,108.2001,66.512,165
1480,189.5119,31838,114.025,227,112,107.6547,66.7798,168
1481,189.546,30896,112.55,224,112.07,106.5993,66.6893,163
1482,189.0517,32895,114.5375,225,112.15,107.4516,66.5077,174
1483,190.3841,31223,114.0125,221,111.65,106.7063,65.9414,164
1484,186.6959,31925,112.6,235,110.69,108.1159,66.6589,171
1485,187.5763,33201,112.725,220,111.36,107.5067,66.261,177
1486,190.8457,30917,114.5375,224,111.71,107.5943,66.7308,162
1487,190.087,30604,113.525,229,112.6,107.1817,65.9916,161
1488,189.6159,31097,114.35,231,111.28,107.7956,65.9623,164
1489,190.9636,31509,113.7125,221,111.85,107.6885,66.7791,165
1490,189.6626,30915,113.9125,229,112.43,107.8275,66.3625,163
1491,188.1084,31226,112.95,222,110.97,107.5536,66.1932,166
1492,187.515,31315,112.65,230,111.27,108.0634,66.1879,167
1493,187.9763,31768,113.3625,231,111.48,107.4987,66.8276,169
1494,190.8,31482,114.0875,219,112.3,107.4856,66.2171,165
1495,185.9,33462,113.2125,212,111.25,108.0471,66.4516,180
1496,186.4083,31503,113.5375,225,112.42,106.4087,66.1142,169
1497,186.7515,30814,114.4875,219,110.82,107.5169,66.4839,165
1498,188.3313,30698,114.075,225,112.11,108.3128,66.3747,163
1499,186.247,30917,113.675,224,112.44,107.0923,65.8383,166
1500,187.8383,31369,113.4,225,111.05,107.273,66.3591,167
