1,174.1787,50686,110.7,215,110.86,63.9018,53.9247,291
2,172.4073,52067,111.675,209,111.47,63.9986,54.4342,302
3,173.33,51479,112.0125,209,111.5,63.0081,54.3648,297
4,173.8944,52690,111.575,217,111.51,63.3941,54.2454,303
5,172.6187,51613,112.1375,214,111.58,63.9464,54.4944,299
6,172.9603,52234,112.05,216,111.9,62.8111,54.6696,302
7,169.2575,56532,111.175,209,111.42,63.9163,53.7629,334
8,171.835,51035,112.15,211,112.05,63.2106,53.9023,297
9,171.4,52277,112.4125,215,111.72,64.501,54.1014,305
10,170.8084,52609,110.85,225,111.31,63.6066,53.7899,308
11,170.4825,53702,112.3625,210,112.21,63.9964,54.4782,315
12,171.6758,50301,112.175,214,111.98,64.1494,54.3282,293
13,171.4051,53307,112.1375,207,112.3,63.8227,53.9877,311
14,170.7043,55991,110.6125,206,110.75,63.5169,53.6562,328
15,168.8951,51513,111.4125,210,110.86,64.0232,54.6432,305
16,171.5816,50445,111.925,210,112.19,63.8227,54.4339,294
17,169.7638,52457,111.525,219,110.86,64.1539,53.8312,309
18,170.7065,52919,111.775,207,111.31,63.0456,54.373,310
19,171.4418,50061,110.3375,220,110.07,63.7458,53.9592,292
20,168.9814,54581,110.6875,217,110.98,63.081,54.0815,323
21,171.0839,50983,110.9,206,110.41,63.1225,54.055,298
22,170.5608,50486,111.65,208,111.2,63.3404,54.9088,296
23,171.9564,51243,113.675,232,113.09,63.3982,54.3468,298
24,172.1161,53356,112.725,215,112.53,63.8774,54.5025,310
25,171.5067,51452,110.1625,215,110.05,63.1454,54.186,300
26,174.429,52852,112.525,210,112.13,63.7601,54.8928,303
27,174.4916,52173,111.0125,219,111.62,64.0888,53.9319,299
28,173.7793,51960,110.825,215,110.54,64.5306,54.5179,299
29,174.661,51525,111.9375,217,112.13,62.8705,54.1219,295
30,173.1908,52650,110.775,227,110.29,63.6356,54.2224,304
31,173.8409,53543,110.525,220,110.17,63.0775,54.478,308
32,174.0839,56055,111.5125,214,110.94,63.5227,54.4824,322
33,173.474,53430,110.8,211,110.34,63.6967,54.5175,308
34,172.1081,50944,110.25,228,109.96,63.432,54.5892,296
35,172.8664,53070,110.6375,230,110.78,63.4905,54.7133,307
36,173.2092,53002,110.775,216,110.31,63.7376,54.6009,306
37,171.8571,50526,110.65,230,110.4,64.1486,54.6075,294
38,172.0525,52476,111.825,220,111.39,63.3989,54.2456,305
39,172.1026,51975,111.8875,215,111.99,63.913,54.4939,302
40,171.6162,50970,111.8875,215,111.85,64.6052,54.196,297
41,168.7299,52475,111.0125,210,110.56,63.4551,54.4826,311
42,171.6088,50453,112.125,214,111.91,63.7447,54.566,294
43,169.7567,50927,112.6375,209,112.01,63.2604,54.2077,300
44,169.9661,50140,112.1875,218,111.66,63.8055,54.4081,295
45,171.1453,50659,112.025,216,110.97,63.554,54.6831,296
46,169.0929,52757,112.175,225,110.78,63.5973,54.2682,312
47,168.5096,52912,111.175,204,111.8,63.797,54.8359,314
48,168.645,51774,112.3125,211,112,63.5647,53.9241,307
49,167.7399,49651,111.3875,204,111.18,63.8352,54.8634,296
50,168.2383,50135,111.8875,207,111.71,64.7116,54.2793,298
51,166.6818,51338,110.5625,203,110.87,63.0577,53.5959,308
52,168.8076,49123,111.95,202,111.62,63.9774,54.6684,291
53,168.3746,51691,112.1375,205,112.38,63.5105,53.9269,307
54,170.2371,49539,112.0125,203,111.48,63.2349,54.2823,291
55,166.6254,51154,111.125,205,110.23,63.4807,53.631,307
56,167.9831,49555,111.6375,201,111.45,63.3767,53.8585,295
57,167.3201,50698,112.275,201,111.57,63.4379,54.2558,303
58,169.2128,50087,111.85,219,112.04,63.8696,54.785,296
59,167.7517,49319,111.075,223,111.92,63.9284,53.9346,294
60,167.1689,49482,112.375,198,111.79,64.1876,54.7972,296
61,166.5449,51962,111.1875,211,111.24,63.3284,53.7374,312
62,168.4452,49186,113.1625,201,112.1,64.0463,54.2086,292
63,167.8553,51028,112.0125,212,111.84,63.3071,54.0828,304
64,166.8699,48726,112.9125,199,112.82,63.9388,54.4654,292
65,167.4364,48724,112.3875,211,112.17,63.4099,54.1401,291
66,166.5875,50476,111.525,207,111.55,63.6378,54.2954,303
67,166.539,49129,112.4,204,111.6,63.8023,53.904,295
68,166.1529,52172,112.025,211,111.22,63.1893,54.0483,314
69,167.4615,52248,112.75,206,112.47,63.5418,53.8959,312
70,166.6426,48493,111.175,201,110.66,63.3983,53.8955,291
71,165.8006,53222,111.2875,215,110.98,63.2385,53.9625,321
72,165.232,50561,112.225,198,111.97,63.4809,54.6251,306
73,165.5916,51499,112.6375,196,112.02,62.7752,53.9857,311
74,166.6154,49818,111.8375,204,111.38,63.6353,54.6695,299
75,166.2381,48874,112.1875,198,111.93,63.8401,54.0375,294
76,165.1479,51361,111.85,204,111.58,63.9694,54.013,311
77,165.5267,49658,111.15,205,111.25,62.7853,53.8718,300
78,165.2329,48248,110.325,206,110.31,63.1447,53.3507,292
79,165.3244,49432,113.15,201,111.95,64.1514,54.3318,299
80,164.1143,51696,110.5875,193,110.54,63.9267,54.2323,315
81,163.3416,52596,110.65,196,110.02,63.8016,54.7003,322
82,166.7932,49204,111.2875,206,110.97,63.0366,54.2072,295
83,165.2891,48595,111.5625,210,111.17,63.9337,54.4096,294
84,166.2721,50713,112.825,202,112.23,63.1138,54.1387,305
85,165.0478,51825,111.8125,218,111.87,63.9484,54.9835,314
86,165.5582,48343,111.4125,196,111.76,63.9233,54.9123,292
87,165.0772,49193,110.9,201,110.89,63.4723,54.268,298
88,165.5959,48354,112.775,194,112.37,63.9409,55.4381,292
89,165.843,48592,111.075,206,110.89,63.3503,53.9355,293
90,164.7016,51881,111.975,203,111.62,64.2823,54.2617,315
91,163.8045,51107,111.8375,201,111.22,64.232,54.2091,312
92,166.0516,51476,112.475,202,112.17,63.552,53.9493,310
93,165.1414,49047,111.4125,199,110.72,64.4984,54.7669,297
94,164.3255,48969,111.4375,203,111.68,62.9634,54.6976,298
95,165.7101,50873,112.125,196,111.51,64.1963,54.612,307
96,163.9937,52314,111.4625,199,111.77,64.2734,54.176,319
97,163.7792,50444,110.6625,210,110.48,62.8225,54.8191,308
98,165.0872,52993,112.55,208,111.98,63.4437,53.9379,321
99,163.7921,49629,112.25,212,112.48,63.2368,54.8138,303
100,164.5387,53146,112.1125,201,112.26,63.3603,54.7464,323
101,164.6892,48748,111.6125,206,111.26,62.8428,54.375,296
102,165.05,49515,112.575,201,112.2,64.0309,54.4261,300
103,163.5133,49054,111.375,196,110.92,63.401,54.3014,300
104,164.8401,48463,112.325,203,111.93,64.1981,54.9792,294
105,164.592,49213,111.3125,208,111.65,63.0822,54.7978,299
106,163.7296,50265,110.2,201,110.46,64.4588,54.7183,307
107,164.936,48986,112.2875,205,112.26,63.3259,54.2577,297
108,164.5302,49030,112.175,200,111.46,63.9765,55.0074,298
109,164.1077,48740,112.0375,196,112.06,63.8077,54.7934,297
110,162.7158,47513,110.125,207,110.12,62.0496,55.3377,292
111,163.4936,51010,112.05,195,112,62.3245,53.3477,312
112,162.9448,56053,112.7625,206,111.44,63.197,53.8566,344
113,163.4983,48232,113,196,112.4,63.0674,54.8372,295
114,164.1463,48259,111.55,203,111.38,63.4256,53.8684,294
115,163.7632,52568,111.4375,202,111.18,63.7036,54.6308,321
116,162.3439,50976,110.6,200,110.22,63.3705,54.0464,314
117,165.114,50690,111.6375,203,111.39,63.3874,54.3593,307
118,162.9465,48721,110.4875,211,110.26,63.2996,55.232,299
119,164.3401,48316,112.225,198,112.63,63.7383,55.1611,294
120,162.3828,54723,111.85,197,112.16,62.818,54.1902,337
121,163.1447,50738,111.45,196,111.32,63.1689,54.6415,311
122,163.276,50289,111.7875,196,111.47,62.3979,54.3466,308
123,162.4451,56206,112.725,200,111.71,62.0801,53.784,346
124,164.202,50410,113.4375,211,113.22,63.194,54.3674,307
125,164.277,48626,110.5875,196,110.26,63.4153,55.1207,296
126,162.8698,55050,112.375,203,111.65,62.6017,53.876,338
127,164.4,51786,113.3125,200,112.55,62.9,54.2207,315
128,163.2771,54208,112.7375,199,111.54,62.1833,54.8939,332
129,164.3204,50775,111.8375,198,111.34,62.9016,54.5271,309
130,164.4218,48340,112.2375,207,111.45,62.0316,55.0582,294
131,166.75,50025,112.675,198,111.41,62.6313,54.8766,300
132,164.1948,50572,111.7875,207,111.12,63.3639,55.2408,308
133,164.3344,50122,112.2125,201,112.19,62.4338,55.1631,305
134,164.9868,50156,112.1875,201,111.61,62.9081,54.9373,304
135,164.5947,49543,113.375,210,112.96,62.6602,54.7446,301
136,164.2783,50762,110.7125,206,110.61,62.8346,54.9145,309
137,164.6007,49874,112.35,199,111.58,62.2385,55.4069,303
138,163.6313,55471,111.3,190,111.6,62.5841,54.566,339
139,164.1787,47776,111.425,198,111.01,62.7469,54.9651,291
140,165.3993,50116,112.125,197,110.59,61.8614,54.9115,303
141,166.6768,49503,113.1625,202,112,63.9031,55.1224,297
142,164.8272,49613,111.125,210,111.12,61.4275,54.6916,301
143,165.7947,50070,113.075,209,112.33,62.674,55.8741,302
144,167.2313,51340,111.95,200,111.76,62.5112,55.7864,307
145,167.6457,50629,111.275,202,110.78,62.9635,55.6256,302
146,168.2057,53153,111.55,210,111.08,62.3573,55.3414,316
147,169.6861,52433,111.725,202,111.95,62.403,55.3663,309
148,170.8818,50581,111.4375,205,111.92,61.8641,55.3673,296
149,169.532,50351,110.65,205,110.22,62.1554,55.7529,297
150,171.4702,51784,112.5375,215,111.59,62.5778,56.0356,302
151,171.4358,50745,112,202,111.02,61.6787,55.2941,296
152,170.5016,53026,111.575,206,111.38,62.2212,55.2735,311
153,170.594,50837,112.7,204,112,61.6884,55.5924,298
154,169.1429,49728,110.3,204,109.84,61.9594,55.7849,294
155,168.529,49379,110.8625,205,110.5,62.4297,55.4166,293
156,167.3883,51723,112.975,201,112.31,61.9165,55.59,309
157,167.1056,50633,111.5,203,110.59,61.7338,55.7315,303
158,167.5252,53273,112.3875,207,111.95,62.2686,55.9277,318
159,165.7063,50209,110.5875,212,110.3,62.2668,55.5864,303
160,166.0544,48820,112.125,201,112.16,61.931,55.4402,294
161,164.3409,50617,111.725,198,110.67,62.698,55.3248,308
162,165.429,53599,111.8625,209,111.5,62.2785,55.598,324
163,164.9383,50801,112.325,200,112,62.2464,55.4157,308
164,164.8653,48965,112.675,204,112.71,62.3675,55.1105,297
165,164.4918,50170,112.8125,202,112.16,62.6172,55.9257,305
166,164.6984,50233,112.4125,196,111.76,62.4489,55.574,305
167,162.7608,48991,112.125,194,111.89,63.1596,56.2825,301
168,164.0281,52489,112.4375,197,112.49,62.1476,55.3541,320
169,163.0657,54627,112.2,194,111.61,62.3034,55.4588,335
170,163.5145,50853,111.95,196,111.42,62.2035,55.7518,311
171,163.9806,50834,112.675,192,112.5,62.7094,55.9191,310
172,163.711,49277,111.8875,197,111.65,61.9018,56.0575,301
173,162.5548,50392,111.475,194,110.64,62.8229,56.7074,310
174,164.5364,49690,111.7125,203,111.46,63.6504,56.095,302
175,163.6431,50893,111.8375,199,111.31,60.9245,55.5093,311
176,162.0928,47169,111.9125,200,111.77,61.5435,55.8274,291
177,163.2667,48980,113,204,111.13,62.9637,55.7958,300
178,163.453,48709,112.3,197,112.14,62.4368,55.9688,298
179,163.6656,51391,112.2625,201,111.64,62.8746,55.6179,314
180,161.8086,49028,111.9875,206,111.74,62.7539,55.4114,303
181,163.0034,48086,112.525,197,112.36,62.0257,56.5137,295
182,163.5578,48086,112.9875,199,112.64,62.24,55.6697,294
183,163.3052,50298,112.725,208,112.52,61.5548,54.8095,308
184,161.8746,50343,111.125,190,111.08,61.9776,55.8189,311
185,162.7949,50792,111.6125,198,111.21,61.4007,56.4354,312
186,162.4846,52645,112.8875,202,112.53,62.0004,54.8248,324
187,162.9564,48561,110.5625,200,109.85,62.4836,55.6153,298
188,162.5309,52660,112.125,202,112.26,61.5809,56.445,324
189,161.6612,49145,113.1125,187,111.67,61.9059,55.6393,304
190,161.4441,50532,113.0375,199,112.99,62.3975,56.1757,313
191,162.9533,52308,112.525,197,111.65,61.954,55.0138,321
192,162.4815,48257,111.55,198,111.04,62.3796,56.7413,297
193,161.7085,47704,110.775,200,110.56,61.9364,56.1984,295
194,162.5272,56722,112.8625,207,111.89,61.6474,54.9869,349
195,162.775,52088,112.0375,196,111.28,61.2929,54.39,320
196,162.77,50947,113.0875,202,111.94,62.2007,55.6706,313
197,162.1622,48000,110.3125,196,110.33,62.3071,55.9803,296
198,163.215,47822,112.4125,203,112.21,61.5301,55.9553,293
199,162.7662,50132,113.2,198,112.91,61.2942,56.4817,308
200,162.6486,48144,112.0875,198,112.23,62.5066,56.8955,296
201,161.8193,51944,112.325,201,112.24,61.1192,55.6853,321
202,161.6287,49620,112.6875,195,112.31,60.5752,56.6334,307
203,161.5934,49286,111.2875,198,111.79,62.1455,55.4807,305
204,162.0204,47634,112.15,193,111.86,61.2773,56.8155,294
205,163.2133,48964,112.425,199,112.13,61.5127,56.3989,300
206,161.8051,50645,112.1,194,111.94,62.1146,55.3124,313
207,161.756,47071,111.9875,187,111.31,61.7495,56.5082,291
208,162.0338,47962,112.0875,193,111.82,61.7267,55.7134,296
209,161.1852,47872,111.7875,201,111.42,62.4831,56.774,297
210,160.9813,51675,112.525,194,111.94,61.9883,55.5088,321
211,162.6263,48300,113.4875,198,111.94,62.1708,56.7199,297
212,162.4791,50531,112.25,196,112.66,61.4522,54.6029,311
213,161.8859,48242,113.2125,191,112.36,59.7081,56.2905,298
214,162.102,49279,112.7125,196,111.11,62.1896,56.2714,304
215,162.9072,47406,112,213,111.89,61.1154,56.0808,291
216,162.1633,48649,112.4,201,111.62,62.2643,57.0327,300
217,161.5277,49589,111.7,201,112.7,61.4327,56.8501,307
218,161.7333,48520,112.1625,198,111.14,62.6049,56.1579,300
219,160.7852,47914,110.8625,196,110.12,62.2327,55.6658,298
220,161.4314,48268,112.825,199,111.96,61.1502,55.5641,299
221,161.9248,49549,112.7875,189,113.18,61.5,56.0825,306
222,161.3553,49052,113.1375,197,112.73,62.4744,56.222,304
223,160.8316,46802,112.4875,198,112.18,61.6975,56.4759,291
224,161.8194,50164,112.225,195,111.04,61.5782,56.184,310
225,160.9006,50201,111.875,194,111.76,62.6546,55.9397,312
226,161.9314,49551,113.275,194,113.07,61.6721,56.3086,306
227,161.0714,47355,112.7125,185,112.14,62.2998,55.8824,294
228,161.8874,47433,111.8375,195,110.98,62.3099,56.3378,293
229,161.1649,46899,111.9125,194,111.08,61.5695,56.3761,291
230,161.6865,51578,112.3375,198,112.55,60.838,55.5953,319
231,160.8562,50348,111.5375,196,111.53,60.7424,56.1815,313
232,161.1903,49969,112.05,197,112.85,61.4962,55.3162,310
233,161.1456,49794,112.825,199,111.64,61.3429,56.3235,309
234,161.2112,48847,112.6625,207,112.23,61.8546,55.4747,303
235,161.7525,48364,113.525,194,112.46,61.0075,56.6031,299
236,160.9415,52306,112.475,192,112.41,61.4962,56.1309,325
237,161.0068,47497,111.7875,197,111.01,61.9008,56.1277,295
238,160.2788,50007,111.225,195,111.29,61.8042,56.3319,312
239,161.5258,50073,112.5,201,112.59,62.2692,55.7588,310
240,158.4127,57187,112.3375,193,111.2,60.7081,55.5072,361
241,160.8399,49217,111.95,197,111.42,61.6575,55.8258,306
242,161.3953,47773,113.6,189,112.79,60.4076,55.6583,296
243,161.049,49281,112.925,192,112.12,61.9286,55.4365,306
244,159.633,47411,112.1,187,111.45,61.6321,56.0466,297
245,161.7172,48030,112.0375,203,111.86,61.4813,56.236,297
246,161.53,48459,112.55,198,111.99,62.0965,55.9863,300
247,159.4434,49268,111.45,206,111.65,60.9291,56.5873,309
248,160.3892,53570,112.6625,195,112.12,61.7824,55.4334,334
249,159.0731,54403,111.65,196,110.89,62.172,55.9098,342
250,161.5222,47326,111.525,197,111.48,61.9695,56.9549,293
251,159.5743,47234,111.55,187,111.09,61.6261,55.8005,296
252,160.6884,46921,111.8875,197,112.35,61.4844,56.644,292
253,159.322,51461,111.35,191,111.75,61.6571,55.9648,323
254,159.2402,53027,111.75,190,111.18,62.2705,56.7094,333
255,160.6757,47560,111.8375,195,112.59,61.0775,56.6681,296
256,160.6058,50109,111.875,190,111.62,61.5905,55.4447,312
257,160.3085,47291,112.6625,189,111,61.0748,56.7279,295
258,160.7147,50143,111.8,193,111.6,61.8611,56.8867,312
259,159.7683,50327,111.3625,203,110.98,60.3664,55.7696,315
260,160.5272,50245,113.0125,197,112.3,61.1087,56.7047,313
261,158.6656,48393,110.3,188,110.48,60.8947,56.3055,305
262,160.4765,47822,112.525,208,111.28,60.8984,56.3452,298
263,161.1763,47547,111.6375,199,111.2,62.0542,56.5113,295
264,160.2233,48067,111.5375,186,112.23,61.3377,55.8561,300
265,160.4531,49580,113.425,196,111.78,61.6015,55.8515,309
266,160.9408,51662,112.9125,201,112.61,60.9474,55.5732,321
267,160.3425,46820,112.8125,194,112.96,61.7534,56.2048,292
268,159.5464,48183,110.875,194,109.79,60.7421,55.4942,302
269,159.0223,49933,112.375,185,111.07,62.3236,56.3142,314
270,160.457,48458,111.125,190,110.47,61.7311,56.0103,302
271,160.3954,49081,111.8625,202,111.44,61.7434,56.3014,306
272,159.3477,48123,111.3625,194,111.4,62.6089,56.0563,302
273,160.0453,49454,113.35,198,112.44,61.2832,56.6235,309
274,158.5648,47728,112.4,185,112.23,61.7166,56.3181,301
275,157.9029,48792,111.6875,213,111.01,61.1697,56.3121,309
276,158.8423,50353,112.575,196,112.39,61.595,56.6811,317
277,161.1115,50589,113.3875,190,112.47,61.0308,56.3039,314
278,161.8176,47898,112.825,196,111.95,61.1825,55.0754,296
279,161.1141,48012,112.7625,194,112.43,61.663,57.2513,298
280,160.4375,48773,112.0375,191,111.16,61.147,56.79,304
281,159.0533,47716,112.2,190,110.84,62.0674,56.4933,300
282,160.6997,50299,113.5625,194,113.5,62.5826,55.8618,313
283,159.8349,50348,112.7125,192,112.16,60.7159,55.6146,315
284,160.3146,51461,112.55,191,112,61.9009,56.4754,321
285,159.8459,46675,113.65,187,112.67,60.3269,56.4127,292
286,158.9198,51490,112.9125,186,110.83,61.8158,55.8908,324
287,159.6587,46780,111.3,190,111.37,61.6262,55.866,293
288,160.8045,50171,113.475,195,111.63,60.8062,56.3356,312
289,159.7312,51114,112.6125,196,111.6,60.906,55.5952,320
290,160.5306,47196,111.7625,195,111.48,61.2306,56.7307,294
291,159.7157,47755,112.7625,187,112.42,61.6401,55.3015,299
292,160.4299,52621,113.2625,192,111.95,60.8493,56.0103,328
293,159.8,48739,112.6,189,110.91,61.8718,56.3774,305
294,161.6131,49292,112.775,192,112.6,60.3624,56.1449,305
295,159.9588,46548,112.9,191,111.42,61.4865,55.9606,291
296,159.9412,48942,111.15,191,111.07,61.6794,56.4106,306
297,159.7093,49989,112.025,192,111.72,60.8967,56.0904,313
298,160.0881,52669,111.2875,206,110.71,61.5523,56.5867,329
299,159.6421,47733,112.1125,195,112.25,61.3608,56.1111,299
300,158.1362,54557,110.8375,199,111.17,60.5883,55.1814,345
301,160.3746,49235,112.2625,195,112.02,60.921,56.7558,307
302,159.9703,48471,113.1,196,112.33,61.0934,56.2126,303
303,159.5219,47378,112.2125,189,111.51,60.588,56.302,297
304,160.6314,50117,111.9875,191,112.07,60.9867,56.4095,312
305,161.2407,47566,112.6625,201,111.16,61.8128,56.8934,295
306,161.3278,48721,112.6875,202,112.74,61.3519,57.3021,302
307,161.488,46993,113.2,189,111.8,61.5373,57.1512,291
308,162.485,48908,112.55,208,112.03,60.1153,56.6655,301
309,161.7832,49991,112.575,198,112.6,60.6614,56.6905,309
310,162.9516,50515,112.25,196,111.83,60.2744,57.2449,310
311,165.6304,50186,112.9625,197,112.23,61.385,56.8841,303
312,164.6402,54002,111.6875,192,111.07,60.9779,56.2942,328
313,167.0188,53446,113.1625,207,112.58,61.1909,57.5343,320
314,168.031,54274,112.5875,199,112.99,61.1061,56.0939,323
315,169.3795,51322,112.85,199,111.25,61.7311,57.1393,303
316,172.6136,50921,112.45,210,112.32,61.0129,56.5548,295
317,174.0405,55867,113.1875,213,113.77,61.3318,56.7327,321
318,174.457,50767,111.925,206,112.03,61.4093,56.3311,291
319,175.078,51648,114.375,214,112.98,61.795,57.1434,295
320,176.7833,53035,113.975,213,112.04,61.2639,56.6789,300
321,176.0612,57572,113.3,216,112.6,61.2134,56.6394,327
322,176.5987,55452,114.2875,214,112.68,61.2228,56.7271,314
323,178.0658,54132,113.2625,231,113.16,61.1244,56.8463,304
324,181.2785,54021,113.1875,221,113.85,61.0062,56.9999,298
325,183.5436,54696,113.875,223,112.22,60.6285,56.5095,298
326,184.8141,57662,113.0375,223,112.47,61.2077,57.4484,312
327,187.7946,55775,114.7,234,113.5,60.3813,57.0032,297
328,190.4315,55606,113.9625,234,113.9,61.3282,56.9755,292
329,191.5476,56315,113.325,236,113.19,61.1672,57.2017,294
330,193.5839,57688,113.9125,243,112.7,60.5212,56.8271,298
331,196.5296,59745,113.2,254,112.84,60.9883,56.8382,304
332,198.9865,59099,114.6125,251,113.1,61.1246,57.0584,297
333,199.2791,59983,113.3875,242,113.23,60.9497,56.79,301
334,202.2653,59466,114.8625,259,113.56,61.315,57.0802,294
335,203.2937,61598,113.375,255,113.07,61.7717,56.6113,303
336,203.1297,59517,113.5375,260,113.22,61.1758,56.9459,293
337,206.0307,60367,115.55,252,115.28,61.4964,56.8247,293
338,208.5608,61734,115.0375,260,114.16,61.3229,56.7532,296
339,207.8855,61742,114,255,113.78,61.3727,57.1259,297
340,209.0396,63339,114.4625,266,113.97,61.4632,56.6233,303
341,210.8831,64952,114.85,266,115.03,61.6256,56.8074,308
342,213.1871,62677,115.5875,272,114.66,61.4374,56.7204,294
343,213.8703,62664,113.8125,267,113.97,61.4645,56.8931,293
344,215.299,64805,113.6625,277,114.28,61.7042,56.7229,301
345,215.5249,64873,115.525,264,115.12,61.944,56.9314,301
346,216.1486,63980,114,266,114.09,61.6781,56.0837,296
347,216.8814,63980,113.6,266,113.44,61.4334,57.1242,295
348,218.3562,63760,115.125,268,115.15,61.9034,57.2102,292
349,219.6824,65026,115.8375,285,115.45,61.3382,56.9276,296
350,218.0656,66510,114.7375,272,114.33,62.1764,56.8246,305
351,219.2593,65120,113.9125,262,114.3,61.1271,56.9579,297
352,221.1481,65681,115.5875,283,114.67,61.432,56.9382,297
353,220.227,66949,115.2625,269,115.5,62.1529,56.6131,304
354,220.756,64240,115.575,276,116.25,62.0787,57.0226,291
355,220.3966,65017,117.4125,272,115.84,62.1404,57.048,295
356,219.1443,66839,115.2625,273,115.46,62.0229,57.2097,305
357,217.7592,65110,114.5875,274,116.11,61.5187,57.146,299
358,216.9589,63352,115.0625,268,114.6,61.5246,57.4677,292
359,218.3422,65721,117.0375,277,115.89,61.7361,56.8316,301
360,216.6485,63478,114.7375,266,114.11,61.6415,56.7215,293
361,217.266,64528,114.325,280,114.66,61.3763,56.7371,297
362,215.3562,65899,115.6125,272,115.34,61.4699,56.8512,306
363,215.5918,63384,114.7,287,114.98,61.7718,57.4326,294
364,214.4141,63681,114.0125,266,115.03,61.8923,56.8494,297
365,213.861,63089,115.875,268,115.36,61.5517,57.2359,295
366,209.7845,62306,115.225,252,114.11,61.1881,56.8113,297
367,209.6611,62479,114.85,256,115.21,61.4441,57.494,298
368,207.7013,61895,114.5,248,114.48,62.0891,56.9896,298
369,205.0295,62534,113.5875,258,114.5,61.633,56.6711,305
370,206.2625,62085,114.2625,261,114.81,61.5213,57.2837,301
371,207.2483,61760,114.15,265,113.8,61.0891,56.9918,298
372,205.6102,60655,114.325,250,114.69,60.9217,56.6242,295
373,204.4512,60722,114.9125,249,114.01,62.1068,57.552,297
374,206.3584,60463,114.525,261,114.38,61.6564,56.9427,293
375,207.0479,60458,115.1,247,115.25,61.6965,57.124,292
376,203.6588,60283,113.7,243,113.75,61.4802,56.9621,296
377,206.4164,60480,114.3375,253,114.47,62.0194,57.0469,293
378,204.4768,61752,114.15,262,113.43,61.9008,57.1923,302
379,203.1404,59317,113.6375,258,114.1,61.9141,57.0061,292
380,202.2426,61684,114.2625,241,113.08,62.0984,56.885,305
381,202.6768,60195,113.0625,252,113.88,61.6223,57.0077,297
382,202.0198,61212,112.625,254,111.95,61.6201,57.1137,303
383,203.8664,59529,115.15,251,114.48,61.7717,57.2922,292
384,201.6755,60906,113.95,244,113.68,61.1434,56.661,302
385,202.0102,59391,114.175,260,114.95,61.6257,56.8667,294
386,201.8407,59543,115.2125,259,114.38,61.5306,56.6327,295
387,201.039,61920,113.975,245,113.35,61.2149,56.8234,308
388,198.7625,59430,113.8,250,113.5,61.2033,57.127,299
389,200.4984,61553,114.15,245,113.75,61.7196,56.8292,307
390,200.1308,64242,113.9125,242,113.35,61.4253,57.3938,321
391,200.4932,58945,112.8875,252,113.02,61.1176,57.243,294
392,199.5894,60276,112.675,241,112.01,61.62,57.5199,302
393,201.6792,59092,112.8875,259,113.29,61.9343,56.9355,293
394,200.1399,58641,112.1625,246,112.32,61.7041,57.2377,293
395,199.9288,58979,112.8125,250,112.45,61.9412,57.1368,295
396,198.5909,61166,114.125,252,113.34,60.779,56.7229,308
397,197.9794,57612,113.7125,243,111.77,61.2956,57.0618,291
398,196.1812,58462,111.3375,253,111.41,61.6218,57.0841,298
399,193.8,61047,112.0875,229,111.79,62.0218,56.8938,315
400,195.0295,59484,111.9,247,111.67,61.8641,57.4938,305
401,194.1608,60384,112.85,241,112.89,61.3085,56.6696,311
402,193.6229,57506,113.2875,243,112.64,61.5602,56.7965,297
403,191.9796,56442,112.0625,241,111.81,62.3387,56.8698,294
404,192.4932,56208,113.1875,232,113.11,62.2069,57.2366,292
405,191.2,57360,112.9375,229,112.74,61.8019,57.1131,300
406,188.1556,56823,112.3,228,112.08,61.1594,56.7899,302
407,188.2669,55727,114.4,224,113.35,61.3663,57.0381,296
408,188.5973,56202,113.4125,231,112.93,61.4713,57.1739,298
409,187.5729,55334,112.5,235,113.16,61.1532,56.9854,295
410,186.4444,58730,112.65,232,112.89,61.1515,56.5922,315
411,187.7075,55186,113.525,229,113.83,61.6417,57.0812,294
412,185.5691,57712,113.575,228,113.12,61.3421,57.5628,311
413,185.31,55593,112.375,219,112.49,60.9719,56.9194,300
414,185.3434,55047,113.175,229,113.23,62.1843,56.9165,297
415,185.8047,55184,114.3125,233,113.91,61.0664,57.2183,297
416,184.4899,54609,115.0125,220,114.07,60.909,57.6215,296
417,183.7904,53483,112.05,228,112.5,61.3279,57.3161,291
418,182.4605,55468,113.5625,219,112.76,60.8893,56.862,304
419,184.0067,55202,114,218,113.49,60.5119,56.8672,300
420,183.4605,53387,112.5,228,112.04,60.9887,56.6905,291
421,182.6776,55534,112.475,226,112.9,60.8777,56.9584,304
422,180.7741,54413,113.6,221,113.18,60.9155,56.6943,301
423,179.7016,56606,113.6125,227,112.9,61.4968,57.18,315
424,178.9966,53341,113.0125,219,112.33,62.4611,57.6341,298
425,178.3771,52978,112.3875,211,113.08,60.9458,57.3204,297
426,175.4462,55441,112.8125,216,112.22,61.3999,56.4992,316
427,176.4737,53648,113.4375,208,113.37,62.1262,57.2597,304
428,174.2372,54362,111.5125,212,112.09,61.5928,57.0946,312
429,173.5595,53977,114.6125,219,113.83,61.6897,57.3279,311
430,173.1221,52456,113.575,215,113.33,62.6523,56.9456,303
431,173.9493,51489,111.575,204,112.36,61.4303,57.0733,296
432,174.3981,53889,112.9875,207,111.73,61.6037,57.2718,309
433,177.5034,51831,112.8,213,112.19,61.5449,57.1027,292
434,177.7876,54403,112.225,216,112.65,60.7328,57.3889,306
435,178.0836,53247,113.5625,214,112.92,61.3807,57.5285,299
436,177.4768,53598,112.2875,220,111.87,60.814,57.4021,302
437,179.3123,53973,114.6375,211,113.53,62.2134,56.9597,301
438,177.2195,58128,112.6125,221,111.97,61.3692,57.6009,328
439,180.4608,52875,112.5,214,112.72,61.4626,56.9679,293
440,181.6871,53416,114.2875,218,113.96,61.5356,56.8411,294
441,180.0436,53653,113.7125,223,113,61.6881,57.0304,298
442,180.055,52396,114.5625,213,113.25,62.2665,56.5549,291
443,177.5233,53257,113.1625,210,113.28,62.0192,56.2801,300
444,177.648,54005,113.5,220,112.85,62.0586,56.041,304
445,178.0569,53239,113.125,238,112.25,61.3808,55.8994,299
446,177.3413,51961,113.05,219,112.2,62.4556,55.682,293
447,177.8841,53721,114.5875,211,113.12,62.3357,55.7752,302
448,179.3167,53795,113.9,221,113.18,61.9588,55.6945,300
449,178.2925,52418,113.05,211,112.21,62.5077,55.7933,294
450,178.4114,53345,113.2,212,113.37,62.7901,55.3825,299
451,179.4567,53837,114.2625,230,113.84,62.2676,55.4774,300
452,180.8498,52989,114.825,219,114,61.6102,54.5594,293
453,178.391,55658,112.6625,208,112.2,63.0292,55.3866,312
454,181.0967,54329,111.5125,229,111.42,62.7115,55.2607,300
455,181.4948,52815,112.4625,216,112.24,63.0592,55.0099,291
456,181.9315,53124,114.475,216,114.6,62.6541,54.8511,292
457,182.9541,55801,113.6125,223,113.23,63.0708,54.3731,305
458,181.9535,54768,114.25,215,113.44,62.9648,54.4912,301
459,181.3903,56231,113.75,222,113.76,63.2714,55.1623,310
460,180.0364,59412,113.3625,216,113.29,63.299,54.407,330
461,182.3368,53060,114.625,218,114.34,63.2748,55.3226,291
462,181.3654,54591,113.8125,217,113.76,62.465,54.9668,301
463,180.122,53136,114.275,227,113.74,63.8783,54.1203,295
464,177.1688,55631,114.15,212,113.46,63.5948,54.5982,314
465,177.3695,52324,113.7,219,114.09,62.2523,54.3378,295
466,175.0033,53376,114.525,224,113.56,63.4943,54.9514,305
467,174.1881,52779,114.625,203,114.06,62.7399,54.7836,303
468,172.1381,57322,114.3,208,114.11,62.0858,54.2109,333
469,171.7941,52569,113.3625,204,112.27,61.8922,55.4571,306
470,172.89,53423,113.6125,217,112.75,62.4244,55.2159,309
471,172.628,50580,113.9625,214,113.57,63.249,54.1561,293
472,171.3953,50733,113.925,205,113.86,62.4381,55.6419,296
473,167.081,53633,112.05,205,111.51,62.4773,53.735,321
474,167.8984,51209,113.4875,207,112.46,62.0679,54.8281,305
475,166.8918,50902,112.45,202,112.51,62.8574,54.2498,305
476,166.829,51717,113.6125,203,112.69,62.0351,55.0827,310
477,164.8882,51610,112.5,206,111.74,62.0358,54.6966,313
478,165.1574,50373,113.8,196,114.19,62.4311,55.4064,305
479,165.5641,51656,113.5875,212,113.29,63.82,55.2115,312
480,165.8328,48589,113.6875,201,113.42,61.3601,55.1477,293
481,164.1484,50886,113.0875,190,112.81,62.243,54.553,310
482,165.0514,48195,111.7875,204,111.4,63.4196,54.8021,292
483,165.2433,49573,114.1375,199,113.42,61.7719,54.2316,300
484,165.8677,51419,114.3,198,112.76,63.6019,54.6406,310
485,163.9027,48843,111.9625,202,112.15,62.8968,55.2681,298
486,164.3834,53589,113.6125,193,112.5,62.8685,53.8955,326
487,165.5223,48167,114.6,192,112.84,62.1254,55.0292,291
488,165.0863,51672,113.0625,212,112.53,62.488,54.5915,313
489,163.4748,51985,113.2,194,113.13,63.0229,54.7123,318
490,164.2407,48451,111.875,191,112.62,61.5733,54.7975,295
491,163.7362,50267,113.25,208,113.01,62.7806,53.9872,307
492,164.146,51706,113.45,195,112.49,62.2422,54.9286,315
493,165.0312,52810,114.15,198,113.48,63.658,53.4848,320
494,163.6667,50082,113.025,194,112.31,62.9587,54.963,306
495,165.4764,48981,113.1625,196,112.35,62.7854,54.2799,296
496,167.9075,49029,113.7625,206,112.86,61.9009,54.7881,292
497,165.4286,49794,113.55,198,112.26,62.4872,54.6703,301
498,167.1188,50637,113.775,199,113.47,63.0269,55.1648,303
499,167.0443,52786,112.525,205,113.58,62.4934,55.2262,316
500,167.5302,49924,113.1375,211,112.76,63.1775,55.2985,298
501,167.0871,51797,113.3125,195,113.61,62.984,54.3847,310
502,165.7125,51868,112.875,205,112.37,62.5925,53.8785,313
503,167.2843,50018,112.3,194,112.49,61.4477,54.226,299
504,164.913,49309,112.8875,192,111.51,63.3379,54.3326,299
505,163.8692,52602,112.4625,194,111.92,62.9656,54.1564,321
506,164.1688,50564,114.5625,203,112.72,62.1146,54.3663,308
507,162.913,48711,112.3375,210,112.05,62.7026,54.8397,299
508,164.6221,49222,112.6125,191,112.5,62.7849,55.3529,299
509,162.8243,50964,112.45,188,111.85,62.7313,55.102,313
510,163.0685,52345,112.5125,194,111.72,62.3132,54.6947,321
511,164.0692,52174,112.1125,200,112.84,62.1714,54.2793,318
512,161.6169,49778,112.95,194,111.77,63.9049,55.5522,308
513,162.3467,48704,112.05,207,111.98,63.7009,55.5344,300
514,161.8173,48707,111.125,208,112.29,61.5193,54.9859,301
515,161.2218,47238,111.9875,196,111.3,61.7704,54.3353,293
516,161.8956,48083,112.1875,198,111.53,62.1205,54.4483,297
517,161.7296,51430,113.1875,201,112.35,61.2814,53.83,318
518,161.7757,51930,112.4875,191,112.13,63.3027,54.1273,321
519,160.4497,47814,112.475,190,112.51,64.3004,55.4048,298
520,160.0769,49944,110.975,194,111.09,61.5593,54.8745,312
521,160.9097,49882,114.65,199,112.88,62.3185,54.5495,310
522,162.6013,49756,112.925,202,112.19,62.6204,54.5503,306
523,160.4451,51182,113,193,113.38,63.2781,54.6793,319
524,161.5705,50410,113.1875,197,113.62,61.7515,53.9191,312
525,160.2019,51585,112.9625,195,112.32,61.9898,53.1963,322
526,159.1193,56010,113.0375,197,112.66,62.3191,53.9463,352
527,158.8482,53373,112.575,193,111.85,62.1048,54.3285,336
528,158.7379,49050,112.9625,193,112.5,62.796,55.5578,309
529,157.84,51298,112.9125,191,111.98,62.0848,54.8727,325
530,157.3786,48630,112.9375,191,112.1,61.9506,54.6275,309
531,158.2317,49843,113.775,190,112.46,61.6725,54.6827,315
532,158.7085,46819,113.1375,189,112.12,61.481,54.0575,295
533,157.7595,49852,113.875,182,113.09,63.7451,55.0829,316
534,156.8505,47212,112.9875,193,112.82,63.4932,53.7562,301
535,158.5876,46149,112.275,189,112.2,62.4115,55.7667,291
536,156.9578,48343,113.325,180,113.21,61.4829,54.2796,308
537,157.4613,46766,113.275,181,112,61.8402,54.8022,297
538,156.3407,49560,112.6375,185,111.57,63.4889,55.002,317
539,156.763,48283,111.7625,190,111.96,60.2942,55.2431,308
540,157.2295,47955,113.1625,188,112.81,60.3763,53.9301,305
541,156.3454,47529,112.75,191,111.12,62.0314,56.014,304
542,156.9226,46606,111.4,184,111.81,61.336,54.2466,297
543,156.2451,47811,112.4,188,111.71,61.4503,54.9767,306
544,157.2136,46378,113.3625,183,112.58,61.6565,54.5305,295
545,156.6128,46514,111.5125,185,111.19,61.9924,54.0847,297
546,156.9783,50547,112.625,189,112.34,61.8613,55.5157,322
547,157.9968,48821,112.9125,193,113.19,61.4678,54.5563,309
548,157.5858,48694,113.6625,195,112.86,62.0106,55.0802,309
549,157.4381,47074,112.5625,192,112.28,62.3834,55.5684,299
550,157.2677,51112,113.1375,190,112.31,61.9725,55.4638,325
551,156.4415,46776,112.2625,185,110.99,62.8763,55.4558,299
552,157.5898,46489,113.075,190,113.18,62.46,53.9679,295
553,156.805,50648,113.1875,185,112.61,62.3692,55.0975,323
554,157.2886,46872,112.3375,188,111.94,61.6508,55.8129,298
555,155.9121,47865,111.85,189,111.09,63.9804,55.4905,307
556,159.3299,46843,112.1,187,111.86,61.808,54.7876,294
557,157.519,49776,113.4625,186,113.04,62.5273,54.179,316
558,157.4495,48337,113.4125,194,112.78,62.8263,55.9373,307
559,155.7656,52493,111.775,179,111.89,61.6492,54.6048,337
560,157.092,52940,112.6625,190,111.68,60.9345,54.826,337
561,157.6391,51548,111.8875,187,111.76,62.0912,54.2603,327
562,156.2968,54235,112.2625,184,111.43,61.9711,54.3637,347
563,156.8223,54731,112.275,183,111.91,61.9397,53.4615,349
564,155.4579,55343,112.8375,186,111.77,62.902,55.3985,356
565,158.3477,51463,113.05,199,112.67,62.0632,54.7483,325
566,157.8328,48139,113.35,189,113.14,62.6208,56.3202,305
567,156.8831,48320,112.3125,188,112.26,61.7462,55.2026,308
568,157.2222,48110,110.9375,189,111.02,62.4224,55.5303,306
569,157.8893,48472,112.8125,187,112.3,62.9229,55.2671,307
570,156.6188,50118,112.475,186,111.76,62.4451,55.1859,320
571,157.4346,48175,112.4,190,112.51,61.2891,55.1662,306
572,157.8086,47816,113.625,188,113.55,62.1327,55.1893,303
573,156.8377,48306,113.5875,187,112.77,62.0208,54.8025,308
574,158.47,47541,113.8,186,112.89,62.7745,54.0147,300
575,159.5753,46596,114.375,186,113.52,61.2931,54.5856,292
576,158.0658,50423,112.125,189,111.87,61.3806,55.3868,319
577,159.075,50904,113.35,196,113.17,61.0197,54.6613,320
578,157.8459,48143,113.025,190,112.74,61.2794,54.5017,305
579,157.7258,48895,111.6,189,111.39,62.0861,55.0201,310
580,157.7938,50494,112.35,194,112.42,61.2267,54.97,320
581,157.2675,51741,112.9,189,112.31,62.2727,53.6018,329
582,159.8601,46839,114.0875,189,113.46,61.6844,54.9068,293
583,159.4747,50394,114.175,197,113.09,62.0592,54.8063,316
584,159.6492,51886,113.6375,197,112.56,60.9169,54.1493,325
585,159.5495,53130,113.7625,199,112.99,62.5883,54.7263,333
586,159.8105,48902,113.15,193,112.97,61.9763,55.3904,306
587,159.5758,52660,113.675,187,113.02,62.5677,55.0195,330
588,158.4243,53389,112.875,206,112.67,61.6896,53.6904,337
589,158.7604,49692,112.6125,191,111.92,62.1467,54.9898,313
590,161.1063,48493,112.05,183,112.37,62.8456,55.0932,301
591,160.9908,52322,112.8625,201,112.47,63.1442,54.165,325
592,159.5262,51846,112.55,195,111.93,60.823,55.1454,325
593,161.4281,47137,114.375,193,113.46,62.1853,55.4995,292
594,161.2673,48864,112.875,194,112.06,62.6713,54.7823,303
595,160.9553,50379,112.65,187,113.31,60.756,54.3062,313
596,162.3135,51778,114.25,191,114.02,62.0397,54.3475,319
597,161.5189,47002,111.7375,194,110.97,61.5711,55.0606,291
598,161.2208,49656,111.9375,193,111.97,61.3721,55.108,308
599,162.6867,51409,113.8,196,112.83,61.5706,54.3366,316
600,160.3139,49537,112.325,199,111.39,61.991,55.1469,309
601,160.2043,51746,112.3125,184,111.59,62.9674,54.6918,323
602,158.9256,49108,111.8625,186,112.02,62.0661,55.2195,309
603,161.5407,49593,112.2125,191,112.57,61.7279,55.4607,307
604,159.6856,47746,112.55,189,111.26,63.7275,55.3706,299
605,159.3679,47651,111.85,191,110.95,61.1315,54.6975,299
606,159.6741,50457,113.15,181,111.67,61.7131,55.1146,316
607,160.3093,46650,113.425,190,112.78,61.8408,54.4256,291
608,158.9226,51332,114.15,197,113.45,61.4691,54.2776,323
609,158.9115,48468,113.6375,187,112.83,62.5298,53.9398,305
610,158.741,48416,112.875,193,112.31,62.7269,55.9376,305
611,158.4401,48958,111.2125,197,111.24,62.5591,54.5394,309
612,156.7623,50791,112.125,190,111.68,61.9002,54.4024,324
613,158.0379,50098,113.3,186,112.18,61.0447,54.8787,317
614,157.7734,52223,111.95,194,111.67,61.7289,54.5288,331
615,156.597,51677,112.7125,195,112.1,61.7615,54.353,330
616,158.6096,52817,112.375,199,111.95,63.0205,54.8385,333
617,157.4933,47248,112.9,197,112.51,61.1795,55.0422,300
618,158.404,47838,112.2875,188,111.29,61.3928,54.866,302
619,157.1596,52177,113.55,192,112.51,60.4592,54.0863,332
620,157.3345,46099,112.65,195,111.37,62.2273,55.0852,293
621,157.4495,48337,111.95,191,112.23,62.0026,54.9668,307
622,157.1481,46673,113.2875,195,112.74,62.3187,55.6549,297
623,156.6083,49175,112.225,195,111.37,61.405,54.0953,314
624,155.9712,48663,112.8375,186,112.52,62.0268,55.2779,312
625,156.2789,45946,112.2875,179,112.3,62.2604,55.7736,294
626,154.1657,55808,110.975,215,111.25,62.2721,54.1536,362
627,156.0884,51197,112.1,192,111.36,62.542,54.4443,328
628,155.7706,50937,111.9375,184,111.79,61.6153,54.5415,327
629,155.5085,45564,111.5625,184,111.79,61.372,53.7782,293
630,155.1397,48869,112.7375,182,112.18,62.0597,55.6153,315
631,155.141,48404,111.7375,184,112,61.8483,55.0777,312
632,155.5068,46030,111.975,184,111.81,62.5034,54.5933,296
633,154.5048,48360,111.0125,191,110.8,62.2655,55.4407,313
634,156.796,46882,112.85,184,112.58,62.5808,53.5342,299
635,155.6776,47326,112.7875,185,112.36,60.955,56.1414,304
636,154.8235,47376,113.675,186,112.66,60.0224,54.6277,306
637,155.5372,46039,113.1125,187,112.68,61.5333,55.0219,296
638,155.2963,50316,111.675,179,111.34,62.8559,54.4792,324
639,155.0345,49456,114.55,184,113.51,62.2397,54.2819,319
640,155.7785,47824,111.9125,187,110.59,62.9448,54.7807,307
641,154.769,52931,113.475,185,113.66,62.4509,54.7242,342
642,153.5892,48227,113,185,111.74,63.6118,54.2934,314
643,155.8306,46905,113.5875,190,113.69,62.6163,55.0942,301
644,154.6253,59840,113.125,182,113.32,61.0583,53.9317,387
645,156.3167,46895,113.5,193,112.67,61.7535,55.1045,300
646,155.6689,45611,112.425,185,111.96,62.1812,54.8726,293
647,155.7843,47670,112.8125,184,112.17,62.6344,55.1876,306
648,155.0263,47128,113.3875,190,114.03,63.5511,56.145,304
649,156.3891,48637,111.7875,184,111.62,61.7806,55.4185,311
650,156.431,46460,114.075,183,112.65,62.2229,54.0319,297
651,156.3618,45814,113.2625,187,112.15,62.9376,55.0104,293
652,155.7877,50631,112.6375,187,112.89,62.8486,54.4477,325
653,154.9403,51905,112.275,183,112.05,61.7093,54.16,335
654,154.1189,50551,113.2625,189,112.94,61.9788,54.5547,328
655,155.5015,51782,113.3625,190,112.28,62.3438,54.0123,333
656,153.7725,54743,112.2375,183,112.19,60.9326,54.2378,356
657,153.6395,49011,112.4625,187,112.67,61.1569,54.8464,319
658,153.9936,47892,111.2375,187,111.34,61.457,55.4578,311
659,153.7609,52740,112.425,185,111.41,61.1527,54.0724,343
660,154.3494,48157,113.8125,188,113.1,62.1583,55.3713,312
661,154.3065,47835,111.8375,180,111.45,61.5052,54.9033,310
662,155.1924,45161,110.9625,185,110.42,60.1713,54.3169,291
663,153.5483,49289,112.9125,192,111.42,62.8718,55.5132,321
664,154.6969,49503,112.0625,184,111.7,62.0387,54.6081,320
665,155.4967,47582,112.7375,188,112.52,60.6553,53.9803,306
666,155.5374,45728,113.8625,180,112.37,60.4293,54.2955,294
667,154.4749,52367,112.4375,189,112.51,60.75,54.484,339
668,154.2848,46594,113.725,184,112.67,61.5504,56.2293,302
669,154.7857,45507,111.8,188,112.15,61.8,55.7297,294
670,154.8848,51112,111.65,192,111.53,62.4497,54.7445,330
671,155.3082,49388,111.825,183,112.01,61.2775,55.3647,318
672,153.9156,47406,114.225,182,112.81,61.0325,54.9122,308
673,153.7071,45651,112.9875,191,112.41,61.2553,55.6628,297
674,155.0531,49617,112.9875,188,112.68,62.7152,54.8063,320
675,154.7653,45501,113.3875,180,112.09,61.2965,55.6353,294
676,154.535,50842,112.975,179,112.41,62.3066,55.0405,329
677,153.6825,51791,112.35,191,111.6,60.8903,55.1964,337
678,155,45415,113.5625,180,112.84,60.901,55.4375,293
679,154.7013,46101,112.9375,182,111.03,60.9556,55.9036,298
680,154.5689,52708,114.125,187,112.92,61.4964,55.6452,341
681,153.0511,47905,112.6,181,111.33,60.739,54.9831,313
682,153.6865,46567,113.175,190,112.06,61.9022,54.7868,303
683,155.2609,46423,113.1875,185,112.23,61.8183,55.3977,299
684,153.8532,50310,112.125,187,111.29,62.4034,54.8112,327
685,154.0383,48214,113.4625,182,112.88,60.7404,55.8369,313
686,153.5077,49890,111.6375,183,111.62,60.3994,55.0961,325
687,153.2443,47046,111.8875,180,111.86,61.6968,56.0207,307
688,154.2642,49056,112.05,185,112.43,62.4883,54.8398,318
689,153.3567,48154,112.65,182,111.33,62.1833,55.9079,314
690,153.5017,44669,112.8125,183,112.6,60.2509,54.9306,291
691,152.132,54159,112.6875,186,111.84,60.8871,55.4431,356
692,153.0774,45464,113.775,189,112.35,59.9132,55.1151,297
693,153.5475,48521,112.8125,183,110.68,60.0305,52.928,316
694,153.4143,49246,113.475,197,111.3,61.3417,55.367,321
695,153.3278,46305,112.475,183,111.81,60.0882,54.294,302
696,154.0198,46668,114.0375,179,111.97,58.9145,52.9956,303
697,153.6258,50082,113.45,183,112.55,61.2466,54.6746,326
698,154.6828,47797,113.05,187,112.93,61.0039,54.6287,309
699,154.0098,47127,112.55,192,112.19,62.294,55.8348,306
700,154.3841,46624,112.85,189,112.72,60.8884,54.4939,302
701,153.6198,48083,113.1125,190,112.15,61.2554,54.775,313
702,154.9018,50498,113.3125,194,112.44,60.1799,55.7098,326
703,152.2077,51294,112.6625,182,111.29,62.5244,55.6803,337
704,152.12,53242,111.575,177,111.23,61.0988,53.8909,350
705,153.8344,46458,112.6125,179,112.71,60.9524,55.7609,302
706,154.0562,52071,112.9125,178,112.59,61.6046,55.6527,338
707,153.9433,46183,112.9125,184,111.48,61.0308,54.2792,300
708,153.6905,45185,111.7625,184,110.61,60.8575,56.1721,294
709,152.9479,49861,112.95,183,112.5,60.0452,54.7681,326
710,154.1672,48871,113.325,183,112.29,61.4869,54.5483,317
711,154.5017,44960,111.9625,184,111.21,62.3166,55.2259,291
712,152.6593,48393,110.75,186,110.6,58.2741,54.9416,317
713,154.4863,45110,113.1875,183,112.49,60.2649,55.8074,292
714,152.3887,54098,114.05,179,112.65,59.7066,53.9992,355
715,152.6073,46240,113.275,178,111.51,62.442,55.5952,303
716,153.3812,49082,112.6375,186,112.23,61.4514,54.9657,320
717,153.6656,49173,113.8375,195,113.01,62.286,55.8196,320
718,154.4033,47093,113,179,113.09,61.1213,54.0211,305
719,152.6731,47634,112.375,185,110.98,59.9556,54.6566,312
720,152.3418,53929,112.3625,180,111.41,60.3748,53.6365,354
721,154.84,46452,113.25,181,112.05,59.7943,55.3608,300
722,152.528,49114,111.775,192,110.92,60.806,54.9795,322
723,153.3333,50600,112.7,188,110.79,60.6282,53.5756,330
724,153.2296,48727,112.525,186,111.02,60.751,54.0895,318
725,152.1019,49281,112.075,175,111.43,60.5483,56.4171,324
726,153.6769,49945,111.7125,178,111.69,60.481,54.6093,325
727,154.914,48643,113.0875,188,112.19,61.306,56.549,314
728,153.9903,47429,112.2375,185,112.07,60.8946,55.1949,308
729,155.3946,46463,114.0875,184,113.5,62.2416,55.2424,299
730,153.6525,46864,111.2625,180,111.53,61.7463,55.5055,305
731,153.4019,48475,111.9375,184,111.55,61.7312,56.6864,316
732,154.1667,45325,112.8,177,112.64,62.3832,54.7298,294
733,155.129,48090,112.65,188,112.15,58.9995,54.2649,310
734,152.8944,46327,114.6125,174,112.57,61.5599,55.5108,303
735,154.8774,49251,111.725,190,111.28,62.6214,55.8295,318
736,154.1885,48261,112.2375,176,112.46,59.7639,55.0522,313
737,155.1893,49195,114.725,185,113.22,60.8904,55.406,317
738,154.0083,55443,112.6375,179,111.65,61.3287,54.3272,360
739,156.0123,50860,114.2625,187,113.65,61.4223,55.1659,326
740,155.3228,53897,113.625,183,112.78,61.7642,54.1306,347
741,157.0627,47590,113.2875,195,113.74,61.3825,54.815,303
742,156.4365,50529,114.0625,185,113.71,60.9078,54.5319,323
743,156.8682,48786,114.0875,198,113.53,62.8805,55.2816,311
744,156.3333,49714,111.725,198,112.06,62.1775,54.0918,318
745,156.882,47849,114.35,188,112.98,62.1524,55.2592,305
746,155.0168,55496,114.1,179,113.54,60.8198,54.6728,358
747,156.6281,50121,114.825,188,114.05,60.4658,54.8758,320
748,155.5118,46187,114.6,192,113.84,60.1605,54.6052,297
749,155.3474,47847,112.075,178,110.13,61.9189,54.3161,308
750,156.363,47378,114.65,185,113.41,59.6508,56.1344,303
751,156.1448,46375,113.125,176,113.2,61.3287,53.905,297
752,155.4345,48651,113.825,179,112.97,62.8203,56.1452,313
753,154.8807,50646,112.575,187,113.21,60.6535,54.8611,327
754,155.2979,45347,113.2625,178,111.7,60.3468,54.8653,292
755,155.4141,46158,112.7875,185,111.73,61.0955,55.0985,297
756,155.1054,51495,113.1,185,112.43,61.5899,54.1401,332
757,155.8742,49568,114,180,113,62.8909,56.0873,318
758,154.7039,55384,113.775,180,113.66,61.9395,55.9438,358
759,157.4045,49425,114.2,184,113.65,61.4123,53.6408,314
760,156.7066,49676,113.2,186,112.83,62.7412,54.6465,317
761,155.5878,58501,113.7875,189,113.49,62.0341,54.3687,376
762,157.1806,46997,114.35,192,113.45,61.0715,55.3967,299
763,156.791,52525,113.9375,194,112.98,58.6746,55.5279,335
764,157.7581,48905,114.825,189,112.71,60.7504,54.9168,310
765,157.9692,51340,113.0625,181,112.93,61.6251,54.7101,325
766,157.3206,49556,114.35,200,113.94,62.5753,55.3901,315
767,157.7614,48275,114.8625,183,113.81,61.9562,55.3127,306
768,155.0359,51782,112.925,190,112.53,60.5635,53.6181,334
769,155.7785,46422,112.9875,185,111.66,62.5503,54.7703,298
770,155.3787,46769,112.7875,181,111.95,60.1259,55.4021,301
771,156.4041,45670,112.8,187,111.82,61.2996,55.1126,292
772,157.5979,45861,114.1875,191,113.28,61.8987,55.7991,291
773,156.3955,48639,112.8625,186,112.3,62.5679,54.8108,311
774,155.2811,57454,114.3875,190,113.75,61.7572,54.9937,370
775,156.3864,55048,114.3125,187,113.8,61.4165,54.3209,352
776,156.646,45584,114.025,189,112.75,60.3408,55.4591,291
777,156.5394,49623,114.4375,185,113.52,60.4935,55.4989,317
778,155.2387,51384,112.6375,180,111.69,60.9371,55.5955,331
779,156.3883,48324,112.075,187,111.96,61.1069,55.6665,309
780,156.9889,56359,114,182,113.02,61.3057,54.0148,359
781,157.0653,45706,114.7375,186,113.58,60.3778,55.4642,291
782,157.0785,46024,114.6,183,113.84,60.5917,54.1458,293
783,154.9878,50836,113.475,181,110.59,60.6816,53.5737,328
784,157.0197,47891,114.625,207,113.48,61.3441,53.9708,305
785,156.6234,48240,114.35,182,112.4,60.6807,54.0821,308
786,156.323,45490,112.9125,187,111.5,61.8019,55.6601,291
787,155.6225,46998,112.4875,182,111.93,61.5367,54.704,302
788,157.094,50113,113.4375,186,113.21,61.7909,55.1459,319
789,156.596,46509,114.1875,190,113.09,61.9565,56.1592,297
790,156.087,50260,113.1,185,112.44,61.2157,54.7337,322
791,157.3067,51282,114.1125,179,112.89,61.8421,55.137,326
792,157.7919,47022,113.9875,192,113.14,62.4736,55.5106,298
793,155.339,54990,113.775,191,112.59,62.4312,56.4747,354
794,158.0709,46789,112.2875,204,112.1,61.4862,54.7173,296
795,157.7484,49533,114.1875,184,113.06,61.8886,55.0682,314
796,157.4364,54473,114.1125,186,113.37,61.1861,54.1806,346
797,157.0487,48371,113,190,112.6,61.6601,53.7088,308
798,155.7379,48123,113.125,189,112.38,61.1792,55.8879,309
799,157.1242,50594,113.1625,188,112.67,61.0976,54.399,322
800,157.53,47259,113.3625,194,112.63,61.318,56.0914,300
801,156.2903,48450,112.6,188,112.67,60.5993,55.4865,310
802,158.1512,46022,111.675,189,111.15,61.3245,54.8307,291
803,157.3417,50192,114.1125,181,112.89,61.1923,56.9485,319
804,159.8082,50819,113.55,190,112.86,60.8302,54.8488,318
805,160.5473,47522,113.6,193,113.41,60.592,55.7371,296
806,159.9688,56309,113.4875,188,112.81,61.2789,54.7111,352
807,161.0962,46879,115.15,192,114.63,61.4882,54.83,291
808,158.6444,49973,112.1,190,112.38,61.7127,55.79,315
809,160.977,48937,113.9125,196,112.92,61.0966,54.7378,304
810,159.0492,48510,112.825,187,113.35,62.2453,55.3151,305
811,158.2524,50166,113.4125,185,113.52,60.4422,55.3765,317
812,158.4565,51023,113.425,185,113.37,61.5046,54.9377,322
813,157.8476,49722,113.275,192,112.49,61.8586,55.2411,315
814,156.9469,50223,113.1375,190,112.04,61.8889,55.3852,320
815,158.116,50439,114.475,184,113.93,59.8771,54.8345,319
816,158.3201,47971,113.9,182,114.14,61.8235,54.9365,303
817,155.779,54990,112.325,185,112.05,60.469,55.5369,353
818,158.0305,51834,113.45,193,112.35,61.4648,54.1059,328
819,156.9932,45999,112.3125,195,111.53,60.1211,54.914,293
820,157.0956,46029,112.25,184,112.17,60.142,54.814,293
821,157.3788,46112,113.225,181,112.57,61.5292,55.4598,293
822,157.3248,55221,113.5125,187,112.8,60.9238,54.8524,351
823,157.4036,53045,112.675,196,112.1,61.9216,55.0394,337
824,158.8758,47345,113.6875,187,113.3,61.1773,55.0208,298
825,158.4846,51349,113.125,195,112.43,60.9678,55.1563,324
826,158.0062,50562,112.55,193,111.22,61.9985,55.4039,320
827,157.9219,50535,114.4875,188,113.12,60.5611,55.5806,320
828,156.2638,47973,112.7125,185,112.2,61.8985,54.8534,307
829,157.4479,51328,111.2625,185,112.55,59.4791,55.1485,326
830,158.1086,48065,113.3375,184,111.65,61.1467,55.0967,304
831,159.4968,50082,112.5375,183,111.69,60.2935,54.551,314
832,160.3974,49242,112.7375,199,111.97,61.3611,55.2462,307
833,160.1315,52363,113.3875,192,111.57,62.3869,54.7703,327
834,161.9646,50371,112.65,192,111.75,61.1182,56.1244,311
835,162.9674,50031,112.975,204,112.82,61.2886,55.7676,307
836,165.3148,50421,113.6625,199,113.29,61.0345,54.9958,305
837,163.6116,53501,112.975,195,112.5,61.5275,54.4794,327
838,166.2935,48724,113.5875,202,112.61,60.4177,55.2183,293
839,165.449,51951,114.375,190,113.24,60.6901,55.1587,314
840,166.9764,49592,113.475,206,111.81,61.1305,55.3536,297
841,167.0374,49109,113.6875,203,112.44,60.4618,55.4932,294
842,165.5919,53155,115.25,205,114.11,61.9302,54.9384,321
843,165.8857,52254,114.175,196,113.06,61.3275,55.1728,315
844,165.6337,50187,114.0625,201,112.92,61.3522,55.9765,303
845,166.0823,52482,113.6875,206,112.93,62.1204,55.1671,316
846,165.0195,50826,114.0375,207,113.06,61.101,54.7838,308
847,162.628,47650,113.8875,188,113.22,61.8825,55.8616,293
848,164.0429,49705,114.0125,199,113,62.1238,55.0741,303
849,163.6457,49421,112.875,195,112.86,62.0169,56.1355,302
850,163.5844,50384,113.2875,198,113.47,61.0269,55.7788,308
851,163.7882,55688,113.725,203,113.33,61.6577,54.9486,340
852,162.9666,48727,114.025,189,112.91,61.7963,55.1572,299
853,162.492,50535,113.85,210,112.82,60.7165,54.854,311
854,162.6768,48315,113.9,191,112.38,62.0742,55.6703,297
855,161.6361,52855,112.975,191,112.65,61.626,55.1772,327
856,164.3459,47989,114.2625,187,113.67,61.1848,56.1031,292
857,164.4112,52776,114.1375,201,113.99,62.3201,54.896,321
858,163.9643,55092,113.5375,200,112.96,61.0231,54.9633,336
859,164.901,49965,112.05,200,112.15,61.7422,55.4425,303
860,164.3542,52429,113.3375,196,112.88,60.4692,54.6047,319
861,164.2871,49779,114.3625,193,113.14,62.1702,55.7528,303
862,163.3885,51304,114.3125,195,113.51,62.6803,54.5326,314
863,162.7094,52067,112.0625,200,112.51,61.7379,56.2819,320
864,163.2825,50291,113.35,199,112.45,61.4333,54.7724,308
865,163.6097,50719,113.9625,201,112.64,62.1291,55.9805,310
866,163.2677,53062,113.8625,198,114.08,62.2511,55.6796,325
867,162.8601,47718,112.3875,196,112.43,61.1512,54.9056,293
868,163.0737,50879,113.3,200,112.14,61.3488,54.7723,312
869,164.6495,51206,114.7875,188,114,62.3029,55.4577,311
870,162.5329,49410,112.8,190,112.45,61.8867,56.258,304
871,162.6242,53666,113.3125,196,112.79,62.4739,54.701,330
872,161.9966,47951,111.7375,196,111.58,61.6834,55.3191,296
873,161.0629,56372,113.05,197,112.16,62.8295,54.5124,350
874,160.7749,50001,111.4,188,111.58,61.8137,55.2487,311
875,162.4623,47439,113.75,195,112.61,61.6608,55.837,292
876,162.1346,50586,114.4375,193,114.14,60.6644,56.1022,312
877,159.9503,48305,113.675,188,111.95,62.794,54.3889,302
878,160.5563,49933,113.6625,183,112.95,60.9308,54.7444,311
879,159.4518,47995,113.825,192,112.65,60.5783,55.2192,301
880,158.8333,50509,113.2,202,112.52,60.9555,54.0513,318
881,158.7608,47787,114.6375,187,113.05,61.4249,55.072,301
882,159.5507,47227,114.475,191,113.8,60.8588,56.1321,296
883,158.85,47655,113.5625,185,113.14,62.1326,55.334,300
884,159.0134,47386,112.975,188,112.35,62.167,54.9908,298
885,159.7837,50971,113.5125,193,113.73,61.8019,55.5917,319
886,159.5458,48821,112.825,189,112.38,62.5703,55.7994,306
887,160.0102,47043,112.825,189,112.83,62.4326,55.8051,294
888,160.9009,51971,112.475,198,112.66,61.8903,55.4373,323
889,161.7003,48025,113.2875,189,113.68,60.9441,55.6057,297
890,160.4922,51518,113.05,195,113.44,61.8986,55.7413,321
891,159.659,48696,112.925,189,113.11,61.0109,55.9989,305
892,161.5865,50415,114.225,202,112.58,61.5661,55.179,312
893,159.9865,47356,114.0125,193,114.12,60.498,55.1419,296
894,158.1285,50443,112.9125,189,111.53,59.8609,55.0891,319
895,158.8249,47171,114.7,193,113.02,60.4254,54.7568,297
896,158.4799,59113,114.2,190,112.81,61.8116,54.9133,373
897,159.3579,47648,114.2625,190,114.42,61.8161,54.8092,299
898,157.5,47250,113.275,194,111.92,60.8897,54.5426,300
899,158.371,49095,114.3375,187,113.03,61.9428,53.837,310
900,158.7086,47930,113.7625,194,112.38,63.251,57.0577,302
901,157.825,50504,112.7875,189,113.03,60.8396,55.7998,320
902,156.25,48125,111.675,183,111.18,62.441,55.4949,308
903,155.6531,45762,112.425,190,111.62,60.0515,55.161,294
904,156.381,49260,113.3375,183,112.26,61.3183,54.73,315
905,155.0112,55339,113.4875,188,113.03,61.5186,53.6278,357
906,156.9153,46290,112.75,184,112.28,60.6609,55.1402,295
907,155.8301,47684,114.1,182,113.08,61.7316,55.4248,306
908,154.8065,52015,112.3625,200,112.49,61.3658,55.7743,336
909,156.0201,46494,113,206,112.69,60.7532,55.0056,298
910,155.6399,52295,112.95,180,113.03,60.3472,55.4231,336
911,155.5502,51176,112.7625,185,111.83,61.6578,55.7575,329
912,156.9638,47717,113.6625,185,113.11,61.5245,54.228,304
913,154.625,48243,112.5,188,111.75,60.598,53.9655,312
914,154.6344,49483,114.0625,177,112.45,61.2034,54.8784,320
915,155.5178,48055,113.2625,181,112.16,61.0903,54.1876,309
916,154.9337,51438,113.525,179,113.11,60.5645,51.836,332
917,156.3119,48613,114.4125,181,112.67,61.2333,54.3785,311
918,155.0653,52257,114.8,183,113.19,61.2744,54.9609,337
919,154.4548,51279,114.925,188,112.65,60.7952,53.9919,332
920,156.3502,46436,114.0375,193,112.55,62.2213,55.028,297
921,154.9167,46475,113.175,179,112.91,62.1051,55.3324,300
922,155.4795,45400,111.6875,184,111.18,61.517,54.9392,292
923,153.4342,54776,112.95,190,112.41,61.9482,54.8194,357
924,155.6747,45457,114.15,190,113.32,60.7331,55.4317,292
925,154.3898,48324,113.825,178,113.4,61.5466,55.2539,313
926,155.7923,48763,115.3375,190,114.43,61.8785,56.5443,313
927,154.8007,45821,114.4875,182,114.27,61.1645,54.2766,296
928,153.8203,45377,113.3625,181,112.89,61.0111,55.3908,295
929,154.5974,46843,113.7,180,113.81,60.26,54.7919,303
930,154.5212,47438,114.125,177,113.74,59.6603,55.5268,307
931,154.0688,53770,113.175,183,112.59,62.1652,54.2444,349
932,154.4263,49262,111.8125,187,112.17,61.9756,54.6312,319
933,156.1342,48870,114.9,186,114.08,62.4226,54.1878,313
934,154.7577,45344,114.0375,181,113.23,61.1507,55.2076,293
935,154.9385,50355,113.675,188,113.65,61.3049,54.7818,325
936,154.3097,47836,112.975,184,112.41,62.3494,54.8493,310
937,154.2326,53056,113.775,179,113.37,60.779,55.3867,344
938,153.5099,54496,112.9125,181,112.47,60.7758,54.1858,355
939,153.8401,45229,113.8875,184,112.1,60.377,54.9483,294
940,153.8968,47708,112.55,181,111.57,60.589,55.6912,310
941,154.2,47802,114.075,185,112.98,61.0613,53.6807,310
942,153.75,47355,113.5,190,112.67,62.3814,54.5919,308
943,154,47124,113.4625,184,112.54,61.0846,55.2088,306
944,154.3429,48155,112.975,184,112.99,61.1627,55.2259,312
945,152.0898,49125,114.1875,181,112.79,60.8862,54.8086,323
946,153.284,51810,113.3375,180,113.59,61.5315,53.8162,338
947,151.9511,46649,112,177,112.04,60.6503,54.8462,307
948,152.7335,48722,114.325,190,112.06,61.6445,54.6945,319
949,153.8841,46473,114.6875,185,113.24,61.6581,54.4245,302
950,153.429,47563,113.7125,180,113.27,60.8268,54.2082,310
951,152.2774,49947,112.775,175,111.95,61.653,54.5343,328
952,153.6814,48717,113.575,181,112.62,60.3109,55.4954,317
953,153.119,54051,113.475,185,112.79,60.9032,54.5201,353
954,152.0033,45601,113.775,185,112.77,61.4809,53.5891,300
955,153.8013,46448,113.025,178,112.43,60.3761,54.7793,302
956,153.1645,46562,113.2375,185,113.21,62.1247,54.4549,304
957,153.1781,44728,113.875,182,112.19,61.8523,55.0796,292
958,153.02,53557,114.375,177,113.27,61.1349,54.5537,350
959,154.5724,45908,113.3,180,111.89,61.9274,54.2654,297
960,153.1503,52990,113.025,180,112.99,61.9505,54.9564,346
961,154.035,48367,113.45,175,112.49,61.5734,53.5797,314
962,152.8142,51804,112.4125,194,111.89,61.5934,53.2003,339
963,153.6238,46548,115.1,175,114.28,62.5415,54.2099,303
964,152.8099,55470,113.2,182,112.58,61.3408,54.1159,363
965,152.5212,57653,112.9875,179,112.26,62.6924,54.1348,378
966,152.3823,55010,112.6125,177,112.79,61.9982,55.3905,361
967,152.4848,50015,111.725,177,111.33,61.0315,54.7849,328
968,153.7599,46743,114.6625,182,113.22,60.2922,56.1685,304
969,156.0068,45710,113.7875,187,113.24,60.4067,54.5285,293
970,152.2116,52513,112.8875,176,112.57,61.1626,54.5027,345
971,154.2363,45037,113.7,179,113.88,63.6689,54.0268,292
972,153.3364,49221,113.175,189,112.21,60.5647,54.6614,321
973,153.2105,49487,113.325,177,111.71,62.4744,54.2714,323
974,152.853,47843,112.6875,176,112.65,61.0788,54.9154,313
975,155.1006,49322,113.2875,187,112.88,61.0671,54.6234,318
976,153.5601,44686,113.9125,171,112.76,61.5077,55.8764,291
977,153.1691,53456,113.475,181,113.05,62.2212,54.558,349
978,154.1914,49958,113.55,188,113.08,61.2316,56.0495,324
979,152.4956,51696,113.4875,184,113.14,60.3795,55.1137,339
980,153.7827,48134,115.45,185,113.66,59.3699,53.9619,313
981,152.6667,45342,114.3875,180,111.67,61.4019,55.8112,297
982,153.5143,48357,113.7625,180,112.66,62.0279,54.1413,315
983,154.287,49989,115.1875,183,113.41,59.0752,54.6074,324
984,151.7906,61627,113.55,184,113.93,60.521,53.996,406
985,153.7781,51977,113.7,183,112.57,60.6865,55.0674,338
986,152.1443,45339,113.575,191,112.86,62.3185,55.6747,298
987,153.1599,45029,112.2,187,112.18,61.4612,53.4437,294
988,153.1297,48389,114.0125,179,112.13,60.7115,54.3843,316
989,152.6226,48534,113.625,176,112.6,62.6859,54.6246,318
990,153.0409,48667,112.625,180,112.82,61.0353,55.4711,318
991,152.6988,49169,114.4,178,112.79,61.1588,54.3955,322
992,153.8265,45225,114.4125,185,112.8,62.7377,54.4869,294
993,151.9654,48325,114.0125,184,112.69,60.7687,54.2058,318
994,151.3156,48421,113.0125,179,112.76,60.0561,53.3188,320
995,153.9932,45582,114.375,182,112.99,60.3196,55.1342,296
996,151.9369,45733,112.9,174,112.32,62.0069,55.1211,301
997,153.3468,45544,114.2,188,113.67,58.9462,54.3955,297
998,151.0311,48632,113.175,181,112.5,61.5219,54.5384,322
999,154.2803,48444,113.45,180,112.89,61.3891,54.6753,314
1000,151.5171,57728,113.2625,179,112.87,61.9449,54.6458,381
1001,153.2167,45965,113.325,187,113.41,59.7532,53.0586,300
1002,152.5566,47140,113.4,180,112.98,60.8447,54.64,309
1003,153.3864,47243,113.2125,182,112.29,61.4897,55.0106,308
1004,153.2595,48430,113.3125,195,112.11,60.8983,53.8469,316
1005,151.0471,57700,112.875,179,111.77,62.2031,53.9185,382
1006,152.4441,53203,113.3625,183,112.99,61.1499,53.3396,349
1007,151.8333,45550,112.075,182,111.73,63.4201,54.6215,300
1008,152.7575,45980,112.4875,181,113.07,62.7038,54.5429,301
1009,152.1182,47613,111.525,180,111.91,61.366,53.5634,313
1010,151.8684,51939,112.375,186,111.78,61.4586,54.5181,342
1011,150.6676,55747,112.3875,180,111.69,59.8348,53.1213,370
1012,151.7524,48409,115.0375,183,111.92,60.7883,54.2814,319
1013,151.9832,54410,113.5,174,112.43,62.9906,54.2248,358
1014,152.258,47809,114.1875,181,113.55,61.5038,52.8899,314
1015,153.1682,49167,113.825,174,112.59,61.1629,54.6395,321
1016,151.5667,50017,112.95,176,112.73,61.2093,55.3646,330
1017,152.4111,52277,114.2375,179,113.2,61.5038,53.8333,343
1018,152.0863,56424,112.4,176,111.84,61.5723,53.7112,371
1019,152.3824,46629,112.975,191,111.37,61.4656,53.8725,306
1020,152.3106,49044,113.0375,185,112.28,62.235,54.5764,322
1021,152.3836,46477,112.4375,180,112.36,60.4229,55.4579,305
1022,150.9472,48605,111.925,187,112.08,61.0946,54.5978,322
1023,151.5382,47583,112.9,177,112.65,60.2285,55.0916,314
1024,151.5357,50916,114.4875,180,112.65,61.113,53.2946,336
1025,150.5345,50128,113.0625,189,111.63,61.796,53.3494,333
1026,153.3278,46305,114.0125,194,112.35,62.1147,54.5658,302
1027,152.1553,47016,112.6,178,112.8,61.1177,53.9721,309
1028,151.9704,46199,113.35,176,112.64,62.4728,53.7544,304
1029,151.4244,47093,111.8625,178,110.99,61.5486,53.9273,311
1030,151.5195,50456,112.9,175,112.16,61.0148,52.4083,333
1031,152.4169,50450,114.75,176,113.14,62.6139,53.7745,331
1032,151.0297,45762,112.8875,177,112.56,61.86,54.682,303
1033,151.7021,44297,112.65,176,112.23,62.2191,53.0175,292
1034,151.8348,50561,113.75,178,112.91,62.2316,53.5203,333
1035,151.4272,47851,111.9125,172,111.25,61.56,52.0021,316
1036,152.8296,47530,113.4,186,113.32,62.6103,54.012,311
1037,150.9028,48138,112,182,112.13,62.1459,53.8624,319
1038,151.7825,46749,113.0875,178,111.73,62.4775,54.8004,308
1039,151.8691,45257,112.5,179,112.54,61.24,53.9582,298
1040,150.3678,52328,113.05,175,112.45,62.2496,54.3301,348
1041,150.981,55712,112.65,172,112.25,63.1986,52.4188,369
1042,150.4379,48441,112.6625,181,112.65,62.2328,53.0447,322
1043,152.0344,48651,111.6875,179,111.42,61.6663,53.7705,320
1044,152.1982,50682,112.625,183,112.65,62.6146,53.4577,333
1045,150.6914,52742,112.825,181,112.04,63.1173,53.6534,350
1046,150.9276,45882,113.7625,182,112.49,61.9963,54.2988,304
1047,150.8219,48263,113.0875,180,111.99,61.9597,54.1944,320
1048,152.8833,45865,113.5375,174,112.97,61.669,52.6676,300
1049,151.9121,46637,113.775,173,112.73,60.3059,54.6032,307
1050,149.2473,55520,112.4625,174,111.45,60.9335,54.0269,372
1051,151.3105,53110,112.6625,172,112.28,60.9711,54.009,351
1052,151.6756,45351,113.1,184,112.74,60.5779,54.832,299
1053,152.0199,45758,114.3625,177,113.13,62.2984,56.1805,301
1054,151.9252,44666,111.7875,178,111.43,61.4535,54.371,294
1055,150.3216,51410,112.3875,173,111.4,61.8152,53.1843,342
1056,151.623,47458,113.425,177,112.68,61.7974,54.778,313
1057,151.566,48198,112.15,179,112.57,62.4396,54.1001,318
1058,152.9249,44807,112.6875,181,112.76,62.5792,54.372,293
1059,153.0472,48669,113.6625,180,112.86,62.0177,53.811,318
1060,150.7533,45829,113.3375,179,111.52,62.9888,55.0192,304
1061,152.5892,45319,112.5875,170,112.36,61.7115,55.0997,297
1062,150.7233,45217,112.675,185,113.04,59.6613,53.8444,300
1063,152.5086,44380,115.2125,184,113.04,61.7482,54.0871,291
1064,152.3231,44783,112.95,181,112.33,60.411,55.0693,294
1065,152.5886,48218,112.75,181,112.34,61.9367,54.487,316
1066,150.7677,53221,113.25,178,111.41,62.0203,54.0556,353
1067,150.8165,56707,112.3,176,111.58,62.1267,53.3356,376
1068,150.7426,50951,112.55,175,111.94,61.6755,52.7702,338
1069,151.3189,48876,112.9625,180,111.75,62.2127,53.8826,323
1070,151.3039,46299,112.7,178,111.46,62.6518,55.3426,306
1071,150.3488,51720,112.0125,174,112.08,61.5066,53.1651,344
1072,151.4618,45590,112.8625,181,111.57,62.4249,53.4249,301
1073,152.055,46985,111.4875,178,111.48,60.7401,54.3455,309
1074,150.6534,60412,113.2,177,112.5,61.7083,53.3722,401
1075,151.1512,43985,111.8375,180,111.34,61.0448,53.7113,291
1076,152.3952,44347,113.775,179,113.03,61.9194,53.292,291
1077,150.1938,48813,112.925,177,112.01,61.0672,53.8519,325
1078,150.9834,45446,112.0625,175,111.09,62.0931,53.838,301
1079,150.6383,49560,113.1,178,112.08,60.9346,54.0567,329
1080,150.0027,54751,113.2,181,112.32,59.5601,52.96,365
1081,153.2349,45664,113.875,181,112.67,60.2751,54.6302,298
1082,151.5592,51227,113.6125,176,112.43,61.6308,54.2603,338
1083,150.816,49166,112.2625,182,111.32,62.0783,53.6627,326
1084,151.0601,50303,112.9875,184,112.59,61.4764,53.1677,333
1085,151.03,50293,113.7,171,112.63,62.6989,55.0127,333
1086,151.5287,52732,113.3,174,112.68,62.8821,54.3725,348
1087,151.3529,46314,112.35,177,112.27,62.3795,54.0877,306
1088,151.8867,46933,113.5125,180,112.78,59.3024,52.9845,309
1089,151.3051,44635,114.875,173,112.64,60.8679,52.4499,295
1090,150.8754,49638,114.2875,174,112.24,61.8077,54.4192,329
1091,151.171,58352,113.275,182,112.44,62.9513,52.9034,386
1092,151.7246,50676,113.5875,177,113.08,62.2282,54.3767,334
1093,151.406,45119,114.425,181,113.27,63.2564,52.6775,298
1094,150.6987,45511,111.725,177,111.25,62.9297,53.4767,302
1095,150.0752,47874,112.9,175,112,62.8515,53.892,319
1096,152.3406,49206,113.225,186,111.98,62.1614,54.5678,323
1097,152.1633,44736,112.125,178,112.88,60.8177,53.8684,294
1098,152.3291,47679,113.1625,181,113.17,62.4634,53.5525,313
1099,150.6976,61786,113.475,186,113.17,61.7373,51.7951,410
1100,150.362,49018,112.1625,181,111.88,61.5991,53.323,326
1101,150.6013,46084,113.7625,179,112.37,61.508,53.12,306
1102,151.9815,49394,112.6375,182,111.95,62.6876,52.7558,325
1103,152.0156,48645,114.0875,178,113.01,61.5761,52.7211,320
1104,151.3217,47515,113.375,173,111.93,60.8627,53.8166,314
1105,150.7071,44760,113.55,177,112.81,62.398,55.3847,297
1106,151.0822,44116,112.45,185,112.29,62.8798,54.0542,292
1107,150.5552,47726,112.5375,183,111.75,61.0597,52.9449,317
1108,150.5824,54812,113.95,193,113.06,62.7033,54.0358,364
1109,152.7883,46906,113.5,192,112.94,61.5667,53.879,307
1110,151.4508,47707,113.2125,178,111.94,62.1839,52.4549,315
1111,151.4421,49673,112.8,172,112.72,62.942,53.8185,328
1112,152.3015,51021,113.8875,176,113.37,62.3579,53.3782,335
1113,152.3303,50726,113.95,178,113.39,60.7739,55.0873,333
1114,152.1975,49312,113.5875,191,112.4,62.9383,54.4445,324
1115,152.8639,44942,114.3,178,112.57,61.0818,53.847,294
1116,152.3433,51035,112.575,187,112.54,63.39,54.3857,335
1117,150.9145,45878,111.95,187,111.89,61.3854,53.6889,304
1118,151.6469,48527,113.275,185,112.13,62.6923,53.6113,320
1119,152.9774,47423,114.9,185,113.94,61.7931,52.7511,310
1120,151.6422,47464,113.3,172,111.83,62.0206,52.7888,313
1121,152.1384,48380,111.675,180,111.29,61.319,54.9215,318
1122,152.5836,46538,111.9375,195,111.61,62.4344,54.1214,305
1123,152.956,48640,113.325,182,111.8,62.1235,53.1127,318
1124,151.3896,49353,113.05,176,112.16,63.8315,52.374,326
1125,152.6098,50056,112.6375,183,112.3,61.782,53.8799,328
1126,152.2844,48731,112.7875,175,113.51,63.1351,54.0368,320
1127,153.3473,51218,113.3375,190,112.73,63.6281,53.8039,334
1128,152.3091,48282,112.6875,188,111.89,62.8092,54.2532,317
1129,153.0064,47891,113.7,174,112.93,60.9985,52.4326,313
1130,153.9935,47276,113.7,184,112.21,62.4889,53.019,307
1131,152.6624,60149,113.6875,177,112.86,62.1865,52.3737,394
1132,152.577,46536,114.025,183,113.48,62.0702,54.5226,305
1133,153.1058,47769,114.075,185,113.78,61.0325,53.7569,312
1134,152.5238,44842,112.925,178,112.15,63.1749,52.4025,294
1135,154.3248,47995,114.1875,193,113.98,62.3022,54.4489,311
1136,152.6193,50517,112.4875,183,111.68,63.041,52.9878,331
1137,153.6289,54231,114.3625,178,113.22,63.3105,53.6761,353
1138,153.0726,46381,112.825,175,112.9,62.6519,55.1932,303
1139,154.3925,45237,113.3875,182,112.39,61.0989,53.7112,293
1140,154.0368,54375,114.025,183,113.11,61.4585,52.7864,353
1141,153.641,47936,113.2875,176,112.76,62.4451,53.0854,312
1142,155.9419,48342,113.675,187,112.82,61.4968,53.6388,310
1143,155.7898,48918,114.3625,183,113.93,62.6676,54.6384,314
1144,156.3559,55350,113.1625,187,112.67,63.2118,53.4302,354
1145,155.8498,51898,113.7125,180,114.08,60.5297,54.1113,333
1146,156.527,46332,113.1625,187,113.02,61.5658,53.5119,296
1147,155.1699,48413,113.3125,182,113.15,62.6555,53.9468,312
1148,154.5877,52869,114.275,177,113.39,62.5858,52.8107,342
1149,153.7602,52586,113.4625,187,113.52,62.579,51.6235,342
1150,154.6405,47320,114.375,180,112.38,61.4529,53.2001,306
1151,154.6502,46859,113.9125,178,113.44,63.4878,54.3706,303
1152,155.0498,49771,112.625,183,111.88,61.0814,53.5988,321
1153,154.2062,44874,112.325,182,112.37,62.2857,53.012,291
1154,153.5994,51763,112.725,187,111.61,62.1274,53.1802,337
1155,154.6364,49329,112.875,183,112.81,60.3783,52.4436,319
1156,153.7333,55344,112.725,183,112.05,62.3685,53.1582,360
1157,152.6815,51301,113.625,175,112.79,61.3467,54.2224,336
1158,152.6583,48698,111.3625,181,111.36,63.302,54.7634,319
1159,154.1824,45638,113.1125,179,112.6,62.453,53.7718,296
1160,152.6141,54178,112.2125,176,111.92,59.1397,53.4318,355
1161,153.3686,44937,114.1875,176,112.59,61.8692,53.9183,293
1162,154.0754,46993,113.8875,180,113.64,61.5305,53.6844,305
1163,153.0387,51421,113.525,187,112.19,61.2514,52.7446,336
1164,152.9241,46336,113,177,112.68,60.7432,54.6139,303
1165,152.099,47607,112.45,175,112.88,61.3771,53.6997,313
1166,150.8883,56734,111.725,183,112.02,61.9585,52.7407,376
1167,153.5401,49747,112.9875,181,112.25,60.9264,53.879,324
1168,152.3194,51027,114.325,180,113.4,61.8287,53.842,335
1169,152.2417,50392,113.2,191,112.91,61.8108,55.0514,331
1170,151.8481,52995,112.9875,174,113.17,63.3138,53.4259,349
1171,152.8792,45558,112.2125,187,110.63,62.5549,54.3084,298
1172,152.1257,52027,114.1625,178,112.83,61.341,53.4221,342
1173,153.7095,45498,114.7,179,113.14,62.3115,54.4021,296
1174,152.0415,47589,113.4125,185,113.55,60.1809,54.2387,313
1175,152.4253,46947,112.8,178,112.3,62.3924,54.2411,308
1176,151.588,45628,112.7,176,111.78,60.9218,53.5098,301
1177,150.6537,61768,112.6,174,111.91,63.2212,52.9724,410
1178,150.8048,50218,112.3625,179,112.08,61.8048,54.8126,333
1179,151.479,50594,113.1625,176,112.41,62.2069,53.5778,334
1180,152.1233,44420,113.075,177,111.93,61.1241,55.3376,292
1181,153.0479,47904,112.9625,182,112.18,62.2708,53.9871,313
1182,152.5906,58137,113.625,185,112.97,60.7987,53.6276,381
1183,152.7035,48407,113.2875,176,112.7,59.2183,54.1748,317
1184,151.7838,44928,112.0375,179,111.43,61.9842,54.4165,296
1185,154.3049,47063,113.3875,181,112.84,60.8316,54.9031,305
1186,153.1977,53466,114.1125,178,113.26,62.1305,54.0327,349
1187,153.4147,45871,113.4625,179,113.2,61.2457,55.3361,299
1188,153.2492,48580,113.425,181,112.7,61.068,54.6001,317
1189,153.4879,50651,114.6875,181,112.46,61.3788,54.9951,330
1190,153.1982,51015,112.25,182,111.37,61.3203,54.3663,333
1191,153.0565,46070,113.925,182,112.62,61.1526,53.7521,301
1192,154.13,46239,112.7125,182,113.32,59.7254,54.2405,300
1193,154.3285,53552,114.0375,182,113.37,61.2835,54.7865,347
1194,154.524,45121,113.675,185,113.51,58.3741,54.6923,292
1195,155.0267,46508,113.675,186,112.31,60.7955,54.4697,300
1196,152.295,51628,113.5875,184,113.94,63.6979,55.9987,339
1197,153.4757,47424,112.175,180,112.34,61.5798,54.1792,309
1198,152.9023,53210,114.15,187,112.97,59.9201,53.8029,348
1199,152.7461,48726,112.3,179,111.16,61.8188,53.9161,319
1200,152.3567,49973,112.9,190,111.87,61.9377,53.5629,328
1201,151.5028,53329,112.2125,181,111.48,59.0067,53.7152,352
1202,152.6462,49610,112.4625,177,111.12,59.6323,53.8891,325
1203,153.5671,45763,113.5375,177,113.33,61.4214,54.3175,298
1204,153.3023,52736,114.5625,192,113.26,62.5074,54.5457,344
1205,153.8176,48914,112.6,184,112.02,61.3701,55.4715,318
1206,155,46965,113.25,178,112.78,59.8123,53.669,303
1207,154.7721,45503,114.2875,184,113.21,60.6807,53.9132,294
1208,153.9506,49880,113.9375,180,113.36,61.0878,53.5272,324
1209,152.7513,57129,112.75,176,112.6,59.6644,53.3674,374
1210,154.7905,45818,115.15,194,113.6,61.5905,55.4155,296
1211,152.3794,51809,114.6875,181,112.78,61.2117,54.7524,340
1212,151.7507,54782,112.9,187,111.89,61.8162,54.2356,361
1213,152.6031,48833,113.6125,179,112.93,59.3285,54.2337,320
1214,154.0033,47279,114.3125,187,113.46,60.4408,53.7196,307
1215,152.2515,52070,113.0625,190,112.85,60.347,53.6723,342
1216,152.8073,49968,114.9,175,113.17,62.0655,54.5734,327
1217,153.97,46191,112.7,175,111.72,59.5809,54.6165,300
1218,152.1781,59806,113.3625,181,113.02,60.7958,55.1198,393
1219,151.7331,49465,112.7,177,112.36,60.9799,54.9873,326
1220,152.1621,49757,113,184,112.14,60.3534,53.5553,327
1221,152.7616,52550,113.1875,187,111.9,61.026,53.1003,344
1222,152.7818,46904,113.175,178,112.38,60.4707,54.8995,307
1223,151.5209,54396,112,197,111.63,61.797,53.517,359
1224,152.4348,45578,114.1,175,112.75,61.4116,54.3283,299
1225,151.5762,45776,113.2375,177,112,60.652,53.8526,302
1226,153.4188,47253,113.6125,182,112.71,61.6614,54.6628,308
1227,153.8019,48909,113.3875,177,112.38,61.3658,53.5698,318
1228,153.1074,45626,113.1625,176,113.2,59.7528,55.152,298
1229,154.5017,45269,115.15,174,113.24,59.4625,55.8853,293
1230,152.8185,51347,113.275,182,113.67,62.5993,53.1459,336
1231,154.3311,45219,113.875,182,112.97,60.6103,54.3132,293
1232,153.5823,48532,114.5125,176,112.83,59.4453,54.6983,316
1233,153.128,50226,114.2,177,112.7,61.0752,54.1367,328
1234,153.9942,53436,114.0625,184,113.6,60.975,54.3453,347
1235,153.5919,56829,114.1125,188,112.83,61.923,53.9959,370
1236,152.4545,53664,112.875,184,111.73,59.9706,52.2051,352
1237,153.3233,50750,113.1625,181,111.81,59.7948,55.2104,331
1238,154.1122,46696,112.7375,192,111.62,59.6979,54.6915,303
1239,152.8624,54419,113.8,201,114.22,58.4291,54.418,356
1240,153.2161,47497,113.9375,179,113.03,59.6248,54.1235,310
1241,153.7647,49666,113.9,183,112.38,58.6311,53.6007,323
1242,155.113,45293,114.375,187,113.33,60.3482,55.6921,292
1243,153.4441,45266,113.225,180,113.06,61.0294,53.0466,295
1244,154.2687,45355,114.475,174,113.2,62.1331,54.2857,294
1245,154.7659,46275,114.6875,185,112.91,61.7882,55.9985,299
1246,154.5695,45598,113.1,188,113.83,61.2432,54.7027,295
1247,154.2349,48584,113.025,182,113.61,61.0767,53.9182,315
1248,151.8359,49954,114.2875,188,111.99,59.6249,55.2879,329
1249,154.4507,46953,113.725,185,113.24,60.6497,55.5898,304
1250,154.4324,51426,112.7625,187,112.88,60.6531,53.2536,333
1251,154.4515,46181,113.325,179,112.48,60.9475,55.2259,299
1252,155.5358,45572,114.7375,185,112.31,58.8879,54.2164,293
1253,155.1299,47780,113.9,182,112.82,59.8783,54.3572,308
1254,155.8503,52054,114.6,201,112.9,61.5793,54.5694,334
1255,155.3805,52674,113.5375,181,113.11,61.288,54.0014,339
1256,155.6398,50116,115.25,184,113.45,62.0942,54.8133,322
1257,154.6013,47308,113.125,176,112.2,62.259,54.9528,306
1258,153.9683,48500,113.1125,174,112.44,61.6992,54.5881,315
1259,155.8498,45664,113.6,191,113.01,61.7472,54.1265,293
1260,154.3423,57261,114.05,194,112.88,61.2148,53.0796,371
1261,153.2312,49034,113.5625,174,112.54,61.16,55.1426,320
1262,154.5597,45286,113.6,184,113.17,61.3994,54.7272,293
1263,154.0446,48370,114.875,181,113.54,60.1486,54.7138,314
1264,154.0034,45739,113.875,180,113.55,59.4491,54.013,297
1265,152.9755,49870,114.6125,178,113.84,61.6766,53.6742,326
1266,153.0582,44693,113.725,173,111.74,61.2185,54.2661,292
1267,153.817,48760,113.9875,186,112.62,61.7436,52.8886,317
1268,151.9233,59402,113.0125,194,112.14,62.3018,53.0858,391
1269,154.2248,45959,114.2125,178,113.51,60.7935,55.5109,298
1270,154.0101,45587,114.0625,182,112.77,60.7279,54.9145,296
1271,153.0436,49127,112.9625,181,111.71,60.0688,54.0086,321
1272,153.6381,48396,113.825,186,114.09,60.844,52.8978,315
1273,151.7739,57067,113.65,179,112.39,62.6883,53.4568,376
1274,152.1536,46559,112.275,191,111.76,61.4936,55.3617,306
1275,153.8078,47219,113.05,188,112.89,61.037,54.5534,307
1276,152.1787,44284,113.975,178,113.58,60.2626,54.5226,291
1277,151.4706,46350,112.7,179,111.54,58.0889,53.9678,306
1278,153.1003,48839,114.9375,179,112.78,59.8014,53.9491,319
1279,150.648,48358,113.3375,177,113.07,59.7085,53.9934,321
1280,151.0432,48938,113.95,174,112.62,61.9027,54.2942,324
1281,151.8333,46461,115.4625,176,114.03,61.1205,54.1,306
1282,152.0261,46520,113.6,176,113.54,60.4742,54.0728,306
1283,151.8127,45392,113.5875,186,112.68,61.1759,54.7624,299
1284,152.0322,47282,114.1375,177,113.53,59.8076,54.2206,311
1285,150.5541,44564,113.9375,172,112.83,61.1004,53.242,296
1286,151.9121,55296,114.05,175,113.05,61.0261,53.1426,364
1287,152.3558,47535,113.975,175,112.65,59.4437,53.5956,312
1288,151.2156,48389,114.1375,179,111.95,62.3927,53.6032,320
1289,152.4172,46030,113.7875,177,113.85,61.2081,54.1105,302
1290,151.7262,50980,114.8125,179,112.92,60.1272,54.1996,336
1291,153.4227,44646,113.475,188,112.43,59.3079,53.5974,291
1292,152.9775,47576,113.575,179,112.27,60.3721,53.9151,311
1293,152.9774,54154,112.825,182,111.82,61.7866,54.0278,354
1294,153.7157,48113,114.05,184,113.07,60.1438,55.1568,313
1295,153.1143,48231,113.2125,173,112.48,59.3498,53.1463,315
1296,155.6894,45617,114.2375,182,112.86,61.3395,53.9755,293
1297,155.1919,46092,113.65,182,112.91,61.9567,54.7126,297
1298,154.4217,54202,113.3,179,112.84,60.2857,54.2798,351
1299,154.0616,44986,112.3,180,111.19,63.153,54.3461,292
1300,154.7713,45348,112.225,182,112.04,60.9855,54.4107,293
1301,155.0032,48051,112.5625,183,111.72,60.9009,54.5907,310
1302,157.0091,51970,113.9625,185,113.46,62.2709,54.3021,331
1303,156.5882,47916,112.5375,184,111.39,63.6088,55.6525,306
1304,156.1804,49353,111.875,191,112.3,61.0393,52.416,316
1305,156.3849,45508,113.8875,191,112.64,60.4105,53.4287,291
1306,154.7246,47191,113.0375,189,112.61,61.194,54.5752,305
1307,156.9006,48953,113.475,180,113.36,60.8153,54.5479,312
1308,155.1171,49017,113.3,182,111.43,61.1402,53.8803,316
1309,155.8179,45343,111.875,187,111.63,59.7356,53.8141,291
1310,154.5421,49608,112.7125,185,112.08,59.2894,53.9594,321
1311,156.5778,49322,112.375,194,111.81,60.5046,54.5961,315
1312,155.882,52844,115.25,190,113.81,60.4879,53.3056,339
1313,154.3428,49081,113.8875,178,112.16,60.1711,52.9676,318
1314,155.4295,47406,113.7875,179,113,61.1106,55.8345,305
1315,152.3942,52576,113.8875,178,113,62.6786,56.6358,345
1316,153.2825,48284,111.975,178,111.6,61.9168,54.7513,315
1317,154.3019,47525,113.725,180,113.29,60.4946,55.1248,308
1318,154.0653,44833,113.8125,186,112.83,59.471,53.6175,291
1319,152.9608,50783,112.5,184,111.2,60.4848,54.1421,332
1320,153.8879,49398,113.525,192,112.37,61.1136,54.4516,321
1321,152.8927,54124,114.075,180,113.23,61.0728,53.1575,354
1322,154.1779,50262,114.6625,184,113.56,60.2169,53.7364,326
1323,152.9494,60415,114.55,188,113.25,61.9496,54.4269,395
1324,153.0404,49279,113.3875,192,111.74,58.6628,54.1476,322
1325,153.6369,49932,114.2625,205,112.34,59.2349,52.9866,325
1326,152.5822,44554,113.0125,183,112.04,60.2685,54.338,292
1327,153.64,46092,112.8125,181,112.46,60.0268,53.0862,300
1328,152.7943,53478,113.7,173,113.38,60.6223,54.3573,350
1329,153.6358,46398,113.6,180,113.43,60.0696,53.7978,302
1330,151.7578,53267,114.0375,179,112.86,61.8144,53.7853,351
1331,152.5114,46821,113.775,183,113.42,61.8683,55.1757,307
1332,152.7632,46440,113.9875,173,113.48,59.9957,53.1158,304
1333,151.3868,48141,113.3125,181,111.08,59.5817,54.163,318
1334,151.082,47893,112.675,177,112.01,62.1478,53.8013,317
1335,150.0495,57619,112.6125,175,111.53,61.7577,54.5287,384
1336,149.8161,52136,111.475,180,111.26,60.3078,54.7483,348
1337,150.439,49344,112.8375,175,111.81,60.2205,53.4745,328
1338,151.972,48935,113.525,180,112.37,60.6428,53.0842,322
1339,150.8711,47977,112.4375,175,111.78,61.1449,53.9129,318
1340,151.8199,47216,113.925,173,113.07,62.2777,53.6447,311
1341,150.8123,51427,113.025,174,113.08,59.6541,54.1845,341
1342,150.4554,47243,113.6625,179,113.09,59.9381,54.4755,314
1343,150.8485,49780,112.45,194,112.63,61.3462,54.7842,330
1344,151.4502,50130,113.875,183,113.17,63.007,53.5857,331
1345,150.9687,52990,113.3875,177,112.46,61.1922,53.7935,351
1346,150.4882,50865,113.1875,174,113.02,58.9243,54.2198,338
1347,151.42,45426,114.4625,181,113.07,60.487,53.9112,300
1348,149.7039,49552,113.0875,173,111.96,61.5103,53.3206,331
1349,150.2351,50479,114.4,171,113.57,59.6693,54.4959,336
1350,150.693,49578,114.4875,186,113.9,58.6207,54.4898,329
1351,150.8197,46000,113.775,174,112.42,59.4363,52.5393,305
1352,150.193,47461,113.4,182,111.25,61.3804,54.5519,316
1353,150.5506,50585,113.425,196,113.2,61.0144,53.5741,336
1354,151.2411,50817,112.7125,178,112.56,60.3403,53.0342,336
1355,150.8142,51126,113.675,172,113.16,61.3349,53.3549,339
1356,149.5597,47560,113.125,171,111.76,60.1923,52.8196,318
1357,149.6797,45802,112.3875,175,112.66,62.1446,54.0399,306
1358,149.9697,44541,112.1625,173,112.24,61.2137,54.8078,297
1359,149.626,56409,113.425,172,113.18,59.7335,53.5241,377
1360,149.4611,47977,113.1,176,111.42,59.3631,52.8154,321
1361,149.8464,43905,114.05,181,111.62,59.8042,54.8778,293
1362,150.0712,44271,112.175,172,112.47,60.6796,54.0127,295
1363,149.8324,52741,112.475,179,112.03,59.3251,53.5369,352
1364,148.8416,47927,112.5625,172,112.1,60.2914,55.2396,322
1365,149.7853,46733,113.15,181,112.97,61.5318,53.7286,312
1366,148.4985,47965,113.975,178,112.87,62.2484,53.7927,323
1367,149.7515,48819,113.4125,178,112.31,59.8694,54.5169,326
1368,150.0988,50133,113.0625,179,112.33,59.9955,53.7587,334
1369,149.5283,47550,113.7125,173,113.16,59.7468,53.3666,318
1370,149.7793,44784,113.6875,172,112.21,59.0069,55.1877,299
1371,150.4104,46176,113.9,191,113.16,61.7881,55.0031,307
1372,150.8409,46459,114.175,178,113.49,60.0436,54.9582,308
1373,150.5734,44118,114.5,177,113.73,61.4759,56.554,293
1374,151.0331,50143,113.025,187,112.53,61.7709,54.6319,332
1375,150.5125,48164,113.8375,175,113.19,62.4111,52.1237,320
1376,150.0625,50421,114.2875,181,113.67,60.3314,52.5743,336
1377,149.5853,50859,114.7375,190,112.83,58.6398,54.3929,340
1378,150.6288,49105,114.45,178,112.24,61.4007,54.525,326
1379,148.9884,51550,111.7375,176,111.33,60.2619,54.1619,346
1380,149.9669,49789,113.2125,177,112.67,60.9207,53.926,332
1381,148.6968,51003,112.0375,169,111.99,61.9645,53.5891,343
1382,149.4271,44081,112.0625,177,112.12,60.1943,53.2871,295
1383,149.7143,46112,113.3,176,112.5,60.0317,53.5703,308
1384,149.6531,43998,112.675,181,111.27,61.7558,55.028,294
1385,149.4341,49911,114.6375,176,113.33,60.8035,53.6552,334
1386,149.7109,44015,112.6375,176,112.86,59.9571,54.6144,294
1387,149.9102,48421,114.1625,185,113.8,61.813,54.9308,323
1388,148.7819,47759,113.1875,173,112.34,59.7907,53.2304,321
1389,148.6558,45786,113.1625,177,111.95,59.1376,52.2045,308
1390,149.9871,46496,113.975,177,112.87,60.7724,54.4535,310
1391,148.4719,52856,112.975,168,112.1,60.676,54.8962,356
1392,149.7829,45534,112.7,178,111.64,58.8047,53.4202,304
1393,150.3851,46469,114.3375,185,112.41,60.6247,54.8938,309
1394,150.3482,47059,112.55,174,112.54,61.4572,56.4047,313
1395,149.5828,46969,113.225,176,113.92,60.7854,55.5679,314
1396,147.973,60225,113.825,174,111.8,62.8807,52.7645,407
1397,149.95,44985,112.975,178,112.2,61.6613,54.7616,300
1398,149.7785,47330,113.1875,182,111.24,60.3106,53.5193,316
1399,149.4602,52610,114.025,175,112.73,60.4404,54.2471,352
1400,148.9934,45294,114.425,175,112.83,58.6075,54.203,304
1401,148.1046,55243,113.0875,170,111.57,59.7589,53.5155,373
1402,149.7514,53012,113.75,181,112.73,61.2071,53.8842,354
1403,149.8098,48838,112.625,174,112.55,60.2196,55.0448,326
1404,147.9887,52388,113.15,174,111.92,60.3503,54.6531,354
1405,149.6295,53717,114.725,180,113.7,60.6275,53.2456,359
1406,151.3553,46012,113.3,181,111.79,60.7333,53.5089,304
1407,150.2396,47025,114.6125,173,113.65,59.2924,52.8191,313
1408,148.1657,49191,114.925,174,113.17,62.048,53.8244,332
1409,149.5321,48897,113.3375,175,112.56,60.3508,54.564,327
1410,150.5757,45775,113.975,178,112.8,61.9063,54.8267,304
1411,148.7435,51614,112.3,170,111.55,59.9519,53.9105,347
1412,149.2448,49997,112.4,178,112.48,60.3728,53.9587,335
1413,149.9641,45889,112.55,173,111.85,60.8187,52.278,306
1414,149.8528,48852,113.975,175,113.14,62.0516,55.059,326
1415,148.7735,50583,112.3375,179,111.24,60.2104,55.8617,340
1416,148.2092,51725,112.4875,174,111.76,60.5595,54.0619,349
1417,150.3938,43915,113.65,170,112.36,61.377,55.554,292
1418,148.3431,45393,111.9875,174,111.45,58.2503,54.9955,306
1419,149.6323,46386,113.9,177,111.96,59.4863,53.6181,310
1420,149.7799,47630,113.275,191,112.68,60.4614,54.8131,318
1421,149.571,49508,112.4875,178,111.51,61.4874,54.4902,331
1422,148.5874,51857,112.8875,170,112.19,59.7427,52.8537,349
1423,148.2521,51740,113.5625,170,113.03,58.1719,51.295,349
1424,149.3724,50936,115.425,173,112.98,60.0598,52.7077,341
1425,149.1145,44287,112.775,176,111.86,61.6206,55.2411,297
1426,147.8497,48199,112.7875,174,111.52,60.6923,54.0428,326
1427,149.4737,53960,113.7375,180,113.19,60.7359,52.2061,361
1428,150.691,45358,113.5625,181,112.15,62.1077,54.8552,301
1429,149.1842,45352,112.55,180,112.21,60.5476,55.0767,304
1430,147.5181,52959,112.0125,181,111.93,60.426,54.7209,359
1431,149.4211,45424,113.675,178,112.49,60.802,55.6244,304
1432,148.809,52976,112.05,174,111.28,61.423,53.2233,356
1433,150.8316,44797,113.475,176,112.05,59.1948,54.1648,297
1434,148.3123,47015,113.2125,178,112.18,58.6636,52.6512,317
1435,149.2225,51631,113.8,173,112.33,59.8894,53.9992,346
1436,150.2464,52436,114.35,186,112.29,60.9745,53.8853,349
1437,149.4511,47376,114.8,179,112.21,60.0273,55.1597,317
1438,149.9014,53215,113.0625,175,112.42,60.3114,54.0255,355
1439,148.9294,50636,113.6125,178,113.12,62.2211,54.0052,340
1440,150.4282,51296,113.5125,168,112.86,61.9567,54.4947,341
1441,149.4838,50675,111.8625,179,111.78,59.7643,54.0262,339
1442,148.8514,52098,113.2875,172,112.16,60.233,53.5505,350
1443,148.8737,55381,111.875,178,111.38,62.4862,53.5806,372
1444,149.4305,45128,113.525,172,112.58,61.2268,54.7685,302
1445,148.035,50776,111.6125,182,111.22,60.0863,53.5198,343
1446,149.0892,46814,112.25,176,111.86,60.9888,55.6369,314
1447,149.6341,47434,114.2875,175,112.47,60.6071,54.2993,317
1448,149.7441,50913,113.0875,179,112.16,60.023,54.2045,340
1449,150.1195,43985,112.1,170,111.93,61.6811,55.4459,293
1450,150.7234,49588,113.4,181,112.99,61.0457,55.3114,329
1451,150.4744,44089,114.0375,187,112.93,59.4652,53.5819,293
1452,149.7971,52429,113.5875,177,112.51,59.6375,53.761,350
1453,149.6018,49219,113.725,172,111.65,61.0852,53.8,329
1454,150.0836,46676,113.6875,178,112.35,61.4617,54.3262,311
1455,149.7692,44781,111.85,175,111.39,60.3096,54.4697,299
1456,149.9497,44685,113.5625,178,111.5,58.9612,55.3642,298
1457,148.7616,51174,112.6125,174,112.69,60.1673,54.2398,344
1458,149.2183,50585,113.5875,179,112.76,61.3751,54.5306,339
1459,149.6787,49843,112.7625,180,112.52,61.9556,53.9419,333
1460,148.6484,46081,113.325,171,112.97,60.6889,54.6467,310
1461,150.4333,45130,114.05,184,113.9,60.918,55.0788,300
1462,149.1234,47123,112.4375,178,111.85,59.6029,54.8195,316
1463,148.142,49035,112.325,168,112.37,61.5105,53.7949,331
1464,148.7695,47755,112.95,179,112.09,60.5009,52.2818,321
1465,149.2336,52381,112.9,178,113.34,61.2311,52.5625,351
1466,149.3345,43755,112.2125,173,111.69,60.2929,53.6271,293
1467,150.461,44386,113.025,169,113.17,63.3766,55.1411,295
1468,149.3772,51087,113.5875,181,113.3,62.0679,55.0462,342
1469,148.6766,49658,112.9125,185,112.16,59.0859,53.3128,334
1470,149.4062,48557,114.6,170,112.37,59.2926,52.8667,325
1471,148.5898,55424,112.9,186,112.12,61.6776,53.6147,373
1472,149.961,46188,112.625,186,112.35,62.0348,54.0982,308
1473,149.4769,51719,113.55,175,112.82,60.2158,54.3401,346
1474,149.8799,46163,113.0375,176,112.91,61.2393,55.9825,308
1475,150.4849,44995,114.4375,182,113.77,60.2083,54.5152,299
1476,149.4783,44694,113.1875,180,111.41,58.483,52.858,299
1477,148.3995,56837,113.6125,168,112.1,59.4266,52.1643,383
1478,149.593,55499,114.975,176,113.84,60.1913,54.6087,371
1479,149.3014,54495,112.75,176,112.44,61.6901,54.4953,365
1480,149.0679,48298,113.4875,177,112.84,60.2411,54.3558,324
1481,149.3758,49294,113.45,172,113.55,61.3616,54.1257,330
1482,149.0516,46206,112.4875,180,112.81,59.4921,51.7398,310
1483,148.3863,62619,113.5375,172,112.79,59.552,51.6474,422
1484,148.2899,55757,115,189,113.36,61.679,52.4759,376
1485,148.0735,50345,112.525,175,111,61.3413,52.8475,340
1486,148.8957,55687,113.85,178,113.52,60.0043,52.4698,374
1487,148.6795,50105,114.45,184,113.27,59.3183,50.7457,337
1488,149.1958,49533,113.2125,173,112.51,60.4589,51.052,332
1489,149.08,52178,114.7125,179,113.32,60.2769,53.4769,350
1490,147.9171,53546,112.3625,174,112.31,62.495,54.3256,362
1491,149.5271,49643,112.8375,182,112.08,62.5188,54.1983,332
1492,149.2574,50449,114.425,172,113.71,59.5993,55.6204,338
1493,148.3558,48364,111.725,173,111.55,60.1324,55.0949,326
1494,148.627,47412,113.6,172,112.5,59.7576,54.9619,319
1495,150.1467,45044,113.6625,176,112.87,61.5218,54.3509,300
1496,149,53342,113.375,179,112,62.0727,54.1101,358
1497,148.198,44904,113.15,173,112.19,58.3492,55.1236,303
1498,148.6047,50377,113,174,111.11,58.7253,53.1502,339
1499,148.3081,52946,113.6625,176,113.19,61.0458,53.0496,357
1500,148.9565,51390,113.6125,174,112.89,60.1244,53.1977,345
