1,200.2447,94115,135.6375,272,136.29,111.8929,57.2974,470
2,198.3849,97407,133,264,133.47,111.8266,57.9511,491
3,198.8536,96444,133.55,267,134.5,111.8266,57.3676,485
4,197.9622,94230,134.05,256,134.89,112.32,57.455,476
5,197.0699,93017,134.6875,272,134.82,111.6184,57.3203,472
6,198.3347,94209,134.675,272,135.47,111.968,57.2065,475
7,198.3312,94009,135.3,263,136.17,112.031,57.325,474
8,197.9619,93636,134.55,260,134.53,111.7654,57.4783,473
9,198.0738,93887,133.65,271,133.99,112.1081,57.3164,474
10,199.4125,95718,136.6875,267,136.08,111.9962,57.2712,480
11,199.4844,95952,135.425,272,135.45,112.1464,57.355,481
12,198.6092,94538,134.25,255,134.72,111.9996,57.4227,476
13,198.2833,93788,133.5125,286,133.68,112.0249,57.675,473
14,199.884,94745,135.75,258,135.23,112.4575,57.5416,474
15,197.7384,93728,134.4125,252,134.1,111.9088,57.4145,474
16,195.8475,92440,135.7875,253,135.78,112.1875,57.7309,472
17,197.4437,92996,134.9875,257,134.84,111.6964,57.4506,471
18,196.4927,94120,136.4,266,136.56,111.7117,57.773,479
19,195.8064,92029,132.3125,250,133.43,112.1483,57.3383,470
20,195.9287,93458,133.7,263,133.15,111.8154,57.4309,477
21,195.8046,94182,133.525,254,134.85,112.1373,57.1227,481
22,197.5618,94237,136.0375,259,136.23,112.6176,57.1581,477
23,194.0188,92935,134.125,252,134.51,112.2541,56.7236,479
24,196.2521,93416,133.6875,268,134.59,112.0072,57.4573,476
25,195.4029,93598,135.5,254,135.19,111.5326,57.3359,479
26,196.1065,93935,135.5625,250,136.04,112.2409,57.4195,479
27,197.0911,93027,134.8,251,134.9,112.1365,56.9669,472
28,195.1041,95601,135.9875,250,135.49,112.1314,57.2713,490
29,193.6416,97789,137.025,248,136.24,112.401,57.0644,505
30,193.2536,93728,135.7625,260,135.11,112.5173,56.8971,485
31,193.4298,92266,133.9625,266,135.45,112.5546,57.2461,477
32,193.7984,98062,134.5625,251,134.54,112.4703,57.2127,506
33,193.1939,94665,133.725,277,133.26,112.2322,57.3521,490
34,193.862,91309,133.7875,270,133.72,112.1193,57.2758,471
35,194.8919,91989,135.2,255,134.14,112.5968,57.2987,472
36,193.7521,93001,134.65,248,134.7,112.2018,57.3178,480
37,193.0402,91308,135.375,258,135.34,112.0836,57.3813,473
38,194.3649,94267,133.475,258,133.23,112.6207,57.3854,485
39,194.4438,93333,136.5375,250,135.79,112.7967,56.9481,480
40,194.4013,92535,134.8,259,135.47,112.6465,57.1633,476
41,192.5447,90496,135.975,249,135.58,112.6133,56.9536,470
42,193.966,91164,133.575,252,134.42,112.0237,57.443,470
43,194.8787,91593,136.4,248,136.21,112.423,57.2244,470
44,194.8246,93321,135.2125,259,135.21,112.7524,57.3465,479
45,194.5869,91845,134.775,253,134.31,112.0471,57.6898,472
46,193.6701,92768,135.125,253,134.59,112.4729,57.2274,479
47,193.2272,91010,135.25,256,135.04,112.6909,56.9843,471
48,193.382,92630,133.2875,252,133.41,112.4628,57.1198,479
49,193.1849,91956,135.7,251,135.12,112.5448,57.1754,476
50,193.5871,93309,133.95,244,133.87,112.477,57.3201,482
51,193.8914,92874,132.8125,246,133.05,112.6228,57.533,479
52,194.8944,94134,134.85,271,134.58,112.0418,57.4196,483
53,198.0399,94267,136.9375,256,135.89,112.4197,57.1912,476
54,197.5188,94414,134.95,284,134.88,112.8248,56.9589,478
55,198.7915,93432,134.6,257,134.46,112.8291,56.8905,470
56,197.9938,95037,133.175,263,134.84,112.6152,57.0483,480
57,199.9022,98152,136.825,255,136.1,112.421,57.0805,491
58,199.3768,94704,135.6375,275,135.5,112.6308,56.8223,475
59,200.0887,97043,135.3625,277,136.56,113.0567,57.0203,485
60,199.6814,94649,132.6875,285,131.58,113.0284,56.6207,474
61,201.1858,96368,133.9625,266,134.66,112.543,56.7837,479
62,200.3946,96991,134.4375,273,134.17,112.8734,56.9719,484
63,201.3797,97065,133.8625,261,134.44,112.6431,57.0743,482
64,201.728,96426,135.425,253,135.1,112.7662,56.8152,478
65,202.0732,99420,133.3875,265,133.69,112.8362,56.9983,492
66,200.6772,95121,134.15,259,135.37,112.7895,56.8304,474
67,199.6183,96216,134,263,135.11,112.5646,57.1444,482
68,199.2276,95430,133.7125,276,133.71,112.866,57.3815,479
69,200.8197,95791,136.8,265,135.97,112.4474,56.9366,477
70,200.4286,95404,132.95,268,134.03,112.2429,57.7088,476
71,199.7842,96296,133.1375,305,132.98,112.5191,57.1206,482
72,199.5983,94410,133.825,271,133.56,112.4734,57.2287,473
73,199.0123,97118,134.225,268,133.77,112.9493,57.354,488
74,199.4599,94544,134.925,262,135.07,112.844,56.7845,474
75,198.6751,94768,134.0625,284,134.38,112.7505,57.192,477
76,199.1603,94402,134.975,258,135.05,112.5627,56.7388,474
77,198.1231,93316,133.5,254,133.96,113.2923,56.7859,471
78,197.4253,95159,134.925,264,135.61,113.072,56.9712,482
79,198.954,95100,136.3625,252,136.08,113.6185,56.899,478
80,197.7059,94108,131.8,258,132.27,113.2564,57.0895,476
81,197.4099,95349,136.3125,268,135.14,113.1839,57.0198,483
82,196.1899,92994,134.525,264,134.42,113.1369,56.901,474
83,196.5414,92571,135.6375,252,135.19,113.0089,56.8907,471
84,194.8828,93154,134.1125,257,134.52,113.1477,57.2746,478
85,196.2257,94777,134.4,251,134.35,113.342,57.0951,483
86,196.6596,93020,135.5375,267,134.75,113.7027,56.5477,473
87,196.9746,92972,133.525,263,133.11,113.1773,56.9318,472
88,197.2505,96061,134.5875,278,134.24,112.9092,57.1742,487
89,196.8553,93900,134.2375,257,133.88,113.261,56.9671,477
90,197.7631,94333,135.6375,255,135.39,112.8226,57.0133,477
91,198.6983,94183,135.8125,257,135.73,113.2497,56.7621,474
92,197.3887,93957,134.675,261,134.13,113.315,56.8835,476
93,197.4705,93601,133.075,269,133.09,113.6141,56.7865,474
94,196.8189,95654,135.0375,260,134.55,113.6461,56.3543,486
95,198.4237,93656,136.3625,256,134.8,112.8405,56.7314,472
96,197.3716,94541,133.9375,260,134.79,112.9783,57.3274,479
97,198.367,96208,134.325,262,134.04,112.9518,56.8065,485
98,197.9539,94424,133.325,271,134.72,113.1872,57.1168,477
99,197.8536,95959,133.9875,265,133.32,112.7256,57.1966,485
100,199.6017,94212,135.3625,258,135.16,113.2062,57.1811,472
101,198.1913,95330,134.5,256,134.04,113.3391,56.8376,481
102,199.0189,94733,134.6,266,134.32,112.8589,56.8695,476
103,198.4235,94648,133.725,259,134.28,113.016,57.0211,477
104,199.4099,96315,134.0375,272,133.64,113.631,56.4267,483
105,200.414,94395,133.5625,278,133.77,113.1157,56.6816,471
106,200.3516,95167,131.5875,263,132.11,113.3429,56.9693,475
107,201.9574,94920,133.3875,265,134.39,113.3285,56.5666,470
108,202.3721,95722,135.55,266,135.07,113.375,56.7874,473
109,200.7792,94567,134.525,265,134.67,113.1674,56.7644,471
110,199.4728,95348,134.3875,287,133.65,112.9761,56.7557,478
111,198.4638,95858,132.6625,269,133.24,113.1917,57.0424,483
112,200.4641,95020,134.875,266,133.92,113.0445,57.1499,474
113,201.611,95362,134.775,267,134.45,113.6634,56.6427,473
114,200.6764,96124,134.8,261,134.88,113.3196,56.8816,479
115,200.3461,94363,134.625,268,134.2,113.6252,56.8766,471
116,199.9852,94593,133.0875,256,133.45,113.5378,56.5887,473
117,197.5705,95229,133.6625,289,133.04,113.4492,56.706,482
118,198.916,97071,133.8375,267,133.96,112.7857,57.3562,488
119,198.1865,96715,133.775,270,134.18,113.1165,57.0207,488
120,199.6653,95440,135.4,264,133.79,113.2138,56.5214,478
121,198.5415,95697,134.65,263,133.6,113.1619,56.7604,482
122,198.3326,94208,133.1375,255,133.05,113.2117,56.5234,475
123,199.3857,95107,134.475,258,134.89,113.5192,56.5803,477
124,198.7157,97172,134.975,266,134.27,113.555,56.444,489
125,198.0671,94478,134.375,270,134.12,112.9602,56.443,477
126,199.4417,97527,132.675,268,133.48,113.79,56.4323,489
127,200.0373,96418,134.8125,275,134.56,113.7915,56.482,482
128,201.0229,96491,135.725,259,134.93,113.5942,56.7321,480
129,198.4845,96265,134.9,263,134.75,113.4515,56.9678,485
130,198.7659,96799,136.0125,257,134.98,113.527,56.8417,487
131,198.3629,96206,135.6,259,134.97,113.7977,56.3811,485
132,198.7469,95001,134.475,250,134.01,113.3369,56.859,478
133,197.3918,95735,133.675,264,132.86,113.5307,56.3963,485
134,196.6314,96546,134.7625,253,134.17,113.0798,57.0874,491
135,198.0581,95464,133.6125,255,132.98,113.3169,56.6996,482
136,200.9,94423,136.075,266,135.07,113.6485,56.2481,470
137,198.7657,95010,133.0375,269,132.81,113.5254,56.4307,478
138,198.8082,97416,134.325,256,133.89,113.3612,56.6698,490
139,202.0316,95965,132.75,272,133.14,113.7154,56.2458,475
140,202.2574,95870,133.4125,268,133.73,113.6455,56.6324,474
141,202.0362,94957,134.9125,280,135.02,113.376,56.646,470
142,199.8452,98124,132.15,257,132.52,113.8648,56.5478,491
143,199.2797,94060,135.6375,273,134.69,113.8719,56.4639,472
144,198.6784,96359,134.3125,255,133.54,113.5848,56.604,485
145,197.6034,93664,134.9625,259,133.97,113.2975,56.7535,474
146,198.6765,93974,132.75,270,133.29,113.8414,56.5493,473
147,198.9475,94699,135.05,253,133.95,113.7499,56.3843,476
148,199.3271,96275,133.7125,260,133.53,113.8878,56.4166,483
149,200.501,96842,133.775,266,135.45,113.9135,56.6711,483
150,198.1417,96495,135.4125,265,134.17,113.8833,56.7945,487
151,199.841,95524,134.7375,287,135.3,114.0452,56.2312,478
152,198.9014,96865,133.825,282,134.04,113.6029,56.4355,487
153,198.92,94487,133.075,258,133.22,113.5472,56.9914,475
154,198.4578,94069,135.2875,256,135.01,113.6107,56.981,474
155,198.2653,94176,134.75,258,133.96,113.7615,56.4057,475
156,196.1163,96097,135.0375,279,133.99,113.6977,56.5519,490
157,197.6757,95082,135.075,259,135.08,114.0252,56.5248,481
158,195.8507,95771,133.4125,247,133.17,114.239,55.7323,489
159,196.3602,92682,133.4875,265,133.36,113.6199,56.3379,472
160,194.3955,94865,134.2,248,133.9,113.875,56.2877,488
161,197.4865,95386,134.5125,263,134.4,113.9068,56.091,483
162,195.0425,96351,134.8875,252,134.43,114.0572,56.7208,494
163,196.8956,94313,136.0125,262,134.41,113.8297,56.363,479
164,197.3715,92962,136.3375,251,136.52,113.902,56.2558,471
165,194.8099,94288,132.9875,251,131.9,113.7916,56.2581,484
166,197.9958,95236,133.125,260,132.26,113.9859,56.2739,481
167,197.6082,95840,133.45,279,133.4,114.3682,56.3852,485
168,197.3927,97512,134.9625,264,134.2,113.7573,56.6156,494
169,198.1809,93145,131.975,255,132.05,113.9046,56.3474,470
170,200.5284,95251,132.9125,284,132.72,113.8705,56.6766,475
171,199.949,94176,133.375,253,133.17,113.6539,56.0369,471
172,199.5631,96389,133.1125,259,133.03,114.2082,56.4657,483
173,196.9216,95507,135.075,255,135.36,113.5595,56.3089,485
174,198.6245,94148,132.025,261,132.44,114.0842,56.7309,474
175,200.0465,94622,133.425,269,133.05,113.8333,56.4277,473
176,199.6314,94226,135.55,263,135.07,113.773,56.3589,472
177,199.3787,93708,134.525,275,133.76,113.7497,56.0479,470
178,198.5882,94528,133.8125,264,134.11,114.013,56.7116,476
179,198.7227,94592,134.5375,254,134.32,114.5989,56.2751,476
180,197.4774,95974,135.6625,256,134.06,113.9635,56.2305,486
181,198.5306,97280,133.7,272,134.12,114.4099,55.8048,490
182,196.8954,94116,134.3125,257,134.47,114.231,56.4175,478
183,197.9832,94438,134.5125,262,133.67,114.2028,56.4348,477
184,196.5307,95907,133.575,267,133.14,114.1084,55.8889,488
185,198.2081,93356,133.1375,252,132.74,114.0271,56.1554,471
186,198.2277,95744,133.45,266,132.91,113.631,56.803,483
187,199.6541,95235,135.925,252,134.2,113.9975,56.1164,477
188,200.8517,94802,134.475,257,134.99,114.6357,55.4372,472
189,199.53,96373,134.0625,262,134.12,114.4758,55.8293,483
190,197.6897,94298,133.2625,256,132.82,114.1034,56.6031,477
191,197.8835,93401,135.0625,279,133.94,113.8555,56.3915,472
192,196.5835,92984,132.9125,276,132.67,114.3622,55.9303,473
193,198.8526,94455,135.9875,256,135.08,113.9727,56.1376,475
194,199.0271,95533,132.1875,255,133.16,114.1054,56.3259,480
195,198.707,93591,134.9625,267,134.34,114.3548,55.8627,471
196,197.6777,95676,133.35,255,132.6,114.5256,56.1477,484
197,196.7924,92886,133.1375,249,133.26,114.2478,55.997,472
198,196.4,97218,133.175,262,134.49,114.1044,56.2596,495
199,196.475,94308,133.8125,252,133.37,114.5175,56.455,480
200,195.3908,93006,134.325,266,132.88,114.3937,56.353,476
201,196.5741,94159,134.6125,279,133.99,114.8181,56.2954,479
202,196.9305,93542,136.2625,270,134.62,114.3099,56.3093,475
203,196.0247,95072,134.4875,261,133.43,114.3182,56.2445,485
204,195.5474,92885,135.7875,270,134.84,114.3811,55.8472,475
205,193.4502,93243,133.2375,244,131.8,114.1962,56.3935,482
206,194.5241,92788,134.6,248,133.57,113.9628,55.7497,477
207,193.9752,93884,132.95,252,133.04,114.6095,55.8696,484
208,193.6819,93161,132.825,259,132.8,114.336,55.8349,481
209,193.7325,91248,133.6625,254,132.92,114.2829,56.2159,471
210,193.7601,91261,134.95,251,134.16,114.2236,55.8653,471
211,193.4013,91092,132.7,248,133.77,114.781,55.8857,471
212,192.2725,91714,132.9375,247,131.5,114.5965,55.3163,477
213,194.3376,92116,134.6375,255,134.15,114.4613,56.2061,474
214,191.649,93908,134.975,248,133.77,114.2139,56.5037,490
215,193.0529,91314,134.9375,247,133.65,114.7172,55.7128,473
216,193.6343,93719,135.325,248,134.9,114.9429,55.5169,484
217,193.2595,91605,135.3,264,134.96,114.5145,55.8476,474
218,192.5489,92616,132.575,249,132.41,114.4048,56.0316,481
219,191.9426,93668,134.4125,250,133.01,114.7376,56.2206,488
220,192.7833,92536,135.325,247,134.47,114.4158,55.6387,480
221,192.1907,94750,134.4625,242,133.16,114.8757,55.0966,493
222,193.3546,91070,133.9625,245,133.76,115.1269,55.1117,471
223,194.2936,94621,134.75,256,133.41,114.7227,55.7232,487
224,193.1504,91167,133.675,254,132.74,114.3962,55.4616,472
225,193.173,91564,133.325,248,132,114.4467,55.4991,474
226,193.1886,91185,133.8375,242,132.43,115.083,55.899,472
227,193.0367,94588,134.9,249,133.66,115.0038,54.991,490
228,191.9337,92704,132.5625,253,132.46,114.8301,55.5203,483
229,191.8515,91705,133.55,247,133.72,114.928,55.8094,478
230,192.1465,90501,132.825,237,131.87,114.8083,56.0936,471
231,193.104,90952,135,245,133.62,114.3262,55.4237,471
232,191.387,93971,132.6,246,133.48,114.52,55.1476,491
233,192.5802,91283,133.6,251,133.73,115.071,55.4089,474
234,193.2119,93901,133.8,262,132.83,115.2406,55.6679,486
235,191.9046,92498,136.4375,238,133.86,114.8112,55.3547,482
236,193.0169,91297,134.425,247,132.01,114.4318,55.5566,473
237,193.0612,94600,134.225,259,133.22,114.8497,55.8585,490
238,193.3787,90888,132.25,255,131.99,114.8926,55.3567,470
239,195.3571,92990,134.5625,255,134.01,114.8983,55.1344,476
240,194.9623,92997,134.3,259,133.74,114.6614,55.1879,477
241,194.3403,92506,133.875,246,134.8,115.1518,55.1627,476
242,194.4615,93536,134.025,247,133.47,114.924,55.1269,481
243,194.3485,94259,133.8375,253,133.51,115.0493,55.3761,485
244,194.3652,91546,132.8875,254,132.21,115.3947,54.7635,471
245,193.8238,91291,135.2,244,134.15,115.1086,54.8959,471
246,192.7181,93661,133.9,245,133.15,114.829,55.3589,486
247,192.9277,90676,133.975,246,132.86,114.36,55.8412,470
248,192.9916,91671,133.375,247,132.38,114.8936,55.4786,475
249,193.1967,92348,134.75,245,132.71,115.1161,54.9581,478
250,191.7962,91295,135.05,246,134.01,115.5491,55.1298,476
251,191.4896,91915,136.575,242,134.64,114.9463,55.3602,480
252,191.4544,92281,133.075,245,132,114.8861,54.9366,482
253,192.9915,90899,133.95,254,134.99,114.7856,55.2476,471
254,191.2875,91818,134.2875,249,132.53,114.6995,54.9176,480
255,192.8992,91820,133.825,243,132.94,115.1138,54.9944,476
256,192.1022,93938,133.1625,253,132.45,115.0995,55.0029,489
257,191.6674,91042,134.225,247,133.23,114.9293,55.6418,475
258,192.911,93176,134.625,251,135.45,115.1601,55.0798,483
259,191.6047,90629,134.55,252,132.33,115.238,54.9782,473
260,191.0866,92677,133.75,242,133.25,115.1531,55.2053,485
261,192.8174,92938,135.1,244,134.03,115.2765,55.1949,482
262,192.5681,90507,136.4625,245,135.19,114.9032,54.7973,470
263,192.1197,91449,132.8375,247,134.52,115.2922,54.8684,476
264,190.5085,89920,131.15,240,132.36,115.3802,55.1331,472
265,191.4059,91492,135.3125,251,135.27,114.4088,55.0395,478
266,192.0547,91226,133.6375,252,133.28,115.222,54.8994,475
267,190.3536,90989,133.7375,247,133.61,115.096,55.6451,478
268,188.8732,90848,132.75,240,131.65,115.1871,55.5199,481
269,190.3586,92895,136.3875,258,134.08,114.5534,55.3518,488
270,190.934,89739,133.0875,246,133.14,114.9344,55.4712,470
271,189.5133,92672,134.2625,236,134.01,114.9353,54.9173,489
272,189.2103,91767,133.3875,242,134.21,114.8747,55.0701,485
273,190.6297,91121,133.2875,239,133.14,115.0701,55.2349,478
274,190.5814,90145,133.9625,237,132.65,114.7709,54.672,473
275,189.6226,90450,132.8375,246,133.58,115.3168,54.8578,477
276,188.8008,89114,134.1625,248,133.1,114.7575,55.5068,472
277,190.3431,90984,133.7125,241,134.06,114.816,55.1056,478
278,188.6611,90180,134.3,247,133.38,115.1363,54.8642,478
279,189.3152,90682,134.5,248,133.55,115.2294,55.358,479
280,190.7803,91193,136.6,251,134.24,115.4987,54.7135,478
281,189.9356,91359,133.1375,251,131.67,115.214,55.2427,481
282,189.5207,91349,136.0625,268,134.77,114.9418,55.0473,482
283,190.4549,92942,132.325,240,132.56,115.6703,54.9882,488
284,191.6091,92164,135.9,244,134.41,115.0861,55.0896,481
285,189.9795,92710,132.4625,248,130.79,115.0912,55.1142,488
286,189.9582,90990,133.6875,249,133.1,115.0709,54.9777,479
287,192.1123,90677,132.6875,276,132.63,115.3605,54.6315,472
288,190.1271,91261,133.1125,244,133.14,115.164,54.9126,480
289,190.937,90886,135.1125,248,133.69,115.2851,54.6982,476
290,191.5504,91178,133.45,245,133.73,115.6723,54.6753,476
291,190.6173,92640,131.9375,240,132.93,115.2301,55.1274,486
292,191.3408,94331,132.6125,247,132.77,114.64,55.0993,493
293,190.309,91158,133.5125,242,134.51,115.0042,55.5759,479
294,193.0438,92661,135.4375,257,133.18,114.9286,55.4045,480
295,190.5732,91094,133.725,236,132.41,114.9492,54.9689,478
296,191.2078,92927,131.8125,251,133.32,115.1878,55.3353,486
297,190.5464,90319,135.625,248,134.28,115.1021,55.0266,474
298,190.8361,91983,134.1125,250,132.82,115.0669,55.3506,482
299,191.4184,91498,134.525,245,132.88,115.0067,55.104,478
300,189.5833,93275,134.775,250,133.16,115.1005,54.9307,492
301,188.9719,94108,133.5875,253,133.23,115.9076,54.2636,498
302,189.405,90725,134.8,243,132.9,115.4856,54.6609,479
303,189.5634,94213,135.375,250,134.85,115.3069,54.9719,497
304,189.9597,89471,133.425,236,133.69,115.3286,55.2591,471
305,189.9407,89652,135.3875,239,133.9,115.5539,55.0069,472
306,190.2789,92095,134.6875,248,133.01,114.924,55.2356,484
307,189.8875,89437,134.2375,241,134.45,115.2652,55.0936,471
308,190.3235,90594,137.4375,262,134.52,115.1311,55.0913,476
309,190.1723,89381,135.5,237,131.98,115.4798,55.0238,470
310,188.7449,91730,135.7375,246,132.74,114.6973,55.5121,486
311,189.9546,92128,133.4,241,134.34,114.6102,55.1381,485
312,189.3958,89963,135.75,245,134.11,115.6282,55.0073,475
313,191.1019,91920,134.4625,236,133.83,115.441,55.0266,481
314,189.9196,92111,132.9125,241,132.86,115.0423,55.3806,485
315,190.4588,90087,133.975,250,134.2,115.4856,55.1309,473
316,190.8538,90083,134.0625,240,134.38,115.0152,55.1481,472
317,190.1367,93167,134.7,237,133.25,114.9069,55.5532,490
318,188.6512,89232,133.9375,240,134.08,114.7594,55.1959,473
319,189.9106,91347,135,234,134.4,115.8749,54.9479,481
320,189.4125,90918,134.9375,251,133.88,115.2603,55.7495,480
321,188.6463,89607,133.0375,245,131.12,115.6328,55.5494,475
322,189.0297,89033,134.2125,262,132.16,115.1359,55.3469,471
323,189.5735,90237,135.8875,237,134.01,115.438,55.6567,476
324,188.1975,91464,134.675,235,133.5,115.3143,55.3195,486
325,187.7521,90872,134.9375,232,133.36,115.1469,55.6322,484
326,187.8833,90184,135.625,229,132.51,115.379,55.6043,480
327,188.0638,91399,134.2,240,132.58,115.7354,54.8447,486
328,189.6414,89890,134.9375,246,133.59,115.5368,54.873,474
329,188.952,90508,133.3375,242,132.96,115.8203,55.1862,479
330,189.0362,88847,134.5625,236,133.36,115.0681,54.9679,470
331,188.6126,89591,134.375,235,133.13,115.6889,55.1899,475
332,187.5955,92297,134.55,240,133.6,114.8546,55.6409,492
333,189.4165,89594,132.8125,233,133.89,115.5743,55.7291,473
334,189.592,89677,133.5625,241,134.14,114.9136,55.9181,473
335,187.6377,90629,132.8375,248,132.95,115.39,54.9295,483
336,186.0827,92297,132.3375,246,132.52,115.7777,54.767,496
337,189.0976,94927,132.525,252,132.63,115.6976,55.3658,502
338,187.2416,89127,133.1625,242,134.49,115.7235,55.5379,476
339,189.0989,89822,136.0125,238,134.03,116.0711,55.3951,475
340,187.7867,90701,135.875,249,134.77,115.5317,55.3166,483
341,188.0445,88757,135.65,238,134.18,115.4429,55.1921,472
342,190.3602,91944,133.4625,245,134.03,115.3525,55.8099,483
343,187.7106,94043,135.3,248,133.66,115.7191,55.6156,501
344,188.8471,91402,135.7375,234,134.28,115.0113,55.1691,484
345,187.5212,88510,134.75,236,133.37,115.3835,54.9718,472
346,187.2975,88779,133.6375,237,133.14,115.4084,54.9206,474
347,187.5714,91910,133.6625,244,133.11,115.4827,55.0489,490
348,188.9201,92193,136.6875,234,134.65,115.9319,55.2752,488
349,187.7186,94047,134.9125,240,134.23,115.8558,55.2032,501
350,189.0352,91304,135.1875,243,133.56,115.6309,55.1614,483
351,188.2342,89223,134.45,233,133.06,115.6655,54.965,474
352,186.2414,92562,131.9375,238,131.27,115.6826,55.0081,497
353,187.9556,88903,133.575,245,132.49,116.4391,55.1056,473
354,189.403,89777,135.1125,239,133.9,115.5925,54.7013,474
355,189.0105,89780,134.6875,232,134.04,115.6717,55.1524,475
356,187.5373,90393,134.8875,239,132.36,115.0495,54.5915,482
357,189.4643,90185,135.2625,240,134.13,115.3319,54.7432,476
358,189.2421,89890,132.6625,245,132.58,115.7471,54.9404,475
359,188.7899,89864,134.3375,247,132.33,115.3332,55.4458,476
360,189.0717,94914,134.275,233,133.62,115.3852,55.3984,502
361,189.2851,91614,132.425,238,132.23,115.2336,55.1372,484
362,190.2695,92471,136.5375,249,134.13,115.6851,55.312,486
363,188.6749,91130,135.8125,243,135.08,115.7375,54.8242,483
364,189.3362,88988,135.2,240,134.48,115.8703,55.2628,470
365,190.5228,91832,136.7375,244,135.04,115.6136,55.1572,482
366,189.9252,91354,136.4375,250,134.63,115.5517,55.2092,481
367,190.9234,89734,135.4125,259,133.49,115.3108,55.1071,470
368,189.089,89250,134.75,239,134.24,115.2649,55.2784,472
369,188.2453,89793,136.7125,242,133.8,116.1901,54.9824,477
370,188.7319,88704,134.8,241,132.39,115.5808,54.2908,470
371,188.8252,92902,133.825,239,133.94,115.6319,55.1066,492
372,190.5244,89737,134.7625,237,133.63,115.4786,55.2028,471
373,190.1741,89572,133.9375,254,133.17,115.5026,54.8314,471
374,187.9051,93013,133.7625,239,133.46,115.8371,54.785,495
375,187.8065,93152,133.1625,242,133.47,115.7766,54.4997,496
376,188.3758,90232,133.425,244,132.45,116.5775,54.1675,479
377,188.0106,88741,134.075,248,131.4,116.0046,54.2139,472
378,189.3242,89929,135.5125,237,134,115.296,55.2532,475
379,188.0189,89685,134.8,235,132.57,115.2007,55.2919,477
380,187.7842,90512,134.0375,243,132.36,115.8788,54.6911,482
381,187.7596,92941,132.9,239,132.74,116.3273,54.7043,495
382,187.3191,92161,134.1125,233,132.39,115.5528,54.8867,492
383,189.2965,90673,135.025,235,133.78,115.3707,54.999,479
384,187.7652,89564,133.6875,233,132.57,115.7423,55.1036,477
385,188.4468,90266,136.275,240,134.34,115.4043,55.0125,479
386,188.5899,89203,134.525,240,132.54,116.1954,55.11,473
387,188.4706,92916,134.4375,237,132.94,116.0374,55.0686,493
388,189.3064,91435,135.05,242,133.12,116.0789,54.3861,483
389,188.8933,90291,136.4875,245,134.41,116.4249,54.42,478
390,189.3671,89760,135.3625,232,134.12,116.0637,55.1007,474
391,187.7754,88630,135.55,232,132.49,116.1988,54.5811,472
392,191.3872,89952,134.9125,239,133.67,116.2058,54.5555,470
393,189.4488,92451,134.175,241,132.13,116.1779,54.2448,488
394,187.938,93969,134.775,241,133.87,115.9461,54.1172,500
395,189.6222,92346,133.425,242,132.49,117.2119,53.9398,487
396,187.2423,91187,135.9,230,131.74,116.1992,54.1059,487
397,188.9959,91663,133.2,241,132.41,115.7246,54.7487,485
398,190.8,91584,132.5625,242,134.12,116.1326,54.938,480
399,188.25,89607,133.2625,245,133.06,115.3033,55.5673,476
400,191.2399,90074,134.1875,238,134.02,115.1154,55.4449,471
401,189.7975,91862,135.975,248,134.39,115.1198,55.3196,484
402,190.4897,92578,134.425,241,133.78,114.7544,55.2458,486
403,188.5927,92599,134.6,259,133.38,114.9005,55.3452,491
404,190.1392,90126,135.45,271,135,114.4799,56.2895,474
405,188.5031,90293,133.325,249,131.42,113.969,56.1967,479
406,189.8975,90771,134.95,235,133.62,114.7574,56.225,478
407,189.1554,92497,132.2125,240,130.97,114.5887,56.454,489
408,189.7158,90115,135.1875,253,134.54,114.2762,56.2795,475
409,189.0789,93405,135.1375,240,134.15,113.89,56.6156,494
410,190.0743,89525,133.65,248,133.48,114.169,56.3349,471
411,190.8602,90086,135.4125,262,133.95,113.6045,57.3423,472
412,191.4283,90737,134.1875,247,133.81,113.4824,57.0639,474
413,190.8671,90471,134.15,250,132.95,113.4043,56.4758,474
414,189.3588,89188,132.125,260,130.95,113.5786,57.1525,471
415,190.5053,90109,134.75,239,134.56,113.1784,56.755,473
416,189.728,90690,134.6375,245,133.62,113.012,57.32,478
417,190.249,91700,136.475,239,134.84,112.8075,57.7144,482
418,190.1809,89385,133.075,247,132.78,112.7635,57.4871,470
419,190.4938,92199,134.2375,249,133.4,112.5469,57.4817,484
420,189.6968,90106,136.95,240,136.05,113.2728,57.3253,475
421,190.3478,91938,135.975,241,135.24,112.7592,57.3439,483
422,189.1797,89482,132.425,237,132.58,112.8578,57.7198,473
423,189.3093,89354,133.925,246,133.18,112.4175,57.1033,472
424,190.066,92182,135,239,134.42,112.9893,57.4474,485
425,189.501,90771,132.8125,247,133.4,112.2984,57.1795,479
426,190.3006,91154,134.95,243,134.74,112.0997,56.8056,479
427,189.0227,91676,133.6,256,133.58,112.2118,57.392,485
428,189.144,93248,132.775,250,133.06,113.0292,57.2771,493
429,189.7515,92409,135.4,260,134.62,112.9535,57.6256,487
430,189.4186,89595,131.7625,253,132.38,113.2351,57.6592,473
431,191.2712,90280,134.825,244,134.91,112.9368,57.6664,472
432,190.0103,91965,132.125,241,131.67,112.6874,57.9359,484
433,190.8592,92185,133.8125,250,133.52,112.5125,57.7171,483
434,190.5876,92435,134.0375,249,133.8,112.8027,57.4735,485
435,190.8312,90454,136.05,251,135.11,112.3795,57.4498,474
436,190.6152,90161,133.925,233,133.8,112.1507,58.0543,473
437,189.2016,91952,133.525,241,132.45,112.1774,58.024,486
438,191.0106,89775,133.45,258,133.51,112.5253,58.1282,470
439,193,91675,135.575,240,134.64,112.2957,58.2156,475
440,191.9498,95591,134.55,253,133.9,111.7156,58.3821,498
441,192.7906,93889,135.8625,242,135.75,111.1721,58.5062,487
442,191.7484,92231,135.1125,251,135.2,111.0189,59.1932,481
443,191.034,89786,134.2125,252,133.28,110.6003,59.839,470
444,192.2764,91139,132.625,245,133.09,110.2002,59.7779,474
445,193.5414,91158,135.7125,245,135.91,110.1775,60.2659,471
446,192.2881,92106,135.3,248,134.03,110.0963,59.9081,479
447,194.9021,91604,135.2,270,135.42,109.7997,60.1747,470
448,192.9328,94730,135.925,248,135.91,109.9472,59.7735,491
449,192.0807,92775,134.4125,268,135.26,109.878,59.4263,483
450,195.0575,94993,133.85,270,135.7,109.7998,60.3098,487
451,194.6268,92837,133.25,246,134.19,109.1161,60.4678,477
452,194.4033,94480,136.675,248,137.15,109.1318,60.8692,486
453,194.6111,94581,134.4625,252,135.17,108.847,60.8547,486
454,195.0921,93254,131.0375,252,132.44,108.9803,60.4995,478
455,194.3008,91710,134.45,256,137.08,108.8813,60.7899,472
456,192.7464,93482,133.7875,247,134.19,108.893,61.4786,485
457,193.7826,93597,136.65,250,135.46,108.4317,61.395,483
458,193.0788,93064,132.5125,263,134.72,108.9163,61.1282,482
459,191.5031,92113,132.425,259,135.42,108.9651,61.462,481
460,192.8313,93716,132.5625,252,134.69,108.6935,61.2105,486
461,191.0611,96868,132.65,253,133.38,109.2343,60.6618,507
462,191.417,92263,132.7625,252,134.83,108.9724,60.8014,482
463,191.6858,90284,132.775,248,135.33,108.691,61.0039,471
464,192.2797,90756,132.1375,241,134.94,108.9601,61.0704,472
465,191.4559,93239,132.125,242,133.22,108.8458,61.1684,487
466,191.1258,92696,133.4125,253,133.68,108.6055,61.3414,485
467,192.3061,94230,134.6875,249,136.25,108.877,61.1725,490
468,192.7056,95582,133.3125,259,136.6,108.5899,61.6101,496
469,190.3237,91736,132.8,250,133.38,108.9664,61.222,482
470,191.2304,90452,133.1125,247,133.19,108.8188,61.5542,473
471,191.7104,90679,133.775,256,134.39,108.5409,61.3361,473
472,191.4483,92661,134.8625,244,134.52,108.4529,61.5246,484
473,189.9271,93824,132.725,258,135.09,108.9193,61.6145,494
474,189.8333,93398,132.4625,245,134.68,108.6267,61.1637,492
475,192.174,91667,133.9125,249,133.05,108.6823,60.7698,477
476,190.5553,91276,133.55,267,134.49,109.0251,61.002,479
477,190.3096,93442,134.1375,246,133.63,109.1652,61.2341,491
478,191.4473,90746,133.175,233,134.89,109.2842,60.9281,474
479,192.3663,93490,135.3875,244,135.07,109.2164,60.6588,486
480,192.8649,92768,134.1,256,133.51,108.8553,61.2669,481
481,192,90816,132.5,235,134.23,109.6865,61.548,473
482,191.9224,91547,132.5125,258,134.03,108.8728,60.8547,477
483,191.8551,94009,133.4,250,134.4,108.9862,61.3696,490
484,191.299,94693,132.775,261,133.68,108.8052,61.1505,495
485,192.0599,92957,132.3875,253,134.62,108.8134,61.7558,484
486,190.7686,92332,134.425,241,135.22,109.1691,61.043,484
487,192.2872,93067,134.225,249,133.33,109.3026,61.044,484
488,191.5094,92116,134.0875,250,134.83,108.9431,61.6265,481
489,191.9917,92156,134.9375,248,135.55,108.9001,61.2925,480
490,191.5021,92304,134.5,246,132.96,108.9669,61.5237,482
491,192.5265,90680,133.6625,255,135.82,108.7297,61.1548,471
492,191.4969,91727,134.375,252,133.22,108.6532,61.3982,479
493,190.3704,92520,133.475,241,134.32,108.4236,61.3835,486
494,192.1527,91849,133.3,245,134.79,108.5465,61.6711,478
495,191.2945,90291,134.2125,248,135.58,108.2965,61.841,472
496,191.3466,91655,134.925,245,134.44,108.938,61.2188,479
497,191.8824,91336,134.8,260,136.02,108.6335,60.9786,476
498,189.8623,95121,132.925,245,134.78,108.8445,60.9585,501
499,189.7049,92576,131.8375,254,134.47,109.0695,60.9236,488
500,190.039,92549,133.4375,248,133.2,109.0297,60.9341,487
501,191.0403,90171,134.4,259,134.97,108.9194,61.0954,472
502,190.1189,89546,135.225,259,135.87,108.6495,61.2868,471
503,190.4526,90465,134.1375,242,134.84,108.5314,61.4362,475
504,190.4385,92934,133.725,238,134.72,108.8546,60.9447,488
505,189.185,90998,132.375,235,134.12,109.1225,60.9874,481
506,188.0505,93085,132.1,251,133.68,108.4887,61.7436,495
507,189.4113,90728,135.1875,238,135.06,108.6425,61.1099,479
508,190.589,89958,134.6375,243,135.92,108.6508,61.4529,472
509,191.4609,90561,135.575,245,135.91,108.3095,60.7623,473
510,189.9532,89278,132.6625,245,135.06,109.2872,61.162,470
511,188.5922,92033,133.1875,244,134.36,109.0873,61.0296,488
512,189.9851,89483,134.85,252,135.01,109.0403,61.1986,471
513,190.7043,89631,133.9,243,134.83,109.3371,61.7426,470
514,189.7681,89191,133.7125,241,133.55,108.4939,61.2455,470
515,189.1882,89486,133.05,246,133.56,108.8639,61.2357,473
516,189.4226,90544,133.7,255,133.69,108.263,61.4067,478
517,189.2377,92348,131.725,250,133.68,109.1056,61.6367,488
518,190.0531,93126,133.7625,255,133.1,108.962,61.3371,490
519,191.3715,90136,134.85,251,135.74,109.0611,60.5522,471
520,188.6219,91293,132.15,241,133.98,109.0373,60.435,484
521,190.3716,91188,132.9375,266,134.87,108.9844,61.495,479
522,189.4612,90373,134.025,256,134.13,108.8703,60.6267,477
523,190.3642,92517,132.2625,247,133.32,108.9333,60.6927,486
524,191.2769,92578,134.2,251,136.1,109.2803,60.7823,484
525,190.4412,92364,135.5125,247,133.99,108.994,60.7784,485
526,189.8361,91501,133.925,240,135.42,109.0239,61.0669,482
527,190.2558,89991,134.85,238,134.32,109.0345,61.0041,473
528,189.9076,94574,134.625,248,133.43,109.2899,61.0915,498
529,190.1083,89541,133.45,251,132.38,109.3927,61.1842,471
530,191.0338,90359,135.025,248,135.29,109.5259,60.3827,473
531,190.6921,89816,134.075,246,135.07,109.4852,61.1999,471
532,190.5227,92213,132.9,244,132.39,109.1295,61.1161,484
533,189.2965,90673,135.375,240,135.3,109.0886,61.1539,479
534,189.8129,91300,134.4625,235,135.03,109.4674,61.0296,481
535,188.9116,89733,135.3375,245,136.08,109.5283,60.3434,475
536,189.2905,89913,134.0625,251,133.6,109.5837,61.0045,475
537,188.5167,90488,133.9375,248,134.32,109.4757,60.782,480
538,187.6447,88193,132.6375,235,134.12,109.8072,61.0338,470
539,188.7209,89265,134.6125,232,134.61,109.1337,61.1933,473
540,189.4491,91125,131.575,254,133.28,109.3131,61.0186,481
541,187.8182,90904,134.5375,240,134.13,109.5802,60.8343,484
542,189.4752,91706,134.5125,246,134.69,109.7082,60.5891,484
543,189.5106,89070,133.475,244,134.02,109.3431,61.2032,470
544,189.0613,89426,134.5125,235,134.14,109.7715,61.0839,473
545,189.1979,91761,135.475,239,133.37,109.3255,61.0753,485
546,188.8447,88757,135.2375,244,134.24,109.4275,61.2496,470
547,189.6295,90074,134.4125,239,135.59,109.5587,60.9531,475
548,189.6798,95978,133.2625,238,133.73,109.8668,60.6115,506
549,189.2393,92538,134.9375,239,133.84,109.6973,60.8432,489
550,189.5853,90053,135.4125,260,135.61,110.4488,60.7706,475
551,188.4327,92332,133.35,240,134.27,109.7724,60.2394,490
552,189.4004,90344,133.3375,250,135.06,109.702,60.8244,477
553,189.0063,89400,133.8875,237,132.52,109.0374,60.9211,473
554,189.325,90876,132.0375,249,134.31,109.7286,60.6909,480
555,187.836,95045,134.925,243,135.07,109.4902,60.8394,506
556,188.6462,89041,133.5875,248,134.14,109.7372,61.0755,472
557,188.9049,93319,136.3125,239,133.72,109.3781,61.2541,494
558,187.5131,92819,133.75,259,134.91,108.7671,61.4218,495
559,188.8063,89683,135.2,238,135.59,109.8954,60.8288,475
560,188.3445,89652,133.4375,261,134.61,109.7343,60.969,476
561,189.3411,89369,133.425,251,134.57,109.6432,61.017,472
562,188.4337,89506,135.65,253,134.02,109.4646,60.6989,475
563,187.4641,91295,135.5875,248,134.78,109.753,61.0265,487
564,189.7532,89184,132.5625,244,133.42,109.6105,61.2366,470
565,189.9627,91562,134.6375,249,134.49,109.5264,60.5053,482
566,188.202,93160,134.125,238,133.34,110.0095,60.8834,495
567,188.6515,90930,135.5875,241,134.27,109.4601,60.526,482
568,188.8081,93460,134.0625,254,133.51,109.8283,61.3094,495
569,187.5667,90032,134.7875,235,133.1,109.9953,60.9272,480
570,187.9098,91700,134.2625,232,133.59,110.1129,60.6659,488
571,189.6394,90458,135.5,248,134.59,109.6793,60.8838,477
572,188.93,91820,134.1,238,134.06,109.7002,60.6648,486
573,188.7421,89275,132.35,237,132.19,109.3806,60.765,473
574,189.1495,89846,134.5375,236,133.07,109.5255,60.9005,475
575,188.0311,90819,134.425,244,135.21,109.9639,60.547,483
576,188.0431,91577,133.825,244,134.08,109.5441,60.9342,487
577,189.4852,89816,135.375,254,135.37,110.1243,60.3471,474
578,187.5984,91548,133.275,244,134,109.9365,60.2794,488
579,189.2087,91577,134.15,240,135.14,109.9639,60.4981,484
580,188.8667,93489,134.55,230,135.23,109.5715,60.452,495
581,187.5427,92271,134.675,240,136.02,110.0637,60.6367,492
582,188.6298,88656,133.8125,241,132.48,109.7402,60.6694,470
583,188.3897,91369,134.9625,241,136.01,109.3445,60.7198,485
584,190.1653,92040,135.7625,247,135.49,109.7848,60.7925,484
585,187.8532,89606,133.7375,245,134.15,110.1069,60.8222,477
586,188.4442,91207,136.7125,235,133.95,109.6989,60.4736,484
587,188.8833,90664,133.8875,241,135.51,109.6877,60.6992,480
588,189.0531,89044,135.725,252,134.4,109.9558,60.3694,471
589,188.4785,96501,133.475,245,132.92,110.5007,60.082,512
590,188.673,89997,133.4875,247,134.24,109.8478,60.5747,477
591,187.7579,89185,132.8125,247,133.57,110.1885,60.0477,475
592,189.6144,89498,133.7,237,134.64,110.0688,60.9917,472
593,189.1853,89863,136.0875,236,135.81,110.2101,60.8751,475
594,188.1102,90481,135.7125,233,136.49,109.7928,60.6371,481
595,187.8889,91314,134.875,259,134.23,110.3166,60.5215,486
596,188.7934,91376,136.0125,239,135.77,110.1112,60.6911,484
597,187.7642,92380,133.925,241,134.93,110.0055,60.6102,492
598,187.7583,90124,134.8375,234,134.46,110.2942,60.4239,480
599,187.5945,88357,133.425,240,132.72,109.8585,61.1026,471
600,187.2962,94210,135.7375,240,134.41,109.8792,59.9127,503
601,188.1772,89196,132.8875,242,132.99,110.7667,59.7648,474
602,187.2422,89689,133.8625,245,134.29,110.0186,60.8954,479
603,186.8143,91539,135.45,245,135.54,110.3424,60.636,490
604,188.5612,92395,132.175,247,134.25,110.9053,60.3769,490
605,188.7495,91166,134.275,238,134.69,110.1462,60.7641,483
606,188.4465,89889,134.1125,242,133.65,110.4949,60.0684,477
607,187.499,92812,133.6625,245,134.84,110.6383,60.1022,495
608,189.9052,92104,134.7,234,133.91,110.472,60.0087,485
609,188.124,91052,135.875,261,134.77,110.3078,59.9683,484
610,188.3807,91553,135.075,238,135.73,110.2977,60.3266,486
611,188.1704,92768,134.7125,243,134.36,110.6591,59.8834,493
612,188.2874,93014,132.95,240,134.17,110.2818,59.7987,494
613,189.2788,90286,135.275,246,135.04,110.4398,59.9364,477
614,187.5556,91152,132.8875,249,132.83,110.4434,59.5663,486
615,186.9167,89720,133.9625,235,133.56,110.2748,60.5139,480
616,189.0849,91328,134.2375,255,134.03,110.1427,60.7123,483
617,188.5506,89373,136.925,261,135.07,110.9025,59.5434,474
618,187.6,89110,134.1375,238,133.57,110.628,59.5035,475
619,189.6681,89144,135.825,240,135.92,110.6384,59.8749,470
620,188.569,90136,134.8625,252,134.01,110.9178,59.6793,478
621,189.0021,89398,133.875,236,134.08,110.9021,60.0192,473
622,189.9875,91194,134.7,245,135,110.3209,60.2554,480
623,188.3859,90802,132.6875,249,133.34,110.4192,60.3477,482
624,187.2091,90422,136.25,243,136.07,110.8009,60.088,483
625,188.5303,90306,136.1,243,134.34,111.184,59.1414,479
626,189.722,91446,135.375,239,134.89,110.5143,59.7606,482
627,190.121,89547,135.4125,238,135.02,110.6113,59.8487,471
628,190.0779,90287,134.6625,247,135.18,111.1054,59.0274,475
629,188.7412,91162,134.2,233,133.59,110.5521,60.0321,483
630,188.6258,92238,133.7875,253,134.17,110.854,59.984,489
631,189.2357,89130,134.05,243,134.43,110.7193,60.4184,471
632,188.4387,90639,134.7,241,132.68,111.1116,59.7442,481
633,189.0356,90170,133.9125,244,132.99,110.5737,59.775,477
634,189.3734,89763,133.9125,240,132.8,110.4307,60.0405,474
635,188.4936,88592,134.175,249,133.66,111.4592,59.355,470
636,188.3415,92099,132.85,244,132.99,111.2759,59.5589,489
637,188.758,88905,135.3125,242,135.57,110.1854,59.7719,471
638,188.0779,91782,134.45,237,133.69,110.3898,59.5795,488
639,188.3174,90769,134.925,233,135.54,110.8916,59.5277,482
640,188.0658,88579,131.6875,241,132.49,111.4001,59.3631,471
641,188.6519,89421,135.0375,236,134.56,110.6488,60.2051,474
642,187.4157,93333,135.1375,243,133.4,110.0722,60.1182,498
643,188.1266,89172,135.3875,244,135.07,111.0511,59.9842,474
644,187.2763,90829,135.425,247,133.75,111.0685,59.4391,485
645,186.8058,96205,134.275,238,132.86,111.3033,59.0987,515
646,187.8431,89789,133.85,248,133.7,111.0167,59.2614,478
647,188.5,91234,134.5375,234,133.74,110.9377,59.7471,484
648,188.1509,93511,134.9375,244,134.44,110.6629,59.9211,497
649,189.9064,89256,135.0875,235,134.92,111.2336,59.4315,470
650,188.917,88791,135.4125,237,134.31,111.1428,59.0578,470
651,188.087,90846,133.375,245,132.7,110.9522,59.7347,483
652,189.3688,90897,134.2875,263,134.45,111.0158,60.0522,480
653,190.0509,93315,136.8875,242,135.45,110.9579,59.5546,491
654,189.275,90852,133.325,244,134.15,110.5672,59.5413,480
655,189.587,90433,133.5625,240,133.4,110.9365,59.1527,477
656,188.5691,91456,132.275,245,133.25,110.9917,59.4182,485
657,188.2381,90919,134.7625,238,135.44,111.2156,59.2395,483
658,190.0738,90095,135.8375,253,134.79,110.7625,59.6531,474
659,188.5588,89754,133.225,249,133.53,110.8281,59.3588,476
660,189.6096,90823,133.225,248,132.84,110.6925,59.9814,479
661,188.7008,90199,134.4,243,134.18,111.3411,58.8271,478
662,188.0689,90085,133.4375,241,133.26,110.2832,59.9872,479
663,187.6823,92152,134.15,257,134.8,110.9369,58.8357,491
664,189.1554,92497,133.4,255,134.95,112.027,59.0589,489
665,188.9687,90516,135.6,244,133.85,111.252,59.108,479
666,189.3185,93334,135.25,239,134.1,111.4084,58.908,493
667,188.9079,90298,133.725,233,134.62,110.9042,58.8687,478
668,188.4419,90829,132.6375,240,132.58,110.4491,59.4441,482
669,188.3032,89444,133.825,256,134.11,111.0026,59.5396,475
670,190.9408,90315,133.7375,256,133.46,111.2617,59.5587,473
671,188.6771,90565,134.2625,250,134.19,111.1699,58.8552,480
672,188.3792,88915,133.375,234,133.52,111.6254,59.1975,472
673,189.4711,91704,136.75,241,135.97,111.1069,59.4132,484
674,189.4835,91710,133.4,248,133.63,110.6961,58.9656,484
675,187.8483,94112,133.775,247,134.75,111.5633,58.9847,501
676,188.8653,92544,133.425,240,133.38,111.0109,59.8743,490
677,188.0062,90995,137.0625,247,135.39,110.8577,59.9122,484
678,187.6951,92346,133.6,243,133.62,111.2511,59.2722,492
679,189.0493,92067,134.25,251,134.48,111.1922,58.729,487
680,188.6083,94870,134.5875,253,134.65,111.4308,58.7746,503
681,188.6593,94141,135.25,237,135.2,110.9227,59.4738,499
682,188.666,90371,132.9375,252,133.61,111.4353,59.5541,479
683,188.9131,93512,134.5875,243,134.82,111.4586,59.1427,495
684,188.8414,89322,133.7125,233,133.25,111.4011,58.4225,473
685,187.2587,91944,132.05,255,132.67,111.3783,59.1113,491
686,188.0231,89499,133.9,237,133.02,112.1788,59.0779,476
687,187.3216,90851,135.4125,238,134.88,111.6396,58.4946,485
688,189.1342,90217,135.3125,253,134.79,111.1879,59.2806,477
689,188.808,89495,136.0125,243,134.63,111.0618,59.6691,474
690,187.9746,88912,134.75,244,133.43,111.1838,59.4953,473
691,187.8396,90163,134.025,229,133.58,111.2732,59.3285,480
692,187.7048,93477,133.1125,239,133.37,111.3781,58.8425,498
693,187.9346,89081,134.9875,243,134.24,111.3995,58.8676,474
694,186.9545,90299,134.1875,235,134.07,110.7579,59.1358,483
695,187.2602,91383,134.4625,258,133.94,111.2478,58.9313,488
696,189.3062,90867,135.1625,243,134.89,111.3932,59.3517,480
697,188.272,92065,135.375,237,133.98,111.4043,58.5784,489
698,188.1622,90506,132.7875,239,131.99,111.8629,58.6628,481
699,187.4897,90745,133.7375,240,133.9,111.5842,58.7312,484
700,188.8511,88760,133.85,246,134.08,111.0321,59.4395,470
701,187.7244,89920,134.4875,238,132.05,111.6524,59.1902,479
702,188.1605,91446,133.5875,243,133.23,111.4347,59.0955,486
703,188.9517,89941,132.35,247,132.51,111.4147,59.2974,476
704,189.5116,89639,134.6625,246,135,111.4593,58.928,473
705,188.6957,91140,133.2,245,134.36,111.1238,58.6454,483
706,188.8407,90077,133.275,239,133.52,111.3651,58.6062,477
707,190.23,90169,132.8375,238,133.35,111.005,59.1357,474
708,188.1619,92952,133.6875,249,133.08,111.6094,59.3563,494
709,188.0713,92343,135.2625,243,133.54,112.1188,58.7509,491
710,188.9979,91475,134.725,240,134,111.6812,58.6862,484
711,188.5169,88980,133.15,238,133.48,111.4092,59.1421,472
712,190.3319,90027,134.4375,245,132.7,111.6841,59.1805,473
713,189.1375,90786,134.975,247,134.45,111.5364,58.4678,480
714,188.9775,92221,133.525,247,134.27,111.1809,58.9346,488
715,188.9833,90523,133.45,249,134.22,112.0222,58.6844,479
716,188.2238,89971,132.275,241,132.01,111.9084,58.8161,478
717,188.3877,88919,133.8625,238,133.28,111.8402,59.455,472
718,188.4454,91396,132.8375,232,131.97,111.2583,59.6164,485
719,190.2395,90554,132.5625,239,132.33,111.8338,58.3965,476
720,189.1903,89487,133.45,246,133.09,111.6363,58.2576,473
721,189.6674,90092,132.15,262,132.85,111.7875,58.462,475
722,189.6004,89681,131.6875,237,132.09,111.7643,59.026,473
723,189.9938,91387,135.4125,250,135.05,112.0153,58.4413,481
724,192.0338,90832,134.1375,250,133.56,111.5795,58.9229,473
725,189.2776,92746,133.2625,243,132.85,111.1976,58.9019,490
726,189.4563,95486,134.9,251,136.03,111.9604,58.9506,504
727,192.2238,93613,134.3375,256,134.33,111.8938,58.9797,487
728,192.2055,91682,134.45,262,133.91,111.8499,58.6881,477
729,192.2164,91495,134.1,256,134.56,111.6353,58.7646,476
730,191.766,90130,132.0875,252,132.14,111.7194,58.9738,470
731,191.7546,93768,134.275,250,133.84,111.8802,58.8303,489
732,190.6547,89989,133.1,244,133.2,111.4343,58.5843,472
733,191.1929,92155,134.4875,245,134.57,112.0145,58.5262,482
734,192.6131,91106,132.9375,251,132.8,112.1146,58.8424,473
735,192.7025,93268,133.4125,247,132.84,111.8512,58.5194,484
736,194.8277,91569,134.8,268,135.32,111.5629,59.1122,470
737,195.4544,92059,135.575,259,133.64,112.1888,58.7461,471
738,194.0903,92387,133.225,254,132.79,111.4929,58.4725,476
739,194.5063,92196,132.175,257,132.75,111.5615,58.9227,474
740,192.9347,94538,131.475,241,132.26,111.5167,58.9989,490
741,194.318,92884,134.0625,249,134.56,112.0481,58.6061,478
742,192.6283,95351,135.25,240,133.96,111.7624,58.302,495
743,193.7895,92050,133.8375,268,134.35,111.7387,58.4124,475
744,194.5702,92810,134,259,134.9,111.8363,58.688,477
745,192.9474,95316,132.8125,264,132.28,111.4946,59.302,494
746,193.4979,92492,133.9875,275,133.99,111.7422,58.4848,478
747,194.1213,92790,133.1875,248,132.87,112.0144,58.4011,478
748,194.8854,93545,134.4125,254,133.54,112.2437,58.2408,480
749,194.8431,93135,135.575,251,133.89,112.3327,58.4086,478
750,194.5393,91628,134.2125,261,132.93,111.7865,58.3169,471
751,194.6639,93828,131.9375,282,131.82,112.0825,58.043,482
752,195.0421,92645,135.5875,263,134.56,111.8088,58.5986,475
753,194.2225,91673,132.9125,255,132.81,112.1798,57.8719,472
754,193.5963,94475,131.7875,254,131.81,112.1708,58.529,488
755,192.7627,95032,133.8125,248,132.86,111.7315,58.7794,493
756,194.1327,95125,132.0875,248,133.04,112.0656,58.4366,490
757,194.9851,91838,134.55,257,133.95,112.125,57.9691,471
758,193.3196,93760,133.2125,249,132.81,111.7363,58.6499,485
759,194.6369,91674,133.975,253,134.23,111.9431,58.5432,471
760,195.277,92366,133.35,257,132.95,111.9246,58.083,473
761,196.4936,92352,134.15,264,134.19,112.3428,58.1967,470
762,194.6846,93838,133.4625,248,132.33,111.9626,58.3659,482
763,194.9832,93007,131.8625,258,131.31,111.7833,58.2725,477
764,194.4091,94094,132.75,252,132.49,112.1873,57.2172,484
765,194.4787,91405,133.45,254,132.74,111.8793,58.3362,470
766,196.1053,93150,132.3625,265,132.04,112.4959,58.3437,475
767,197.616,93670,133.4625,259,132.77,112.0075,58.5714,474
768,196.5439,93948,133.9625,254,133.1,112.2715,57.806,478
769,196.2065,95945,131.875,254,131.8,111.9636,58.6232,489
770,196.5081,97075,133.3375,263,132.98,112.5315,58.2437,494
771,197.0954,95000,134.6625,274,134.53,112.1421,58.208,482
772,197.814,93566,134.1125,263,133.09,111.928,58.4195,473
773,196.2972,92456,131.925,253,131.67,112.5086,57.8821,471
774,196.5869,92789,132.6125,258,133.09,112.1621,58.3379,472
775,196.4313,92912,133.925,253,133.92,112.1269,58.0357,473
776,194.5788,93787,133.2625,254,132.16,111.9594,58.3175,482
777,193.8316,92070,131.575,251,131.43,112.1751,58.0775,475
778,194.2775,91699,132.8375,266,132.23,112.3005,58.2627,472
779,193.9582,92906,133.3875,246,132.32,112.6371,57.7936,479
780,194.8473,93137,133.2,254,132.57,112.5834,57.8022,478
781,195.1803,93101,133.375,256,133.65,112.7132,58.2325,477
782,194.9439,93768,133.3125,266,133.66,112.67,57.7093,481
783,196.7206,93639,132.4875,261,132.27,112.3251,57.5608,476
784,193.315,91438,132.4875,256,132.64,111.9208,58.3004,473
785,193.4477,92468,132.7,256,132.73,112.406,58.3728,478
786,194.3231,95024,132.2,262,132.01,112.3433,57.918,489
787,193.7092,92593,129.9125,258,129.96,112.8113,57.8392,478
788,194.6126,92441,135.45,259,134.59,112.6995,57.5122,475
789,193.8053,95546,133.1,255,133.06,112.2345,58.2068,493
790,195.1559,93870,132.9625,263,132.03,112.3017,57.9301,481
791,197.5604,94829,132.575,251,133,112.3814,57.4872,480
792,196.2029,93785,132.75,259,132.64,112.2489,57.3551,478
793,198.2731,94378,130.8125,274,130.91,112.1623,58.1196,476
794,199.2562,95643,135.9125,267,134.91,112.694,57.3567,480
795,198.0455,95656,132.7125,266,132.95,113.0244,57.2511,483
796,198.8,97412,132.85,298,132.22,112.693,57.5593,490
797,199.3512,96486,132.9625,262,133.06,112.3189,57.0828,484
798,198.1857,93940,132.425,259,132.78,112.7252,57.6382,474
799,200.1684,95080,130.925,265,131.67,112.7189,57.8251,475
800,198.6667,94168,134.825,266,134.7,112.5997,57.4356,474
801,195.8894,93831,133.0375,255,132.9,112.8831,57.6703,479
802,195.5941,92516,133.75,260,133.19,112.6972,57.4401,473
803,195.1833,93688,131.6625,261,131.73,112.807,57.5557,480
804,195.0127,92436,131.325,243,131.12,112.9309,57.3035,474
805,194.241,91876,134.9125,259,134.47,112.8177,57.3549,473
806,193.504,95978,131.575,259,131.29,112.7406,57.6023,496
807,194.0638,91210,132.7375,257,132.64,112.408,57.9082,470
808,194.6639,92660,134.6125,259,134.56,112.2219,57.9122,476
809,192.0063,91971,133.35,254,132.71,112.779,57.9147,479
810,193.7738,91655,130.175,242,130.48,112.4049,58.2057,473
811,192.2688,92289,132.95,258,132.7,112.8652,57.7978,480
812,191.9148,92311,131.6625,256,131.79,112.7171,57.7849,481
813,192.0847,92969,132.85,248,132.96,112.3947,58.0348,484
814,192.3428,94825,133.3125,256,132.54,112.7945,57.8506,493
815,192.813,91779,132.25,252,132.66,112.5834,57.7424,476
816,193.0656,94216,133.4125,247,132.93,112.478,58.0667,488
817,192.9392,92032,133.2125,259,132.91,112.573,57.5295,477
818,190.4134,91208,133.1875,252,133.12,112.4053,58.6766,479
819,191.6247,91405,133.625,255,133.59,112.3842,58.067,477
820,191.2551,94480,133.5625,245,132.16,111.863,58.3124,494
821,191.6756,93346,134.475,252,135.19,112.4424,58.0711,487
822,190.8584,90276,132.0875,248,131.38,112.7341,57.9279,473
823,190.6518,89797,131.925,269,132.92,112.5426,57.3643,471
824,190.7878,90815,132.0875,241,131.73,112.8869,57.3003,476
825,190.1851,89387,132.4,254,132.31,112.995,58.0024,470
826,190.9748,90904,131.375,239,130.75,113.598,57.3415,476
827,192.3522,91752,133.2875,242,132.41,112.8177,57.5843,477
828,190.2996,95911,133.9375,243,133.21,112.74,57.3674,504
829,193.3555,93004,134.525,244,133.97,112.953,57.8081,481
830,192.6936,93071,130.5,241,130.99,112.8626,57.9623,483
831,192.2702,90367,133.4625,243,133.48,112.7568,57.1356,470
832,193.1884,93310,132.5875,240,132.32,113.1375,58.1308,483
833,191.2552,91420,134.275,259,133.15,112.68,58.0203,478
834,193.3507,92615,133.975,254,133.18,113.1203,57.4919,479
835,193.1118,91535,132.1375,250,131.11,113.3273,57.1826,474
836,193.4675,92284,134.525,255,133.18,112.5869,57.694,477
837,192.9106,90668,131.5,260,131.99,112.611,57.7062,470
838,193.4283,94393,132.975,257,132.63,112.6621,57.6594,488
839,193.1501,91360,132.5625,254,132.02,113.0121,58.118,473
840,191.9306,94046,132.7875,254,131.35,112.3611,57.5848,490
841,192.7421,91167,132.0625,257,131.97,113.1476,57.6466,473
842,191.9372,94817,135.1,253,134.23,113.1755,57.4291,494
843,191.5455,92708,134.825,241,133.75,113.3201,57.6704,484
844,191.6758,91046,132.175,260,132.06,112.9076,57.5334,475
845,190.4477,91034,133.5375,239,133.87,112.8653,57.3212,478
846,191.8671,93823,133.35,250,133.7,113.1316,57.5167,489
847,191.792,91293,135.3375,253,134,112.4375,57.317,476
848,192.2622,90940,132.925,247,132.92,112.5256,58.2537,473
849,189.0837,90382,133.9,247,131.95,112.6612,57.5987,478
850,190.2349,91503,133.4375,257,133.54,112.5512,57.7444,481
851,190.1921,92053,132.5375,252,132.22,112.9471,57.8743,484
852,190.5234,89546,133.0875,265,132.77,113.3992,57.0746,470
853,190.0713,90664,133.475,254,132.56,112.8351,57.8357,477
854,189.2936,88968,132.625,243,132.24,113.3369,57.4404,470
855,189.2654,91983,134.3,238,133.24,112.9774,57.5986,486
856,189.9588,92130,133.2875,262,133.07,113.2302,57.773,485
857,189.7869,95273,134.1625,251,133.83,112.6344,57.648,502
858,190.2905,91720,134.1125,244,133.81,112.911,57.8058,482
859,189.8536,92079,131.5375,244,130.88,112.4277,57.8879,485
860,190.1943,93956,133.35,255,133.12,112.9911,57.3368,494
861,190.3198,93447,132.9125,255,132.5,113.6887,57.3232,491
862,190.0693,90473,134,260,132.24,112.6783,57.5758,476
863,191.1062,90011,132.2625,248,132.19,112.5353,57.963,471
864,191.1947,93303,131.9125,256,132.35,112.8978,57.4926,488
865,190.4306,91978,133.275,253,132.41,113.1614,57.0804,483
866,190.3082,95725,134.525,253,132.87,113.1669,57.4028,503
867,191.4259,91693,134.6125,238,134.06,113.1982,57.4554,479
868,192.1822,92824,135.6875,253,134.27,112.8501,57.457,483
869,192.1603,91084,134.25,261,133.61,112.7029,58.245,474
870,191.9896,92731,134.05,242,133.37,113.1408,57.3698,483
871,189.818,90733,132.85,240,132.14,112.759,57.927,478
872,191.1447,91176,132.15,239,132.82,113.2165,57.7503,477
873,189.8562,91131,133.575,247,132.52,112.7705,57.3594,480
874,190.5827,94529,132.8875,243,132.23,112.9501,57.3279,496
875,190.7149,89636,133.4375,249,133.26,113.5813,57.2563,470
876,188.4061,93261,131.1875,245,130.86,112.8034,57.4014,495
877,189.229,90073,133.7875,252,132.93,112.849,57.3137,476
878,188.0259,94201,131.5375,242,131.16,112.6717,57.6494,501
879,189.5563,89281,131.4125,238,130.93,113.1782,57.7753,471
880,188.8361,91019,134.4875,239,133.2,112.8953,57.4064,482
881,188.7832,89672,131.7375,266,131.44,112.9314,57.9063,475
882,190.4876,91815,132.8625,240,133.35,113.1672,57.4265,482
883,189.46,92267,132.675,239,131.77,112.327,57.8259,487
884,188.2924,88874,133.275,233,133.08,112.9857,57.9164,472
885,190.2836,90575,132.7625,240,132.9,112.7833,57.5969,476
886,188.4454,89700,129.65,249,130.04,113.3844,57.4538,476
887,188.8144,94596,135.2375,240,133.95,113.053,57.4013,501
888,188.7943,92698,134.8625,251,133.92,114.0694,57.639,491
889,189.2298,88938,133.425,241,131.63,113.5789,56.898,470
890,188.8592,89897,133.9125,234,133.96,113.7809,57.465,476
891,189.1773,94967,133.6125,259,133.04,113.2494,57.2615,502
892,187.6905,89153,134.0875,239,133.47,113.1289,57.5199,475
893,187.9499,93787,134.35,247,133.39,113.2535,57.9829,499
894,188.3659,90604,133.25,235,133.18,113.1277,56.9249,481
895,186.6729,90163,131.55,237,131.12,113.7034,57.2916,483
896,186.8845,93816,134.3375,240,133.66,113.3678,57.3216,502
897,188.5753,90139,131.9375,233,132.05,112.9833,57.6037,478
898,187.6321,92315,130.7625,247,130.06,113.3458,57.6037,492
899,188.1699,88628,132.875,244,132.04,113.5797,57.3326,471
900,187.5074,89066,133.8,243,133.01,113.6202,57.0891,475
901,187.3716,89751,132.25,240,131.52,114.1497,57.5101,479
902,188.7261,90966,132.5375,242,131.37,113.4813,57.5645,482
903,188.6946,90196,134.1875,252,133.19,113.1531,57.9871,478
904,188.0166,90812,133.75,250,133.08,113.202,57.894,483
905,187.5542,93402,133.1125,245,132.75,113.1755,56.8922,498
906,187.6342,88751,131.1875,239,131.23,113.5243,57.483,473
907,188.4149,88555,134.025,239,132.56,112.7936,57.5762,470
908,186.8109,88922,132.35,234,132.1,113.7983,56.9284,476
909,187.4072,88831,131.325,250,132.24,113.2596,56.9794,474
910,187.6528,90261,132.575,235,132.77,113.4107,56.9069,481
911,189.2032,94034,133.9,240,133.28,113.7141,56.9551,497
912,188.7064,91900,132,253,131.23,113.4357,57.6441,487
913,188.4772,90846,135.1875,244,134.2,113.2402,57.212,482
914,187.1976,92850,132.775,238,131.2,113.201,57.8513,496
915,187.8537,92424,131.1625,231,130.72,113.603,57.727,492
916,188.5116,89166,132.9625,259,132.08,113.626,57.0868,473
917,189.2225,91016,132.95,241,133.09,113.2597,57.1554,481
918,188.5233,88983,132.1375,244,131.45,113.3303,57.4278,472
919,188.668,90938,131.75,241,130.77,113.7159,56.8692,482
920,189.817,89214,132.025,258,131.92,113.9791,57.2706,470
921,188.1759,92018,134.475,246,133.81,113.5528,57.1993,489
922,189.954,90798,133.5375,256,133.1,113.0839,57.885,478
923,187.9068,90759,132.4125,238,131.47,113.5781,56.9693,483
924,189.4958,90200,131.0625,242,131.43,113.5681,57.3123,476
925,187.9273,93024,134.4375,245,132.96,113.3444,57.3457,495
926,188.1674,88815,130.475,252,128.97,113.4577,57.4298,472
927,189.1574,88904,132.6875,236,131.99,113.3954,57.3519,470
928,188.2752,89619,133.1625,244,132.53,113.5011,57.3934,476
929,189.257,94250,131.0625,259,130.82,113.7119,56.774,498
930,188.8723,88770,131.975,240,131.98,113.2143,57.5819,470
931,187.8532,88291,133.0375,245,131.79,113.4642,57.4383,470
932,189.5235,92677,133.7625,259,133.11,113.1069,57.4805,489
933,188.2624,91119,132.6875,243,131.59,113.6078,57.6673,484
934,187.474,90175,131.5375,235,131.36,113.6725,57.7545,481
935,187.7787,91636,133.5125,240,132.57,113.6571,57.1263,488
936,187.6721,92147,133.1,258,132.17,113.9073,57.0825,491
937,188.1367,92187,132.7,245,131.98,113.9268,57.006,490
938,189.0233,89219,131.8875,246,132.07,112.9755,57.3368,472
939,187.8004,93149,131.55,241,131.77,113.5863,57.4965,496
940,187.4088,89394,133.15,240,131.78,113.7686,57.2148,477
941,187.2679,91574,132.9,237,132.46,113.7114,56.9976,489
942,186.8392,90617,132.7875,246,133.08,113.3713,57.6012,485
943,187.2694,91762,133.0625,243,132.81,113.8823,57.7847,490
944,187.4633,89420,132.4875,245,132.14,113.4734,57.4845,477
945,186.7551,90763,131.9875,242,131.68,113.9802,56.7309,486
946,188.6528,90742,133.1125,246,132.24,113.771,57.7282,481
947,187.3493,90115,130.75,250,130.37,113.7108,57.8401,481
948,187.6045,92489,133.7875,246,133.25,113.9967,56.9782,493
949,187.5711,90972,132.025,243,131.89,113.368,57.178,485
950,185.9938,89835,133.925,243,132.91,113.76,57.6008,483
951,186.6855,89049,133.35,251,131.84,113.8303,57.6589,477
952,187.6143,89492,132.025,238,131.7,113.4677,56.5251,477
953,186.9582,89366,130.8,240,131.39,113.6773,56.8989,478
954,187.3718,89189,131.5125,245,130.57,113.4879,57.3455,476
955,187.9897,91175,132.525,238,131.58,113.7149,56.9276,485
956,187.0306,91645,131.625,238,131.86,113.4669,57.1307,490
957,187.1507,88148,133.5625,252,133.46,113.1951,57.2213,471
958,187.3608,90870,133.4125,237,133.34,113.6704,56.8683,485
959,186.7161,89437,132.0875,245,131.4,113.5756,57.0019,479
960,187.3711,90875,134.05,243,133.54,113.1426,57.5761,485
961,186.9511,87867,132.95,246,131.86,113.7983,57.2897,470
962,187.1566,93204,134.6375,241,133.31,113.9325,57.1417,498
963,186.0427,91533,131.3,262,130.48,113.7507,57.0636,492
964,185.8049,91416,132.0875,236,130.78,113.9534,56.8234,492
965,188.4144,89120,133.15,243,132.69,114.1178,57.545,473
966,187.673,89520,131.0375,253,129.87,113.5934,57.1363,477
967,187.8975,89815,134.3625,234,134.45,114.4173,56.9372,478
968,185.9448,90927,132.625,238,131.37,114.1215,57.2314,489
969,186.7628,91327,132,237,130.91,113.4178,56.9139,489
970,186.5547,92158,132.35,246,132.09,113.5445,57.9128,494
971,187.626,90811,134.2125,246,132.55,113.4654,57.1566,484
972,188.309,90200,133.4125,234,132.35,113.7654,57.1245,479
973,187.248,92126,132.6375,240,132.02,114.2621,56.7032,492
974,187.1776,91717,132.8,240,131.69,113.807,56.8482,490
975,187.3229,89353,131.45,242,131.15,113.4491,57.5063,477
976,185.7252,89891,133.925,237,132.7,114.0195,57.5576,484
977,188.6284,90353,133.75,240,132.09,114.0096,57.3702,479
978,186.9006,90273,133.5,232,132.13,113.7568,57.1277,483
979,186.5132,91578,130.7125,249,130.25,114.1825,57.0258,491
980,187.8103,91088,134.0875,253,132.65,114.3013,56.9109,485
981,187.4662,88859,133.7625,242,131.83,113.8903,57.2082,474
982,187.1014,90370,131.8375,246,131.7,113.9383,57.1167,483
983,187.4083,89956,132.9875,241,131.32,114.5075,56.5617,480
984,186.3306,91302,132.775,238,131.19,113.5429,57.3157,490
985,186.3811,90954,133.425,247,131.24,114.3278,57.6204,488
986,187.9286,89454,134.45,247,132.81,113.8958,56.2277,476
987,187.6797,91400,132.2625,241,131.57,114.2574,55.953,487
988,189.5584,89282,133.1875,249,131.98,113.9454,56.5751,471
989,188.5133,92183,130.7,246,130.42,113.5854,56.8613,489
990,187.8742,89616,132.1,237,131.8,114.5185,56.5648,477
991,188.5874,89579,131.2625,246,131.26,114.2205,57.0778,475
992,186.9919,92187,132.6875,245,130.99,113.9243,56.4779,493
993,188.1743,90700,131.7625,247,131.28,114.3991,56.3692,482
994,188.0504,89512,134.15,254,132.31,114.4518,56.6532,476
995,189.1795,90617,134.35,250,132.84,113.8891,56.1876,479
996,187.7967,90518,132,245,131.91,114.5353,56.0469,482
997,187.3483,91988,132.3,243,130.92,114.2353,56.9412,491
998,189.2,89870,133.25,250,132.06,114.4164,56.2517,475
999,187.4074,91080,132.375,252,131.38,114.6824,56.3241,486
1000,189.8323,89411,131.8125,242,130.87,113.9988,57.0299,471
1001,188.5198,90678,131.4625,255,131.08,114.3127,57.1119,481
1002,187.3663,91060,132.475,252,130.01,114.2462,56.7928,486
1003,188.1737,93146,131.65,256,130.6,113.9951,56.3574,495
1004,187.929,90018,130.2375,236,130.21,114.156,56.0837,479
1005,186.766,93383,132.05,260,130.58,114.5489,56.3693,500
1006,187.8996,89816,131.425,238,130.82,114.3137,56.5637,478
1007,188.1726,89382,132.025,243,130.91,114.3821,57.2145,475
1008,189.2525,93680,135.2125,246,133.56,114.4934,56.5298,495
1009,188.5996,89962,133.35,245,131.52,114.1215,56.2582,477
1010,189.4232,89976,132.875,251,132.26,113.721,56.5309,475
1011,189.9792,91190,131.5,239,131.5,114.2922,56.6813,480
1012,189.9813,91571,133.15,243,131.83,114.0904,56.9819,482
1013,190.8589,94666,134.1875,246,132.67,114.2837,57.2412,496
1014,190.0189,90449,133.225,247,132.32,114.0803,57.0022,476
1015,189.8643,90945,133.1125,234,131.61,114.163,56.6478,479
1016,188.8661,93111,131.6875,245,131.25,114.8408,56.3819,493
1017,189.5295,89837,131.0125,246,130.11,114.5887,56.3806,474
1018,189.5232,89834,133.2375,241,131.62,114.4378,56.4221,474
1019,189.7026,93144,132.2875,248,129.98,114.1451,56.5993,491
1020,190.5105,90683,134.2125,250,131.99,114.1171,56.7812,476
1021,189.0398,94898,131.2375,243,130.24,114.517,56.637,502
1022,189.0842,89815,133.2125,246,131.26,114.6205,57.1498,475
1023,189.7122,90303,132.75,247,131.61,114.641,56.3312,476
1024,191.926,90781,134.2875,247,133.81,114.4799,56.5874,473
1025,189.9812,91001,131.175,263,131.22,114.2245,56.8574,479
1026,189.9322,89648,132.425,246,132.13,114.5969,56.2915,472
1027,190.3682,90996,133.575,246,132.6,114.4665,56.3974,478
1028,190.6646,90947,133.675,252,131.75,114.2629,57.0436,477
1029,190.2651,91137,133.5875,237,131.7,114.3104,56.8125,479
1030,188.5083,90484,133.2875,262,131.89,115.0406,56.1633,480
1031,189.8837,89815,132.5625,245,131.66,114.3322,56.0842,473
1032,189.1449,92681,134.35,247,132.56,114.6325,56.5408,490
1033,190.1628,91088,132.925,247,131.86,114.1566,57.1336,479
1034,189.9936,89677,132.525,258,131.25,114.6249,56.5035,472
1035,189.9336,91548,132.15,249,131.46,114.4521,56.9754,482
1036,190.247,93982,133.625,257,131.49,114.8686,56.4346,494
1037,190.9748,91095,131.7375,253,130.55,114.574,56.2429,477
1038,190.6,93394,133.6875,248,132,114.4362,56.5646,490
1039,189.0882,90006,131.975,263,131.05,114.0119,56.4344,476
1040,189.4948,90389,130.425,251,129.78,114.4946,56.2408,477
1041,189.3132,90681,133.3,259,132.26,113.9855,56.8668,479
1042,191.0359,90551,132.875,262,132.75,114.4026,57.1175,474
1043,189.1854,90809,132.775,253,131.28,114.3962,56.8175,480
1044,190.4168,90448,132.2125,260,130.54,113.9993,56.7458,475
1045,191.5907,90814,130.7875,245,130.69,114.3961,56.8049,474
1046,189.0168,89972,132.4875,252,131.97,114.3949,56.7103,476
1047,190.7125,91542,131.8,256,131.31,114.2507,57.1072,480
1048,188.5,91611,133.275,247,132.37,114.1673,56.7688,486
1049,189.1353,89461,132.6375,240,132.13,114.2512,56.3208,473
1050,189.6245,89882,131.75,251,131.08,114.3794,56.4757,474
1051,189.3962,90342,132.225,247,131.47,114.5009,56.5579,477
1052,189.7941,90342,133.375,239,133.24,114.2516,56.8217,476
1053,188.373,91926,132.425,245,131.93,114.3634,56.1882,488
1054,189.6469,89703,133.075,250,133.23,115.1266,56.2415,473
1055,189.5216,91918,133.4,248,132.28,113.9204,56.6826,485
1056,187.5245,91887,132.05,255,131.93,114.4468,56.652,490
1057,187.979,89478,131.4375,238,130.76,114.5895,56.5038,476
1058,188.2058,90527,132.35,259,131.34,114.2622,56.6508,481
1059,189.0208,90919,131.9125,250,132.18,114.4501,56.6451,481
1060,187.64,89129,132.175,238,132.3,114.7667,56.3662,475
1061,188.6735,91884,132.5375,258,129.99,114.944,56.9237,487
1062,187.1178,93746,132.7125,244,130.98,114.6486,56.0622,501
1063,187.9053,91322,133.2,245,130.55,114.7304,56.617,486
1064,187.7511,88994,132.1625,235,130.82,114.843,56.1746,474
1065,189.1387,91354,133.1375,241,132.07,114.5652,56.1393,483
1066,187.8496,88665,132.15,245,130.91,114.215,56.8266,472
1067,187.3697,92748,131.625,245,131.4,114.1578,56.3228,495
1068,188.3958,89488,132.425,263,131.69,114.4888,56.9895,475
1069,187.9919,92304,132.3875,239,131.62,114.6105,56.5064,491
1070,186.9148,89906,132.2875,240,131.73,114.3153,56.6303,481
1071,188.1711,91263,132.75,242,132.48,114.5191,56.2937,485
1072,187.6375,90066,132.45,239,131.29,113.9213,56.3519,480
1073,186.8917,88026,131.5875,233,131.63,113.9521,56.7737,471
1074,188.1754,90136,132.5875,250,132.65,114.6427,56.8317,479
1075,188.1729,95780,134.5125,239,133.43,114.6684,56.1289,509
1076,187.4799,88678,132.1,243,130.49,114.2704,56.2999,473
1077,188.6383,90735,133.6375,242,133.46,114.2927,55.8029,481
1078,187.7113,91040,129.175,242,129.74,114.2862,56.4992,485
1079,187.5854,92292,130.85,244,129.77,114.6199,56.4298,492
1080,189.058,91315,131.7375,246,131.38,113.5658,56.5295,483
1081,189.7681,89191,132.15,242,132.07,114.6032,56.7825,470
1082,188.2149,88461,131.725,252,130.15,114.657,56.6084,470
1083,186.998,91816,131.1625,247,130.11,114.591,56.303,491
1084,189.5443,89844,133.7375,245,132.03,114.6816,56.0515,474
1085,188.5275,88985,135.675,243,133.34,114.7787,56.1209,472
1086,188.7733,89101,131.7875,253,130.18,114.0301,56.1648,472
1087,187.3172,89163,131.8625,240,130.28,114.6843,55.535,476
1088,186.0273,88735,131.125,244,131.6,114.2934,55.8148,477
1089,186.6242,92379,131.925,241,131.62,114.1385,56.3,495
1090,188.25,89607,131.6125,252,130.9,114.6101,56.3277,476
1091,187.3071,92717,132.9,244,131.95,114.5738,55.7946,495
1092,187.9771,90417,130.65,239,130.24,114.7515,56.2798,481
1093,189.2521,89327,131.625,241,130.47,114.3579,56.4073,472
1094,187.5356,89642,132.0875,251,130.63,114.3914,56.1735,478
1095,188.1534,92007,132.65,236,132.45,114.5656,55.9384,489
1096,187.061,92034,133.6125,246,131.72,114.6355,55.9529,492
1097,185.908,90909,129.975,242,130.58,114.2899,56.1876,489
1098,188.4872,88589,132.175,249,131.73,114.2193,56.4329,470
1099,187.6492,89321,132.75,246,131.56,115.0292,55.7403,476
1100,187.7342,88986,131.3875,242,129.96,114.826,56.02,474
1101,188.7085,88693,132.7,246,132.83,114.9515,55.4254,470
1102,188.0849,88588,131.3,239,131.22,114.7534,55.8167,471
1103,187.4429,91847,131.775,250,132.47,114.6872,55.8707,490
1104,185.8444,91993,129.6625,230,130.46,115.0456,56.1103,495
1105,187.1185,93185,131.475,241,129.84,115.2396,55.9521,498
1106,188.0525,89513,131.375,247,130.42,115.0045,56.3266,476
1107,187.8402,91666,132.6,244,130.76,114.8688,55.8134,488
1108,187.8852,89997,131.925,236,132.34,114.7531,55.8264,479
1109,188.0186,91001,131.525,240,130.87,114.9435,55.8525,484
1110,188.1688,89192,129.725,238,129.23,114.6393,56.0866,474
1111,187.2945,88403,131.4375,244,130.71,114.4549,56.5335,472
1112,187.9505,91156,131.5125,242,130.27,114.8337,56.2907,485
1113,188.4343,93275,131.875,237,131.35,114.3956,56.4604,495
1114,187.8108,90337,131.45,256,130.11,114.6574,55.6318,481
1115,189.36,89946,131.125,233,130.78,114.9037,55.8475,475
1116,189.1983,90626,131.8625,239,130.76,114.7817,55.6821,479
1117,188.8633,92543,131.975,247,132.35,114.7497,56.1811,490
1118,190.4336,91789,132.9375,262,131.1,114.6556,56.0386,482
1119,189.8277,89219,131.9875,244,130.91,114.8284,55.5639,470
1120,190.5699,89949,131.5375,265,131,114.5538,56.3302,472
1121,189.5497,89657,131.2375,264,130.33,114.3591,55.5035,473
1122,191.1847,90048,132.5875,260,131.99,114.3136,55.8623,471
1123,190.9628,92426,133,240,131.23,114.4313,56.5992,484
1124,191.1903,90433,133.0625,245,131.69,114.7414,56.1437,473
1125,190.7536,92134,130.575,251,130.07,114.909,56.0032,483
1126,190.5378,90696,131.025,250,130.18,114.9099,55.7976,476
1127,191.1332,93273,132.3875,247,131.47,114.9819,55.553,488
1128,189.6168,92533,131.0875,245,131.05,114.9096,55.7729,488
1129,191.2119,90252,132.4625,243,131.85,114.7186,55.9216,472
1130,191.1805,90046,131.65,258,133.01,115.5102,55.8754,471
1131,191.1941,90626,133.2375,243,131.41,114.7041,55.9258,474
1132,190.4703,89902,130.9875,247,130.42,114.8207,55.8519,472
1133,189.7516,90891,132.275,242,131.32,114.5882,55.8657,479
1134,189.8979,91151,131.2125,249,132.36,115.0772,56.2615,480
1135,189.5774,90618,132.875,254,131.26,114.7566,56.1297,478
1136,191.6068,90630,133.6,245,132.22,114.733,55.7142,473
1137,189.0791,93216,130.775,244,131.06,115.1032,56.3324,493
1138,189.2021,88925,133.45,254,130.76,114.7632,56.1487,470
1139,189.9603,90991,133.3125,254,132.26,114.9925,55.3032,479
1140,189.4582,90561,130.15,241,129.8,114.7574,55.8916,478
1141,189.6723,89715,131.4625,240,131.05,114.9115,55.8681,473
1142,189.0949,93602,131.425,257,130.95,115.0922,55.8845,495
1143,191.6701,91810,132.5,249,131.97,114.7879,55.5457,479
1144,189.0795,90380,132,239,132.57,114.878,55.6278,478
1145,189.6314,93109,132.45,249,131.64,115.0585,56.4165,491
1146,188.3503,88713,134.225,235,131.92,115.3071,55.9628,471
1147,189.0251,90354,133.825,241,131.57,114.8685,55.8146,478
1148,188.6442,92247,131.4875,263,131.21,114.5911,56.1722,489
1149,188.4979,90856,131.6375,253,130.08,114.9087,55.5358,482
1150,188.7316,92101,131.5625,247,132.25,114.7411,55.7312,488
1151,188.5347,89554,132.55,247,132.21,114.7403,56.3308,475
1152,189.2458,89324,130.4875,246,130.19,115.3001,55.6251,472
1153,188.2972,88688,131.1875,251,130.25,114.7513,56.1642,471
1154,189.4798,89245,131.7875,247,131.67,114.941,55.7997,471
1155,188.8992,89916,131.525,252,131.3,115.1375,55.9176,476
1156,187.1935,91912,133.125,242,130.83,114.7025,56.2129,491
1157,186.9128,87849,131.2625,240,130.68,114.8803,56.0452,470
1158,188.7553,88715,132.85,239,131.33,114.8485,56.0356,470
1159,189.7815,90336,133.2875,254,132.02,114.8931,55.8436,476
1160,188.2883,92073,131.4375,246,131.24,115.0491,55.2763,489
1161,190.2926,90389,133.725,240,131.5,115.0607,55.595,475
1162,188.3951,91560,131.525,242,130,115.2735,56.0567,486
1163,189.4322,90738,132.4625,244,131.75,115.0332,56.014,479
1164,190.1984,93007,133.075,245,130.79,115.1951,55.512,489
1165,188.0356,89881,131.4625,242,130.58,115.299,56.0295,478
1166,188.7722,93631,133.5625,236,131.37,114.8288,56.3603,496
1167,189.4407,91121,130.55,257,130.85,115.1605,56.1086,481
1168,189.2681,88956,132.7125,247,130.48,115.0481,56.2016,470
1169,188.1481,92757,133.625,242,131.55,114.7242,56.7563,493
1170,188.8734,91037,132.9875,256,131.76,114.7616,55.9725,482
1171,190.039,92549,132.875,249,132.6,114.9897,56.1619,487
1172,189.0421,89795,131.475,240,130.56,115.1417,55.4672,475
1173,189.1818,91564,130.75,270,129.92,115.3318,56.1973,484
1174,189.5717,89857,131.6875,248,130.38,114.983,56.296,474
1175,190.5861,90719,132.325,257,130.87,115.1398,56.21,476
1176,190.0805,89718,134.6875,250,132.16,115.2445,55.8963,472
1177,191.1078,90394,132.5125,257,129.83,115.0353,56.0537,473
1178,190.9184,93550,132.4875,258,130.44,115.2816,56.2842,490
1179,192.0361,90449,132.175,254,130.96,115.0385,56.4952,471
1180,190.4527,94655,135.5,273,133.84,114.9242,56.1258,497
1181,189.7923,93188,133.3875,239,132.14,114.3953,56.2065,491
1182,191.7116,92405,133.2875,258,132.09,115.0374,56.3617,482
1183,191.6605,92572,132.7125,265,131.16,115.2762,55.8222,483
1184,190.4896,91435,130.6375,255,130.41,115.1471,55.9694,480
1185,190.6787,89619,131.5125,257,131.69,114.7983,55.942,470
1186,190.5945,89770,131.6125,257,130.57,114.8503,56.1855,471
1187,190.6288,93980,132.775,255,132.09,114.9208,56.2122,493
1188,188.7404,93049,132.8375,248,131.38,114.5674,56.5831,493
1189,190.0807,89528,132.175,251,130.96,115.0111,55.9245,471
1190,189.2981,89538,131.7,238,131.67,114.8563,56.1122,473
1191,189.9059,90775,132.075,252,132.24,115.1601,56.2896,478
1192,190.4649,92185,133.575,252,131.2,115.1584,56.2351,484
1193,188.9344,92200,132.325,245,131.09,115.1399,56.1341,488
1194,188.3676,89663,130.5625,263,130.41,114.845,56.113,476
1195,189.6542,91034,132.2125,247,131.53,114.8975,56.3257,480
1196,188.2266,90537,132.3,254,130.48,114.9301,55.7246,481
1197,188.8723,94625,133.55,246,133.23,115.142,55.8173,501
1198,188.9199,92004,132.6375,247,131.34,114.9539,56.1148,487
1199,188.1096,94431,132.4,250,131.92,114.7846,56.245,502
1200,189.3176,92387,132.6125,244,132.61,114.6701,56.8161,488
1201,189.2764,89717,132.325,252,130.22,114.6999,57.214,474
1202,188.6819,90756,131.85,252,131.76,114.7379,57.0555,481
1203,188.7327,92479,131.475,235,129.87,114.9178,56.9,490
1204,188.9667,90704,129.7125,248,128.73,114.4338,56.3692,480
1205,188.759,89283,133.35,246,131.9,114.7175,56.2918,473
1206,189.5886,89865,132.275,239,131.81,114.7879,56.3488,474
1207,189.3589,91271,131.8125,243,130.7,114.8058,56.3646,482
1208,187.4612,89419,130.9625,246,130.53,114.267,56.5586,477
1209,188.489,94056,134.45,257,133.11,114.3555,56.5982,499
1210,188.8954,90292,131.9,241,130.91,114.9661,55.9918,478
1211,190.4134,91208,133.05,243,132.31,114.9706,56.3509,479
1212,188.4724,92163,132.5625,251,130.75,114.8588,55.9197,489
1213,188.9104,92755,130.225,241,130.38,115.0376,56.4357,491
1214,190.0542,91226,132.75,245,131.35,115.0339,56.5233,480
1215,189.2787,88961,130.8,246,130.3,115.4879,56.4546,470
1216,189.3954,90531,134.6125,255,131.69,114.4352,56.8451,478
1217,188.1332,91809,131,250,131.77,114.9082,56.6829,488
1218,187.6318,89688,129.575,232,129.52,114.7311,56.5997,478
1219,189.6975,90296,132.9375,247,130.89,115.3275,55.9341,476
1220,188.2106,88459,131.65,247,129.27,114.4105,56.8754,470
1221,188.0166,90624,130.775,243,129.49,114.5527,57.0201,482
1222,187.9152,93018,132.175,239,130.81,115.2426,56.3207,495
1223,188.8143,92519,133.7375,245,132.29,115.0249,56.199,490
1224,187.7384,88988,131.75,264,130.76,114.8763,56.5373,474
1225,188.4165,91382,133.8,244,132.82,114.7536,57.1085,485
1226,187.9289,92461,134.4875,251,132.08,114.2169,57.0249,492
1227,187.4451,90536,132.5,247,130.17,114.7688,56.3365,483
1228,189.3375,90882,131.975,247,132.51,114.4593,56.4869,480
1229,188.3678,91170,132.2875,234,132.14,114.4466,57.0075,484
1230,188.6415,92623,133.4625,240,132.29,114.1377,57.0383,491
1231,188.1866,89765,132.175,236,130.19,114.6187,56.9857,477
1232,187.8021,90145,131.1875,253,130.13,115.1007,56.3841,480
1233,189.8661,90756,130.825,244,130.34,114.7703,57.0695,478
1234,189.7897,92048,132.675,243,130.38,114.7563,56.962,485
1235,188.4741,91033,131.45,237,130.05,114.628,56.7171,483
1236,188.4021,88549,130.9375,242,129.56,114.9472,56.7949,470
1237,189.8782,90382,132.0125,251,131.2,115.3239,55.9656,476
1238,188.8739,89904,131.75,247,130.52,115.1152,56.4864,476
1239,186.5479,91595,131.425,244,130.33,115.0416,56.5563,491
1240,188.4244,89690,134.3625,243,132.2,114.9447,56.4998,476
1241,187.9234,88324,132.8875,245,131.45,114.8886,55.871,470
1242,188.0611,89329,131.9875,243,131.51,115.0732,56.2041,475
1243,189.3191,88980,134.4375,252,132.15,115.1769,56.4748,470
1244,188.1192,89921,133,256,130.52,114.9336,56.7455,478
1245,188.1081,88787,131.525,248,130.72,114.7751,56.8675,472
1246,186.8702,92127,131.375,240,130.37,114.9833,56.7517,493
1247,188.6708,91128,132.0375,241,131.67,114.6878,56.0234,483
1248,189.0636,89238,132.275,250,131,115.1625,56.7166,472
1249,188.6793,89434,132.825,248,131.77,115.0325,56.4244,474
1250,187.2189,88929,132.1625,236,131.07,114.5621,57.153,475
1251,188.8814,89152,132.5,248,131.55,114.8083,56.3937,472
1252,187.236,90435,131.775,243,130,114.9359,56.4565,483
1253,187.4588,88668,130.725,241,129.92,115.0591,57.1124,473
1254,188.1772,89196,133.175,234,131.26,114.8129,56.3453,474
1255,188.2049,91844,131.45,246,131.11,114.6994,56.6834,488
1256,187.92,89262,131.0875,238,130.86,114.8885,57.1892,475
1257,188.7349,90404,132.6875,235,131.44,115.1245,56.9507,479
1258,188.0275,88937,133.3,253,131.2,114.5434,56.5444,473
1259,189.0513,92068,132.8875,239,131.88,114.8487,57.0126,487
1260,187.2556,91568,131.3625,240,130.65,114.7023,56.7529,489
1261,188.4773,91223,131.25,252,130.28,115.1171,56.7362,484
1262,187.7735,92009,133.2,246,131.13,115.0009,56.4075,490
1263,188.6335,89035,131.6375,249,131.34,114.7759,56.5145,472
1264,188.8326,91395,132.6125,241,132.37,114.9146,56.6886,484
1265,188.5751,89196,132.6125,238,130.9,115.0378,57.1635,473
1266,187.8388,90914,133.5625,247,131.23,114.8594,56.9136,484
1267,187.7305,89172,133.4625,246,132.02,114.8829,56.8215,475
1268,186.2934,90166,129.65,244,129.48,115.0694,56.5469,484
1269,188.1712,90134,131.9125,247,131.56,115.0823,56.664,479
1270,187.8008,89581,132.3125,238,130.62,115.0523,56.7261,477
1271,187.4646,89983,132.05,242,130.92,114.8003,56.9113,480
1272,187.0467,92214,132,239,131.26,114.9163,56.5781,493
1273,187.7175,91043,131.8375,250,130.7,115.3081,56.6589,485
1274,187.6489,88195,131.825,247,131.08,115.3022,56.2612,470
1275,187.7301,89735,131.375,247,130.84,115.2157,56.3307,478
1276,187.5547,92652,132.3125,246,131.16,114.7268,56.825,494
1277,187.8426,88286,131.15,237,130.06,114.7563,56.9891,470
1278,186.9064,89902,131.5,242,130.77,114.8157,56.6048,481
1279,187.4429,91847,130.225,242,129.76,114.9821,56.8221,490
1280,187.1801,90408,129.1875,255,129.9,115.0926,56.7962,483
1281,186.6382,91826,132.0625,246,130.33,115.0143,57.1389,492
1282,188.7101,91147,134.0375,250,131.94,114.7543,57.0131,483
1283,186.2149,87521,131.575,239,130.73,114.2725,56.1488,470
1284,189.121,89076,132.55,237,132.07,114.9895,56.7777,471
1285,187.3426,88051,130.95,259,130.11,115.1439,56.6161,470
1286,186.8929,88961,133,248,131.09,114.7965,56.6873,476
1287,187.6914,91218,131.5125,238,130.37,114.8772,56.668,486
1288,188.6047,89210,132.2,244,130.93,115.2059,56.4554,473
1289,188.6702,88675,133.475,248,130.39,115.4299,56.3373,470
1290,186.4523,91921,132.5875,236,130.64,115.0203,57.0828,493
1291,187.1213,87947,133.0625,243,130.45,115.1482,56.219,470
1292,188.5,88595,133.7375,244,132.7,115.4749,56.0133,470
1293,187.5251,89637,133.1875,252,131.27,115.3995,56.2532,478
1294,187.2426,88753,134.1875,236,131.15,115.5627,56.9153,474
1295,186.4344,90980,132.275,241,130.31,115.3049,56.6434,488
1296,188.5772,89197,132.725,244,131.73,114.8559,56.71,473
1297,187.2809,88022,131.75,236,131.23,114.9344,56.6958,470
1298,186.1074,88401,130.1125,239,128.73,115.3373,56.4288,475
1299,186.7052,93726,131.85,245,130.27,115.3558,55.907,502
1300,188.0486,88947,129.8375,238,129.24,115.6187,56.1411,473
1301,186.7411,89449,132.3,243,130.93,115.1733,56.3796,479
1302,186.8305,88184,132.3125,239,130.86,115.1259,56.2503,472
1303,185.9917,89648,131.7,238,130.09,115.336,56.7345,482
1304,187.6277,88185,132.775,242,131.33,115.2698,56.6726,470
1305,185.8272,90312,131.2625,237,129.21,115.455,55.7087,486
1306,187.6106,88177,131.2375,243,130.84,116.3051,55.3882,470
1307,186.2453,89584,130.4125,250,130.39,115.3254,56.5873,481
1308,186.2768,92207,133.0625,243,131.36,115.2659,56.5144,495
1309,187.4656,89796,132.675,242,131.64,115.5721,56.4085,479
1310,186.1988,92727,131.1875,246,129.97,115.1611,56.6124,498
1311,187.7006,90284,131.25,235,128.38,115.6442,55.9438,481
1312,186.6694,92588,131.625,239,131.41,115.4346,56.152,496
1313,186.8716,90259,131.9375,249,130.97,115.3933,55.84,483
1314,186.2651,89221,130.7,234,129.23,114.9365,56.4208,479
1315,186.6366,90892,130.0125,246,129.84,115.5301,56.2206,487
1316,186.9556,88430,133,241,131.93,115.4948,56.1984,473
1317,186.9569,91048,132.1,240,131.77,115.4118,56.1868,487
1318,188.0735,89523,131.4875,236,129.76,115.3001,56.384,476
1319,188.2453,89793,130.7125,260,130.13,115.5395,56.6289,477
1320,186.808,88547,132.0125,236,128.42,115.398,55.9332,474
1321,188.1586,88999,130.425,257,129.71,115.2988,55.7968,473
1322,186.7954,88541,129.9875,232,130.2,114.8898,57.0584,474
1323,187.7537,89183,132.6125,247,130.63,115.4234,56.4957,475
1324,186.6442,88656,131.8875,253,129.47,115.3858,56.0285,475
1325,186.9614,91985,130.8,243,129.17,115.3001,56.172,492
1326,187.9106,88318,132.7875,236,130.85,115.4191,56.5086,470
1327,188.6956,89253,132.425,248,130.06,115.7368,55.8056,473
1328,187.7368,89175,129.975,243,129.51,114.7916,56.2882,475
1329,187.9019,90005,131.225,240,131.55,114.9653,56.369,479
1330,186.2909,87743,131.775,246,130.35,115.1846,56.1967,471
1331,187.8393,88848,134.2875,255,131.51,115.4139,56.1736,473
1332,187.643,89881,132.7,262,130.95,114.9233,56.5161,479
1333,186.8702,87829,131.9625,238,130.46,115.5093,56.3469,470
1334,188.5932,89016,134.4625,255,132.98,114.7287,56.7917,472
1335,186.5934,90871,131.225,230,130.56,115.6382,56.3901,487
1336,187.8361,90537,132.3,245,130.58,115.2145,56.3725,482
1337,187.3465,90301,133.0625,240,131.18,115.2784,56.0019,482
1338,188.2357,88659,132.9,257,131.09,115.029,56.2432,471
1339,186.6038,88077,132.375,254,130.56,115.8442,55.4624,472
1340,186.3721,89645,129.6125,255,130.19,115.0016,55.9879,481
1341,187.7344,90488,132.2625,248,131.65,115.1038,56.2931,482
1342,186.3292,90556,131.625,241,129.85,115.0657,56.4746,486
1343,186.4958,88026,132.775,243,131.79,115.0249,56.1542,472
1344,185.7475,91202,131.525,237,130.08,115.8941,56.0479,491
1345,185.8734,89591,132.875,244,131.16,115.4112,56.0231,482
1346,188.7188,89264,133.4125,246,131.63,114.9087,56.2799,473
1347,186.3778,90766,130.75,250,129.64,115.13,56.69,487
1348,184.932,92466,131,257,128.61,115.0988,56.2077,500
1349,184.7066,89398,132.125,254,130.86,115.2896,56.3889,484
1350,187.2797,89707,132.725,238,131.38,115.3515,56.6613,479
1351,187.4034,88267,132.7375,235,131,114.9438,56.738,471
1352,188.4736,89148,133.0875,246,132.9,115.2354,55.6744,473
1353,187.1395,88517,130.9125,238,130.05,115.6766,56.0585,473
1354,188.0695,89333,132,235,130.36,115.5016,56.5211,475
1355,186.9534,88242,132.4375,237,130.21,114.8145,56.1528,472
1356,186.876,90448,132.975,238,132.07,115.2143,56.6999,484
1357,187.4797,92240,133.3625,253,130.56,115.3887,56.1403,492
1358,187.6074,90802,132.925,240,130.76,115.3618,56.2558,484
1359,186.3623,87963,132.8125,234,130.38,115.525,55.4727,472
1360,186.2257,88271,129.9875,244,129.18,115.3987,56.1024,474
1361,187.5567,89277,133.225,230,131.92,115.2894,55.9083,476
1362,186.8616,90441,132.4125,246,131.09,115.4221,56.3418,484
1363,185.6016,90388,131.55,242,130.56,115.1969,56.1329,487
1364,186.1892,89557,131.1625,260,130.39,115.6486,55.6845,481
1365,188.6173,89216,131.2625,241,129.92,115.4259,56.0222,473
1366,188.1319,88422,133.45,239,130.52,115.5118,56.009,470
1367,187.4034,88267,132.075,248,130.54,115.4527,56.0091,471
1368,187.6485,89696,133.125,240,130.77,115.2094,56.216,478
1369,187.443,88848,132.7625,242,130.37,115.1869,56.0529,474
1370,186.1714,92341,132.35,233,130,115.8934,56.2854,496
1371,186.6109,89200,133.1375,252,130.82,114.9516,56.2687,478
1372,187.205,89484,131.5375,250,129.46,115.4357,55.9615,478
1373,186.2678,89036,131.9125,241,131.13,115.4453,56.0955,478
1374,186.4727,88761,131.25,239,128.55,115.674,56.0239,476
1375,187.6258,88747,132.1125,241,130.83,115.3254,55.9419,473
1376,186.2973,89609,130.7875,258,130.61,115.145,56.8422,481
1377,188.1524,90125,133.7,258,131.35,115.1458,56.537,479
1378,186.8468,87818,133.1375,241,130.64,115.4066,55.5974,470
1379,185.3224,90808,131.6125,248,129.78,115.54,55.8843,490
1380,186.4378,92846,132.1375,237,129.67,115.1818,56.2064,498
1381,188.8505,89704,133.075,261,131.05,115.5202,55.9593,475
1382,186.917,90094,131.275,245,130.65,115.7197,55.8715,482
1383,185.8257,89568,131.7375,238,131.63,114.8871,56.3455,482
1384,186.4895,88396,130.975,237,129.71,115.524,56.0548,474
1385,186.6522,90153,133.0875,241,131,115.3546,56.1567,483
1386,187.2124,90798,132.5,255,129.95,115.964,56.0934,485
1387,186.1225,92689,131.325,246,129.48,115.6149,56.392,498
1388,187.3598,89558,134.4875,251,131.62,116.0149,56.2063,478
1389,187.3057,88221,132.4125,240,130.11,115.2499,56.3521,471
1390,187.7442,88803,130.7625,251,130.32,115.3697,56.2355,473
1391,186.5741,90675,130.4125,242,130.76,115.9644,55.9128,486
1392,185.7805,91404,131.4375,244,129.41,115.549,56.086,492
1393,188.8742,90093,132.2,253,130.28,115.3126,55.7701,477
1394,188.3544,89280,131.7,237,129.05,115.3701,56.0392,474
1395,187.2137,90237,131.2875,244,128.85,115.3746,56.2609,482
1396,186.6258,91260,132.9125,250,130.34,115.5008,56.503,489
1397,188.211,89212,133.4875,247,131.61,115.6938,56.3306,474
1398,187.9215,93397,133.725,242,132.62,115.4522,55.9514,497
1399,187.5846,89853,131.3,243,130.33,115.2795,56.2594,479
1400,187.9314,90395,132.1625,259,131.36,115.7965,55.9656,481
1401,186.395,89656,130.8375,243,130.6,115.6209,56.0666,481
1402,187.2678,89514,131.25,236,130.35,115.3598,56.2388,478
1403,187.9044,90382,132.1875,244,130.99,115.6002,56.1574,481
1404,186.2119,87892,132.1875,239,130.56,115.6509,56.2703,472
1405,187.7373,88612,132.1625,269,130.05,115.6276,56.3032,472
1406,187.5304,89452,132.4625,236,130.01,115.4652,56.1815,477
1407,187.9287,89642,131,246,129.88,115.5204,56.1366,477
1408,187.8943,88874,130.95,239,130.58,115.6586,56.0876,473
1409,187.0428,91838,130.875,260,128.99,115.5684,56.3348,491
1410,186.9937,89383,132.4125,240,130.74,115.1826,56.6278,478
1411,188.0337,89316,131.3875,234,131.75,115.286,56.5425,475
1412,188.3044,89068,132.65,244,129.98,115.1483,55.8621,473
1413,187.6168,91557,132.975,236,132.06,115.56,56.1493,488
1414,188.25,88854,132.8625,247,130.62,115.7433,55.8431,472
1415,188.1111,89729,131.8125,242,131.29,115.3041,55.8387,477
1416,187.8402,90539,131.2625,249,130.71,115.6593,55.7953,482
1417,188.4149,88555,130.3875,235,129.7,115.3041,55.7232,470
1418,186.5233,91956,129.8875,236,129.69,115.839,55.6203,493
1419,189.572,92132,132.3125,259,129.96,115.8274,55.5686,486
1420,186.5951,91245,132.25,238,129.75,115.9841,55.3894,489
1421,188.1871,90518,131.8875,234,129.85,115.2826,55.8579,481
1422,186.7966,88168,131.7,241,130,115.619,55.6295,472
1423,187.3487,89178,132.025,250,133.38,115.294,56.1741,476
1424,187.7411,89928,133.7625,238,131.42,115.4819,55.9638,479
1425,187.2458,89129,130.9375,231,130.4,115.5826,55.7546,476
1426,187.9535,88902,133.125,251,131.62,115.1944,56.2504,473
1427,186.5753,89183,132.1375,239,130.89,115.7474,55.8461,478
1428,186.9561,89365,132.275,233,130.64,115.4116,56.1121,478
1429,187.8382,90538,131.7875,237,130.64,115.2063,56.0909,482
1430,187.2091,90422,133.6625,253,130.94,115.9949,55.3138,483
1431,188.6894,88684,133.025,246,130.12,115.8027,55.5823,470
1432,186.3368,90746,132.1125,242,129.4,115.3526,55.9946,487
1433,187.0531,88102,132.175,249,130.49,115.5222,56.0082,471
1434,188.3347,90589,132.9,241,131.64,115.7908,55.9896,481
1435,186.7745,89465,129.3125,237,129.67,115.6758,56.0776,479
1436,185.6945,91176,132.8,241,130.28,115.5665,56.3622,491
1437,188.9506,91830,131.4375,246,130.82,115.5491,56.3324,486
1438,188.7449,92485,132.225,249,130.96,115.4371,56.3683,490
1439,187.644,91195,131.85,241,130.81,115.4953,55.7647,486
1440,186.962,88620,133.225,273,130.34,115.1158,56.0928,474
1441,187.405,89767,131.625,243,130.9,115.6154,56.2503,479
1442,189.1719,90235,133.9,260,131.54,115.7577,55.1903,477
1443,188.286,90189,131.925,247,131.04,115.8678,55.5653,479
1444,190.2553,90181,131.85,254,130.23,115.2306,55.8515,474
1445,190.5929,91294,131.5375,258,130.37,116.1552,55.7556,479
1446,192.0774,91813,133.075,255,131.3,115.8157,55.8389,478
1447,191.1085,89821,131.4,254,130.11,115.7318,56.2098,470
1448,189.7365,91453,133.6625,257,129.82,115.7129,56.0356,482
1449,191.5354,91937,132.5625,241,131.56,115.5626,55.6436,480
1450,191.2915,89907,132.225,256,130.88,115.5805,56.0751,470
1451,190.4601,93135,132.7125,255,131.25,115.6857,55.8485,489
1452,190.0415,91600,131.5625,248,130.74,115.6723,55.9649,482
1453,191.8216,92458,129.975,254,129.45,115.4008,55.7531,482
1454,191.6408,91221,131.4875,259,130.31,115.6049,55.7005,476
1455,190.7712,90044,130.65,257,131.1,116.0561,55.3276,472
1456,189.4959,92853,131.75,244,129.73,115.7437,56.0525,490
1457,190.7347,90599,132.4,257,131.19,115.5633,56.0763,475
1458,189.8499,89799,131.375,244,130.73,115.1275,56.0401,473
1459,191.6464,91607,131.7625,256,131.25,115.9828,56.0384,478
1460,190.2878,90577,131.0375,245,129.72,115.7502,55.7668,476
1461,190.6481,92655,130.7125,246,129.39,115.6534,56.236,486
1462,189.8397,89984,132.725,249,130.91,115.9161,55.7417,474
1463,190.4549,92942,130.3625,245,129.83,115.6091,55.8247,488
1464,191.0651,90947,130.2625,251,129.68,115.9501,55.3676,476
1465,191.766,92623,131.6,248,131.2,115.8917,55.9365,483
1466,191.0525,90941,134.1125,255,131.52,116.054,55.9299,476
1467,192.4949,94900,132.75,253,129.76,115.845,55.695,493
1468,190.7996,91393,131.0125,258,130.19,116.0184,55.5632,479
1469,190.6247,92453,132.8125,260,129.89,115.6611,55.4896,485
1470,191.26,91231,130.0125,257,131.12,115.5577,55.8148,477
1471,190.0435,91791,131.8875,244,130.01,115.9534,55.7677,483
1472,192.1656,90510,131.75,257,130.62,115.2189,55.9715,471
1473,190.3934,91960,131.2875,247,131.08,116.1635,55.4773,483
1474,190.6521,91513,131.75,251,129.13,115.7666,55.7033,480
1475,191.4693,90565,132.6125,250,131.52,115.8539,55.7713,473
1476,189.1681,90044,131.575,256,129.96,115.6265,55.8631,476
1477,190.1505,92223,132.725,257,131.74,116.1344,55.7509,485
1478,190.3732,90808,133.9125,264,131.37,115.9116,55.6631,477
1479,188.5496,91258,129.725,245,129.57,115.4797,55.8118,484
1480,187.95,90216,131.175,246,130.26,115.8662,56.3106,480
1481,190.5157,91257,129.4,272,130.11,115.4569,56.081,479
1482,188.7111,93412,132.225,238,129.98,115.8974,55.6382,495
1483,189.4665,90565,131.3625,248,131.05,115.5098,56.5906,478
1484,190.2123,89590,131.4,250,129.17,115.8079,56.2643,471
1485,188.6102,89024,132.2375,239,129.77,116.0051,55.6823,472
1486,189.3354,89745,132.4125,257,128.93,115.61,55.6039,474
1487,188.1577,90692,129.725,244,130.01,115.6477,55.952,482
1488,190.1941,90152,131.75,258,131.72,115.8048,56.4691,474
1489,190.069,90853,132.9875,245,131.63,115.7939,55.6295,478
1490,189.9894,89675,131.4125,252,130.16,116.2369,55.7534,472
1491,189.3285,91635,132.125,258,129.62,116.0247,55.74,484
1492,189.4298,91684,131.6375,244,131.53,116.103,55.5157,484
1493,190.3048,91156,133.9875,246,131.6,115.6578,56.1164,479
1494,189.2175,93095,132.825,245,130.66,115.8732,55.681,492
1495,190.1295,89551,131.1875,252,130.14,115.9963,55.6436,471
1496,190.7689,90806,130.475,262,129.48,115.9743,55.6712,476
1497,190.1639,91659,130.0875,255,130.21,115.2626,56.2734,482
1498,190.2981,90011,131.725,243,129.15,116.3107,55.8844,473
1499,191.1353,90407,133.875,262,131.7,115.7376,55.6512,473
1500,190.0187,91399,131.1375,251,130.84,116.0094,55.888,481
