1,186.1983,21599,134.75,224,134.7333,21.6335,23.3895,116
2,185.0732,22764,138.5526,224,138.6333,22.8216,23.2746,123
3,183.9068,21701,134.6053,221,134.9667,22.3076,21.8621,118
4,184.4098,22498,135.8833,210,136.9111,23.0924,22.545,122
5,186.3333,22360,136.8971,222,137.2444,22.4407,22.6101,120
6,187.1417,22457,135.4265,220,135.5778,23.2904,22.6431,120
7,184.2857,23220,136.1324,207,136.7111,22.1798,22.717,126
8,184.12,23015,139.0294,219,138.2333,22.301,23.5,125
9,185.3015,25201,137.2368,217,137.8111,22.1024,23.3806,136
10,185.3566,23911,136.6842,213,136.4222,22.6878,24.0421,129
11,185.15,22218,136.2125,223,135.5222,20.5886,23.759,120
12,184.9752,22382,134.1447,208,134.6222,21.7788,23.5835,121
13,185.8487,22116,136.8158,211,136.5,21.3188,23.3299,119
14,185.935,22870,136.8421,214,137.5333,22.2274,23.2337,123
15,184.8833,22186,136.6316,209,136.6667,21.9353,23.5049,120
16,186.9,22428,136.2105,216,136.0778,21.6384,23.4369,120
17,186.0172,21578,137.5789,226,138.0556,21.6821,23.8417,116
18,182.5299,21356,135.5263,202,135.1556,21.2158,23.5658,117
19,185,22940,136.2105,213,136.7778,21.5228,23.296,124
20,182.9141,23413,135.7105,210,136.1,21.9164,23.4523,128
21,184.7009,21610,135.3421,210,135.1778,21.1161,23.9374,117
22,185.3559,21872,136.1711,213,135.9,22.1749,23.6213,118
23,183.5683,25516,138.0132,211,138.4,23.1415,23.0963,139
24,187.1626,23021,136.5658,212,135.8111,22.2666,23.6996,123
25,185.0323,22944,137.7105,232,137.6111,22.3465,23.329,124
26,184.7338,25678,134.1974,220,134.3333,22.2904,22.9232,139
27,184.5794,23257,136.8235,219,137.0889,21.2576,23.9445,126
28,185.2222,21671,137.4079,214,137.4,21.6436,23.363,117
29,184.7734,23651,137.1053,214,137.6778,22.1497,23.2556,128
30,188.5641,22062,138.0921,219,137.5333,22.0623,24.0112,117
31,185.0305,24239,137.0625,226,136.7667,23.7182,23.5972,131
32,186.5126,22195,138.5395,229,138.1667,21.7617,22.9798,119
33,186.7311,22221,135.4118,215,136.0556,21.8272,23.3559,119
34,186.888,23361,136.3026,217,136.4444,22.4465,23.4292,125
35,185.264,23158,136.5395,207,136.3556,21.5807,24.0253,125
36,185.0504,22021,136.725,212,136.0556,21.7456,23.8757,119
37,186.1417,22337,137.25,229,137.1222,21.492,24.1597,120
38,184.7339,22907,133.525,210,133.2556,22.8569,23.6726,124
39,186.9748,22250,136.3421,217,135.9889,23.5181,22.6105,119
40,185.8678,22490,137.1176,219,137.4667,22.5931,23.2696,121
41,184.6325,21602,135.7895,221,135.9556,21.4743,22.9985,117
42,185.6864,21911,136.0735,211,137.4778,21.8123,23.9412,118
43,186.7951,22789,134.9868,216,135.3778,21.7913,23.0168,122
44,185.1681,22035,136.0658,211,135.9556,22.2645,23.271,119
45,185.5691,22825,136,211,136.0778,22.738,23.3089,123
46,184.7541,22540,135.3158,216,135.8778,22.1036,23.6322,122
47,187.3802,22673,136.2368,234,135.9444,22.2928,23.4299,121
48,187.5294,22316,136.1184,226,136.4,21.5633,23.3257,119
49,185.1311,22586,137.7368,227,137.2222,21.2696,23.677,122
50,186.873,23546,136.4342,211,136.4444,22.6526,23.0008,126
51,187.2069,21716,135.0921,217,134.4111,22.7775,23.0443,116
52,188.5966,22443,135.7368,220,135.1222,21.6042,23.685,119
53,188.084,22382,134.9342,213,135.0333,22.8939,23.9203,119
54,186.405,22555,137.4474,217,137.5778,22.7437,23.3295,121
55,187.4656,24558,135.9342,227,135.9667,21.6953,23.3521,131
56,187.1833,22462,137.6974,238,137.0333,21.5402,23.2618,120
57,185.7094,21728,136.8158,217,137,22.2133,23.468,117
58,185.6385,24133,135.1316,210,135.4444,22.9099,23.1235,130
59,188.2393,22024,136.3553,215,136.0444,21.7966,22.5273,117
60,188.9829,22111,138.6029,237,139.3556,22.6287,23.0399,117
61,187.4576,22120,135.0263,220,136.0111,22.1044,23.21,118
62,185.7179,21729,137.2895,211,137.2556,22.4941,23.24,117
63,186.7759,21666,136.7368,219,136.6333,23.2175,23.3515,116
64,185.688,23211,136.25,213,136.1667,21.9092,23.9516,125
65,185.7438,22475,137.5263,226,137.7444,22.1974,22.9782,121
66,186.3385,24224,134.1029,222,134.6556,23.3292,23.2815,130
67,184.7069,21426,134.9079,216,135.2333,21.1031,23.2456,116
68,185.4766,23741,135.9868,221,137.0222,21.894,23.4399,128
69,186.2735,21794,134.8026,216,135.3111,22.1443,23.6416,117
70,185.2093,23892,136.4605,240,136.5222,20.8831,23.249,129
71,183.678,21674,134.3289,210,134.8778,21.5669,23.3378,118
72,186.0756,22143,135.9079,231,135.9778,21.5676,23.4724,119
73,185.5,22260,135.8684,210,136.2778,22.4661,23.2548,120
74,187.0476,23568,135.5921,210,135.9,22.3904,23.3406,126
75,186.8291,21859,138.3421,221,138.8667,22.7769,22.699,117
76,186.0469,23814,134.6471,211,135.5111,22.9547,23.5856,128
77,184.1129,22830,135.8421,216,135.5111,22.8653,23.5481,124
78,182.6475,22283,137.2763,206,137.6333,22.1253,22.9201,122
79,185.1074,22398,133.8382,208,134.4556,22.2318,23.4512,121
80,186.5,23872,135.7368,224,136.1667,23.8535,23.3448,128
81,184.8926,22372,137.5789,213,137.6,22.5398,23.2342,121
82,185.1371,22957,136.2763,208,135.7111,22.5878,23.0577,124
83,186.6724,21654,136.8684,215,137.2222,21.8407,23.3342,116
84,182.976,22872,137.1579,217,137.1889,22.4395,23.6943,125
85,183.5403,22759,135.0395,236,135.4333,22.0307,22.3917,124
86,183.0738,22335,136.6176,219,137.2333,21.0935,23.6379,122
87,185.05,22206,133.7763,216,133.8444,22.3138,23.1731,120
88,185.2581,22972,136.1842,209,136.0333,22.5252,22.8073,124
89,184.7714,25868,137.4412,218,137.0444,21.1477,23.3227,140
90,184.958,22010,135.4868,229,135.5778,21.03,23.8439,119
91,186.8879,21679,137.1053,233,136.9333,22.0119,23.0196,116
92,185.9412,22127,135.3289,217,135.3,22.2599,23.497,119
93,186.7069,21658,135.7632,222,136.3778,22.1937,22.7456,116
94,185.584,23198,135.3529,214,135.8556,22.1045,23.6416,125
95,186.3136,21985,135.0789,211,134.9778,22.5019,22.8743,118
96,185.8852,22678,136.4412,222,137.1889,21.0851,23.5695,122
97,186.2339,23093,136.4605,215,137,22.2237,23.8375,124
98,185.8189,23599,136.5921,233,136.6,22.07,22.7296,127
99,186.265,21793,136.6471,210,137.5333,22.3525,23.1888,117
100,187.4545,22682,135.0526,232,134.8778,22.0295,24.1918,121
101,187.8235,22351,138.325,212,137.7333,22.866,23.3292,119
102,186.384,23298,135.7763,212,135.9667,23.584,23.1639,125
103,185.3277,22054,135.5526,220,135.3556,22.5718,23.7791,119
104,187.4274,21929,138.5395,217,136.9333,22.1097,22.2984,117
105,185.4032,22990,133.6618,221,134.8778,21.8512,23.1269,124
106,185.746,23404,135.0921,216,134.9222,22.1494,23.683,126
107,184.3577,22676,136.7105,227,136.6667,21.7897,23.0809,123
108,184.5289,22328,135.9079,212,136.5444,21.7533,23.2632,121
109,187.7627,22156,136.8684,224,136.7667,21.888,23.9136,118
110,186.9113,23177,137.6711,217,137.2444,21.661,23.0236,124
111,185.8049,22854,135.4737,218,135.7889,21.6944,23.2919,123
112,185.6639,22651,135.8816,221,136.3111,23.5453,22.6895,122
113,185.9244,22125,135.6029,231,136.4667,22.5242,23.6882,119
114,187.1017,22078,134.4737,230,134.5778,21.6804,23.3395,118
115,185.0833,22210,135.1316,209,134.8667,21.7711,23.2466,120
116,185.4923,24114,135.8684,215,135.2333,22.1755,22.797,130
117,185.8361,22672,135.5294,227,135.5667,23.2779,22.8477,122
118,186.0252,22137,136.4265,222,137.3889,22.3641,23.6172,119
119,186.418,22743,137.0526,218,136.9778,21.9963,23.3723,122
120,183.8667,24822,136.7368,214,137.7444,22.4921,22.8584,135
121,185.7891,23781,135.9706,229,136.2111,23.2271,22.2828,128
122,186.7627,22038,135.4265,215,136.0556,22.2661,23.784,118
123,183.8167,22058,136.0789,219,136.2556,21.4432,24.0406,120
124,187.075,22449,134.725,217,134.6444,22.1774,23.6956,120
125,187.2759,21724,135.6974,215,135.9556,21.432,23.2933,116
126,185.2748,24271,134.4079,223,135.0333,21.5898,23.8484,131
127,188.2667,22592,136.6842,215,136.4667,22.3674,23.926,120
128,185.8788,24536,137.2105,216,137.4222,23.8635,22.8882,132
129,186.265,21793,136.1029,218,135.8556,21.7094,22.7961,117
130,186.6271,22022,134.8824,214,136.2556,22.8042,23.4817,118
131,187.3782,22298,135.9737,218,136.6,22.0547,23.7051,119
132,185.1849,22037,134.5,218,134.4889,22.0907,23.5611,119
133,186.8358,25036,137.0921,215,136.9667,22.5824,23.0176,134
134,185.1905,23334,135.9737,212,135.7778,22.2473,23.9815,126
135,183.7615,23889,133.6184,225,133.7667,22.8181,23.1351,130
136,185.0672,22023,137.3026,217,136.6556,22.2745,22.7415,119
137,183.85,22062,136.5147,208,136.8111,21.5631,23.0632,120
138,185.7931,21552,133.8158,223,134.1,21.9058,23.6342,116
139,183.3281,23466,136.9211,214,136.7889,22.9185,22.8228,128
140,184.0775,23746,135.3382,221,134.9667,21.7854,22.9247,129
141,183.8594,23534,138.1176,206,138.0444,23.0372,23.3785,128
142,184.459,22504,133.8816,216,134.2556,23.0459,23.6153,122
143,181.4029,25215,136.2105,226,135.6444,21.8797,23.8256,139
144,184.3033,22485,135.4342,216,135.4444,22.2445,23.3453,122
145,185.2414,21488,135.3158,208,134.8778,22.9238,23.7592,116
146,186.8305,22046,135.9474,211,135.8667,23.0075,23.1535,118
147,185.7863,21737,132.9211,216,133.7556,22.7355,23.0789,117
148,185.6364,22462,135.3816,222,135.1111,22.8903,24.117,121
149,185.176,23147,136.4625,205,136.0444,23.3354,22.9458,125
150,185.121,22955,133.2059,229,133.5556,21.6249,23.9764,124
151,184.2612,24691,136.0789,214,136.1667,22.3661,23.726,134
152,185.208,23151,136.8816,220,137.1556,22.2854,23.0443,125
153,185.7311,22102,136.6053,213,136.3222,21.2674,24.0276,119
154,184.4803,23429,135.6375,210,136.0667,21.4858,23.6456,127
155,184.2941,21931,136.75,220,137.3,23.3651,23.3006,119
156,184.2537,24690,135.8289,210,136.6111,23.2744,21.8475,134
157,183.594,24418,133.4833,219,134.8889,22.0217,23.7758,133
158,186.8547,21862,138.1842,223,137.8222,22.4136,23.8838,117
159,184.1933,21919,134.0395,208,134.1333,22.2594,23.101,119
160,183.8512,22246,134.2632,216,134.5667,21.5253,23.4902,121
161,185.0492,22576,135.1579,206,135.6778,22.4841,23.124,122
162,186.6638,21653,134.6842,215,134.9778,22.5428,23.2277,116
163,183.496,22937,134.1974,224,134.1889,21.9096,23.4429,125
164,185.4472,22810,135.7632,216,134.8889,22.5702,23.6689,123
165,184.8943,22742,136.1447,223,136.4222,22.6748,23.3724,123
166,185.4344,22623,133.3026,211,133.3333,22.8348,23.2232,122
167,183.2059,24916,136.1579,214,135.6778,23.3935,23.0498,136
168,183.744,22968,135.6842,212,135.0889,22.8501,23.8601,125
169,185.3802,22431,134.5395,208,134.0333,22.6386,24.3766,121
170,187.0252,22256,138.075,213,137.3667,22.536,23.4021,119
171,187.3333,23042,135.0526,218,134.7111,22.7913,23.4769,123
172,185.5122,22818,133.8289,216,133.7333,22.667,23.851,123
173,186.1475,22710,137.2763,217,137.2667,23.9796,22.7144,122
174,184.5785,22334,133.7794,230,134.1889,23.0813,23.6911,121
175,184.0625,23560,136.3289,210,136.2667,23.545,23.3104,128
176,185.6446,22463,135.8421,220,136.6333,23.0741,23.3583,121
177,185.7787,22665,136.5132,206,136.1556,21.6301,23.6236,122
178,180.4314,27606,134.9079,209,134.3667,21.845,23.8897,153
179,184.7302,23276,132.7368,212,133.9,22.3697,24.0004,126
180,182.3205,28442,135.2,224,135.2222,23.4353,23.4235,156
181,185.0855,21655,135.7105,223,135.5889,22.6162,23.1611,117
182,183.7731,21869,134.4474,213,133.7222,22.0951,23.6514,119
183,183.5328,22391,134.5921,215,134.6111,23.3693,23.0222,122
184,183.8667,22064,134.75,215,134.2,21.9482,23.2793,120
185,185.547,21709,136.4868,219,136.1778,21.8671,22.7273,117
186,187.7627,22156,135.6765,212,135.8444,22.897,23.094,118
187,185.1328,23697,134.9737,221,135.1889,22.8406,23.2609,128
188,184.2362,23398,135.8684,212,135.8111,22.0563,22.7989,127
189,184.8065,22916,135.5882,216,135.7,22.7273,22.5424,124
190,183.8264,22243,133.6029,211,135.2222,22.9302,23.002,121
191,185.0085,21831,134.7368,207,135.0222,21.539,24.0612,118
192,185.3796,25397,135.3375,228,135.0667,21.4953,23.1302,137
193,187.4828,21748,133.8816,220,135,21.3769,23.3912,116
194,187.8525,22918,134.9474,218,135.2222,22.0164,23.4832,122
195,186.9661,22062,133.6842,220,134.1333,21.7946,23.1763,118
196,186.8359,23915,134.3816,214,134.3111,21.5496,23.6441,128
197,186.6557,22772,135.4211,222,135.5,21.8853,23.4563,122
198,188.3248,22034,134.4737,222,134.8,21.3345,23.7962,117
199,186.3386,23665,135.7368,234,135.8111,21.7845,23.5388,127
200,186.6423,25570,133.8158,221,134.5111,21.4878,23.9356,137
201,185.9538,24174,134.6579,216,134.5333,21.808,22.9146,130
202,188.8667,22664,137.4118,227,137.6889,21.8494,23.9913,120
203,189.7851,22964,135.1184,220,135.2222,22.9656,23.4169,121
204,188.5214,22057,135.6447,209,134.8,22.3746,23.4017,117
205,189.2458,22331,134.8026,214,134.5333,21.5016,23.128,118
206,188.6333,22636,136,219,135.4667,21.8042,23.7834,120
207,188.6148,23011,133.2237,214,133.5556,21.3986,23.3636,122
208,185.6446,22463,135.0789,209,135.3222,22.0687,22.6348,121
209,188.7731,22464,133.9559,233,134.5111,21.2377,23.863,119
210,189.9153,22410,135.5132,222,136.2333,21.1763,23.6962,118
211,188.8403,22472,134.8947,219,135.0667,21.6942,23.2301,119
212,189.1525,22320,134.6711,232,134.5444,21.2207,23.1945,118
213,187.3167,22478,135.7763,230,136.3111,21.3697,23.5312,120
214,188.9138,21914,136.6711,216,136.6667,22.4936,22.8289,116
215,190.1345,22626,135.9265,225,135.8556,21.268,22.9829,119
216,189.2258,23464,135.25,223,134.9889,22.1274,22.5405,124
217,187.864,23483,132.5882,221,133.3889,23.0799,23.3978,125
218,187.9483,21802,135.9605,216,136.5778,21.8078,23.5892,116
219,189.3902,23295,137.5395,214,137.3333,21.5619,23.2393,123
220,187.325,22479,133.2763,213,134.0556,21.5662,24.0331,120
221,187.378,23797,133.5375,218,133.5111,23.0053,23.9012,127
222,189.1545,23266,136.5789,220,135.8222,23.1118,22.7737,123
223,187.9672,22932,136.9412,214,137.5667,22.152,23.0667,122
224,186.8361,22794,134.6974,217,135.1222,22.4395,22.7966,122
225,188.5678,22251,136.2647,228,136.2333,22.7334,22.8555,118
226,184.9624,24600,136,219,134.9889,22.6783,22.993,133
227,187.1261,22268,135.25,212,135.1556,22.3835,22.8679,119
228,185.6121,21531,134.5441,216,135.0444,22.3803,22.8703,116
229,186.5207,22569,133.3088,214,134.2889,21.9375,23.65,121
230,187.0085,22067,135.9079,226,135.7222,22.8012,23.4889,118
231,188.3621,21850,135.8026,229,136.3556,21.3705,23.6075,116
232,190.8707,22141,134.3947,213,134.9444,20.7289,23.5573,116
233,190.4496,24568,132.6711,219,133.6,22.2735,23.8625,129
234,192.8824,22953,135.3816,222,136.1444,21.8551,23.5115,119
235,194.4874,23144,136.5921,225,136.8333,21.751,23.574,119
236,194.4833,23338,135.6053,226,135.6667,21.1297,23.541,120
237,195.9417,23513,134.9605,224,136.3556,21.4738,23.7285,120
238,194.728,24341,134.8158,231,135.4667,21.0568,23.6099,125
239,195.8455,24089,135.1711,232,135.6889,21.2998,23.34,123
240,197.3443,24076,134.7368,230,135.3333,20.3405,23.6482,122
241,196.4397,22787,134.2895,227,134.6444,21.5822,23.5647,116
242,193.275,23193,134.5,219,135.0556,21.3708,23.0816,120
243,194.3966,22550,132.9737,226,132.9444,22.7256,22.9329,116
244,195.4508,23845,134.6912,246,135.2,21.1872,23.2521,122
245,192.0508,22662,134.8816,229,135.4778,22.7952,23.1854,118
246,191.2778,24101,137.6447,221,136.9,21.7557,23.3771,126
247,190.395,22657,133.6316,222,133.7556,22.321,22.5768,119
248,194.3504,22739,134.7647,236,134.8,22.1208,23.6992,117
249,192.188,22486,136.7763,218,136.5556,21.5579,22.9022,117
250,194.8487,23187,133.5441,220,134.3444,21.8656,23.146,119
251,192.7059,22932,135.8158,229,135.8889,21.6163,23.2581,119
252,194.5726,22765,137.3816,231,137.0222,21.4757,23.2328,117
253,195.7479,23294,135.7895,224,136.3111,21.7227,23.2583,119
254,198.2034,23388,134.7368,253,135.0444,21.9432,23.5412,118
255,197.8871,24538,134.6842,236,134.4778,21.8706,23.1758,124
256,197.8729,23349,135.5658,236,135.2111,21.6299,23.1956,118
257,198.9412,23674,133.6053,245,133.6667,21.7947,23.8885,119
258,200.3362,23239,135.4474,233,135.1889,21.5613,23.4594,116
259,200.935,24715,135.7105,254,135.8889,21.2834,23.6703,123
260,197.0593,23253,134.2632,235,135.2222,20.5492,23.26,118
261,197.0847,23256,134.9079,243,135.4778,21.0683,23.7005,118
262,200.0769,23409,135.7632,227,136.3667,21.6875,23.0621,117
263,197.0242,24431,133.7632,223,133.9667,21.0039,23.4744,124
264,197.6967,24119,136.3158,229,135.7667,21.8501,22.7463,122
265,198.6134,23635,134.1324,244,133.9778,21.1851,24.3047,119
266,200.4407,23652,134.4875,229,135.4222,21.2826,23.5969,118
267,199.125,23895,133.5526,237,133.1111,21.2905,23.5401,120
268,199.2564,23313,135.1184,232,134.4111,21.472,23.0208,117
269,199.931,23192,134.3026,234,134.4,22.1865,23.129,116
270,197.7845,22943,134.9868,234,134.6778,21.5807,23.4173,116
271,194.208,24276,136.0658,226,135.8333,20.9864,23.3457,125
272,195.265,22846,134.9605,223,135.3333,21.7128,22.9182,117
273,194.3833,23326,135.0294,226,135.7889,21.2769,23.4518,120
274,194.9076,23194,137.4605,234,137.0889,21.9951,23.3159,119
275,194.6695,22971,134.4342,227,134,21.8277,23.254,118
276,191.7951,23399,135.1579,224,134.8333,20.7442,23.3992,122
277,193.6328,24785,136.4342,240,136.8222,21.2492,23.2837,128
278,193.2951,23582,135.2237,225,136.2111,22.1269,23.3345,122
279,192.7094,22547,138.6447,218,138.5,21.2685,23.706,117
280,195.5172,22680,138.1842,220,138.4,21.4857,23.7502,116
281,191.3223,23150,136.5921,230,137.0667,22.1648,23.7605,121
282,188.8636,24930,134.6447,219,135.5222,21.7394,23.0568,132
283,190.4167,22850,135.0658,218,136.2889,21.516,22.8656,120
284,189.4828,21980,133.6618,213,134.3556,21.8381,23.3293,116
285,191.0738,23311,136.1053,230,136.7,22.0328,22.8942,122
286,192.4711,23289,134.9706,221,135.2111,21.4132,23.0412,121
287,191.4403,25653,137.2632,219,137.5889,21.5696,23.3316,134
288,192.3852,23471,137.7632,228,138.0333,22.1295,23.4317,122
289,193.2845,22421,137.3289,228,137.3889,21.1165,23.5749,116
290,192.4797,23675,134.6316,227,135.1778,21.928,23.9076,123
291,194.464,24308,133.8947,239,133.9667,21.7321,23.5607,125
292,195.5556,22880,136.1447,233,136.1778,21.2894,23.3013,117
293,194.0081,24057,134.5526,224,134.7889,21.7189,23.3286,124
294,191.9661,22652,135.4211,222,135.1556,21.7583,23.5372,118
295,196.6838,23012,134.0395,232,133.9111,22.0996,23.2367,117
296,196.6186,23201,135.1842,227,134.6778,22.1977,23.1638,118
297,198.2931,23002,136.3158,241,136.2778,21.8487,23.8739,116
298,196.8291,23029,133.8947,232,134.5,21.6292,22.7646,117
299,197.4701,23104,135.6471,231,135.9889,21.9198,23.3589,117
300,195.2414,22648,135.2237,236,134.8444,22.358,23.8255,116
301,196.7203,23213,134.8947,233,134.9111,21.8332,23.3589,118
302,199.1966,23306,137.2368,228,136.6222,21.4171,23.4522,117
303,198.4957,23224,134.1711,228,134.7333,21.5965,23.0934,117
304,204.0672,24284,133.6579,245,133.2556,20.6906,23.6339,119
305,209.1102,24675,135.5,251,136.6111,20.7858,23.5827,118
306,214.4472,26377,133.8816,261,134.8778,21.4694,23.1987,123
307,221.9483,25746,136.3421,255,135.8556,20.6522,23.3125,116
308,235.3361,28005,135.3158,288,136.2111,20.8854,23.401,119
309,249.6923,29214,138.0921,319,137.1333,20.2849,23.4619,117
310,256.9487,30063,134.9474,310,135.7333,20.6287,23.2615,117
311,267.0086,30973,137.2895,326,137.5333,20.8678,23.3455,116
312,274.6838,32138,134.1974,335,135.1222,20.1204,23.1989,117
313,285.1111,33358,136.5,363,136.9333,20.8737,23.2851,117
314,287.7414,33378,136.3553,358,137.0444,20.9127,23.0329,116
315,295.3621,34262,138.7763,361,139.6556,20.3323,23.124,116
316,299.7712,35373,136.3289,360,136.4556,20.6869,22.9854,118
317,300.0769,35109,136.9853,367,136.7,20.5518,23.1758,117
318,304.2586,35294,135.3421,418,135.4444,20.3207,23.0898,116
319,306.75,35583,137.8553,368,136.8333,20.655,22.9612,116
320,307.4322,36277,136.7794,400,138.1889,20.7298,23.1097,118
321,306.7395,36502,135.8684,368,136.1333,20.6385,23.0511,119
322,304.7899,36270,137.8553,394,138.3444,20.6238,23.3319,119
323,305.4828,35436,136.6842,369,136.5444,20.8417,23.126,116
324,308.0431,35733,139.5921,364,139.5,20.637,23.3543,116
325,305.8621,35480,136.5921,370,136.9889,20.3456,23.0368,116
326,302.6897,35112,136.9211,395,137.9111,20.6737,23.2657,116
327,298.6864,35245,137.1184,361,137.0667,20.6063,22.8886,118
328,295.4359,34566,136.9265,365,138.0222,20.4675,22.8466,117
329,297.0169,35048,134.7647,393,135.2333,20.8208,23.1161,118
330,296.0684,34640,135.9079,350,137.0333,20.8577,22.9984,117
331,292.2991,34199,137.3088,358,138.7556,20.4498,23.2572,117
332,291.265,34078,137.6842,360,138.3222,20.6664,23.2452,117
333,291.2069,33780,136.5395,349,136.9333,20.8337,22.9607,116
334,290.4397,33691,136.3824,355,136.2889,20.5749,23.0234,116
335,289.6466,33599,138.5132,381,138.0778,20.6904,23.3137,116
336,287.681,33371,137.1579,355,137.6333,20.8788,23.4052,116
337,285.181,33081,135.6316,344,136.0222,20.97,22.6353,116
338,286.2393,33490,135.8088,357,136.6333,20.9024,22.9792,117
339,282.0427,32999,134.5441,330,136.2444,20.4084,23.1765,117
340,283.4746,33450,135.8816,340,137.6,20.6727,22.8874,118
341,277.5862,32200,135.2941,339,136.5556,20.8034,23.1514,116
342,283.4615,33165,135.1974,334,135.8556,20.5598,23.3813,117
343,279.8034,32737,135.75,336,136.3889,20.6338,23.1954,117
344,283.1795,33132,135.9211,348,136.9222,20.7824,22.9185,117
345,282.2759,32744,135.8971,334,135.5333,20.6864,23.4719,116
346,280,32480,135.9868,338,136.0111,20.8352,23.3513,116
347,283.8136,33490,137.1974,343,137.0556,21.1632,22.8858,118
348,282.5763,33344,135.6029,330,135.9556,20.9339,23.0259,118
349,280.0847,33050,136.5789,342,136.1889,20.8266,23.0181,118
350,282.8448,32810,136.9079,334,136.2556,20.5659,22.9442,116
351,287.2241,33318,135.4118,359,136.4333,20.7837,23.2437,116
352,294.6441,34768,135.5526,356,136.2667,20.9295,22.8775,118
353,290.5776,33707,135.8971,346,135.6222,21.0158,23.1378,116
354,292.4224,33921,136.1447,359,136.7111,20.7887,23.3456,116
355,293.8276,34084,137.6579,348,138.7667,20.6265,23.0555,116
356,289.7563,34481,135.6842,347,136.4444,20.4891,22.8753,119
357,289.3017,33559,135.4853,345,138.0444,21.1642,22.5582,116
358,292.3448,33912,136.5735,372,137.1222,20.5224,23.1966,116
359,289.6325,33887,134.6447,356,136.1667,21.1289,22.9884,117
360,290.6667,34008,134.25,356,135.9444,20.9309,23.0612,117
361,293.4407,34626,135.0132,372,136.2111,20.3375,23.5119,118
362,293.4615,34335,136.9474,355,137.4111,20.8068,23.2248,117
363,288.9829,33811,136.5263,343,137.1,20.6683,23.0179,117
364,290.6034,33710,135.9211,335,135.7444,20.8226,23.124,116
365,288.8034,33790,137.5526,360,138.3111,20.7391,23.1621,117
366,288.0086,33409,135.9868,369,136.0333,20.9615,22.9197,116
367,289.4655,33578,137.1618,361,137.1778,20.7389,22.9211,116
368,286.9138,33282,135.7059,358,135.8333,20.7905,23.2593,116
369,292.3077,34200,135.0921,362,135.2556,20.9487,23.144,117
370,287.6897,33372,135.7105,356,136.3778,20.6,23.1248,116
371,286.7607,33551,136.1974,347,136.7333,20.7912,22.9209,117
372,289.5593,34168,138.7059,347,138.2889,20.77,23.2518,118
373,284.9831,33628,135.7895,368,136.9222,20.7727,23.0646,118
374,283.2328,32855,134.7895,329,134.8111,20.7125,23.1544,116
375,282.5593,33342,135.9211,349,136.2222,20.8967,23.1703,118
376,282.1333,33856,137.0132,350,137.8222,20.6127,23.1613,120
377,281.5417,33785,136.3684,353,136.8889,20.6686,23.1259,120
378,279.7521,32731,137.1711,349,137.2,21.0503,22.9004,117
379,277.0431,32137,134.9559,357,135.6444,20.5327,23.212,116
380,276.3636,33440,136.3947,345,136.5222,20.8512,23.2318,121
381,278.188,32548,134.1053,344,134.4111,20.9153,23.0462,117
382,279.0342,32647,135.9737,342,137.2333,20.83,23.1258,117
383,275.8136,32546,137.3421,357,137.0111,20.5113,23.0903,118
384,276.9914,32131,137.8947,332,137.5778,20.9401,23.1297,116
385,271.2069,31460,134.3684,323,135.3111,20.6027,23.1116,116
386,269.9576,31855,133.6447,335,134.0444,20.5696,22.9832,118
387,267.7607,31328,133.6471,321,134.9667,20.8478,22.9401,117
388,268.7119,31708,135.8382,322,136.7889,20.9502,23.1698,118
389,265.8707,30841,137.1842,309,137.1556,20.6839,23.0262,116
390,268.9138,31194,136.4605,319,135.8111,20.7182,23.2543,116
391,271.5508,32043,138.2237,331,138.2667,20.6967,23.1103,118
392,270.1695,31880,134.9737,315,135.2556,20.9181,23.1548,118
393,273.3248,31979,135.9474,337,136.7889,20.9071,23.1193,117
394,273.7213,33394,135.4211,327,135.7222,21.2416,22.8785,122
395,275.3362,31939,135.6912,337,136.2111,20.6367,23.0435,116
396,278.0661,33646,136.6842,335,136.9889,21.0253,22.957,121
397,281.1795,32898,135.0147,359,136.4889,20.6798,22.9976,117
398,284.7288,33598,134.8088,337,135.4,20.7141,23.139,118
399,286.3534,33217,136.2237,346,137.5333,20.885,23.3152,116
400,283.8462,33210,137.1711,359,137.3778,20.841,23.3169,117
401,290.6239,34003,137.4605,351,137.7889,20.5754,23.1181,117
402,285.3879,33105,134.9737,352,135.5778,20.9599,23.0441,116
403,287.7983,34248,134.6711,378,135.7556,20.7545,23.0589,119
404,287.1453,33596,136.7105,348,137.0778,20.88,23.1948,117
405,288.0171,33698,136.0526,357,136.6333,20.4055,23.2139,117
406,286.8718,33564,136.8553,363,137.8444,20.9166,23.0678,117
407,282.7395,33646,135.5921,337,135.4,21.0991,23.3056,119
408,283.5948,32897,136,343,136.7778,20.9243,23.1292,116
409,276.5902,33744,136.2763,349,136.5333,20.6166,23.1663,122
410,277.6,33312,134,339,135.3667,20.7323,22.9554,120
411,278.8167,33458,135.1471,362,137.0778,20.8708,23.261,120
412,278.5641,32592,134.4474,335,134.5667,20.8012,23.3583,117
413,275.0259,31903,136.1842,331,136.4556,20.6704,23.2812,116
414,275.1293,31915,134.9474,341,136.3889,20.5568,23.2548,116
415,274.8462,32157,134.4211,344,134.7889,20.7332,23.242,117
416,274.4876,33213,134.5921,352,135.3556,20.9687,23.3403,121
417,277.188,32431,135.6711,333,135.6889,20.6565,23.0969,117
418,273.7328,31753,136.0658,324,136.5,20.7913,23.097,116
419,269.9068,31849,135.6579,335,136.8,20.9478,23.2377,118
420,270.6154,31662,136.2237,324,136.0556,20.6625,23.3052,117
421,270.3103,31356,136.6447,342,136.6556,20.402,23.2129,116
422,268.8571,31994,136.0789,318,136.3667,20.8586,22.9581,119
423,265.9914,30855,134.9265,315,134.7556,20.8781,23.2233,116
424,269.7521,32640,135.8816,320,136.8667,20.9997,23.3729,121
425,268.0085,31357,134.7368,322,134.8556,21.097,23.2081,117
426,269.7241,31288,134.6842,337,135.2556,20.3996,23.4126,116
427,268.7458,31712,133.2895,315,134,21.2957,23.0119,118
428,268.3017,31123,136.8421,324,137.0667,20.7682,23.0738,116
429,263.1176,31311,136.8947,324,136.7667,20.4424,23.0923,119
430,262.9224,30499,134.5,319,135.8444,20.8913,23.3935,116
431,261.5897,30606,134.9474,327,135.3111,21.0043,23.137,117
432,264.1293,30639,137.2105,319,136.4667,21.322,23.2807,116
433,264.0259,30627,135.3553,324,136.4444,20.6138,23.4705,116
434,262.3675,30697,135.3289,341,135.5556,21.2205,23.1475,117
435,259.2131,31624,135.9211,312,136.1556,20.8723,23.0506,122
436,259.2586,30074,136.4605,332,137.4444,20.6127,23.1593,116
437,261.4959,32164,134.5921,339,134.9889,21.0479,23.0811,123
438,259.3529,30863,134.8947,312,135.0111,21.005,23.0025,119
439,258.9068,30551,137.8816,304,138.2778,20.8231,23.4487,118
440,259.5798,30890,135.75,332,135.8556,21.0558,23.399,119
441,260.8333,31300,135.9605,309,137.0333,20.8964,23.4566,120
442,262.3898,30962,134.7237,320,135.9889,20.995,23.2222,118
443,265.084,31545,134,312,134.5556,20.8752,23.098,119
444,264.6897,30704,133.9605,326,134.7222,20.8494,23.2339,116
445,269.2821,31506,135.5526,322,135.3667,20.669,23.1993,117
446,265.906,31111,137.4737,326,137.5556,21.1906,23.1255,117
447,263.25,31590,135.7895,320,136.5111,21.0958,23.0535,120
448,258.5299,30248,134.8026,313,135.4889,20.8334,23.1636,117
449,258.7009,30268,135.1184,295,135.6444,21.2058,22.9109,117
450,254.8595,30838,135.7059,313,136.1889,21.1337,23.2184,121
451,256.0424,30213,134.25,311,134.7889,21.0769,23.1237,118
452,254.681,29543,136.0526,299,136.7,20.6113,23.1511,116
453,255.1379,29596,135.5921,305,136.1111,20.9618,23.1456,116
454,249.8618,30733,135.4211,320,136.5444,20.7385,23.4779,123
455,251.7131,30709,133.5132,293,134.3111,21.0065,23.2924,122
456,248.188,29038,134.1579,296,134.0667,21.0762,23.2715,117
457,248.7521,29104,135.5789,289,135.7111,21.0742,23.2493,117
458,244.6638,28381,135.3816,288,135.9667,21.3473,23.1867,116
459,240.9487,28191,133.5526,291,133.6778,20.8815,23.2282,117
460,240.7241,27924,135.9868,285,136.3111,20.5923,23.1341,116
461,235.8833,28306,135.0132,291,135.1556,20.7539,23.7048,120
462,234.8319,27945,135.4605,292,135,21.2016,23.0539,119
463,233.5042,27787,133.8947,287,134.0111,21.2751,22.9913,119
464,233.4188,27310,135.0588,277,135.5444,20.9342,23.0075,117
465,234.4454,27899,136.3816,281,137.1,21.4534,23.4145,119
466,236.7759,27466,133.8026,284,134.3556,21.0929,23.0479,116
467,238.1933,28345,134.1579,292,133.9333,20.8412,23.0896,119
468,238.1552,27626,135.8289,282,136.0778,21.4497,23.119,116
469,241.8879,28059,136.5132,289,136.1,21.2441,23.2649,116
470,246.4655,28590,134.1184,309,134.8,20.9877,23.3944,116
471,243.2672,28219,133.75,307,134.9667,21.2132,23.115,116
472,242.8729,28659,136.3289,296,136.6222,21.2736,23.6171,118
473,242.178,28577,135.0658,294,134.1778,21.0087,23.2524,118
474,238.5882,28392,133.1579,281,133.7556,21.2131,22.9337,119
475,234.2414,27172,135.1176,278,134.8333,21.3345,23.1745,116
476,232.1092,27621,134.3421,296,134.3556,21.5613,23.2608,119
477,229.5714,27319,137.4474,280,136.5778,21.1902,23.1512,119
478,228.7317,28134,136,265,135.7556,21.7091,23.3406,123
479,224.5345,26046,135.6447,270,135.2444,21.1849,23.1525,116
480,226.0678,26676,133.6974,275,134.2889,20.7632,23.2534,118
481,223.0331,26987,135.6579,259,135.7111,21.8356,23.1109,121
482,219.8,26376,134.0395,251,134.1222,21.3053,23.24,120
483,218.8182,26477,135.2895,260,134.5556,21.3415,23.401,121
484,220.1463,27078,132.7368,252,133.1889,21.4306,23.3411,123
485,220.3814,26005,134.6711,275,135.3111,21.4884,23.0099,118
486,215.6723,25665,134.3816,267,134.7556,21.2213,23.2373,119
487,220.2689,26212,134.0132,267,134.1111,21.0777,23.1006,119
488,223.6724,25946,133.4211,262,133.3889,21.2812,23.0128,116
489,227.7311,27100,134.8947,283,135.4556,20.5481,23.5702,119
490,226.9483,26326,134.2105,261,134.7889,21.0604,23.5102,116
491,223.5164,27269,135.0132,263,136.0333,21.3502,23.7775,122
492,223.3793,25912,134.6579,275,135.0333,20.8128,23.2227,116
493,225.1597,26794,135.4211,273,136.1333,21.2692,22.8297,119
494,223.3846,26136,133.6618,269,135.0889,21.5336,23.4917,117
495,222.9402,26084,133.6579,251,133.5,21.1675,23.0693,117
496,223.3448,25908,133.9868,271,133.9778,21.2164,23.2147,116
497,228.5339,26967,136.4211,268,136.3556,20.8596,23.2294,118
498,225.2975,27261,135.6974,294,135.5667,21.3765,23.1273,121
499,227.7797,26878,136.2237,273,135.8444,21.1982,23.1549,118
500,225.0339,26554,134.3947,264,134.3,21.1464,23.4979,118
501,225.7586,26188,134.3158,260,134.3778,21.5031,23.4038,116
502,227.2213,27721,135.0395,259,135.0111,21.8188,23.4861,122
503,228.4359,26727,135.8289,267,136.3444,21.3056,23.1394,117
504,229.8017,26657,134.3421,270,134.8556,21.2203,23.4606,116
505,231.9231,27135,136.8421,295,137.7,20.7709,23.3341,117
506,229.6891,27333,134.25,270,135.1333,21.325,23.2603,119
507,229.4444,26845,133.75,271,134.1667,21.1698,23.0249,117
508,230.6134,27443,136.9342,280,136.5444,21.4153,23.1699,119
509,229.5259,26625,134.0526,284,134.5222,21.4622,23.1516,116
510,225.9167,27110,135.5,266,136.8556,20.9496,23.4074,120
511,227.4444,26611,136.0658,267,136.3556,21.5744,23.3684,117
512,223.7414,25954,136.2368,258,135.6889,21.5208,23.3339,116
513,228.1966,26699,135.8158,264,135.5556,21.0692,23.651,117
514,228.0171,26678,133.6842,277,134.4333,20.8187,23.3029,117
515,227.5508,26851,134.5132,275,134.6444,20.9764,23.3438,118
516,229.0769,26802,134.4868,275,134.1,21.2409,23.4471,117
517,232.5431,26975,132.6184,274,132.3,21.1285,23.6378,116
518,235.9655,27372,135.0263,309,134.6778,21.4422,23.0795,116
519,235.181,27281,135.0789,283,135.2444,21.3443,23.4342,116
520,236.7155,27459,134.25,313,135.0111,21.4483,22.5535,116
521,238.6102,28156,134.3382,305,134.8,21.1207,23.2504,118
522,237.1707,29172,133.3816,293,134.0667,21.2173,23.3241,123
523,233.7328,27113,134.2895,266,135.1556,21.4586,22.8219,116
524,239.1368,27979,134.3824,297,135.1667,21.1557,23.16,117
525,237.0661,28685,135,290,134.7667,21.2795,23.3654,121
526,232.5254,27438,136.1711,292,136.1556,21.2025,23.1783,118
527,229.878,28275,133.3289,275,134.2111,21.1801,23.084,123
528,229.124,27724,135.6579,284,135.4667,20.9399,23.4901,121
529,226.3659,27843,135.2763,268,136.4222,21.4646,23.3724,123
530,228.0083,27589,134.1447,283,134.4444,21.5456,22.8809,121
531,228.931,26556,135.25,262,136.2778,21.4109,23.435,116
532,228.5517,26512,133.9737,274,134.0111,21.5126,23.1047,116
533,227.0328,27698,135.7368,285,135.7,21.6466,23.2054,122
534,228.2373,26932,133.1974,270,132.7889,21.475,23.4611,118
535,227.2222,26585,134.4868,261,135.4111,21.1588,23.0155,117
536,226.75,26303,134.4474,266,134.9,20.9275,23.7762,116
537,220.7328,25605,133.7895,262,134.9222,21.4457,23.254,116
538,219.5126,26122,134.6184,255,134.3444,21.2275,23.212,119
539,219.1638,25423,134.6447,266,134.4667,21.2879,23.4545,116
540,216.5603,25121,134.3947,279,133.7333,21.1701,23.3948,116
541,218.0169,25726,136.1316,260,136.3,21.0826,23.6358,118
542,212.2066,25677,134,258,134.6556,21.4848,23.1836,121
543,213.0756,25356,135.2237,267,136.2333,21.4421,23.7146,119
544,211.9141,27125,135.25,252,135.9111,22.0054,23.2808,128
545,212.431,24642,136.3947,255,136.1667,21.6179,23.6637,116
546,209.7672,24333,132.5789,244,133.4444,21.6299,23.0466,116
547,207.808,25976,133.7632,261,133.9,21.9627,23.236,125
548,207.2821,24252,133.9605,270,133.9667,20.8764,23.4973,117
549,206.3077,24138,135.8289,240,136.5111,21.9616,23.4583,117
550,209.0086,24245,134.7105,253,134.6444,21.6588,23.1815,116
551,208.1111,24349,134.4737,256,134.6889,21.384,24.0302,117
552,207.4553,25517,134.3125,246,134.9,21.3651,23.6841,123
553,210.2689,25022,135.2368,249,135.3111,21.5555,23.5956,119
554,209.6555,24949,134.6842,245,134.7889,21.9817,23.2181,119
555,211.8595,25635,132.0526,250,132.2222,21.6257,23.574,121
556,211.8203,27113,134.9737,247,135.9111,21.2914,23.3301,128
557,212.8898,25121,134.2763,259,134.7,21.3477,23.3625,118
558,215.3793,24984,133.9474,246,134.7556,22.0104,23.0549,116
559,212.126,26940,134.3947,265,134.5889,21.5679,23.3253,127
560,209.36,26170,134.5263,242,134.5111,21.8778,23.2013,125
561,207.3305,24465,133.75,245,134.0667,21.9413,23.432,118
562,210.4017,24617,134.6842,253,134.9778,21.6994,23.103,117
563,210.6983,24441,135.4868,254,135.7111,21.6356,23.1402,116
564,207.437,24685,134.7105,257,135.4889,21.6613,23.4121,119
565,209.5897,24522,135.4474,246,135.6667,21.8873,23.5987,117
566,202.6083,24313,134.0789,237,134.0889,21.6937,23.3562,120
567,204.1466,23681,134.6579,238,134.5333,21.5721,23.3494,116
568,203.5983,23821,136.2895,251,136.3333,21.691,23.6549,117
569,198.4634,24411,135.3026,235,135.5111,22.3876,23.8198,123
570,199.4915,23540,133.4605,251,133.6222,22.6904,22.7196,118
571,196.0081,24109,134.6029,232,135.2333,21.7166,23.5763,123
572,196.9231,23040,134.9342,229,134.9556,21.4911,23.6055,117
573,196.5897,23001,133.6974,228,134.2778,22.1378,23.2149,117
574,194.6231,25301,134.5263,232,134.3,22.4924,22.8905,130
575,195.1293,22635,133.7353,234,134.9,21.8479,23.074,116
576,195.9828,22734,134.9079,243,135.0333,21.7085,23.638,116
577,194.1121,22517,136.1053,225,136.0667,22.4737,23.4172,116
578,195.8525,23894,134.1974,224,134.4889,21.6004,23.2977,122
579,194.9915,22814,135.6053,224,135.7,21.501,23.0684,117
580,195.9831,23126,134.4211,239,134.5222,21.9804,22.8125,118
581,196.1721,23933,134.6471,223,134.7556,21.5491,22.886,122
582,195.7258,24270,134.2206,226,134.7111,21.3588,23.7764,124
583,197.2778,24857,133.4342,226,133.4,21.7106,23.5036,126
584,196.1885,23935,134.0263,234,133.9444,21.9651,23.2021,122
585,197.5868,23908,134.8684,228,134.8222,22.7758,22.9181,121
586,198.6724,23046,132.6618,248,133.2,22.2727,23.3913,116
587,194.68,24335,133.2895,222,133.7,22.1368,23.6412,125
588,197.1368,23065,134.6842,225,134.3444,22.0664,23.4598,117
589,196.8376,23030,135.6053,241,135.7778,22.1988,23.6611,117
590,194.992,24374,136.0921,227,136.4111,22.4884,23.0615,125
591,194.6121,22575,131.8553,235,131.9111,21.8118,23.4659,116
592,195.3729,23054,134.1184,228,133.3111,21.6474,23.7047,118
593,194.5207,23537,133.4342,233,133.7333,22.6213,23.5699,121
594,194.6525,22969,133.8026,229,134.3889,22.1682,23.3581,118
595,193.9781,26575,134.0658,236,134.5222,22.2824,23.2904,137
596,196.2097,24330,134.1447,235,134.1444,21.9513,23.7919,124
597,193.1429,22984,133.75,222,133.7111,22.2813,23.3049,119
598,196.3852,23959,135.3026,246,134.5,22.8217,23.2408,122
599,191.9237,22647,132.3158,243,132.8889,22.2198,22.8032,118
600,194.2393,22726,133.0882,223,134.7667,22.8228,23.7423,117
601,196.5128,22992,134.75,224,135.6333,21.9114,23.7851,117
602,194.7797,22984,134.4211,223,135,21.713,22.9346,118
603,194.3277,23125,135,217,134.3778,21.8593,23.2729,119
604,195.3782,23250,133.8816,233,134.1111,22.0291,23.2127,119
605,193.625,23235,134.1184,235,134.2889,21.616,23.3213,120
606,195.2479,23625,134.1842,230,134.3444,21.5671,23.6785,121
607,193.9417,23273,133.9211,222,133.8,21.3351,23.6797,120
608,194.1983,22527,133.4605,239,134.0222,21.9182,23.2342,116
609,192.8814,22760,135.5921,229,135.1222,22.2156,22.9841,118
610,193.0932,22785,134.2941,226,134.8333,22.4706,23.2303,118
611,191.1653,23131,134.1447,222,134.1667,21.8316,23.7119,121
612,188.4141,24117,134.25,225,134.5111,22.6719,23.0106,128
613,188.8271,25114,133.5526,235,133.3778,22.6316,23.5931,133
614,188.5,23374,133.7105,229,133.3222,22.5111,23.5125,124
615,187.2362,23779,133.0789,219,133.0667,22.6314,23.4245,127
616,187.3704,25295,135.4737,217,135.5222,23.1304,23.19,135
617,186.2846,24217,132.9868,221,133.4667,22.8668,23.14,130
618,189.9658,22226,133.3158,222,133.6444,22.3835,23.4194,117
619,188.9661,22298,134.1842,224,134.4778,22.7384,23.045,118
620,187.5366,23067,134.4868,223,134.1333,22.4661,23.4245,123
621,189.8655,22594,136.4079,230,135.8111,21.9481,23.5188,119
622,189.5339,22365,132.9474,222,133.4333,22.7326,22.6776,118
623,191.3534,22197,135.5735,229,136.0444,22.6294,23.5792,116
624,189.2975,22905,133.3947,232,134,23.3174,22.7766,121
625,190.7373,22507,133.7941,217,134.4444,22.6928,23.5535,118
626,188.8136,22280,133.4342,225,133.1778,22.7805,23.0574,118
627,186.8534,21675,133.9474,216,134.3333,22.4822,23.7615,116
628,189.0333,22684,134.6711,216,134.6778,22.1986,22.797,120
629,186.1463,22896,134.2647,224,134.6556,23.7686,22.7909,123
630,186.7009,21844,135.1912,214,135.3667,22.2771,23.0431,117
631,186.9077,24298,133.75,218,134.4222,22.8125,23.1195,130
632,188.6897,21888,134.25,215,134.6222,23.3259,23.0674,116
633,187.6066,22888,135.4342,228,135.2444,22.3755,23.2326,122
634,186.1681,22154,132.6711,217,132.5556,22.4105,23.1854,119
635,184.1102,21725,132.9737,214,132.7333,22.836,23.2275,118
636,186.1694,23085,134.7368,218,134.5667,22.1447,22.6327,124
637,185.7,22284,133.3971,231,134.1111,23.0567,23.1022,120
638,188.0948,21819,134.7105,215,134.3222,22.2028,22.9032,116
639,185.9576,21943,134.2647,217,134.8667,23.7668,23.3698,118
640,184.7213,22536,133.3158,227,133.1778,22.7164,23.5429,122
641,186.016,23252,135.7237,210,135.1,22.8911,23.3797,125
642,186.0256,21765,133.5263,217,134.0222,22.6874,23.3252,117
643,186.4724,23682,134.4605,213,134.6111,22.4661,23.5975,127
644,187.7295,22903,135.1053,217,135.5333,23.2117,22.7408,122
645,185.8403,22115,133.7941,213,133.9222,23.7223,22.8175,119
646,186.812,21857,134.75,227,134.8222,23.384,23.636,117
647,186.5603,21641,133.6579,223,134.0111,22.624,23.4046,116
648,187.9322,22176,134.6579,224,134.9889,22.6665,23.2499,118
649,184.3478,25440,135.9737,214,136.1889,22.9367,22.3952,138
650,185.7692,21735,133.2647,210,134.3111,22.4927,23.4708,117
651,185.8934,22679,133.0658,223,133.0222,23.737,23.328,122
652,186.6303,22209,133.5263,224,132.7556,23.093,23.1956,119
653,186.2302,23465,133.9737,219,133.9222,23.8545,22.9878,126
654,185.7647,22106,135.25,211,135.2778,22.831,23.5584,119
655,185.4297,23735,133.75,219,133,22.9482,23.6192,128
656,185.7422,23775,133.5132,232,132.7444,22.1162,23.2413,128
657,185.3248,21683,132.8026,211,132.2556,23.5207,23.338,117
658,185.6034,21530,134.7368,220,133.3667,21.7137,23.2813,116
659,188.0342,22000,132.8158,219,132.3667,22.809,22.549,117
660,186.5593,22014,132.6324,214,133.9556,23.1976,23.221,118
661,187.0248,22630,134.5921,223,133.5333,23.1447,23.4219,121
662,187.6098,23076,134.0263,217,133.8667,22.0982,23.2708,123
663,188.0714,23697,134.5789,232,135.2222,23.4758,22.8754,126
664,189.125,22695,134.1912,221,134.3444,22.793,23.4871,120
665,189.4188,22162,134.25,218,133.9667,22.4463,23.9266,117
666,186.0847,21958,132.4868,211,132.6556,23.2162,22.8637,118
667,186.6198,22581,134.3235,242,135.4667,22.2627,23.1721,121
668,185.9085,26399,132.5658,209,133.3444,23.107,23.4865,142
669,185.4615,21699,133.1184,219,133.5111,22.7559,23.5742,117
670,185.2295,22598,134.6711,218,135.4,22.1983,24.2516,122
671,189.4052,21971,136.3125,225,136.4333,22.2915,23.3828,116
672,185.8462,21744,134.5658,227,134.5556,22.5281,23.6173,117
673,184.3898,21758,135.9605,214,135.9778,23.5427,23.9481,118
674,184.3175,23224,132.1447,220,132.6667,22.818,23.1517,126
675,187.0603,21699,133.5921,221,133.6444,22.0498,23.4951,116
676,186.4634,22935,133.9737,212,133.9889,23.0974,22.1885,123
677,186.1638,21595,133.5588,218,134.4778,23.4782,23.7358,116
678,185,21645,133.8816,221,133.7111,22.5561,22.8482,117
679,187.4153,22115,134.6912,220,134.7222,23.9846,22.4915,118
680,186.2905,27571,135.4853,216,135,24.6696,23.1493,148
681,184.3386,23411,135.1579,213,133.7667,23.5307,24.1466,127
682,185.7265,21730,135.1,218,134.4889,22.6055,23.1517,117
683,184.1339,23385,133.7895,222,133.3556,23.9205,22.8872,127
684,185.8814,21934,133.6765,218,134.5111,22.3545,23.2624,118
685,186.3261,25713,135.1842,217,135.6889,22.6761,23.2264,138
686,184.4882,23430,134.8289,226,135,22.6125,23.0755,127
687,186.9328,22245,133,213,132.9667,23.3215,22.7836,119
688,185.8655,22118,132.4706,218,133.4333,22.4585,23.1732,119
689,187.0072,25807,134.0658,226,134.2,22.9591,22.9044,138
690,184.6667,22714,133.2647,215,134.5889,23.5285,23.3063,123
691,183.3433,24568,132.9342,206,133.5778,23.6724,23.5423,134
692,186.125,22335,133.4605,211,134.1333,21.6851,23.8506,120
693,189.1724,21944,135.7105,217,136.0333,22.2855,23.5154,116
694,186.7459,22783,134.1579,216,135.0111,22.3553,23.8486,122
695,187.5159,23627,134.7105,220,135.0667,22.8725,23.3186,126
696,185.5565,23009,132.1184,208,132.9222,23.2293,22.4174,124
697,187.6667,22520,133.9265,219,133.5,23.2603,23.5865,120
698,184.1818,22286,133.2895,212,133.8556,23.7112,22.9069,121
699,187.1885,22837,136.4853,220,136.2444,22.9569,23.1908,122
700,186.8943,22988,133.8553,220,133.1778,22.8335,22.5273,123
701,186.6803,22775,135.4706,224,134.8333,23.3699,23.4305,122
702,185.879,23049,134.3026,224,134.7889,23.6895,22.4682,124
703,185.3952,22989,133.4706,221,133.5444,23.1537,23.1932,124
704,186.6949,22030,133.0263,209,133.5667,23.7081,23.2798,118
705,187.322,22104,132.6842,221,133.3111,23.4324,22.8876,118
706,185.88,23235,133.1471,220,133.5667,23.1689,23.3676,125
707,185.681,21539,134.7368,212,134.0889,22.5554,23.003,116
708,186.7812,23908,133.6184,227,133.2889,24.4734,22.8095,128
709,188.4876,22807,133.5294,217,134.3778,23.4802,23.7121,121
710,189.5122,23310,135.7105,225,135.0667,23.7566,23.0367,123
711,187.4797,23060,135.4868,216,134.0889,23.7214,22.6421,123
712,186.1653,22526,134.6029,231,135.3889,22.6657,23.8147,121
713,190.8843,23097,133.5921,227,134.0444,23.0765,22.8146,121
714,191.918,23414,132.3382,220,133.2889,22.6582,22.8764,122
715,194.7742,24152,133.9706,230,133.8778,22.177,23.1375,124
716,197.8966,22956,133.8947,229,133.5444,22.382,22.9532,116
717,197.9661,23360,134.1912,239,134.8556,22.23,23.1245,118
718,199.4,23928,134.7237,229,135.3667,21.8198,23.7788,120
719,201.2109,25755,133.2237,229,134.6444,22.2626,23.3768,128
720,207.0417,24845,134.2368,242,134.1333,21.9779,23.2603,120
721,208.4146,25635,133.2632,261,132.9444,22.0036,23.5765,123
722,215.8547,25255,134.3816,258,134.6,21.4285,23.41,117
723,218.9917,26279,134.8816,260,135.8111,21.8263,23.488,120
724,220.459,26896,134.2895,259,134.8778,21.1227,23.5774,122
725,225.0598,26332,134.5921,281,134.8,21.8693,22.9978,117
726,226.7778,26533,133.9118,275,133.2778,21.9361,23.1181,117
727,228.2564,26706,134.0132,269,134.4333,21.341,23.5484,117
728,229.8898,27127,135.8816,271,135.5778,21.688,23.1119,118
729,233.0678,27502,134.8947,271,134.8778,21.4212,23.2601,118
730,234.5385,27441,134.5395,304,134.3333,21.4212,23.3018,117
731,235.9,28308,135.6053,286,136.7,21.5576,23.3927,120
732,234.7778,27469,135.4342,290,135.5,21.4719,23.1162,117
733,236.8362,27473,135.4868,285,135.4111,21.6062,23.1736,116
734,238.1538,27864,132.5789,280,132.8111,21.8789,23.4141,117
735,236.7542,27937,136.3947,291,136.6667,22.0623,23.1771,118
736,237.4188,27778,134.3026,277,134.7111,21.8085,23.0355,117
737,236.5083,28381,136.1711,278,135.7556,21.8722,23.0937,120
738,234.7355,28403,133.8289,290,134.5444,21.7863,23.2303,121
739,237.6417,28517,134.2895,287,134.6111,21.7832,23.3965,120
740,235.8644,27832,133.0526,285,132.9444,21.9047,22.942,118
741,236.8898,27953,134.6618,287,134.5778,22.0273,22.807,118
742,234.0504,27852,135.5588,284,135.6778,22.0041,22.7539,119
743,233.1897,27050,132.7353,278,133.1333,21.589,22.6096,116
744,233.7373,27581,134.5294,294,135.3444,21.9844,23.2423,118
745,230.2564,26940,135.75,273,135.9556,21.973,23.1405,117
746,228.3193,27170,134.9474,276,134.5111,22.0287,22.9677,119
747,226.2479,26471,134.8382,265,135.9556,22.0248,23.3457,117
748,223.0769,26100,134.5921,271,135.1,22.1236,22.9442,117
749,224.75,26071,131.9853,286,131.7778,22.2562,22.9318,116
750,220.7179,25824,134.2206,260,135.4111,22.4435,22.9586,117
751,218.7734,28003,135.75,256,136.6778,22.4038,23.0289,128
752,218.1405,26395,135.3289,259,135.3,22.5436,23.0375,121
753,215.7863,25247,134.25,251,134.7111,22.0418,22.9959,117
754,214.7288,25338,134.6029,255,134.4333,22.4532,23.0762,118
755,215.4876,26074,133.9474,247,134.3333,22.2359,22.7814,121
756,217.2016,26933,132.9559,252,133.4556,22.5048,23.3123,124
757,217.3171,26730,135.9079,258,134.5667,22.542,23.5026,123
758,216.2,25944,134.8026,262,135.2333,22.0245,23.3982,120
759,212.3445,25269,133.6184,251,133.8444,22.2015,23.3318,119
760,216.7931,25148,134.2237,266,134.7111,22.1181,23.0099,116
761,218.3879,25333,135.0526,264,135.4333,22.7913,23.0545,116
762,215.9322,25480,135.2632,256,135.2222,22.3746,23.839,118
763,219.6017,25913,134.25,256,133.6889,22.4587,23.3306,118
764,222.4068,26244,134.4474,273,134.4111,22.1696,23.7148,118
765,219.4958,26120,135.6447,250,135.8333,22.2887,22.9618,119
766,218.7583,26251,134.3235,259,135.3333,21.8926,23.1151,120
767,217.5935,26764,134.5263,253,134.5778,22.2239,23.6496,123
768,218.0769,25515,133.7895,251,133.5556,22.365,23.1169,117
769,217.7414,25258,134.2763,260,134.3444,21.9789,23.1098,116
770,218.1897,25310,132.9868,257,132.5778,22.6661,23.2536,116
771,217.3197,26513,133.9868,271,134.3667,22.3515,23.594,122
772,215.4786,25211,134.0132,245,134.7889,22.75,23.2285,117
773,214.7983,25561,133.4211,266,133.4,22.4087,23.2616,119
774,210.822,24877,135.6842,265,136.4778,22.4337,23.3352,118
775,212.5556,24869,134.6184,265,134.6556,21.9631,23.4499,117
776,213.6552,24784,134.8816,267,135.4111,22.5961,23.0914,116
777,207.6387,24709,133.1579,242,133.5333,22.8347,23.201,119
778,206.1034,23908,133.0658,238,132.5,22.1076,23.1447,116
779,208.5776,24195,137,240,136.8111,22.09,23.4243,116
780,207.5462,24698,133.5526,248,133.2889,22.132,23.5267,119
781,208.4397,24179,133.1184,256,133.7444,22.1628,23.496,116
782,208.2712,24576,136.1579,261,136.5111,22.7207,22.8154,118
783,207.1653,25067,135.1912,240,135.2333,22.0313,22.831,121
784,209.2241,24270,133.3235,259,133.0889,22.8101,23.0995,116
785,213.1176,25361,135.5,253,135.7667,22.3323,23.2739,119
786,209.2333,25108,134.7237,239,134.2556,22.4943,23.1311,120
787,209.959,25615,132.2368,250,132.8,22.5793,23.4408,122
788,209.0164,25500,133.9737,241,134.2667,22.3839,23.53,122
789,208.8852,25484,135.0526,257,135.5444,22.24,23.1096,122
790,206,25750,133.8947,247,133.8333,22.8747,22.5455,125
791,205.8099,24903,132.3088,239,132.5556,22.5675,23.2644,121
792,204.5776,23731,132.4211,248,132.6778,22.663,23.1685,116
793,202.2521,24068,135.1842,229,134.8667,22.8766,23.3123,119
794,204.0165,24686,133.25,247,132.9778,22.6353,23.0513,121
795,203.0678,23962,133.7632,248,133.1111,21.9969,22.7639,118
796,203.1552,23566,135.1176,237,134.9556,22.7867,22.5844,116
797,203.7094,23834,134.4118,239,135.0556,22.7396,23.4194,117
798,200.8632,23501,135.3947,235,135.9111,23.0194,23.5394,117
799,200.812,23495,132.7368,246,133.2889,22.6688,22.4843,117
800,202.0086,23433,133.0735,248,133.9333,22.8898,23.3158,116
801,200.0948,23211,133.8289,244,134.6222,22.5734,23.5576,116
802,201.9138,23422,134.0132,230,134.1111,22.9018,23.3194,116
803,199.6552,23160,134.7368,233,134.4889,22.0521,23.1522,116
804,202.7328,23517,134.2632,239,134.1333,22.3024,23.2789,116
805,200.2437,23829,134.3684,233,135.2222,22.2582,22.8241,119
806,199.3802,24125,132.4706,237,133.0444,22.703,23.0239,121
807,199.9839,24798,135.6316,237,134.5222,22.9304,23.9146,124
808,200.5043,23459,134.4342,232,135.1111,22.2695,23.6123,117
809,198.9365,25066,136.0789,230,136.1889,22.9702,23.4912,126
810,201.3362,23355,133.1579,244,133.3778,23.3701,23.1394,116
811,203.5043,23810,134.5526,235,135.0667,22.7006,23.7421,117
812,200.1721,24421,133.5395,241,133.2778,22.6683,23.5874,122
813,202.1695,23856,134.4079,236,133.8556,22.9576,23.2838,118
814,200.1525,23618,133.2368,248,133.3222,23.1454,22.809,118
815,203.6471,24234,134.5588,247,133.6222,22.7631,23.1121,119
816,206.3277,24553,132.3553,243,131.8889,22.902,23.3456,119
817,207.7241,24096,134,242,133.5,22.6013,23.241,116
818,209.6417,25157,134.3158,258,133.6667,22.6206,23.0532,120
819,207.5714,24701,134.1316,241,134.4444,22.7581,23.0714,119
820,212.4918,25924,134.8553,260,135.6444,22.3027,23.7232,122
821,215.0598,25162,133.9211,265,134.6,22.3085,23.0006,117
822,210.314,25448,133.6184,251,133.7222,22.6963,22.6366,121
823,209.6364,25366,133.7647,255,134.6778,22.5559,22.99,121
824,207.4454,24686,134.1912,245,133.9,23.3735,23.1704,119
825,209.7667,25172,133.8947,237,134.6333,23.2395,23.1012,120
826,209.1293,24259,135.5921,244,135.8111,22.8846,23.2528,116
827,207.5897,24288,135.3026,260,135.5889,23.4447,22.6891,117
828,209.4274,24503,131.6765,240,133.1889,23.3845,23.0648,117
829,208.9145,24443,135.6711,253,135.3556,23.1029,23.6519,117
830,209.9231,24561,133.7237,238,134.0778,23.5559,22.5724,117
831,208.9655,24240,131.8676,242,131.9667,23.8651,22.7663,116
832,209.7458,24750,135.25,259,135.6333,23.6795,23.0413,118
833,209.931,24352,134.3421,263,133.6333,24.3205,22.8215,116
834,211.7815,25202,133.8971,243,134.1111,23.7405,22.8841,119
835,213.2627,25165,133.1029,257,133.6,23.7763,22.6264,118
836,214.7414,24910,133.3382,265,133.3,24.4389,23.1295,116
837,216.2951,26388,135.25,265,134.2222,23.4129,22.9634,122
838,221.176,27647,134.0147,252,135.1111,24.0515,23.308,125
839,227.7479,27102,136.3289,274,135.5444,23.5505,23.0269,119
840,234.9569,27255,134.1316,278,133.2667,23.8154,22.6957,116
841,241.5603,28021,135.0441,295,135.2222,24.1464,22.8341,116
842,247.8707,28753,134.6029,293,134.2778,23.7793,22.7548,116
843,253.069,29356,133.6765,303,134.3333,23.6441,22.8715,116
844,255.9569,29691,132.4412,308,133.2222,23.5548,22.8454,116
845,258.7966,30538,134.0441,317,134.4889,23.264,22.8255,118
846,262.6581,30731,132.2206,311,133.1667,23.4355,22.9349,117
847,261.6239,30610,132.7353,347,132.7778,23.5362,22.6075,117
848,266.8291,31219,135.5294,329,135.6111,23.4645,22.9992,117
849,266.9483,30966,134.9559,321,135.2889,23.5847,22.975,116
850,266.8621,30956,133.6912,323,134.2778,23.5438,22.4937,116
851,265.7797,31362,135.6471,344,135.4889,23.2863,22.7291,118
852,267.9914,31087,133.4706,314,133.8222,23.5898,22.535,116
853,268.0661,32436,134,340,133.5556,23.6962,22.8207,121
854,274.0756,32615,135.7206,335,135.3556,23.7594,22.6384,119
855,271.3846,31752,133.1471,314,134.5333,23.3669,22.6383,117
856,275.2328,31927,135.75,348,136.5,23.7213,22.763,116
857,275.1552,31918,134.7794,347,134.9222,23.2718,23.0263,116
858,275.1197,32189,134.5132,346,134.3333,23.4742,22.8613,117
859,277.2759,32164,134.3382,346,134.4667,22.9544,22.9674,116
860,277.4138,32180,133.4559,337,133.6889,23.4268,22.7164,116
861,272.8,32736,132.9706,334,133.7667,23.4962,22.6385,120
862,272.4417,32693,134.4706,337,135.2222,23.5246,22.6356,120
863,272.931,31660,134.1765,350,133.2667,23.431,22.8662,116
864,270.2966,31895,134.6912,330,133.9,23.4701,22.6032,118
865,267.0431,30977,134.6176,312,134.5556,23.3873,22.7586,116
866,270.1597,32149,133.3382,332,134.2111,23.1376,22.919,119
867,267.5345,31034,132.7941,334,132.8667,23.6751,22.663,116
868,266.6917,32003,135.75,322,135.7222,23.6698,23.0352,120
869,263.395,31344,133.8421,316,134.0889,23.8344,22.7409,119
870,260.2845,30193,134.5441,314,135.9,23.6572,22.6671,116
871,261.2906,30571,135.6471,317,135.9222,23.245,22.7278,117
872,259.3083,31117,133.8676,328,134.6889,23.619,22.7634,120
873,261.4322,30849,136.5,316,136.1667,23.5121,22.7675,118
874,261.7179,30621,132.6912,314,134.0778,23.6517,22.7221,117
875,258.0424,30449,135.8382,300,135.3556,23.7865,22.6953,118
876,257.9412,30695,132.6912,305,132.9111,23.8942,22.8251,119
877,255.3276,29618,132.3971,309,133.2889,23.4649,23.0422,116
878,251.0345,29120,133.1447,291,133.0222,23.4516,22.7919,116
879,249.8205,29229,135.25,314,135.7889,23.642,22.5293,117
880,244.9828,28418,135.7941,299,136.2444,24.0471,22.4656,116
881,243.2991,28466,133.6471,293,133.8778,23.6667,22.5644,117
882,237.2185,28229,132.3529,284,132.8111,23.5845,22.831,119
883,236.3448,27416,134,277,133.6889,23.8187,22.8545,116
884,230.3761,26954,135.5441,271,134.5889,24.6672,22.5949,117
885,232.7227,27694,136.2353,281,134.9111,23.931,22.6363,119
886,227.2203,26812,134.7794,289,134.5667,24.0029,22.8506,118
887,226.4872,26499,130.8235,268,131.5,24.2951,22.5859,117
888,224.3871,27824,134.6471,266,134.4111,23.4673,22.8676,124
889,221.6638,25713,133.1765,264,133.9444,23.9075,22.8924,116
890,220.7328,25605,132.7647,265,132.4111,23.9545,22.8733,116
891,222.6417,26717,135.3382,272,134.4333,24.0093,22.7866,120
892,217.4872,25446,132.2206,260,132.9222,23.8992,22.6449,117
893,216.3866,25750,132.4265,259,133.9556,24.1094,22.7431,119
894,217.094,25400,133.6471,274,134.7667,24.4415,22.7663,117
895,217.1653,26277,134.6324,260,134.5778,23.6394,22.809,121
896,218.5812,25574,133.7647,258,134.1778,24.3881,23.0499,117
897,224.5776,26051,136.3289,260,136.8,23.9216,22.5278,116
898,229.2857,27285,133.9265,268,133.9111,23.6632,22.9176,119
899,234.3966,27190,133.1912,274,133.2222,23.7001,22.4427,116
900,238.2605,28353,133.9853,292,133.9444,24.0793,22.9349,119
901,241.5172,28016,134.1176,285,134.9778,23.5518,22.6926,116
902,239.595,28991,131.0882,305,132.3889,24.4739,22.8454,121
903,237.975,28557,136.0735,287,134.8222,24.3394,22.9752,120
904,234.8347,28415,134.9265,283,135.2778,24.0585,22.6964,121
905,231.7934,28047,132.8382,283,133.5,23.8507,22.8214,121
906,233.4417,28013,134.0735,278,134.8444,23.9443,22.6409,120
907,230.959,28177,134.5294,265,135.9222,24.2819,22.924,122
908,231.1138,28427,132.9412,282,133.1889,23.7882,22.3374,123
909,235.1638,27279,132.5441,282,133.2556,23.9691,22.8185,116
910,238.5299,27908,135.3971,276,135.7222,23.6915,22.9318,117
911,241.4188,28246,134.5588,282,134.2889,23.2764,22.7714,117
912,246.1197,28796,135.4118,299,135.3111,23.5408,22.889,117
913,245.4741,28475,133.7059,279,133.8444,23.6286,23.0567,116
914,251.4138,29164,133.4342,313,134.1111,23.9395,22.968,116
915,252.8559,29837,133.6912,303,134,23.7245,22.9415,118
916,255.4483,29632,134.9265,311,133.9111,24.5803,22.7846,116
917,257.6325,30143,134.4265,313,133.8444,23.6391,22.7308,117
918,258.1724,29948,135.3529,313,134.1111,23.6974,22.7158,116
919,255.8182,30954,136.0882,320,136.0444,23.6525,22.8035,121
920,257.7241,29896,132.9706,315,133.0111,23.8206,22.6496,116
921,257.359,30111,133.2353,312,134.5333,23.675,22.6714,117
922,256.3136,30245,134.1912,312,135.2111,23.9981,22.8192,118
923,254.9397,29573,136.5,301,135.9889,23.8802,22.7288,116
924,251.2881,29652,134.6618,293,134.2333,23.7494,22.5934,118
925,245.5043,28724,133.8676,289,133.6667,23.547,22.9078,117
926,243.8879,28291,135.5882,287,134.2333,23.8474,22.7571,116
927,240.1795,28101,133.0735,285,134.4333,23.5501,22.5949,117
928,237.7203,28051,135.2353,280,134.0667,23.3562,22.8981,118
929,234.7672,27233,133.1471,293,133.4667,24.153,22.6073,116
930,233.912,29239,133.6912,291,133.8444,23.9687,22.5473,125
931,236.3362,27415,133.6471,280,133.7222,23.4628,23.1655,116
932,233.641,27336,134.6579,268,134.3222,23.9023,22.7385,117
933,231.188,27049,133.9559,274,133.6333,24.2236,22.7737,117
934,229.3109,27288,133.2059,272,132.8889,24.0683,22.781,119
935,227.0431,26337,133.6912,274,133.0222,24.0894,22.8439,116
936,225.735,26411,133.8529,281,133.5444,24.3046,23.048,117
937,225.9138,26206,136.0658,277,137.3444,24.0427,23.1859,116
938,225.0763,26559,135.2763,270,134.8778,23.5471,23.1234,118
939,221.0171,25859,134.4868,262,133.5111,23.9232,22.8359,117
940,224.2288,26459,136.9853,264,136.0111,23.915,22.8115,118
941,224.1017,26444,132.4706,262,134.1889,23.9092,22.9754,118
942,217.4407,25658,134.2794,280,132.5444,24.2913,22.6212,118
943,218.1933,25965,134.0147,263,134.7,24.4181,22.8362,119
944,216.3475,25529,136.6176,261,136.5222,24.557,22.8502,118
945,214.5128,25098,134.2647,253,134.1556,24.2482,22.4941,117
946,213.0085,25135,134.6324,250,133.6556,23.8035,23.4381,118
947,209.3554,25332,134.0263,264,135.1444,24.0293,23.2048,121
948,210.1138,25844,134.4605,245,134.1333,23.9872,22.5789,123
949,210.3932,24616,132.4412,262,133.1444,24.4599,22.8188,117
950,207.9573,24331,133.1765,244,133.1556,24.1983,22.7903,117
951,207.744,25968,136.5,255,135.8,24.3283,22.6758,125
952,208.9407,24655,135.5588,257,136.1444,24.3434,22.6747,118
953,208.7417,25049,134.0735,252,133.4222,25.0994,22.9563,120
954,207.7459,25345,133.3235,249,133.7444,24.0656,22.9442,122
955,210.437,25042,135.3382,250,134.7444,23.6424,22.7196,119
956,212.75,24679,135.2647,255,135.0444,24.3697,22.8364,116
957,211.6942,25615,133.7794,244,133,24.3121,23.4053,121
958,210.7586,24448,134.3421,257,134.2444,23.2273,22.6942,116
959,212.4138,24640,135.4265,251,134.9,24.35,22.6805,116
960,210.8211,25931,132.8529,239,133.0556,24.9064,22.8932,123
961,210.6838,24650,135.0882,251,134.9667,24.2843,22.7958,117
962,211.9328,25220,131.6618,258,133.0222,24.2259,22.96,119
963,212.6134,25301,133.6471,248,134.9667,23.6546,23.2786,119
964,208.4065,25634,134.2237,251,134.5667,23.9362,22.7024,123
965,208.7436,24423,135.4853,254,135.0889,24.811,22.8916,117
966,208.8462,24435,134.7647,242,134.8667,24.1767,22.6312,117
967,203.265,23782,134.0441,235,133.1444,23.6596,22.8031,117
968,206.2069,23920,135.5147,239,134.2556,24.3397,23.073,116
969,203.2672,23579,134.5,238,134.0778,24.3499,23.1023,116
970,207.6838,24299,136.0658,251,136.1333,23.8812,22.7498,117
971,205.5333,24664,133.7059,237,133.3667,23.7217,23.3274,120
972,207.9658,24332,134.2105,243,133.2889,24.0147,22.981,117
973,209.2869,25533,135.4559,274,135.4222,23.9979,22.9348,122
974,206.6612,25006,132.3235,232,133.6778,24.354,23.337,121
975,210.9174,25521,133.4605,253,133.3111,24.4164,23.1423,121
976,209.3109,24908,133.4474,244,133.6889,23.9673,22.8892,119
977,210.359,24612,134.9412,250,135.5889,23.457,23.307,117
978,207.7244,26381,135.2763,257,134.5444,24.1076,22.8855,127
979,211.2051,24711,133.6471,247,133.6111,23.9639,23.0247,117
980,211.562,25599,134.1053,256,134.7,23.9647,22.6372,121
981,208.7672,24217,133.7059,239,133.6333,24.2557,22.9189,116
982,206.0672,24522,133.8529,242,133.6889,24.176,22.6604,119
983,204.2941,24311,133.4118,232,133.9667,24.3455,22.9138,119
984,203.9917,24683,134.3971,238,134.3778,23.9839,22.663,121
985,202.6496,23710,133.8529,245,134.8556,25.4033,22.6843,117
986,199.916,23790,132.5735,235,133.7222,24.3719,22.9254,119
987,202.7213,24732,133.9559,233,133.6889,24.2262,22.6023,122
988,202.0894,24857,132.1471,234,133.3222,24.749,22.9395,123
989,204.9052,23769,134.4412,244,135.4,24.6716,23.0568,116
990,202.084,24048,132.5789,238,133.6,24.4208,22.6601,119
991,200.4516,24856,132.9412,232,134.3778,24.6937,22.6959,124
992,199.188,23305,134.3824,234,134.8667,24.6938,22.7836,117
993,200.678,23680,131.5147,228,132.1111,24.5445,22.7629,118
994,200.6935,24886,132.9853,231,132.7778,24.7756,23.2617,124
995,202.4622,24093,133.8553,231,134.7667,23.8384,22.9591,119
996,203.1795,23772,135.2941,250,135.1778,24.8416,22.7025,117
997,202.6777,24524,133.3971,233,133.9778,24.5595,22.5558,121
998,200.9365,25318,134.4853,233,133.4333,24.3733,22.8931,126
999,201.7869,24618,132.5588,234,133.8889,24.8633,22.8671,122
1000,201.8403,24019,133.8676,236,135.4444,24.505,22.4929,119
1001,200.4426,24454,133.7941,235,135.3556,24.7534,22.3518,122
1002,196.8983,23234,133.4412,229,133.0778,25.0893,23.7532,118
1003,200.1463,24618,135.6711,250,135.4889,24.7772,22.7102,123
1004,200.7607,23489,135.1618,248,134.9667,24.2403,22.6036,117
1005,196.1583,23539,134.1912,238,133.4556,24.8764,22.775,120
1006,198.5776,23035,133.75,239,132.9667,24.704,23.3388,116
1007,198.12,24765,134.9737,228,134.6667,24.4708,23.1844,125
1008,197.2358,24260,132.0921,232,132.8889,24.798,22.8639,123
1009,196.5259,22797,133.6471,235,134.2444,25.5539,22.8913,116
1010,196.2645,23748,133.2941,245,131.6667,24.7083,22.7751,121
1011,196.4569,22789,133.8529,222,133.1778,24.9677,22.8338,116
1012,197.6154,23121,134.8676,227,134.0111,24.1299,22.8306,117
1013,198.094,23177,133.0147,231,133.3444,24.5525,22.3523,117
1014,196.3828,25137,131.6324,236,132.3333,24.9173,22.8767,128
1015,196.2333,23548,133.7059,230,133.6667,24.3645,22.7277,120
1016,196.6293,22809,134.3382,223,135.2889,24.2403,23.3309,116
1017,195.296,24412,133.5395,227,132.2778,24.567,22.8062,125
1018,195.7458,23098,133.2206,228,133.5667,25.1584,22.7304,118
1019,195.224,24403,135.4265,233,134.4222,24.488,23.145,125
1020,193.2439,23769,132.6184,223,131.3556,24.8363,22.3802,123
1021,194.2923,25258,134,229,134.8778,25.0938,22.398,130
1022,194.9167,23390,132.9412,244,133.5,24.311,23.11,120
1023,191.4569,22209,134.9737,216,133.9,24.5156,22.7613,116
1024,190.4715,23428,133.9853,233,132.4778,25.8184,22.9952,123
1025,190.6885,23264,134.7206,219,134.3778,25.2699,23.2755,122
1026,190.754,24035,133.6053,217,135.0889,25.3032,23.1065,126
1027,192.2083,23065,134.5789,243,134.0889,25.353,23.4173,120
1028,188.1901,26723,133.4342,233,134.3667,25.3108,22.4411,142
1029,190.9655,22152,133.8676,228,133.7111,25.254,22.8823,116
1030,190.7949,22323,134.3382,231,134.3111,25.5773,23.1639,117
1031,189.0085,22114,134.2368,217,134,24.6505,22.7703,117
1032,189.2417,22709,133.7353,219,133.7333,24.8168,22.4997,120
1033,187.2344,23966,133.4706,215,133.7778,25.2937,23.4145,128
1034,192.5085,22716,134.4605,230,134.5889,25.5252,22.8953,118
1035,188.1803,22958,133.7647,209,135.0778,26.0649,22.362,122
1036,187.5372,22692,134,227,132.8889,25.0598,23.0767,121
1037,190.4118,22659,133.8026,220,133.6889,26.3017,22.2829,119
1038,191.7438,23201,133.6912,236,132.7667,25.7738,22.7214,121
1039,193.2222,22607,134.0441,235,132.5889,24.8056,22.7757,117
1040,195.2564,22845,133.8529,235,133.6889,24.474,23.0694,117
1041,192.0165,23234,133.25,238,133.3778,24.9351,23.3837,121
1042,194.0678,22900,133.1711,222,133.6444,25.7512,22.6194,118
1043,195.7273,23683,135,225,134.2444,24.4782,22.6485,121
1044,197.1429,23460,133.0147,230,133.4778,24.8592,22.9104,119
1045,196.8974,23037,133.5735,230,133.2889,24.4985,23.1515,117
1046,197.2,23664,131.6053,253,131.3444,24.4711,23.0918,120
1047,198.4746,23420,134.1184,238,134.1889,24.8189,22.6594,118
1048,199.336,24917,134.4118,227,134.9667,24.5416,22.8377,125
1049,195.8455,24089,134.4265,249,133.5111,24.763,22.5998,123
1050,198.8033,24254,133.3824,234,133.2444,24.5714,23.1192,122
1051,195.3167,23438,134.8684,243,135.3889,24.5614,22.9574,120
1052,199.1966,23306,134.0441,227,134.7889,24.7364,22.8104,117
1053,196.6471,23401,135.0588,223,134.8778,25.4602,23.2468,119
1054,196.0992,23728,133.2763,234,134.0111,25.5105,22.1748,121
1055,196.0424,23133,133.4265,231,134.0667,24.8918,22.8323,118
1056,194.9024,23973,133.0441,231,133.2556,24.3133,22.2425,123
1057,195.3534,22661,133.4853,228,132.9111,24.5685,22.4449,116
1058,193.8595,23457,134.3824,257,132.7444,25.0592,22.1738,121
1059,191.7458,22626,132.6324,213,133.4111,25.4869,22.9544,118
1060,194.3782,23131,133.2206,235,133.0556,25.3837,23.2889,119
1061,193.6066,23620,133.3289,226,133.4556,25.1841,22.0891,122
1062,190.7705,23274,134.0588,219,134.5222,25.3807,23.5473,122
1063,190.2333,22828,133.8947,222,132.9333,24.7426,22.9251,120
1064,191.621,23761,133.6029,219,133.1222,24.7555,23.0305,124
1065,191.8729,22641,136.6711,227,135.0556,25.6035,23.3176,118
1066,188.7778,22087,133.0132,231,133.6889,25.2421,22.3725,117
1067,190.5323,23626,135.25,231,135.0778,25.2151,22.5145,124
1068,191.6983,22237,136.7206,221,135.8667,25.3927,22.5344,116
1069,190,23370,134.8676,223,134.4556,25.9257,22.9143,123
1070,188.8678,22853,134.2059,231,134.9444,26.0559,22.5245,121
1071,188.625,22635,133.7647,218,133.6,25.671,22.5295,120
1072,189.1345,22507,135.8088,214,135.3222,26.1386,22.4278,119
1073,188,21808,132.4412,226,133.1222,27.3223,22.4346,116
1074,186.8729,22051,133.6029,223,132.1556,27.7322,21.5253,118
1075,188.2881,22218,131.7167,229,132.4778,28.1091,21.6359,118
1076,186.748,22970,134.0667,223,134.7889,26.5065,22.2727,123
1077,187.5763,22134,133.8676,229,132.5333,27.188,22.1965,118
1078,188.1463,23142,132.9265,207,132.6111,26.999,22.6092,123
1079,189.56,23695,132.3088,230,133.3778,27.2759,21.7899,125
1080,188.9915,22301,134.1167,215,133.4333,27.5686,21.3755,118
1081,187.608,23451,133.6167,213,133.1,27.728,21.8814,125
1082,188.8843,22855,135.4833,229,133.9222,27.2802,22.0827,121
1083,187.75,21779,131.1324,227,131.6222,27.5683,22.0915,116
1084,188.4754,22994,132.3529,221,133.8778,27.4442,22.5068,122
1085,185.5897,21714,134.5147,208,133.3,26.392,22.2792,117
1086,186.5565,23133,133.9412,218,133.0333,27.4131,22.7326,124
1087,186,23064,134.4706,212,134.4889,27.9853,22.674,124
1088,187.9658,21992,132.8971,218,133.6556,26.9416,22.6976,117
1089,187.3504,21920,133.8529,213,134.9556,27.015,22.331,117
1090,184.5391,23621,134.3971,213,133.7,27.7954,21.0595,128
1091,187.2833,22474,135.6833,220,134.0556,28.9288,22.1706,120
1092,184.8205,21624,132.1029,213,131.9222,27.9692,22.8184,117
1093,185.8852,22678,132.9853,210,133.3778,27.7635,22.5981,122
1094,186.3543,23667,133.4265,213,133.8667,28.4762,20.9625,127
1095,184.754,23279,133.48,222,133.5111,28.9138,22.2185,126
1096,186.144,23268,133.7206,234,133.7,27.679,21.606,125
1097,185.624,23203,133.35,213,133.1444,27.9083,21.8005,125
1098,186.5556,21827,134.6167,219,133.3,27.9124,21.9708,117
1099,187.9134,23865,133.0333,233,133.3222,28.193,21.9533,127
1100,186.728,23341,132.7667,221,134.2111,28.2586,22.0987,125
1101,188.3252,23164,135.25,226,133.5778,27.4507,21.6158,123
1102,184.9291,23486,132.8,213,132.0889,28.6557,22.0551,127
1103,189.0603,21931,133.9412,219,133.5889,28.585,21.9275,116
1104,188.5,22620,133.1667,223,133.1556,28.5084,22.223,120
1105,187.25,23219,133.9559,219,134.2333,28.8063,21.4319,124
1106,186.2835,23658,133.2333,216,135.1556,28.5576,22.1281,127
1107,186.2314,22534,131.5441,219,134.3333,26.6317,22.8137,121
1108,187.6639,22332,133.7941,217,133.1667,28.2386,22.56,119
1109,188.7479,22461,135.1176,216,133.8556,28.4597,21.8607,119
1110,188.525,22623,133.3333,214,133.6,28.9996,21.667,120
1111,188.5983,22066,132.9667,217,133.6889,28.0678,21.5138,117
1112,189.931,22032,133.7167,224,133.3111,27.9899,21.9136,116
1113,189.5085,22362,131.5667,220,132.5889,28.2215,22.5253,118
1114,189.5041,22930,133.7353,228,134.5,27.9806,21.8767,121
1115,192.9661,22770,134.8333,223,133.5222,27.2442,22.3871,118
1116,192.6949,22738,133.3676,225,133.3778,27.5021,22.2378,118
1117,196.7833,23614,134.0735,242,134.4667,27.1232,22.4781,120
1118,195.7521,22903,133.4118,231,133,27.788,22.4466,117
1119,197.6838,23129,133,222,133.3333,27.7982,22.4154,117
1120,197.5656,24103,134.1324,234,133.5667,27.5719,21.9738,122
1121,198.0909,23969,132.9333,232,134.4111,28.0105,22.4597,121
1122,198.4032,24602,133.5294,228,134.2222,26.649,22.5494,124
1123,204.9068,24179,134.1765,230,133.1,27.1658,22.7514,118
1124,203.958,24271,135.4118,242,135.0889,27.1815,22.0327,119
1125,206.1186,24322,135.2794,248,135.5667,27.6328,22.3066,118
1126,209.7521,25380,134.1324,253,134.2667,27.2333,22.2117,121
1127,210.112,26264,133.2353,256,132.8667,26.8902,22.8448,125
1128,214.3471,25936,132.3676,255,133.2556,27.324,22.3384,121
1129,217.181,25193,133.6912,250,133.7333,26.4419,22.6602,116
1130,216.4132,26186,135.0147,251,134.8111,26.9822,22.4117,121
1131,220.6525,26037,133.6618,262,134.1667,26.589,22.7616,118
1132,218.6694,26459,133.2794,249,132.7,26.9389,22.5195,121
1133,221.7586,25724,134.6912,252,132.2111,26.3823,22.149,116
1134,223.0862,25878,132.8676,270,132.2111,26.3063,22.6187,116
1135,229.2393,26821,134.0294,276,134.2778,26.806,22.4306,117
1136,226.2119,26693,132.9559,270,134.7667,26.9074,22.6216,118
1137,230.5172,26740,133.5588,285,131.9556,26.6653,22.6838,116
1138,231.0259,26799,134.9118,279,133.5222,26.1797,22.56,116
1139,229.9669,27826,134.1765,272,132.8556,26.0894,22.6454,121
1140,230.8814,27244,134.1471,287,134.0556,26.3916,22.0011,118
1141,231.2759,26828,133.7941,275,135.1889,25.9011,22.4207,116
1142,229.0684,26801,135.1029,282,134.4667,26.5242,22.3047,117
1143,230.8889,27014,133.7059,265,132.7333,26.1533,22.5017,117
1144,230.4655,26734,133.5735,270,134.9,25.8684,22.2707,116
1145,230.7458,27228,133.6029,278,135.2111,25.3972,22.3319,118
1146,232.7227,27694,133.9265,274,134.7556,25.7629,22.5125,119
1147,232.0336,27612,132.5735,280,134.3889,25.9392,22.4849,119
1148,231.2705,28215,134.3676,299,133.3333,25.9152,22.5637,122
1149,235.6723,28045,136.8529,287,135.5889,26.4681,21.9167,119
1150,239.0593,28209,134.2333,281,133.4333,25.5614,22.7537,118
1151,241.822,28535,135.0441,286,136.2778,25.5949,22.3704,118
1152,246.9829,28897,135.5,294,135.7444,25.8439,22.0528,117
1153,244.1724,28324,133.8235,306,133.6,26.3584,22.6354,116
1154,243.7917,29255,135.9853,296,134.2333,25.7957,22.3996,120
1155,243.0259,28191,135.2941,292,134.5333,26.1027,22.5865,116
1156,243.0256,28434,131.3676,297,132.2889,26.055,22.1404,117
1157,241.4286,28730,135.4412,284,133.8222,25.8074,22.2872,119
1158,236.582,28863,135.4853,287,134.5444,26.1793,22.1692,122
1159,235.9744,27609,135.0882,282,135.0111,25.9003,22.2804,117
1160,236.5917,28391,136.1324,291,134.4222,26.0833,22.236,120
1161,240.2759,27872,134.0294,281,133.6111,25.72,22.3485,116
1162,235.339,27770,133.0441,272,134,26.384,22.3573,118
1163,236.4202,28134,134.6324,297,134.2556,25.6321,22.5266,119
1164,237.2645,28709,133.9706,290,134.2111,26.5137,22.2739,121
1165,241.2735,28229,136.4853,286,134.2,25.89,22.417,117
1166,242.5431,28135,134.8824,283,134.8111,25.9494,22.572,116
1167,244.0259,28307,133.6765,289,132.7444,26.0495,22.2112,116
1168,244.6923,28629,135.1176,293,133.9111,26.0197,22.1387,117
1169,248.0084,29513,135.6471,332,135.1111,25.9255,22.4161,119
1170,246.3193,29312,133.3676,309,134.6889,26.6348,22.2451,119
1171,243.9224,28295,132.7647,279,134.7,26.0975,22.0935,116
1172,244.3333,29320,133.9118,284,135.6889,25.5108,22.7902,120
1173,245.8908,29261,134.4265,294,135.0889,25.5117,22.146,119
1174,240.7069,27922,133.9412,289,135.0889,25.7975,22.0763,116
1175,236.6,28392,134.5294,291,135.1,26.1145,22.0639,120
1176,233.431,27078,133.2059,283,133.5667,26.0567,21.8396,116
1177,233.008,29126,135.25,289,135.5,25.5847,22.5058,125
1178,234.6379,27218,134.75,293,134.4444,26.5085,22.2234,116
1179,228.9068,27011,133.8235,270,134.6556,25.7283,22.4944,118
1180,228.1429,27149,134.3824,269,134.9667,26.1976,21.8015,119
1181,228.5126,27193,134.0167,274,133.4333,25.8841,22.3504,119
1182,225.0862,26110,133.5588,257,132.9778,25.5,22.6697,116
1183,225.0776,26109,134.9853,269,134.5889,25.9496,22.3116,116
1184,221.958,26413,134.1912,257,132.8667,26.15,22.5409,119
1185,221.6694,26822,132.3088,270,132.6333,25.9964,22.2113,121
1186,221.3932,25903,134.1912,268,134.0444,25.8739,22.315,117
1187,224.1552,26002,133.1471,256,134.4556,26.3448,22.274,116
1188,225.3276,26138,133.2941,275,134.5111,26.0168,22.7523,116
1189,229.3793,26608,132.0147,276,133.0889,25.8305,22.7269,116
1190,230.4839,28580,134.2647,274,133.6444,26.2397,22.5316,124
1191,231.569,26862,131.8088,287,133.3556,25.93,22.5899,116
1192,235.9052,27365,135.7353,289,134.1444,25.568,22.3983,116
1193,231.7203,27343,132.8088,272,133.3222,26.2273,22.4251,118
1194,234.7009,27460,134.7353,272,134.6,25.7968,22.361,117
1195,234.0171,27380,133.4706,283,133.1222,25.2362,22.698,117
1196,233.3534,27069,133.8088,290,134.7667,25.9813,22.3994,116
1197,234.9833,28198,135.2647,312,133.7556,25.9129,22.535,120
1198,233.6017,27565,131.5147,294,133.9889,25.4679,22.4945,118
1199,229.0763,27031,132.7353,267,133.3444,25.597,22.3326,118
1200,232.4322,27427,134.3676,280,135.2222,25.94,22.3282,118
1201,233.6724,27106,131.3088,280,131.9444,26.0732,22.4887,116
1202,234.069,27152,134.9559,288,134.4667,25.7766,22.5489,116
1203,235.678,27810,133.9265,296,134.9333,25.5785,22.0362,118
1204,239.9,28788,133.7647,284,132.4778,26.0842,22.3303,120
1205,236.0855,27622,134.6471,281,134.9667,25.4528,22.5855,117
1206,236.9487,27723,132.6029,311,132.2778,25.878,22.2992,117
1207,238.1138,29288,135.3235,292,133.2778,25.6344,22.6283,123
1208,234.641,27453,133.8382,283,133.3778,26.1005,22.5831,117
1209,235.5776,27327,135.1618,282,134.3444,26.0659,22.3959,116
1210,235.5385,27558,131.9559,282,132.5667,26.2871,22.4575,117
1211,234.3934,28596,134.5147,283,135.3444,25.7046,22.3676,122
1212,230.9268,28404,134.2647,283,133.3111,26.0792,22.569,123
1213,236.1525,27866,135.4265,289,134.1111,25.8138,22.289,118
1214,230.9573,27022,132.5882,282,133.2,25.7607,22.3132,117
1215,231.1282,27042,134.1176,276,132.6222,26.214,22.9952,117
1216,232.4083,27889,134.3971,275,133.9556,26.0018,22.62,120
1217,226.5897,26511,133.4853,273,133.7,26.4869,22.3395,117
1218,229.1765,27272,134.7353,267,134.7222,25.8868,22.6602,119
1219,227.1293,26347,134.3235,268,132.9222,25.9436,22.4069,116
1220,227.161,26805,134.1471,278,135.7889,25.8542,22.5129,118
1221,226.6121,26287,134.1029,276,133.3667,25.4071,22.8713,116
1222,229.2931,26598,132.1618,280,133.0556,25.8424,22.3653,116
1223,228.7778,26767,135.9706,263,135.8111,25.5855,22.5355,117
1224,228.4919,28333,133.3235,284,134.0111,25.4625,22.184,124
1225,229.9915,27139,134.8529,282,134.7,25.5275,22.356,118
1226,230.9231,27018,133.0882,281,133.7556,25.4017,22.4101,117
1227,231.8151,27586,133.7059,277,133.6778,26.7311,22.2687,119
1228,226.0833,27130,133.2647,280,133.5778,25.8951,22.6157,120
1229,226.6695,26747,133.0882,264,132.6222,26.4603,22.5725,118
1230,228.8793,26550,134.9853,267,134.7,26.0115,22.2315,116
1231,228.3103,26484,133,268,132.7667,25.6046,22.5942,116
1232,233.7203,27579,132.2353,273,133.2111,26.1142,22.5748,118
1233,230.0917,27611,134.6618,290,135.1333,26.0065,22.2462,120
1234,230.7833,27694,134.0294,275,133.1889,25.6891,22.5075,120
1235,233.8793,27130,132.3088,283,133.6333,26.0209,22.4907,116
1236,234.1186,27626,133.2353,284,132.6889,25.9293,22.5244,118
1237,235.4741,27315,133.4559,281,134.5222,25.7414,22.5975,116
1238,237.3051,28002,133.6765,282,133.4444,25.6833,22.4656,118
1239,239.6466,27799,133.3088,309,132.1444,26.2007,22.4932,116
1240,238.5833,28630,136.4853,276,135.0889,25.7016,22.5269,120
1241,234.4132,28364,131.8529,288,132.7556,26.0056,22.3803,121
1242,235.4576,27784,133.4559,290,133.6,25.1453,23.1181,118
1243,233.2881,27528,133.1316,271,133.9667,25.7553,22.6145,118
1244,235.9504,28550,134.2941,297,133.6111,26.0775,22.0809,121
1245,233.1157,28207,132.3971,274,132.9778,26.0981,22.3115,121
1246,231.8136,27354,133.0882,269,132.8222,25.8079,22.3673,118
1247,229.8943,28277,135.2353,286,135.3,26.1748,22.3125,123
1248,228.4224,26497,133.6765,273,133.7778,26.2222,22.1549,116
1249,224.319,26021,133.3088,264,132.7667,25.5378,22.5275,116
1250,221.1429,26316,132.9412,268,132.5222,25.989,22.4275,119
1251,216.7373,25575,135.0147,268,133.7,26.3016,22.6047,118
1252,218.4454,25995,133.0441,262,132.5333,26.6568,22.2149,119
1253,216.1207,25070,134.0588,257,133.8111,26.1371,21.9523,116
1254,213.6218,25421,133.1833,258,134.4778,26.0084,22.6379,119
1255,212.088,26511,132.3088,271,134.1333,26.2746,22.5106,125
1256,210.4917,25259,132.0294,240,132.5778,26.3813,22.0332,120
1257,209.9919,25829,133.4412,243,133.9667,25.9939,22.5772,123
1258,209.7227,24957,134.2941,239,134.0556,26.1786,22.4741,119
1259,207.281,25081,133.2941,246,131.7556,25.8538,22.7368,121
1260,209.5726,24520,134.6029,252,134.0667,26.3405,22.2105,117
1261,209.3223,25328,134.4265,246,135.2444,26.4016,22.4874,121
1262,212.5702,25721,133.7647,250,133.6444,26.1534,22.78,121
1263,210.0726,26049,133.9853,261,132.9111,25.4048,22.6474,124
1264,214.7119,25336,134.3529,247,134.4444,26.1996,22.3956,118
1265,212.9587,25768,133.8382,257,133.7222,26.5075,22.4019,121
1266,212.416,26552,133.75,242,131.8667,25.7541,22.5859,125
1267,214.3689,26153,130.7794,256,132.7778,26.6945,22.5463,122
1268,212.6583,25519,134.0735,253,133.3333,26.1715,22.3417,120
1269,218.1765,25963,134.25,262,133.5778,26.1628,22.2387,119
1270,216.3419,25312,133.9853,258,134.6111,26.0861,22.634,117
1271,213.6033,25846,132.9265,260,132.4889,25.7444,22.5132,121
1272,216.7672,25145,134.6029,262,133.3,25.9884,22.8543,116
1273,220.5603,25585,133.4853,256,133.6222,25.7585,22.3771,116
1274,218.2479,25535,133.6618,256,132.9889,25.9029,22.0879,117
1275,218.1368,25522,136.2206,255,135.6778,25.9973,22.3805,117
1276,214.4068,25300,133.9706,259,132.9778,26.6545,22.2461,118
1277,216.2017,25728,132.6912,258,132.8667,25.5354,22.3226,119
1278,213.4188,24970,132.5147,260,132.7,26.0018,22.7459,117
1279,214.1538,25056,132.3088,260,133.5889,25.9017,22.3644,117
1280,212.812,24899,134.1912,251,134.7222,26.1235,22.4481,117
1281,213.1121,24721,131.8529,257,131.8111,26.3986,22.7258,116
1282,211.0833,25330,133.2059,254,133.4667,26.0886,22.5665,120
1283,212.439,26130,134.9706,259,134.5556,25.8552,22.4838,123
1284,211.3782,25154,134.3235,255,133.6778,26.1704,22.5303,119
1285,216.1083,25933,133.3529,258,132.8333,25.8559,22.6261,120
1286,213.0427,24926,133.9265,242,134.1222,26.0622,22.5047,117
1287,213.7797,25226,132.9412,246,133.8333,25.9934,22.571,118
1288,213.6311,26063,133.1176,248,133.5444,26.4429,22.4733,122
1289,216.431,25106,132.6912,269,132.6667,26.2086,22.77,116
1290,213.2586,24738,133.7059,251,132.5333,26.1181,22.7183,116
1291,212.5333,25504,134.2206,255,134.9778,26.064,22.5492,120
1292,216.1368,25288,134.8235,249,133.3333,26.0914,22.0182,117
1293,212.819,24687,132.7647,246,133.2222,25.7265,22.5992,116
1294,215.8793,25042,133.1471,270,133.3667,26.2727,22.6137,116
1295,220.0083,26401,135.8824,265,136.2222,25.5156,22.5939,120
1296,220.3103,25556,135.5441,263,134.8889,25.9426,22.3711,116
1297,220.775,26493,133.8235,270,135.6889,25.6914,22.7106,120
1298,223.1724,25888,132.8971,265,133.4,25.5422,22.5446,116
1299,222.4492,26249,133.6912,266,134.1222,25.7652,22.1531,118
1300,226.5128,26502,133.8824,274,134.3778,25.8957,22.4428,117
1301,221.7417,26609,136.3971,261,133.7778,25.8601,23.0298,120
1302,222.7414,25838,134.9737,265,133.4556,25.6587,22.1326,116
1303,221.4615,25911,132.2647,260,133.4444,25.636,21.9016,117
1304,218.5214,25567,133.7,268,134.6,25.4274,22.5155,117
1305,219.2069,25428,134.0735,263,134.9222,26.2428,22.5077,116
1306,216.9397,25165,135.3088,257,133.9889,25.7136,22.7423,116
1307,215.7863,25247,132.0441,268,134.2111,25.757,22.3532,117
1308,216.9504,26251,133.4559,262,134.1,26.0092,23.1374,121
1309,215.4878,26505,134.9868,257,133.4,26.9392,21.9976,123
1310,215.8083,25897,135.45,253,134.0444,25.5195,22.6053,120
1311,216.5798,25773,136.3971,251,135.6,25.6208,22.1319,119
1312,217.1345,25839,133.7353,256,133.8556,26.1153,22.3954,119
1313,217.1379,25188,133.0441,263,134.6333,26.1076,22.4536,116
1314,218.3051,25760,132.4118,246,132.9333,25.6655,22.3059,118
1315,218.3621,25330,134.6176,257,135.8667,25.9373,22.7988,116
1316,219.3621,25446,134.0588,255,134.2444,26.1326,22.7562,116
1317,220,26180,130.9853,261,132.2222,25.2781,22.7576,119
1318,221.5678,26145,134.1765,258,133.7111,26.0132,22.5641,118
1319,218.9145,25613,133.8676,273,133.3111,25.8232,22.4511,117
1320,220.2069,25544,133.8088,269,133.2,25.8103,22.3163,116
1321,219.2759,25436,135.5294,263,134.1556,25.8642,22.771,116
1322,219.9008,26608,133.3382,263,133.8667,25.9367,22.5711,121
1323,217.9831,25722,133.8088,260,133.7111,25.8455,21.8962,118
1324,221.8793,25738,133.9833,264,133.6333,25.6595,22.4643,116
1325,218.6949,25806,134.2353,274,134.9444,25.9681,22.6009,118
1326,218.4958,26001,135.0735,263,135.3778,26.0659,22.21,119
1327,215.8226,26762,133.8382,255,134.3333,25.6818,22.6389,124
1328,216.1293,25071,134.2059,267,132.6333,25.7663,22.2119,116
1329,214.0431,24829,133.3971,246,133.0889,26.3374,22.3619,116
1330,212.2276,26104,133.0147,257,134.0333,26.1812,23.0262,123
1331,211.9917,25439,133.6447,253,133.0667,25.9941,23.0159,120
1332,210.4483,24412,135.0132,250,134.9444,26.2336,22.3241,116
1333,207.7731,24725,133.7941,246,133.4444,25.9534,22.543,119
1334,207,24840,131.9853,233,133.5333,26.7995,22.5887,120
1335,208.6923,24417,133.1765,254,133.3111,25.7384,22.8284,117
1336,207.984,25998,134.9853,259,133.1222,26.0631,22.5317,125
1337,207.9915,24335,134.3676,244,133.7778,26.3382,22.4277,117
1338,210.3276,24398,132,253,133.8222,26.329,22.4214,116
1339,209.0672,24879,133.1618,256,132.6,26.3571,22.7094,119
1340,206.0667,24728,132.2794,245,133.2444,26.298,23.1645,120
1341,209.8136,24758,136.7895,256,135.9222,26.5473,23.0285,118
1342,209.2727,25322,133.25,257,131.5111,25.8317,22.516,121
1343,210.7586,24448,133.4706,251,133.4556,26.0827,22.499,116
1344,211.1833,25342,135.3088,262,135.0556,25.9115,22.7815,120
1345,210.9244,25100,132.1618,256,131.9,25.4507,22.7636,119
1346,210.7845,24451,134.1912,241,134.2333,26.0357,22.1875,116
1347,209.8276,24340,132.7941,243,132.9889,25.7379,22.2705,116
1348,208.3814,24589,133.2059,246,133.2111,25.6665,22.0256,118
1349,207.0254,24429,131.8824,246,133.2444,26.4068,22.1681,118
1350,204.178,24093,133.3382,243,132.9667,25.7697,22.8814,118
1351,205.563,24462,132.2647,259,132.1667,25.688,22.7051,119
1352,204.7672,23753,132.25,249,132.4111,25.8554,22.399,116
1353,203.2893,24598,134.25,239,134.1,25.9861,22.2372,121
1354,200.3443,24442,131.7647,236,131.5222,26.7701,22.267,122
1355,201.3534,23357,133.0882,247,133.7333,26.6366,22.7088,116
1356,198.6179,24430,133.6912,225,132.9333,27.5472,22.0516,123
1357,199.0331,24083,132.7059,242,132.5,27.2911,21.7773,121
1358,197.4318,26061,134.9833,231,135.3778,26.5114,22.8289,132
1359,199.843,24181,134.0441,237,133.9667,27.1797,22.339,121
1360,197.121,24443,134.3382,254,134.8778,26.1954,22.5365,124
1361,196.5323,24370,133.9706,253,134.9,26.6494,22.7466,124
1362,195.5583,23467,132.0588,224,132.2778,26.2029,22.3535,120
1363,196.719,23803,133.1324,246,133.8556,26.53,22.7093,121
1364,195.6034,22690,132.5147,243,133.8889,26.5299,22.4014,116
1365,196.3387,24346,133,232,132.7778,26.546,22.3644,124
1366,197.2542,23276,133.2059,224,134.1,26.253,22.6255,118
1367,196.7258,24394,132.2794,253,132.2556,26.1421,22.2112,124
1368,195.9344,23904,133.1912,233,132.3222,25.9811,22.6003,122
1369,197.7377,24124,131.7794,241,131.6667,26.8017,21.9747,122
1370,195.8547,22915,132.9333,239,134.5889,26.2043,22.9146,117
1371,197.3051,23282,134.7647,232,132.9111,26.3911,22.6703,118
1372,196.3171,24147,133.3382,240,132.7667,25.9033,22.4551,123
1373,194.7459,23759,131.0441,232,131.3444,25.3378,22.3999,122
1374,196.812,23027,131.5588,233,132.6333,26.4405,22.6113,117
1375,194.7627,22982,133.2353,225,132.5889,26.5803,22.8995,118
1376,196.35,23562,135.6029,224,134.9444,26.4903,22.564,120
1377,196.1552,22754,131.7206,228,134.2444,27.5741,22.361,116
1378,197.5862,22920,133.75,234,132.3556,26.0872,21.9763,116
1379,194.7045,25701,135.2833,227,132.8333,26.8882,21.9719,132
1380,198.4188,23215,133.0833,237,134.5333,26.2815,22.9513,117
1381,198.4628,24014,134.0147,236,133.8778,26.3699,22.919,121
1382,198.9076,23670,133.25,225,134.8889,26.0183,22.9723,119
1383,198.5763,23432,134.6176,229,134.2556,27.009,22.4175,118
1384,196.5763,23196,132.9853,230,132.0222,26.7531,23.0029,118
1385,197.1864,23268,133.5,249,132.3778,26.8115,22.5679,118
1386,196.377,23958,134.5882,242,134.2778,27.0449,22.3284,122
1387,196.1789,24130,134.3529,243,132.4111,26.2337,22.3258,123
1388,198.8974,23271,132.2941,239,132.7111,26.4186,22.1197,117
1389,196.8934,24021,132.5588,241,132.3444,27.2239,22.4435,122
1390,197.288,24661,133.1324,243,135.4778,26.6766,22.4816,125
1391,195.6983,22701,132.6912,226,134.9111,26.3238,22.3922,116
1392,197.7692,23139,133.5147,231,134.5333,26.7261,22.1759,117
1393,197.1008,23455,133.9118,232,132.7444,26.8401,22.1666,119
1394,197.5714,23511,134.8382,245,133.9556,26.3794,22.6491,119
1395,197.3846,23094,132.7353,228,133.6667,27.3592,22.6269,117
1396,194.7712,22983,133.8971,223,133.6222,27.1552,22.3356,118
1397,197.4959,24292,133.3235,235,134.3889,27.844,22.3259,123
1398,196.2276,24136,134.7059,224,133.3444,27.861,22.0318,123
1399,195.6281,23671,132.4706,245,134.5444,27.8615,22.9045,121
1400,195.6341,24063,133.2059,224,132.6889,28.9688,21.4018,123
1401,193.2764,23773,132.55,221,132.9444,27.5345,21.9799,123
1402,197.7479,23532,135.4833,235,133.1111,27.88,21.9462,119
1403,192.6723,22928,133.7333,223,133.1222,28.3245,22.3615,119
1404,193.8917,23267,132,229,131.7222,28.0418,22.6994,120
1405,192.2645,23264,133.8382,237,132.6889,27.6746,22.6824,121
1406,194.7302,24536,133.8529,225,134.1556,28.2437,22.0245,126
1407,193.3644,22817,132.8529,219,132.2222,28.1443,22.2973,118
1408,192.4828,22328,132.6765,220,134.8333,28.1479,21.5697,116
1409,191.448,23931,134.3333,248,133.5333,28.6983,22.3363,125
1410,193.2521,22997,134.0441,221,134.0556,28.6271,22.4029,119
1411,189.376,23672,133.4559,217,131.5556,28.1769,21.809,125
1412,191.2017,22753,132.85,241,132.5222,28.8661,21.5657,119
1413,189.7874,24103,135.0667,229,132.2444,28.749,22.4159,127
1414,191.9916,22847,134.6176,226,133.5889,28.6974,21.5769,119
1415,190.0917,22811,132.3167,222,133.2,28.5932,21.436,120
1416,190.3305,22459,130.85,217,133.1333,29.3824,22.4567,118
1417,191.2314,23139,133.7353,213,134.0222,28.218,23.0018,121
1418,188.4957,22054,134.4474,227,133.1222,28.0017,21.6553,117
1419,189.5,22361,131.15,217,133.8667,28.0659,22.1428,118
1420,191.0345,22160,135.6765,220,134.0667,28.894,22.3765,116
1421,192.6525,22733,132.9706,216,134.7444,28.3222,22.442,118
1422,188.8083,22657,132.7647,230,133.0111,30.0687,22.3547,120
1423,189.2739,29716,136.4118,221,133.4556,29.4765,22.3617,157
1424,191.3504,22388,132.5735,226,131.5333,29.4815,22.4298,117
1425,191,23684,132.5294,226,134.9444,29.2533,22.0545,124
1426,188.959,23053,133.5588,218,133.4222,28.7778,22.6727,122
1427,190.1345,22626,133.9559,222,133.2667,28.281,22.2562,119
1428,191.9083,23029,132.9412,216,132.5667,29.2589,22.1517,120
1429,189.9843,24128,134.4412,233,134.1333,28.957,21.8165,127
1430,188.9844,24190,133.8833,223,131.6,28.2931,22.0883,128
1431,189.9062,24308,131.7059,222,131.3556,29.6008,22.0382,128
1432,189.9587,22985,134.0294,232,132.3333,28.8708,21.9795,121
1433,188.6583,22639,133.15,222,132.9222,28.4852,22.4511,120
1434,187.6975,22336,132.5,217,133.7333,28.8186,21.6288,119
1435,192.1639,23444,132.85,227,131.9333,29.9099,22.3008,122
1436,188.8551,26062,134.4118,224,133.2556,30.0223,21.8425,138
1437,188.9068,22291,134,218,135.2222,29.2865,21.8024,118
1438,187.8657,25174,134.2333,226,134.2778,29.9167,21.7019,134
1439,187.4196,26801,133.4333,218,132.4556,29.6375,21.8646,143
1440,188.5254,22246,133.7,216,132.2444,28.9471,22.284,118
1441,188.1901,22771,133.9265,217,132.9,28.4212,22.3074,121
1442,186.8151,22231,133.5,214,133.1444,28.7299,22.225,119
1443,185.9699,24734,132.2647,219,134.0778,28.3595,21.2583,133
1444,188.678,22264,133.7833,219,133.8556,29.9315,21.5049,118
1445,188.6466,21883,132.2333,219,131.8333,29.3527,21.8932,116
1446,186.5662,25373,131.45,217,131.9333,29.0491,22.7974,136
1447,188.8226,23414,132.0147,215,132.0667,28.5113,22.6834,124
1448,191.1818,23133,133.2206,231,133.7333,28.115,21.9289,121
1449,188.7069,21890,131.15,222,133.5444,28.7047,21.8407,116
1450,188.2358,23153,134.5667,227,132.7,28.3312,22.0595,123
1451,186.9339,22619,134,210,133.0556,28.7485,22.8103,121
1452,187.6581,21956,132.7353,218,132.3556,29.1886,22.1744,117
1453,188.016,23502,133.8088,218,132.9556,28.8949,22.9751,125
1454,189.0508,22308,134.6324,219,134.6778,28.1901,22.5483,118
1455,188.5678,22251,132.7941,215,133.3556,28.4638,23.6319,118
1456,186.1458,26805,134.7895,233,133.8333,30.4267,22.1193,144
1457,187.3115,22852,134.0588,216,133.2222,29.3397,22.5545,122
1458,189,22869,134.7794,211,133.2667,28.8877,22.3759,121
1459,186.8828,27098,135.0294,222,131.7111,28.0453,22.2031,145
1460,187.1709,21899,133.3235,213,132.8556,28.8417,23.2213,117
1461,186.8824,22239,133.9079,218,133.7444,28.3387,22.9367,119
1462,186.064,23258,133.25,211,132.9778,29.0032,22.7172,125
1463,191.0085,22348,135.25,229,135.5222,28.9033,22.3264,117
1464,189.5203,23311,132.6912,219,131.8556,28.4593,22.6374,123
1465,187.9496,22366,131.9706,242,132.6778,28.456,22.937,119
1466,188.1885,22959,133.3824,216,134.2444,28.6599,22.3064,122
1467,189.1282,22128,132.0294,218,133.6222,29.4063,21.4749,117
1468,190.7119,22504,135.3167,219,135.1444,27.7383,21.2801,118
1469,188.2917,22595,132.3333,218,134.0333,28.7809,21.9029,120
1470,186.8707,21677,133,220,131.4222,28.3353,22.5326,116
1471,188.339,22224,132.9706,220,133.2444,28.0144,22.8031,118
1472,186.5238,23502,133.4412,215,132.0889,28.8591,22.7139,126
1473,186.7395,22222,134.1765,225,133.9889,28.2961,21.7768,119
1474,187.7661,23283,132.7333,240,132.8333,28.4947,22.1086,124
1475,186.5,22753,132.3529,209,131.9111,30.1521,22.0698,122
1476,188.9748,22488,134.4559,214,133.9556,28.7512,21.4336,119
1477,188.6387,22448,133.0167,233,133.7444,28.801,22.1612,119
1478,186.6695,22027,135.1176,216,133.4556,28.5878,22.2514,118
1479,190.062,24518,134.7941,216,133.5333,28.4741,22.7027,129
1480,188.127,23704,134.6765,211,134.1778,27.7834,22.2138,126
1481,188.0484,23318,134.2059,232,133.2778,28.151,22.251,124
1482,188.3053,24668,133.8235,227,134.3889,28.1618,22.3336,131
1483,184.968,23121,133.3235,216,131.9778,27.5329,21.6782,125
1484,188.1613,23332,134.3667,224,132.9778,29.0941,21.9447,124
1485,187.2735,21911,132.3,216,133.1556,28.3257,21.8978,117
1486,187,25806,133.15,229,132.4667,28.7262,22.5782,138
1487,188.2131,22962,133.1618,220,133.4778,27.5576,22.1612,122
1488,189.8824,22596,136.0147,222,134.1778,28.485,22.0917,119
1489,187.7939,24601,133.5441,229,133.1667,28.8971,22.439,131
1490,188.6724,21886,133.4118,220,133.0778,28.9419,22.0557,116
1491,189.5641,22179,133.8235,217,133.0111,28.3606,22.1665,117
1492,188.9655,21920,134.0441,218,134.6333,28.7013,21.9109,116
1493,186.1014,25682,133.2667,216,132.5667,29.051,22.2379,138
1494,188.418,22987,133.8088,227,133.2556,28.6509,21.5316,122
1495,187.161,22085,132.8167,217,133.4,28.7425,22.6103,118
1496,186.7724,22973,133.1471,225,131.3889,27.485,22.9407,123
1497,188.5794,23761,132.9706,215,134.0333,29.1639,22.2839,126
1498,188.4127,23740,131.2647,215,131.7889,28.336,22.1276,126
1499,187.9402,21989,134.7647,213,131.8222,28.8314,21.8501,117
1500,189.5085,22362,134.2,214,134.9444,28.338,22.5986,118
