1,465.092,75810,157.15,544,157.16,126.0351,84.9927,163
2,468.4639,77765,153.1875,558,153.55,126.0854,84.8731,166
3,464.3963,76161,153.8625,550,155.05,126.5879,84.9423,164
4,464.4908,75712,156.0125,555,157.93,126.0339,85.0032,163
5,468.2622,76795,154.6625,553,157.02,126.1691,84.9583,164
6,469.1598,79288,152.85,541,154.19,126.3997,84.9605,169
7,469.6524,77023,152.925,569,155.64,126.1039,84.9945,164
8,465.9024,76408,155.75,569,158.12,126.0531,84.7438,164
9,466.2515,75999,154.75,551,157.19,125.9627,84.94,163
10,462.2349,76731,155.0625,568,157.25,125.8742,84.6397,166
11,464.4695,76173,154.6875,565,155.99,126.2922,85.4811,164
12,468.0859,76298,154.675,570,156.51,126.0952,84.8816,163
13,465.8323,77794,152,552,156.42,125.8538,85.4843,167
14,463.2195,75968,156.6625,551,157.89,125.7842,84.5785,164
15,474,77736,155.65,560,156.54,126.3172,84.7241,164
16,466.7006,77939,153.9375,578,156.24,125.9069,85.5719,167
17,470.9817,77241,154.025,544,154.54,126.486,84.5514,164
18,471.681,76884,155.4,547,156.25,126.3408,84.9356,163
19,467.1404,79881,154.1375,558,155.12,125.8783,85.4493,171
20,469.4226,78863,153.8,565,154.69,126.3502,84.574,168
21,471.689,77357,155.25,558,156.35,126.1293,84.5567,164
22,472.4049,77002,153.0125,568,154.29,126.1686,84.8322,163
23,470.6,77649,153.9625,563,156,125.862,85.4264,165
24,468.0242,77224,154.0125,553,156.03,126.4492,85.2198,165
25,468.9693,76442,154.6625,598,155.3,125.9338,85.7019,163
26,472.227,76973,154.425,580,155.15,125.8474,85.2488,163
27,469.0663,77865,154.35,566,157.04,126.3366,85.2136,166
28,469.7455,77508,154.4125,538,156.57,126.2497,84.9934,165
29,469.454,76521,155.0125,557,156.62,126.2798,85.0009,163
30,467.0778,78002,153.875,546,154.55,126.2644,84.9691,167
31,469.7091,77502,153.4375,556,155.75,126.449,84.5703,165
32,471.9146,77394,154.7375,561,155.94,126.3818,84.2643,164
33,473.3374,77154,155.2,595,155.38,126.2357,84.7103,163
34,469.8354,77053,153.575,581,156.02,125.705,85.03,164
35,470.8598,77221,154.6875,534,156.52,126.362,84.9187,164
36,470.2883,76657,154.4375,557,156.09,126.4096,84.3708,163
37,473.5879,78142,151.6,568,154.35,126.199,85.0313,165
38,471.9085,77393,154.1375,575,155.31,126.1721,84.6958,164
39,471.7711,78314,152.425,545,153.58,126.6554,84.5772,166
40,473.1402,77595,156.125,560,156.55,126.0725,85.1981,164
41,469.25,76957,155,591,157.25,126.109,85.0623,164
42,473.1845,79495,153.325,560,154.38,125.7556,85.1152,168
43,472.1091,77898,156.75,577,157.33,125.9051,84.9064,165
44,471.8834,76917,157.0625,568,157.54,126.3459,84.6297,163
45,474.9699,78845,157.6375,583,159.24,125.9852,85.0223,166
46,472.2147,76971,155.2,585,155.79,125.6283,84.7614,163
47,477.494,80219,154.6625,573,156.35,125.9633,84.9994,168
48,477.1098,78246,154.7125,560,157.43,126.0932,84.8352,164
49,477.3636,78765,153.925,553,156.49,126.0807,84.8412,165
50,475.6108,79427,155.95,564,156.93,126.1103,84.4822,167
51,478.7669,78039,156.4125,544,158.14,125.7257,84.8158,163
52,480.0727,79212,152.6625,568,154.14,125.8727,85.1394,165
53,477.2209,77787,153.6875,580,155.04,126.152,84.7202,163
54,473.369,79526,155.0375,535,156.57,125.8546,84.993,168
55,475.0671,77911,152.8,588,154.79,125.712,85.0364,164
56,473.9036,78668,155.1625,560,156.95,125.6355,84.8949,166
57,469.7976,78926,154.1875,589,155.31,125.7047,84.4791,168
58,473.8485,78185,154.8625,572,157.24,125.4066,84.7259,165
59,470.6807,78133,151.3,539,154.17,125.4686,84.7096,166
60,469.5636,77478,152.8875,549,155.22,125.5315,84.7495,165
61,469.7607,76571,154.0375,560,155.21,125.4467,84.9619,163
62,470.6606,77659,153.2,538,154.33,125.6779,84.7256,165
63,469.988,78018,155.425,558,156.48,125.5369,84.6455,166
64,472.8476,77547,154.2625,571,154.58,125.6177,84.3435,164
65,474.7805,77864,154.8625,559,157.71,125.3062,84.9244,164
66,471.8282,76908,151.9375,569,154.31,125.7506,84.9804,163
67,475.2738,79846,156.7875,605,157.47,125.7615,84.2815,168
68,472.7771,78481,152.2125,556,154.8,125.7452,84.8294,166
69,469.3133,77906,154.65,553,156.43,125.9666,84.0873,166
70,472.1718,76964,150.475,563,153.49,125.7274,84.6495,163
71,469.6012,76545,155.35,543,156.83,125.7611,84.2478,163
72,472.0121,77882,153.45,578,155.45,125.69,84.7686,165
73,468.8659,76894,153.2,562,156.1,125.5494,84.4788,164
74,470.3049,77130,153.65,582,155.39,125.247,84.8588,164
75,467.2086,76155,153.9625,540,156.41,125.8475,84.4765,163
76,471.2393,76812,152.525,545,154.71,125.4302,85.2027,163
77,471.7939,77846,153.8,544,155.89,126.115,84.5893,165
78,469.1472,76471,151.825,580,154.67,125.6156,85.1247,163
79,471.6196,76874,154.8125,558,156.12,125.8202,84.4165,163
80,473.4727,78123,152.1125,580,154.61,125.6717,84.6513,165
81,473.0727,78057,155.8375,577,157.79,126.3347,84.6214,165
82,474.5183,77821,151.7125,599,154.49,125.6618,84.6149,164
83,477.6319,77854,153.3875,554,155.04,125.9445,84.7124,163
84,472.75,79422,153.1,552,155.1,125.901,85.0276,168
85,475.6424,78481,154.7375,562,155.65,125.5782,85.0616,165
86,475.3174,79378,154.75,548,157.09,126.3234,84.8824,167
87,473.3742,77160,154.3,555,156.48,126.1075,84.2162,163
88,473.4788,78124,153.6125,555,156.64,126.0366,84.3741,165
89,470.3374,76665,154.9875,569,156.82,126.0269,84.6901,163
90,471.2683,77288,154.9,546,155.47,126.1382,84.4863,164
91,469.7879,77515,154.675,575,157.12,126.1335,84.7667,165
92,469.0307,76452,155.325,558,157.42,126.063,84.7234,163
93,468.0575,81442,155.5375,553,155.98,126.0293,84.6959,174
94,472.1497,78849,156.3,572,158.44,126.3238,84.1443,167
95,471.3333,77770,152.9,564,155.11,126.053,84.6449,165
96,471.0366,77250,156.125,585,158.6,125.9966,84.8341,164
97,476.2945,77636,154.475,544,155.26,125.8386,84.6915,163
98,475.7117,77541,155.25,549,156.64,125.8012,85.0757,163
99,475.6646,78009,154.7,552,156.12,125.8238,85.1309,164
100,474.8242,78346,153.875,569,154.15,125.8968,85.0954,165
101,471.9821,79293,154.95,569,156.05,126.1531,84.7282,168
102,472.8667,78023,154.8125,557,155.37,125.5679,84.9012,165
103,470.6402,77185,156.075,563,157.66,125.8679,84.7152,164
104,472.1779,76965,152.5,558,154.77,125.9047,84.9268,163
105,468.7929,79226,156.725,552,156.32,126.1541,84.808,169
106,465.3077,78637,153.75,580,157.1,126.1482,84.2574,169
107,469.3077,79313,151.375,577,153.9,126.1089,84.243,169
108,470.5636,77643,152.1625,559,154.38,125.8958,84.9671,165
109,468.8405,76421,155.5875,560,155.3,125.6947,84.708,163
110,472.6871,77048,155.5875,564,155.88,125.8689,85.0071,163
111,469.1437,78347,154.9375,569,156.25,125.892,84.8516,167
112,468.8623,78300,154.3,558,154.98,125.9676,84.1089,167
113,470.6566,78129,153.6625,563,155.35,126.0442,85.0131,166
114,470.297,77599,152.1125,551,153.56,126.389,84.3545,165
115,474.5904,78782,153.7125,564,155.82,125.8296,85.1351,166
116,470.8988,79111,152.8625,565,154.11,126.0018,84.8041,168
117,478.2061,78904,155.05,556,156.45,125.9965,84.6335,165
118,475.8037,77556,153.0875,560,154.82,126.5579,84.4025,163
119,473.6341,77676,156.225,572,158.1,125.8036,85.1629,164
120,468.5148,79179,152.9375,564,155.29,126.256,84.4746,169
121,470.9167,79114,151.7375,574,154.79,126.083,84.6216,168
122,468.9939,76446,155.85,534,157.03,126.0761,84.9605,163
123,471.9059,80224,151.5,595,153.81,125.8701,85.3122,170
124,474.2073,77770,154.4125,586,155.21,126.1305,84.7014,164
125,469.2335,78362,156,592,157.51,126.1621,85.1305,167
126,469.7073,77032,152.9375,547,154.51,125.8258,84.7421,164
127,479.9634,78714,153.875,580,154.93,126.0134,85.0947,164
128,474.5298,79721,155.5625,542,156.69,125.8459,84.7976,168
129,479.3515,79093,154.4625,591,155.12,126.0069,84.9423,165
130,475.939,78054,153.925,541,154.62,126.0901,84.9027,164
131,479.2577,78119,154.3,571,154.99,126.5551,84.5943,163
132,479.1257,80014,153.975,579,155.44,126.1768,85.1249,167
133,483.2727,79740,153.7625,605,155.98,126.5438,84.2205,165
134,482.2331,78604,154.125,563,156.28,126.5274,84.9782,163
135,478.8313,79486,155.2,591,155.55,126.4995,84.4167,166
136,476.0671,78075,151.725,568,155.51,126.4711,84.6649,164
137,479.5758,79130,152.875,588,155.02,126.2381,84.8795,165
138,477.6882,81207,154.2,570,154.91,126.4048,84.4763,170
139,475.0245,77429,151.4375,582,155.22,126.3767,84.517,163
140,475.2848,78422,153.3625,582,155.55,126.4768,84.6824,165
141,472.3988,79363,152.6125,567,154.79,126.2436,84.8243,168
142,479.2515,78118,153.3625,551,155.86,125.9983,84.7314,163
143,476.7636,78666,153.75,585,156.2,126.1465,84.7607,165
144,476.5758,78635,154.7125,561,156.57,126.0352,84.9388,165
145,476.3735,79078,152.8875,571,156.2,126.2973,84.7136,166
146,479.9042,80144,154.7125,610,154.91,126.1198,83.8331,167
147,482.4417,78638,152.575,571,156.02,125.9531,84.7023,163
148,482.8909,79677,155.2375,584,156.32,125.8459,84.5735,165
149,481.8049,79016,155.9,584,157.96,126.0344,85.0096,164
150,478.994,79513,154.825,593,156.64,126.4166,84.3755,166
151,480.897,79348,153.1125,575,157.02,125.6713,84.7639,165
152,480.2061,79234,154.1875,582,155.66,125.5748,84.8283,165
153,480.3413,80217,154.3625,574,155.07,125.9254,84.9242,167
154,478.184,77944,157.05,560,157.81,125.8568,84.643,163
155,477.4727,78783,154.275,561,155.94,125.1969,84.8105,165
156,479.5241,79601,154.75,574,155.2,124.8062,84.8717,166
157,476.6687,77697,153.6375,568,155.79,124.3701,85.1548,163
158,476.1585,78090,153.85,562,156.11,124.2799,84.2027,164
159,478.4785,77992,153.2625,557,156.04,123.6773,85.0509,163
160,476.1829,78094,153.5875,561,155.78,124.4439,84.5634,164
161,478.5092,77997,154.0625,554,155.8,123.7963,84.7145,163
162,477.7317,78348,150.9125,561,155.23,123.5159,84.4871,164
163,477.0422,79189,153.675,562,156.59,123.4632,84.8139,166
164,481.0859,78417,153.5125,630,156.9,122.9706,84.7998,163
165,481.0964,79862,154.1875,591,156.49,123.3054,84.8353,166
166,480.7711,79808,156.6125,550,157.72,122.5717,84.669,166
167,480.2866,78767,152.475,564,158.18,122.7672,84.795,164
168,481.5394,79454,153.8625,554,159.1,122.4844,85.5488,165
169,483.2424,79735,152.75,586,156.83,122.7492,85.3226,165
170,479.9141,78226,154.7,554,158.3,122.4389,84.853,163
171,479.1951,78588,155.9125,575,159.3,122.4979,84.8095,164
172,483.5549,79303,151.6125,597,156.21,122.5555,85.1878,164
173,482.6135,78666,154.55,574,159.47,122.5023,85.396,163
174,483.0736,78741,153.6,603,157.38,121.978,85.5056,163
175,485.3193,80563,154.325,580,156.88,122.5688,85.6305,166
176,484.3659,79436,155.125,581,157.18,122.8388,84.9699,164
177,486.1325,80698,155.2125,623,158.29,122.3879,85.2213,166
178,483.9758,79856,153.625,570,158.06,122.6822,85.3745,165
179,485.2195,79576,153.7625,567,155.81,122.8934,85.0825,164
180,482.8061,79663,153.0625,591,156.13,123.2728,84.7874,165
181,485.5305,79627,153.375,597,157.82,123.0962,85.148,164
182,486.5337,79305,153.85,580,156.34,123.3568,84.3589,163
183,485.9818,80187,152.575,590,157.47,122.9115,85.0885,165
184,482.9329,79201,154.3125,574,156.89,123.3822,85.2159,164
185,486.2561,79746,154.325,575,156.26,123.183,84.6226,164
186,484.497,79942,153.575,560,157.57,123.1835,84.7505,165
187,484.5091,79944,153.6625,575,155.06,123.3344,84.9941,165
188,484.6933,79005,155.3,603,158.57,123.0868,84.8852,163
189,484.2711,80389,151.7,589,155.25,122.8464,84.8812,166
190,483.865,78870,153.5,563,158.82,123.3751,84.7956,163
191,482.5749,80590,152.725,571,156.2,123.39,84.3176,167
192,484.3939,79925,153.6875,570,156.79,123.2953,84.4521,165
193,484.5976,79474,152.7125,584,156.95,123.2649,84.9327,164
194,491.9755,80192,154.05,574,157.22,123.4905,84.353,163
195,486.2331,79256,153.7375,574,157.44,123.2043,84.6396,163
196,485.0122,79542,154.1,569,158.39,123.6877,84.7342,164
197,479.2024,80506,154.6625,568,158.18,123.4592,85.1922,168
198,481.3742,78464,154.9875,576,157.91,123.0593,84.5491,163
199,483.4036,80245,156.25,575,157.75,123.226,84.7064,166
200,478.897,79018,153.6875,593,156.19,123.0036,84.7053,165
201,479.503,79118,153.7625,567,156.58,123.2654,84.9693,165
202,479.2073,78590,154.9625,559,156.01,123.4239,84.5893,164
203,478.4356,77985,155.5125,553,155.7,123.2977,84.9271,163
204,476.6074,77687,150.7375,557,154.78,123.7758,84.4234,163
205,473.1879,78076,153.3,606,156.72,123.4199,84.2502,165
206,475.515,79411,151.525,557,154.68,123.5216,84.6885,167
207,477.4639,79259,155.0375,570,156.91,123.6545,84.4917,166
208,475.1024,78867,154.05,583,157.59,123.4611,84.4471,166
209,480.1227,78260,154.0625,564,156.39,123.5735,84.769,163
210,477.8354,78365,153.8375,571,155.48,123.0237,85.0841,164
211,473.1394,78068,152.7125,563,157,123.7019,85.1296,165
212,478.006,79349,155.2375,565,157.7,123.3228,85.0621,166
213,477.5879,78802,157.15,564,159.06,123.5316,84.7376,165
214,480.9755,78399,155.1875,600,157.36,123.2635,84.6722,163
215,483.0245,78733,152.5125,577,157.08,123.348,84.357,163
216,477.3742,77812,155.375,545,156.81,123.5333,84.3799,163
217,479.1585,78582,153.1125,552,156.65,123.2837,84.7191,164
218,480.4908,78320,153.8625,584,156.44,123.5317,84.5734,163
219,481.9268,79036,154.7125,603,157.81,123.0075,84.4801,164
220,480.0595,80650,150.8875,580,154.88,123.4499,84.8285,168
221,482.3374,78621,155.925,574,157.55,123.245,84.7858,163
222,478.189,78423,153.5375,564,158.18,123.6491,84.7438,164
223,482.006,80013,154.8375,568,156.64,123.2875,84.9947,166
224,487.4785,79459,154.2875,598,156.02,123.4282,84.951,163
225,480.8313,79818,152.7625,568,156.73,123.1974,85.0049,166
226,486.5,79786,154.2125,580,156.68,123.1894,85.1446,164
227,482.0714,80988,152.5625,584,155.06,123.4892,84.491,168
228,487.3533,81388,151.775,572,157.4,123.2072,84.6505,167
229,490.4121,80918,152.3,562,156.42,123.4638,84.57,165
230,495.3476,81237,153.5,582,157.07,123.5853,84.6883,164
231,495.5,82253,154.1625,574,155.02,123.3809,85.1534,166
232,496.6205,82439,154.35,571,156.67,123.6409,84.3686,166
233,493.8963,80999,153.7625,608,156.13,123.9452,84.6886,164
234,496.2349,82375,155.525,588,156.29,123.4183,84.9914,166
235,497.0482,82510,152.7,581,158.44,123.6476,84.7974,166
236,494.0122,81018,153.75,579,156.32,123.1807,84.9382,164
237,492.7892,81803,153.2375,591,156.7,123.7412,84.7094,166
238,490.6545,80958,151.4,571,154.72,123.9489,84.1399,165
239,483.5697,79789,152.325,569,156.46,123.8652,84.1825,165
240,488.897,80668,154.225,568,157.21,123.7101,84.3947,165
241,484.9512,79532,153.025,569,155.97,123.8998,84.5074,164
242,480.5361,79769,154.8,542,156.17,123.5587,84.7037,166
243,483.0242,79699,155.3625,588,157.28,123.633,84.8868,165
244,483.4573,79287,151.8625,563,155.79,123.9054,84.3305,164
245,484.1902,78923,152.3,580,156.47,123.5915,84.7962,163
246,483.2561,79254,154.35,567,157.2,123.7874,84.313,164
247,478.9018,78061,150.9625,554,156.09,124.0457,84.8621,163
248,478.9264,78065,154.0375,558,157.03,123.8978,84.3455,163
249,476.2988,78113,154.8875,566,157.86,123.7041,84.6383,164
250,476.8589,77728,156.2125,566,156.34,124.0116,84.4045,163
251,476.8084,79627,152.5375,557,156.2,123.7094,85.1686,167
252,474.9573,77893,154.125,564,156.28,123.8272,85.3657,164
253,474.4417,77334,152.125,563,156.79,124.0282,84.4687,163
254,472.8232,77543,152.825,557,156.37,124.2569,84.8127,164
255,472.8528,77075,153.9375,543,156.34,123.8909,85.1125,163
256,476.1646,78091,154.125,575,155.46,123.9317,84.4251,164
257,476.3133,79068,153.3125,589,156.73,124.3108,84.7258,166
258,478.0305,78397,152.575,563,153.94,124.2915,84.3228,164
259,479.2788,79081,153.05,578,156.77,124.5364,84.3995,165
260,478.9085,78541,152.725,578,157.11,124.6934,84.6426,164
261,479.5244,78642,154.8,542,157.43,123.8652,85.004,164
262,483.0549,79221,154.1375,578,157.71,124.1041,84.8698,164
263,477.3497,77808,153.0625,575,156.21,124.1927,84.6076,163
264,478.4479,77987,153.7125,560,156.09,124.257,84.9617,163
265,479.1718,78105,153.3125,602,155.99,124.3871,84.6665,163
266,480.9268,78872,154.7375,546,157.18,124.1164,84.6659,164
267,480.5793,78815,153.9375,567,156.39,124.1585,84.4311,164
268,484.4785,78970,154.475,582,158.38,124.1153,84.9216,163
269,480.8614,79823,151.55,615,155.47,124.3419,84.7224,166
270,482.6687,78675,150.3875,571,154.44,124.3255,84.4066,163
271,487.3133,80894,151.0125,568,154.99,124.2152,84.9697,166
272,491.622,80626,152.2125,563,154.08,124.0798,84.4573,164
273,490.8957,80016,151.8875,595,156.26,123.8222,84.7478,163
274,492.7791,80323,156.8625,587,158.06,123.4516,84.7365,163
275,491.497,81097,153.1125,584,156.08,123.7233,84.7646,165
276,489.6061,80785,153.5125,562,157.55,123.4361,84.7045,165
277,490.2744,80405,152.7,568,155.25,123.5661,84.7632,164
278,488.5488,80122,154.525,622,156.82,123.3337,84.763,164
279,494.5629,82592,153.875,583,157.55,123.5036,84.3666,167
280,495.0061,81676,154.875,567,157.34,123.2409,84.4002,165
281,502.1084,83350,154.35,584,156.77,123.3957,84.3601,166
282,501.811,82297,150.5,595,155.11,123.2968,84.4821,164
283,507.2073,83182,155.35,621,158.23,123.5527,84.2315,164
284,508.2209,82840,154.7625,614,156.86,123.3298,84.3796,163
285,511.4512,83878,152.275,608,156.58,122.7908,84.5864,164
286,514.689,84409,155.8875,609,157.5,123.2136,84.203,164
287,519.5663,86248,152.075,618,157.79,122.6086,84.4127,166
288,523.7697,86422,150.525,635,155.49,123.2058,84.137,165
289,527.2575,88052,152.425,631,156.57,122.8835,84.4046,167
290,524.1037,85953,153.975,630,158.65,122.799,84.6791,164
291,524.6012,85510,153.4,638,155.86,123.0469,83.8222,163
292,530.8896,86535,153.85,657,157.35,122.9756,84.2609,163
293,534.5976,87674,152.6125,635,157.65,122.7583,84.3234,164
294,534.4699,88722,152.075,643,155.92,122.8359,84.7488,166
295,539.7055,87972,153.1625,627,155.45,122.8638,84.1529,163
296,530.0179,89043,154.575,634,158.15,122.8696,83.9762,168
297,533.8773,87022,155.9375,633,156.75,123.0637,84.2917,163
298,539.6994,87971,151.2625,643,155.66,122.1519,84.3693,163
299,534.2242,88147,149.7875,633,154.88,123.125,83.9818,165
300,531.0848,87629,152.9375,633,158.47,122.6685,84.3353,165
301,529.0915,86771,151.8875,620,154.37,122.9892,84.2913,164
302,534.092,87057,154.725,651,156.38,122.7002,83.9629,163
303,532.303,87830,154.25,624,157.72,122.8483,84.5555,165
304,524.4132,87577,152.9875,617,157.38,122.7861,84.5622,167
305,526.1534,85763,154.45,668,156.87,122.8364,83.9465,163
306,520.103,85817,152.5375,616,157.05,122.8107,84.3814,165
307,519.8795,86300,152.05,612,155.46,122.8411,84.3309,166
308,516.982,86336,154.5,605,158.36,123.0028,84.5002,167
309,519.8909,85782,156.625,623,159.26,122.7227,84.2553,165
310,517.189,84819,153.3125,621,157.04,122.7233,84.3344,164
311,513.8614,85301,150.925,643,157.85,122.8254,84.2869,166
312,522.2025,85119,151.15,612,155.51,122.6036,84.657,163
313,524.6626,85520,152.7875,638,154.22,123.0507,84.3983,163
314,530.0736,86402,152.225,632,155.69,122.5644,84.3609,163
315,528.3558,86122,152.5625,609,156.82,122.982,84.0548,163
316,530.9512,87076,152.95,621,157.19,122.7722,84.0867,164
317,528.5758,87215,152.9625,623,155.94,122.89,83.9191,165
318,523.1159,85791,153.2125,612,156.57,122.879,84.3741,164
319,522.3758,86192,151.625,618,155.46,122.5869,84.2337,165
320,524.6829,86048,152.8125,666,157.55,122.6607,84.156,164
321,524.8528,85551,155.1625,631,157.15,122.6442,84.038,163
322,526.1768,86293,152.5875,622,157.45,122.8877,84.1344,164
323,521.5031,85005,153.9,628,159.3,122.5199,84.373,163
324,523.7134,85889,152.95,650,155.68,122.639,84.4246,164
325,523.4371,87414,153.075,624,157.23,122.7319,83.8933,167
326,529.2638,86270,151.9,637,156.11,122.5425,84.2865,163
327,531.3152,87667,152.9125,614,156.6,122.6226,84.1012,165
328,531.8589,86693,154.4,616,157.04,122.4615,84.0147,163
329,532.0606,87790,150.425,640,156.22,122.5853,84.1017,165
330,529.5122,86840,151.55,667,156.53,122.7292,84.244,164
331,533.5774,89641,154.9125,619,158.26,122.4234,84.1516,168
332,533.1145,88497,152.7375,643,156.61,122.4218,84.3468,166
333,535.2945,87253,152.6125,617,156,123.0098,84.3896,163
334,539.7317,88516,152.6125,637,156.09,122.4698,84.3523,164
335,538.6074,87793,151.6,655,155.51,122.6156,84.3298,163
336,543.494,90220,153.1375,642,157.84,122.3411,84.5402,166
337,542.319,88398,155.0875,654,158.46,122.2939,84.3356,163
338,536.1737,89541,151.825,630,157.19,122.3681,84.184,167
339,540.8598,88701,152.85,651,158.76,122.5474,84.2123,164
340,535.7439,87862,151.8,646,156.73,122.5999,84.3078,164
341,533.5521,86969,154.375,646,157.96,122.2146,84.193,163
342,530.8848,87596,152.0125,615,156.48,122.3794,83.8041,165
343,539.4451,88469,152.275,626,155.62,121.5271,84.7165,164
344,535.1515,88300,156,626,157.09,122.0494,84.0562,165
345,539.362,87916,154,653,157.24,122.2569,83.9394,163
346,537.2086,87565,153.225,630,157.64,122.2717,84.222,163
347,533.8293,87548,152.2,628,158.77,121.9413,84.1431,164
348,532.1779,86745,153.3125,641,157.55,122.1285,84.4866,163
349,527,86955,151.525,611,156.69,122.0828,84.4335,165
350,526.6121,86891,152.3375,634,157.55,122.2747,84.3814,165
351,524.3926,85476,152.5375,633,156.43,122.1829,84.3687,163
352,519.6424,85741,152.775,610,157.57,121.967,84.3735,165
353,526.7669,85863,152.15,606,156.29,122.2353,84.4436,163
354,524.227,85449,152.6375,631,157.52,122.1313,84.2776,163
355,524.3313,85466,152.6875,632,155.54,122.0554,84.7416,163
356,526.7988,86395,154.8375,609,157.7,122.3046,84.5177,164
357,528.8466,86202,154.425,613,156.77,122.2309,84.1904,163
358,531.2242,87652,152.725,626,156.63,122.428,84.1744,165
359,525.9217,87303,152.275,604,157.04,121.9377,84.3598,166
360,531.0305,87089,153.4125,636,157.54,122.237,84.4848,164
361,525.3804,85637,152.875,624,158.28,121.8723,84.7215,163
362,524.0671,85947,154.6,625,158.19,121.8154,84.3597,164
363,523.1166,85268,151.95,620,156.91,122.3577,84.371,163
364,521.811,85577,154.8125,629,158.68,121.8966,84.5356,164
365,520.816,84893,151.05,628,155.9,122.1744,84.2878,163
366,524.9141,85561,152.6,596,156.71,122.1714,84.6887,163
367,529.5122,86840,153.4125,635,156.23,122.3259,84.2042,164
368,525.7178,85692,152.225,598,156.76,121.9387,84.0322,163
369,519.6627,86264,154.8,624,158.7,122.0273,84.2355,166
370,523.5818,86391,153.1375,604,156.02,121.7918,83.8478,165
371,531.9212,87767,152.925,642,156.09,121.8376,84.4721,165
372,529.0061,86757,154.4,635,157.08,122.0489,84.2357,164
373,530.1595,86416,153.2625,664,155.6,121.9286,84.0531,163
374,533.2,87978,154.1375,642,157.02,122.1224,84.0782,165
375,528.3636,87180,152.65,627,157.54,121.8701,84.2405,165
376,534.5758,88205,153.4375,673,158.29,121.9676,83.9155,165
377,529.4121,87353,152.625,620,157.58,122.0733,83.8327,165
378,527.1636,86982,153.35,616,156.94,122.2237,83.8765,165
379,531.2805,87130,153.4375,625,157.76,122.4251,84.0303,164
380,525.7607,85699,151.775,640,157.79,122.6248,83.7552,163
381,523.628,85875,152.85,614,156.29,122.9721,83.8864,164
382,523.6871,85361,152.2375,619,157.77,123.1491,84.1545,163
383,521.253,86528,153.425,605,158.33,122.9515,84.0892,166
384,522.25,85649,152.6375,617,157.42,123.4309,84.0852,164
385,515.7791,84072,153.6625,596,157.86,123.8096,83.6637,163
386,517.3939,85370,152.7125,609,156.51,123.962,84.1031,165
387,516.1098,84642,152.3625,612,156.18,124.2422,83.4724,164
388,512.5488,84058,150.8125,608,156.65,124.6944,83.7252,164
389,506.9819,84159,154.65,597,157.14,124.7848,84.1265,166
390,504.4049,82218,152.375,593,156.32,125.2272,83.5855,163
391,502.561,82420,150.7375,615,155.24,125.4598,83.8152,164
392,505.9877,82476,152.9875,585,158.29,125.4429,84.2155,163
393,505.6626,82423,151.6875,590,155.55,125.7933,83.9075,163
394,497.6848,82118,151.775,577,155.63,125.8903,83.9933,165
395,495.7669,80810,153.5875,572,156.57,126.2089,83.9669,163
396,493.4049,80425,152.3,580,157.24,126.1003,84.2879,163
397,492.4667,81257,153.9375,592,155.8,127.0666,84.0042,165
398,494.9755,80681,152.4125,613,155.3,127.0388,83.8408,163
399,492.092,80211,152.6875,618,155.7,126.9754,83.8113,163
400,491.3952,82063,151.6375,580,153.47,127.3514,83.4544,167
401,492.5583,80287,151.9,589,155.26,127.4588,84.2396,163
402,488.4364,80592,154.0625,613,155.47,127.492,83.6812,165
403,489.3515,80743,153.1125,576,155.83,127.6671,84.0107,165
404,486.9571,79374,153.1625,584,154.17,127.4787,84.2442,163
405,488.6964,82101,152.3625,574,155.29,128.4178,83.7393,168
406,491.7892,81637,153.85,596,154.84,128.0778,84.0858,166
407,486.6747,80788,154.45,583,156.36,128.4089,84.2534,166
408,485.3497,79112,151.725,575,153.77,127.9336,84.1701,163
409,487.6407,81436,153.95,563,155.71,128.4114,83.7728,167
410,483,81627,153.55,579,155.35,127.9932,84.4811,169
411,482.1402,79071,151.4625,566,154.74,128.2638,83.891,164
412,481.7055,78518,154.1125,552,155.68,128.8167,83.4259,163
413,482.0303,79535,152.0125,572,156.31,128.6146,84.1296,165
414,483.439,79284,152.75,596,153.92,128.3765,84.062,164
415,482.4908,78646,153.3625,571,155.31,128.3848,84.2819,163
416,488.8589,79684,152.725,582,155.59,128.0847,84.0215,163
417,482.2134,79083,152.175,600,154.69,128.1683,83.8688,164
418,482.2195,79084,154.75,563,156.68,128.4071,83.5061,164
419,482.9632,78723,153.0125,575,154.84,128.0898,84.0944,163
420,482.5583,78657,154.0375,574,155.35,127.8456,84.1165,163
421,480.546,78329,153.05,555,155.18,128.4354,84.1028,163
422,478.9281,79981,153.2875,570,156.62,128.0951,83.9878,167
423,480.4847,78319,151.7375,560,153.39,128.0923,84.2078,163
424,478.6121,78971,153.025,559,155.82,128.1693,83.9543,165
425,479.0473,80959,152.4875,544,154.9,128.0622,83.7471,169
426,477.4049,77817,152.425,561,155.73,128.3134,84.0517,163
427,475,77425,152.5875,585,155.76,128.2353,84.0228,163
428,473.689,77685,152.825,558,155.2,127.8897,84.2731,164
429,475.0798,77438,153.05,567,156.03,127.9899,83.7915,163
430,477.4167,80206,152.4375,555,154.18,127.6884,84.0927,168
431,477.7939,78836,153.15,580,154.33,127.9448,84.398,165
432,477.2454,77791,153.8875,577,153.5,127.5646,84.5777,163
433,476.3509,81456,154.9875,537,155.95,127.7463,84.2714,171
434,476.6467,79600,151.575,574,154.85,127.4967,84.1435,167
435,475.8284,80415,153.4375,556,155.96,127.2626,84.5172,169
436,475.6012,77523,154.45,568,156.06,127.3913,84.1646,163
437,475.125,79821,153.4375,561,155.72,127.7832,83.4699,168
438,475.6994,77539,151.15,555,154.7,127.1932,84.2935,163
439,472.561,77500,151.475,559,153.61,127.0573,84.3101,164
440,470.6098,77180,152.8,539,156.05,126.9705,84.3957,164
441,477.184,77781,152.6125,573,155.11,126.8498,84.1911,163
442,472.1446,78376,152.3625,573,154.3,126.5715,84.2372,166
443,472.4356,77007,153.95,563,156.61,126.0434,84.5989,163
444,467.6848,77168,154.7875,563,156.51,126.9667,83.7261,165
445,466.7683,76550,156.3375,549,158.82,125.8625,84.3512,164
446,469.1166,76466,152.4625,587,154.68,126.0529,84.2919,163
447,468.2012,76785,152.7,577,154.72,125.7178,84.2122,164
448,466.3636,76950,153.075,529,154.95,125.8893,84.2903,165
449,464.1656,75659,152.25,556,154.37,125.4551,83.986,163
450,465.1043,75812,152.4875,538,154.6,125.335,84.3585,163
451,463.1488,77809,154.4375,551,157.16,125.4738,84.2919,168
452,461.3659,75664,152.75,539,156.4,125.0869,84.9172,164
453,464.6503,75738,152.6875,545,154.26,125.8269,84.529,163
454,463.6442,75574,155.7375,556,158.12,125.4157,84.4095,163
455,463.2454,75509,152.775,561,155.57,124.9782,84.7875,163
456,464.1754,79374,154.175,547,155.95,125.5492,84.0308,171
457,464.0184,75635,153.7,556,156.86,125.4179,84.139,163
458,464.0061,75633,153.65,526,157.49,124.8869,84.8327,163
459,465.3571,78180,153.75,578,156.25,125.2912,84.3915,168
460,462.9152,76381,153.0375,539,154.72,125.3153,84.3668,165
461,469.9877,76608,153.2625,535,156.74,125.1549,84.1232,163
462,466.2635,77866,152.7625,573,155.62,125.0016,84.2068,167
463,465.25,76301,153.625,530,156.66,124.7908,84.8283,164
464,466.8405,76095,153.25,544,155.49,125.0718,84.0483,163
465,472.2754,78870,152.3625,561,156.85,124.9949,84.2708,167
466,469.2195,76952,151.45,550,155.96,124.8501,83.9896,164
467,467.0121,77057,155.05,540,156.95,125.1667,84.4485,165
468,468.7134,76869,154.125,560,155.97,124.8391,84.198,164
469,469.0301,77859,154.6625,556,157.25,124.9982,84.4153,166
470,463.9464,77943,153,544,156.43,124.9536,84.1522,168
471,465.5976,76358,153.2625,552,157.55,124.8514,84.3249,164
472,464.1807,77054,152.8,561,156.13,124.8044,84.2554,166
473,464.9701,77650,153.2625,550,155.73,125.6336,84.3175,167
474,462.4819,76772,153.5375,528,155.42,125.0477,83.3725,166
475,460.2638,75023,149.675,525,154.95,125.3161,84.0277,163
476,463.4545,76470,152.5375,528,156.25,124.8086,84.4945,165
477,461.7439,75726,151.1,563,155.04,124.9308,84.0684,164
478,462.3497,75363,152.5375,559,156.94,125.1145,84.3026,163
479,462.7853,75434,152.5625,549,155.19,124.8437,84.4521,163
480,461.7607,75267,151.2125,564,155.43,125.1652,84.236,163
481,462.6933,75419,154.7375,539,156.28,125.4967,83.856,163
482,465.2,76758,153.525,547,155.91,125.3744,84.4989,165
483,464.2209,75668,153.3125,589,156.49,124.8232,84.4683,163
484,463.122,75952,152.625,567,155.34,125.1393,84.4061,164
485,457.9146,75098,152.875,526,155.42,124.6814,84.0712,164
486,463.988,77486,151.175,526,156.43,124.8464,84.5952,167
487,464.7055,75747,154.6125,548,155.71,125.3211,84.2898,163
488,459.7035,79069,152.7125,525,155.31,125.0132,84.8297,172
489,460.816,75113,152.35,526,154.49,125.2075,84.3747,163
490,464.0798,75645,152.9125,587,155.97,124.9607,84.0112,163
491,462.0671,75779,151.8125,566,156.67,125.441,83.7619,164
492,457.9176,77846,152.3875,545,156.09,124.655,84.4655,170
493,465.1098,76278,153.95,545,157.14,125.0511,84.8163,164
494,463.2209,75505,154.7625,545,155.79,125.3179,83.5473,163
495,464.2744,76141,153.8375,542,156.77,125.0398,84.3541,164
496,463.6037,76031,150.6875,549,154.33,125.0583,84.607,164
497,464.2262,77990,152.975,544,155.85,124.7678,85.0927,168
498,464.7212,76679,154.8,574,156.13,125.3493,84.0692,165
499,468.3865,76347,154.375,568,156.12,124.9407,83.8695,163
500,462.4667,76307,152.9125,524,154.49,125.1199,84.4715,165
501,464.4724,75709,151.85,533,155.13,124.933,84.1536,163
502,460.494,77363,154.3625,533,156.87,125.0682,84.2551,168
503,465.7455,76848,152.6625,542,154.48,125.274,84.3072,165
504,467.2577,76163,151.6125,540,155.38,124.9184,84.5645,163
505,460.1595,75006,153.575,535,154.92,125.0293,84.3937,163
506,461.8036,77583,151.4875,542,155.08,125.4581,84.4132,168
507,462.6159,75869,152.3,542,154.77,125.6253,83.9835,164
508,459.5092,74900,152.6125,554,155.98,125.5389,84.2978,163
509,463.2121,76430,151.725,532,153.84,125.581,84.1556,165
510,463.5031,75551,154.8875,551,156.57,125.8184,84.2272,163
511,459.1758,75764,151.0875,534,153.99,126.1419,84.4066,165
512,458.8263,76624,152.4,516,155.85,126.8227,83.827,167
513,460.9162,76973,152.825,559,155.84,126.3139,84.2908,167
514,458.4854,78401,151.4,525,155.33,127.0031,84.1757,171
515,464.5215,75717,152.7625,565,154.66,126.7316,84.2217,163
516,462.3818,76293,153.5,536,156.32,127.1984,84.431,165
517,461.4024,75670,151.625,531,152.19,126.9035,84.2038,164
518,457.6864,77349,154.8,545,154.89,126.9239,84.6179,169
519,459.7485,74939,157.075,535,157.44,126.779,84.2576,163
520,460.0238,77284,152.7,533,155.58,126.656,84.4781,168
521,462.3576,76289,151.1,541,155.84,126.891,84.657,165
522,459.2822,74863,157.3,537,158.55,126.8635,84.7684,163
523,461.5,75686,154.3375,538,155.58,126.7819,84.4792,164
524,458.5305,75199,152.6875,535,154.29,127.0312,84.2904,164
525,462.6848,76343,151.8,553,154.51,126.8527,84.234,165
526,459.497,76736,152.7,532,154.46,126.5168,84.2795,167
527,456.3129,74379,151.9375,513,154.15,126.6486,84.2783,163
528,460.3313,76415,154.0125,571,155.86,126.1862,84.5641,166
529,458.2331,74692,154.5,537,155.67,127.233,84.5426,163
530,457.7914,74620,153.7125,550,154.37,127.0927,83.8708,163
531,458.703,75686,153.5625,542,157.17,126.3646,84.5198,165
532,461.7914,75272,154.3875,593,155.63,126.3039,84.2929,163
533,457.0798,74504,152.8875,539,154.58,126.9692,84.67,163
534,458.9212,75722,155.75,537,156.62,127.1292,83.8673,165
535,455.6871,74277,152.175,535,155.11,126.932,84.0256,163
536,456.0183,74787,153.6375,539,155.66,126.9248,84.392,164
537,456.4817,74863,153.375,532,155.58,126.7537,84.4515,164
538,459.2209,74853,154.95,547,156.88,126.6863,84.3304,163
539,458.3976,76094,152.75,556,154.88,127.3634,84.0881,166
540,455.2822,74211,152.4,518,155.47,126.8128,84.55,163
541,457.4819,75942,152.8125,560,155.02,126.922,84.3427,166
542,457.753,75987,149.4,553,153.84,126.6946,84.3889,166
543,458.8,75702,150.975,519,154.08,127.1497,84.1958,165
544,461.2945,75191,154.05,536,154.97,126.9162,84.2192,163
545,454.5273,74997,152.4625,523,154.84,126.5996,84.6101,165
546,456.1928,75728,153.875,558,155.38,127.1987,84.1416,166
547,452.8462,76531,154.6625,534,157.39,126.5534,84.5976,169
548,457.0941,77706,154.0875,577,155.3,127.1762,84.3667,170
549,454.6545,75018,151.8375,542,153.96,127.1652,83.5703,165
550,455.9325,74317,150.45,533,152.55,126.6649,84.1004,163
551,455.6037,74719,150.775,537,153.25,126.9271,84.5721,164
552,453.7683,74418,152.4375,530,153.99,126.5827,84.1749,164
553,458.5153,74738,151.775,529,154.77,126.8421,84.2793,163
554,455.7333,75196,153.1625,526,155.35,126.2896,84.8398,165
555,457.506,75946,153.675,551,154.72,126.475,84.4052,166
556,454.2262,76310,151.425,526,155.24,126.5304,84.7309,168
557,456.5964,75795,155.075,524,156.49,126.7767,84.2126,166
558,457.903,75554,153.125,526,156.51,126.7364,84.2405,165
559,454.8494,75505,151.65,529,155.3,126.6209,84.1284,166
560,455.0602,75540,153.575,525,156.03,126.9303,84.1038,166
561,458.2242,75607,154.5875,537,156.85,126.6098,84.5314,165
562,453.7791,73966,154.3,527,155.29,126.713,84.0895,163
563,455.6928,75645,155.1,533,157,126.3451,84.1625,166
564,456.4727,75318,153.65,528,156.89,126.4068,84.4861,165
565,453.7239,73957,153.5375,519,154.71,127.0652,83.8345,163
566,455.0843,75544,152.3125,545,154.55,126.7578,84.4955,166
567,457.2134,74983,152.5,559,154.28,126.5027,83.8158,164
568,454.1786,76302,151.825,533,154.26,126.7233,83.6955,168
569,452.7515,74704,153.8,553,156.47,126.5282,84.1054,165
570,453.9337,75353,153.4875,556,155.38,126.2849,84.6614,166
571,455.2195,74656,154.6125,562,155.77,126.3626,84.7144,164
572,453.2182,74781,153.9125,539,156.06,126.5357,84.0269,165
573,454.9264,74153,153.4875,527,156.42,126.4074,84.3809,163
574,453.3963,74357,153.4625,575,155.4,126.6318,84.0504,164
575,457.811,75081,150.4875,570,153.35,126.2881,84.0606,164
576,453.7818,74874,151.0375,533,153.46,126.2707,84.4347,165
577,456.8364,75378,153.05,563,155.6,126.7503,83.9852,165
578,452.213,76424,153.45,540,155.2,126.2302,84.1866,169
579,452.2025,73709,153.675,537,156.02,126.2027,84.8523,163
580,452.1012,75953,152.9125,535,153.93,126.1268,84.1164,168
581,452.0854,74142,152.1625,523,153.98,126.6805,84.1937,164
582,453.9141,73988,153.7,536,155.02,126.1545,84.6492,163
583,454.9024,74604,153.5,525,155.74,126.2547,84.3293,164
584,450.1111,76969,154.4875,519,156.2,125.6171,84.8006,171
585,451.9337,75021,151.4125,541,154.11,126.2288,83.8496,166
586,451.4788,74494,150.65,519,153.76,126.5167,83.2599,165
587,452.3012,75082,151.9,542,154.91,126.1525,83.6797,166
588,452.4085,74195,152.5125,509,154.6,126.3178,83.6396,164
589,454.1091,74928,153.1,538,156.53,126.1627,83.7454,165
590,454.3758,74972,152.9375,541,154.43,125.8821,84.1347,165
591,454.8059,77317,152.45,528,154.42,126.542,83.8403,170
592,454.1963,74034,154.925,538,158.25,125.7277,84.6265,163
593,454.8727,75054,153.5875,542,156.29,126.6431,84.018,165
594,449.4588,76408,152.2875,527,154.97,126.3619,83.9561,170
595,452.6687,73785,151.675,524,154.94,126.2492,83.5787,163
596,455.7195,74738,153.1375,531,157.15,126.0129,83.9585,164
597,452.9273,74733,154.275,544,155.7,126.2018,84.4242,165
598,454.0303,74915,152.325,561,155.91,126.0045,84.1326,165
599,456.6545,75348,151.9125,531,154.14,126.2217,83.8607,165
600,452.9281,75639,152.5375,559,154.01,126.1394,83.712,167
601,457.0595,76786,151.2125,556,153.91,126.4556,83.9195,168
602,454.9636,75069,152.9375,555,154.53,126.0377,84.2299,165
603,452.5928,75583,152.3875,529,156.18,126.3729,84.117,167
604,456.9573,74941,153.125,543,155.46,125.8663,84.4874,164
605,453.006,75652,153.2375,550,155.1,126.0795,84.7213,167
606,455.9202,74315,152.4125,520,154.81,126.2183,84.0488,163
607,452.3049,74178,150.475,522,154.16,125.686,84.1338,164
608,452.006,75485,153.0625,529,155.82,126.2597,83.9734,167
609,454.2683,74500,153.075,545,155.9,125.6946,84.6369,164
610,453.7439,74414,153.6375,544,156.67,126.7068,83.3566,164
611,454.8072,75498,151.975,548,155.07,126.1771,83.8067,166
612,454.731,77759,152.4875,531,156.45,126.0584,84.4053,171
613,451.2455,75358,154.025,542,156.81,126.4239,83.9195,167
614,453.897,74893,152.8625,519,155.42,126.51,84.253,165
615,451.7018,77241,153.9,528,155.73,125.9377,84.5523,171
616,455.3353,77407,153.9,539,156.8,126.5818,84.1464,170
617,454.4049,74068,150.875,530,154.01,126.0797,84.0216,163
618,455.8957,74311,150.625,514,155.09,126.1912,83.7518,163
619,455.0736,74177,151.625,539,154.68,125.704,84.7705,163
620,456.1687,75724,153.025,527,154.23,126.0091,84.3476,166
621,454.1131,76291,152.8875,541,156.47,125.299,84.0563,168
622,457.6667,75515,152.5125,537,154.91,125.7012,83.9979,165
623,455.1159,74639,152.425,539,157.11,125.1599,84.277,164
624,452.9405,76094,154.1,522,158.22,125.9021,83.6824,168
625,453.5636,74838,152.1125,540,154.94,125.3084,84.3553,165
626,454.8012,75497,153.7625,516,156.06,125.1283,83.9936,166
627,455.9882,77062,153,521,155.77,125.1774,84.0555,169
628,458.7134,75229,154.3625,547,156.13,125.0417,84.7072,164
629,456.5235,77609,154.975,551,157.17,124.9041,83.9565,170
630,455.7561,74744,152.5875,544,155.32,124.8446,83.9422,164
631,456.8596,78123,151.75,538,154.46,125.1776,83.9549,171
632,458.6402,75217,150.55,521,155.37,125.0634,83.7906,164
633,454.7744,74583,153.625,552,156.47,124.6851,83.7876,164
634,456.3926,74392,151.9625,546,155.21,124.9065,83.8811,163
635,456.4049,74394,154.7125,541,158.43,124.6534,84.2142,163
636,452.9699,75193,153.1,513,155.1,124.9504,83.711,166
637,455.8303,75212,153.15,530,156.46,125.013,84.0578,165
638,452.4731,75563,150.4125,566,154.38,125.1585,83.6136,167
639,454.7758,75038,153.4375,535,156.61,125.0018,84.2689,165
640,458.6687,74763,151.4625,547,154.99,125.5358,83.8462,163
641,454.6037,74555,152.95,521,155.94,125.4039,84.4968,164
642,453.2121,74780,153.725,545,157.21,125.4402,84.0222,165
643,454.7515,76853,154.8625,519,156.69,125.0761,83.4051,169
644,455.4217,75600,151.15,550,155.73,125.0346,84.379,166
645,452.4756,74206,151.0375,509,154.15,124.5492,84.1245,164
646,451.6,74514,150.4375,520,154.38,125.4446,84.3326,165
647,451.3476,74021,153.6375,530,157.83,124.9386,84.4861,164
648,454.4785,74080,153.4375,522,157.06,125.2098,84.1708,163
649,456.3537,74842,151.9875,548,153.54,125.0929,84.4863,164
650,452.1779,73705,151.4875,519,155.32,125.2623,84.1683,163
651,453.7605,75778,153.1625,535,155.65,125.1016,83.9313,167
652,451.7186,75437,153.8125,527,157.18,125.3254,83.8885,167
653,453.135,73861,152.0375,540,155.12,124.9601,84.1918,163
654,454.5714,76368,153.1875,536,155.55,125.1017,84.2298,168
655,453.3155,76157,152.9375,521,156.05,125.2542,84.0252,168
656,454.3855,75428,153.8625,537,156.56,125.0083,84.6152,166
657,452.5361,75121,153.0375,518,155.45,125.712,84.42,166
658,453.6994,73953,152.7,540,154.84,124.8739,84.0589,163
659,453.8373,75337,152.975,560,156.13,125.5021,83.8861,166
660,451.6845,75883,154.075,533,156.03,124.9513,83.9772,168
661,453.227,73876,151.325,513,154.83,125.0415,84.4849,163
662,450.5583,73441,151.625,521,154.9,124.8521,83.5594,163
663,451.8841,74109,152.9625,518,156.19,125.0646,84.063,164
664,451.9458,75023,153.25,540,154.6,125.2261,84.4599,166
665,454.908,74150,151.75,520,155.67,125.3656,84.2447,163
666,453.0602,75208,155.6625,520,157.58,125.3314,83.94,166
667,453.2025,73872,152.325,537,155.09,125.2791,84.3717,163
668,451.3659,74024,151.875,542,156.51,124.7268,84.355,164
669,452.4695,74205,152.0375,546,156.38,125.5873,83.7843,164
670,452.0368,73682,153.6625,528,156.21,124.9479,84.2806,163
671,451.9701,75479,150.975,537,155.04,124.6054,84.474,167
672,456.6037,74883,152.2875,516,156.75,124.9316,84.2456,164
673,456.546,74417,154.05,543,158.36,125.104,84.4312,163
674,457.7546,74614,153.2875,545,156.24,125.0988,84.0143,163
675,453.1758,74774,154.5875,511,156.56,125.0271,83.8419,165
676,452.8802,75631,153.0875,554,155.7,125.4784,84.0176,167
677,456.8098,74460,150.5,517,154.49,124.9028,83.8096,163
678,453.7239,73957,153.625,536,157.07,125.8872,83.6521,163
679,457.1098,74966,151.7875,534,155.16,125.1169,84.3707,164
680,459.9212,75887,154.025,539,156.54,125.28,83.6166,165
681,459.3415,75332,150.35,573,154.87,125.6233,84.1069,164
682,452.4,76908,152.175,539,155.04,125.672,83.8882,170
683,459.7866,75405,152.4875,547,155.7,125.4161,83.5559,164
684,459.3742,74878,153.575,555,156.76,125.6233,84.0512,163
685,452.2651,75076,152.2125,528,155.41,125.4166,84.2148,166
686,455.4364,75147,151.7,549,156,125.3239,84.466,165
687,455.6205,75633,150.2125,552,153.73,125.2963,84.4328,166
688,456.9146,74934,153.1875,524,155.81,125.3734,84.141,164
689,456.227,74365,153.8875,542,155.96,125.0723,84.4165,163
690,458.2927,75160,153.3375,536,156.73,124.8191,84.6157,164
691,452.2529,78692,152.3875,521,154.89,125.2545,84.2184,174
692,453.0429,73846,152.2875,515,155.37,125.3184,84.2666,163
693,455.3735,75592,152.8625,546,155.67,125.3344,84.0621,166
694,453.9394,74900,150.675,513,153.81,125.214,84.37,165
695,454.3926,74066,152.0125,533,156.37,125.1766,84.4944,163
696,454.5783,75460,150.9375,534,154.61,125.3875,84.0126,166
697,451.6265,74970,155.0125,511,157.1,125.4403,84.1297,166
698,455.5244,74706,152.825,539,155.43,125.653,84.0803,164
699,453.0909,74760,154.2625,541,155.98,125.4802,84.0115,165
700,450.9042,75301,152.5375,512,155,125.0654,84.3763,167
701,454.7229,75484,152.5,522,156.74,125.3576,84.0134,166
702,452.4479,73749,151.7,540,156.06,125.5271,83.7096,163
703,455.0788,75088,154.75,526,157.2,125.3106,84.2167,165
704,454.4667,74987,152.5,553,155.52,125.5631,84.0326,165
705,453.7929,76691,155.25,540,158.09,125.4034,84.0726,169
706,453.9819,75361,150.3875,509,155.17,125.5186,83.9133,166
707,456.3152,75292,152.4625,533,155.38,125.5643,84.6064,165
708,451.9939,74127,156.05,527,156.94,125.1875,84.5772,164
709,457.3212,75458,153.825,526,155.43,125.6006,84.6199,165
710,451.4217,74936,152.85,539,154.66,125.982,83.9078,166
711,452.4364,74652,153.6875,528,154.94,126.1012,84.0915,165
712,453.3436,73895,150.3625,555,153.67,125.9534,84.0978,163
713,458.6766,76599,151.1625,565,155.04,126.1129,84.0982,167
714,454.0424,74917,153.2375,545,154.43,126.008,83.7895,165
715,457.3558,74549,152.775,540,155.76,126.2181,84.3306,163
716,451.7561,74088,151.7875,543,153.78,126.3548,84.3732,164
717,454.6871,74114,151.2625,560,155.38,126.4287,84.2329,163
718,457.7725,76448,153.05,548,156.16,126.1627,84.4873,167
719,458.4251,76557,154.1625,547,156.87,126.3308,84.5207,167
720,454.6726,76385,154.3875,526,156.01,126.3141,83.9328,168
721,455.7229,75650,155.2125,548,157.2,126.5195,84.4241,166
722,458.3593,76546,154.15,531,154.92,126.2966,84.0844,167
723,460.8667,76043,154.6125,539,156.37,126.4831,84.0892,165
724,452.7126,75603,153.15,518,156.93,125.8935,84.5493,167
725,455.908,74313,152.1,527,154,126.6352,84.3493,163
726,455.4207,74689,153.2625,542,154.47,126.6424,84.507,164
727,456.2545,75282,155.125,527,156.23,126.9545,84.2104,165
728,458.5644,74746,152.5125,552,153.39,126.7164,84.3922,163
729,454.8253,75501,151.3375,537,153.65,126.9539,84.1575,166
730,452.7439,74250,151.625,541,154.16,126.9918,83.9263,164
731,457.1939,75437,152.1375,528,155.3,126.2564,84.7545,165
732,453.4788,74824,153.1125,520,154.89,126.9496,84.2126,165
733,454.8485,75050,151.3625,542,153.46,126.3795,84.3328,165
734,454.7515,75034,153.1875,530,155.03,127.3883,83.5889,165
735,453.6871,73951,154.3625,551,156.45,126.9635,83.8703,163
736,457.1159,74967,151.825,536,153.72,126.9491,84.2472,164
737,453.1856,75682,153.15,541,155.17,127.2291,84.2804,167
738,455.8896,74310,150.15,525,153.05,127.6035,83.785,163
739,456.7012,74899,150.7,527,154.68,127.0566,83.9641,164
740,453.5399,73927,154.6625,544,156.05,127.5578,84.234,163
741,454.4233,74071,151.2375,555,153.96,127.5833,84.0132,163
742,452.381,76000,154.225,520,155.36,127.7814,84.4408,168
743,454.7073,74572,150.825,529,153.96,127.84,84.9177,164
744,453.5092,73922,151.8375,529,153.05,127.8542,84.6558,163
745,453.5879,74842,152.025,519,152.83,128.2305,84.1499,165
746,451.8545,74556,153.6375,516,155.32,128.4629,84.2441,165
747,455.1037,74637,153.275,541,155.55,127.7622,84.6307,164
748,459.1104,74835,152.8,535,154.48,128.1251,83.7641,163
749,456.6848,75353,153.6125,524,153.72,128.2037,83.8423,165
750,458.6626,74762,151.475,539,154.95,128.5128,84.4983,163
751,457.0526,78156,152.2625,552,153.99,128.1833,84.3207,171
752,454.2606,74953,152.9375,523,153.76,127.8235,84.079,165
753,456.0736,74340,153.0625,516,154.73,128.647,83.5805,163
754,454.2216,75855,153.225,583,152.43,127.9264,83.9947,167
755,457.8049,75080,151.4,552,153.37,128.4357,84.5023,164
756,451.5417,75859,152.7,544,153.23,127.9577,84.0837,168
757,456.4356,74399,153.8125,537,154.56,128.1199,84.5833,163
758,453.5235,77099,154.075,543,154.49,128.3568,84.1375,170
759,457.8424,75544,151.775,535,154.1,127.9226,84.2422,165
760,458.7988,75243,153.775,527,153.97,127.9809,84.2695,164
761,454.9878,74618,152.7875,534,154.78,128.1636,84.115,164
762,456.0245,74332,154.725,519,154.95,128.1116,83.7699,163
763,455.7055,74280,152.0875,531,154.45,128.4019,83.486,163
764,459.7791,74944,151.7875,530,153.81,127.6109,84.2441,163
765,458.589,74750,152.5875,523,154.09,127.9092,84.2412,163
766,458.2395,76526,151.175,527,152.98,126.9757,84.2736,167
767,458.6647,76597,152.5,539,154.75,127.3905,84.0558,167
768,460.3216,78715,152.025,547,155.93,127.1092,84.1147,171
769,461.0848,76079,155.3625,557,156.84,126.3948,84.5366,165
770,463.0061,76396,153.7,555,155.48,126.8175,84.4529,165
771,462.1697,76258,152.6375,547,155.24,127.035,83.7961,165
772,460.75,75563,152.95,527,155.68,127.2879,84.0481,164
773,461.6848,76178,152.2125,555,154.08,126.7566,84.0827,165
774,462.5583,75397,150.2875,529,153.43,127.2928,84.0251,163
775,463.0424,76402,151.425,570,154.05,127.1005,83.8863,165
776,468.9018,76431,153.4,527,155.08,127.5108,83.6868,163
777,468.7394,77342,152.1875,551,153.9,127.1996,84.3088,165
778,466.8383,77962,150.5875,560,152.76,127.7377,83.6693,167
779,470.8405,76747,154.4375,546,154.86,127.5362,84.4082,163
780,472.2788,77926,151.4375,577,154.66,127.1577,84.3539,165
781,473.0898,79006,153.7,556,156.42,127.7713,84.0373,167
782,476.1576,78566,154.2625,563,155.59,127.6805,84.6086,165
783,469.7784,78453,154.7375,580,155.76,127.6718,84.1185,167
784,476.2883,77635,153.45,538,153.12,127.7357,84.627,163
785,470.2699,76654,153.1875,549,154.77,127.5851,84.7952,163
786,470.2695,78535,153.75,548,153.76,128.0728,84.247,167
787,470.6687,78131,155.3125,564,156.26,128.0432,84.0851,166
788,470.8303,77687,153.825,552,154.16,128.0449,84.8245,165
789,473.4268,77642,152.4875,543,154.67,128.1482,84.4417,164
790,471.128,77265,151.9,559,153.14,127.3735,84.248,164
791,472.3193,78405,152.45,560,154.37,127.9511,84.2179,166
792,475.0613,77435,152.1125,556,154.16,128.4613,84.6621,163
793,471.9398,78342,154.65,580,154.04,128.1407,83.9274,166
794,477.9755,77910,154.05,546,154.95,128.3332,84.333,163
795,475.7256,78019,152.35,549,154.12,127.8354,84.3468,164
796,473.4353,80484,152.4125,548,154.99,128.3329,84.0637,170
797,472.1455,77904,152.7,528,154.5,128.3361,84.7981,165
798,474.8012,78817,153.95,547,154.03,128.658,84.2332,166
799,475.0671,77911,151.0625,566,154.87,128.7077,84.4034,164
800,481.9141,78552,152.125,568,154.62,128.921,84.4191,163
801,478.355,80842,150.8625,557,154.46,128.9787,84.6387,169
802,483.6258,78831,153.8,572,153.68,129.5587,83.6646,163
803,478.5767,78008,153.3875,573,153.49,129.3617,84.024,163
804,481.2061,79399,152.3625,583,153.58,129.7052,84.1399,165
805,480.8133,79815,154.0375,555,155.4,129.4362,84.1242,166
806,488.3939,80585,151.2875,600,152.01,130.0318,83.9597,165
807,485.2229,80547,152.7375,600,154.71,129.9744,83.6054,166
808,488.9455,80676,152.6375,573,153.2,130.2531,83.9223,165
809,490.7055,79985,151.5125,611,154.37,130.119,84.2119,163
810,488.5951,79641,151.7625,563,153.83,130.5152,83.9868,163
811,488,80032,153.675,568,153.09,130.607,83.8665,164
812,487.2256,79905,153.8,590,154.39,130.9199,84.1417,164
813,493.3497,80416,152.5625,576,151.34,130.7768,83.8097,163
814,493.75,80975,152.7875,598,153.21,130.4618,84.2451,164
815,488.5061,80115,152.55,575,155.31,131.2574,84.0859,164
816,490.7744,80487,151.9375,584,153.3,130.872,83.9576,164
817,490.546,79959,150.375,582,152.17,130.9293,83.6593,163
818,490.3214,82374,153.8625,550,155.47,131.0782,83.661,168
819,490.6485,80957,152.425,569,151.83,130.6691,83.8679,165
820,489.6391,82749,152.525,578,153.84,130.8046,84.3279,169
821,493.5521,80449,152.5375,584,153.79,130.5142,84.0959,163
822,492.092,80211,153.6875,590,152.79,130.8616,84.1833,163
823,489.6564,79814,153.1375,579,155.31,130.7913,83.8187,163
824,490.8171,80494,152.475,632,154.03,131.0685,84.12,164
825,489.5663,81268,152.05,565,152.59,131.3517,83.7495,166
826,485.8193,80646,154.275,583,154.57,130.7544,84.3123,166
827,490.8589,80010,152.0875,559,153.51,130.9829,84.3059,163
828,489.6463,80302,151.8375,573,151.25,130.6712,84.2405,164
829,489.0552,79716,153.0625,588,152.12,130.954,83.7536,163
830,490.6933,79983,153.1125,568,153.3,131.1788,83.6019,163
831,486.9878,79866,152.15,576,154.38,130.3386,84.2127,164
832,483.0488,79220,152.85,556,152.39,131.1336,83.7405,164
833,484.2393,78931,149.275,560,151.32,131.0751,83.7422,163
834,481.5758,79460,151.1875,572,153.74,130.6202,83.5284,165
835,482.2209,78602,153.15,591,155.55,130.6222,83.976,163
836,480.6442,78345,152.575,599,153.07,130.9588,83.6165,163
837,479,81909,152.35,549,154.07,131.0079,84.0251,171
838,479.0299,79998,153.7125,544,153.76,130.7198,84.1543,167
839,477.521,79746,151.7375,548,151.4,130.8541,83.614,167
840,479.4182,79104,151.4875,578,151.95,130.525,83.9412,165
841,476.1325,79038,153.7,554,152.55,130.7882,83.7714,166
842,475.8848,78521,151.6875,569,152.06,130.7687,83.5963,165
843,472.7697,78007,153.225,558,154.75,130.5754,83.6629,165
844,476.747,79140,154.1125,600,154.33,130.7911,83.0878,166
845,474.0427,77743,150.4875,558,151.67,130.196,84.0007,164
846,476.241,79056,152.3875,583,155.04,130.6593,83.6582,166
847,474.9571,77418,154.4875,555,154.84,130.303,83.8656,163
848,474.1463,77760,152.8125,558,155.32,130.3423,83.7067,164
849,474.7317,77856,152.7375,557,153.65,130.0239,83.4843,164
850,473.7576,78170,153.5375,546,153.9,130.1642,83.7345,165
851,470.6159,77181,152.575,568,154.57,129.9187,84.0143,164
852,469.9212,77537,153.525,552,153.46,129.7853,83.7181,165
853,468.4699,77766,150.8,557,154.78,129.3264,84.3771,166
854,464,76560,150.95,527,154.4,129.4345,84.2239,165
855,462.561,75860,152.1875,533,153.55,129.4664,83.8306,164
856,465.6386,77296,153.5125,549,154.02,128.9157,84.2639,166
857,461.5091,76149,154.2875,533,154.06,129.108,83.5573,165
858,461.9387,75296,151.8125,537,153.38,128.5013,84.4306,163
859,458.1976,76519,152.8625,542,153.41,128.5189,83.5352,167
860,462.1636,76257,157.1125,533,156.55,128.2312,84.007,165
861,460.6196,75081,153.3,574,156.38,128.2201,84.3472,163
862,461.4551,77063,152.725,527,154.94,128.1167,84.0905,167
863,459.4364,75807,152.9875,539,155.08,127.9608,83.5953,165
864,458.1227,74674,153.1375,540,155.03,127.9403,83.5546,163
865,458.25,75153,153.175,546,154.37,127.7816,84.3361,164
866,457.2457,80018,154.7,539,154.83,128.2751,84.4483,175
867,461.7178,75260,153.7125,534,155.65,127.5659,84.0815,163
868,456.7927,74914,153.1375,537,155.71,127.7706,84.533,164
869,458.2182,75606,152.3625,544,154,127.4278,84.1205,165
870,457.6842,78264,154.525,531,154.87,128.049,83.9592,171
871,459.6964,77229,150.8875,538,154.31,127.3187,84.2609,168
872,466.2866,76471,151.625,541,154.51,127.3461,84.231,164
873,459.6121,75836,151.5,534,153.03,127.5216,84.3006,165
874,460.5854,75536,151.7625,544,153.48,127.8205,83.4815,164
875,456.1747,75725,151.3125,552,153.45,127.4906,83.8441,166
876,460.0485,75908,153.45,535,155.85,127.32,84.1541,165
877,456.7952,75828,153.0625,566,154.99,127.6823,83.7553,166
878,457.5482,75953,151.4875,535,154.11,127.5309,83.9673,166
879,457.5671,75041,150.3875,544,152.78,127.805,83.9739,164
880,455.7706,77481,150.675,530,153.31,127.6419,84.187,170
881,455.5818,75171,152.3125,538,153.67,127.4183,83.5993,165
882,453.546,73928,152.025,522,154.39,127.1936,83.7485,163
883,454.2638,74045,151.5125,514,153.31,127.3176,83.678,163
884,451.8957,73659,151.3875,537,153.79,127.1141,83.4792,163
885,455.3497,74222,154.1125,555,156.82,127.2001,83.9093,163
886,456.9877,74489,152.825,550,154.15,126.6554,84.3973,163
887,455.5793,74715,152.5,545,154.6,127.1702,84.0537,164
888,454.7073,74572,150.925,508,155.72,127.3205,83.4951,164
889,456.2822,74374,152.65,527,155.06,127.0134,84.603,163
890,456.7744,74911,153.3,551,154.57,127.3089,83.9847,164
891,452.8735,75177,153.475,533,156.49,127.1487,83.9653,166
892,452.5455,74670,153.9,533,157.31,127.6858,83.4444,165
893,452.1856,75515,151.3125,528,152.6,127.1025,84.3971,167
894,459.189,75307,152.6625,526,154.37,127.3914,84.4496,164
895,456.7212,75359,152.7875,545,155.97,127.1903,83.7313,165
896,458.227,74691,152.775,521,154.43,127.3215,83.5898,163
897,456.2575,76195,150.4625,539,153.12,127.2443,83.8841,167
898,456.5854,74880,152.4625,541,153.14,127.3342,83.9943,164
899,456.1737,76181,153.1375,535,155.14,126.7808,84.5065,167
900,451.8354,74101,152.8375,535,153.02,127.2495,83.9613,164
901,454.3758,74972,154.0625,530,155.78,127.1318,84.1291,165
902,453.7515,74869,151.2875,557,154.37,127.1886,84.0393,165
903,450.9818,74412,151.8125,527,154.3,127.3024,84.1345,165
904,453.5951,73936,154.2875,522,156.23,127.5843,83.5901,163
905,456.0838,76166,151.05,539,152.41,127.2035,84.4193,167
906,457.1627,75889,150.6375,537,153.32,127.1827,84.2028,166
907,456.411,74395,152.475,520,154.35,127.4819,83.9622,163
908,458.0491,74662,153.05,534,155.05,127.3272,84.142,163
909,459.8182,75870,153.875,547,155.18,126.973,84.1744,165
910,461.6159,75705,154.675,526,155.96,127.6918,84.115,164
911,454.2134,74491,152.675,529,152.45,127.9311,84.2368,164
912,455.7134,74737,150.6,543,153.82,127.6004,83.718,164
913,459.1138,76672,154.45,536,154.27,127.6732,83.804,167
914,456.3133,75748,152.4,536,153.84,127.7544,83.5009,166
915,459.0798,74830,153.4625,554,154.35,127.9266,83.5149,163
916,453.1314,79298,154.6,540,155.51,127.5795,84.1083,175
917,459.976,76816,151.525,581,154.03,128.0221,83.5235,167
918,458.5361,76117,153.25,533,156.52,128.1651,83.595,166
919,463.2927,75980,152.8625,531,155.17,127.7064,84.3593,164
920,465.3452,78178,151.3125,550,153.46,127.9942,84.1189,168
921,463.3916,76923,153.5875,526,153.74,127.8438,83.6547,166
922,465.3558,75853,150.0875,566,153.19,127.491,83.6674,163
923,463.1697,76423,156.025,555,156.63,127.5076,84.3288,165
924,461.1628,79320,151.675,529,153.66,127.5949,83.7937,172
925,463.0429,75476,152.05,546,154.9,127.4239,84.8424,163
926,464.9398,77180,153.8125,560,154.51,127.8496,83.8131,166
927,464.9939,76259,153.9375,585,154.69,127.7478,83.7229,164
928,463.1317,77343,150.425,548,153.59,127.5607,83.9285,167
929,463.4277,76929,152.1,563,154.86,127.427,84.1709,166
930,465.8012,77323,150.0375,534,153.48,127.4529,83.7376,166
931,465.2256,76297,152.4375,543,155.09,128.2074,84.0653,164
932,463.6588,78822,153.3375,542,155.31,127.7936,84.5206,170
933,464.638,75736,155.7125,520,155.41,127.7407,83.4839,163
934,464.5488,76186,152.0875,525,155.14,127.8504,83.9998,164
935,463.703,76511,151.725,538,153.44,127.8335,83.4371,165
936,460.2866,75487,153.85,532,156.56,127.6316,84.1022,164
937,462.454,75380,151.8125,540,152.79,127.9737,84.0871,163
938,459.4731,76732,152.8375,538,155.13,127.5983,84.041,167
939,461.8098,75275,154.6,526,156.51,127.4502,83.7782,163
940,461.343,79351,153.3625,545,156.23,127.9253,83.9849,172
941,461.135,75165,152.875,526,155.02,127.5921,83.9379,163
942,459.9329,75429,151.75,540,154.24,127.5538,84.3783,164
943,458.3455,75627,152.5125,544,154.66,127.5736,83.9773,165
944,460.6545,76008,152.3625,546,154.46,127.8929,83.6043,165
945,461.1455,76089,152.225,535,153.59,127.6778,84.1067,165
946,461.0859,75157,153.525,521,155.24,127.7766,83.8524,163
947,460.9573,75597,153.025,538,154,128.0086,83.7759,164
948,460.5583,75071,153.85,532,156.58,127.9401,83.7454,163
949,456.2945,74376,151.0375,529,151.78,128.1382,84.4253,163
950,456.9524,76768,152.0125,533,155.22,128.4111,83.7786,168
951,455.8713,77954,153.0375,533,153.21,127.5244,84.482,171
952,458.2848,75617,153.6125,536,154.52,127.7502,84.2884,165
953,455.3393,76497,152.9875,523,154.04,128.3057,83.8037,168
954,456.7425,76276,152.425,561,156.08,128.4276,83.6937,167
955,454.9448,74156,152.6375,510,153.22,128.5395,83.7849,163
956,454.0359,75824,153.05,535,153.39,128.6459,83.7078,167
957,460.1963,75012,153.1875,534,155.69,128.5128,83.9503,163
958,454.9349,76884,154.3625,517,155.33,128.6755,84.3165,169
959,458.0798,74667,152.1,524,153.16,128.6309,83.8106,163
960,456.9512,74940,152.4,517,154.44,128.7398,84.3285,164
961,459.9281,76808,153.3875,523,153.22,128.6772,83.763,167
962,458.4545,75645,152.0375,566,152.62,128.6491,83.8993,165
963,457.4085,75015,154.0375,534,154.43,128.4759,84.8159,164
964,458.759,76154,154.5125,536,156.01,128.281,84.2338,166
965,458.3571,77004,154.5625,516,156.62,128.3777,84.4132,168
966,458.0798,74667,151.975,539,155.01,128.3784,83.9462,163
967,457.9091,75555,153.075,560,154.45,128.9782,84.0974,165
968,456.0059,77065,152.3875,548,153.43,128.3949,84.0698,169
969,457.4512,75022,152.1,534,154.93,128.6254,83.9033,164
970,456.9877,74489,156.025,530,156.75,128.5518,84.0462,163
971,456.7455,75363,154.8625,541,156.29,128.731,84.1473,165
972,453.4847,73918,152.75,518,154.75,128.72,84.5736,163
973,457.2781,77280,154.3625,580,154.8,128.5495,84.1191,169
974,454.3576,74969,153.7,552,154.04,128.7831,84.3834,165
975,457.8354,75085,151.2625,536,154.62,128.9427,84.2354,164
976,456.6402,74889,152.4125,552,154.82,129.146,83.4639,164
977,457.4847,74570,152.45,535,153.5,128.9712,83.8491,163
978,457.5818,75501,151.3875,515,153.66,129.6139,83.8439,165
979,451.9408,76378,154.275,551,153.42,128.8776,84.2938,169
980,457.092,74506,152.6125,537,153.38,129.0917,84.1474,163
981,455.3129,74216,154.975,552,153.95,128.9691,83.7781,163
982,456.0909,75255,153.2125,527,154.83,128.6,83.4235,165
983,453.5207,76645,152.475,516,154.17,129.0853,83.787,169
984,454.6566,75473,151.55,516,154.58,128.7953,83.6366,166
985,456.75,74907,150.8875,533,152.5,128.9449,83.433,164
986,459.3804,74879,151.4,534,154.94,128.3165,83.8357,163
987,456.4,75306,151.925,541,152.86,129.0291,83.8566,165
988,456.9758,75401,152.7375,538,154.16,129.3054,83.7955,165
989,460.9699,76521,154.3125,561,155.43,128.9358,83.3788,166
990,457.9273,75558,151.125,568,154.18,128.3045,84.3521,165
991,459.303,75785,151.725,531,153.85,128.9089,84.312,165
992,460.1463,75464,152.2125,530,154.36,129.0424,84.0271,164
993,459.9816,74977,153.5625,546,154.43,128.8688,83.7287,163
994,458.994,76652,152.4375,531,152.68,128.9085,84.4983,167
995,456.574,77161,151.4375,540,153.64,129.2913,83.8291,169
996,456.5031,74410,153.8125,545,155.55,129.1026,83.4265,163
997,461.2393,75182,151.1375,547,154.11,129.3299,83.3891,163
998,459.9141,74966,150.8,536,155.11,129.1849,84.0515,163
999,456.7904,76284,152.55,535,153.83,128.8054,83.9547,167
1000,457.8303,75542,152.0875,524,153.3,129.1336,83.4128,165
1001,459.5061,75359,151.6875,568,153.17,129.0429,84.2955,164
1002,460.454,75054,154.6625,543,154.97,128.9764,83.9474,163
1003,460.184,75010,153.4375,594,153.99,128.8148,83.8522,163
1004,453.9817,74453,152.025,525,153.71,128.7501,84.472,164
1005,457.5671,75041,152.425,533,154.77,129.054,83.5405,164
1006,455.7866,74749,152.05,546,153.61,129.0132,84.0146,164
1007,452.2339,77332,153.525,532,154.54,128.8563,83.786,171
1008,452.5917,76488,150.75,546,153,129.3672,84.2828,169
1009,458.811,75245,152.1,548,152.13,129.3262,83.6775,164
1010,454.9461,75976,151.0375,538,152.98,129.0476,83.7179,167
1011,454.7515,75034,151.1375,524,152.92,129.1982,83.7207,165
1012,456.319,74380,149.0625,530,151.67,128.743,84.6037,163
1013,457.6228,76423,154.8,536,154.46,128.8974,84.0545,167
1014,459.7791,74944,151.0375,529,152.37,129.2487,84.2692,163
1015,456.5301,75784,152.4125,527,154.91,129.1914,83.6847,166
1016,467.2577,76163,151.4875,555,151.64,128.8899,83.7789,163
1017,462.5854,75864,152.325,548,154.17,128.8735,83.9392,164
1018,463.5732,76026,153.3875,543,154.36,129.5291,83.5816,164
1019,462.7152,76348,153.45,542,155.96,128.8312,84.4128,165
1020,463.7576,76520,151.675,534,153.89,128.6648,84.0912,165
1021,464.0982,75648,152.0375,561,153.68,128.9249,84.1361,163
1022,466.2771,77402,152.6375,552,154.99,128.9755,84.1504,166
1023,462.759,76818,153.4375,566,154.45,128.7996,83.6172,166
1024,469.5808,78420,151.875,557,154.33,128.9669,83.3821,167
1025,468.1463,76776,151.275,550,153.71,129.0647,82.5822,164
1026,468.3841,76815,151.725,541,155.91,129.2339,83.533,164
1027,475.3659,77960,153.1125,557,156.8,129.0603,83.5325,164
1028,480.2242,79237,154.7,549,155.14,129.0899,83.424,165
1029,481.4939,78965,151.875,577,154.85,129.1544,83.5017,164
1030,482.6626,78674,151.225,581,152.17,129.3863,82.7595,163
1031,490.7362,79990,151.825,564,154.48,128.8001,82.8505,163
1032,483.9349,81785,152.375,565,154.85,129.3499,82.8286,169
1033,491.497,81097,152.5,565,154.46,129.57,83.2677,165
1034,491.2364,81054,152.25,571,153.55,129.085,83.1516,165
1035,494.816,80655,151.9125,592,156.26,129.2333,83.8606,163
1036,491.6341,80628,151.9875,576,152.64,129.4031,83.111,164
1037,498.0854,81686,150.1625,562,155.06,129.3332,82.9696,164
1038,494.1627,82031,152.3,566,154.66,129.3523,82.9267,166
1039,498.9264,81325,152.15,585,155.74,129.13,83.2364,163
1040,492.4172,80264,151.5875,555,155.18,129.1168,83.5269,163
1041,493.1646,80879,152.8875,571,154.28,128.8363,83.29,164
1042,494.362,80581,149.1125,590,153.26,128.7604,84.2165,163
1043,493.5549,80943,151.6625,573,153.98,129.1011,83.5433,164
1044,491.8293,80660,153.4625,583,153.51,129.2972,83.1473,164
1045,486.7256,79823,152.95,564,154.2,129.2997,82.9934,164
1046,487.4667,80432,151.1875,564,152.44,128.8553,82.6765,165
1047,487.4731,81408,150.95,575,154.43,128.8923,83.4885,167
1048,479.6606,79144,152.15,561,154.18,129.0146,83.2824,165
1049,482.9571,78722,150.875,575,154.81,129.5121,83.541,163
1050,481.3374,78458,150.5125,582,151.87,128.41,83.5834,163
1051,477.6747,79294,153.2,593,155.1,129.3606,83.7586,166
1052,479.7349,79636,152.85,548,154.57,128.989,83.6146,166
1053,475.5241,78937,153.375,569,154.71,129.1736,83.6384,166
1054,473.8855,78665,152.6,557,153.49,129.1574,83.4207,166
1055,471.8909,77862,151.325,545,154.78,128.869,83.8808,165
1056,469.0479,78331,152.7375,550,153.94,128.8556,84.1301,167
1057,471.2927,77292,153.2375,545,154.43,129.2557,83.8742,164
1058,470.939,77234,152.85,543,153.75,128.9164,83.3277,164
1059,464.6941,78998,152.3375,558,152.6,129.0478,83.6498,170
1060,462.8802,77301,149.8875,554,153.38,129.1658,83.2808,167
1061,463.3818,76458,151.7875,555,154.16,128.7975,83.6027,165
1062,468.2814,78203,152.2,565,154.62,129.1103,83.7935,167
1063,467.411,76188,152.2125,545,153.83,128.5646,83.6094,163
1064,466.5828,76053,152.45,542,154.44,128.9081,83.5687,163
1065,461.5689,77082,150.35,563,153.74,128.8108,83.5836,167
1066,459.2575,76696,152.1375,522,153.42,128.0165,83.2754,167
1067,464.7195,76214,152.85,537,155.19,127.9551,83.9356,164
1068,460.6909,76014,153.275,547,155.34,127.1805,83.6678,165
1069,460.8424,76039,152.2875,522,154.28,127.999,83.8609,165
1070,462.0307,75311,150.8,530,152.99,127.6214,83.2489,163
1071,462.7546,75429,151.2875,530,153.48,127.6316,83.4271,163
1072,461.7738,77578,151.375,541,154.87,127.4515,83.3833,168
1073,459.7805,75404,151.1375,533,154.67,127.3035,84.0086,164
1074,462.5767,75400,151.625,543,154.26,127.6927,83.4741,163
1075,466.1098,76442,151.175,560,153.1,127.1577,83.8687,164
1076,463.2994,77371,153.825,532,156.2,127.4022,83.5469,167
1077,467.6768,76699,152.7625,544,155.58,127.2359,83.3825,164
1078,463.6061,76495,151.775,546,154.34,126.7585,83.5912,165
1079,456.6279,78540,151.8375,527,153.14,126.4002,84.1928,172
1080,463.0122,75934,152.6125,536,155.59,126.0347,84.2762,164
1081,457.6196,74592,152.15,530,153.95,126.8582,83.7779,163
1082,455.3476,74677,154.475,526,156.49,126.7065,83.9019,164
1083,455.1953,76928,151.7125,532,154.8,126.5218,83.8432,169
1084,455.9634,74778,150.6375,519,153.48,126.25,83.8536,164
1085,454.2262,76310,152,533,155.69,125.6247,84.7646,168
1086,452.3235,76895,153.825,536,155.68,126.5767,83.5042,170
1087,455.5854,74716,153.5375,545,155.02,125.7882,83.9803,164
1088,449.7725,75112,153.8375,522,155.52,125.9158,84.4693,167
1089,451.6347,75423,152.075,529,155.03,125.9287,84.0268,167
1090,451.7545,75443,150.825,521,153.36,125.7098,84.3463,167
1091,452.0427,74135,153.9125,533,155.73,125.9152,84.0041,164
1092,447.9758,73916,151.975,538,155.2,125.4566,84.5955,165
1093,453.6564,73946,154.95,522,155.76,125.4147,84.0528,163
1094,454.9337,75519,152.675,536,155.45,125.2617,84.0388,166
1095,453.0848,74759,150.475,525,154.3,125.8061,83.9296,165
1096,453.6506,75306,151.3875,532,155.29,125.6937,83.7206,166
1097,451.2588,76714,153.1125,515,156.15,125.0623,84.2192,170
1098,451.1902,73544,151.825,532,155.06,124.8812,84.4797,163
1099,452.0904,75047,151.8875,539,154.58,124.464,84.0943,166
1100,450.8773,73493,152.6875,519,156.51,125.3015,83.4123,163
1101,446.8133,74171,149.5125,547,154.04,125.0545,84.1403,166
1102,447.8639,75689,153.35,528,155.72,125.1014,83.7904,169
1103,450.0599,75160,150.9875,530,154.92,124.638,84.445,167
1104,451.4727,74493,152.0125,513,154.27,124.7123,83.8299,165
1105,453.3963,74357,152.45,533,156.76,124.8587,83.9597,164
1106,449.061,73646,153.5125,547,155.09,124.5969,84.2403,164
1107,446.3023,76764,151.475,513,155.3,124.381,84.5348,172
1108,451.0242,74419,151.75,528,155.11,124.2925,84.4509,165
1109,448.2606,73963,152.5,516,156.39,124.461,83.9415,165
1110,447.5723,74297,152.1375,551,155.57,123.9862,84.451,166
1111,448.4311,74888,152.625,517,156.52,124.3448,84.3336,167
1112,448.2765,76207,154.4125,511,157.62,124.514,84.0612,170
1113,447.5325,75633,152.4875,520,156.47,123.8488,83.9363,169
1114,451.0429,73520,151.6625,515,155.71,123.7848,83.2925,163
1115,449.5235,76419,151.3875,515,156.25,123.9443,84.1492,170
1116,454.622,74558,151.05,566,156.5,124.057,83.7691,164
1117,446.9941,75989,152.1875,527,155.22,124.4148,84.1517,170
1118,450.7195,73918,152.0375,521,157.79,123.7262,83.7891,164
1119,449.7381,75556,154.0375,524,156.41,123.7607,84.0339,168
1120,448.1053,76626,152.1125,543,157.14,123.8037,84.1897,171
1121,452.128,74149,153,528,156.55,124.062,83.3102,164
1122,449.3988,73252,152.2125,518,156.01,123.6566,83.547,163
1123,447.7485,72983,152.3125,519,157.32,123.7115,83.6225,163
1124,446.7619,75056,152.7125,529,157.56,123.7514,83.8709,168
1125,449.4545,74160,151.3375,527,156.54,122.8747,84.2144,165
1126,447.9102,74801,152.075,544,155.89,123.7814,84.293,167
1127,450.1455,74274,152.8875,516,156.16,122.8323,84.0458,165
1128,446.9333,73744,151.5,533,157.29,123.6312,84.2627,165
1129,451.0671,73975,152,549,155.54,122.7658,84.2293,164
1130,448.7134,73589,151.1,544,156.4,122.9629,83.6477,164
1131,445.0241,73874,153,533,156.54,122.4748,84.9572,166
1132,446.8589,72838,154.5625,505,155.8,122.7956,83.6847,163
1133,445.697,73540,151.3,529,154.91,122.9814,83.9086,165
1134,443.0859,72223,153.4125,520,157.59,123.0226,83.8247,163
1135,446.2439,73184,154.5875,514,159.21,122.517,84.0677,164
1136,448.589,73120,152.8875,513,156.46,122.1222,84.0771,163
1137,445.6258,72637,149.8875,522,154.6,122.9198,83.62,163
1138,448.8253,74505,152.575,518,157.78,122.2301,84.295,166
1139,451.2892,74914,153.1375,549,154.95,122.3552,83.9259,166
1140,446.0123,72700,150.7625,532,157.02,121.9459,84.1171,163
1141,447.5723,74297,153.975,533,158.53,122.4107,84.363,166
1142,445.75,74886,149.6375,529,155.8,122.1707,84.1465,168
1143,447.0552,72870,151.625,514,155.76,122.2349,83.8274,163
1144,448.546,73113,151.0375,529,155.84,121.5261,84.2228,163
1145,444.3252,72425,150.95,512,156.98,121.9031,83.8856,163
1146,447.0485,73763,149.725,525,157.15,121.7395,83.7531,165
1147,445.988,74034,151.9,502,156.59,120.9969,84.0674,166
1148,443.3273,73149,150.25,512,156.42,121.6443,83.9552,165
1149,445.9202,72685,152.175,519,157.89,120.8401,84.0314,163
1150,442.7679,74385,151.0375,510,155.27,120.3971,84.0456,168
1151,442.8727,73074,148.75,510,157.54,120.3383,83.9691,165
1152,444.6829,72928,152.175,516,157.33,120.3969,83.9647,164
1153,446.6012,72796,150.725,518,155.93,120.2169,83.6942,163
1154,445.7273,73545,151.6875,515,157.84,120.0812,83.8452,165
1155,444.4226,74663,153.35,524,158.02,119.6132,83.9892,168
1156,446.8383,74622,153.0375,525,160.64,119.5351,84.2478,167
1157,446.9415,76427,151.1375,535,157.38,119.828,83.4401,171
1158,446.3354,73199,151.825,517,157.65,119.1075,85.0199,164
1159,446.9277,74190,152.85,511,157.19,119.9511,83.2137,166
1160,445.25,73021,150.5,517,157.55,119.2963,84.2123,164
1161,442.2485,72971,151.725,512,158.93,119.4569,84.3944,165
1162,444.119,74612,151.525,521,158.13,119.5212,84.0314,168
1163,444.3558,72430,151.6625,522,159.94,119.391,83.7912,163
1164,444.3515,73318,153.1125,511,156.44,118.9514,83.9446,165
1165,445.1636,73452,154.15,495,157.15,119.6907,83.3981,165
1166,448.454,73098,151.075,523,159.2,119.0021,83.9811,163
1167,444.1988,73737,152.8,516,156.97,119.3617,83.4642,166
1168,445.4049,72601,151.0875,521,158.2,118.8601,83.9596,163
1169,440.8121,72734,153.575,520,157.17,119.1913,84.016,165
1170,443.787,75000,153.325,526,158.06,118.7715,84.6867,169
1171,442.9879,73093,152.6875,501,157.98,119.3206,84.2638,165
1172,444.2788,73306,151.8,518,159.84,118.7167,83.7929,165
1173,443.9817,72813,151.2125,541,156.29,119.7482,84.2073,164
1174,444.3415,72872,153.2875,519,157.03,119.082,84.3495,164
1175,444.0429,72379,151.675,550,160.13,119.3981,83.6368,163
1176,445.1646,73007,153.475,512,158.16,118.7408,84.2787,164
1177,445.3129,72586,152.3875,527,158.85,119.2844,83.4461,163
1178,446.6463,73250,149.9875,502,158.08,119.0063,84.5543,164
1179,445.2331,72573,151.8375,515,158.18,119.3193,83.4319,163
1180,444.4847,72451,150.4875,499,156.81,118.6315,84.1232,163
1181,442.311,72539,151.25,495,157.45,118.4322,84.0514,164
1182,448.0476,75272,154.2125,509,156.78,119.0963,83.3627,168
1183,445.2454,72575,151.1375,532,157.39,119.041,83.7434,163
1184,446.7904,74614,151.025,529,160.17,119.1879,83.763,167
1185,448.3841,73535,150.5125,532,156.57,118.6674,84.2148,164
1186,442.4881,74338,151.8625,513,157.5,119.0995,83.9252,168
1187,444.0843,73718,152.9625,503,157.88,119.1676,83.7897,166
1188,446.2349,74075,153.45,524,158.34,119.3725,83.5732,166
1189,444.0702,75936,149.4125,518,159.54,119.2192,83.9645,171
1190,445.6303,73529,150.5625,493,156.2,119.1482,84.1233,165
1191,448.2012,73505,148.8625,512,161.9,118.8964,83.9189,164
1192,442.9821,74421,149.8125,516,158.39,119.1572,83.7001,168
1193,445.4303,73496,150.975,511,157.88,119.4173,84.0794,165
1194,442.8922,73963,154.175,525,157.6,119.7655,83.3615,167
1195,447.6627,74312,149.9375,533,158.87,119.2689,83.5379,166
1196,448.5455,74010,151.225,513,156.56,120.1108,83.2864,165
1197,443.2195,72688,151.925,507,157.68,118.7154,84.4574,164
1198,445.3254,75260,151.925,510,156.73,120.1683,83.6271,169
1199,445.6071,74862,150.5625,509,156.86,119.5768,84.4628,168
1200,444.7929,75170,151.9875,499,158.63,119.9808,83.7745,169
1201,448.638,73128,152.0375,531,158.13,120.0365,83.4439,163
1202,441.6131,74191,149.275,516,156.34,119.5248,84.0017,168
1203,443.2941,75360,152.4625,518,157.05,119.8999,84.267,170
1204,445.7169,73989,151.4625,507,157.17,120.0573,84.0576,166
1205,442.8909,73077,152.3875,536,156.27,120.5901,84.3574,165
1206,443.1595,72235,149.85,526,157.09,120.7255,84.3725,163
1207,444.5783,73800,150.6375,527,155.6,120.6069,84.3059,166
1208,445.2945,72583,152.925,525,155.89,120.4061,84.3843,163
1209,444.7929,75170,150.125,552,156.39,121.5024,83.6918,169
1210,444.2012,75070,153.8375,510,157.41,121.0723,84.1918,169
1211,448.3841,73535,150.7125,540,157.87,121.4427,83.6536,164
1212,447.8012,74335,151.8875,511,156.58,121.0796,83.8471,166
1213,444.2848,73307,153.0125,532,157,121.8863,83.6075,165
1214,446.6707,73254,153.925,531,155.49,121.6597,83.7553,164
1215,448.1098,73490,151.875,539,157.63,121.0899,84.413,164
1216,441.3926,71947,153.025,507,153.83,122.0697,83.7656,163
1217,441.4727,72843,152.7625,495,156.4,121.8677,83.8815,165
1218,443.6012,74525,151.625,524,156.37,122.3985,84.4049,168
1219,445.8667,73568,152.8875,526,157.24,122.0588,84.5052,165
1220,443.6095,74970,151.8625,536,157.49,122.2318,84.0166,169
1221,444.0843,73718,153.0375,506,154.54,122.0709,84.4934,166
1222,443.0417,74431,151.775,527,155.38,122.2038,83.9488,168
1223,445.9091,73575,152.4,523,154.67,122.5906,84.2605,165
1224,444.3497,72429,150.5625,520,156.06,123.0454,83.5581,163
1225,444.3394,73316,152.625,529,155.91,122.8796,83.2244,165
1226,444.4785,72450,150.975,525,155.65,122.6315,84.0013,163
1227,441.2848,72812,152.35,512,156.62,122.9224,84.1996,165
1228,443.1988,73571,150.7625,514,156.32,122.9336,83.6714,166
1229,441.1287,75433,152.425,521,154.83,122.8651,83.3933,171
1230,447.5092,72944,150.225,529,154.74,122.7787,83.8786,163
1231,447.8848,73901,151.25,532,155.11,122.5154,83.4454,165
1232,443.2147,72244,150.5625,501,154.49,122.9119,83.6603,163
1233,445.1506,73895,151.125,526,154.56,122.5564,83.5844,166
1234,443.7988,72783,152.4875,506,158.84,123.3371,83.6321,164
1235,445.9632,72692,152.4,512,154.11,123.852,83.4047,163
1236,444.1818,73290,150.6625,507,154.51,124.3202,83.5267,165
1237,441.372,72385,151.6625,522,157.59,123.7908,83.8021,164
1238,444.7866,72945,152.75,525,155.44,124.1684,83.7142,164
1239,441.6951,72438,152.8,560,157.87,124.2432,83.4684,164
1240,445.0732,72992,149.2125,512,155.27,124.0953,83.4393,164
1241,441.9085,72473,148.5,527,155.63,124.3783,83.4313,164
1242,441.9202,72033,150.2375,519,154.94,124.7007,83.5936,163
1243,443.9699,73699,151.3,502,153.01,124.5586,83.7767,166
1244,443.9325,72361,152.5,524,154.55,124.1863,84.3539,163
1245,441.1322,76757,149.75,525,153.24,124.299,84.213,174
1246,440.1288,71741,150.2375,499,153.75,124.1798,83.3825,163
1247,438.9152,72421,150.4125,519,155.14,124.5959,83.1932,165
1248,444.1455,73284,150.9,512,156.63,124.0089,83.8493,165
1249,442.8313,73510,150.5625,536,155.95,124.4607,84.0221,166
1250,442.1928,73404,151.0375,532,155.2,124.4504,83.6216,166
1251,441.6747,73318,150.275,506,156.01,123.9072,84.0842,166
1252,442.8834,72190,151.9875,532,153.92,124.4246,83.8182,163
1253,444.0976,72832,154.075,512,156.42,124.7067,83.5186,164
1254,439.622,72098,150.55,519,153.62,124.3979,84.138,164
1255,444.6527,74257,152.25,514,155.44,124.8098,84.0862,167
1256,437.8982,73129,151.8625,523,155.31,125.1164,84.18,167
1257,441.3152,72817,152.6375,518,154.15,125.2433,83.5728,165
1258,443.3232,72705,152.95,520,156.36,125.7436,83.6168,164
1259,443.3333,74480,152.475,530,155.78,126.0857,84.1823,168
1260,440.3136,74413,151.2875,512,154.6,125.3698,83.7528,169
1261,444.4268,72886,151.2,524,156.25,126.1384,83.9897,164
1262,446.8976,74185,151.6875,517,154.16,126.2485,83.6694,166
1263,444.3354,72871,149.6125,525,151.68,125.7333,83.5184,164
1264,446.3476,73201,152.9375,541,155.45,126.402,83.8343,164
1265,443.2353,75350,151.275,514,154.81,126.309,83.8448,170
1266,445.6707,73090,149.825,510,155.18,126.1413,83.5878,164
1267,446.6,73689,151.4125,555,155.27,126.4068,83.5268,165
1268,449.5706,73280,151.1,506,154.28,126.2377,83.3329,163
1269,442.3254,74753,150.075,504,153.44,126.2552,83.7679,169
1270,446.6258,72800,151.025,531,154.67,126.1805,84.4932,163
1271,441.9509,72038,152.35,500,153.62,126.6933,83.2915,163
1272,447.1595,72887,151.025,517,154.54,126.2252,83.5137,163
1273,440.8421,75384,150.725,507,154.7,126.5593,84.0413,171
1274,442.0059,74699,151.4,520,155.48,126.2796,83.8804,169
1275,447.7212,73874,152.15,529,153.62,126.689,83.2606,165
1276,443.7353,75435,150.9625,526,153.72,127.0027,83.7598,170
1277,445.503,73508,153.575,508,155.97,126.4498,84.1091,165
1278,447.8383,74789,150.825,528,154.17,126.4591,83.9693,167
1279,445.6364,73530,151.6375,543,154.26,126.3009,84.0068,165
1280,446.8485,73730,152.975,544,155.31,126.4834,83.7425,165
1281,446.7423,72819,153.1375,542,154.67,126.2007,83.8882,163
1282,447.0361,74208,150,543,154.79,126.4927,83.8069,166
1283,446.7059,75940,152.0125,523,155.43,126.9903,84.486,170
1284,445.6205,73973,152.2,512,153.72,126.8946,83.8936,166
1285,449.2575,75026,153.5375,523,154.91,126.5183,83.9882,167
1286,448.7561,73596,151.7375,514,153.95,126.3926,83.4102,164
1287,446.753,74161,152.0875,516,153.59,126.4312,84.196,166
1288,443.7818,73224,150.675,510,154.17,126.7093,83.2275,165
1289,444.4615,75114,151.9875,511,156.94,126.2074,83.8559,169
1290,445.741,73993,151.325,497,155.08,125.9505,84.3266,166
1291,445.3067,72585,151.675,498,153.36,126.0817,84.2105,163
1292,444.7423,72493,151.975,496,154.28,126.6314,83.3639,163
1293,442.5305,72575,150.325,522,153.72,126.4947,83.9489,164
1294,441.237,76334,152.0875,505,155.93,126.6821,83.6468,173
1295,444.7117,72488,152.1125,520,155.01,126.0978,83.9196,163
1296,447.1098,73326,151.7375,510,155.02,126.2641,83.781,164
1297,441.6433,75521,150.925,519,152.89,126.4864,83.8313,171
1298,443.7771,73667,151.45,510,154.95,126.8739,83.6491,166
1299,444.7784,74278,153.575,524,156.7,126.3161,83.5921,167
1300,444.2771,73750,152.825,513,155.74,126.2501,83.4967,166
1301,448.622,73574,149.9125,527,153.91,125.889,83.8726,164
1302,443.7914,72338,151.475,509,153.87,126.1675,84.1908,163
1303,444.1273,73281,153.9375,503,156.05,126.4355,83.8336,165
1304,446.5793,73239,153.975,525,156.45,126.6422,83.7921,164
1305,442.0671,72499,153.1125,507,155,126.5455,84.1907,164
1306,444.0613,72382,153.1875,500,155.18,126.129,83.6973,163
1307,447.3841,73371,150.2375,547,154.26,126.1663,84.1653,164
1308,443.2909,73143,152.75,531,154.76,127.0748,83.4173,165
1309,445.3818,73488,149.1,512,151.25,126.5025,84.5477,165
1310,443.1687,73566,155.1125,515,155.23,126.7769,83.4293,166
1311,443.0545,73104,148.0625,523,153.27,126.5783,83.9072,165
1312,443.1585,72678,151.4375,541,153.78,126.716,83.8324,164
1313,443.4294,72279,150.4,530,152.82,126.9564,83.6728,163
1314,444.1506,73729,151.5875,539,153.97,126.8145,84.1941,166
1315,441.9756,72484,152.025,527,154.24,126.5257,83.3893,164
1316,445.939,73134,150.6375,517,153.84,126.7154,84.1655,164
1317,444.5569,74241,153.35,513,155.47,126.9223,83.2357,167
1318,447.1829,73338,150.725,539,153.17,127.1192,83.9891,164
1319,445.6095,75308,153.7625,523,155.64,127.042,83.6012,169
1320,449.506,74618,151.425,541,152.47,126.5175,84.6978,166
1321,442.0719,73826,151.3,510,152.23,126.725,84.424,167
1322,444.7607,72496,150.6625,513,153.61,126.7519,83.706,163
1323,445.9702,74923,150.875,530,153.75,126.9586,84.0572,168
1324,443.5828,72304,152.7875,505,155.95,127.2256,83.7763,163
1325,447.6646,73417,151.75,508,153.62,126.5258,84.451,164
1326,443.5215,72294,154.55,523,156.76,126.9499,83.6727,163
1327,446.0301,74041,152.5625,532,155.36,126.9245,84.0614,166
1328,447.0301,74207,153.575,533,155.66,126.5774,83.818,166
1329,441.6805,74644,152.95,508,155.09,126.8477,84.0622,169
1330,446.8802,74629,153.375,505,155.52,126.6449,83.7816,167
1331,444.3558,72430,152.325,507,154.45,126.1316,84.493,163
1332,445.9755,72694,151.075,517,154.39,126.0325,83.9537,163
1333,440.9235,74957,152.1125,504,155.92,125.646,83.9256,170
1334,443.2073,72686,151.2125,528,154.83,124.6391,84.0904,164
1335,439.4048,73820,152.05,507,155.91,124.8281,83.5935,168
1336,444.3659,72876,150.475,512,154.92,123.9734,84.4549,164
1337,443.8232,72787,154.25,501,155.81,124.2111,84.0617,164
1338,442.1768,72517,151.925,505,155.32,123.1156,83.9404,164
1339,438.8133,72843,152.3,526,155.29,123.7765,83.7621,166
1340,443.7317,72772,150.4375,498,155.32,123.8501,84.0405,164
1341,440.3275,75296,152.3125,544,157.04,123.4439,83.8819,171
1342,439.9325,71709,152.525,501,157.11,123.1095,84.1549,163
1343,440.4345,73993,152.7375,526,155.86,122.5995,84.5398,168
1344,439.8061,72568,151.2375,554,154.49,122.7448,84.5702,165
1345,441.3558,71941,153.125,519,156,122.8262,84.2497,163
1346,441.982,73811,151.6125,530,154.36,122.8389,84.0107,167
1347,438.6667,72380,151.675,512,155.97,122.9907,84.1256,165
1348,438.8012,75035,152.325,501,156.49,123.3276,84.1052,171
1349,443.5061,72735,151.5,517,154.22,123.1909,83.8279,164
1350,442.0424,72937,152.575,522,155.09,123.0115,83.4411,165
1351,442.2899,74747,152.4875,531,156.52,122.4802,84.0165,169
1352,441.0298,74093,151.3125,515,154.79,123.0825,84.4676,168
1353,440.7212,72719,152.5375,512,157.62,123.2623,83.534,165
1354,444.3494,73762,150.5875,497,156.34,122.8637,83.9428,166
1355,444.8221,72506,151.2,526,156.56,123.3106,83.7173,163
1356,444.4146,72884,152.975,537,155.71,123.4485,83.6,164
1357,442.1341,72510,152.0125,504,155.21,123.2312,84.6151,164
1358,441.506,73290,153.5375,517,155.61,123.7365,83.966,166
1359,440.7619,74048,149.8875,512,155.96,123.2678,84.1359,168
1360,441.7917,74221,151.375,516,155.11,124.578,84.1253,168
1361,439.3234,73367,151.3,515,155.51,124.082,84.148,167
1362,445.625,74865,149.6875,523,154.71,124.5903,83.902,168
1363,442.2934,73863,153.975,507,156.74,124.3187,84.443,167
1364,444.9699,73865,150.3375,510,154.54,124.1814,84.6914,166
1365,446.689,73257,155.4875,514,156.64,125.1899,83.3097,164
1366,444.4969,72453,150.1875,517,155.6,125.7001,83.9515,163
1367,445.7362,72655,151.4,514,154.51,126.7021,83.7961,163
1368,445.0296,75210,151.2375,531,153.72,125.9288,84.1737,169
1369,444.8258,79179,150.575,509,153.67,126.8895,83.8677,178
1370,443.2073,72686,152.3375,522,155.02,126.643,83.6356,164
1371,443.4667,73172,152.5875,537,156.2,126.9393,83.8503,165
1372,444.0061,72817,151.7625,537,154.52,126.3091,83.8948,164
1373,444.1867,73735,151.0375,519,155.11,126.85,83.0049,166
1374,445.1768,73009,152.0875,499,156.12,126.4804,84.1648,164
1375,448.3434,74425,150.125,521,152.51,126.9759,83.9824,166
1376,444.4512,72890,151.1125,528,152.91,126.3235,84.0057,164
1377,446.6506,74144,149.85,512,154.25,126.4934,83.8916,166
1378,445.5269,74403,154.2375,514,157.02,126.7425,84.3012,167
1379,445.5273,73512,149.8625,517,153.08,127.2702,83.6461,165
1380,443.865,72350,153.375,518,156.01,126.8198,83.7543,163
1381,446.8896,72843,152.825,497,155.35,127.0333,84.2454,163
1382,441.9141,72032,152.9375,517,155.12,127.0353,83.9588,163
1383,448.5833,75362,151.4375,527,153.43,126.6656,84.3502,168
1384,442.5915,72585,153.225,509,153.8,126.9248,83.8379,164
1385,450.9264,73501,152.05,510,154.32,127.7101,84.4981,163
1386,445.1006,75222,151.0375,511,152.5,127.082,84.2928,169
1387,444.0429,72379,153.6875,518,155.7,127.0029,84.1283,163
1388,444.515,74234,151.1875,514,153.93,126.9527,83.9297,167
1389,446.2378,73183,152.6875,519,153.32,127.2894,84.0592,164
1390,444.8221,72506,150.575,541,153.67,127.1388,83.742,163
1391,444.3879,73324,153.35,494,154.57,126.9153,84.0433,165
1392,446.0904,74051,150.625,497,152.44,127.2079,84.3825,166
1393,446.9325,72850,152.0625,517,153.97,127.1288,83.7996,163
1394,446.773,72824,151.4875,529,153.86,127.1203,84.1596,163
1395,448.5273,74007,151.475,527,152.47,127.3419,83.4307,165
1396,447.2036,74683,150.7875,542,153.86,127.2972,83.9276,167
1397,446,73144,151.9,542,155.9,127.3731,84.0114,164
1398,445.3476,73037,150.25,532,154.23,127.3076,83.6039,164
1399,444.7321,74715,151.425,513,154.32,127.1413,83.6759,168
1400,445.512,73955,153.4,505,154.82,127.1706,83.6861,166
1401,447.3274,75151,150.5125,512,153.37,127.0866,83.4223,168
1402,447.5337,72948,149.225,506,152.44,127.0931,84.0276,163
1403,444.8889,76076,150.6375,510,154.03,127.4464,83.5991,171
1404,446.2695,74527,152.9625,534,154.36,127.3638,84.1353,167
1405,446.2439,73184,152,526,154.61,126.8036,84.0887,164
1406,446.2744,73189,152.6625,513,154.64,127.1025,83.5296,164
1407,445.3476,73037,152.2625,525,153.95,127.3918,84.1588,164
1408,446.1288,72719,153.1125,498,155,127.0672,83.9194,163
1409,443.3095,74476,152.5625,504,155.38,127.4937,83.7616,168
1410,447.811,73441,152.55,525,154.67,126.8794,83.8621,164
1411,446.8402,75516,150.35,528,153.6,126.6146,83.9594,169
1412,446.3497,72755,151.225,511,154.05,126.8559,84.1397,163
1413,450.0552,73359,154.2125,524,155.49,126.8861,84.0054,163
1414,453.3129,73890,151.1625,526,152.79,126.8351,83.7115,163
1415,451.2807,77169,151.7375,514,154.14,127.4206,83.6215,171
1416,455.9878,74782,150.7625,519,153.99,126.8675,84.045,164
1417,454.7975,74132,151.925,524,154.28,126.8222,83.8726,163
1418,453.4072,75719,151.725,508,155.39,127.0653,83.9746,167
1419,451.4556,76296,151.7125,539,153.72,126.6103,83.6788,169
1420,453.638,73943,152.025,507,154.4,127.0542,83.4042,163
1421,452.6037,74227,149.4375,542,153.88,126.4507,83.9077,164
1422,453.247,75239,153.15,523,154.45,127.3478,83.291,166
1423,453.6061,74845,151.6125,517,153.85,126.7038,84.0363,165
1424,453.097,74761,150.1125,531,152.77,126.813,83.7638,165
1425,454.6037,74555,153.1625,521,155.46,127.3239,83.5065,164
1426,453.355,76617,151.5375,512,154.61,126.5426,83.9887,169
1427,452.4085,74195,151.7625,504,154.98,126.8613,83.6908,164
1428,450.6923,76167,151.925,525,154.17,127.096,83.8239,169
1429,456,74784,151.425,551,154.13,127.2303,83.853,164
1430,457.9264,74642,152.6125,542,155.13,127.16,83.2132,163
1431,454.3659,74516,152.1,524,155.8,127.2955,83.9403,164
1432,451.9337,75021,151.8375,533,153.42,127.2322,83.9456,166
1433,451.5269,75405,152.4125,534,155.18,127.1364,83.5474,167
1434,450.4096,74768,153.85,519,155.39,126.9287,83.8815,166
1435,451.9521,75476,149.675,535,153.55,126.4494,83.8822,167
1436,454,74910,152.475,530,155.23,126.6041,83.744,165
1437,452.4345,76009,151.5875,538,155.37,126.473,83.6092,168
1438,455.097,75091,153.2125,529,155.76,125.4999,83.8328,165
1439,456.7711,75824,150.175,524,154.12,126.1209,83.5085,166
1440,455.4431,76059,150.925,514,155.11,126.1708,83.7302,167
1441,458.1104,74672,153.675,527,156.48,125.6171,83.7747,163
1442,456.8834,74472,151.6625,526,154.37,125.161,83.9584,163
1443,453.8982,75801,152.875,552,155.27,125.15,84.1012,167
1444,457.1524,74973,149.5875,533,154.05,125.1132,84.1617,164
1445,453.2439,74332,153.225,533,155.43,124.819,84.5898,164
1446,456.497,76235,151.5,541,155.38,124.7836,83.7703,167
1447,459.976,76816,152.9625,531,156.57,125.274,83.5483,167
1448,456.7683,74910,150.75,537,154.9,125.3003,83.2633,164
1449,454.4121,74978,151.775,508,154.67,125.4008,83.9408,165
1450,455.1506,75555,151.2375,556,153.69,124.9105,83.444,166
1451,455.1595,74191,150.8125,541,154.28,124.7578,83.9218,163
1452,456.1227,74348,154.675,542,155.7,124.8167,83.9514,163
1453,455.5276,74251,151.225,539,154.84,124.2909,83.8266,163
1454,456.189,74815,152.5125,524,157.33,124.5845,83.3785,164
1455,452.7485,73798,151.1625,535,154.54,124.5134,83.7486,163
1456,454.5061,74539,153.8625,522,158.12,124.1603,83.4238,164
1457,454.3598,74515,151.475,524,156.97,123.7654,83.1471,164
1458,455.4012,76052,151.725,550,156.11,123.4754,83.7719,167
1459,451.8727,74559,153.1125,509,154.52,123.2154,83.7356,165
1460,451.9821,75933,150.6625,519,154.22,123.1104,83.7751,168
1461,454.6768,74567,151.95,536,156.8,123.0449,83.3758,164
1462,454.6402,74561,151.6125,513,157.02,123.2446,83.7726,164
1463,451.0671,73975,152.4375,566,156.8,122.8121,83.2789,164
1464,451.4762,75848,152.5375,513,156.8,122.8442,83.335,168
1465,450.0429,73357,151.725,542,156.11,122.7667,83.535,163
1466,454.4724,74079,151.925,520,155.13,122.4883,83.6124,163
1467,454.2866,74503,152.025,520,156.17,123.0278,82.795,164
1468,453.589,73935,151.675,534,155.51,122.9633,83.1662,163
1469,453.3353,75707,150.3125,514,156.09,122.1168,83.7794,167
1470,455.6121,75176,151.475,519,157.35,122.4042,83.6611,165
1471,452.1341,74150,154.2625,554,158.11,122.6429,83.5196,164
1472,451.9353,76829,151.675,532,156.37,122.3413,83.6874,170
1473,448.1488,75289,150.7,519,157.37,122.1724,83.5927,168
1474,452.5091,74664,153.0875,520,156.08,122.5142,83.5579,165
1475,448.4848,74000,153.225,527,155.45,122.4159,83.3978,165
1476,453.7879,74875,151.475,529,157.46,122.3962,83.6375,165
1477,449.7952,74666,153.2625,520,157.44,122.3297,83.3357,166
1478,450.4909,74331,151.9875,523,156.47,122.1237,83.5587,165
1479,447.0783,74215,151.75,535,156.54,121.9625,83.1569,166
1480,447.372,73369,151.0125,542,156.47,121.857,83.3297,164
1481,451.497,74497,149.625,540,157.26,121.6881,83.4432,165
1482,452.8841,74273,149.9625,517,155.37,121.9134,83.4509,164
1483,449.5964,74633,149.15,523,156.3,121.5824,83.8066,166
1484,447.2931,77829,153.3,526,157.01,122.1252,83.9227,174
1485,449.811,73769,149.9875,519,154.57,121.547,83.5063,164
1486,445.881,74908,150.675,528,155.06,122.1512,83.2702,168
1487,449.3067,73237,151.35,514,157.82,121.7823,83.5228,163
1488,450.3476,73857,154.125,511,158.42,121.5023,83.4903,164
1489,446.256,74971,150.625,518,157.36,121.6701,83.8471,168
1490,446.485,74563,153.6875,509,155.68,121.9456,83.3598,167
1491,444.3537,72874,151.475,516,158.6,121.5352,83.4286,164
1492,448.227,73061,151.9375,511,157.22,121.3737,83.8006,163
1493,447.8303,73892,154.325,509,156.64,121.6807,83.3675,165
1494,448.897,74068,151.3625,543,156.44,121.6696,83.538,165
1495,446.2202,74965,151.4875,510,156.81,121.6332,83.9061,168
1496,448.4545,73995,154.3375,535,158.17,121.701,83.3483,165
1497,447.5879,73852,150.5125,531,155.56,121.2857,83.256,165
1498,446.2454,72738,151.1,520,156.3,121.1472,83.7361,163
1499,450.6121,74351,151.4,520,155.22,121.7467,83.5297,165
1500,449.6037,73735,153.9,522,155.71,122.5043,83.1722,164
