1,258.0838,43100,131.7875,321,131.59,100.954,25.2929,167
2,255.1443,51284,131.3625,315,131.64,101.3112,25.3103,201
3,259.6429,43620,131.5,327,130,100.731,25.0403,168
4,258.2071,43637,131.35,323,130.77,101.1088,25.5403,169
5,257.1183,43453,132.2125,321,130.62,100.3373,25.3614,169
6,257.9107,43329,133.175,321,132.8,100.8227,25.6832,168
7,257.3491,43492,129.8125,306,129.26,100.9574,25.6441,169
8,258.369,43406,130.675,345,130.99,100.7588,25.3332,168
9,259.8512,43655,132.5,337,132.06,101.2488,25.0607,168
10,257.8274,43315,131.775,291,131.95,100.654,25.5926,168
11,257.3661,47098,130.0875,330,130.31,101.1212,25.2285,183
12,255.5888,50351,132.475,311,132.05,101.3994,25.0851,197
13,258.716,43723,132.7625,309,131.41,100.7044,25.4834,169
14,258.3029,45203,130.9875,312,130.35,101.3647,25.3909,175
15,261.3018,44160,131.5625,326,131.15,101.2589,25.459,169
16,258.9702,43507,131.3625,318,130.4,101.0557,25.0575,168
17,257.2959,43483,131.3,303,130.56,101.3339,25.3489,169
18,257.6805,43548,129.8875,321,129.32,101.5389,24.944,169
19,259.5988,43353,130.15,306,130.35,101.276,24.5834,167
20,258.2308,43641,130.8375,317,131.31,100.9602,25.3243,169
21,259.0292,44294,130.65,317,130.31,101.6147,25.4211,171
22,260.5689,43515,130.1375,312,130.04,101.0035,25.1626,167
23,258.9209,45829,130.875,309,130.69,101.7477,25.0971,177
24,261.6287,43692,132.6125,313,131.87,101.164,25.8391,167
25,260.0994,44477,132.35,325,131.64,101.0214,25.2289,171
26,259.9649,44454,131.875,332,131.74,101.5398,25.4864,171
27,258.814,44516,132.85,331,131.58,101.5451,25.233,172
28,257.7052,44583,131.8125,319,129.96,101.3801,24.9675,173
29,261.3772,43650,131.325,343,130.77,101.2122,24.7037,167
30,261.4913,45238,132.4125,315,131.28,101.3897,25.3697,173
31,260.7273,45888,131.3,319,130.74,101.3373,25.5272,176
32,259.497,43855,131.8375,314,130.98,101.7719,24.2712,169
33,260.2398,44501,133.675,337,132.97,101.587,25.0351,171
34,257.7661,44078,132.325,311,130.42,102.1071,25.4007,171
35,258.4943,45495,132.4125,310,130.7,101.7877,24.964,176
36,258.2738,43390,130.4875,310,129.83,101.4812,24.8638,168
37,258.8023,44514,130.775,307,130.72,101.4024,25.2565,172
38,258.1976,43119,132.2625,317,131.61,101.3912,25.2956,167
39,260.6369,43787,131.9125,333,131.28,101.8276,25.1409,168
40,258.2632,44163,130.3,329,128.82,101.8203,25.1172,171
41,258.515,43172,132.225,315,131.59,101.5823,24.9723,167
42,258.3882,43926,132.8,296,131.18,102.2156,25.009,170
43,254.6029,53212,132.175,309,130.55,102.199,25.3554,209
44,259.1387,44831,131.7,349,128.82,101.5874,24.8997,173
45,258.0872,44391,130.1375,304,129.16,102.1298,25.3981,172
46,257.4762,43256,130.6875,312,130.02,101.7906,25.3889,168
47,258.7738,43474,129.1625,329,129.82,101.7919,25.0883,168
48,258.6686,43715,131.1375,309,130.58,101.6825,25.0716,169
49,260.1429,43704,131.6875,326,131.24,101.6946,25.2795,168
50,259.2024,43546,131.1125,325,130.21,101.8489,25.3376,168
51,259.1183,43791,131.4625,312,131.82,101.8239,24.958,169
52,259.4765,44111,132.1,311,130.84,102.2441,25.1598,170
53,260.9709,44887,130.8125,329,131.05,101.6863,24.4331,172
54,259.6707,43365,132.175,339,130.96,102.1653,25.4079,167
55,261.6905,43964,132.2875,320,131.07,101.9302,24.85,168
56,259.6587,43363,131.525,318,131.2,102.1643,24.6774,167
57,259.6864,43887,133.375,306,130.99,102.329,24.6303,169
58,259.8314,44691,131.6125,324,129.94,102.1302,25.4366,172
59,259.426,43843,131.2875,314,129.79,101.818,25.3934,169
60,259.5198,45935,130.5125,335,130.41,102.2868,25.1518,177
61,260.1557,43446,132.7875,306,131.54,101.7404,25.6187,167
62,260.426,44012,130.325,327,129.82,102.0421,25.1028,169
63,258.431,44967,131.4875,328,129.37,102.163,24.4485,174
64,261.3473,43645,131.8625,348,130.83,101.8574,24.8806,167
65,260.5284,45853,132.6625,312,132.1,102.0777,24.7063,176
66,261.2176,44407,130.9625,318,130.47,101.8376,24.702,170
67,259.381,43576,132.675,319,131.43,102.0338,25.1117,168
68,259.6287,43358,131.6,335,130.08,102.1801,24.6893,167
69,261.2529,44413,132.4375,321,129.39,101.837,24.487,170
70,260.7135,44582,129.9,330,129.82,102.2986,24.597,171
71,259.3293,43308,132.05,323,130.14,101.712,25.0709,167
72,260.1588,44227,131.5375,319,130.21,101.9047,25.2328,170
73,259.5614,44385,129.725,326,129.82,102.2687,24.9872,171
74,261.5059,44456,130.675,342,129.66,102.3719,24.6047,170
75,258.8198,44517,131.1125,335,129.67,101.9067,25.108,172
76,259.1006,43788,131.975,336,130.57,101.9065,24.8318,169
77,258.9885,45064,130.7125,321,130.75,102.4466,24.3811,174
78,260.0409,44467,130.675,328,130.51,102.5439,24.9099,171
79,259.9882,43938,131.3,337,130.42,102.0882,24.8708,169
80,259.8512,43655,130.7375,312,129.93,102.942,23.8381,168
81,258.0419,43093,130.6875,350,131.05,102.5196,24.1972,167
82,261.5976,44210,130.75,315,128.82,102.2899,24.3326,169
83,258.2209,44414,131.1,316,130.28,102.7219,24.382,172
84,260.1765,44230,128.6375,314,128.96,102.5416,24.4418,170
85,260.1405,48126,132.4625,323,131.53,101.9781,25.063,185
86,258.7118,43981,130.25,316,129.93,102.3442,24.1535,170
87,260.142,43964,131.2125,323,130.09,102.4532,24.9112,169
88,259.7,44149,129.8875,311,129.57,102.2274,25.152,170
89,260.0414,43947,132.5625,316,131.43,102.7183,25.0673,169
90,261.2083,43883,130.8,345,129.27,102.114,24.966,168
91,258.5673,44215,133.7625,328,131.91,102.5119,24.3059,171
92,257.68,45094,131.1375,324,130.09,102.0585,24.7065,175
93,260.5607,45077,131.1,323,129.83,102.1384,24.723,173
94,259.1893,43803,132.3625,306,130.87,102.5027,24.8201,169
95,258.7168,44758,132.1375,329,131.04,102.4187,24.93,173
96,259.5882,44130,130.2625,314,130.8,102.5541,24.7586,170
97,257.7305,43041,132.6125,305,130.63,102.4107,24.6066,167
98,260.2738,43726,131.8375,346,130.07,102.0438,24.1693,168
99,259.2471,45109,130.55,320,129.83,102.2323,24.5928,174
100,261.4046,45223,132.225,322,131.76,102.537,24.6291,173
101,256.8523,45206,133.35,341,131.01,102.4049,24.5058,176
102,256.3925,47689,131.6375,312,129.99,101.9088,24.1873,186
103,260.1317,43442,132.925,324,131.58,102.1628,24.3429,167
104,261.2147,46235,131.9625,322,131.66,102.5307,23.9005,177
105,259.503,43337,132.5125,328,130.53,102.3019,24.2053,167
106,257.5965,44049,133.1125,308,130.93,102.3266,24.7141,171
107,258.9941,43770,131.6625,353,131.02,102.0015,24.5833,169
108,261.6923,44226,132.1375,334,131.28,102.2529,24.411,169
109,259.9123,44445,132.75,341,131.26,102.3295,23.95,171
110,259.3882,44096,133.0375,318,130.79,102.3411,23.9211,170
111,259.6185,44914,133.125,325,130.82,102.2595,24.3751,173
112,259.4706,44110,132.0625,308,131.36,102.0841,24.7447,170
113,257.924,44105,133.275,323,131.74,101.8823,24.5963,171
114,260.9341,43576,131.45,341,130.93,102.2847,24.3804,167
115,259.9649,44454,131.7125,336,131.5,102.0139,23.9058,171
116,258.6821,44752,133.9625,316,132.11,102.3018,23.6265,173
117,261.2189,44146,133.3625,314,131.79,101.988,23.5516,169
118,260.6529,44311,132.275,320,132.12,102.0084,24.3177,170
119,260.6824,44316,130.3625,315,129.67,102.1392,24.4671,170
120,259.6474,44919,131.9125,312,130.85,102.641,24.1211,173
121,257.4802,45574,130.8,316,130.91,102.4081,24.3452,177
122,259.1317,43275,131.375,338,129.72,102.1919,23.5495,167
123,258.9467,43762,132.6625,318,131.99,102.2169,24.1843,169
124,259.4647,44109,132.3875,323,131.72,102.2844,24.0674,170
125,262.4529,44617,131.325,340,130.41,102.228,24.1731,170
126,260.5868,43518,132.025,336,130.84,102.2323,24.1661,167
127,259.2126,45103,132.075,312,130.85,101.9836,24.461,174
128,260.2189,43977,130.6625,331,130.84,101.7133,24.4826,169
129,259.6095,43874,131.6625,321,131.08,102.1657,24.0869,169
130,258.4318,45484,132.075,320,131.97,102.0359,24.5446,176
131,259.9253,45227,132.125,316,131.21,102.3032,23.8398,174
132,262.2588,44584,132.225,321,131.49,101.9913,24.0021,170
133,257.8743,43065,129.05,318,128.74,102.5914,24.8908,167
134,256.884,46496,131.7375,345,129.6,103.1294,24.0596,181
135,259.1462,44314,131.775,340,128.85,102.5042,24.1565,171
136,257.6235,43796,132.7375,337,129.41,102.6766,24.6402,170
137,259.6786,43626,129.7375,330,129.95,102.7847,23.8955,168
138,261.4072,43655,130.1875,338,129.47,102.9546,24.2405,167
139,260.3333,45298,130.9125,336,130.14,102.6386,24.4319,174
140,257.3931,44529,130.2,326,129.14,103.1029,24.4417,173
141,262.6467,43862,130.7375,311,129.92,102.6916,23.9382,167
142,260.2093,44756,131.325,329,128.8,103.003,24.1503,172
143,260.4551,43496,130.85,324,130.18,102.6101,23.9828,167
144,261.1163,44912,129.7875,317,128.21,102.9922,24.2353,172
145,257.6322,44828,130.4375,321,129.67,103.0287,23.7436,174
146,259.509,43338,131.775,313,129.46,103.5366,24.1426,167
147,259.8353,44172,130.575,321,129.46,103.0896,23.7618,170
148,259.7765,44162,129.65,319,130.35,103.6499,24.4918,170
149,260.4386,44535,131.3625,326,128.09,103.6706,24.0391,171
150,259.4643,43590,129.4125,312,128.07,103.8272,23.813,168
151,259.1307,45607,130.3625,324,128.44,104.4752,23.6459,176
152,258.2024,43378,129.4,308,127.48,104.213,23.0572,168
153,260.1471,44225,131.0625,325,128.55,104.6354,23.3888,170
154,262.9708,44968,129.5625,322,128.1,104.0884,23.5872,171
155,263.4583,44261,130.0625,358,130.31,104.7638,23.726,168
156,263,44710,132.4,360,129.8,104.5604,23.7584,170
157,261.6301,45262,132.475,327,130.59,104.478,22.703,173
158,260.4566,45059,130.325,334,129.52,104.4091,23.7853,173
159,260.2036,43454,130.3375,342,129.59,104.2041,23.0776,167
160,261.6824,44486,128.8375,335,127.31,104.1288,23.8647,170
161,259.8935,43922,130.3,325,129.74,104.3258,23.7655,169
162,260.4593,44799,129.05,312,129.17,104.6528,23.364,172
163,262.131,44038,130.35,328,128.27,104.5055,23.476,168
164,263.5588,44805,128.6125,333,129.23,104.1913,23.3883,170
165,261.6108,43689,130.2625,330,127.73,104.0532,24.0901,167
166,260.7784,45897,130.9875,323,129.72,104.4063,23.0346,176
167,263.3699,45563,131.125,335,129.72,104.3601,23.2158,173
168,262.0357,44022,129.9,333,128.56,104.0908,23.9219,168
169,259.0296,43776,131.85,313,129.64,104.1517,23.2745,169
170,259.1988,44323,130.4125,332,129.47,104.0388,23.8525,171
171,259.0778,43266,131.775,321,129.3,104.1482,23.4827,167
172,259.9017,44963,129.1625,317,129.06,104.1582,23.9806,173
173,258.3011,45461,129.5,319,129.12,104.3743,23.2612,176
174,258.9767,44544,130.5,312,130.3,104.0855,23.6283,172
175,259.9128,44705,131.25,348,128.19,104.4375,22.6754,172
176,262.2982,44853,130.5625,354,128.65,104.1683,23.3674,171
177,260.4464,43755,130.5375,309,128.01,103.9897,23.5205,168
178,262.8452,44158,130.3,361,129.09,104.084,22.7644,168
179,260.9286,43836,128.7875,319,128.16,104.1124,22.6457,168
180,260.3952,43486,132.6375,326,129.12,104.0571,23.1309,167
181,259.9371,45489,130.925,330,129.53,104.0938,23.5485,175
182,259.2308,43810,130.2625,322,127.59,104.2621,22.747,169
183,260.8529,44345,130.725,318,130.39,104.2875,22.8707,170
184,259.1802,44579,130.8375,339,128.69,104.0369,23.3646,172
185,257.4152,44018,131.125,317,128.91,104.1062,23.3625,171
186,259.592,45169,130.675,341,128.56,104.4558,22.5623,174
187,260.0058,44461,130.65,323,129.56,104.2899,22.7207,171
188,260.2604,43984,131.375,337,130.87,103.6863,22.9631,169
189,258.9474,44280,130.85,348,129.13,103.764,23.0374,171
190,258.4118,43930,131.325,333,128.7,104.0449,22.6821,170
191,259.6647,44143,129.2625,314,129.12,103.6291,22.6933,170
192,260.2529,44243,130.5625,324,129.36,104.0585,22.3618,170
193,260.0814,44734,130.4125,325,129.96,103.5713,22.9506,172
194,261.0536,43857,129.975,336,129.7,104.1103,22.4669,168
195,260.8588,44346,130.5,331,128.85,104.4939,22.2012,170
196,262.574,44375,132.2125,323,130.8,104.4877,22.9723,169
197,260.0659,43431,132.3,329,130.74,104.4856,22.7666,167
198,262.1548,44042,130.6125,327,130.24,103.8707,23.1997,168
199,260.2426,43981,128.4125,316,127.25,104.5622,22.9615,169
200,258.9471,44021,132.0875,326,128.32,104.1551,22.4147,170
201,260.2011,45275,129.5125,350,129.35,104.6495,23.0619,174
202,258.5205,44207,129.9,326,128.62,104.5379,22.7908,171
203,260.0599,43430,130.35,327,128.97,104.3688,22.9641,167
204,258.2093,44412,129.975,327,129.08,104.9089,22.8434,172
205,263.1257,43942,130.1,324,128.75,104.6221,22.8445,167
206,260.3466,45821,130,328,129.53,104.5251,23.3108,176
207,262.3275,44858,129.7625,318,127.63,104.741,22.637,171
208,260.8929,43830,128.0625,325,127.95,104.4037,23.2016,168
209,258.2151,44413,129.725,329,128.87,104.7774,22.9661,172
210,260.4651,44800,130.325,345,128.21,105.0346,23.3965,172
211,259.5118,44117,131.725,328,128.64,105.0782,22.9896,170
212,260.4012,43487,131.8125,335,128.97,105.0398,23.0094,167
213,259.375,43575,130.1625,337,129.5,105.2802,22.8079,168
214,259.4637,46444,131.8,317,129.72,104.8998,23.1023,179
215,260.4371,43493,129.6125,319,128.59,105.2277,23.0337,167
216,260.4671,43498,129.525,325,127.55,105.4536,22.5713,167
217,257.9942,44375,130.6375,318,127.98,105.586,22.9904,172
218,259.2765,44077,130.4875,330,128.19,105.3698,22.4278,170
219,258.3801,44183,130.8625,328,128.81,105.3499,22.4741,171
220,256.7688,44421,130.1875,303,129.13,105.7087,22.7289,173
221,260.6257,44567,131.4875,343,128.22,105.9455,22.9708,171
222,259.3588,44091,130.9625,326,129.21,105.3416,22.5006,170
223,258.9286,43500,130.175,327,128.69,105.1765,23.8748,168
224,261.3728,44172,129.8625,329,127.54,105.9011,22.277,169
225,262.0359,43760,131.3875,318,128.27,105.9275,22.1681,167
226,259.6686,43884,131.1625,313,127.76,105.8057,22.6496,169
227,259.5266,43860,130.75,335,127.78,106.1097,22.3717,169
228,259.7262,43634,129.5875,327,129.53,105.7565,22.6855,168
229,258.2096,43121,130.6125,329,127.61,105.7317,22.2288,167
230,260.48,45584,130.95,343,129.23,105.7785,23.0667,175
231,259.4286,43584,130.1375,366,129.17,106.0556,22.2794,168
232,262.5941,44641,130.0375,350,129.32,106.1334,22.8649,170
233,258.2983,46752,131.6125,344,128.41,105.9435,22.6811,181
234,261.7751,44240,129.9,332,128.33,105.5336,22.6537,169
235,262.1988,44836,130.925,332,129.78,105.8928,23.3264,171
236,262.4912,44886,131.625,359,127.97,106.0688,23.2293,171
237,260.4072,43488,130.6,317,127.92,105.9756,22.346,167
238,262.6588,44652,130.75,355,129.5,106.3526,22.5591,170
239,261.2849,46770,129.125,363,127.54,105.9769,22.0378,179
240,263.8166,44585,130.7375,348,127.49,106.2389,22.5331,169
241,264.1667,44380,129.9,354,126.8,106.1495,22.0982,168
242,265.6105,45685,131.3375,330,128.41,106.2564,21.9805,172
243,265.0659,44266,129.5125,359,127.98,106.101,22.0508,167
244,264.2619,44396,130.375,347,129.31,106.1181,22.1127,168
245,262.4023,45658,129.475,314,128.38,106.3675,21.9523,174
246,262.4345,44089,130.5375,349,127.87,106.0913,22.8371,168
247,263.3353,44767,131.7,323,128.95,106.0272,22.2342,170
248,262.193,44835,129.65,339,127.74,105.7473,21.9219,171
249,261.5893,43947,129.9125,346,128.44,106.3555,22.1797,168
250,260.523,45331,130.6125,323,128.43,106.413,21.8561,174
251,263.3333,45030,130.7375,332,127.74,106.1504,22.0237,171
252,261.5029,45240,129.575,326,127.13,106.2575,22.0902,173
253,260.7989,45379,131.5625,336,129.24,106.532,21.8318,174
254,258.4128,44447,129.6875,328,128.55,106.3963,22.0914,172
255,262.869,44162,130.1125,343,128.73,106.1486,21.7904,168
256,262.3036,44067,130.95,333,128.36,106.1264,21.4246,168
257,262.006,43755,130.325,320,129.21,106.1351,22.2576,167
258,259.8683,43398,130.1875,317,130.06,106.1147,22.0268,167
259,260.994,43847,130.975,318,128.61,106.1219,22.0492,168
260,261.9645,44272,132.2875,348,128.49,106.1498,21.9307,169
261,261.4767,44974,130.1625,355,128.22,106.8384,21.8145,172
262,260.6706,44314,129.4625,321,128.07,105.8276,22.6513,170
263,260.6207,45348,130.35,330,128.38,105.6996,23.03,174
264,261.503,43671,129.1375,324,128.44,106.2299,22.7912,167
265,262.0291,45069,131.5375,340,127.67,105.9417,23.5096,172
266,258.4035,44187,130.475,350,127.96,105.2036,24.3858,171
267,259.5119,43598,129.7375,339,129.18,105.4279,24.51,168
268,261.2659,45199,132.9875,323,130.03,104.72,24.9432,173
269,261.0828,44123,129.8625,341,128.43,105.3283,24.2247,169
270,261.1845,43879,130.15,334,128.02,104.221,25.2804,168
271,257.9489,45399,132.6125,330,130.05,104.5541,25.1251,176
272,259.5176,44118,132.3,333,130.03,103.9761,25.1997,170
273,261.3653,43648,131.875,319,129.93,104.493,25.5849,167
274,258.5088,44205,129.7,321,128.58,104.1951,25.4556,171
275,259.2907,44598,130.325,326,127.6,104.388,25.371,172
276,258.2216,43123,130.5125,367,129.18,104.0678,25.7491,167
277,260.0114,45762,129.075,341,128.68,103.9588,25.6136,176
278,258.4915,45753,131.0375,314,128.46,104.3044,25.6835,177
279,261.9702,44011,131.8,337,127.86,103.5692,25.6119,168
280,257.2398,43988,131.575,310,128.44,103.749,25.7871,171
281,258.4138,44964,129,319,128.09,104.1997,26.109,174
282,258.3216,44173,130.35,346,128.61,103.6241,25.4542,171
283,257.7306,49742,129.875,324,128.19,103.7328,25.2378,193
284,259,45325,129.55,315,130.04,103.8507,25.3104,175
285,259.988,43418,129.15,321,128.26,103.9073,25.1343,167
286,258.1047,44394,129.3625,321,127.21,103.345,25.7165,172
287,256.5318,44380,132.3125,331,129.55,103.7028,24.8457,173
288,259.0659,43264,130.5125,332,130.33,103.5248,25.5738,167
289,259.1207,45087,130.1,342,129.7,103.6906,25.2315,174
290,260.4911,44023,129.6375,336,129.88,104.0372,25.1167,169
291,260.4235,44272,130.875,317,130.23,103.5728,25.0583,170
292,259.6707,43365,131.15,376,130.51,103.5046,25.4221,167
293,258.8,43996,129.9625,317,128.52,103.0835,24.3142,170
294,261.1893,44141,133.425,329,128.93,103.5869,24.608,169
295,259.6949,45966,131.6125,333,129.63,103.5452,24.3663,177
296,259.4107,43581,131.1375,347,129.16,102.9724,25.113,168
297,260.3118,44253,129.55,341,128.66,103.4985,24.2736,170
298,260.2216,45799,130.925,331,130.74,103.1696,24.3385,176
299,257.5902,47139,131.1,328,130.5,103.3367,24.1593,183
300,261.4171,45748,131.1875,318,130.38,103.2974,24.6166,175
301,261.3779,44957,132.775,329,131.17,102.822,24.4747,172
302,262.0115,45590,130.025,319,128.45,103.2113,24.3615,174
303,260.6647,43531,130.55,308,130.04,102.7766,24.6809,167
304,259.1369,43535,131.75,314,129.46,102.5387,24.9416,168
305,261.1647,44398,132.625,318,130.08,102.6185,24.6078,170
306,260.9345,43837,132.875,309,130.87,103.1633,24.3307,168
307,260.0234,44464,132.3375,320,131.55,102.0934,24.8434,171
308,260.5254,46113,132.675,342,131.6,102.9765,23.9908,177
309,260.9708,44626,133.2,318,131.38,102.9819,24.2502,171
310,259.8547,44695,131.625,318,131.55,102.9662,24.5426,172
311,263.5367,46646,131.0125,379,129.94,103.1782,23.3794,177
312,263.6347,44027,130.8,362,128.73,102.9718,24.1535,167
313,262.1839,45620,132.225,335,130.49,103.0964,23.76,174
314,265.1404,45339,131.8,347,130.95,103.4442,23.8236,171
315,270.7647,46030,132.8125,381,131.6,102.9821,23.4759,170
316,274.7674,47260,130.4,365,130.52,103.0853,22.8441,172
317,276.1156,47768,131.125,370,130.3,103.2308,23.0322,173
318,275.3393,46257,131.3625,370,131.22,103.2172,23.0886,168
319,277.4551,46335,132.725,378,130.85,102.861,23.3564,167
320,276.3491,46703,132.325,363,131.4,103.1099,23.5946,169
321,278.0958,46442,133.0125,381,130.76,102.6808,23.4981,167
322,279.3728,47214,132.8625,401,132.91,102.8597,23.1098,169
323,276.843,47617,130.5875,380,130.1,102.7532,23.5383,172
324,277.1337,47667,132.6875,382,131.56,102.825,23.9587,172
325,276.8876,46794,131.9375,384,131.62,102.3825,23.7547,169
326,275.7059,46870,135.0375,393,132.35,102.6182,23.6066,170
327,276.5647,47016,133,386,132.47,102.9731,23.5893,170
328,271.6509,45909,134.475,358,133.23,103.1306,23.2627,169
329,272.8988,45847,133.075,347,130.02,102.617,24.1259,168
330,270.2898,47571,130.975,360,131.25,102.5697,23.6732,176
331,270.1871,46202,133.425,374,132.95,102.8066,23.656,171
332,268.7126,46756,131.975,354,131.92,102.7912,23.6119,174
333,270.5952,45460,131.6125,400,130.38,102.5451,24.3268,168
334,269.3523,47406,131.5,362,129.88,102.5473,23.9055,176
335,268.5988,46199,131.6875,412,130.73,102.2804,24.6509,172
336,268.5689,44851,130.7625,365,130.77,102.6613,23.2886,167
337,269.7337,45585,131.75,373,130.36,102.1006,24.2657,169
338,265.9118,45205,133.3625,343,131.76,101.9606,24.0046,170
339,267.8382,46336,132.575,360,132.18,102.1402,23.9198,173
340,265.883,45466,133.975,365,131.49,102.2439,23.6286,171
341,267.381,44920,133.475,365,131.69,102.5038,24.2687,168
342,266.2814,44469,133.325,375,131.49,102.3736,24.6999,167
343,267.0179,44859,133.125,335,131.55,102.4583,24.6397,168
344,269.1387,46561,132.0125,380,130.84,102.5956,23.8305,173
345,270.3353,46768,134.55,363,133.25,102.403,24.1414,173
346,267.8324,46335,132.125,352,131.96,102.3982,24.3035,173
347,268.8652,47858,132.6,364,130.37,102.6789,23.8335,178
348,274.5449,45849,132.5125,373,131.12,102.2405,24.1309,167
349,272.2024,45730,131.7625,375,130.56,102.1825,24.0731,168
350,273.4457,47853,132.275,427,131.72,102.6715,23.9717,175
351,273.5172,47592,132.25,387,131.49,102.4447,23.9013,174
352,270.9157,48223,131.6125,340,131.47,101.8832,23.8419,178
353,272.994,45863,130.525,379,130.38,102.1981,24.5546,168
354,277.6964,46653,132.05,386,131.02,102.1451,24.1274,168
355,273.8802,45738,133.3125,372,131.74,102.7192,23.7084,167
356,273.1714,47805,131.3875,400,131.09,102.5169,23.8418,175
357,272.4226,45767,134.3,404,130.89,102.5179,24.2393,168
358,273.25,45906,131.65,386,131.37,102.091,24.4398,168
359,271.9053,45952,133.0625,357,131.6,102.6705,23.8893,169
360,272.1257,45445,131.3375,373,131.44,102.1379,24.6551,167
361,274.2934,45807,132.9125,376,132.41,102.1294,24.5996,167
362,271.2917,45577,131.4,372,131.56,102.0813,24.4903,168
363,274.6272,46412,132.1625,403,131.99,102.5745,24.0023,169
364,270.6994,46831,132.0375,399,130.81,102.1559,24.088,173
365,272.0059,45969,131.375,366,131.83,102.1939,23.9295,169
366,268.4583,45101,131.5625,376,131.54,101.8648,24.0603,168
367,269.4855,46621,131.75,365,132.54,102.1744,23.8601,173
368,270.1737,45119,133.7,392,132.84,101.7256,24.8563,167
369,269.355,45521,130.1875,372,130.31,101.9567,24.1625,169
370,269.2754,44969,131.0625,366,131.47,101.8879,24.4294,167
371,269.1257,44944,131.725,364,132.67,102.2433,24.0111,167
372,268.7251,45952,131.025,373,129.66,101.9745,24.6719,171
373,270.1686,46469,132.2375,393,132.08,101.9947,24.176,172
374,271.756,45655,132.775,360,132.18,102.2075,24.5251,168
375,272.5238,45784,131.8625,385,131.36,101.7915,23.7213,168
376,272.2395,45464,130.6,383,130.55,101.9845,23.9444,167
377,272.6786,45810,131.375,395,131.07,101.7539,24.1106,168
378,272.0238,45700,132.325,368,131.91,102.0345,24.4785,168
379,272.8994,46120,131.8875,358,131.06,102.2802,24.2699,169
380,271.5966,47801,130.25,394,131.18,102.4291,23.999,176
381,270.3174,45143,131.45,365,129.68,102.1588,23.9497,167
382,265.3977,45383,132.2625,364,130.73,102.4753,23.6025,171
383,271.6185,46990,132.9625,388,132.38,102.4271,23.8517,173
384,269.5385,45552,132.95,389,132.3,102.1974,24.2463,169
385,268.0172,46635,133.3375,356,131.56,102.5353,23.7562,174
386,268.3353,44812,131.6875,340,131.98,102.7098,23.8971,167
387,267.5731,45755,132.825,379,131.63,102.6136,23.9269,171
388,267.9882,45558,131.6625,378,130.45,103.0237,24.2085,170
389,268.5799,45390,131.3625,379,129.75,102.3809,24.1185,169
390,266.3254,45009,132.6125,338,130.43,102.0988,24.4748,169
391,268.6301,46473,131.275,399,130.47,102.4447,23.8014,173
392,268.3036,45075,132.875,367,130.42,102.2923,24.1487,168
393,270.9581,45250,132.0125,385,131.31,102.3165,23.4797,167
394,270.1871,46202,132.7875,384,132.55,102.7859,24.1797,171
395,271.2695,45302,132.275,384,130.81,102.4831,23.6511,167
396,274.355,46366,132.25,375,132.48,102.3503,23.1422,169
397,274.5266,46395,130.5125,400,131.46,102.1519,23.6897,169
398,275.9769,47744,131.6625,413,131.41,102.4799,23.932,173
399,275.7633,46604,131.1375,381,130.89,102.45,24.2597,169
400,270.5819,47893,133.175,368,132.53,102.7675,23.5867,177
401,272.0178,45971,132.5875,340,132.43,102.3426,24.0257,169
402,273.5614,46779,131.675,394,129.62,103.1969,22.7557,171
403,272.7321,45819,132.875,370,130.16,102.4793,23.6043,168
404,269.9645,45624,132.1,369,130.56,102.5366,23.836,169
405,271.2674,46658,130.8125,405,130.1,102.0274,24.2583,172
406,271.381,45592,130.4875,353,130.62,102.586,23.5654,168
407,273.6707,45703,132.5125,394,131.62,102.4023,23.8501,167
408,271.6607,45639,132.7375,386,131.62,102.3835,23.7382,168
409,269,46268,133.175,402,131.5,102.3719,23.9687,172
410,271.0409,46348,133.6125,356,132.11,102.1674,23.6386,171
411,272.4128,46855,133.2,352,132.44,102.4977,23.3117,172
412,270.3136,45683,130.7625,375,130.64,102.2186,23.9019,169
413,266.4556,47962,131.7125,409,130.63,103.0259,23.3129,180
414,265.284,44833,133,372,130.39,102.4758,23.5418,169
415,266.5059,45306,130.7,370,130.01,102.8615,23.869,170
416,265.4831,47256,132.7,389,130.81,102.7694,23.7973,178
417,267.5749,44685,132.3375,424,131.07,102.8693,23.773,167
418,266.0747,46297,131.725,379,132.1,102.8752,23.6496,174
419,266.6082,45590,131.1625,382,129.4,102.7635,23.6162,171
420,266.0539,44431,131.35,377,131.68,103.0914,23.3693,167
421,267.9883,45826,133.375,397,131.72,103.2917,22.7557,171
422,267.9643,45018,131.9125,369,130.54,102.8133,24.0083,168
423,265.9483,46275,131.025,365,130.16,103.1078,23.2384,174
424,265.2281,45354,133.5125,352,132.29,103.1596,22.9912,171
425,264.6441,46842,134.1,374,131.97,102.6402,23.329,177
426,265.1404,45339,132.5,359,131.14,102.7203,23.6667,171
427,267.2241,46497,132.35,379,130.92,103.09,23.7369,174
428,264.5407,45501,131.1875,385,129.79,102.9671,23.7836,172
429,265.2798,44567,131.5375,392,130.58,103.4354,22.8441,168
430,267.7778,45790,131.9875,394,131.56,103.3141,23.5729,171
431,270.7633,45759,132.3375,364,130.12,103.1507,23.5521,169
432,267.4379,45197,129.4625,376,129.59,103.2172,23.6524,169
433,267.3684,45720,132.3125,371,131.43,103.5819,23.2784,171
434,267.6842,45774,130.8875,376,129.81,103.6073,23.516,171
435,266.4611,44499,131.0625,386,129.82,103.5288,23.4645,167
436,265.2632,45360,131.6625,354,131.81,103.5634,23.0974,171
437,266.0702,45498,129.075,368,129.15,103.2362,23.4816,171
438,265.0391,47442,129.7625,386,129.55,103.637,23.3156,179
439,262.8971,46007,131.6125,340,128.98,102.9973,24.3853,175
440,265.0223,47439,133.25,378,131.66,103.9697,23.2972,179
441,265.6287,44360,131.1875,352,130.39,103.3736,23.4434,167
442,263.5848,45073,132,373,130.13,104.2425,23.8529,171
443,262.8497,45473,132.55,358,129.26,103.8317,23.3053,173
444,266.3036,44739,132.325,396,131.3,103.9179,23.5735,168
445,262.1573,46664,133.325,373,130.58,104.117,22.9883,178
446,264.3889,47590,130.1125,357,129.68,104.1645,23.6723,180
447,266.7209,45876,131.775,389,130.09,104.5828,23.1445,172
448,263.6959,45092,129.55,350,129.05,104.2759,23.0815,171
449,263.5398,46383,131.3875,380,128.81,103.7151,24.2215,176
450,261.486,46806,130.925,335,130.4,104.7375,22.7053,179
451,264.7798,44483,132.2875,373,130.25,104.2807,23.7089,168
452,265.631,44626,130.825,362,129.9,104.748,22.5644,168
453,262.982,43918,128.7125,362,129.7,104.3368,23.2467,167
454,264.9701,44250,130.425,374,129.56,104.4947,23.3725,167
455,264.7557,46597,130.75,367,127.93,104.6228,22.8379,176
456,262.7895,44937,130.3375,368,129.88,104.7986,22.8734,171
457,264.4244,45481,131.825,353,130.32,104.4805,23.5166,172
458,267.1856,44620,130.7625,384,130.1,104.5851,23.2423,167
459,265.2335,44294,131.625,379,129.48,104.3923,23.289,167
460,262.462,44881,130.45,357,129.84,104.3,23.5952,171
461,262.6977,45184,129.3375,367,129.05,104.3014,23.697,172
462,263.4431,43995,131.65,372,129.44,104.3151,22.7531,167
463,263.8596,45120,130.1125,356,130.01,104.9249,23.3853,171
464,262.8314,45207,130.475,363,129.44,104.7796,22.9097,172
465,262.9762,44180,131.7625,406,130.68,104.4384,23.5349,168
466,262.1953,44311,130.1125,359,127.01,104.792,23.4497,169
467,259.6758,47261,132.2875,380,130.18,105.1643,22.3269,182
468,263.8914,46181,131.3,420,130.34,104.9084,22.8156,175
469,262.3801,44867,131.875,361,129.56,104.5629,23.096,171
470,265.6784,45431,131.0875,385,129.78,104.8502,22.6117,171
471,261.8655,44779,131.4125,344,130.78,104.6735,23.1826,171
472,263.2209,45274,130.05,367,127.65,104.8168,22.2219,172
473,264.731,45269,133.6875,387,131,105.2123,22.6083,171
474,261.9766,44798,130.275,353,129.39,104.8089,22.9229,171
475,260.8908,45395,130.5,376,129.52,104.7334,22.825,174
476,259.8771,46518,130.8125,358,129.67,105.1032,22.9018,179
477,261.6286,45785,132.05,360,130.27,105.0092,22.6586,175
478,258.5659,47059,131.65,361,129.89,105.1566,22.6228,182
479,260.0165,47323,131.3375,365,130.53,105.5687,21.5377,182
480,260.32,45556,129.3625,355,128.9,104.9509,22.6024,175
481,261.0235,44374,130.325,375,129.62,105.3563,22.4813,170
482,261.5879,47609,132.2875,353,130.54,105.5635,21.8791,182
483,260.0947,43956,133.15,362,129.22,105.6065,21.68,169
484,262.3314,45121,131.0375,369,129.18,105.3906,21.8662,172
485,263.5833,44282,131.475,344,131.8,105.1349,22.3654,168
486,261.9535,45056,131.075,388,129.18,105.0869,22.2369,172
487,261.6316,44739,131.5,337,129.16,105.101,21.9855,171
488,261.131,43870,129.4625,348,127.88,105.572,21.4972,168
489,261.237,45194,131.55,371,129.96,105.5483,21.7786,173
490,260.5465,44814,130.5,392,129.42,105.1979,21.7907,172
491,259.8824,44180,131.525,397,129.18,105.1643,22.1552,170
492,263.983,46461,130.575,372,129.21,105.4506,21.7369,176
493,260.9588,44363,131.675,372,128.57,105.1036,22.2649,170
494,263.7976,44318,128.7375,361,128.79,105.0872,21.7028,168
495,262.7143,44136,131.325,345,129.16,105.2408,22.1473,168
496,260.8538,44606,130.9625,359,130.15,105.2462,21.6073,171
497,257.2126,44755,132.2875,361,129.7,104.9677,22.463,174
498,260.0296,43945,131.7,388,129.85,104.9345,22.0972,169
499,259.7083,43631,129.15,347,129.08,104.9287,21.7104,168
500,259.506,43597,130.225,401,129.72,105.3913,21.7432,168
501,257.474,44543,130.8125,352,128.72,105.3097,21.9446,173
502,260.1488,43705,128.7,384,127.02,105.5955,21.8362,168
503,259.9422,44970,129,353,129.46,105.4882,21.4358,173
504,258.4345,43417,130.4875,363,131.1,105.9698,20.7828,168
505,261.3216,44686,131.5875,370,129.19,105.4849,21.1383,171
506,259.2147,45881,130.125,345,127.54,105.8248,21.3149,177
507,261.9186,45050,133.4875,373,128.68,105.61,21.3122,172
508,260.6221,44827,130.525,347,128.9,106.2719,21.5182,172
509,258.3412,43918,131.2,330,129.84,105.9385,20.5651,170
510,260.5266,44029,131.9375,350,129.89,105.933,21.1201,169
511,258.2529,43903,130.2375,375,130.07,106.2945,20.4651,170
512,259.6842,44406,129.9875,364,129.16,106.0347,20.8942,171
513,257.0444,46268,131.3625,359,130.49,106.3033,21.2769,180
514,262.1637,44830,132.2125,375,131.17,105.7735,20.2366,171
515,261.2335,43626,132.8,367,130.7,106.3272,20.8397,167
516,260.5027,47672,133.0625,363,130.51,106.078,20.3327,183
517,256.7966,45453,131.9,333,131.08,106.322,20.8941,177
518,259.1131,43531,132.3625,339,130.03,105.5749,20.7273,168
519,258.0402,44899,130.5,352,129.05,105.8717,21.124,174
520,250.0357,42006,133.35,314,132.06,109.5622,17.3981,168
521,251.7647,42800,133.5,309,130.22,108.4761,17.577,170
522,257.7381,43300,131.9375,341,129.29,105.9609,21.2521,168
523,255.931,44532,131.025,352,130.25,105.1652,21.1221,174
524,258.1716,43631,132.2375,325,130.4,105.0229,21.0483,169
525,257.477,44801,132.2375,341,130.37,105.8028,20.8065,174
526,256.3889,46150,131.3625,376,129.11,105.8775,21.6713,180
527,258.1882,43892,132.675,355,130.41,105.4213,20.8363,170
528,259.1893,43803,130.8,359,130.12,105.5664,21.5321,169
529,257.3892,47617,131.6875,359,129.98,105.6237,21.0765,185
530,257.7765,43822,130.7,360,130.34,105.0657,21.4021,170
531,254.5288,48615,131.225,363,131.31,105.5998,21.0764,191
532,256.3736,44609,131.2625,354,129.8,105.6523,20.9549,174
533,256.9419,44194,131.5125,363,130.8,105.5329,21.4349,172
534,259.3824,44095,130.3625,368,129.73,105.3594,21.7692,170
535,259.7101,43891,132.25,360,131.96,105.2261,21.3049,169
536,259.0178,43774,131.825,355,130.44,105.4338,21.513,169
537,257.8266,44604,133.7125,368,131.6,104.8993,22.3057,173
538,258.6213,43707,130.925,344,130.49,105.3474,20.9847,169
539,259.5,45153,132.2375,344,131.03,104.8492,21.9788,174
540,255.3202,45447,130.525,345,129.74,105.2552,21.6726,178
541,259.1235,44051,132.7625,359,130.91,105.1862,21.4723,170
542,256.6059,43623,132.2125,333,130.88,104.9945,22.1133,170
543,258.5517,44988,132.7375,352,129.55,104.7829,21.4767,174
544,259.0819,44303,132.325,332,129.6,104.6054,21.7308,171
545,255.9942,44031,132.25,340,130.82,105.3605,21.3857,172
546,257.7119,45615,130.4125,369,131.14,105.0038,21.8483,177
547,258.494,43427,131.9125,380,130.25,104.8167,22.0365,168
548,257.9602,45401,131.2625,354,131.47,105.1403,21.1609,176
549,258.0581,44386,131.9125,335,130.24,104.7238,21.8169,172
550,254.6648,45585,131.0125,374,129.76,104.9428,22.0151,179
551,258.7588,43989,131.1875,354,130.3,105.1831,21.6167,170
552,257.4706,43770,130.8,395,130.1,104.5543,22.7173,170
553,257.6529,43801,130.8625,345,128.84,105.4032,22.108,170
554,256.7485,42877,132.25,341,131.54,105.0813,21.4511,167
555,259.3234,43307,131.8375,356,132.46,105.0952,21.9238,167
556,257.631,43282,129.925,354,130.34,105.1338,22.0417,168
557,257.1029,44993,131.6875,355,130.67,105.2263,21.6297,175
558,255.4682,44196,131.7375,345,130.46,105.3983,21.9868,173
559,257.0059,43434,131.625,361,130.4,104.8612,21.2691,169
560,259.8383,43393,130.7375,378,129.92,104.9663,21.1528,167
561,258.0988,44393,132.275,352,130,105.2833,21.7559,172
562,257.2202,43213,132.6375,336,130.58,104.3574,22.0901,168
563,256.9535,44196,133.2375,352,130.13,104.6632,22.0186,172
564,254.3539,45275,133.175,389,130.68,104.684,22.3218,178
565,256.1548,43034,131.725,368,130.6,104.5214,22.1359,168
566,257.9286,43332,132.6125,354,130.9,104.9716,21.3379,168
567,256.0294,43525,132.125,342,132.31,104.8686,21.7674,170
568,255.9532,43768,130.0375,334,129.45,105.1432,22.2011,171
569,256.7719,43908,130.8375,371,129.58,104.46,22.067,171
570,255.314,43914,130.3625,364,130.08,105.3755,21.316,172
571,252.1457,50177,132.0125,350,131.54,105.8765,20.9648,199
572,258.6588,43972,130.5375,355,130.33,105.2864,22.2461,170
573,253.7029,44398,131.4875,379,131.51,104.9256,21.9682,175
574,255.5238,42928,131.075,370,132.15,104.6021,22.4303,168
575,257.0417,43183,130.8875,372,130.33,105.0858,21.3208,168
576,257.1744,44234,131.8625,363,130.61,104.7879,21.8616,172
577,256.0824,43534,132.05,387,131.71,104.9239,21.8121,170
578,258.9882,43769,131.3,347,130.2,105.4098,21.4225,169
579,255.4762,42920,132.375,359,131.03,104.2047,21.7402,168
580,253.6982,42875,131.4125,339,130.75,104.7721,22.8526,169
581,256.0468,43784,130.8375,386,129.72,104.6796,22.2488,171
582,255.8457,44773,132.1375,352,129.72,104.3456,22.2349,175
583,257.7456,43559,131.6,343,132.31,105.4669,22.01,169
584,257.2874,42967,132.0125,354,130.5,105.1436,22.2341,167
585,256.5674,45669,131.8625,353,129.29,105.2448,22.1152,178
586,256.3693,45121,131.2,374,130.97,105.5893,21.8916,176
587,257.7953,44083,132.7,340,130.91,104.512,22.0476,171
588,254.9364,44104,132.4875,337,132.22,104.805,21.9255,173
589,254.5795,44806,132.175,348,131.44,104.9388,22.3698,176
590,255.2597,46202,131.5625,342,130.87,105.7627,21.3738,181
591,256.0118,43522,131.975,355,130.37,104.6516,22.5831,170
592,256.1977,45347,129.575,338,130.41,104.9122,21.7018,177
593,255.0412,43357,131,360,130.93,104.7357,22.3971,170
594,255.7976,42974,131.7875,360,131.06,105.3548,21.3992,168
595,256.3237,44344,131.2875,354,130.01,105.3837,21.8783,173
596,256.3626,43838,133.5375,352,131.1,105.2118,22.0193,171
597,254.6,44555,130.5125,390,129.32,105.2979,21.577,175
598,254.8743,42564,131.925,337,130.45,104.6957,23.0488,167
599,253.3693,44593,131.8125,329,129.85,105.2092,22.3669,176
600,251.6552,43788,130.35,361,129.41,105.2572,21.9489,174
601,256.3571,43068,132.6,327,130.43,104.7259,22.4444,168
602,256.5449,42843,130.0125,377,128.08,105.7302,22.7122,167
603,256.7083,43127,131.7375,357,130.18,105.0932,22.5703,168
604,256.2096,42787,130.375,349,128.39,104.9648,22.233,167
605,256.3413,42809,131.25,379,129.36,105.4436,22.2714,167
606,251.599,48307,130.6875,348,130.16,106.0781,22.0071,192
607,258.0595,43354,128.55,357,127.83,105.4121,21.6563,168
608,256.355,43324,131.875,356,129.31,105.9565,21.1587,169
609,254.5116,43776,131.1625,355,130.31,105.5797,22.1962,172
610,255.5238,42928,131.625,329,129.71,105.5572,22.1311,168
611,256.193,43809,130.5,355,130.9,106.2057,21.932,171
612,257.494,43259,131.9125,362,130.28,105.5366,22.1647,168
613,251.4233,47519,130.0875,330,129.98,106.0207,21.7154,189
614,257.2096,42954,131.4375,329,130.02,105.733,22.3503,167
615,256.4451,44365,133.8625,349,129.8,105.7089,22.8324,173
616,253.4294,43083,129.9,336,129.72,105.7384,21.952,170
617,252.7068,48267,130.95,345,129.48,106.312,21.5061,191
618,254.8663,43837,129.85,369,130.08,105.3388,22.8663,172
619,254.976,42581,129.175,366,129.77,105.9778,22.6063,167
620,256.5471,43613,132.0625,339,128.72,106.1495,22.2836,170
621,257.5689,43014,131.925,348,129.54,105.4559,22.3202,167
622,256.3473,42810,130.7125,346,128.66,105.404,22.2573,167
623,253.9253,44183,131.7625,371,130.54,106.1255,21.8759,174
624,255.6746,43209,133.55,334,129.54,106.4798,20.9834,169
625,254.9186,43846,131.025,343,129.2,105.2138,21.9823,172
626,252.1131,42355,130.0625,308,127.58,105.5164,22.6358,168
627,255.9709,44027,132.6,339,130.72,106.0424,21.9785,172
628,254.5862,44298,131.775,360,130.32,105.699,22.0033,174
629,254.343,43747,130.5375,354,130.79,105.762,21.4487,172
630,255.0465,43868,130.4125,359,129.89,105.592,22.6936,172
631,255.2712,45183,130.7375,365,130.78,105.3211,22.8828,177
632,254.1345,43457,131.425,338,131.28,105.8673,22.5912,171
633,252.5606,50007,131.875,329,129.6,107.3065,20.8241,198
634,258.2874,43134,133.55,356,130.89,105.7979,21.3472,167
635,253.9944,45465,130.7625,366,129.78,105.7755,22.3698,179
636,255.0294,43355,131.0625,319,129.33,105.5244,22.2794,170
637,253.2961,45340,130.025,348,128.38,106.5418,21.5122,179
638,253.2686,44322,130.775,363,128.52,106.1274,22.6478,175
639,256.5838,44389,132.675,367,129.5,105.4062,22.4387,173
640,254.9653,44109,131.9125,329,130.75,106.6726,21.8446,173
641,252.7235,42963,129.2875,351,128,105.8444,22.421,170
642,257.3393,43233,131.1125,358,129.86,107.0551,21.4536,168
643,253.4821,49429,131.1625,337,129.58,107.3878,21.7618,195
644,252.1979,47161,132.2375,348,129.05,106.468,22.1699,187
645,255.2412,43391,131,391,128.57,105.6256,22.0321,170
646,253.3898,44850,131.8625,348,128.98,105.9263,22.3231,177
647,254.2733,43735,131.8375,336,129.24,106.591,21.3878,172
648,254.3593,42478,132.4125,365,129.14,105.945,22.3463,167
649,256.1462,43801,131.4,340,130.27,106.259,21.8072,171
650,255.375,42903,131.4625,385,128.8,106.5045,21.2543,168
651,250.9286,42156,132.1625,345,128.96,106.1663,21.9442,168
652,253.1796,42281,130.475,318,129.68,106.2396,21.9065,167
653,254.7882,43314,131.875,356,128.47,107.5386,21.5361,170
654,254.6467,42526,130.9375,350,127.53,106.7419,21.6374,167
655,253.7654,45424,130.4625,336,129.86,107.1256,21.1945,179
656,252.8161,43990,129.3,330,128.68,107.0455,21.4031,174
657,254.2733,43735,130.6625,324,128.84,105.9286,22.1822,172
658,253.7485,42376,131.5875,336,129.35,106.6532,22.3051,167
659,254.2012,42960,131.0875,329,130.05,106.9598,21.4792,169
660,256.4104,44359,128.7375,335,127.94,106.7563,21.6063,173
661,253.3056,45595,129.9625,340,128.66,107.2981,21.7054,180
662,253.8895,45954,131.8125,328,130.02,107.2984,21.3869,181
663,252.8514,44249,132.3,366,129.53,106.4618,22.0592,175
664,254.5389,42508,129.8,354,129.32,106.2561,21.6455,167
665,252.6865,46747,131.775,322,127.87,106.7048,21.7024,185
666,254.5988,43791,129.8125,359,130.23,106.9464,22.0974,172
667,252.7105,48015,130.65,332,128.95,107.3545,20.9741,190
668,251.3581,54042,131.7375,335,130.05,108.3922,20.1705,215
669,253.814,43656,129.25,330,128.77,107.2114,21.0026,172
670,253.2515,42293,131.975,353,128.84,106.5445,21.6568,167
671,252.7976,42470,131.6625,327,129.57,106.8412,21.9893,168
672,252.7251,43216,130.6375,336,128.15,107.3399,21.1981,171
673,253.1591,44556,131.05,308,128.91,107.1455,22.0671,176
674,251.5629,42011,131.3125,327,129.4,106.1484,22.0945,167
675,254.7184,44321,131.425,373,128.47,107.0388,21.2966,174
676,253.2073,48869,132.075,350,130.37,108.1892,20.2108,193
677,256.0291,44037,133.4875,362,130.72,106.4963,21.8721,172
678,252.6105,43449,131.3875,332,128.1,107.0774,21.2401,172
679,254.2619,42716,130.1,349,128.67,106.9845,21.8416,168
680,255.5476,42932,130.3625,334,129.65,106.3934,21.8864,168
681,252.8095,42472,131.1375,328,130.14,106.6231,21.573,168
682,255.4138,44442,130.1875,323,127.81,106.1426,21.9514,174
683,256.4731,42831,132.1375,321,129.21,106.9157,21.9996,167
684,255.8036,42975,129.3125,341,128.08,106.7516,22.0723,168
685,252.244,42377,131.1625,321,128.81,106.6809,22.1677,168
686,253.7765,43142,130.575,336,127.63,106.3895,21.4124,170
687,251.6919,46563,131.275,349,127.89,107.1538,21.1026,185
688,252.8101,45253,131.3875,315,128.97,106.9474,21.1891,179
689,256.1667,43036,133.375,319,131.31,106.8421,21.6728,168
690,254.625,42777,130.7875,312,129.33,106.9744,21.1002,168
691,254.4226,42743,130.6625,342,128.19,105.9213,21.7355,168
692,255.3801,43670,130.3625,323,128.05,107.6163,21.3461,171
693,252.3,45414,132.825,321,128.58,107.6736,19.7529,180
694,254.0585,43444,129.7125,356,128.57,106.8465,21.3698,171
695,252.8698,42735,130.6625,353,128.82,106.7372,20.7597,169
696,251.5864,48053,129.5375,337,129.07,107.5812,21.7628,191
697,255.491,42667,131.025,345,130.55,106.5703,22.2188,167
698,253.7386,44658,130.9375,321,127.55,106.9111,21.3939,176
699,256.6529,43631,131.0125,337,129.1,106.7287,20.5886,170
700,249.5076,49153,129.775,331,129.01,107.6058,20.2674,197
701,252.2807,43140,132.875,321,128.03,107.3118,20.3131,171
702,251.8514,44074,129.4625,325,128.44,106.7989,21.2819,175
703,252.3174,42137,129.975,336,128.48,106.3917,22.0128,167
704,251.8786,43575,133.15,347,130.34,106.854,20.7484,173
705,255.4556,43172,131.675,350,129.45,107.4692,21.4424,169
706,250.9829,43922,132.1875,331,127.44,106.2646,21.4079,175
707,255.5429,44720,130.3125,373,128.79,106.4217,20.8996,175
708,254.1111,43453,130.9125,318,129.92,107.0819,20.6477,171
709,253.6548,42614,131.0625,338,130,106.2113,20.4763,168
710,254.4024,42994,129.8375,330,128.63,106.363,21.3347,169
711,253.4327,43337,132.55,361,129.04,106.9052,21.2221,171
712,252.314,43398,130.85,331,129.2,107.1812,20.1865,172
713,253.1839,44054,131.8625,337,128.51,107.4716,20.0266,174
714,253.3772,42314,131.0125,311,129.43,105.8585,21.4328,167
715,254.8166,43064,130.8375,338,129.69,105.8652,21.8051,169
716,255.5056,45480,131.3625,336,130.44,106.6876,21.0755,178
717,252.4253,43922,130.75,379,129.42,107.1311,20.6539,174
718,254.7988,43061,129.8125,353,129.53,106.1781,20.7622,169
719,252.4375,44429,131.4875,351,130.4,106.8299,21.1951,176
720,256.1235,43541,130.25,348,129.86,106.683,21.1533,170
721,252.7018,43212,130.3875,391,129.01,106.6201,20.1758,171
722,252.4942,43429,130.825,327,130.07,105.8408,20.8422,172
723,254.213,42962,130.3125,347,127.87,106.3937,21.1991,169
724,255.1006,43112,131.9,335,130.61,106.4187,21.6018,169
725,252.5146,43180,132.15,355,130.39,106.7908,20.4071,171
726,254.4882,43263,130.85,331,129.66,107.2723,20.8113,170
727,253.0235,43014,133.325,336,129.12,106.1529,21.3493,170
728,253.6497,44896,131.5375,334,128.91,106.7477,20.4219,177
729,253.7066,42369,131.4,358,129.71,105.9576,21.2328,167
730,255.5941,43451,131.1625,333,129.08,105.9764,21.5595,170
731,255.7485,43733,131.15,347,130.87,106.1593,21.4695,171
732,250.8211,47656,129.05,326,128.25,106.9376,20.5644,190
733,252.6776,46240,132.6375,345,129.59,106.1781,21.5239,183
734,252.1916,42116,131.05,318,130.11,105.62,20.787,167
735,254.1726,42701,131.3125,336,129.4,105.4451,22.0049,168
736,253.071,46312,130.9875,340,129,106.3344,21.017,183
737,253.2632,43308,132.625,337,129.9,105.8247,22.1048,171
738,252.9645,42751,131.475,333,129.92,105.3733,21.9294,169
739,254.3593,42478,130.5375,319,131.88,105.8618,20.9074,167
740,252.6982,42706,131.05,333,129.59,105.7906,21.1037,169
741,255.0299,42590,131.8875,321,130.38,104.9311,21.7889,167
742,252.5393,44952,130.875,328,130.44,105.4101,22.0921,178
743,254.8636,44856,131.6875,341,129.53,104.7047,22.0605,176
744,253.462,43342,130.6375,360,129.71,104.9305,22.5773,171
745,255.1071,42858,132.4,354,130.12,105.1503,21.6675,168
746,254.5444,43018,130.8,344,130.42,105.1216,21.942,169
747,253.1989,45829,131.7875,337,131.4,105.3952,22.0375,181
748,255.0977,44387,129.6625,350,129.5,104.9286,22.2118,174
749,252.8242,46014,130.5625,323,129.75,104.214,23.1074,182
750,254.8663,43837,131.2875,370,129.05,104.5758,23.4285,172
751,253.2529,44066,129.8375,339,129.92,104.8952,22.4538,174
752,254.0898,42433,130.4625,348,130.4,104.7161,21.8512,167
753,254.4444,45800,130.7375,337,131.46,104.8258,23.3878,180
754,251.9884,43594,130.6875,340,130.49,104.9171,23.0703,173
755,253.4802,44866,130.65,347,129.86,105.7157,22.2328,177
756,253.4852,42839,131.625,327,129.64,104.9194,23.2626,169
757,255.0419,42592,130.8125,332,129.66,104.588,22.6912,167
758,254.3046,44249,131.55,394,129.06,104.717,22.5227,174
759,254.6168,42521,132.2625,318,129.54,104.7486,23.0536,167
760,253.0533,42766,131.725,322,129.3,104.2588,24.089,169
761,254.3214,42726,131.3625,353,129.06,104.7434,23.3333,168
762,252.4607,44938,130.0375,323,129.68,104.4802,22.7549,178
763,251.8167,45327,131.6625,370,130.32,104.4991,23.1361,180
764,253.8095,42640,131.1375,341,129.4,105.5007,22.2117,168
765,253.3486,44336,131.6875,342,130.16,105.0385,22.6222,175
766,253.0595,42514,132.3,326,131.13,104.8111,23.3138,168
767,252.6842,43209,131.025,314,129.46,104.4187,23.4508,171
768,252.2241,43887,129.625,324,128.86,104.6197,22.2856,174
769,252.5476,42428,129.9,361,128.47,104.4332,22.9312,168
770,253.2446,46597,132,334,130.89,104.528,22.2887,184
771,250.68,43869,129.6,341,129.87,103.9926,23.5597,175
772,252.1156,43616,132.325,313,131.05,105.0216,23.3654,173
773,252.8,42976,131.05,333,131.28,104.083,23.5735,170
774,252.2809,44906,130.3875,341,129.07,105.2966,22.8789,178
775,251.6568,42530,130.8625,308,128.92,103.698,23.4579,169
776,253.5819,44884,130.75,313,129.56,104.4558,23.4004,177
777,251.4919,46526,132.875,321,131.46,105.5371,23.2221,185
778,253.4311,42323,131.35,347,130.03,104.9549,22.1477,167
779,252.2818,45663,130.0625,325,131,105.3544,22.0684,181
780,251.6331,42526,132.225,343,128.37,104.4976,23.6208,169
781,250.2934,41799,129.5,337,128.67,104.7302,23.221,167
782,251.9392,45601,129.225,316,128.25,104.7601,23.9214,181
783,252.2768,44653,129.8625,341,128.41,104.5412,23.1901,177
784,251.5706,42767,130.9875,334,129.59,104.0265,22.9873,170
785,252.9368,44011,130.925,320,128.84,104.9993,22.8057,174
786,250.6954,43621,131.35,345,130.2,105.8815,22.1419,174
787,252.2326,43384,131.225,322,130.72,105.042,22.6669,172
788,253.1047,43534,130.6375,348,128.37,104.8899,22.4288,172
789,254.8966,44352,131.9875,349,131.47,104.2441,23.2506,174
790,253.0543,46562,131.1375,345,129.56,104.8097,21.9736,184
791,252.6965,50792,131.05,346,131.56,105.8028,22.6042,201
792,253.0237,42761,130.7875,319,129.45,105.5348,22.531,169
793,250.8066,45396,131.45,347,130.98,104.5614,23.0902,181
794,251.875,44330,132.0125,330,129.67,104.1311,23.0956,176
795,251.1371,43949,130.2375,330,128.49,104.0297,24.0359,175
796,253.4386,43338,132.1375,325,130.85,104.8125,23.1146,171
797,251.5,42755,131.575,312,129.83,104.9653,22.1104,170
798,249.5889,44926,131.45,326,129.6,104.6629,22.1956,180
799,246.832,61708,130.9625,331,129.45,105.8135,21.6797,250
800,252.4186,43416,129.825,322,129.23,103.76,23.6636,172
801,252.012,42086,131.275,311,130.32,103.7349,23.5802,167
802,252.6512,43456,131.475,350,130.11,104.7389,22.4475,172
803,251.1552,43701,131.4375,347,130.14,103.6055,24.0758,174
804,252.3274,42391,130.4125,337,129.9,103.4467,23.4988,168
805,252.9773,44524,131.4875,359,131.36,104.7825,22.489,176
806,250.7446,46137,130.675,331,129.88,104.085,22.5788,184
807,250.6872,44873,130.9375,330,131.33,104.3648,22.7632,179
808,252.7844,42215,130.6,317,128.9,104.1411,22.9057,167
809,252.3815,43662,132.125,325,129.46,103.6415,23.7291,173
810,251.1111,42940,133.0875,315,130.75,104.7858,22.8293,171
811,254.5789,43533,131.95,330,130.85,104.2592,22.416,171
812,253.0718,45806,131.7625,354,130.51,105.0679,21.9926,181
813,252.7941,42975,132.675,316,131.01,103.1647,23.5149,170
814,251.763,43555,130.7375,346,130.22,104.3773,22.9588,173
815,254.0178,42929,132.9875,343,131.45,104.8854,22.1076,169
816,251.5402,43768,129.4375,345,129.05,103.4818,22.8389,174
817,254.0925,43958,131.7625,348,130.13,103.2326,23.2871,173
818,250.3293,41805,131.875,303,129.6,103.8582,22.8637,167
819,251.0178,42422,130.7125,319,130.9,103.4362,23.4031,169
820,253.5294,43100,130.1125,337,130.17,103.206,23.6857,170
821,251.0592,42429,132.9125,343,130.38,102.9686,22.5306,169
822,251.2857,45734,133.5875,342,132.42,103.9982,22.5972,182
823,252.5376,43689,132.625,326,130.91,104.0857,22.4422,173
824,252.9831,45031,131.4625,356,130.71,104.7325,22.2542,178
825,252.4882,42923,131.675,313,130.61,103.8796,22.5283,170
826,251.1429,42192,132.2375,315,130.61,103.5153,22.7479,168
827,251.1012,42185,129.375,305,128.52,103.3076,23.0594,168
828,251.2541,45477,131.3625,305,131.13,104.2354,21.7793,181
829,251.3391,43733,131.0875,329,129.72,103.6317,22.6374,174
830,252.6047,43448,130.4,339,129.61,103.9353,22.8056,172
831,252.5353,42931,131.4875,332,132.29,103.6304,22.9345,170
832,247.9105,47103,131.475,335,130,104.3412,22.8725,190
833,253.9172,42912,132.625,319,130.68,103.1737,22.5836,169
834,248.7164,49992,131.875,322,130.47,104.4652,22.3467,201
835,252.9649,43257,130.075,307,129.97,103.3699,22.0158,171
836,248.5864,47480,130.0125,312,130.03,104.1344,23.4901,191
837,251.2093,43208,131.925,310,130.91,103.2351,22.068,172
838,253.1071,42522,132.725,332,131.39,103.6073,22.2242,168
839,252.0533,42597,130.0375,334,130.07,103.7761,22.3853,169
840,250.9181,42907,131.1,331,130.29,103.0639,24.1887,171
841,250.6765,42615,132.35,314,132.42,103.6488,22.9359,170
842,252.369,42398,131.4625,329,130.63,104.102,21.8991,168
843,253.1941,43043,130.5125,329,130.79,104.3081,21.8901,170
844,252.3713,42146,133.75,326,131.65,103.564,23.4736,167
845,251.2955,44228,130.675,318,131.03,103.8777,22.4934,176
846,250.7297,46385,130.475,315,130.8,105.7454,22.5225,185
847,251.0694,43435,129.9625,344,129.57,102.9509,23.0108,173
848,252.8571,42480,130.6,324,129.85,103.1111,22.9413,168
849,251.6168,42020,132.9875,320,133.15,104.0391,23.1521,167
850,251.5116,43260,132.0125,328,129.03,103.4694,23.0798,172
851,253.6864,42873,132.45,350,130.87,104.0503,22.4801,169
852,251.4765,42751,131.7875,328,132.13,103.6289,23.1913,170
853,251.9397,50136,132.75,314,131.32,104.7416,22.1552,199
854,251.4524,42244,130.2875,316,130.78,103.4564,23.2499,168
855,253.858,42902,132.1625,322,133.45,102.7973,23.2744,169
856,252.657,43457,132.7375,320,132.76,103.4622,22.4574,172
857,251.4118,42740,131.7125,332,131.68,103.7171,21.8571,170
858,254.0882,43195,131.325,317,130.09,103.3839,22.9909,170
859,252.843,43489,131.3,332,131.05,103.1894,22.8138,172
860,254.2308,42965,129.6125,317,129.5,103.1006,23.623,169
861,252.5269,42172,131.1125,319,131.15,103.5036,22.429,167
862,251.933,45096,131.9125,306,131.75,103.9848,22.1632,179
863,250.4524,42076,129.775,314,129.4,102.4919,23.4404,168
864,249.4971,42664,131.3375,314,131.06,103.437,23.1148,171
865,252.1198,42104,132.225,306,131.62,103.5869,22.7169,167
866,250.0212,47254,132.0375,305,130.5,104.8123,21.2984,189
867,250.509,41835,131.5875,326,130.88,102.9308,22.4004,167
868,253.8047,42893,131.275,304,130.63,102.8836,23.3859,169
869,251.9112,42573,130.7625,335,130.72,103.3421,22.8998,169
870,252.8214,42474,131.4875,336,131.06,102.9131,23.1081,168
871,250.2978,44553,132.7625,317,131.37,103.3767,22.8224,178
872,251.9943,43847,132.8875,331,131.66,102.7083,23.5791,174
873,254.5176,43268,130.875,309,129.09,102.8642,22.842,170
874,254.8563,42561,131.9375,322,129.95,103.4893,22.7599,167
875,250.9494,44669,131.65,314,130.17,103.423,23.6296,178
876,253,42757,134.8875,342,132.94,102.4452,23.1473,169
877,254.1018,42435,132.6625,315,130.83,103.9237,22.1259,167
878,253.6193,44637,132.7625,319,129.59,104.3718,21.4059,176
879,251.4253,43748,131,327,131.36,104.0596,22.5352,174
880,250.875,42147,132.3875,319,130.26,103.459,22.8771,168
881,252.2184,43886,132.725,307,131.7,103.5074,23.2075,174
882,252.8497,43743,132.2375,309,130.46,103.1499,22.8698,173
883,250.7706,42631,132.6625,310,132.27,102.4492,23.6629,170
884,251.8034,44821,131.8,304,131.33,103.0378,22.8976,178
885,253.0335,45293,130.1875,319,130.33,103.8645,21.346,179
886,253.3118,47116,132.575,310,131.25,103.9624,22.1661,186
887,251.6931,47570,130.75,336,130.21,103.598,22.0753,189
888,250.9941,42669,130.5125,300,130.28,103.9927,22.2634,170
889,251.5614,43017,130.8,321,129.97,103.3418,22.2337,171
890,251.9266,44591,130.9375,329,130.64,103.2554,23.2879,177
891,250.3132,45557,129.525,298,130.7,104.5084,22.1598,182
892,254.0893,42687,132.7625,326,131.14,103.0263,22.3883,168
893,253.2294,43049,130.7875,324,131.28,104.0768,22.2562,170
894,251.7278,45311,131.35,299,130.66,105.1858,21.2205,180
895,249.9219,47985,132.6375,297,130.09,105.6087,20.8598,192
896,251.7602,43051,132.5625,332,130.52,103.7503,22.76,171
897,250.4529,42577,131.4375,298,132.4,102.7458,23.1022,170
898,252.4497,42664,131.0375,311,130.68,102.9037,22.9527,169
899,251.8862,42065,130.3625,332,129.97,103.5739,22.8143,167
900,251.237,43464,132.8375,306,130.4,102.9387,23.3955,173
901,251.8187,43061,131.2875,308,128.97,103.4539,22.8889,171
902,254.5444,43018,130.625,345,129.47,104.0682,22.9779,169
903,250.0686,51014,132.3375,313,129.99,105.2332,21.6605,204
904,248.3407,45198,132.4375,312,130.36,105.2411,20.9091,182
905,247.8317,50062,133.7125,305,130.31,105.2432,20.7873,202
906,253.4371,42324,132.5625,289,130.89,104.1092,21.6526,167
907,250.2717,46050,131.95,325,130.61,104.6225,21.7465,184
908,249.973,46245,131.95,319,130.63,103.6342,23.1377,185
909,251.6207,43782,132.3875,313,130.64,104.1148,22.2329,174
910,248.2344,47661,130.85,310,131.3,104.5882,22.3555,192
911,253.7443,44659,131.2125,319,130.94,103.7306,23.0543,176
912,250.9298,42909,131.525,306,130.93,104.2801,22.3851,171
913,251.5491,43518,130.55,320,129.37,105.4515,21.8246,173
914,250.3801,42815,132.45,337,130.1,104.1858,22.1021,171
915,251.8876,44836,131.375,312,130.85,103.9002,22.5487,178
916,250.6588,42612,130.4,322,131.66,104.1405,22.003,170
917,252.3373,42645,132,297,130.5,103.9619,22.1634,169
918,252.3846,42653,132.6625,306,129.97,104.4759,22.0661,169
919,252.7225,43721,131.725,323,130.73,104.8394,22.2917,173
920,250.1932,44034,130.725,313,128.91,104.3195,22.149,176
921,250.314,43054,129.7375,320,131.29,104.6312,22.1665,172
922,250.0506,44509,130.6125,300,129.38,105.1394,21.4127,178
923,250.6854,44622,131.3125,321,128.91,104.7763,21.0937,178
924,249.6872,44694,130.3375,324,128.91,105.477,20.9335,179
925,250.4035,42819,131.4,308,129.22,105.3583,21.5385,171
926,250.2024,42034,132.3125,302,130.04,105.0891,20.9458,168
927,251.3511,47254,130.025,321,129.94,105.0284,21.0298,188
928,251.4157,44752,129.85,318,130.27,104.8352,21.6357,178
929,250.5977,43604,130.9625,316,129.51,104.9696,22.4296,174
930,251.5145,43512,130.7375,338,128.54,105.2664,21.1181,173
931,250.6746,42364,129.35,301,131.56,104.713,21.71,169
932,250.5896,43352,131.5125,309,130.39,105.081,20.8908,173
933,248.5119,41750,130.5,310,129.79,104.0955,21.622,168
934,248.1453,44418,130.375,304,128.97,104.3737,22.6124,179
935,249.3296,44630,130.9125,307,128.69,104.5865,22.5505,179
936,252.5868,42182,133.3875,325,131.14,104.5027,21.4046,167
937,250.7076,42871,130.0375,315,129.35,105.0725,21.0355,171
938,251.0824,42684,130.3125,327,129.67,105.9306,21.7938,170
939,249.1834,42112,131.75,312,128.91,104.3467,22.5704,169
940,248.3895,42723,130.3375,312,129.3,104.3172,22.2204,172
941,248.6141,45745,130.2875,308,129.1,105.1945,22.1662,184
942,249.0452,44081,131.025,305,130.73,105.297,21.2677,177
943,249.1706,42359,130.4125,304,128.45,105.3472,20.8095,170
944,250.2599,44296,131.425,306,128.62,105.48,21.3281,177
945,248.4719,44228,130.8875,305,129.09,104.7006,22.5722,178
946,248.8547,42803,132.0875,298,130.17,104.5551,21.1477,172
947,248.5322,42499,129.25,306,128.27,104.6237,21.0009,171
948,250.4438,42325,130.6,297,131.24,105.5341,20.679,169
949,250.9647,42664,131.1375,319,128.89,104.289,22.4549,170
950,249.7018,42699,130.75,313,129.43,104.292,21.4444,171
951,250.8471,42644,130.0125,313,129.21,106.0865,21.4413,170
952,250.625,48120,131.0625,298,128.51,106.3489,20.155,192
953,248.2965,42707,130.3,317,131.04,104.9794,20.3828,172
954,250.9524,42160,130.875,305,131.38,104.5377,22.2447,168
955,250.4024,42318,129.55,296,128.87,104.0405,22.2431,169
956,247.5567,48026,130.325,299,129.67,105.7007,21.3843,194
957,250.7941,42635,131.925,314,131.1,105.0192,21.3839,170
958,249.3768,51621,130.9125,332,128.46,106.0516,21.0219,207
959,250.3721,43064,133.4625,323,131.41,104.7085,21.8885,172
960,248.8024,41550,132.0625,320,131.25,105.5125,21.8364,167
961,250.3533,41809,130.6625,295,129.24,104.9271,20.8034,167
962,250.375,44066,131.1625,305,129.37,105.814,20.7748,176
963,249.6243,47179,130.5,319,130.67,106.5294,20.5666,189
964,248.8994,42064,131.7125,298,130.52,104.8855,22.1629,169
965,250.7471,43630,129.5625,324,129.74,104.1281,21.865,174
966,249.1278,44843,130.4125,299,129.22,105.4259,20.5091,180
967,249.2807,42627,131.9125,326,131.7,104.5179,21.1886,171
968,249.7619,41960,129.5375,315,129.28,103.8055,21.9362,168
969,251.0747,43687,131,313,130.66,104.9004,21.6133,174
970,247.0441,50397,131.3375,316,128.88,106.169,20.2041,204
971,251.1551,46966,131.2875,302,130.8,106.9569,21.0987,187
972,249.3663,42891,131.75,305,130.95,105.6806,20.2557,172
973,248.4277,42978,131.5875,300,130.71,104.7174,21.6768,173
974,251.1557,41943,130.425,301,129.28,104.6356,21.2005,167
975,247.0471,47186,130.125,296,129.32,104.5902,20.8379,191
976,250.9887,44425,130.775,306,129.17,105.1744,20.5325,177
977,248.6936,43024,130.925,304,130.4,104.4487,21.9088,173
978,247.4023,43048,130.7125,321,131.16,105.5529,20.3668,174
979,248.9747,49297,132.2125,316,130.31,105.7365,20.0812,198
980,249.2308,42120,131.0125,292,130.34,104.0835,21.6711,169
981,250.385,46822,132.175,338,131.74,104.5322,21.975,187
982,249.4229,50134,129.175,319,128.45,105.4163,21.1202,201
983,250.5474,47604,128.6625,315,129.83,106.2254,20.3089,190
984,252.494,42419,130.3125,302,129.17,105.0689,20.7285,168
985,250.2924,42800,131.125,312,129.67,105.0334,20.146,171
986,252.0632,43859,130.075,316,130.84,105.6973,20.6866,174
987,251.4709,43253,130.0625,313,127.44,105.0921,20.625,172
988,250.0794,47265,130.425,318,128.83,105.5664,20.7294,189
989,250.6982,42368,130.5,311,130.76,105.1599,20.8747,169
990,252.1786,42366,130.7125,312,128.4,106.3215,21.9062,168
991,249.9457,45990,131.125,333,129.2,107.2331,19.9647,184
992,249.0495,45327,128.425,305,129.37,107.7943,20.0527,182
993,251.5118,42757,132.55,323,129.09,106.618,20.0696,170
994,247.7747,45095,129.25,309,128.3,105.9195,20.2674,182
995,248.5049,50695,131.35,311,129.73,107.174,19.9751,204
996,248.7225,43029,131.325,300,128.49,106.6208,20.1654,173
997,249.4253,43400,129.5375,298,131.07,105.8704,20.4706,174
998,247.4464,41571,128.725,285,127.71,106.4552,20.7883,168
999,249.0565,44083,129.575,303,128.63,107.5026,19.7754,177
1000,250.0608,45261,129.9625,293,128.35,106.9199,21.3523,181
1001,249.7158,47446,129.925,302,130.55,107.3674,21.1085,190
1002,248.4709,46961,131.8,340,127.44,107.6983,20.4102,189
1003,247.3,42041,131.675,298,128.66,106.6425,21.2175,170
1004,249.5176,42418,129.7,303,129.72,106.0186,20.8928,170
1005,250.117,42770,130.3875,306,129.57,107.09,21.2935,171
1006,248.7829,43537,131.825,314,128.42,106.6575,20.9282,175
1007,244.0686,42712,129,292,127.21,108.7825,16.7105,175
1008,245.3432,41463,128.175,297,128.42,109.8375,17.8857,169
1009,250.4379,42324,130.925,323,128.79,107.2287,19.3687,169
1010,249.3176,42384,130.9125,304,129.4,106.7543,20.0404,170
1011,248.526,42995,130.3875,302,127.1,106.0803,20.1556,173
1012,250.5714,42096,128.15,321,129.61,106.0891,20.3098,168
1013,248.8837,42808,130.2875,319,128.7,106.8265,19.8759,172
1014,249.407,42898,131.05,297,127.41,106.4361,18.7915,172
1015,250.117,42770,130.8625,311,128.03,106.4751,20.3958,171
1016,246.6559,45878,128.6125,313,128.48,107.5453,19.7326,186
1017,248.7845,45030,129.7125,290,127.34,107.1374,19.6918,181
1018,248.0347,42910,129.275,314,127.6,106.674,19.5493,173
1019,248.8521,42056,128.775,297,128.13,106.2235,20.2423,169
1020,248.8118,42298,129.5,302,127.81,107.3507,20.1391,170
1021,248.4327,42482,131.225,301,128.63,106.568,20.0838,171
1022,250.267,44047,130.3125,319,128.42,105.9045,21.4886,176
1023,249.0056,44572,130.5625,294,128.51,107.2051,20.6466,179
1024,249.657,42941,131.3125,302,128.08,106.7503,19.3889,172
1025,248.375,41727,131.2375,302,129.35,106.1757,19.7842,168
1026,248.4293,49189,128.4875,323,128.57,106.5237,20.1075,198
1027,248.5367,43991,130.225,297,128.11,106.6114,20.2708,177
1028,248.1676,45911,129.9875,300,129.18,107.3861,19.6165,185
1029,250.0647,42511,131.0875,332,127.4,108.0038,18.7602,170
1030,250.2235,44790,132.55,295,129.25,108.1499,18.5717,179
1031,243.8631,40969,131.2875,290,128.74,110.5434,16.4408,168
1032,243.6236,43365,130.7632,296,127.52,110.0362,17.3013,178
1033,247.6133,44818,131.6875,295,127.5,106.589,20.2235,181
1034,249.1243,42102,131.5,297,129.46,106.7766,20.4696,169
1035,249.0349,42834,132.2375,304,129.55,106.7662,19.6949,172
1036,248.3736,43217,129.8125,296,128.4,107.1939,19.7751,174
1037,247.3503,43781,130.2375,321,127.35,107.8837,19.3465,177
1038,248.6786,41778,130.025,292,128.18,107.8153,19.6326,168
1039,250.731,42875,130.2375,305,129.95,107.6717,19.8835,171
1040,251.9643,42330,129.7125,311,129.81,106.6945,19.5075,168
1041,246.7574,41702,131.2375,304,129.31,106.3734,20.3433,169
1042,249.2754,41629,131.35,305,128.51,106.6699,20.9956,167
1043,248.6347,41522,130.9125,309,128.89,106.6177,20.6834,167
1044,250.4345,42073,129.5625,298,129.83,107.3493,19.3337,168
1045,247.6149,43085,131.425,301,129.11,107.0257,19.9115,174
1046,247.5118,42077,129.3125,298,127.69,107.6987,19.4748,170
1047,247.5407,42577,130.45,298,129.38,107.0383,20.1093,172
1048,246.2914,43101,129.3125,295,128.05,107.0335,20.5671,175
1049,245.7802,44732,130.525,303,128.1,108.3378,19.4916,182
1050,246.237,42599,130.2625,288,127.81,107.2148,20.5224,173
1051,245.5902,44943,130.525,305,129.12,108.1227,19.258,183
1052,247.191,44000,129.2,307,128.23,107.9066,19.6704,178
1053,246.7167,44409,131.3,308,127.16,108.2727,18.4654,180
1054,246.4302,44111,130.7875,296,129.7,108.0687,20.1966,179
1055,247.9777,44388,131.725,317,129.5,108.1877,19.8266,179
1056,248.3017,44446,130.8625,330,129.75,107.557,19.8995,179
1057,244.9651,42134,130.025,306,127.23,107.765,19.8627,172
1058,248.8571,41808,130.0625,290,128.56,107.8201,19.3787,168
1059,248.6071,41766,128.2625,315,128.58,107.1888,19.5267,168
1060,246.006,41083,130.2625,285,128.38,107.889,19.8905,167
1061,248.4491,41491,129.9875,309,126.81,107.8752,19.0589,167
1062,247.2096,41284,128.35,305,129.52,108.3908,20.4803,167
1063,248.4556,41989,129.5375,309,125.34,109.0683,19.231,169
1064,242.4873,57227,130.8375,289,126.46,109.5742,19.5371,236
1065,245.1737,46583,128.1,324,128.34,108.6084,19.966,190
1066,248.0828,41926,129.2875,326,127.8,107.8242,19.7159,169
1067,246.4839,45846,129.65,319,128.16,108.5545,20.3091,186
1068,246.0479,41090,129.9875,301,128.6,108.1477,19.4559,167
1069,245.8258,43757,131.45,301,128.02,109.9879,18.775,178
1070,244.4593,42047,128.575,325,128.06,108.6517,19.6614,172
1071,247.3099,42290,128.975,307,128.59,109.0851,19.111,171
1072,245.9884,42310,129.8125,315,128.11,109.5341,18.57,172
1073,246.2204,45797,129.0375,302,127.17,109.2452,19.2711,186
1074,245.5607,42482,129.7625,289,129.07,108.3992,19.7672,173
1075,247.3121,42785,128.7125,314,128,109.015,19.6165,173
1076,247.3571,41556,130.9,297,128.62,108.6276,18.9004,168
1077,247.2294,42029,130.1625,297,128.76,108.2723,19.382,170
1078,247.756,41623,129.85,305,127.63,108.2142,18.9728,168
1079,244.5896,42314,128.4875,304,127.45,108.4743,19.6746,173
1080,246.0862,42819,131.1,302,130.35,108.9582,19.061,174
1081,247.5714,41592,129.15,310,129.3,108.9075,18.9567,168
1082,245.3242,44649,128.25,299,128.72,109.0112,19.4393,182
1083,245.7297,45460,130.925,291,127.59,109.3876,19.3275,185
1084,245.456,47373,130.9125,311,127.19,110.0161,18.8981,193
1085,245.0273,44840,131.575,286,128.37,109.1007,19.899,183
1086,243.1647,41338,128.8625,301,128.57,108.0831,19.6733,170
1087,245.8988,41311,131.2125,296,127.23,108.9491,20.4079,168
1088,245.4821,41241,130.825,295,126.96,109.4857,18.1365,168
1089,245.5848,41995,130.7875,285,127.72,109.4388,20.0157,171
1090,243.9279,54152,129.8125,292,128.32,109.7568,18.9564,222
1091,245.2139,45855,130.9875,317,127.69,108.7351,19.5717,187
1092,244.0592,41246,130.7625,298,127.01,109.9427,18.8627,169
1093,244.936,42129,129.0375,297,127.77,110.1251,18.3916,172
1094,244,45872,130.975,304,128.44,110.6937,18.656,188
1095,246.355,41634,130.3,293,127.42,109.7673,18.3898,169
1096,244.3966,42525,128.8,286,127.45,109.2778,19.0287,174
1097,245.8278,44249,131.725,294,128.43,110.6136,18.6777,180
1098,245.8623,41059,131.1625,285,127.58,108.9709,18.2932,167
1099,244.4494,43512,130.025,296,126.57,110.0649,18.4176,178
1100,245.1,41667,130.0875,288,126.12,110.0965,19.1778,170
1101,246.5556,42161,130.25,298,128.41,109.7402,18.9923,171
1102,242.6514,42464,130.1,304,127.67,109.9359,18.7975,175
1103,245.7118,41771,129.9875,292,126.81,108.9613,19.5684,170
1104,244.4024,41304,129.7875,302,128.08,110.0852,18.1333,169
1105,242.9106,43481,129.925,296,127.81,109.0483,18.6479,179
1106,243.8757,41215,130.3875,285,127.5,109.675,19.2177,169
1107,245.8563,42779,131.8375,296,127.91,109.8495,17.8443,174
1108,244.3512,41051,128.925,289,127.11,109.3459,19.5587,168
1109,245.1149,42650,128.5875,293,127.4,109.7638,18.6554,174
1110,245.1272,42407,129.6625,290,126.64,108.9558,19.0115,173
1111,246.9591,42230,130.0875,303,128.04,110.4408,18.746,171
1112,247.2426,41784,127.8125,300,127.84,110.1961,18.8363,169
1113,245.474,42467,130.225,283,126.66,109.9009,19.0862,173
1114,245.8871,45735,129.4625,313,128.22,109.7975,18.3837,186
1115,245.4318,43196,129.7375,293,126.35,109.9258,18.6576,176
1116,247.4943,43064,130.825,303,127.59,109.0017,18.8237,174
1117,245.736,43741,129.2875,312,127.87,108.7283,19.4498,178
1118,247.8982,41399,129.3875,302,128.38,108.9081,19.4387,167
1119,244.6905,41108,129,305,127.83,108.9652,20.6323,168
1120,245.386,41961,129.2625,295,126.4,109.2377,19.7332,171
1121,246.6316,42174,128.4125,292,127.65,110.0292,19.0653,171
1122,245.538,45179,130.0375,303,127.65,108.7229,19.5461,184
1123,243.0398,42775,130.7875,306,127.61,107.9174,21.1,176
1124,245.1138,40934,129.5875,284,127.42,108.7098,19.9533,167
1125,245.5087,42473,130.35,290,128.15,108.5335,20.6113,173
1126,245.1564,43883,130.1625,315,127.66,107.849,19.7104,179
1127,247.1557,41275,130.4375,306,126.85,108.2412,21.3449,167
1128,246.0936,42082,131.625,288,127.15,108.6886,19.2272,171
1129,246.1758,44804,130.15,313,128.69,108.6782,20.1221,182
1130,246.7904,41214,131.1375,293,128.08,107.4523,20.975,167
1131,246.0994,42083,129.3125,292,129.02,108.1703,20.9558,171
1132,241.8249,52476,130.5,301,127.65,109.6389,20.7496,217
1133,245.2321,41199,130.0125,301,129.18,107.7445,20.736,168
1134,247.3713,41311,129.1,294,128.24,108.4097,21.183,167
1135,246.0178,41577,129.7375,297,129.27,107.193,21.5306,169
1136,244.9477,42131,132.0625,297,127.28,107.3315,22.5634,172
1137,245.3405,45388,130.1125,283,128.15,108.3976,21.4515,185
1138,247.4643,41574,130.4375,296,127.68,108.629,19.3706,168
1139,244.9532,41887,130.475,284,128.49,107.4461,21.0958,171
1140,245.3464,43917,130.4,297,126.94,107.0165,21.939,179
1141,247.6744,42600,128.2125,305,128.23,108.0529,20.711,172
1142,246.2529,41863,131.2625,285,128.02,107.7769,21.3377,170
1143,244.6829,50160,130.9125,290,126.83,108.3237,21.7072,205
1144,244.9467,41396,130.425,301,128.23,106.271,22.9398,169
1145,246.1813,42097,129.7875,290,128.97,106.9294,22.6448,171
1146,248.6,44748,129.35,309,126.71,108.342,20.7841,180
1147,243.3938,46975,130.6875,289,128.76,107.9612,20.9664,193
1148,246.4859,43628,130.325,309,127.93,107.3616,21.1243,177
1149,246.1989,43331,130.4125,294,128.09,107.6077,21.1446,176
1150,244.7798,41123,130.925,291,128.95,106.37,22.1048,168
1151,248.2126,43189,129.75,297,129.84,106.406,20.5326,174
1152,245.6181,48878,131.275,288,129.27,107.8062,20.6276,199
1153,245.7198,44721,130.9,318,128.67,107.7191,20.8145,182
1154,245.8136,43509,129.65,289,127.77,109.0434,19.5967,177
1155,244.1628,41996,129.5,300,127.77,109.3344,19.548,172
1156,246.3182,43352,129.3625,301,128.13,110.1797,20.3239,176
1157,246.2472,43832,132.2625,299,128.42,108.7152,19.9796,178
1158,247.2197,42769,130.2875,281,129.02,107.8451,21.0955,173
1159,245.76,43008,128.1625,291,128.42,106.6579,22.0568,175
1160,246.3041,42118,129.1375,312,128.29,106.9585,21.5398,171
1161,244.836,46274,130.225,284,128.65,107.4978,20.4721,189
1162,245.3483,43672,130.55,285,128.07,108.1161,21.1682,178
1163,246.5614,42162,130.625,286,128.5,105.7216,21.9344,171
1164,244.3155,41045,130.5125,295,129.12,105.7956,21.5554,168
1165,245.1946,45361,129.175,292,126.11,106.9086,22.1389,185
1166,246.4101,43861,131.6,297,127.25,106.9798,21.078,178
1167,246.7633,41703,129.2,306,128.21,106.8177,21.5484,169
1168,245.0909,48528,130.0125,298,127.96,107.3334,20.2893,198
1169,242.6589,51929,129.85,288,128.37,107.3383,20.227,214
1170,245.24,42917,131.8375,289,128.44,106.854,21.0163,175
1171,242.1598,59087,131.7875,292,129.56,107.3765,20.6448,244
1172,245.6294,41757,132,296,129.44,106.2127,21.7527,170
1173,243.3632,48916,130.3875,296,128.7,106.337,21.9136,201
1174,245.2191,43649,129.35,308,129.05,107.3126,20.6506,178
1175,245.5549,44691,131.7,288,128.61,108.6349,19.6617,182
1176,240.8246,54908,130.2375,297,129.23,108.9435,20.7305,228
1177,245.7381,41284,131.6875,296,129.04,106.0943,20.5682,168
1178,247.4419,42560,129.0625,318,128.67,106.3278,21.5445,172
1179,246.0462,42566,131.3125,296,128.89,105.187,21.9466,173
1180,246.105,44545,131.9875,286,130.33,105.5148,21.9447,181
1181,244.4949,48410,130.2375,305,127.84,106.0519,21.0079,198
1182,246.1953,41607,131.4,296,129.47,105.1686,21.8311,169
1183,247.6977,42604,129.8875,305,128.11,105.7151,21.7911,172
1184,245.8889,44260,130.6,287,129.64,106.5942,21.0437,180
1185,245.715,49143,131.875,301,129.45,106.906,21.392,200
1186,245.7941,41785,132.85,316,129.44,104.9721,22.5108,170
1187,243.7733,41929,130.8875,298,128.46,105.4918,21.4423,172
1188,249.1724,43356,130.8,292,129.58,105.5353,21.9306,174
1189,245.931,42792,130.775,303,129,105.7219,22.2164,174
1190,246.337,45326,131.4625,299,129.87,106.7769,20.2666,184
1191,243.9283,54396,129.925,292,131.61,107.4747,18.7592,223
1192,244.8869,41141,131.8125,286,128.82,108.7265,18.0027,168
1193,244.2686,42747,130.8375,285,129.64,107.3259,19.0486,175
1194,245.2595,45373,128.7125,300,128.45,106.4957,20.6347,185
1195,246.1497,41107,132.4875,308,129.68,106.4604,21.1289,167
1196,245.018,40918,132.275,293,130.48,104.7318,23.0571,167
1197,245.4551,43691,130.85,315,131.36,104.9222,22.8758,178
1198,246.645,41683,129.3875,307,129.27,105.0813,22.0175,169
1199,246.0097,50678,129.7375,292,128.43,106.3595,20.8067,206
1200,246.0354,48715,131.7,300,130.41,107.3613,21.2285,198
1201,247.1965,42765,131.5625,281,128.06,104.9385,21.9326,173
1202,246.0941,41836,130.7375,289,130.2,104.3357,22.5885,170
1203,244.5957,45984,130.45,295,128.77,105.3446,22.5541,188
1204,244.5981,51121,131.075,291,129.73,106.0631,21.6559,209
1205,245.8912,47457,132.725,295,130.67,106.631,20.9365,193
1206,247.3111,44516,130.3625,285,129.74,106.71,19.9492,180
1207,243.8778,53897,130.9375,301,129.75,107.6538,19.4631,221
1208,247.1503,42757,131.7125,305,128.42,108.0394,19.2048,173
1209,244.4192,40818,131.95,288,128.6,104.8778,21.4536,167
1210,246.2,41854,129.175,308,130.67,103.5465,23.5942,170
1211,245.8929,41310,130.9375,311,130.17,104.6631,21.6593,168
1212,247.4327,42311,132.425,292,130,105.0039,21.6814,171
1213,248.7018,42528,129.55,293,129.43,104.095,21.168,171
1214,245.3333,44160,131.325,299,129.63,104.9918,21.5372,180
1215,242.3884,54295,130.25,288,129.18,105.3503,21.6495,224
1216,245.4885,42715,132.1125,293,129.77,105.5205,20.7026,174
1217,247.9281,41404,131.7625,294,128.96,105.1053,21.1099,167
1218,246.0056,43543,131.8,280,130.59,104.4849,21.0246,177
1219,247.7006,41366,130.375,310,130.78,104.0362,22.3771,167
1220,245.2363,44633,131.3375,293,130.08,103.9495,21.7412,182
1221,245.8057,43016,132.1,285,130.73,104.5618,21.4682,175
1222,245.2655,43412,130.75,296,129.84,107.74,18.8236,177
1223,245.0536,41169,130.225,300,129.65,106.2743,19.6021,168
1224,246.3802,47305,130.4875,311,130.2,105.1658,20.3837,192
1225,245.2204,45611,131.275,294,129.49,105.2764,20.7116,186
1226,246.508,46097,131.85,288,132.22,105.7571,20.9284,187
1227,246.1913,45053,131.4625,284,129.58,105.1018,21.6451,183
1228,245.8421,42039,130.975,298,130.39,103.4368,21.4268,171
1229,244.8994,41388,130.4375,300,129.89,103.8234,21.0453,169
1230,247.105,44726,129.425,291,130.66,105.3574,22.0546,181
1231,246.3166,49017,134.0125,311,131.31,105.6781,20.4473,199
1232,248.2335,41455,131.6875,294,130.62,103.7252,21.4442,167
1233,245.3706,41713,131.7375,278,130.67,104.0701,22.518,170
1234,246.0756,42325,132.5,286,131.29,104.7379,20.8538,172
1235,245.6069,42490,131.7625,281,132.37,103.9682,20.4758,173
1236,246.5824,44878,130.975,283,129.35,105.5021,20.7519,182
1237,245.7365,41038,133.8875,316,131.28,103.3113,22.659,167
1238,248.0743,43413,130.925,292,131.02,103.2636,22.9394,175
1239,247.875,41643,130.15,290,130.97,104.9024,20.5965,168
1240,246.25,41370,130.475,284,128.97,105.8996,18.4589,168
1241,244.619,46233,132.95,279,132.26,106.9455,20.1497,189
1242,245.1706,41679,130.875,290,130.07,102.7475,22.4241,170
1243,245.0536,41169,131.375,305,130.91,101.8473,23.8436,168
1244,244.3503,43250,132.05,292,130.76,103.1845,23.3696,177
1245,245.185,49037,132.65,290,131.45,104.5856,20.7863,200
1246,246.233,43337,132.5125,287,130.74,104.6382,19.9951,176
1247,245.9595,42551,132.125,288,131.1,103.6133,21.894,173
1248,244.2837,50811,131.125,298,130.08,104.3026,21.0035,208
1249,245.6287,41020,131.675,289,130.37,102.6715,22.7163,167
1250,245.0978,45098,130.9125,292,130.49,103.1366,22.0934,184
1251,241.9144,53705,131.4625,299,131.54,105.0769,20.7682,222
1252,249.1469,44099,132.025,288,130.54,106.6122,19.7104,177
1253,244.6407,56512,133.25,296,129.96,107.7198,19.2605,231
1254,247.1337,42507,132.525,294,131.15,107.3855,19.5133,172
1255,244.3254,41291,133.075,311,129.91,104.0282,21.8168,169
1256,243.848,41698,131.4,294,129.01,103.1883,22.4768,171
1257,248.0904,43912,133.1,288,132.02,103.5377,20.9565,177
1258,246.3463,50501,131.6375,294,131.58,104.569,20.4533,205
1259,243.2227,53509,130.9375,277,132.01,106.1208,20.2223,220
1260,247.6301,42840,133.05,294,131.35,103.6413,21.066,173
1261,246.8295,43442,130.8125,297,129.78,103.5301,21.5027,176
1262,248.1317,41438,132.5875,280,131.67,104.4012,20.7877,167
1263,248.6272,42018,132.2625,294,130.57,105.4286,20.4151,169
1264,245.7759,42765,130.825,288,129.9,105.058,21.0736,174
1265,246.2738,41374,133.35,283,130.62,103.5695,22.4313,168
1266,247.5337,44061,131.2125,307,130.11,104.2074,21.8601,178
1267,244.8523,43094,131,295,131.05,102.9467,22.1593,176
1268,245.2914,42926,129.4375,293,130.29,103.2509,21.8272,175
1269,247.2191,44005,130.7375,279,129.75,104.0002,21.4331,178
1270,246.1982,53425,131.2375,289,130.44,105.5345,21.2068,217
1271,243.1124,41086,132.15,278,130.28,107.3396,16.5663,169
1272,241.4315,59875,132.6,304,130.74,110.2429,16.9549,248
1273,243.0488,49825,133.525,284,129.29,108.883,17.4811,205
1274,244.4277,42286,131.55,299,131.05,107.0226,19.3606,173
1275,249.5665,43175,133.75,289,129.44,105.5929,20.5642,173
1276,245.5104,47138,130.775,306,131.83,104.8352,21.0613,192
1277,246.5508,46105,129.7125,318,129.79,105.1076,21.3783,187
1278,247.9881,41662,132.5125,286,131.47,105.353,22.1321,168
1279,247.5941,42091,131.4125,292,130.19,105.132,21.6014,170
1280,249.2356,43367,132.15,308,131.66,104.674,20.3361,174
1281,245.1964,41193,128.7875,293,130.32,103.9575,22.107,168
1282,243.0138,52977,130.75,297,130.04,104.4044,21.2871,218
1283,245.8383,41055,129.8625,285,130.19,103.201,22.0161,167
1284,246.4118,41890,130.5875,283,129.36,104.4853,22.2821,170
1285,246.0611,44291,132.075,295,130.11,105.3159,21.2429,180
1286,247.7657,43359,132.1625,300,132.32,107.0553,19.3268,175
1287,243.7486,44606,131.5875,284,130.9,108.0256,19.0108,183
1288,245.092,42646,131.1125,313,128.96,106.4087,20.2858,174
1289,247.2618,47227,129.7125,297,130.84,105.1597,20.6219,191
1290,245.1257,40936,130.575,287,129.67,104.0825,19.9862,167
1291,246.9244,42471,130.85,300,129.96,105.2169,19.7937,172
1292,246.6882,41937,130.1375,290,129.89,106.1285,19.7919,170
1293,247.2747,45004,131.3375,289,131.72,106.4127,20.2562,182
1294,245.0659,40926,132.325,282,130.09,107.279,19.5414,167
1295,246.3136,41627,129.9375,281,131.63,108.9489,18.8197,169
1296,246.0059,41821,132.1125,283,129.77,107.2015,19.22,170
1297,243.9667,43914,131.6,291,129.35,105.4736,19.5701,180
1298,247.1471,42015,129.8,290,129.38,106.5418,19.7681,170
1299,245.1739,50751,132.2875,305,131.04,107.3305,20.7262,207
1300,247.8059,42127,133.3875,289,132.02,107.2095,20.52,170
1301,242.7512,52677,130.2375,279,128.35,107.1231,19.3619,217
1302,241.6335,53401,129.6875,280,129.01,108.4984,18.7056,221
1303,243.7217,51669,131.3875,316,129.27,109.2572,18.4964,212
1304,245.7976,41294,131.0875,286,129.93,108.288,19.0247,168
1305,243.3333,48910,130.8375,287,129.08,106.9781,19.0169,201
1306,241.4675,40808,131.7875,275,127.35,109.1698,17.7142,169
1307,242.8922,40563,131.2375,302,128.85,108.1387,18.5866,167
1308,239.6824,40746,130.2625,273,127.82,110.2906,16.0774,170
1309,242.9766,41549,129.7237,291,128.34,110.6819,16.4445,171
1310,242.8382,42011,130.0658,280,127.21,109.3853,18.2891,173
1311,240.1439,63398,129.625,286,126.45,108.8221,19.2899,264
1312,243.7471,42412,128.6375,294,129.24,108.6352,18.7349,174
1313,242.5961,49247,128.175,302,127.5,109.3482,19.1701,203
1314,243.0345,42288,130.65,285,128.03,108.175,19.1978,174
1315,245.0116,42142,131.0625,292,128.92,108.6226,19.5051,172
1316,241.8631,40633,130.0375,279,129.25,108.068,19.021,168
1317,242.9017,42022,129.175,290,128.32,109.4677,19.6646,173
1318,244.2011,42491,128.8625,286,127.38,109.7248,18.6796,174
1319,243.2781,41114,130.6125,281,128.72,109.2847,17.6427,169
1320,243.5329,40670,132.2625,288,128.3,108.9175,17.6947,167
1321,243.8547,43650,128.5875,302,128.95,109.5463,18.4193,179
1322,245.1964,41193,130.9875,294,129.73,109.2058,19.1092,168
1323,240.7304,49109,129.4,299,127.06,109.2863,19.272,204
1324,244.3473,40806,130.4125,294,128.15,109.4186,18.457,167
1325,240.326,43499,130.875,291,127.65,108.7742,19.8579,181
1326,240.6966,42844,130.15,289,127.76,107.8148,19.755,178
1327,237.8667,49952,130.7125,279,127.62,108.4168,18.7008,210
1328,240.6359,52218,130.3375,285,127.58,110.1417,18.2966,217
1329,242.1307,42615,131.275,285,128.15,109.722,18.645,176
1330,242.0174,41627,129.8375,280,127.21,108.7142,18.7287,172
1331,241.006,40489,129.7,278,126.04,109.6268,18.1239,168
1332,243.6514,42639,130.55,304,128.33,110.0851,19.3067,175
1333,240.381,45432,129.15,279,128.18,110.1204,19.0312,189
1334,239.9408,40550,131.1125,307,128.12,108.3902,18.1132,169
1335,238.1196,49767,130.3,284,128.11,110.3362,17.7246,209
1336,240,42000,128.9,277,127.44,109.6096,18.4223,175
1337,242.6527,40523,128.65,284,126.56,110.0707,17.3614,167
1338,240.3779,41345,131.6875,280,127.67,109.438,18.3618,172
1339,239.8563,40056,130.1625,291,127.51,109.5743,17.878,167
1340,237.3779,40829,129.4125,298,127.64,112.8508,14.4168,172
1341,237.1742,42217,129,289,128.45,111.908,15.6148,178
1342,240.5893,40419,129.2105,285,127.5,109.7092,18.5776,168
1343,240.9827,41690,130.4375,290,128.15,109.329,18.5035,173
1344,240.2514,43005,130.15,278,128.21,110.0413,17.7844,179
1345,241.4464,40563,128.775,302,127.31,110.7302,18.0131,168
1346,241.5829,42277,129.8625,289,127.6,109.256,17.8899,175
1347,239.0348,48046,130.25,290,128.05,110.3338,17.8561,201
1348,239.4341,43577,130.2125,295,127.28,110.5558,17.5768,182
1349,239.142,40415,128.15,283,128.57,110.1894,18.0146,169
1350,240.3371,42059,129.4125,296,127.86,110.2074,17.896,175
1351,240.0395,42487,129.5375,289,127.75,110.7531,16.6504,177
1352,239.2253,43539,128.5625,288,126.82,110.1842,18.0817,182
1353,239.4706,40710,128.5625,280,126.55,109.9507,17.3253,170
1354,237.8503,44478,130.225,278,125.97,110.6819,17.3852,187
1355,240.5402,41854,130.1,283,127.27,110.6553,18.2063,174
1356,237.7486,41606,129.0125,294,126.55,111.9276,16.7888,175
1357,237.0116,41003,130.775,285,127.13,111.4889,16.9359,173
1358,239.2611,43067,128.9625,288,127.55,110.9496,17.2842,180
1359,237.9706,40455,129.2125,273,126.58,111.1114,17.7585,170
1360,241.7857,40620,129.2875,313,126.72,110.6654,17.3967,168
1361,238.8817,40371,130.425,285,128.09,111.2146,16.7453,169
1362,239.929,40548,129.6375,274,128.15,111.6032,17.6715,169
1363,238.9529,40622,129.75,269,125.98,110.1444,17.0203,170
1364,238.7278,40345,129.1625,277,127.06,110.0541,18.2762,169
1365,237.5943,41579,129.0375,286,127.53,110.6707,18.1878,175
1366,240.4157,42794,130.3,284,127.49,110.2919,17.8444,178
1367,238.4821,40065,129.6125,286,127.71,110.3042,18.5628,168
1368,237.6056,42769,130.8375,284,126.78,111.7011,16.6769,180
1369,239.7965,41245,131.725,272,128.29,110.9702,16.3243,172
1370,237.2222,42700,128.4605,282,127.54,111.3673,17.4907,180
1371,240.1588,40827,128.55,283,127.52,111.0726,17.3617,170
1372,237.9942,40935,130.2875,274,127.44,111.5926,17.2203,172
1373,239.269,40915,128.5625,285,127.1,110.9479,17.6676,171
1374,238.7701,44650,127.95,295,126.88,111.6249,17.5767,187
1375,236.0547,47447,130.4625,289,127.59,111.2408,18.7248,201
1376,236.2912,43005,130.2875,280,127.94,111.8025,18.4075,182
1377,238.6879,41293,130.95,282,127.44,111.198,18.3511,173
1378,239.7545,40039,129.225,270,127.27,111.5108,17.1534,167
1379,239.8402,40533,129.3125,283,126.33,111.0582,17.8097,169
1380,239.2321,40191,128.5625,276,127.66,111.6214,17.2407,168
1381,237.6271,42060,129.0875,276,126.92,111.6321,17.627,177
1382,238.096,42143,130.45,278,127.06,111.716,17.2676,177
1383,238.8466,42037,130.0875,294,126.48,110.7986,17.9832,176
1384,239.883,41020,129.3,292,126.58,110.7483,17.424,171
1385,239.2156,39949,128.6125,289,127.77,110.8913,17.7976,167
1386,238.744,40109,128.025,281,127.1,111.2217,17.748,168
1387,239.7341,41474,129.2625,283,126.76,110.8845,17.4502,173
1388,240.4438,40635,130.7,279,126.44,111.9329,16.4968,169
1389,236.7988,40019,128.6316,282,127.24,111.1838,16.9594,169
1390,237.3089,45326,130.525,277,127.74,111.3426,17.9489,191
1391,238.0523,40945,129.6375,282,126.8,111.5406,16.7366,172
1392,237.8547,40911,130.675,272,128.11,112.0331,17.5839,172
1393,238.0402,41419,129.45,280,126.58,111.1559,16.8699,174
1394,237.1264,41260,129.0875,276,127.32,110.6554,17.615,174
1395,239.1965,41381,128.0625,276,127,111.925,17.9081,173
1396,240.006,40081,130.4,297,126.55,111.4604,17.3433,167
1397,238.9353,40619,131.325,295,128.87,110.6084,18.5256,170
1398,239,40869,130.525,283,127.69,110.9696,17.3677,171
1399,237.2575,39622,129.4125,284,128.17,111.519,17.605,167
1400,236.9243,43831,128.25,279,125.91,110.9467,17.3898,185
1401,239.6667,40264,129.7625,284,125.44,110.1608,18.0996,168
1402,237.724,45643,128.9125,286,128.23,111.7302,17.7773,192
1403,235.599,45235,129.8625,292,128.13,111.2827,16.809,192
1404,237.1018,39596,129.975,276,126.45,111.4548,16.5656,167
1405,238.4516,44352,131.3125,274,128.78,111.2223,17.1938,186
1406,237.1136,41732,128.5,287,127.79,110.9267,17.7667,176
1407,240.0468,41048,130.5375,306,127.86,111.8541,17.0728,171
1408,233.64,46728,129.2,278,127.99,111.946,17.492,200
1409,239.4489,42143,132.1125,287,125.87,111.431,17.861,176
1410,239.7267,41233,130.3,288,128.15,112.0506,17.7774,172
1411,238.3869,40049,130.9875,274,127.17,110.5339,17.6875,168
1412,237.152,40553,129.3125,281,126.79,112.1782,16.7203,171
1413,237.8824,40440,129.25,276,126.33,112.3812,16.9989,170
1414,235.1163,40440,129.8375,270,126.82,110.922,16.8873,172
1415,238.8333,40124,132.625,278,128.8,112.2452,17.3358,168
1416,238.408,41483,129.475,280,127.6,112.228,17.2304,174
1417,239.1943,41859,131.2625,286,127.41,111.4095,17.3621,175
1418,238.3846,40287,129.9,289,126.59,111.9721,17.1459,169
1419,236.8443,39553,128.85,279,127.05,112.0465,17.4121,167
1420,236.0647,40131,128.775,278,128,111.4312,17.3663,170
1421,238.2905,42654,129.5375,284,127.4,111.7958,17.5563,179
1422,237.9435,42116,130.7625,297,127.15,112.2769,17.3136,177
1423,235.5506,41928,128.825,287,126.26,111.1832,17.5584,178
1424,235.994,39411,127.425,288,125.68,111.8425,16.61,167
1425,236.7262,39770,129,271,125.94,112.9502,15.8211,168
1426,233.9167,39298,127.1711,274,125.75,112.7922,16.4937,168
1427,236.006,39413,130.1579,277,126.16,113.4221,16.5024,167
1428,232.7684,41200,129.9,277,126.51,113.744,16.5771,177
1429,235.3547,40481,129.725,292,127.11,113.8807,15.9718,172
1430,232.8681,42382,129.5526,282,125.96,112.9889,15.7926,182
1431,232.625,40942,131.1711,273,127.85,114.1124,15.5028,176
1432,232.6433,39782,129.3684,279,126.11,114.2957,15.5151,171
1433,231.1813,39532,128.6053,272,125.12,114.5546,15.4101,171
1434,232.8857,40755,129.25,285,126.39,114.6101,15.861,175
1435,232.9645,39371,128.25,276,126.6,114.7928,15.8918,169
1436,228.2176,38797,129.2632,285,125.99,114.6123,16.5187,170
1437,232.4012,38811,128.8,285,125.51,115.5383,15.3142,167
1438,230.5087,39878,129.3676,268,125.5,114.9663,15.0899,173
1439,229.3195,38755,130.0147,267,125.57,115.4333,15.0708,169
1440,230.5629,38504,127.7059,276,125.67,115.596,16.0299,167
1441,231.1138,38596,129.2895,284,125.24,115.9917,14.1822,167
1442,228.625,38409,128.2167,271,126.98,115.3469,15.8227,168
1443,228.948,39608,129.8026,274,125.42,115.1745,15.2484,173
1444,231.1462,39526,127.4265,271,125.96,114.7441,14.6509,171
1445,229.7545,38369,127.1912,258,125.19,115.2282,14.708,167
1446,230,38870,128.6324,278,126.3,114.691,14.6209,169
1447,232.3254,39263,128.5,297,125.44,114.7852,15.7492,169
1448,232.4024,39276,128.1842,306,126.39,114.9254,13.8736,169
1449,233.2529,39653,126.7667,274,127.42,114.4412,15.7105,170
1450,230.6845,38755,130.3684,260,126.82,114.0846,14.702,168
1451,231.5872,39833,127.7647,272,125.92,114.726,15.334,172
1452,230.7326,39686,127.6912,283,125.86,114.1886,15.752,172
1453,234.3988,39379,128.6579,285,126.84,114.1749,15.8166,168
1454,231.3258,41176,129.4211,272,125.46,114.4329,14.8245,178
1455,233.1207,40563,126.8676,273,126.35,113.8673,15.8427,174
1456,232.9527,39369,129.75,277,125.96,113.7746,14.7558,169
1457,232.9364,40298,128.3529,267,126.64,113.7909,15.1809,173
1458,231.3497,42337,128.9853,274,125.1,113.5167,14.7956,183
1459,232.0581,39914,130.3235,267,126.6,113.2396,16.2782,172
1460,231.8342,43353,130.3026,272,127.47,112.4953,16.2721,187
1461,230.9657,40419,130.6842,270,126.45,113.3567,15.5667,175
1462,232.2849,39953,129.5658,272,127.88,113.2446,16.2056,172
1463,232.756,39103,129.9868,275,126.23,113.4234,14.7205,168
1464,235.5595,39574,128.4853,273,126.42,113.4615,15.4161,168
1465,233.2389,41983,130.8235,271,126.75,112.8214,15.6984,180
1466,234.3111,42176,128.0658,276,127.44,112.0907,16.4155,180
1467,233.6294,39717,130.8553,280,126.3,111.6339,17.0518,170
1468,233.0339,41247,129.35,274,127.34,113.2457,15.5736,177
1469,232.7944,41903,129.2632,280,126.59,112.3058,17.5116,180
1470,236.1061,42263,131.15,286,126.72,112.0539,15.3928,179
1471,235.5706,41696,127.5441,268,127.73,112.4611,17.0035,177
1472,234.7684,41554,131.6875,280,128.5,112.2012,15.5964,177
1473,234.9226,39467,129.6711,284,126.95,112.4918,16.4547,168
1474,234.3314,39602,129.5921,270,127.85,112.2293,16.2242,169
1475,235.491,39327,128.3026,280,127.76,112.5644,16.7088,167
1476,234.7427,40141,129.3125,276,126.03,111.7885,17.4568,171
1477,234.7811,39678,129.325,275,127.51,111.8812,15.9654,169
1478,234.6952,43888,129.3289,283,126.91,111.6258,16.5518,187
1479,234.2701,40763,131.725,283,127.69,112.3392,16.8185,174
1480,236.6557,43308,129.925,275,127.53,112.0226,17.39,183
1481,233.6684,45098,130.1375,263,126.12,111.3771,17.8534,193
1482,233.9769,40478,128.725,276,127.67,112.1109,17.4271,173
1483,237.2544,40096,130.175,278,127.97,112.3592,17.0836,169
1484,235.4655,40971,128.425,273,127.83,111.4174,17.7035,174
1485,236.3275,40412,129.225,277,127.66,112.1141,16.1549,171
1486,235.2057,41161,130.4737,271,126.26,112.6329,16.5377,175
1487,237.3389,42721,131.375,277,130.16,112.2694,16.1609,180
1488,232.0756,39917,129.4079,267,127.53,111.2708,17.4326,172
1489,237.1429,39840,131.0625,272,127.06,111.945,17.5029,168
1490,234.082,42837,129.1,269,127.5,111.6531,15.5843,183
1491,234.8526,44622,128.2105,283,128.93,112.339,15.8495,190
1492,235.4056,42373,129.5658,267,126.61,111.8811,16.6353,180
1493,236.1988,40390,130.725,279,128.28,112.1855,16.3241,171
1494,235.4765,40031,130.0526,276,127.07,111.4946,17.2356,170
1495,237.1579,40554,130.95,277,127.97,112.2948,16.1338,171
1496,233.995,46565,130.1579,272,129.23,111.9143,17.6422,199
1497,233.3115,42696,129.7625,272,127.45,111.0115,17.6039,183
1498,232.6011,41403,129.7875,264,127.22,112.6432,16.6854,178
1499,233.1989,42209,128.8375,271,128.1,111.7559,16.7547,181
1500,234.8107,39683,129.7125,269,128.42,111.9546,16.456,169
