1,320.1287,32333,130.3125,399,130.58,124.7282,28.2754,101
2,316.4369,32593,130.65,382,130.06,124.5735,28.2406,103
3,311.0952,32665,131.35,418,131.32,124.7744,28.5762,105
4,313.3069,31644,130.3875,372,130.99,124.8528,28.3252,101
5,318.495,32168,129.7625,409,129.57,124.5948,28.1236,101
6,314.4854,32392,130.625,411,131.55,124.7904,27.68,103
7,316.4257,31959,130.25,395,131,124.3153,27.6321,101
8,311.9903,32135,130.525,416,129.66,124.642,28.1731,103
9,314.049,32033,130.9375,388,129.98,124.5453,27.2781,102
10,316.6139,31978,130.925,405,130.25,124.7744,28.1686,101
11,314.5347,31768,130.6,394,129.59,124.9237,28.3174,101
12,315.9903,32547,129.5875,396,129.6,124.3343,26.7701,103
13,314.2059,32049,130.7375,394,130.93,124.4307,27.2169,102
14,310.2059,31641,129.375,364,129.7,124.8357,27.8623,102
15,311.7455,34292,130.8875,407,129.74,125.1176,27.5569,110
16,315.5941,31875,129.0125,379,129.4,124.4106,26.691,101
17,311.699,32105,129.5375,381,130.04,124.5624,26.9784,103
18,316.2816,32577,129.8875,391,131.14,125.4164,27.7488,103
19,311.8208,33053,130.0375,404,129.86,124.9474,27.3356,106
20,311.8611,33681,128.575,375,128.34,125.1638,27.5623,108
21,309.8812,31298,129.0625,427,129.02,125.1249,27.3086,101
22,312.9505,31608,129.6875,386,129.52,125.2189,27.6031,101
23,312.4854,32186,131.2625,387,130.47,125.4768,27.6825,103
24,313.2308,32576,131.375,371,131.04,125.004,27.6556,104
25,310.8039,31702,129.175,373,128.75,125.0904,26.6155,102
26,313.9714,32967,129.85,368,130.93,125.1552,27.2659,105
27,312.3762,31550,132.0125,375,131.88,125.3432,26.5157,101
28,311.3627,31759,130.45,388,129.42,125.0232,27.019,102
29,311.6019,32095,131.6875,371,129.49,125.4968,26.8854,103
30,311.5619,32714,128.7375,381,129.4,125.0687,26.6217,105
31,310.7404,32317,129.5,384,129.37,125.1246,26.9377,104
32,311.5437,32089,129.0875,388,128.37,125.3211,27.0796,103
33,309.1667,31535,130.1125,368,130.21,124.9593,26.92,102
34,311.7525,31487,132.0875,377,131.12,124.8319,26.8737,101
35,309.8972,33159,130.05,394,130.69,125.4773,27.0889,107
36,311.1881,31430,131.675,371,130.9,125.2897,27.6185,101
37,308.213,33287,128.85,395,129.07,125.0831,26.9575,108
38,313.598,31987,129,382,129.39,125.1055,26.5957,102
39,312.8119,31594,129.1,377,130.65,125.1405,27.6554,101
40,306.1415,32451,129.4875,381,129.73,125.2504,27.2356,106
41,309.5146,31880,130.325,376,130.48,125.1383,26.5956,103
42,311.7333,32732,130.575,378,129.4,125.306,26.9378,105
43,311.2233,32056,129.8,390,129.6,124.9522,26.6193,103
44,313.6667,31994,127.7875,385,128.7,125.0855,27.1204,102
45,312.1176,31836,132.1875,406,131.59,124.697,26.9397,102
46,312.1456,32151,131.1625,383,129.94,124.9577,27.2989,103
47,307.9703,31105,130.1,396,128.63,125.1079,27.3287,101
48,313.4762,32915,130.475,385,130.41,125.173,26.8707,105
49,308.6931,31178,129.175,357,131.57,125.3292,26.2835,101
50,310.2718,31958,129.4375,395,130.09,125.1981,26.6856,103
51,311.5149,31463,128.8875,394,129.7,125.2893,26.8706,101
52,310.4902,31670,129.75,360,129.69,125.2352,27.1443,102
53,309.875,32227,128.6,386,129.31,125.6868,27.1154,104
54,310.7282,32005,130.2125,372,128.21,125.2756,26.2556,103
55,311.0396,31415,131.325,357,131.84,125.6368,27.1115,101
56,312.9406,31607,132.075,416,131.78,126.0223,26.7903,101
57,312.4216,31867,129.4,378,130.45,126.2176,26.4101,102
58,309.3491,32791,129.8625,401,130.2,126.0772,25.9932,106
59,308.549,31472,130.425,421,130.56,125.8451,26.495,102
60,308.7864,31805,129.225,372,129.59,126.2804,26.5375,103
61,309.5588,31575,128.7125,398,128.98,126.2901,26.4976,102
62,314.0485,32347,129.775,392,131.23,126.0039,26.4533,103
63,313.7647,32004,129.9875,374,130.13,125.8973,26.0193,102
64,311.8846,32436,129.5625,365,128.22,125.6102,26.3364,104
65,315.7723,31893,130.8375,401,131.15,126.2539,26.6128,101
66,311.3143,32688,129.825,389,129.86,125.6825,26.0907,105
67,315.3465,31850,129.6875,378,129.52,125.9482,26.6198,101
68,309.8762,32537,129.9125,388,129.84,125.9117,26.5423,105
69,314.5644,31771,131.5625,385,131.4,125.6194,26.2948,101
70,312.3654,32486,130.4125,409,131.03,125.6347,26.7103,104
71,313.2647,31953,131.125,408,129.41,125.664,27.2742,102
72,313.1143,32877,130.2375,384,129.24,125.4565,27.0551,105
73,309.3495,31863,128.7625,401,128.73,125.5959,27.5067,103
74,311.9429,32754,130.0875,381,129.13,125.7643,26.9317,105
75,312.297,31542,130.1875,379,129.52,125.2041,26.2643,101
76,311.0792,31419,129.5625,400,129.45,125.5948,26.8016,101
77,307.8286,32322,129.075,401,128.86,125.4369,26.8867,105
78,311.5098,31774,129.5625,388,129.28,125.3227,27.5498,102
79,311.7941,31803,129.35,391,129.22,125.5172,26.528,102
80,309.8431,31604,129.9375,389,129.35,125.2086,26.8246,102
81,311.6832,31480,128.8375,394,128.03,124.9574,26.8406,101
82,307.4811,32593,129.8375,374,130.13,124.813,26.8236,106
83,309.8641,31916,129.0625,381,129.48,125.6201,27.0823,103
84,312,32760,128.4125,372,128.37,124.844,26.0541,105
85,306.098,31222,129.4625,425,128.26,124.7817,27.0394,102
86,310.0588,31626,128.35,407,128.81,125.2105,26.8555,102
87,311.6132,33031,128.8,398,129.1,125.3034,26.529,106
88,312.7358,33150,129.7875,368,130.14,125.3661,26.9236,106
89,311.402,31763,129.175,380,129.29,125.821,26.5292,102
90,309,31209,129.2125,373,128.61,125.3351,27.1294,101
91,315.4158,31857,128.325,392,128.18,125.482,27.0436,101
92,311.6699,32102,129.9125,385,128.18,125.2594,26.6692,103
93,314.1386,31728,129.375,391,129.47,125.6199,27.0749,101
94,311.9118,31815,130.15,410,129.85,125.1952,27.1364,102
95,311.5941,31471,130.3875,386,128.91,125.6024,26.9929,101
96,309.5146,31880,129.7,399,129.46,125.2601,27.1181,103
97,310.0583,31936,129.4875,390,129.14,125.2994,27.1302,103
98,308.7379,31800,130.2625,375,129.82,125.4044,26.8576,103
99,313.049,31931,128.275,388,129.17,125.1606,27.007,102
100,313.8725,32015,129.9875,413,129.6,125.5164,27.1693,102
101,313.9406,31708,130.525,403,128.75,124.8844,27.5887,101
102,310.0381,32554,129.25,376,129.42,125.3149,27.2491,105
103,310.8942,32333,129.2875,421,129.92,125.2527,27.8556,104
104,316.5143,33234,128.7375,414,128.43,125.2586,27.5817,105
105,311.5238,32710,130.4,373,130.03,124.9115,27.2813,105
106,314.0891,31723,127.6375,384,128.4,125.2753,27.0766,101
107,313.8812,31702,129.3625,389,129.25,124.8218,27.3847,101
108,311.9505,31507,129.4625,398,128.74,124.4854,27.1214,101
109,312.8235,31908,127.8,396,127.78,124.2715,27.7542,102
110,313.4608,31973,129.9,382,129.93,124.7411,28.0173,102
111,318.233,32778,128.6875,399,129.47,124.636,27.7292,103
112,314.1863,32047,130.3,389,130.53,124.4706,28.3747,102
113,315.6961,32201,129.1125,398,128.8,124.7455,28.5081,102
114,315.1782,31833,129.8875,387,130.34,124.0336,28.3772,101
115,316.8614,32003,128.8875,410,128.74,124.0247,28.0976,101
116,319.3762,32257,130.7625,402,130.54,123.8572,27.7831,101
117,309.402,31559,130.875,401,130.82,124.1315,28.4772,102
118,309.3786,31866,129.35,392,129.89,123.6796,28.2982,103
119,313.9135,32647,131.5375,415,131.32,123.9199,28.2645,104
120,313.2913,32269,130.3375,417,130.84,123.9001,28.4993,103
121,311.0891,31420,129.6375,409,130.2,124.1022,28.2404,101
122,312.7143,32835,130.2625,413,130.15,124.0403,28.6451,105
123,313.4216,31969,130.55,409,130.63,123.8582,28.8803,102
124,307.934,32641,129.9625,395,131.49,124.0743,28.0458,106
125,310.3905,32591,131.2375,375,131.19,123.9192,29.1062,105
126,311.1683,31428,128.6625,396,128.89,124.0687,28.2085,101
127,312.4653,31559,129.975,403,130.13,124.0235,28.2508,101
128,310.4623,32909,129.05,390,128.58,124.1922,28.6518,106
129,315.6436,31880,127.775,384,127.32,123.8897,28.7788,101
130,310.6436,31375,129.4375,375,130.28,124.536,28.494,101
131,309.1619,32462,129.2625,395,129.26,124.0544,28.6371,105
132,312.1961,31844,127.8375,375,129.57,123.9595,28.6592,102
133,315.4554,31861,127.7125,397,128.87,123.9496,27.9912,101
134,310.9245,32958,130.2625,405,131.71,124.6385,27.6612,106
135,309.0297,31212,131.0125,361,130.05,124.1431,28.7039,101
136,308.8173,32117,129.775,396,130.36,124.1794,28.5251,104
137,311.932,32129,129.55,384,129.05,124.2186,28.457,103
138,313.3861,31652,129.3,415,130.13,124.4751,28.2353,101
139,308.4286,32385,128.825,377,129.01,124.3583,28.3105,105
140,310.8416,31395,129.2875,410,129.99,123.9191,28.0765,101
141,311.3366,31445,127.6875,374,128.36,124.2685,28.2309,101
142,309.3168,31241,129.6125,391,129.88,124.1496,28.0145,101
143,308.0481,32037,129.4375,370,130.34,124.5954,28.7389,104
144,313.549,31982,128.5875,375,129.37,124.3684,28.8085,102
145,309.8812,31298,130.3375,366,130.15,124.7139,28.9666,101
146,313.3762,31651,129.9875,406,129.88,124.537,28.4175,101
147,309.5248,31262,129.175,396,128.31,124.0152,28.2685,101
148,312.9515,32234,130,406,129.87,124.2676,28.1948,103
149,308.9901,31208,129.3375,383,129.08,124.6572,28.4079,101
150,313.1373,31940,129.9,390,129.26,124.4867,28.5789,102
151,306.5149,30958,130.8875,393,131.16,124.0393,28.5181,101
152,313.7547,33258,130.5,399,131.04,124.6389,28.6313,106
153,314.4314,32072,130.075,374,130.42,124.9418,28.5583,102
154,313.1782,31631,129.8125,408,129.71,124.2297,27.7026,101
155,313.8058,32322,129.525,405,129.2,124.7062,28.3903,103
156,316.8241,34217,130.425,394,131.68,124.7447,27.8625,108
157,316.3524,33217,130.25,388,131.66,125.0742,27.8075,105
158,315.7451,32206,129.95,427,130.26,124.8582,27.4988,102
159,316.297,31946,128.4625,393,127.87,125.7153,28.317,101
160,316.3592,32585,130.625,385,130.73,125.3661,28.0084,103
161,311.6604,33036,130.7125,418,130.23,125.3408,28.2134,106
162,313.7573,32317,130.7375,381,129.88,125.5942,27.8324,103
163,317.8058,32734,129.725,397,128.8,125.6802,27.7621,103
164,313.7905,32948,131.1375,392,129.52,125.6291,27.3509,105
165,315.5941,31875,129.95,395,128.01,126.0016,27.2949,101
166,315.1165,32457,128.7875,385,129.55,126.1302,27.5986,103
167,315.2871,31844,128.7375,373,128.44,126.2597,27.5636,101
168,313.8812,31702,129.4125,394,129.65,126.5332,27.7066,101
169,314.4,33012,129.0625,381,128.24,126.7034,27.2638,105
170,316.0099,31917,130.2375,408,129.9,126.09,27.1383,101
171,315.534,32500,128.675,418,127.19,126.1446,27.1152,103
172,313.9802,31712,129.7375,396,128.1,126.1265,28.3361,101
173,312.7129,31584,129.7125,405,128.37,126.045,28.184,101
174,314.703,31785,129.725,383,128.67,126.3338,28.1763,101
175,317.2816,32680,128.9875,396,129.58,125.6191,27.8316,103
176,319.598,32599,131.2125,381,129.49,126.1157,27.7237,102
177,322.4118,32886,130.6375,397,129.67,125.7772,27.9627,102
178,321.1905,33725,129.6125,384,128.27,125.7415,28.6361,105
179,327.625,34073,130.25,402,129.74,125.9093,28.1177,104
180,327.3762,33065,129.0875,444,128.74,125.6492,27.8191,101
181,331.7157,33835,130.3625,388,129.94,125.5139,28.5648,102
182,335.1881,33854,129.2125,401,128.95,125.5436,27.8196,101
183,334.3069,33765,130.0875,415,129.86,125.531,28.2873,101
184,335.6699,34574,128.125,443,127.1,125.5286,29.1143,103
185,334.5865,34797,129.55,434,129.33,125.2083,28.8375,104
186,338.375,35191,130.5375,420,130.79,125.3149,28.4551,104
187,338.7941,34557,129.9375,408,129.21,125.2876,28.6533,102
188,338.0196,34478,130.6125,427,129.52,125.3346,28.8497,102
189,341,34441,131.0875,439,130.19,124.8229,28.9515,101
190,350.2157,35722,128.5625,444,129.07,125.2371,28.9398,102
191,353.5347,35707,130.8875,444,130.78,124.719,28.9779,101
192,357.5644,36114,128.125,431,128.52,124.9178,29.4037,101
193,354.802,35835,129.6625,443,129.99,124.6752,29.3052,101
194,354.6863,36178,129.9875,428,128.53,124.7228,29.51,102
195,363.1485,36678,129.7125,459,128.81,124.7363,29.5037,101
196,363.2427,37414,128.5375,471,128.37,124.5619,29.4086,103
197,369.802,37350,129.275,456,129.28,124.51,29.2241,101
198,372.4851,37621,130.725,453,130.01,124.5634,29.4291,101
199,377.6442,39275,129.7125,497,129.88,124.2866,28.811,104
200,385.1485,38900,129.075,485,129.31,124.3954,30.1571,101
201,389.7647,39756,130.3625,526,130.19,124.5324,30.0145,102
202,383.604,38744,129.1875,536,128.76,124.4161,30.0286,101
203,380.5673,39579,128.825,500,128.69,124.2319,29.7681,104
204,380.5146,39193,130.55,511,130.51,124.1342,29.6562,103
205,378.3529,38592,129.4375,472,129.41,124.0406,30.0736,102
206,375.2451,38275,130.9875,518,130.52,124.5213,30.0819,102
207,369.7019,38449,127.95,459,128.28,124.4299,30.2279,104
208,370.6961,37811,130.4125,452,129.89,124.143,29.301,102
209,369.7525,37345,129.0875,455,129.37,124.3663,29.5061,101
210,370.4135,38523,130.025,479,130.22,124.4604,29.5336,104
211,369.7184,38081,129.125,467,129.32,124.2929,29.3827,103
212,365.1089,36876,129.5875,475,129.8,124.6245,29.5935,101
213,367.3069,37098,128.175,452,128.94,124.3438,29.1696,101
214,365.6569,37297,128.3125,478,129.08,124.6473,29.5069,102
215,360.402,36761,132.0375,451,131.21,124.2854,29.7942,102
216,362.0396,36566,131.5875,458,131.82,124.5863,29.128,101
217,352.9802,35651,131.625,441,130.69,124.6533,29.3365,101
218,355.1471,36225,129.9375,458,130.19,124.5619,29.2408,102
219,349.7059,35670,132.025,427,131.72,124.4148,29.2406,102
220,345.8911,34935,130.225,437,131,124.394,28.7708,101
221,345.3267,34878,128.875,416,128.56,124.4933,29.0988,101
222,343.4257,34686,129.2,412,129.16,124.8923,28.7623,101
223,335.604,33896,130.2125,404,130.15,124.3771,28.4808,101
224,336.6238,33999,129.075,423,129.23,124.4711,29.2177,101
225,331.4951,34144,129.6875,401,129.65,124.4557,28.7562,103
226,329.8155,33971,129.3875,431,130.55,124.1296,28.8086,103
227,330.2574,33356,129.9125,399,130.43,124.1758,29.2934,101
228,325.7905,34208,129.975,426,130.28,124.0729,29.272,105
229,328.7822,33207,128.625,441,129.25,123.846,28.9356,101
230,326.0192,33906,129.2125,405,130.16,123.9713,29.4999,104
231,324.6535,32790,128.9125,391,130.02,123.9215,29.3572,101
232,327.951,33451,131.05,404,130.6,123.8154,28.9849,102
233,330.7745,33739,129.475,420,129.38,123.6868,29.3522,102
234,331.9406,33526,129.525,416,130.2,123.1795,29.4344,101
235,333.5941,33693,128.825,404,129.1,123.4999,30.1305,101
236,335.7549,34247,128.6375,426,129.18,123.1425,30.4161,102
237,333.5149,33685,129.3875,419,129.75,122.6464,30.8644,101
238,335.8119,33917,127.325,417,129.69,122.2656,31.2019,101
239,334.8235,34152,129.675,417,131.54,121.6337,31.5465,102
240,338.0495,34143,129.075,425,130.11,121.0237,31.8057,101
241,340.6535,34406,129.9,424,131.72,120.6637,32.8793,101
242,342.5149,34594,130.675,416,131.03,119.7072,32.993,101
243,343.4528,36406,128.4875,434,132.17,119.3243,34.124,106
244,340.1683,34357,130.3625,404,130.82,118.8074,34.9046,101
245,334.5962,34798,130.475,405,132.76,118.7162,35.8098,104
246,331.3077,34456,131.975,394,132.2,117.8923,36.35,104
247,328.6569,33523,132.0125,416,132.82,117.6565,36.221,102
248,328.0388,33788,131.1,396,133.27,117.2158,36.9018,103
249,326.8911,33016,130.35,388,132.17,117.0624,37.4817,101
250,324.7843,33128,130.325,445,131.65,116.4968,37.3035,102
251,320.0891,32329,129.5,388,132.26,116.5475,37.6154,101
252,328.0594,33134,132.2875,410,133.4,116.5366,37.8736,101
253,321.9109,32513,127.95,400,132.17,116.6707,37.9368,101
254,324.8515,32810,130.4875,390,134.78,116.3781,38.2185,101
255,326.3366,32960,130.4875,411,134.65,116.3619,38.474,101
256,329.8922,33649,129.3625,397,132.89,115.9762,38.5372,102
257,333.0693,33640,129.1375,404,133.75,115.82,39.1585,101
258,337.0098,34375,128.0875,415,132.72,116.0128,38.9175,102
259,349.6931,35319,129.325,440,135.56,115.1329,39.0131,101
260,353.8119,35735,130.35,439,132.64,115.3705,39.7043,101
261,360.0196,36722,128.3625,481,133.82,114.8311,39.1088,102
262,362.3168,36594,130.0625,436,133.26,115.0574,39.7441,101
263,370.2981,38511,130.9625,453,134.34,114.7636,39.4496,104
264,372.7353,38019,130.85,490,134.87,114.6264,39.7293,102
265,376.0198,37978,129.6625,450,134.37,114.4848,40.0334,101
266,370.9712,38581,126.4875,460,132.14,114.3708,40.0879,104
267,362.5686,36982,130.4125,433,135.03,114.3249,40.4447,102
268,372.0194,38318,130.125,443,133.4,113.9859,40.0613,103
269,369.6931,37339,130.275,450,135.06,114.0262,40.5592,101
270,360.9806,37181,128.45,454,133.11,114.0799,40.9466,103
271,362.2549,36950,130.4,455,134.5,113.8046,40.3058,102
272,360.1275,36733,130,445,134.6,113.8901,41.0023,102
273,359.6765,36687,131.1875,438,133.93,113.9158,40.7327,102
274,362.951,37021,129.7125,460,134.09,113.6875,40.8781,102
275,356.6634,36023,129.7875,426,134.25,113.9609,40.6854,101
276,356.6471,36378,130.125,438,134.99,114.0576,40.7474,102
277,350.495,35400,130.025,413,134.28,113.8525,40.9121,101
278,344.7981,35859,128.825,406,133.34,113.8606,40.8863,104
279,342.7228,34615,131.55,418,135.26,113.8895,41.4707,101
280,338.8614,34225,129.0125,444,134.96,113.7966,41.0839,101
281,334.5196,34121,131.3125,393,135.34,114.0552,40.6174,102
282,331.0693,33438,130.05,440,134.66,113.9323,41.0621,101
283,328.8824,33546,131.325,397,133.62,113.6585,40.7671,102
284,332.1881,33551,131.6125,394,134.75,113.4987,40.7369,101
285,323.578,35270,129.85,385,134.61,114.1597,40.7017,109
286,325.9804,33250,130.5625,381,133.75,113.6038,40.722,102
287,324.5545,32780,130.7625,388,134.29,113.2062,40.9535,101
288,323.396,32663,129.2375,400,134.79,113.546,41.4527,101
289,318.9906,33813,129.9875,428,133.28,113.3486,40.9018,106
290,321.7549,32819,128.7,442,134,113.4467,41.4891,102
291,319.9902,32639,130.9625,380,134.06,113.5457,40.9572,102
292,320.5545,32376,129.0125,394,133.37,113.4175,41.2363,101
293,321.6832,32490,128.375,379,133.08,113.4891,41.3341,101
294,321.9314,32837,129.725,419,133.41,113.3578,41.1926,102
295,318.8218,32201,129.575,378,133.77,113.4916,40.8771,101
296,318.9703,32216,129.3625,399,134.44,113.8876,41.6354,101
297,320.8462,33368,129.4,383,133.36,114.1576,41.0216,104
298,318.1058,33083,128.425,368,133.21,113.4956,40.3707,104
299,321.6078,32804,130.3,379,134.96,113.797,41.1225,102
300,319.233,32881,130.3,376,134.37,113.7011,41.6146,103
301,316.8095,33265,128.7375,442,134.81,113.9571,41.1625,105
302,315.5825,32505,129.4625,379,133.4,113.8889,42.0325,103
303,318.1881,32137,132.9375,401,135.55,113.2147,41.3065,101
304,308.9135,32127,127.0625,360,134.68,113.2325,41.6286,104
305,313.5243,32293,129.6,372,134.71,113.4264,41.7449,103
306,314.7573,32420,130.6,412,135.2,112.8922,41.7953,103
307,311.932,32129,129.9875,370,134.68,113.4293,41.8909,103
308,318.6214,32818,132.0875,376,134.4,113.8365,41.5635,103
309,319.9429,33594,129.0125,380,134.29,114.2533,40.2708,105
310,325.8317,32909,130.1,392,134.48,114.6511,39.225,101
311,334.7624,33811,131.1625,394,133.85,115.0068,39.1081,101
312,330.5288,34375,130.05,395,134.05,115.3342,38.9986,104
313,329.4455,33274,131.25,417,133.83,115.6625,39.1118,101
314,333.3069,33664,129.6625,399,134.28,115.4748,38.317,101
315,336.1287,33949,129.35,436,133.26,115.3373,39.0464,101
316,333.7624,33710,128.725,424,133.58,115.111,39.1257,101
317,334.7129,33806,130.375,397,132.85,115.2141,39.1694,101
318,335.1923,34860,131.1625,413,133.64,115.0254,38.8261,104
319,332.902,33956,131.75,399,135.18,114.7476,39.7289,102
320,334.9307,33828,130.55,413,134.54,114.155,39.4715,101
321,333.5392,34021,130.325,456,133.47,114.271,39.2991,102
322,332.1068,34207,130.325,432,134.92,114.175,39.941,103
323,334.1471,34083,129.7125,400,135.33,114.2356,40.3581,102
324,334.4706,34116,129.0125,403,134.5,114.1643,39.9264,102
325,338.1485,34153,131.8125,407,135.37,113.779,40.2947,101
326,337.1165,34723,131.0375,406,135.83,114.0976,40.1204,103
327,338.1485,34153,131.725,410,133.55,114.092,39.8473,101
328,333.9208,33726,132.175,404,134.72,114.0081,40.3061,101
329,338.7264,35905,130.9875,448,134.28,114.2294,40.0822,106
330,338.6311,34879,130.475,400,133.96,113.7622,40.2107,103
331,338.1765,34494,131.2,435,135.81,113.7973,40.2139,102
332,341.0594,34447,131.3875,415,134.42,113.8007,40.291,101
333,339.2913,34947,129.3375,420,134.29,113.9668,39.959,103
334,337.1176,34386,128.05,401,135.05,114.2598,40.6073,102
335,335.6832,33904,131.9375,425,134.68,114.2185,40.5964,101
336,336.1961,34292,130.575,399,133.22,114.0749,40.0525,102
337,338.8932,34906,130.625,404,132.96,113.9396,40.1444,103
338,335.549,34226,129.875,404,134.08,113.8771,39.9569,102
339,336.0196,34274,130.95,421,134.78,114.2702,40.6131,102
340,334.598,34129,130.2625,404,134.72,114.4179,40.2012,102
341,336.5686,34330,130.6375,412,132.97,113.9209,40.0744,102
342,331.6733,33499,129.575,404,133.31,114.2311,40.4647,101
343,336.3861,33975,129.7125,410,133.13,114.5917,40.4606,101
344,338.297,34168,130.5375,416,134.33,114.0913,39.8283,101
345,341.8544,35211,130.9125,405,134.17,114.3337,40.5252,103
346,335.25,34866,129.3375,429,132.83,114.6762,40.6141,104
347,339.3627,34615,129.1375,418,133.82,114.3458,40.2732,102
348,336.2871,33965,129.6,410,133.44,114.571,40.7301,101
349,337.9307,34131,132.35,420,134.33,114.6706,40.2144,101
350,335.3235,34203,130.0125,403,133.9,114.5505,39.9536,102
351,335.7788,34921,130.5125,394,134.33,114.7994,39.958,104
352,337.5149,34089,130.6625,441,134.75,114.859,40.1559,101
353,336.1471,34287,130.65,426,133.58,114.8214,40.5132,102
354,339.8416,34324,130.5,427,134.33,114.9544,40.2732,101
355,341.1188,34453,130.4,402,133.71,115.0469,40.2065,101
356,339.4563,34964,131.475,404,134.85,115.3966,39.6786,103
357,339.8431,34664,129.75,410,133.28,115.2779,40.1889,102
358,340.5842,34399,129.15,412,133.4,115.128,39.9868,101
359,345.6238,34908,129.3375,397,134.85,114.948,40.227,101
360,347.7255,35468,129.35,416,133.92,115.2002,40.2167,102
361,346.1386,34960,132.5375,419,134.05,115.1563,40.4593,101
362,349.505,35300,129.9375,435,133.88,115.137,40.1654,101
363,349.5098,35650,131.1125,429,135.32,115.4006,40.547,102
364,345.1287,34858,131.65,418,134.15,115.4517,40.0887,101
365,340.8667,35791,131.075,424,133.54,115.2349,40.29,105
366,340.8218,34423,130.9,434,132.87,114.8865,40.2195,101
367,340.6238,34403,131.8125,406,135.16,115.2139,39.745,101
368,338.3529,34512,130.3375,437,134.87,115.2822,40.102,102
369,333.9904,34735,131.825,395,133.02,115.347,39.7288,104
370,333.0388,34303,130.225,417,134.37,115.6735,40.439,103
371,329.9307,33323,132.0375,396,134.51,115.3824,39.7345,101
372,328.5392,33511,130.75,404,132.41,115.4082,39.9769,102
373,332.2376,33556,131.375,425,134.62,115.1996,39.6649,101
374,334,34068,130.55,383,132.96,115.5005,39.804,102
375,331.5905,34817,131.0125,400,131.73,115.247,39.912,105
376,334.7905,35153,129.9375,400,135.6,115.2317,39.6282,105
377,337.0291,34714,129.8625,434,133.72,115.7282,40.1296,103
378,334.8627,34156,131.6125,407,134.24,115.5946,39.6863,102
379,335.2404,34865,131,419,133.93,115.4368,39.5075,104
380,330.1942,34010,130.5125,399,132.63,115.4421,39.7934,103
381,333.5288,34687,129.4125,406,132.34,115.5414,39.8261,104
382,336.8911,34026,130.3,422,132.64,115.5894,39.8017,101
383,331.703,33502,130.675,416,132.6,115.44,39.6725,101
384,330.4752,33378,129.175,425,134.76,115.2553,39.4871,101
385,331.3137,33794,131.15,417,132.58,115.4895,39.7556,102
386,329.3529,33594,130.9875,396,133.87,115.6884,39.6647,102
387,330.5192,34374,130.8,434,132.28,115.4084,39.7076,104
388,330.604,33391,130.4125,399,132.88,115.3066,39.3815,101
389,328.9412,33552,131.0875,403,134.06,116.1549,39.9992,102
390,329.9806,33988,130.8,426,134.54,115.775,39.801,103
391,332.2476,34886,132.025,410,134.08,115.4645,39.5187,105
392,339.0495,34244,130.0875,418,132.23,115.6099,39.6796,101
393,336.8077,35028,130.825,416,133.77,115.4911,39.6955,104
394,335.8846,34932,130.1125,444,134.91,115.5542,39.4938,104
395,341.9208,34534,131.9375,417,134.36,116.0275,39.5404,101
396,340.2376,34364,129.5625,413,133.01,115.68,39.3972,101
397,336.6436,34001,130.95,411,133.2,115.3989,39.2336,101
398,331.951,33859,129.025,429,133.48,115.7696,39.3623,102
399,335.049,34175,130.8125,405,133.33,115.5468,38.9284,102
400,333.6569,34033,131.7125,411,134.09,115.2507,39.613,102
401,334.3301,34436,131.0625,407,134.23,115.4751,39.2783,103
402,332.3762,33570,130.45,405,132.39,115.6495,39.834,101
403,333.1287,33646,130.475,413,134.74,115.371,39.3613,101
404,337.5446,34092,129.1375,429,134.43,115.4315,40.2428,101
405,333.2336,35656,129.8875,438,134.99,115.5669,39.2949,107
406,332.0673,34535,132.7,412,132.68,115.5447,40.1784,104
407,337.6569,34441,131.8375,398,134.89,115.3812,39.7014,102
408,333.3824,34005,128.5875,408,132.98,115.1895,39.279,102
409,332.9135,34623,128.775,423,134.51,115.4818,39.7634,104
410,338.4059,34179,131.1,419,133.55,115.6309,39.4578,101
411,333.5,34017,130.025,415,134.73,115.4564,39.4937,102
412,333.8738,34389,129.4625,460,132.3,115.7627,39.7588,103
413,338.0297,34141,131.075,454,133.87,115.737,39.9189,101
414,335.5686,34228,132.25,431,135.02,115.5621,39.672,102
415,332.4712,34577,130.5625,400,134.61,115.2698,40.2663,104
416,335.5556,36240,130.75,421,132.05,115.6659,39.8044,108
417,333.5196,34019,130.525,418,135.18,115.3711,39.7301,102
418,333.5248,33686,131.3125,420,132.96,115.2672,39.6423,101
419,335.0097,34506,128.7875,408,133.76,115.2259,39.2023,103
420,335.0291,34508,130.6375,398,133.18,115.5195,39.9827,103
421,332.6569,33931,128.5875,425,133.04,115.582,39.7885,102
422,332.6569,33931,131.3875,403,133.19,115.4458,39.8982,102
423,331.9604,33528,129.9125,406,134.57,115.4288,40.0431,101
424,327.5905,34397,130.4625,392,134.06,115.2681,39.5318,105
425,328.5098,33508,130.7875,410,134.74,115.2126,40.0482,102
426,333.0377,35302,130.7125,425,134.56,115.413,39.6636,106
427,331.5842,33490,128.2,403,133.45,115.5803,39.9434,101
428,333.5631,34357,131.7875,409,135.22,115.2431,39.8768,103
429,334.4257,33777,132.3125,445,135.28,115.368,39.8876,101
430,335.3366,33869,129.9125,408,133.51,115.4288,39.5007,101
431,330.802,33411,129.4875,414,133.46,115.3761,39.8099,101
432,328.8235,33540,131.6125,403,133.77,115.4225,39.9772,102
433,330.6176,33723,129.425,390,133.36,115.5661,39.7648,102
434,321.1485,32436,129.85,426,133.5,115.3543,39.5191,101
435,327.1485,33042,131.45,396,134.3,115.8415,39.915,101
436,331.8529,33849,131.8375,449,135.48,115.7318,39.6485,102
437,330.3235,33693,129.5875,411,134.47,115.6526,39.2204,102
438,332.2941,33894,130.6,418,132.96,115.9548,39.3613,102
439,330.1165,34002,130.475,407,133.36,116.1987,39.1871,103
440,328.1287,33141,130.8,402,134,116.0931,38.8056,101
441,329.6373,33623,131.8125,407,134.77,116.4615,39.5882,102
442,330.5882,33720,131.35,431,133.43,116.4589,38.8715,102
443,333.3663,33670,131.6875,413,133.73,116.4257,38.8698,101
444,332.5347,33586,129.475,446,133.95,116.3988,38.9917,101
445,330.5588,33717,128.2375,398,133.94,116.296,38.4751,102
446,332.5446,33587,130.85,427,133.97,116.9802,39.2325,101
447,330.3113,35013,131.875,416,131.89,116.7213,38.3992,106
448,332.2816,34225,130.7375,394,133.25,116.9264,38.4817,103
449,332.4752,33580,130.2,407,133.05,116.6065,37.876,101
450,329.3204,33920,131.4875,410,132.96,117.2362,38.121,103
451,331.6634,33498,131,411,134.98,117.0362,37.5729,101
452,331.8713,33519,131.3,424,133.77,117.0679,37.5053,101
453,331.2451,33787,130.75,408,134.61,117.7508,37.1633,102
454,336.1287,33949,132.425,406,133.32,117.726,37.2903,101
455,334.4356,33778,130.5875,404,132.49,118.0838,36.1602,101
456,329.1262,33900,132.4625,402,134.08,118.6471,36.2454,103
457,326.835,33664,132.175,441,131.28,118.6912,36.1642,103
458,326.9038,33998,130.2,434,132.45,118.7771,36.2309,104
459,324.4257,32767,131.25,393,133.16,118.6105,35.8012,101
460,327.198,33047,131.125,393,131.76,118.7454,35.576,101
461,320.3039,32671,132.3875,380,132.93,118.9084,36.1509,102
462,320.1165,32972,129.2125,408,133.01,119.2951,35.9952,103
463,316.6699,32617,129.725,372,130.33,119.4819,35.9698,103
464,316.3366,31950,129.6375,401,132.28,119.5597,35.4385,101
465,317.6796,32721,131.025,373,132.04,119.382,35.3454,103
466,316.3868,33537,129.8875,373,131.19,119.3922,35.1091,106
467,318.5743,32176,130.1875,374,132.94,119.2113,34.8751,101
468,320.0495,32325,131.7125,392,133.76,119.1343,35.1364,101
469,318.6311,32819,129.625,418,133.66,119.0837,34.9372,103
470,320.9118,32733,131.125,383,132.24,119.3143,35.3202,102
471,315.9109,31907,130.5375,377,132.69,119.577,34.7068,101
472,320.2673,32347,128.5625,397,131.28,119.5395,34.5469,101
473,322.3824,32883,130.1375,398,131.72,119.7822,34.7913,102
474,316.5278,34185,130.9125,373,133.58,120.1172,34.9967,108
475,319.0294,32541,129.35,377,132.53,120.0335,34.6755,102
476,315.0882,32139,130.6,378,131.23,119.9811,35.0453,102
477,315.8218,31898,130.8375,414,129.8,120.1563,34.8628,101
478,318,32118,129.8,390,131.27,120.0632,34.5915,101
479,318.2762,33419,130.3375,386,132.46,120.0405,35.0292,105
480,317.8738,32741,130.75,414,133.22,120.2466,34.6749,103
481,320.1782,32338,127.9625,383,132.57,120.418,35.1113,101
482,322.3663,32559,129.9,390,130.6,120.3921,35.1233,101
483,322.0792,32530,129.825,373,131.91,120.6279,34.8317,101
484,325.5728,33534,132.3,405,133.01,120.6432,34.8675,103
485,327.8317,33111,129.45,422,131.87,120.7902,35.3578,101
486,321.4811,34077,131.1375,382,132.5,120.525,34.8857,106
487,322.4175,33209,130.425,413,130.95,121.0053,35.057,103
488,322.1485,32537,130.4125,435,131.77,120.6899,34.4769,101
489,320.4356,32364,131.375,397,132.76,120.8806,35.2237,101
490,322.8416,32607,132.4375,417,131.41,120.3597,34.243,101
491,315.9505,31911,129.075,407,134.08,120.739,34.5945,101
492,315.7353,32205,129.1375,405,131.15,120.505,34.7301,102
493,316.5192,32918,130.7375,394,131.89,120.8134,34.473,104
494,315.6275,32194,130.325,405,131.82,120.5285,34.7705,102
495,312.009,34633,130.5,370,132.34,121.2341,34.8253,111
496,311.1373,31736,129.8625,410,131.29,120.7062,35.042,102
497,319.604,32280,132.7875,400,132.19,120.7552,34.7735,101
498,317.4851,32066,130.025,390,130.81,120.5207,34.6082,101
499,316.4563,32595,131.025,386,132.06,120.3371,34.4917,103
500,317.7843,32414,130.5875,378,131.68,120.4896,34.1546,102
501,323.0686,32953,132.3625,402,133.29,120.2773,34.9788,102
502,314.1942,32362,130.3,384,132.12,120.575,34.817,103
503,315.8585,33481,130.6125,369,131.51,120.4614,34.8658,106
504,315.2647,32157,131.425,380,130.87,120.2194,34.2722,102
505,317.5347,32071,130.5125,391,131.53,120.5875,34.1659,101
506,316.7228,31989,130.9375,403,132.49,121.1607,33.8988,101
507,320.4314,32684,131.1875,388,131.71,121.6085,33.1493,102
508,321.4706,32790,132.6625,407,132.71,121.5861,32.8317,102
509,320.1038,33931,131.875,407,131.92,121.8588,33.0516,106
510,319.0485,32862,131.1375,398,132.02,122.4246,32.6621,103
511,318.9029,32847,131.1375,425,130.7,122.1987,32.7896,103
512,318.3465,32153,130.3,384,129.95,122.5161,32.5398,101
513,317.7353,32409,132.0125,431,132.13,122.6635,32.542,102
514,319.7525,32295,128.7375,398,129.44,122.8316,32.3751,101
515,322.8119,32604,132.0875,410,132.53,122.4193,32.0268,101
516,321.2913,33093,131.9,394,133.11,122.3931,32.3693,103
517,322.8812,32611,132.475,396,133.61,121.8639,32.0721,101
518,320.9703,32418,129.125,392,130.17,122.2877,32.0435,101
519,321.4314,32786,131.425,384,132.11,122.251,32.9587,102
520,323.5248,32676,131.2375,407,132.53,122.2065,32.7209,101
521,327.0198,33029,130.125,400,130.3,122.261,33.0533,101
522,322.0396,32526,131.375,402,131.84,121.982,33.1226,101
523,320.3495,32996,131.425,391,131.37,122.0247,32.2876,103
524,317.1553,32667,131.8375,405,131.43,122.5381,32.4794,103
525,319.0693,32226,130.6625,400,131.46,121.7866,32.1148,101
526,317.0385,32972,131.225,386,131.55,121.7985,31.9893,104
527,317.5347,32071,130.4,412,130.96,122.1385,32.9966,101
528,321.5437,33119,129.925,386,130.53,122.0228,32.2446,103
529,318.3235,32469,132.0375,374,132.47,122.3115,32.6712,102
530,325.4854,33525,130.375,395,131.4,122.8387,32.1556,103
531,319.3592,32894,130.9375,419,130.65,122.3718,32.8456,103
532,321.9109,32513,132.2,383,133.08,122.341,32.9306,101
533,323.5294,33000,130.8375,396,131.27,122.6944,32.5068,102
534,316.3039,32263,131.0375,374,131.29,122.3972,32.2985,102
535,318.0297,32121,129.2875,387,131.29,122.7416,32.6968,101
536,319.8641,32946,131.475,389,131.71,122.9037,32.7334,103
537,319.2136,32879,131.425,376,132.11,122.328,32.4562,103
538,318.0686,32443,129.975,390,131.91,122.2647,32.3675,102
539,321.1287,32434,131.2375,382,132.55,122.4219,32.4266,101
540,317.7864,32732,131.0125,386,132.11,122.4805,32.206,103
541,321.1078,32753,130.3375,414,130.31,122.3857,32.3929,102
542,320.2039,32981,130.6875,371,132.14,122.0303,32.2555,103
543,314.9907,33704,129.0125,401,129.49,122.0139,32.2924,107
544,318.6667,32504,130.2,409,131.62,122.7617,32.9409,102
545,318.3113,33741,130.2,412,131.93,122.8026,32.1308,106
546,317.6796,32721,130.8125,385,130.19,122.4018,32.6155,103
547,317.3824,32373,129.575,397,130.22,122.583,32.431,102
548,318.1584,32134,131.5875,403,131.8,122.1796,32.5586,101
549,318.802,32199,128.95,380,129.92,122.5652,32.4902,101
550,315.6139,31877,131.175,382,131.41,122.8113,31.8902,101
551,314.7961,32424,131.375,380,130.92,122.8339,32.1415,103
552,317.1683,32034,131.1625,385,131.95,123.2195,32.342,101
553,312.3922,31864,128.975,378,129.56,122.9098,32.1394,102
554,313.4059,31654,130.4625,399,130.49,123.4003,32.0583,101
555,316.396,31956,130.75,413,131.1,123.5175,31.7702,101
556,312.0952,32770,130.6625,368,130.33,123.5057,31.6711,105
557,310.2157,31642,130.3,390,129.98,123.772,31.6854,102
558,311.0792,31419,133.625,382,133.57,123.878,31.8129,101
559,312.1923,32468,130.6875,388,130.5,123.5842,31.5483,104
560,310.1538,32256,131.475,388,131.46,123.6465,31.1083,104
561,308.9608,31514,130.75,391,130.54,124.245,31.3787,102
562,313.5392,31981,131.2625,371,131.58,124.458,31.6772,102
563,310.5769,32300,130.9625,390,130.51,124.0664,31.1221,104
564,310.3832,33211,131.15,378,130.96,124.076,31.0849,107
565,314.1386,31728,130.7,373,130.74,123.9222,30.2869,101
566,313.6078,31988,130.325,382,130.56,124.2643,30.8011,102
567,312.8317,31596,131.825,376,131.05,124.7521,31.1819,101
568,312.7019,32521,132.475,423,131.13,124.2199,30.9069,104
569,313.7059,31998,129.4,426,129.7,124.4213,30.7244,102
570,310.7736,32942,132.925,359,132.6,124.2964,30.4709,106
571,316.0495,31921,129.725,397,130.42,124.3274,31.1682,101
572,316.7921,31996,131.325,391,130.88,124.1334,30.8139,101
573,314.0495,31719,129.7,386,129.82,124.3804,30.8511,101
574,312.5728,32195,128.975,380,129.65,124.2793,31.1129,103
575,314.1827,32675,131.075,396,130.26,124.5389,30.4678,104
576,312.505,31563,130.0875,364,130.27,124.1891,30.4785,101
577,310.2451,31645,130.4,375,130.3,124.3443,30.9067,102
578,308.4356,31152,131.6125,383,131.81,124.1461,30.0891,101
579,315.8317,31899,131.25,369,131.33,124.3059,30.3971,101
580,312.7426,31587,129.8375,364,129.8,124.4968,30.6487,101
581,313.802,31694,131.9125,384,131.69,124.9116,30.7267,101
582,312.2212,32471,130.9625,382,130.43,124.1655,29.9563,104
583,309.8119,31291,129.8,386,129.46,124.2766,30.4679,101
584,314.165,32359,130.225,376,130.43,124.2768,30.4501,103
585,311.198,31431,130.8875,385,131.74,124.2691,30.4631,101
586,312.4904,32499,128.9375,412,129.04,124.1982,30.6544,104
587,314.3168,31746,130.375,387,130.46,124.27,30.3315,101
588,313.1373,31940,131.7375,378,131.59,124.4403,30.3839,102
589,312,32136,131,372,131.1,124.334,30.7078,103
590,311.9231,32440,129.5375,377,129.61,123.9045,30.5087,104
591,308.3558,32069,131.7375,349,131.16,124.6224,30.5636,104
592,312.8627,31912,133.125,381,132.54,124.0896,30.5782,102
593,314.4314,32072,128.8375,391,129.15,124.3758,30.4346,102
594,311.8113,33052,130.5375,366,130.78,123.9021,29.9859,106
595,309.3301,31861,129.5375,404,129.45,124.1111,30.3246,103
596,311.6931,31481,130.1875,398,130.85,124.2732,30.6133,101
597,309.6275,31582,130.5,391,131.11,124.0111,30.1633,102
598,309.0485,31832,132.0125,397,131.62,123.9681,30.2753,103
599,310.1262,31943,131.825,396,131.81,123.9178,30.3899,103
600,312.0857,32769,130.6125,380,130.88,124.6158,30.5067,105
601,311.0485,32038,128.9375,387,129.03,125.0169,30.1278,103
602,313.4135,32595,132.725,374,132.82,124.9101,29.9547,104
603,313.3143,32898,132.625,413,132.82,124.5188,29.6525,105
604,314.875,32747,132.85,390,133.08,124.1838,29.8423,104
605,311.5,31773,129.0875,391,129.48,124.5401,30.3662,102
606,314.2843,32057,132.0375,389,131.9,124.3423,29.4856,102
607,310.2136,31952,130.5875,370,131.41,124.4832,29.9629,103
608,315.5941,31875,130.95,374,130.16,124.3541,29.7026,101
609,308.7524,32419,132.025,417,132,125.004,29.5778,105
610,307.9109,31099,130.6875,391,130.42,124.4588,29.3899,101
611,311.4608,31769,129.9625,394,129.78,124.6956,29.3088,102
612,309.7048,32519,130.8625,407,130.77,124.6299,29.804,105
613,311.7961,32115,129.9875,393,130.05,124.6748,29.4056,103
614,310.7525,31386,131.15,376,130.94,125.0227,29.2433,101
615,314.1765,32046,131.2875,394,130.48,125.1455,28.5198,102
616,312.098,31834,129.675,372,129.33,125.1343,28.8666,102
617,306.8762,32222,129.55,379,129.37,125.4261,28.7865,105
618,315.7822,31894,129.3875,400,128.65,125.9105,29.415,101
619,307.8835,31712,130.775,388,129.77,125.3956,28.9893,103
620,312.7723,31590,130.1,400,129.2,125.5802,28.7415,101
621,307.625,31993,129.9125,373,129.99,125.615,28.859,104
622,311.6176,31785,131.0125,382,129.62,125.817,29.4119,102
623,309.4623,32803,131.0875,392,129.66,125.9015,29.0993,106
624,307.4257,31050,129.1,388,128.6,126.0788,29.3757,101
625,308.0297,31111,130.8875,369,130.69,125.8171,28.5082,101
626,305.8667,32116,128.65,370,128.24,126.735,28.6666,105
627,305.5196,31163,130.6375,366,130.07,126.288,28.5301,102
628,309.8713,31297,129.7375,374,129.02,126.1037,28.228,101
629,306.6765,31281,129.4625,355,129.78,126.1976,28.698,102
630,304.2647,31035,129.225,385,129.04,126.1865,28.5398,102
631,307.0291,31624,130.275,384,129.84,126.4014,28.2251,103
632,306.049,31217,131.25,367,129.9,126.3865,28.0671,102
633,306.7745,31291,128.4875,373,128.01,126.3562,27.8369,102
634,305.1471,31125,128.7375,407,129.41,126.5287,28.1037,102
635,307.0792,31015,129.925,408,129.63,126.7196,27.8905,101
636,301.7921,30481,130.6,390,128.98,125.9436,27.8987,101
637,302.8636,33315,129.5125,383,128.94,126.9434,28.2034,110
638,307.451,31360,132.45,369,131.34,126.5972,28.2715,102
639,301.7685,32591,130.375,379,128.85,127.1141,27.6843,108
640,307.7228,31080,131.6625,383,130.9,127.1394,27.469,101
641,303.8252,31294,132.2375,365,130.29,127.611,27.4517,103
642,307.6535,31073,130.45,357,129.88,127.2353,26.8967,101
643,302.7822,30581,130.2625,372,128.72,127.3062,27.5925,101
644,307.6176,31377,132.6,368,131.02,127.6862,27.6231,102
645,304.8218,30787,130.9,361,129.81,127.2205,26.8939,101
646,304.7647,31086,128.7875,361,128.05,127.4092,27.5112,102
647,305.3465,30840,129.6,353,129.65,127.4229,27.2573,101
648,304.5392,31063,129.6625,367,129.82,127.2496,26.9206,102
649,305.4167,32985,129.725,367,129.39,128.1445,26.7949,108
650,305.8922,31201,130.6,398,128.78,127.2383,27.1743,102
651,306.7549,31289,131.05,365,129.5,127.5178,27.3964,102
652,308.25,32058,129.6,385,127.76,127.7582,27.099,104
653,310.049,31625,129.475,392,126.57,127.5074,27.1876,102
654,304.4466,31358,130.5625,367,129.47,127.5699,26.8176,103
655,307.5,31365,129.8125,403,128.89,127.8572,27.1689,102
656,306.466,31566,130.7,368,129,127.6138,27.209,103
657,308.396,31148,131.45,371,129.69,127.7106,26.88,101
658,306.875,31915,131.25,374,128.99,127.8586,27.2874,104
659,307.534,31676,130.45,373,129.29,127.2976,26.9271,103
660,307.6923,32000,130.1125,373,128.73,127.1736,27.3882,104
661,309.5686,31576,128.825,375,128.17,127.5423,27.5881,102
662,310.7451,31696,130.75,374,129.56,127.4612,26.9816,102
663,307.4902,31364,130,391,129.03,127.5031,27.3881,102
664,311.8416,31496,130.0875,413,129.78,127.4398,27.5445,101
665,314.3762,31752,130.175,397,129.23,127.8967,27.3042,101
666,309.951,31615,130.65,384,129.55,127.7705,27.1224,102
667,313.0594,31619,130.2375,383,128.77,127.8279,27.5608,101
668,309.7476,31904,128.3375,354,128.45,127.9047,26.9443,103
669,311.2745,31750,128.95,382,128.21,127.9092,27.2002,102
670,311.2745,31750,129.6125,375,127.94,127.6534,26.4128,102
671,307.2075,32564,131.25,371,129.79,127.8363,26.9639,106
672,310.0099,31311,130.325,373,127.53,128.1588,27.1231,101
673,306.068,31525,131.7125,351,128.77,128.0005,26.5971,103
674,313.9902,32027,127.575,367,127.98,127.8972,26.7306,102
675,311.5922,32094,131.65,434,129.71,127.9141,26.9161,103
676,309.3942,32177,128.0125,383,128.42,128.0756,26.9588,104
677,307.6667,32305,130.3625,364,128.79,128.3679,26.7894,105
678,313.5962,32614,129.0375,370,129.57,127.829,26.5684,104
679,312.4257,31555,129.6375,376,129.62,128.5925,26.7814,101
680,311.099,31421,130.875,376,130.82,128.2752,26.7261,101
681,313.902,32018,131.65,383,130.55,128.8223,26.5061,102
682,312.6952,32833,129.0375,387,128.8,128.7111,26.1151,105
683,313.6765,31995,130,403,129.23,128.5883,26.016,102
684,312.1863,31843,130.0375,376,131.08,128.529,25.4302,102
685,314.7212,32731,130.975,397,128.97,128.873,26.2062,104
686,316.1373,32246,132.2375,427,129.77,129.2516,25.8804,102
687,316.9231,32960,130.3,395,128.77,128.9021,25.8663,104
688,315.6176,32193,130.9875,383,128.53,129.0606,25.9599,102
689,318.8431,32522,129.3125,405,128.3,129.225,26.0309,102
690,319.4554,32265,129.7875,369,128.6,128.8514,25.8336,101
691,322.3564,32558,130.525,396,128.63,129.09,26.4101,101
692,323.4554,32669,129.4125,399,127.95,129.0799,25.9224,101
693,328.9706,33555,131.4,403,127.82,129.0087,25.8141,102
694,334.1782,33752,129.6125,419,129.67,128.9441,25.9284,101
695,334.3824,34107,131.175,427,128.75,128.9192,26.0019,102
696,336.8252,34693,130.575,428,128.75,128.9596,26.0842,103
697,333.8431,34052,130.1625,414,128.32,128.9666,26.0353,102
698,324.2115,33718,131.2625,391,129.93,128.9173,25.767,104
699,327.4314,33398,129.925,427,128.74,129.183,25.9398,102
700,323.2718,33297,129.5125,402,128.1,129.3829,25.712,103
701,318.2212,33095,129.8375,378,128.34,129.2019,26.3131,104
702,320.9412,32736,128.525,385,129,128.7762,26.5259,102
703,320.6275,32704,129.825,392,126.92,128.8248,26.3289,102
704,318.2115,33094,130.1625,398,127.88,129.0506,26.3788,104
705,318.1584,32134,130.9375,395,128.98,129.1,26.4922,101
706,320.604,32381,131.225,397,129.66,129.1513,26.4923,101
707,320.9604,32417,128.4875,380,127.34,129.4162,26.6244,101
708,315.7647,32208,129.525,390,126.59,128.9849,26.5779,102
709,316.2255,32255,129.825,396,128.08,129.2041,26.4407,102
710,320.534,33015,129.8,415,127.83,129.0008,26.0951,103
711,314.3564,31750,130.625,367,127.4,129.3717,26.5227,101
712,313.1881,31632,129.2125,365,128.37,129.2727,26.6642,101
713,314.8431,32114,129.7875,379,128.46,128.4918,25.9059,102
714,313.3465,31648,130.1375,371,128.59,129.0566,26.2735,101
715,314.7327,31788,129.55,379,129.13,128.8485,26.1314,101
716,313.3592,32276,131,391,127.24,128.5024,26.2998,103
717,312.466,32184,130.025,370,129.2,128.5126,26.4034,103
718,311.3366,31445,130.2375,389,127.45,128.4561,26.4036,101
719,316.3398,32583,128.5875,396,128.03,128.9176,26.5897,103
720,308.2574,31134,130.6375,399,127.61,128.5899,26.4072,101
721,315.8544,32533,130.7625,378,128.49,128.5491,26.8329,103
722,314.5743,31772,128.7125,376,127.84,128.7127,26.3082,101
723,313.901,31704,130.4125,400,128.52,128.9318,27.0265,101
724,312.5421,33442,131.1375,390,129.05,128.4075,26.3394,107
725,315.2621,32472,130,411,130.04,128.302,26.4219,103
726,314.8725,32117,130.575,387,129.55,128.3295,26.4978,102
727,314.4356,31758,129.7875,380,128.63,128.2364,26.6165,101
728,314.802,31795,129.2,385,128.87,128.5842,27.0949,101
729,316.7647,32310,129.9375,383,128.53,128.1968,26.996,102
730,319.1569,32554,131.4875,384,130.64,128.2429,26.9292,102
731,317.7353,32409,129.75,381,130.29,127.7895,27.7428,102
732,316.9143,33276,131.0375,385,129.22,127.3748,26.9907,105
733,318.5238,33445,129.75,406,129.52,127.4536,27.4477,105
734,317.2376,32041,128.6625,381,128.21,127.29,27.2941,101
735,318.8416,32203,129.2,399,128.32,127.4315,27.657,101
736,319.2039,32878,130.525,386,129.98,126.8828,27.7317,103
737,314.9406,31809,130.7875,389,128.78,127.0073,28.0054,101
738,317.981,33388,131.7375,389,129.92,126.3837,27.6376,105
739,316.25,32890,130.3625,371,129.34,126.5956,28.1928,104
740,316.2277,31939,129.5625,413,127.69,126.2544,28.2943,101
741,313,31926,130.625,410,129.49,126.3502,28.6083,102
742,310.5714,32610,129.6375,391,129.39,125.9768,28.1776,105
743,314.5577,32714,128.625,425,128.82,125.8545,28.0317,104
744,310.7255,31694,130.4125,381,129.95,126.0985,28.1289,102
745,312.534,32191,129.4,386,129.53,125.7127,27.745,103
746,309.049,31523,130.0875,387,129.64,125.9542,28.2619,102
747,309.4554,31255,129.1625,382,129.19,125.9182,28.6424,101
748,308.0291,31727,129.6625,375,128.74,125.9672,28.4929,103
749,313.3627,31963,131.1625,384,129.87,125.766,28.3244,102
750,312.1089,31523,129.9,406,129.6,125.8921,28.2496,101
751,304.2056,32550,128.1875,381,129.1,125.9551,28.0327,107
752,310.2178,31332,129.075,373,129.9,126.4616,28.153,101
753,307.2427,31646,130.2,398,129.27,126.0926,28.3317,103
754,308.3846,32072,129.05,384,128.17,126.0777,27.8598,104
755,309.6961,31589,129.5125,373,129.63,125.9802,28.3195,102
756,311.1782,31429,129.8,388,128.8,126.0321,27.9139,101
757,306.9314,31307,129.5125,403,129.07,126.1191,28.2336,102
758,306.5941,30966,129.7875,370,130.02,126.5047,28.2565,101
759,307.3465,31042,128.8375,379,128.11,126.6555,28.0923,101
760,307.3786,31660,128.8375,367,128.82,126.8066,28.0571,103
761,307.6699,31690,129.15,384,127.65,126.3962,27.2537,103
762,303.5192,31566,129.2625,397,129.4,126.5074,27.5117,104
763,306.7087,31591,130.5625,381,130.76,126.5548,27.469,103
764,305.6832,30874,128.7625,379,128.96,126.9152,27.8669,101
765,306.5714,32190,129.475,370,128.35,127.1015,27.4347,105
766,308.1863,31435,130.35,365,129.93,126.6682,27.6757,102
767,301.0198,30403,131.1125,353,129.44,126.7237,28.0113,101
768,306.1078,31223,130.15,377,129.27,126.4975,27.7939,102
769,305.9703,30903,129.6,360,129.19,126.6839,28.0763,101
770,310.1569,31636,128.375,406,128.31,126.9214,27.8669,102
771,308.3942,32073,131.05,395,129.34,126.5184,28.1823,104
772,304.7327,30778,130.25,382,129.16,127.0368,28.4789,101
773,307.6893,31692,129.825,368,129.18,126.4558,28.2561,103
774,305.0693,30812,129.525,369,129.29,126.625,28.6228,101
775,307.5588,31371,129.975,378,128.34,126.8664,28.6211,102
776,305.1078,31121,129.0875,403,129.4,126.7915,28.1379,102
777,305.7723,30883,130.0375,380,129.72,126.668,28.5486,101
778,307.6827,31999,128.575,385,128.36,126.5943,28.9875,104
779,306.6471,31278,129.9875,397,128.33,127.1059,28.7468,102
780,303.7308,31588,129.625,401,129.28,127.1799,28.7872,104
781,308.7327,31182,130.5875,393,128.72,126.1685,28.4074,101
782,307.6321,32609,130.725,374,130.67,126.2112,28.5425,106
783,306.8922,31303,128.4625,376,128.47,126.8925,29.1669,102
784,310.0495,31315,132.2,391,129.64,126.4018,28.6731,101
785,305.5429,32082,127.875,395,128.7,125.7198,28.1675,105
786,306.6698,32507,128.95,388,128.21,126.0923,28.1441,106
787,308.3529,31452,129.7375,366,130.97,125.932,29.2034,102
788,305.7723,30883,129.8875,372,129.15,126.2299,28.4988,101
789,309.604,31270,129.5375,379,128.82,126.2745,28.0396,101
790,311.8515,31497,131.6875,437,130.57,126.3744,28.7075,101
791,314.5842,31773,129.9375,395,128.77,125.9511,29.1455,101
792,311.534,32088,131.6375,385,130.12,126.2672,28.8431,103
793,310.4455,31355,130.075,400,128.61,126.1302,29.1948,101
794,310.6275,31684,132.3625,366,131.09,126.0962,28.7524,102
795,305.6075,32700,127.6875,395,128.71,126.3901,28.8576,107
796,310.3465,31345,129.55,363,129.06,126.4324,28.6279,101
797,312.6226,33138,130.0125,407,129.19,126.2341,28.9788,106
798,308.2294,33597,130.1125,394,129.59,126.5211,28.6846,109
799,309.3861,31248,130.4375,369,129.74,125.9881,29.2559,101
800,312.8614,31599,130.9625,384,129.27,126.482,28.8713,101
801,310.3824,31659,130.1875,381,129.94,126.1912,29.2777,102
802,314.7157,32101,129.2875,387,128.39,125.5976,28.6833,102
803,310.5588,31677,130.3875,389,130.16,125.4138,29.0585,102
804,308.9505,31204,130.6,398,130.6,125.7666,29.5402,101
805,309.0693,31216,131.4375,393,129.31,125.3248,28.8285,101
806,310.3529,31656,130.775,374,130.93,125.4339,29.1391,102
807,307.5098,31366,129.6625,371,130.18,125.7433,29.0851,102
808,310.5196,31673,132.8625,377,130.52,125.2367,28.9358,102
809,308.5446,31163,131.825,386,130.87,125.4406,29.2462,101
810,307.7864,31702,130.7375,387,130.04,125.6334,29.1857,103
811,304.1089,30715,130.4375,381,129.04,125.1094,29.1793,101
812,309.4257,31252,129.875,393,129.93,124.8511,29.2373,101
813,304.4752,30752,129.425,384,130.21,124.8559,29.1928,101
814,308.7059,31488,131.6125,381,131.16,125.0101,29.6326,102
815,309.2475,31234,131.075,392,130.55,124.6745,29.0107,101
816,307.5392,31369,131.5125,378,130.14,124.3752,28.9533,102
817,302.6733,30570,130.75,355,130.77,124.3961,28.7791,101
818,307.7143,32310,130.05,404,131.26,124.5262,28.9936,105
819,308.6733,31176,129.6625,388,129.31,124.3365,28.8625,101
820,308.5784,31475,130.1625,380,130.24,124.6077,29.3047,102
821,307.7327,31081,129.35,351,129.7,124.5819,29.5764,101
822,302.6635,31477,130.675,367,130.66,124.1891,29.2487,104
823,304.5437,31368,130.625,379,130.5,124.3068,29.5577,103
824,305.4095,32068,132.4625,393,132.19,123.9972,29.0393,105
825,309.7129,31281,130.5875,372,130.38,123.9881,29.3949,101
826,308.2475,31133,129.775,366,130.17,123.8607,29.5396,101
827,307.9118,31407,131.25,380,131.57,123.86,30.2121,102
828,308.6635,32101,128.4875,402,129.34,123.616,29.1725,104
829,307.9808,32030,131.65,366,130.84,123.688,30.3659,104
830,308.0769,32040,131.45,359,130.75,123.8253,29.6249,104
831,305.5192,31774,129.9875,373,130.33,123.7873,29.2925,104
832,309.0485,31832,130.5,378,130.59,123.9326,29.6318,103
833,316.9208,32009,130.95,385,131.31,123.9801,29.3466,101
834,308.6238,31171,129.025,386,130.51,123.9444,30.0224,101
835,307.3558,31965,131.2625,395,131.12,124.4752,29.2252,104
836,312.4257,31555,130.725,383,130.15,124.1572,29.3691,101
837,307.9412,31410,131.525,367,132.38,123.7172,29.5625,102
838,308.9223,31819,130.8375,369,131.5,123.8512,29.7188,103
839,308.6442,32099,130.0875,373,130.08,123.7086,29.497,104
840,304.297,30734,130.525,390,129.98,124.2522,29.2633,101
841,307.2136,31643,130.9875,400,130.55,124.1534,29.1881,103
842,303.0865,31521,129.775,391,129.06,124.0449,29.522,104
843,304.9515,31410,131.3875,367,131.19,123.9102,28.889,103
844,306.4078,31560,130.4625,377,130.11,123.7111,29.8722,103
845,305.5446,30860,131.0875,376,131.12,123.8269,29.5344,101
846,309.9327,32233,131.2875,378,131.84,123.9291,29.3916,104
847,309.0874,31836,131.5,374,132.33,124.1095,29.7105,103
848,309.2772,31237,130.5,397,130.85,124.3958,30.2221,101
849,312.2941,31854,129.2,376,129.66,124.2373,29.5369,102
850,309.7228,31282,132.1,376,131.77,124.1923,29.8548,101
851,307.6078,31376,130.025,384,130.3,124.2186,30.1017,102
852,307.3861,31046,130.0375,358,130.14,124.0159,29.9966,101
853,309.7129,31281,131.0625,358,131.58,124.2696,29.2893,101
854,305.3178,32669,129.8375,373,129.83,124.3937,29.7948,107
855,310.7426,31385,131.25,377,131.16,124.3678,29.6638,101
856,307.7453,32621,129.6625,380,129.65,124.1343,29.4255,106
857,309.4423,32182,129.7,420,130,124.0658,28.9149,104
858,308.8039,31498,129.1375,401,130.55,124.2487,28.9634,102
859,306.0096,31825,130.7,360,130.89,124.1598,29.2845,104
860,305.902,31202,130.85,370,131.49,124.3199,29.1401,102
861,308.1485,31123,131.625,373,130.86,124.3629,28.9597,101
862,308.7426,31183,129.225,397,128.96,124.5349,28.9336,101
863,307.9804,31414,131.65,364,132.27,124.4009,28.6573,102
864,306.0396,30910,130.5,350,131.41,124.6562,28.7015,101
865,307.2549,31340,129.925,361,129.61,124.2424,28.8472,102
866,304.5588,31065,132.3,378,131.71,124.6808,29.0941,102
867,305.6827,31791,132.4875,363,131.53,124.3392,28.015,104
868,307.0792,31015,130.225,390,130.65,124.9352,28.7766,101
869,306.3235,31245,130.2875,372,131.06,124.8513,29.0049,102
870,307.0784,31322,131.1875,378,130.28,124.2409,27.9338,102
871,308.6542,33026,130.5125,394,129.93,125.232,28.4057,107
872,307.4804,31363,131.875,396,130.97,125.4289,28.0417,102
873,305.3663,30842,129.7,378,130.03,125.4365,27.9896,101
874,305.1584,30821,129.075,382,129.51,125.3047,28.0825,101
875,305.0396,30809,130.025,377,129.43,125.9053,27.0797,101
876,302.581,31771,129.0625,362,130,125.6814,27.5897,105
877,301.5905,31667,130.9375,380,130.17,125.7166,27.0384,105
878,304.9706,31107,130.65,365,130.44,126.0747,27.6085,102
879,303.5347,30657,128.45,390,128.75,125.7918,27.2208,101
880,302.9259,32716,131,376,129.72,126.7793,28.1588,108
881,307.4466,31667,131.125,373,130.17,125.6506,27.3957,103
882,301.6762,31676,129.7125,363,129.38,125.7416,27.0525,105
883,305.8058,31498,129.425,371,130.94,125.9801,27.0504,103
884,306.6238,30969,130.825,356,130.75,125.7436,26.8105,101
885,303.5743,30661,129.8,410,128.84,125.6328,26.9546,101
886,304.1667,31025,131.825,378,131.96,126.1927,27.2259,102
887,307.5545,31063,131.325,397,131.94,125.9292,26.8683,101
888,307.5446,31062,129.1875,361,129.11,126.4059,26.8211,101
889,306.6408,31584,131.4,383,131.7,126.3465,27.1331,103
890,304.4571,31968,129.8375,423,129.25,126.8163,27.0363,105
891,306.2673,30933,129.5,358,130.58,126.4652,27.4077,101
892,303.6078,30968,132.4375,387,131.24,126.4423,27.4867,102
893,299.0476,31400,130.325,369,129.63,126.475,26.9604,105
894,303.625,31577,129.65,385,129.37,126.3624,26.9718,104
895,303.1176,30918,129.275,405,128.85,126.6192,26.5591,102
896,302.2816,31135,132.0375,354,131.81,126.7024,26.5737,103
897,301.3832,32248,131.775,385,129.58,126.5424,26.5031,107
898,301.3861,30440,130.4625,375,130.49,126.7485,26.869,101
899,304.9038,31710,129.2125,384,129.96,126.7528,26.7954,104
900,303.703,30674,130.575,390,130.29,126.9577,26.64,101
901,303.2136,31231,129.15,362,128.71,127.3319,26.015,103
902,300.0294,30603,130.8625,386,130.55,127.5916,25.9969,102
903,300.9902,30701,130.8625,383,129.94,127.2132,26.3417,102
904,304.098,31018,128.1875,367,129.1,127.3407,26.0058,102
905,304.9109,30796,132.125,375,131.69,127.6366,26.3158,101
906,303.5769,31572,132.375,385,131.37,128.4156,25.4229,104
907,302.0286,31713,130.4,367,129.51,128.2428,24.9114,105
908,303.0891,30612,131.1375,383,129.15,129.1391,24.8961,101
909,299.2647,30525,130.4875,345,128.03,129.4294,25.0726,102
910,298.4554,30144,130.2125,369,128.49,129.5545,24.516,101
911,301.0755,31914,130.4875,367,129.84,129.8759,23.6459,106
912,303.8713,30691,131.4375,345,127.9,129.8033,23.79,101
913,300.4717,31850,129.3875,356,129.15,130.5541,23.439,106
914,302.9406,30597,131.825,398,127.64,129.9324,23.1923,101
915,303.0849,32127,129.45,374,128.63,130.179,23.0898,106
916,302.5481,31465,130.8,376,128.92,130.8002,23.087,104
917,302.2376,30526,129.475,352,129.07,130.9547,23.4504,101
918,302.5882,30864,129.9,363,128.01,130.8202,22.9077,102
919,303.1765,30924,131.15,376,128.47,130.6966,23.1975,102
920,302.6535,30568,130.5875,359,127.67,130.6545,22.6318,101
921,303.1275,30919,130.6625,375,129.22,130.8557,22.6919,102
922,303.7255,30980,129.975,367,129.13,131.0226,23.5219,102
923,300.8922,30691,130.725,359,128.53,131.0779,22.712,102
924,303.7843,30986,130.9125,376,128.35,131.0962,22.8585,102
925,302.0971,31116,130.275,362,129.15,131.0667,22.7349,103
926,299.6765,30567,130.825,388,128.39,131.6028,22.9882,102
927,301.835,31089,131.475,378,128.65,131.5329,22.7754,103
928,294.2136,30304,129.975,353,128.47,131.4817,22.4689,103
929,299.6346,31162,130.25,368,128.37,131.3411,21.6141,104
930,299.6275,30562,129.625,359,128.03,131.3736,22.2863,102
931,302.8317,30586,129.875,368,128.52,131.4264,22.5734,101
932,300.4804,30649,130.7625,364,127.66,131.7654,22.336,102
933,296.301,30519,130.45,351,129.15,131.9211,22.4235,103
934,300.2376,30324,128.575,373,127.64,131.7613,22.3936,101
935,295.4808,30730,130.3125,350,127.44,132.0314,21.9723,104
936,296.1176,30204,130.8125,379,127.95,131.8676,21.8491,102
937,296.7843,30272,128.575,352,127.8,131.9598,22.1674,102
938,299.1748,30815,130.725,402,128.92,131.782,22.0376,103
939,296.3143,31113,130.8875,392,127.55,131.8931,21.4574,105
940,298.8447,30781,129.425,393,127.92,132.0715,21.9996,103
941,298.8317,30182,128.9375,360,126.42,131.8912,21.6439,101
942,300.6311,30965,129.6625,374,128.17,132.4052,22.1926,103
943,296.381,31120,130.2375,361,127.54,132.1013,21.9128,105
944,298.375,31031,129.8125,355,127.47,132.0898,22.5012,104
945,301.5248,30454,130.3625,353,127.42,132.2842,21.728,101
946,302.1386,30516,131.5875,372,128.43,132.2064,22.1291,101
947,303.1068,31220,131.0625,358,128.52,132.2659,22.1923,103
948,304.8529,31095,130.8125,365,128.45,132.0124,21.6791,102
949,305.8713,30893,130.7125,381,127.52,132.1944,22.2984,101
950,302.5146,31159,129.3375,358,126.86,132.2892,22.2035,103
951,302.0294,30807,130.825,371,127.67,131.9708,21.6904,102
952,296.7523,32346,131.1625,355,128.5,132.1219,21.8787,109
953,301.7941,30783,130.1125,354,129.12,132.0632,21.8436,102
954,297.9417,30688,131.0375,376,127.16,132.4208,21.9657,103
955,300.7745,30679,128.4875,355,127.37,132.5661,22.3643,102
956,299.2059,30519,132.125,357,127.68,131.9871,22.0299,102
957,297.5631,30649,130.55,357,126.86,132.5197,22.3775,103
958,303.0588,30912,132.9375,407,129.09,132.2539,22.2309,102
959,296.7961,30570,129.95,365,129.02,132.0997,22.3229,103
960,296.7327,29970,131.15,356,127.39,131.9273,21.8525,101
961,295.1188,29807,131.275,352,127.9,131.8608,22.4092,101
962,296.6961,30263,129.175,370,128.01,131.8645,21.8037,102
963,295.8713,29883,128.5625,362,127.65,132.0424,22.3493,101
964,298.3883,30734,129.6875,356,128.77,132.0681,22.147,103
965,292.5825,30136,131.125,363,127.38,132.1571,22.3409,103
966,293.7143,30840,129.7,372,127.49,132.1849,22.2873,105
967,296.243,31698,132.025,373,129.38,132.1951,22.406,107
968,296.6019,30550,130.7875,354,127.79,132.286,22.8094,103
969,297.8922,30385,129.4125,391,127.16,132.1705,22.2838,102
970,296.3922,30232,129.7875,350,126.83,132.2134,22.0581,102
971,294.9406,29789,128.525,366,128.1,131.7815,22.493,101
972,293.0583,30185,129.775,360,128.55,132.4143,22.6369,103
973,291.9706,29781,129.65,352,127.88,132.1289,22.3958,102
974,300,30300,133.125,360,128.18,132.1458,22.2051,101
975,293.0588,29892,128.875,359,128.01,132.0702,22.4259,102
976,292.5429,30717,129.7875,350,128.05,132.1879,22.0428,105
977,298.7549,30473,129.0375,410,130.17,132.1199,22.2573,102
978,293.0588,29892,130.9375,352,129.22,131.8672,22.1773,102
979,293.1887,31078,129.7625,359,128.87,131.9082,22.2045,106
980,294.3039,30019,129.5,347,128.09,131.9952,22.5696,102
981,289.4563,29814,129.05,373,127.42,131.6681,22.2607,103
982,294.0693,29701,128.4875,351,127.6,131.7504,22.5079,101
983,294.4135,30619,130.75,354,127.48,131.932,22.52,104
984,295.8119,29877,132.4375,350,129.34,131.8452,22.569,101
985,294.6238,29757,129.6375,360,128.18,132.072,22.2604,101
986,292.6238,29555,130.9125,359,128.11,132.1842,22.132,101
987,294.3725,30026,129.025,348,128.47,132.2453,22.3701,102
988,295.1165,30397,130.4875,352,128.6,131.8527,22.9006,103
989,296.2475,29921,131.025,364,129.39,131.7049,22.5248,101
990,291.7476,30050,131.225,371,130.04,131.8512,22.8296,103
991,296.5,30243,129.2625,374,126.25,131.7143,22.5828,102
992,292.4257,29535,131.75,369,127.93,131.5394,22.2391,101
993,292.1961,29804,130.2625,355,128.21,131.8357,22.6633,102
994,295.2404,30705,130,364,127.36,131.8145,22.3107,104
995,293.4902,29936,129.625,371,128.93,132.1276,22.547,102
996,294.9135,30671,130.025,391,127.8,131.6402,22.8269,104
997,291.1923,30284,130.4125,380,127.57,132.098,22.6972,104
998,293.1415,31073,131.95,348,128.21,131.6539,22.5773,106
999,293.9706,29985,129.4,350,127.69,131.381,22.2562,102
1000,290.4412,29625,129.375,362,127.7,131.3723,22.1627,102
1001,295.2277,29818,127.5125,370,128.54,131.8814,22.862,101
1002,290.8317,29374,130.1875,333,128.09,131.7454,22.3557,101
1003,293.2752,31967,129.875,350,128.81,132.2013,22.8947,109
1004,294.2843,30017,129.65,369,127.66,132.1486,22.2744,102
1005,291.7451,29758,128.925,361,126.94,132.2408,22.3583,102
1006,291.068,29980,129.7625,354,128.55,131.9969,22.1594,103
1007,291.5248,29444,130.3,373,128.45,132.2657,21.9768,101
1008,292.1359,30090,130.8,329,127.18,132.6055,22.1778,103
1009,295.6078,30152,131.0125,356,126.79,132.0244,22.0026,102
1010,288.5446,29143,129.975,344,127.72,132.269,22.5132,101
1011,291.8713,29479,130.3625,352,127.94,132.322,22.0428,101
1012,294.2136,30304,132.4875,355,127.22,132.5349,22.5362,103
1013,290.9423,30258,131.025,360,127.39,132.4673,22.2241,104
1014,288.0392,29380,128.8875,359,127.96,132.5318,22.1957,102
1015,290.8235,29664,130.2875,352,128.25,132.7655,22.2266,102
1016,293.9406,29688,129.65,361,127.42,132.5701,22.2305,101
1017,288.2621,29691,129.8,343,126.29,132.5526,22.064,103
1018,288.7255,29450,130.2625,353,126.74,132.7085,21.445,102
1019,292.6699,30145,131.2125,349,126.86,132.6759,21.5812,103
1020,291.7059,29754,129.9625,354,127.43,132.4306,21.3934,102
1021,290.0485,29875,130.625,335,126.77,132.6296,22.0926,103
1022,294.1471,30003,129.5,351,127.8,132.7095,22.2399,102
1023,288.8095,30325,131.7125,343,126.84,132.3863,22.1102,105
1024,293.8218,29676,131.6125,354,128.04,132.4741,21.5002,101
1025,293.1386,29607,129.925,369,127.77,132.747,21.9809,101
1026,289.9406,29284,129.6625,355,126.39,132.2706,22.1723,101
1027,289.8,30429,128.725,357,127.43,132.7173,22.6032,105
1028,288.219,30263,131.65,362,129.53,132.6333,21.9895,105
1029,290.198,29310,127.8875,364,127.38,132.3784,22.0521,101
1030,290.0196,29582,129.575,369,128.71,132.8165,22.0263,102
1031,286.1333,30044,133.125,334,128.02,132.485,21.9042,105
1032,288.3204,29697,129.4,362,127.65,132.6596,22.0865,103
1033,292.75,30446,132.0875,346,128.92,132.6182,21.9844,104
1034,291.4272,30017,131.2,376,127.63,132.5206,22.2438,103
1035,287.6863,29344,130.4875,351,129.03,132.089,21.3125,102
1036,290.3143,30483,130.6,368,127.52,132.5114,22.0205,105
1037,290.5941,29350,131.525,361,127.28,132.6058,21.9653,101
1038,289.9238,30442,130.275,349,126.32,132.7594,21.8111,105
1039,289.4118,29520,129.4625,348,127.4,132.6934,22.4873,102
1040,288.4216,29419,130.7875,355,128.01,132.8357,22.2726,102
1041,291.5294,29736,130.15,364,128.2,132.6238,22.8463,102
1042,287.7019,29921,130.3,353,127.46,132.6025,21.7414,104
1043,289.5686,29536,130.7,344,127.28,132.6463,22.0956,102
1044,286.5,29223,130.625,335,127.12,132.653,21.6309,102
1045,285.9417,29452,129.55,352,126.45,132.8165,21.7827,103
1046,287.8942,29941,130.8375,363,127.42,132.4195,21.486,104
1047,292.8614,29579,129.7,378,127.5,132.7376,22.1799,101
1048,291.5472,30904,129.85,346,126.88,132.3993,22.0091,106
1049,287.5098,29326,129.6125,358,126.18,132.5794,21.5883,102
1050,289.9608,29576,129.275,355,127.5,132.6425,21.8305,102
1051,288.1176,29388,130.9,347,127.22,132.8705,22.4375,102
1052,287.7549,29351,130.925,332,127.04,132.5138,22.1338,102
1053,294.5248,29747,130.6875,379,130.19,132.7451,22.5056,101
1054,293.0686,29893,131.45,370,127.95,132.4209,22.1776,102
1055,292.3366,29526,130.175,346,127.48,132.3014,22.1411,101
1056,291.1188,29403,129.925,347,126.51,132.4983,22.7032,101
1057,288.3922,29416,128.9375,340,128.58,132.5358,22.226,102
1058,291.0392,29686,131.85,352,127.68,132.181,22.1468,102
1059,289.8972,31019,127.95,353,127.3,132.5074,21.8961,107
1060,291.2308,30288,130.9625,373,126.71,132.4913,22.271,104
1061,290.6634,29357,131.0625,358,127.67,132.8176,22.0702,101
1062,287.7379,29637,130.5875,343,127.5,132.5156,22.3302,103
1063,290.1188,29302,131.85,340,128.08,132.2069,22.0921,101
1064,289.2019,30077,130.4125,372,126.76,132.5454,22.16,104
1065,288.8317,29172,130.3375,330,128.15,132.3025,21.7922,101
1066,292.3465,29527,129.025,364,126.61,132.7286,21.6754,101
1067,292.3824,29823,127.8125,359,127.13,132.6058,21.5434,102
1068,287.3366,29021,130.025,334,128.41,132.6796,21.8639,101
1069,286.2871,28915,129.3875,329,127.14,132.4929,21.8224,101
1070,287.3267,29020,131.9,381,126.65,132.2512,21.7595,101
1071,289.4563,29814,130.225,366,126.98,132.5662,22.1101,103
1072,287.6863,29344,131.225,338,128.1,132.3021,21.8054,102
1073,287.3861,29026,130.8125,358,126.12,132.9476,21.8682,101
1074,288.7157,29449,131.85,349,129.18,132.7024,21.3536,102
1075,291.9126,30067,129.9125,348,127.28,132.6199,21.4637,103
1076,291.9307,29485,130.5,352,129.59,132.8339,21.7818,101
1077,292.3495,30112,130.9375,359,127.27,132.3507,21.4021,103
1078,288.4272,29708,128.9375,344,127.72,132.5869,21.6374,103
1079,285.8868,30304,129.4125,334,127.01,132.5843,21.2246,106
1080,287.5644,29044,130.8375,329,127.71,133.2291,21.7048,101
1081,287.6346,29914,129.1,346,126.78,132.6969,21.8335,104
1082,288.7767,29744,131.4375,361,128.54,132.9523,21.572,103
1083,289.0792,29197,129.8,346,126,132.4871,22.0649,101
1084,290.3137,29612,130.45,365,127.31,132.7329,21.5356,102
1085,290.099,29300,130.075,364,125.81,133.0051,21.6073,101
1086,289.1765,29496,130.175,367,127.27,133.1519,21.6502,102
1087,286.8235,29256,131.1375,345,126.97,132.8769,21.3984,102
1088,289.8077,30140,129.725,350,128.36,132.9958,22.0511,104
1089,289.6569,29545,129.3625,361,128.37,133.0306,21.5313,102
1090,287.0784,29282,130.5375,350,126.88,132.8599,21.0598,102
1091,287.8095,30220,128.825,349,128.13,133.0654,20.9372,105
1092,283.375,29471,129.2625,349,127,132.793,21.0143,104
1093,287.2843,29303,128.8875,338,126.87,133.0786,21.0709,102
1094,287.9307,29081,129.3875,373,126.5,132.856,21.7124,101
1095,287.7087,29634,126.9375,333,127.55,132.8048,21.7389,103
1096,285.3905,29966,129.0875,324,126.14,132.6664,21.5379,105
1097,292.901,29583,130.2125,394,127.97,132.619,21.3368,101
1098,290.4608,29627,130.55,374,127.08,132.6618,21.7958,102
1099,289.5437,29823,130.3875,370,126.22,132.393,21.5874,103
1100,285.6635,29709,130.55,343,126.66,133.0676,21.3499,104
1101,287.8713,29075,130.5125,343,127.32,132.8895,21.3614,101
1102,289.9412,29574,128.975,366,127.84,132.9047,22.2847,102
1103,289.5882,29538,130.9625,346,127.53,132.0893,21.8421,102
1104,288.8317,29172,127.6625,341,128.47,132.6388,21.9268,101
1105,289.1456,29782,129.775,360,125.99,132.5014,21.9876,103
1106,285.402,29111,129.625,342,127.15,132.5111,22.0534,102
1107,287.2549,29300,130.9375,343,127.46,132.6519,21.7641,102
1108,283.5437,29205,128.4875,337,128.37,133.1543,21.3729,103
1109,289.9314,29573,129.4875,339,125.75,132.7577,21.7008,102
1110,286.0769,29752,128.475,360,126.81,132.875,21.8811,104
1111,286.9208,28979,130.7875,362,128.4,132.6914,21.5836,101
1112,286.8,30114,131.2,357,127.63,133.0405,21.7326,105
1113,284.2673,28711,129.6375,340,127.17,132.4998,21.5999,101
1114,287.396,29027,130.3125,350,127.43,132.8773,21.3922,101
1115,290.2353,29604,128.8625,358,128.1,132.8858,21.4406,102
1116,284.3173,29569,130.8375,334,127.12,133.088,21.5582,104
1117,285.0686,29077,130.2625,332,126.45,132.6276,20.8215,102
1118,287,29274,128.925,354,128.34,133.0416,21.637,102
1119,289.9703,29287,129.075,350,126.7,133.0003,21.3646,101
1120,287.4455,29032,131.4,332,127.28,133.2078,21.8046,101
1121,288.6634,29155,130.225,374,126.26,133.2448,21.9783,101
1122,286.5,29796,131.5875,342,126.34,132.6698,21.3904,104
1123,284.7327,28758,130.6375,352,126.54,133.05,21.4556,101
1124,287.0194,29563,130.8875,334,127.99,132.8724,20.7178,103
1125,283.6569,28933,129.275,346,126.96,132.933,21.2402,102
1126,283.7981,29515,130.4875,340,126.2,132.813,20.9708,104
1127,285.7327,28859,127.45,356,126.37,132.9682,20.8912,101
1128,286.0388,29462,129,355,127.31,132.9804,20.6046,103
1129,281.9126,29037,129.3875,346,127.84,133.1535,21.247,103
1130,279.5922,28798,130.1,329,127.17,133.3548,21.4088,103
1131,283.0792,28591,129.0625,341,127.56,133.1088,20.5431,101
1132,280.8365,29207,128.1625,328,127.53,133.286,21.0597,104
1133,279.3491,29611,131.7,347,127.16,133.6358,21.3886,106
1134,282.297,28512,131.0375,335,127.09,133.4143,20.7363,101
1135,278.3942,28953,130.6625,336,126.31,133.0527,20.3447,104
1136,282.9515,29144,129.35,354,126.01,133.2743,20.6382,103
1137,282.6132,29957,129.7625,341,127.78,133.1972,20.5858,106
1138,282.2673,28509,130.3875,358,127.62,133.5653,21.27,101
1139,281.1538,29240,131.3625,339,128.32,133.24,20.9037,104
1140,282.6832,28551,129.1,337,126.22,133.4183,20.6458,101
1141,280.9903,28942,130.7,359,125.55,133.7121,20.6825,103
1142,280.4752,28328,132.0125,327,129.47,133.6001,20.2184,101
1143,280.2816,28869,128.825,345,126.82,133.5294,20.6149,103
1144,283.902,28958,129.9,335,126.67,133.695,20.8005,102
1145,281.5941,28441,128.9375,333,125.21,133.4115,20.5823,101
1146,279.802,28260,129.1375,343,127.05,133.6682,20.3417,101
1147,281.9406,28476,130.5,343,126.81,133.463,21.02,101
1148,279.8447,28824,130.8625,342,127.27,133.4608,20.329,103
1149,282.6733,28550,129.8,338,126.81,133.7924,20.8738,101
1150,283.9612,29248,130.3,345,128.21,133.6034,20.637,103
1151,280.951,28657,129.6875,350,127.44,133.6925,20.9499,102
1152,285.2451,29095,130.9,342,128.63,133.2804,20.7898,102
1153,281.0388,28947,129.3625,337,126.82,133.3579,20.7734,103
1154,282.5385,29384,132.4875,329,127.69,133.342,20.2918,104
1155,284.549,29024,131.825,363,127.08,133.6533,21.166,102
1156,282,28764,129.6125,331,128.05,133.3685,20.4556,102
1157,285.1765,29088,129.0875,356,127.83,133.3596,20.3998,102
1158,281.4299,30113,129.375,329,127.91,133.5179,20.7205,107
1159,283.5248,28636,129.1375,334,127.46,133.1337,20.9783,101
1160,281.3235,28695,130.7,323,127.99,132.719,21.144,102
1161,283.781,29797,131.9875,341,127.53,132.1564,22.1441,105
1162,283.125,29445,131.975,347,128.59,131.9865,22.423,104
1163,286.7745,29251,131.0125,347,127.85,131.7963,22.5974,102
1164,289.5825,29827,130.9,347,125.99,131.6039,22.7576,103
1165,289.466,29815,131.4125,343,130.2,131.2128,22.6025,103
1166,284.5446,28739,130.2625,332,128.69,131.0752,22.8613,101
1167,285.598,29131,129.75,336,128.35,130.389,22.7556,102
1168,282.198,28502,128.65,348,128.12,130.0634,22.7454,101
1169,284.402,29009,130.275,337,128.37,131.0374,23.8938,102
1170,286.2673,28913,129.0875,338,128.84,130.3809,24.0786,101
1171,282.8426,30547,127.975,330,128.34,130.5056,23.9393,108
1172,288.198,29108,128.275,345,128.35,130.3135,24.7703,101
1173,285.6019,29417,130.2125,344,128.23,130.1008,24.3029,103
1174,283.902,28958,131.2875,343,129.78,129.9321,24.4899,102
1175,287.1038,30433,130.0625,334,127.79,129.5372,23.4629,106
1176,287.1667,29291,131.6375,336,128.21,129.7642,24.1193,102
1177,287.3301,29595,132.1125,353,128.89,129.3201,23.6948,103
1178,286.8269,29830,129.7,349,128.47,129.1123,24.0373,104
1179,287.0196,29276,129.7125,336,128.26,129.0035,23.7063,102
1180,286.6311,29523,128.725,327,128.05,129.3061,25.1267,103
1181,287,29274,130.35,330,129.69,128.9122,24.3706,102
1182,285.3125,31955,129.5375,354,130.3,129.0915,24.0305,112
1183,286.3824,29211,128.0625,335,128.78,128.5119,24.0637,102
1184,288.1683,29105,131.7625,348,129.77,129.2819,25.0076,101
1185,284.2913,29282,130.7,340,129.96,129.2882,24.2938,103
1186,286.3495,29494,130.3375,347,127.57,129.1249,24.07,103
1187,284.3627,29005,130.4375,342,129.31,129.7451,24.4961,102
1188,283.8739,31510,130.575,357,128.51,129.7763,24.5356,111
1189,285.1604,30227,131.5625,334,128.73,129.0946,24.6495,106
1190,286.2277,28909,131.325,348,128.61,128.9836,24.1598,101
1191,284.0374,30392,130.775,333,127.43,129.2619,24.121,107
1192,284.5769,29596,130.475,353,128.29,128.9301,24.1257,104
1193,283.4466,29195,129.2125,362,127.66,129.1686,24.0959,103
1194,286.9519,29843,130.5875,328,128.93,129.4451,23.7323,104
1195,287.1078,29285,130.0625,329,130.02,129.3717,23.878,102
1196,284.3396,30140,130.025,342,128.19,129.7251,24.0663,106
1197,286.2059,29193,130.65,330,129.4,130.6139,23.8833,102
1198,282.2692,29356,130.175,348,127.63,130.1936,23.7598,104
1199,288.3824,29415,130.7125,399,127.62,130.1455,24.0296,102
1200,286.1905,30050,130.8625,336,128.2,130.3689,23.8564,105
1201,284.3725,29006,129.5125,334,129.17,130.5661,23.665,102
1202,281.9915,32993,130.3125,338,128.51,130.2446,23.5102,117
1203,284.8627,29056,131.25,340,127.79,130.203,23.3543,102
1204,285.0291,29358,129.9125,346,127.13,130.3056,23.8607,103
1205,283.8462,29520,130.2375,346,128.01,130.0941,23.1672,104
1206,284.2772,28712,129.5375,325,129.83,129.6545,23.3989,101
1207,283.6931,28653,130.2,341,128.67,130.3537,23.154,101
1208,282.5743,28540,129.7375,322,127.96,129.8784,23.6381,101
1209,284.4902,29018,128.925,357,128.7,130.5398,23.6574,102
1210,282.6321,29959,130.175,334,128.74,130.2396,23.7336,106
1211,284.2353,28992,130.4625,334,127.72,130.3158,23.7666,102
1212,284.5294,29022,129.4125,323,127.91,130.5728,24.0757,102
1213,285.3168,28817,131.3375,347,128.56,130.4052,23.7108,101
1214,283.7019,29505,127.9375,332,127.59,130.5426,23.8028,104
1215,282.9109,28574,130.4375,331,127.21,129.8371,23.5471,101
1216,286.4804,29221,129.3375,328,129.38,130.4416,23.5657,102
1217,286.099,28896,131.2375,344,130.56,130.3494,24.4224,101
1218,285.3168,28817,132.2625,331,128.92,130.3311,23.4735,101
1219,286.5,29796,128.6625,356,127.98,129.4812,24.107,104
1220,283.549,28922,128.9625,342,127.95,130.2785,23.7824,102
1221,287.1287,29000,131.9125,343,129.77,130.081,24.5237,101
1222,284.4902,29018,129.7625,353,127.97,129.3888,24.3608,102
1223,281.0096,29225,129.5625,347,129.76,130.0889,24.2576,104
1224,283.5534,29206,127.6,338,128.12,129.8195,24.3109,103
1225,289.8627,29566,130.4,352,128.35,130.1882,24.2207,102
1226,286.0381,30034,130.9125,352,128.87,129.9654,24.0058,105
1227,286.6286,30096,130.725,335,128.8,130.3156,24.0382,105
1228,282.6635,29397,129.5,325,129.83,129.9999,24.6632,104
1229,287.2255,29297,130,331,128.02,129.8609,25.0537,102
1230,285.6731,29710,130.85,336,130.04,130.1512,25.9359,104
1231,285.4563,29402,129.575,336,128.12,129.323,25.155,103
1232,286.1963,30623,130.3,358,129.35,130.1428,24.6919,107
1233,286.8155,29542,130.45,336,128.86,128.8209,25.5304,103
1234,287.9307,29081,132.3875,336,130.11,127.9678,25.317,101
1235,290.0792,29298,133.05,349,131.07,128.3415,26.0607,101
1236,287.2685,31025,131.525,337,129.87,128.8664,25.2925,108
1237,286.9083,31273,131.1,341,130.13,128.6388,25.7086,109
1238,288.5882,29436,131.7,328,129.95,128.3813,26.4194,102
1239,289.1782,29207,131.5125,336,130.9,127.971,25.6028,101
1240,288.901,29179,131.6625,332,130.69,127.8228,25.8013,101
1241,289.1827,30075,130.275,349,130.57,128.2755,25.5733,104
1242,291.1019,31439,131.5875,336,129.45,128.4864,25.4134,108
1243,289.6733,29257,132.4,331,130.51,127.4805,25.263,101
1244,291.1782,29409,132.1375,339,129.51,127.8293,26.7841,101
1245,288.5619,30299,131.0875,334,130.79,127.6281,26.0643,105
1246,288.802,29169,131.15,338,130.93,127.8653,26.0538,101
1247,282.381,35580,133.3125,325,130.75,128.7327,26.4797,126
1248,289.3168,29221,130.875,360,130.53,127.9851,26.5787,101
1249,289.3558,30093,130.85,347,129.79,127.7616,25.5003,104
1250,286.8571,32128,131.3625,341,130.51,126.7666,25.7676,112
1251,288.3529,29412,130.9875,333,128.82,127.2903,26.3024,102
1252,290.8396,30829,131.325,338,130.69,127.213,26.6896,106
1253,289.5098,29530,131.9375,352,131.06,127.4782,26.2187,102
1254,289.5179,32426,130.6125,349,129.52,127.4433,26.2903,112
1255,288.4851,29137,131.05,339,129.81,126.7477,26.0757,101
1256,289.9216,29572,130.7375,338,129.25,127.1736,25.8717,102
1257,289.5094,30688,131.3125,337,131.45,127.1832,26.3192,106
1258,289.7358,30712,130.4875,336,129.9,127.9923,26.1821,106
1259,287.9314,29369,131.8,355,131.24,126.9404,26.3636,102
1260,288.8614,29175,131.5875,330,129.21,126.9018,26.8072,101
1261,288.981,30343,132.45,340,130.45,127.3215,25.9618,105
1262,288.4336,32593,131.2625,333,130.21,127.385,25.5275,113
1263,286.5517,33240,129.0625,345,129.2,127.9457,26.441,116
1264,286.0952,30040,132.375,343,130.16,127.5514,25.8264,105
1265,288.5882,29436,128.95,362,129.43,128.9362,25.7017,102
1266,286.9717,30419,132.35,360,130.22,127.9862,25.3796,106
1267,288.3654,29990,131.9625,333,131.23,128.2297,26.0092,104
1268,287.3267,29020,129.6,355,128.84,127.4792,25.8666,101
1269,288.8713,29176,130.3625,351,128.43,128.0797,25.9133,101
1270,289.4757,29816,131.2375,340,129.81,128.0969,26.503,103
1271,287.781,30217,131.1875,339,129.88,128.5035,26.425,105
1272,286.8515,28972,133.5125,341,129.66,128.5437,26.7247,101
1273,290.6535,29356,130.425,341,129.28,127.7983,25.7053,101
1274,287.495,29037,131.3625,353,129.51,127.7444,25.5051,101
1275,290.6337,29354,131.85,366,131.24,128.2732,25.9113,101
1276,285.699,29427,130.4125,342,131.51,127.7787,25.3466,103
1277,288.1238,30253,130.0125,338,129.83,128.3678,25.0941,105
1278,289.4158,29231,131.1375,345,130.43,128.8507,25.7895,101
1279,292.5446,29547,130.3625,365,129.31,128.5959,24.5349,101
1280,286.5248,28939,130.9375,337,129.16,128.7312,24.8656,101
1281,288.505,29139,130.2125,368,129.19,129.0603,24.9164,101
1282,289.0396,29193,131.0625,355,130.85,128.9713,23.844,101
1283,288.2857,30270,129.725,354,129.77,129.1012,24.1713,105
1284,287.1667,29291,130.6625,365,129.09,128.846,24.7608,102
1285,285.0495,28790,131.3625,330,129.39,129.3992,24.8395,101
1286,291.3168,29423,131.3375,357,128.89,128.6034,24.2666,101
1287,288.6075,30881,130.825,330,129.08,129.7201,24.479,107
1288,287.2647,29301,131.05,347,130.56,128.8235,24.3597,102
1289,283.9109,28675,130.9875,326,129.25,128.4981,24.3112,101
1290,282.8644,33378,128.5875,329,129.63,129.5795,23.8568,118
1291,285.098,29080,132.35,342,130.98,128.7256,23.4879,102
1292,288.1287,29101,129.4625,335,129.1,129.1936,24.2285,101
1293,281.4563,28990,131.925,342,129.63,129.3603,23.0558,103
1294,283.0094,29999,129.9,322,129.29,130.1019,23.4679,106
1295,278.729,29824,131.4,325,127.8,130.1215,23.1797,107
1296,276.2564,32322,129.8375,319,127.79,130.3975,22.7645,117
1297,282.2871,28511,130.0625,322,129.12,130.7965,23.238,101
1298,281.1765,28680,131.45,336,129.42,130.5312,22.966,102
1299,279.6346,29082,130.45,339,127.85,130.9051,23.5597,104
1300,280.1296,30254,129.15,319,130.49,130.9745,22.4369,108
1301,279.8614,28266,131.0125,324,128.11,130.8424,22.5618,101
1302,276.8407,31283,129.075,331,127.4,131.2487,22.0689,113
1303,277.7327,28051,128.75,334,128.54,131.7423,22.288,101
1304,279.2039,28758,131.3125,329,128.15,130.9046,22.7257,103
1305,279.7647,28536,129.95,319,129.19,131.0975,21.8192,102
1306,279.3883,28777,127.825,348,128.6,131.0381,22.2684,103
1307,277.4019,29682,129.9875,324,129.35,131.2739,22.1405,107
1308,276.25,28730,130.5625,334,128.33,131.5825,21.9767,104
1309,276.9444,29910,128.7875,333,128.59,131.7311,22.0125,108
1310,279.0291,28740,129.4625,344,128.69,131.8834,21.9593,103
1311,274.6698,29115,129.3125,329,127.68,131.9063,21.2904,106
1312,275.598,28111,128.6,312,127.65,132.2216,20.8019,102
1313,270.8762,28442,130.025,311,127.84,132.3314,21.0856,105
1314,276.1188,27888,129.15,337,127.96,132.2454,20.5892,101
1315,271.1262,27926,129.325,333,127.6,132.4995,20.7385,103
1316,276.549,28208,128.7375,336,128.25,132.5359,19.6382,102
1317,273.1287,27586,131.3125,333,127.93,132.7158,20.234,101
1318,273.3204,28152,129.7125,311,128.36,133.1009,20.4475,103
1319,275.8529,28137,130.25,328,128.56,132.8828,20.2156,102
1320,273.902,27938,129.4875,328,127.54,133.338,19.5015,102
1321,268.5644,27125,128.9,327,128.28,133.3804,20.1544,101
1322,270.0784,27548,128.175,320,126.62,133.1695,19.6347,102
1323,269.0198,27171,129.3375,306,126.74,132.891,19.9531,101
1324,266.6571,27999,128.9125,314,126.51,133.3379,19.9776,105
1325,271.0196,27644,127.65,313,126.62,133.7387,19.4261,102
1326,267.4078,27543,129.525,327,125.77,133.9378,20.2044,103
1327,265.5238,27880,129.8625,327,126.26,133.6399,18.962,105
1328,268.7624,27145,128.5875,315,126.33,133.9792,20.0086,101
1329,267.6095,28099,131.25,319,126.69,133.6496,18.9059,105
1330,265.8571,27915,129.1,315,127.6,133.9125,18.6822,105
1331,266.0784,27140,128.975,324,126.83,133.8119,19.5216,102
1332,270.7525,27346,130.2625,313,126.99,134.0386,19.7347,101
1333,269.9902,27539,129.9,328,128.2,133.7343,18.936,102
1334,269.75,28054,128.175,310,127.33,133.9813,19.4287,104
1335,268.5784,27395,129.1375,326,127.28,133.8905,19.4267,102
1336,268.068,27611,129.7125,330,126.29,133.9893,19.0655,103
1337,268.0686,27343,129.825,330,126.06,133.9212,19.2419,102
1338,268.7238,28216,128.6375,316,126.38,134.0331,19.2648,105
1339,267.7048,28109,129.1625,320,127.36,134.0444,19.1004,105
1340,265.549,27086,130.0125,320,126.89,134.3489,19.4976,102
1341,265.802,26846,129.7375,321,127.55,134.2259,18.5453,101
1342,267.3762,27005,127.275,314,126.29,134.3487,19.629,101
1343,261.402,26663,129.6625,307,126.39,134.3515,18.3624,102
1344,262.4615,27296,130.225,320,127.32,134.0036,19.4587,104
1345,258.4423,26878,130.025,294,128.32,134.5441,18.9211,104
1346,258.0577,26838,130,327,126.43,134.5121,18.0301,104
1347,258.2871,26087,127.7375,306,125.64,134.7276,18.9188,101
1348,259.5882,26478,128.7125,311,127.23,134.5939,18.6969,102
1349,259.4554,26205,131.6125,325,129.05,134.6858,18.7327,101
1350,257.2079,25978,129.5,318,124.97,134.6764,18.648,101
1351,256,26368,127.9125,301,127.35,134.4916,18.508,103
1352,258.3564,26094,129.975,317,126.6,134.7446,19.1153,101
1353,258.9804,26416,130.5875,302,127,134.6221,18.5742,102
1354,258.0583,26580,128.05,316,127.12,134.5495,18.9881,103
1355,260.402,26561,130.3,301,129.07,134.6366,18.1232,102
1356,255.7549,26087,129.2625,304,125.7,134.6459,18.2364,102
1357,259.8641,26766,130.7375,335,126.96,134.6652,18.7473,103
1358,258.2762,27119,129.175,307,126.66,134.539,18.6895,105
1359,258.6139,26120,129.275,312,126.22,134.6793,18.6556,101
1360,259.4851,26208,129.4875,312,125.86,134.5426,18.7699,101
1361,264.8333,27013,130.225,336,127.1,134.1629,18.8691,102
1362,260.6364,28670,130.25,307,127.38,134.5471,19.3713,110
1363,263.4455,26608,129.925,313,124.7,134.4112,18.5466,101
1364,262.5049,27038,127.175,331,125.67,134.7074,18.5492,103
1365,260.699,26852,131.1375,302,128.6,134.3826,18.9321,103
1366,262.3235,26757,127.65,315,126.64,134.1983,18.6827,102
1367,260.1905,27320,130.9125,310,127.15,134.3686,19.2193,105
1368,260.8431,26606,130.5875,305,126.68,134.6293,18.632,102
1369,261.3654,27182,131.675,311,127.08,134.0743,18.2166,104
1370,263.1078,26837,129.95,317,125.47,134.0908,19.4686,102
1371,264.6635,27525,128.45,323,126.1,134.2414,19.1996,104
1372,266.1786,29812,129.1,331,126.53,133.9611,19.5355,112
1373,266.1089,26877,129.375,307,125.42,134.3685,19.8274,101
1374,264.8835,27283,129.1875,314,127.65,134.2948,19.6944,103
1375,265.3725,27068,129.5375,301,126.45,134.1149,19.212,102
1376,270.3204,27843,129.8375,312,128.5,133.8385,19.878,103
1377,267.5842,27026,130.3875,303,126.82,133.8801,19.7013,101
1378,265.7426,26840,130.625,318,127.82,134.0372,19.9335,101
1379,268.5769,27932,129.55,331,126.66,133.954,19.8233,104
1380,269.5196,27491,129.8,324,127.53,133.791,19.5796,102
1381,266.9429,28029,128.2375,317,126.81,134.0115,19.5274,105
1382,265.6863,27100,130.6,325,126,134.0292,19.6669,102
1383,268.4299,28722,131.9,328,126.11,133.8325,19.4638,107
1384,266.7961,27480,130.1125,323,127.94,134.1877,19.35,103
1385,268.8119,27150,130.2375,321,127.3,134.149,20.6195,101
1386,266.3654,27702,129.25,339,127.23,134.1556,19.7257,104
1387,265.3137,27062,129.0375,337,128.85,133.9615,19.9415,102
1388,267.9802,27066,129.1,325,126.6,133.9276,19.9035,101
1389,268.0686,27343,130.6125,325,127.99,133.9711,19.5541,102
1390,268.6019,27666,129.1,338,126.41,134.2447,20.4738,103
1391,268.4272,27648,129.625,321,127.78,133.8089,19.644,103
1392,268.3069,27099,128.9,347,127.59,134.3954,20.4009,101
1393,266.4245,28241,131.6875,303,128.42,134.1379,19.5899,106
1394,267.4804,27283,130.275,321,127.32,134.3311,19.7378,102
1395,263.6176,26889,129.275,323,127.78,134.2696,19.9673,102
1396,266.0388,27402,130.075,317,127.44,133.9757,19.3636,103
1397,266.3235,27165,128.2125,320,126.82,134.3463,19.8945,102
1398,266.3069,26897,130.25,332,127.51,134.1535,19.3369,101
1399,259.5922,26738,130,306,126.36,134.4147,18.7275,103
1400,265.297,26795,129.8,329,127.26,134.2527,18.8808,101
1401,262.4158,26504,129.2125,300,125.98,134.3967,19.4728,101
1402,260.5294,26574,129.2625,305,127.17,134.3901,19.1598,102
1403,260.8654,27130,130.6875,303,124.73,134.2933,18.006,104
1404,260.8416,26345,127.25,332,127.66,134.7806,19.6441,101
1405,262.3905,27551,127.7125,309,126.21,134.7117,18.7426,105
1406,264.1078,26939,128.9375,332,126.35,134.5863,18.6987,102
1407,262.0792,26470,129.5625,318,126.71,134.713,18.4561,101
1408,261.8911,26451,130.25,309,127.42,134.6292,18.7001,101
1409,258.7921,26138,130.75,299,127.63,134.6124,18.8403,101
1410,257.0792,25965,129.3375,305,126.47,134.5055,18.373,101
1411,260.1485,26275,128.65,312,127.05,134.391,19.2477,101
1412,259.901,26250,128.0125,319,126.19,134.4301,18.8164,101
1413,259.1089,26170,127.3625,300,127.61,134.5203,18.2024,101
1414,259.3069,26190,129.2375,365,126.22,134.7793,17.6268,101
1415,255.2816,26294,127.4375,311,125.7,134.7381,18.0414,103
1416,255.1287,25768,129.8,307,128.15,134.6124,18.0298,101
1417,254.6238,25717,127.875,311,126.31,134.7111,18.4566,101
1418,255.7429,26853,129.7,305,126.13,134.3802,18.2028,105
1419,255.0686,26017,130.0375,328,129.48,134.3605,17.0515,102
1420,253.5784,25865,126.1375,330,127.35,134.5694,18.3485,102
1421,250.9908,27358,130.475,310,124.89,134.402,16.9089,109
1422,252.165,25973,127.8875,301,126.57,134.711,17.2092,103
1423,253.099,25563,129.0375,307,125.06,134.6821,18.304,101
1424,251.5463,27167,129.175,310,125.34,134.3449,16.6314,108
1425,255.1442,26535,127.0375,317,126.24,134.3105,17.0822,104
1426,253.2818,27861,127.1,302,126.22,134.6533,18.1192,110
1427,253.7476,26136,129.6375,310,127.23,134.955,17.5444,103
1428,253.3619,26603,131.525,307,128.42,134.8691,17.2462,105
1429,256.8317,25940,130.125,317,127.29,134.808,18.6541,101
1430,251.9915,29483,128.875,304,125.84,134.1383,17.5496,117
1431,252.4486,27012,127.175,300,126.62,134.5995,17.3244,107
1432,255.4615,26568,129.6125,303,127.53,134.4732,17.9644,104
1433,252.5545,25508,127.325,299,126.23,134.7629,18.9853,101
1434,250.297,25280,128.45,315,124.72,134.4714,17.8938,101
1435,252.8738,26046,129.0625,298,127.81,134.4255,17.4427,103
1436,253.3398,26094,128.7625,319,126.33,134.6906,17.5034,103
1437,252.2772,25480,127.8625,297,126.43,134.7332,17.9421,101
1438,253.9802,25652,129.2625,301,125.21,134.7535,17.7246,101
1439,252.0192,26210,128.0125,314,126.72,134.5567,17.8028,104
1440,254.8515,25740,129.7625,307,128.74,134.8941,17.6858,101
1441,251.6505,25920,127.775,291,127.46,134.748,17.4909,103
1442,251.0192,26106,127.975,293,127.02,134.6992,17.091,104
1443,252.4804,25753,129.4125,297,126.16,134.5465,18.5905,102
1444,248.6214,25608,129.6375,319,126.89,134.9187,18.0045,103
1445,251.2059,25623,128.9625,298,125.69,134.6995,17.9615,102
1446,250.8932,25842,129.2625,287,126.18,134.6106,17.1682,103
1447,247.6762,26006,129.0125,303,127.07,134.6865,17.4734,105
1448,252.2136,25978,129.875,303,126.38,135.1834,17.6052,103
1449,248.3235,25329,129.1,305,127.09,134.7101,17.1704,102
1450,251.019,26357,128.8625,288,126.28,134.2713,17.3267,105
1451,250.1782,25268,128.425,292,126.88,135.0083,16.8313,101
1452,251.098,25612,128.925,289,126.57,134.8311,17.0627,102
1453,249.2353,25422,128.375,303,126.64,134.5203,16.6367,102
1454,250.3,27533,129.05,305,125.6,134.8689,18.434,110
1455,246.6214,25402,127.6,292,126.19,134.5441,17.1036,103
1456,248.4245,26333,127.175,309,126.6,134.6039,17.7033,106
1457,249.1905,26165,129.375,298,125.45,134.5027,17.4968,105
1458,244.2981,25407,127.1375,284,125.76,134.5786,18.3151,104
1459,249.5545,25205,129.775,300,126.77,134.7938,16.8149,101
1460,243.7619,25595,127.925,288,125.58,134.9738,17.409,105
1461,247.1584,24963,129.8125,301,126.66,134.822,17.6421,101
1462,247.9712,25789,128.725,294,128.14,134.8151,18.4214,104
1463,244.5524,25678,130.575,289,127.04,134.6896,16.9278,105
1464,242.0381,25414,127.8625,288,125.15,134.692,18.0059,105
1465,244.5481,25433,126.475,292,125.36,134.9995,17.814,104
1466,246.6698,26147,127.9125,301,125.19,134.5945,17.6705,106
1467,248.6634,25115,126.8875,296,126.69,135.1053,17.7386,101
1468,245.8952,25819,129.575,296,128.6,134.7433,16.7156,105
1469,244.6698,25935,127.475,307,127.19,134.8198,17.7392,106
1470,247.3465,24982,128.025,295,126.3,135.2774,18.0488,101
1471,246.7941,25173,129.125,286,126.1,134.6381,17.4865,102
1472,245.6117,25298,128.4625,297,125.04,135.0525,16.5548,103
1473,245.0776,28429,128.15,305,124.43,134.67,17.574,116
1474,238.958,28436,127.7625,304,125.18,133.9241,17.9919,119
1475,245.3942,25521,128.6,292,125.64,135.0663,18.4093,104
1476,244.7222,26430,127.6375,289,126.01,134.8069,16.6761,108
1477,242.1456,24941,127.7375,294,125.3,134.3644,17.2496,103
1478,242.3333,24718,127.2,298,127.06,135.0564,17.0324,102
1479,241,26510,127.525,303,125.56,134.7487,17.3541,110
1480,243.699,25101,127.4625,303,126.06,135.1892,17.6228,103
1481,241.7476,24900,129.525,288,126.82,134.87,17.1487,103
1482,243.5385,25328,129.275,309,125.78,134.7611,17.1333,104
1483,243.4706,24834,127.675,294,125.56,135.0923,16.885,102
1484,245.2233,25258,127.9,305,125.08,135.2528,17.8644,103
1485,242.3465,24477,128.6125,290,125.51,134.4579,17.0134,101
1486,243.0094,25759,125.0875,294,124.92,135.1633,18.0273,106
1487,243.8269,25358,129.2,316,125.5,135.2002,17.4952,104
1488,244.8739,27181,128.9875,286,126.28,134.0663,16.9647,111
1489,244.6796,25202,127.45,296,126.49,134.4094,16.7215,103
1490,244.2059,24909,129.3625,286,126.54,134.8555,17.5272,102
1491,243.2222,26268,129.3625,291,125.49,134.5417,17.3117,108
1492,243.5596,26548,128.95,305,124.94,134.7032,18.1382,109
1493,242.6381,25477,127.925,286,125.54,134.9899,16.2411,105
1494,245.1176,25002,127.2875,278,126.03,135.2213,17.499,102
1495,244.402,24929,128.925,303,126.5,134.7997,16.5932,102
1496,242,24926,128.1625,279,125.84,134.7512,17.3672,103
1497,241.0396,24345,128.3375,316,125.57,135.242,16.6186,101
1498,246.3333,26604,127.6125,290,127.13,134.5742,16.5469,108
1499,245.5446,24800,126.9,288,124.28,134.8581,17.4201,101
1500,243.8302,25846,129.5125,295,126.35,134.8472,18.2137,106
