1,203.7855,58894,110.9625,308,111.51,70.8994,80.9867,289
2,203.2837,58749,112.5375,337,111.78,70.6694,81.1074,289
3,203.0993,59305,112.4625,329,111.36,71.0114,81.0065,292
4,203.173,58717,112.65,304,112.33,70.8923,81.185,289
5,201.2271,59362,112.425,304,111.35,71.1805,80.9228,295
6,202.2877,59068,112.025,306,111.8,70.6846,81.2067,292
7,201.0616,58710,112.1625,317,111.28,70.8429,81.3315,292
8,202.1644,59032,111.7375,339,111.62,70.8227,81.2115,292
9,202.5172,58730,112.2625,310,111.45,70.8047,81.0072,290
10,200.087,59826,112.475,326,112.15,71.2346,81.1549,299
11,201.9485,58767,112.7125,315,112.09,71.2476,80.9152,291
12,201.7397,58908,112.025,309,112.01,70.9582,81.329,292
13,203.131,58908,112.2125,304,112.02,70.8914,81.2895,290
14,202.8938,59245,111.425,325,110.97,70.8954,80.6908,292
15,203.8694,59326,112.2875,340,112.37,70.5721,81.2071,291
16,204.2508,61071,112.7625,319,111.88,70.9061,80.7642,299
17,206.4448,59869,112.775,327,112.17,70.8228,81.2709,290
18,208.5034,61300,112.225,320,111.77,71.0933,81.0767,294
19,209.3823,61349,112.6125,336,112.38,70.9314,80.9739,293
20,210.0034,60901,111.7375,359,111.23,70.6583,81.0182,290
21,211.7578,61198,111.7,322,111.43,71.1138,81.1305,289
22,208.6136,61541,112.2125,334,111.75,70.7074,81.2065,295
23,207.0136,61069,112.425,309,112.14,70.7989,81.0407,295
24,206.2867,60442,111.7625,326,111.24,70.8101,81.1948,293
25,205.0655,59469,112.1875,325,111.87,71.1603,81.0953,290
26,205.4899,60825,112.6,328,113.05,70.8606,80.9573,296
27,206.4388,60693,111.2125,318,110.94,71.0888,81.1325,294
28,205.2542,61371,111.2,306,111.06,71.3647,81.2875,299
29,205.9733,61792,112.575,324,112.27,70.9759,81.4096,300
30,207.6327,61044,112.1875,333,111.95,70.6446,81.0237,294
31,209.9197,62766,112.5,333,112.05,70.9309,81.16,299
32,208.8908,61205,111.9375,346,112,70.9606,80.8437,293
33,210.0746,61972,110.8625,329,110.89,70.8824,81.645,295
34,208.939,61637,111.425,335,111.5,71.1262,81.1197,295
35,209.6678,62481,111.925,325,111.4,70.9314,81.2659,298
36,207.711,62521,111.85,316,111.49,71.0113,81.147,301
37,208.9483,60595,111.6625,323,111.82,71.0553,81.2006,290
38,211.2945,61698,112.175,343,112.02,70.922,81.3565,292
39,214.1869,61900,112.025,338,111.58,70.7046,81.2112,289
40,213.9113,62676,112.875,330,112.41,71.0087,81.228,293
41,216.5102,63654,111.6,331,111.5,70.7916,81.6993,294
42,217.2749,63227,111.5,353,112.38,71.0251,81.1811,291
43,218.4759,63358,112.0875,364,111.55,70.8063,81.3176,290
44,217.7543,63802,112.1875,353,112.02,70.9748,81.583,293
45,216.1837,63558,110.6375,344,111.25,71.0006,81.1976,294
46,217.436,62839,111.725,372,111.24,70.9553,81.1425,289
47,215.1254,63462,113.275,337,111.99,70.8386,81.0314,295
48,214.1827,64469,111.9125,347,111.88,70.9285,81.2273,301
49,213.7919,63710,111.7375,351,111.62,71.3885,81.3886,298
50,214.7034,62264,112.025,363,112.03,70.9204,81.1393,290
51,212.0648,62135,112.125,335,112.35,70.9239,81.034,293
52,211.8034,61423,112.3875,332,111.68,70.9599,81.4544,290
53,208.8615,61823,112.375,341,112.33,70.7493,81.2797,296
54,207.3746,60346,111.3625,322,111.66,71.0254,81.4271,291
55,205.0206,59661,113.4625,320,112.49,71.1087,81.4693,291
56,203.457,59206,111.9,322,112.33,71.1048,81.5504,291
57,202.1069,58611,111.1375,316,111.92,70.9265,81.0096,290
58,202.0897,58606,111.8875,311,111.39,71.0584,81.1245,290
59,199.4116,58627,111.1375,309,112.1,70.6382,81.1221,294
60,200.587,58772,112.5,303,111.76,71.2153,80.9628,293
61,199.3017,58794,111.8625,307,112.44,71.1953,81.0709,295
62,196.7276,57051,112.325,333,111.38,70.668,81.0792,290
63,193.4195,57639,111.75,289,111.31,70.9292,81.3936,298
64,191.5772,57090,111.8125,287,111.54,70.7804,81.098,298
65,190.1533,57046,112.3375,279,111.46,70.6611,80.8932,300
66,189.8374,54863,112.425,287,111.88,70.6829,80.6721,289
67,190.2284,54976,112,283,111.06,70.8255,81.2647,289
68,187.2862,54313,113.325,286,111.5,70.9948,81.2272,290
69,187.1192,56510,112.525,271,112.11,70.5896,80.7927,302
70,187.6088,55157,111.3125,274,111.37,70.7159,80.9376,294
71,187.9103,54494,112.3375,274,111.47,71.1023,80.8929,290
72,187.1903,58029,112.1875,269,111.96,70.2595,81.1548,310
73,188.4281,55021,112.0125,277,112.27,71.1974,81.1954,292
74,186.8316,54368,113.075,297,112.16,70.799,81.1526,291
75,185.9795,54306,112.1375,283,112.14,70.9676,80.9745,292
76,185.5779,53632,111.2,280,111.43,70.6723,80.9724,289
77,184.7508,54871,111.8875,263,111.8,70.5836,80.6656,297
78,182.5223,53114,112.1375,275,111.43,70.7888,80.8368,291
79,185.0373,54586,112.0125,274,110.84,71.168,80.8085,295
80,185.266,55024,111.15,266,111.23,71.1976,80.8799,297
81,187.0136,55169,111.7125,297,111.83,70.9415,80.7087,295
82,187.5724,57022,111.9375,289,111.71,70.7931,80.8686,304
83,191.0845,56561,112.5125,284,111.76,71.3385,80.7384,296
84,192.6791,57033,111.6875,297,111.76,70.531,81.0826,296
85,196.5848,56813,112.1625,329,110.89,70.9195,81.3499,289
86,199.5358,58464,111.875,314,111.06,70.7911,81.3324,293
87,202.7356,59807,112.5625,313,112.07,70.9102,81.1913,295
88,202.7857,59619,112.325,324,111.92,70.992,81.436,294
89,202.8271,59834,111.475,316,111.44,70.7231,81.3884,295
90,204.4949,59917,111.5125,324,111.72,70.9362,81.3876,293
91,204.1375,59404,112.7625,307,111.69,71.1822,81.6849,291
92,203.4373,60014,111.8625,304,111.72,71.0143,81.1139,295
93,204.1906,61053,112.2,333,112.1,70.8483,81.537,299
94,204.3447,59873,111.4875,324,111.57,71.3688,81.5926,293
95,204.6233,59750,111.575,316,111.32,71.0729,81.4112,292
96,202.1333,60640,112.9125,305,111.27,71.0399,81.1074,300
97,203.3702,58774,112.0875,310,111.83,71.0963,81.2418,289
98,199.5578,58670,112.8375,304,112.87,70.9286,81.385,294
99,199.1633,58554,110.55,298,111.36,71.1142,80.8441,294
100,198.9066,57484,112.475,335,111.73,71.0915,81.4988,289
101,197.6103,57307,111.5875,311,110.73,70.7379,81.3309,290
102,200.2432,59272,112.075,325,110.98,70.9344,81.0587,296
103,202.1003,58407,111.8625,317,112.11,71.1693,81.0558,289
104,201.3612,60207,111.8125,310,111.71,70.8526,81.2162,299
105,201.8609,60962,112.35,308,111.54,70.7021,81.4854,302
106,202.5034,59941,113.1375,305,111.88,70.748,81.2023,296
107,204.2,60239,111.6625,320,111.42,70.4578,81.2646,295
108,205.2901,60150,112.6125,329,111.75,70.8231,81.3141,293
109,206.269,59818,112.825,310,111.41,71.0177,81.4897,290
110,208.0653,60547,111.575,328,111.5,70.8383,81.2789,291
111,208.8425,60982,112.8,331,111.49,71.2556,81.6113,292
112,210.9044,61795,112.675,345,112.44,71.1379,81.0481,293
113,212.7703,62980,111.4125,394,111.07,70.8409,81.4955,296
114,211.1216,62492,112.0875,353,111.98,71.0527,81.2908,296
115,209.4448,62624,111.7125,321,111.29,70.8973,81.6016,299
116,210.0969,60718,112.8375,320,112.16,70.9152,81.8338,289
117,205.8966,59710,111.05,317,111.34,71.1636,81.5203,290
118,204.701,59568,111.5625,306,111.5,71.0506,81.2569,291
119,200.8356,58644,112.0375,302,112.5,70.9346,81.5787,292
120,198.2803,57303,111.4,312,111.42,71.0658,81.2889,289
121,194.1753,56505,112.9125,295,112.19,70.703,81.3998,291
122,191.2215,55263,111.9625,279,111.57,70.8714,81.9631,289
123,187.1694,56338,111.5375,278,111.48,70.9489,80.9642,301
124,188.7842,55125,113.25,275,113.07,71.0828,81.3294,292
125,184.2525,54723,112.0375,256,111.08,71.0922,80.6581,297
126,185.6886,53664,113.7875,283,112.63,71.0538,80.8149,289
127,183.4014,53003,112,261,111.84,71.4447,80.9201,289
128,179.7624,54468,112.15,247,111.08,70.6709,80.9724,303
129,181.737,52522,111.5,255,111.81,71.0991,80.9492,289
130,177.2564,55304,111.7375,254,110.61,70.3153,80.525,312
131,178.8014,52210,112.775,250,112.52,70.4622,80.4935,292
132,178.1424,52552,113.0125,264,111.25,70.7161,80.8147,295
133,178.4021,51915,111.2,243,110.79,71.0473,80.9628,291
134,175.9423,54894,111.625,257,111.47,71.0732,79.9496,312
135,173.6891,54191,112.3625,248,111.13,71.1825,80.3947,312
136,173.1875,52649,112.275,245,112.41,70.9524,80.8544,304
137,174.769,52955,112.3,246,112.08,70.4737,80.6126,303
138,175.3893,52266,111.6875,254,112.49,71.0624,81.4066,298
139,177.7752,52977,112.3,274,111.87,71.1979,80.9195,298
140,178.8034,52747,111.4125,239,111.74,71.077,80.8066,295
141,182.1886,54110,111.7625,249,112,70.9504,81.0954,297
142,181.8379,52733,112.1,252,112.25,70.7994,80.7649,290
143,181.2664,52386,112.35,279,111.86,70.8945,80.899,289
144,181.1667,53263,111.7625,267,111.7,71.0451,81.0021,294
145,181.6621,53227,112.65,259,111.91,70.502,81.2533,293
146,182.4897,53287,112.525,257,112,70.3891,81.4385,292
147,184.5744,53342,112.1125,271,112.8,71.065,81.0626,289
148,184.8007,54701,110.3625,272,111.5,71.3237,80.9345,296
149,187.0306,54987,111.7875,287,111.28,71.09,81.1968,294
150,186.0405,55068,112.875,269,112.56,70.8274,81.1775,296
151,185.0171,54210,112.9875,273,112.07,70.7617,81.5011,293
152,184.4027,54952,112.775,276,111.76,71.2985,81.1744,298
153,183.3552,53173,111.85,270,111.62,71.0977,81.4102,290
154,181.8389,54188,113.55,267,111.71,71.0243,81.1672,298
155,179.0579,55687,110.8375,258,111.43,70.5861,80.5523,311
156,180.8703,52995,112.4125,251,112.29,70.9603,81.4353,293
157,178.8157,52393,111.1875,264,110.77,70.8794,80.5651,293
158,177.906,53016,112.725,253,111.99,70.7777,80.4661,298
159,176.1726,54085,112.6375,262,112.4,71.0559,81.0015,307
160,176.1736,54790,112.7625,242,111.47,70.9888,80.4892,311
161,177.1938,51209,112.55,249,111.26,71.3218,81.0602,289
162,174.7653,51381,111.6875,242,111.94,70.6586,81.3292,294
163,175.3599,50679,112.0625,255,112.06,70.1847,80.2916,289
164,174.2082,51043,112.625,236,111.41,70.7047,80.0917,293
165,173.6348,50875,112.0625,247,111.24,71.3154,80.9638,293
166,173.8233,52147,112.35,244,111.43,70.8956,80.5391,300
167,174.1024,51012,111.375,249,111.07,71.1509,80.2738,293
168,173.1706,51778,112.925,256,111.26,71.1025,81.0713,299
169,173.0608,51226,113.3875,236,112.41,70.9733,80.6934,296
170,172.6743,52493,111.7875,245,111.97,71.466,81.5022,304
171,173.3233,51997,112.5375,246,110.99,71.0679,80.9344,300
172,172.2072,52351,112.35,244,111.5,71.0062,79.568,304
173,171.81,51543,112.0375,234,111.74,70.7085,79.8823,300
174,173.6241,50351,112.7875,242,111.98,71.1926,81.2233,290
175,172.7831,50971,112.925,249,112.93,70.2212,81.0081,295
176,171.9899,51253,112.5,249,111.27,71.2258,80.8399,298
177,175.722,51838,111.7625,266,111.05,71.4187,80.26,295
178,177.2371,51576,113.3125,247,112.25,70.1087,81.6377,291
179,179.2697,54498,110.4875,260,111.13,70.9714,80.4977,304
180,181.189,52726,112.975,249,111.93,70.7497,81.0464,291
181,183.7716,53110,112.4125,265,112.23,71.0263,81.1536,289
182,186.4169,54993,111.5875,274,110.71,70.7413,81.1766,295
183,186.3412,55157,113.7,280,112.49,70.5933,80.9269,296
184,188.2034,54579,111.7875,272,112.24,70.528,81.066,290
185,188.9932,55753,111.15,280,111.18,70.4314,81.0509,295
186,188.6884,55097,112.4875,276,111.35,70.6387,81.2197,292
187,188.7695,55687,113.2375,271,111.49,70.9072,81.4715,295
188,192.6724,56453,111.7375,273,111.12,71.0141,81.5412,293
189,194.4276,57745,111.7625,289,111.12,70.4698,81.3294,297
190,192.9054,57100,111.875,288,111.65,70.7883,81.4312,296
191,195.4221,56477,111.9875,284,111.72,70.2493,81.7078,289
192,195.884,57394,111.9125,305,112.78,71.0917,81.1995,293
193,196.9661,58105,112.5875,315,111.9,70.5684,81.6708,295
194,200.263,57876,109.925,290,111.16,71.0965,81.3566,289
195,201.8651,58339,112.1125,298,112,70.9228,81.5671,289
196,204.4,60298,110.5625,300,110.87,71.0581,81.6325,295
197,206.6587,60551,110.6875,315,111.14,70.7303,81.6629,293
198,209.5274,61182,113.25,359,112.67,70.5943,81.8976,292
199,212.543,61850,112.35,334,112.7,70.9245,81.4613,291
200,214.9078,62968,112.025,346,112.03,70.8446,81.8969,293
201,215.3221,64166,112.3,343,111.82,70.8275,81.5416,298
202,217.4864,63941,111.875,348,111.59,71.1782,81.5054,294
203,216.4083,62542,112.2875,328,111.3,71.0543,81.7393,289
204,213.9966,62487,112.3875,329,112.14,70.9576,81.5317,292
205,213.2007,61615,111.5,328,111.98,70.9902,81.3551,289
206,211.3979,61094,112.6875,332,112.92,70.6984,81.5457,289
207,211.9456,62312,112.3875,331,113,70.5767,81.741,294
208,209.849,62535,112.3125,329,111.96,70.5051,81.517,298
209,209.5816,61617,111.8,333,111.12,70.6821,81.7659,294
210,206.1085,60802,112.35,308,112.61,70.8703,81.7911,295
211,205.4931,59593,112.425,305,112.23,70.8294,81.8308,290
212,204.5,59305,112.65,339,111.95,70.6936,81.1993,290
213,201.4247,58816,111.25,290,111.04,70.7221,82.1056,292
214,199.9115,60973,111.6,310,111.77,71.0113,81.117,305
215,199.0236,59110,111.9,320,110.91,70.9116,81.2417,297
216,199.9181,58576,113,296,112.34,70.983,81.4037,293
217,195.6,60636,112.175,297,111.16,70.835,81.3213,310
218,195.1309,58149,112.1,288,111.39,70.7778,81.7368,298
219,193.6053,58856,112.2,273,112.05,70.6591,81.4799,304
220,191.2733,57382,113,288,112.49,70.4723,81.3304,300
221,189.4832,56466,112.125,282,111.6,70.7247,81.0284,298
222,190.8724,55353,113.2375,279,112.68,70.8537,81.3163,290
223,188.6723,55847,112.4125,279,111.51,70.7132,81.5244,296
224,189.4597,56459,111.9375,261,111.95,70.6408,80.9573,298
225,189.2026,57896,112.1,284,111.74,70.714,81.0754,306
226,191.9155,56807,112.9,277,112.07,70.7484,81.0603,296
227,191.6059,58823,111.625,297,111.52,70.7384,81.1487,307
228,192.1182,56867,112.2125,293,111.35,70.9228,81.647,296
229,191.1092,55995,112.25,289,111.43,70.6457,81.0338,293
230,191.058,55980,112.1125,293,111.24,71.0472,81.601,293
231,189.2575,56588,111.3,277,112.01,70.4696,81.0695,299
232,189.8828,55066,112.1875,281,111.14,70.8089,81.597,290
233,186.7557,57334,111.5125,286,110.98,71.0738,81.2408,307
234,187.936,55817,112.7625,282,111.8,70.7133,81.1074,297
235,187.5102,55128,111.6875,281,111.84,70.5387,81.611,294
236,185.8459,54267,112.0125,296,112.25,70.8425,81.2182,292
237,185.7525,55540,114.6,269,113.01,70.5597,81.4356,299
238,185.1171,55350,113.3375,275,111.85,71.1964,81.2001,299
239,184.7345,53573,112.7875,260,112.01,71.1278,81.0985,290
240,181.8396,53279,111.425,262,111.61,70.536,81.4971,293
241,178.7267,55584,112.2875,247,111.09,70.1267,81.1701,311
242,178.9024,53134,112.475,263,111.29,70.9004,81.5258,297
243,179.9623,52549,111.425,257,111.54,70.9924,81.2167,292
244,178.3986,52806,112.2875,266,111.19,70.8025,81.1819,296
245,177.3961,54638,111.725,260,111.62,70.4351,81.3489,308
246,177.1044,52600,112.35,246,112.28,70.9162,80.8158,297
247,177.1523,53500,111.6875,235,111.98,70.3256,80.9833,302
248,176.4966,51890,112.55,245,111.73,70.9024,80.5457,294
249,173.2739,52502,112.5125,242,111.6,70.6663,80.6638,303
250,173.6946,51761,112.075,244,111.24,70.613,81.2958,298
251,174.0271,51338,111.95,246,111.7,70.9232,81.177,295
252,172.8814,51000,112.0375,233,111.76,71.0326,81.157,295
253,172.6263,49889,111.85,225,112.08,71.4164,80.7154,289
254,174.2034,50519,111.5125,229,110.64,70.9395,80.6796,290
255,172.2415,50639,111.5375,225,111.34,70.8341,80.7408,294
256,169.9585,53197,112.725,245,112.02,71.5081,80.4684,313
257,169.4078,52347,112.85,220,112.38,70.4723,81.0769,309
258,170.8041,50558,112.125,241,111.46,70.7355,80.5708,296
259,171.5571,49580,111.8125,228,111.8,70.9042,80.9776,289
260,170.0097,52533,111.7,221,111.17,70.4513,80.8016,309
261,169.7034,49214,112.0625,240,111.65,70.8134,80.7779,290
262,170.0897,49326,111.775,220,111.59,71.0657,80.7419,290
263,169.1477,50406,112.075,231,111.19,70.6809,80.1628,298
264,166.1408,56654,112.0375,229,110.98,69.5151,80.8227,341
265,168.4418,49185,112.6125,227,112.42,70.6051,80.5562,292
266,167.2762,52692,112.2625,242,111.72,69.8806,80.5668,315
267,167.3433,50203,112.025,230,111.32,71.1421,80.5405,300
268,168.1382,51114,112.4125,248,111.57,70.5305,80.378,304
269,169.2267,50768,112.325,231,112.5,70.3171,80.9768,300
270,170.1073,49161,111,235,111.35,70.9343,80.0353,289
271,169.6117,52410,113.6625,233,112.92,70.4985,80.7861,309
272,169.7349,50581,110.675,230,110.91,71.017,80.8257,298
273,170.1959,50378,111.6375,242,111.1,71.0945,80.2086,296
274,170.5197,51838,114.325,227,112.75,70.4585,80.7516,304
275,168.6955,52633,111.225,229,111.06,71.26,80.4136,312
276,169.9625,49799,112.95,226,111.45,70.5585,81.09,293
277,169.0526,51392,112.2125,218,111.62,70.2907,80.9571,304
278,169.4863,49490,112.1,220,112.17,71.2105,80.3952,292
279,168.2685,54519,111.7,227,111.14,70.6817,79.7759,324
280,167.9835,50899,112.5375,227,111.1,71.4788,80.532,303
281,168.1836,51296,112.625,231,111.59,70.9347,80.378,305
282,168.567,49053,111.675,229,111.08,70.9407,80.8823,291
283,169.0616,49366,113.05,236,112.29,70.651,80.5418,292
284,168.7938,49119,112.8375,220,111.63,70.9343,80.6756,291
285,168.2475,49633,112.5125,216,111.68,70.3159,80.7337,295
286,168.09,48578,112.2875,237,112.26,70.447,80.6089,289
287,167.7713,49157,112.35,225,112,70.0016,80.572,293
288,167.3645,51883,111.9875,222,111.39,70.6206,80.1739,310
289,166.3891,51747,113.1375,217,111.58,70.6209,79.9783,311
290,168.1897,48775,113.55,229,111.61,70.751,80.2941,290
291,167.4295,49894,112.125,224,110.87,70.4652,81.0082,298
292,167.9966,49391,113.4875,240,112.71,70.831,81.6923,294
293,168.1325,50776,112.125,223,111.75,70.194,80.9015,302
294,167.7045,51653,112.075,229,112.09,70.628,80.4144,308
295,168.261,49637,112.8,228,112.32,70.8715,80.4431,295
296,168.1924,48944,112.225,224,111.79,70.8163,80.3341,291
297,167.5372,49591,112.825,246,111.82,70.9127,80.7666,296
298,167.9377,48534,112.5375,214,112.29,70.9826,79.8971,289
299,169.2933,50788,112.4,224,111.41,70.4371,80.6905,300
300,168.9673,51704,112.4125,233,112.29,70.2049,80.3899,306
301,169.3019,52145,114.225,226,113.01,70.0698,80.3595,308
302,169.5254,50010,112.5625,227,111.04,71.0114,80.0501,295
303,169.0199,50875,113.0125,231,110.5,70.3632,80.4827,301
304,168.256,49299,113.025,215,111.68,70.1668,80.6535,293
305,169.569,49175,112.4375,221,110.92,70.7388,80.6639,290
306,168.085,49417,112.7,217,111.3,71.0036,80.6942,294
307,168.4765,50206,112.8875,229,111.19,70.1655,79.6076,298
308,168.2603,49132,112.775,221,112.11,70.8744,80.059,292
309,167.5347,50763,112.3375,217,111.62,70.5539,80.7084,303
310,167.1911,48987,112.3375,228,111.62,70.2849,80.8754,293
311,167.9016,52889,113.475,243,112.7,70.272,79.6799,315
312,167.5803,51112,111.7,234,111.38,70.4084,80.1158,305
313,169.3584,49622,111.75,222,111.25,70.9317,80.2672,293
314,167.2109,52337,111.9,227,110.94,70.7513,80.2828,313
315,167.9739,51400,112.2125,234,111,70.0465,80.6839,306
316,168.1791,49781,111.9875,218,111.92,71.1558,81.5135,296
317,168.3432,51008,113.0375,230,112.55,70.483,80.9112,303
318,168.1168,48922,111.4375,221,111.47,71.4276,80.5927,291
319,167.9406,50886,111.5625,219,112.09,70.8053,79.748,303
320,166.8133,52713,112.375,216,110.96,70.5443,80.1559,316
321,165.5452,51319,112.825,209,111.23,70.6356,80.3239,310
322,167.5116,50421,113.55,221,112.98,70.5479,80.713,301
323,168.9525,49841,111.75,219,111.57,70.4321,80.2105,295
324,169.9497,50645,112.375,223,112.2,70.4538,80.2712,298
325,169.7406,49734,113.2625,233,112.07,70.3523,80.9348,293
326,168.7432,49948,113.425,222,112.27,70.174,80.3028,296
327,168.7119,50951,112.1875,225,112.05,70.2598,80.6941,302
328,169.4158,51333,112.6875,227,111.99,70.9532,80.4539,303
329,168.9902,51711,112.6375,226,110.84,70.8422,79.9615,306
330,169.6302,52755,111.6875,234,110.93,70.4533,80.1463,311
331,170.4172,49421,111.9625,233,111.26,70.3784,80.6214,290
332,170.2014,49869,112.1875,241,111.33,70.4155,80.8789,293
333,169.89,52496,112.95,233,112.32,70.2313,80.7217,309
334,171.4211,52112,112.1,234,111.47,70.6522,80.6731,304
335,169.9158,50465,111.725,224,111.24,71.1005,80.5349,297
336,171.0569,51146,111.65,221,111.74,70.5997,80.512,299
337,171.3024,49849,112.1375,230,111.98,70.5723,80.9617,291
338,170.119,50015,111.525,233,111.61,70.7129,80.3741,294
339,171.7625,51357,113.5,232,111.92,71.018,80.004,299
340,172.9205,52222,113.0125,225,113.03,70.5345,80.7989,302
341,174.4828,50600,112.375,244,111.24,70.6925,81.0468,290
342,173.6633,51057,112.2375,243,111.54,71.1665,80.7841,294
343,173.1897,53862,112.325,259,112.14,70.5272,80.3535,311
344,175.7763,53436,112.725,229,111.93,70.4272,81.1706,304
345,175.3758,53665,111.8375,245,111.5,70.3044,80.3495,306
346,176.4967,54008,113.3625,234,112.33,70.2901,80.8726,306
347,178.1577,53091,111.8125,250,112.58,70.8034,80.6454,298
348,178.3367,52431,113.0375,254,111.98,70.922,81.2097,294
349,178.2215,53110,111.875,249,112.35,70.4834,80.8674,298
350,180.1104,53853,111.5125,249,110.88,70.9232,81.0348,299
351,179.7633,53929,112.275,251,111.5,70.6388,80.9771,300
352,181.3444,54766,112.6625,258,111.9,70.8511,81.0528,302
353,181.4542,55525,110.9625,271,111.68,70.7839,80.9248,306
354,184.3333,54194,112.25,252,111.92,70.7868,81.5515,294
355,188.1211,54367,112.4625,279,112.6,70.9975,81.379,289
356,187.6586,54421,111.575,275,110.88,71.0076,81.4489,290
357,189.6542,55948,112.6375,269,112.16,70.6047,81.6831,295
358,189.6013,57070,112.45,271,112.14,70.7797,81.2357,301
359,190.5537,56785,112.475,296,112.06,70.5489,81.9018,298
360,193.3627,57042,111.9875,296,112.33,70.6575,81.2727,295
361,191.5966,56521,111.9375,297,111.32,70.5058,81.7854,295
362,191.4932,56299,110.8125,286,111.24,70.3555,81.5304,294
363,190.6033,57181,111.9875,271,112.26,70.8541,81.3117,300
364,192.5724,55846,112.625,284,111.49,70.7867,81.5751,290
365,191.3322,57017,111.475,277,111.86,70.4592,81.2702,298
366,190.9966,56917,111.925,283,110.77,70.6219,81.4489,298
367,192.5813,55656,113.125,272,111.98,70.8758,81.8887,289
368,193.2199,56227,111.5375,271,110.77,70.6497,81.7401,291
369,193.99,58197,111.9875,274,112.01,70.6309,81.4609,300
370,192.9862,55773,112.375,274,110.97,70.4788,81.3834,289
371,191.5831,56517,112.3375,272,112.04,70.849,81.7385,295
372,192.0676,56852,111.75,274,112.07,70.7951,81.4832,296
373,192.9252,56720,112.1,281,111.71,70.3941,81.8273,294
374,195.5533,56906,111.0875,296,111,70.8847,81.7873,291
375,195.4184,57453,111.95,267,112.22,70.5444,81.8949,294
376,193.5685,56522,111.6125,270,111.73,70.5759,81.7061,292
377,193.2746,57016,114.4,285,113.38,70.9281,81.7412,295
378,193.8596,56607,112.15,291,111.64,70.8015,81.684,292
379,190.6711,56820,113.0125,283,112.92,70.509,81.3598,298
380,189.6863,58044,111.4,286,112.05,70.3984,81.8018,306
381,190.9412,55182,111.3375,270,111.29,70.7948,81.8126,289
382,187.2321,54859,111.9875,273,112.2,70.6988,81.495,293
383,188.9037,56860,113.2875,276,113.07,70.5868,82.0104,301
384,187.8904,54864,111.55,267,111.68,71.0355,81.4731,292
385,187.2649,56554,111.3125,270,111.6,70.4586,82.0004,302
386,185.6126,56055,111.475,270,111.56,71.0819,80.8368,302
387,186.3591,55535,112.025,257,111.67,70.6878,80.6164,298
388,184.3661,54388,112.7375,254,111.82,70.6484,81.7521,295
389,183.5952,53977,110.675,265,111.22,70.1775,81.3924,294
390,181.604,55026,111.9125,250,111.71,70.6093,81.38,303
391,180.2534,53355,112.2625,254,111.06,70.9247,81.0658,296
392,179.3987,53999,113.125,250,112.85,70.136,81.2547,301
393,179.1171,53556,111.9875,249,111.05,70.7046,81.4347,299
394,180.8792,53902,112.6375,242,112.3,70.3191,80.8174,298
395,182.8707,53764,111.975,267,112.05,70.4305,81.7372,294
396,182.3652,53433,112.1375,257,111.82,70.39,81.3431,293
397,184.0952,54124,111.9375,251,111.77,70.8133,81.3126,294
398,184.6404,53915,112.475,250,111.14,70.7467,81.3837,292
399,184.1765,53227,110.8625,272,110.41,70.5161,80.9722,289
400,185.2862,55030,112.2375,277,111.87,70.6648,81.1418,297
401,185.7833,55735,113.1875,278,112.67,70.4563,81.5804,300
402,189.0588,54638,112.55,258,112.27,70.7766,81.5187,289
403,185.6723,54959,112.0375,259,111.63,70.9115,81.4087,296
404,188.0136,55276,112.375,271,112.55,70.2106,81.233,294
405,187.1512,54461,110.725,255,111.33,70.8213,81.2817,291
406,184.89,55467,110.9125,260,111.77,70.5557,81.6766,300
407,183.4128,54657,110.8375,250,111.39,70.5811,80.9192,298
408,181.5359,55550,112.8375,277,111.16,70.7367,81.4986,306
409,179.8633,53959,112.65,251,112.23,70.4055,81.4881,300
410,181.9729,53682,112.8,264,111.8,70.8559,80.8012,295
411,178.5485,53386,112.8,245,112.41,70.5278,81.1339,299
412,178.3882,54230,112.7625,239,112.16,70.5677,81.1009,304
413,177.2103,51391,112.575,235,111.06,70.797,81.5785,290
414,175.0161,54430,111.625,249,111.39,70.4888,81.0304,311
415,176.1038,50894,112.0625,250,111.58,70.7197,80.9692,289
416,174.9492,51610,113.3125,245,112.08,69.9174,80.9875,295
417,173.3356,50614,111.5625,236,111.11,70.3575,81.2813,292
418,172.6931,50081,111.55,239,111.98,70.1964,81.1003,290
419,173.173,50047,112.525,238,112.14,70.7683,80.9612,289
420,170.5372,50479,111.325,229,111.67,69.7707,80.3121,296
421,170.4395,53518,113.5625,232,111.94,69.4165,80.7907,314
422,170.3912,50095,111.975,229,111.72,70.1955,80.8091,294
423,169.8616,49090,112.025,221,111.98,69.9951,80.7728,289
424,169.471,49655,112.175,240,112.04,69.7808,81.0275,293
425,168.7101,51794,112.925,220,112.47,69.8324,80.8188,307
426,169.5773,49347,112.2125,226,111.93,70.3954,80.688,291
427,168.0682,51765,112.3625,230,112.04,70.3286,80.3977,308
428,168.369,48827,111.6625,219,110.59,69.6086,80.2463,290
429,167.8034,49502,113.2875,235,111.38,70.227,81.0936,295
430,167.4796,49239,111.9125,224,111.89,70.29,80.3713,294
431,169.2305,49923,113.4375,222,111.96,69.9685,79.834,295
432,169.7347,49902,112.3375,226,111.7,70.0195,80.2579,294
433,169.3278,50629,112.9625,224,111.22,69.9418,80.2522,299
434,166.0552,51145,113.55,222,111.5,70.1063,79.4446,308
435,166.7759,49866,114.0375,220,112.41,69.7709,80.6343,299
436,166.7609,49528,111.3125,219,111.29,69.9787,79.7553,297
437,167.1254,50639,112.4875,228,111.98,70.0369,80.7851,303
438,166.6828,48338,112.45,223,111.49,70.1874,81.0804,290
439,167.098,49461,113.1375,228,112.37,70.2973,80.9267,296
440,165.4937,52627,112.0125,220,111.83,70.3154,80.2514,318
441,167.3694,52554,113.1125,219,111.92,70.321,79.9428,314
442,169.1284,50062,112.6125,221,111.48,70.4335,80.3731,296
443,166.6156,48985,112.1,224,111.91,69.7457,80.3978,294
444,167.8119,50847,112.0125,231,111.38,69.6704,80.7838,303
445,167.7738,51171,112.1125,208,112.36,70.3654,80.1308,305
446,167.3115,53707,113.5625,222,111.68,69.7533,80.819,321
447,169.9724,49292,111.925,223,111.39,70.2238,80.8353,290
448,169.1448,49052,112.7125,222,112.1,69.5456,81.4628,290
449,169.2219,52628,113,215,112.31,69.6836,80.9701,311
450,168.1076,53122,112.7375,231,112.49,70.2456,80.1918,316
451,168.4721,51384,112.3375,212,110.82,70.2628,80.2736,305
452,169.2141,52964,112.15,224,111.63,69.9739,80.551,313
453,167.5016,51088,112.6125,226,112.53,69.0689,80.5407,305
454,169.1069,53776,112.3875,226,111.7,69.746,80.5479,318
455,168.9363,53046,112.4625,227,112.18,70.2611,80.0784,314
456,169.1753,52106,112.25,229,111.8,70.0787,80.7918,308
457,169.5443,51711,112.6875,224,111.65,69.8707,79.4749,305
458,168.6554,49922,112.75,227,111.92,70.0992,80.9385,296
459,167.5363,48418,111.8,209,111.47,70.6288,80.6577,289
460,166.67,50501,113.025,239,112.46,69.9428,81.0941,303
461,167.3562,48868,112.3375,230,111.46,70.3118,81.1513,292
462,166.9674,51259,111.4375,219,111.84,70.1049,80.2218,307
463,164.8926,53755,113.475,216,111.77,69.454,79.9113,326
464,167.902,49699,112.45,218,110.83,69.6991,81.3376,296
465,166.802,49707,111.1,229,111.26,69.9503,80.0883,298
466,166.2175,51195,112.8125,212,111.76,70.3454,80.4574,308
467,167.0471,49613,111.8875,209,111.5,69.7706,80.4059,297
468,165.8613,51417,112.4625,221,111.13,69.3539,81.1578,310
469,165.6302,51511,113.125,219,112.47,69.2012,81.1107,311
470,165.939,48952,112.65,221,111.23,70.6697,80.7479,295
471,167.677,48794,113.2375,210,112.79,70.5422,80.0104,291
472,167.7823,49328,113.0125,218,111.57,69.5581,80.1372,294
473,167.8033,51180,112.65,225,112.27,70.4161,80.1295,305
474,166.6,49147,111.1125,219,110.86,69.9089,80.8897,295
475,167.7322,49481,113.05,221,112.65,70.0511,80.2832,295
476,167.3897,48543,112.95,215,111.69,69.3205,80.9182,290
477,167.8812,50868,112.175,235,111.69,69.4982,80.9147,303
478,169.6609,49032,111.4125,240,111.5,69.7679,80.6282,289
479,167.7148,49979,112.8,219,112.02,69.6622,81.0986,298
480,168.596,50073,112.6125,230,111.96,69.9045,80.7904,297
481,167.6613,51975,112.3625,217,111.54,69.6791,81.2523,310
482,168.4281,53897,112.5875,239,112.51,69.88,80.6417,320
483,170.3717,51793,113.3,227,112.33,69.0843,81.1066,304
484,169.341,51649,111.7625,222,111.62,69.7474,81.249,305
485,168.8211,52841,112.0375,223,111.57,69.3876,80.6453,313
486,169.4904,52881,112.3875,217,112.2,70.0385,80.2388,312
487,171.7585,50497,111.975,225,111.1,69.6888,80.8016,294
488,173.2295,50583,112.6375,233,112.5,69.9299,80.5975,292
489,170.9966,50615,112.2625,224,111.61,69.7346,80.3083,296
490,172.5927,52123,112.775,236,111.94,69.5407,80.432,302
491,173.893,51994,112.625,226,111.69,69.9066,80.4288,299
492,175.6962,51479,113.75,223,112.96,69.597,81.5502,293
493,174.169,50509,112.275,240,112.28,69.7989,81.1158,290
494,173.9488,50967,113,247,112.9,69.8703,81.4819,293
495,173.8283,51627,111.65,243,112.51,69.8362,81.2185,297
496,172.3344,52045,112.075,232,111.27,69.2955,81.0219,302
497,170.8586,51941,113.3875,227,112.29,69.6096,81.2058,304
498,171.1867,51356,112.7625,241,112.13,69.8446,81.07,300
499,171.1684,50837,112.05,224,111.11,69.2094,81.647,297
500,171.6345,49774,111.2375,236,111.12,69.919,81.4608,290
501,169.4983,51019,112.7125,228,111.95,70.2631,80.5516,301
502,170.8206,51417,112.0625,226,111.63,69.8229,81.0403,301
503,170.6284,50506,112.575,222,111.92,70.1271,80.6296,296
504,170.2642,50909,112.3,238,111.6,69.3229,80.436,299
505,170.09,49156,113.8875,225,111.22,69.9062,80.7348,289
506,169.5942,53083,111.575,227,111.38,69.5211,80.3033,313
507,169.7313,49901,112.9375,222,112.38,69.8704,81.1896,294
508,170.1176,52056,112.7375,223,112.39,69.645,80.8218,306
509,169.4477,51851,113.35,220,112.27,69.2336,80.4614,306
510,167.8339,51525,111.925,222,111.16,69.6439,80.9126,307
511,169.9607,51838,112.15,214,111.77,69.3542,79.7384,305
512,169.2393,51618,112.4125,225,111.59,69.5674,80.971,305
513,169.2038,53130,112.775,226,112.19,69.3881,80.5705,314
514,168.0863,52611,112.375,213,111.84,69.1878,80.4045,313
515,169.7041,49893,113,218,112.91,69.5622,81.1614,294
516,167.6122,52295,112.1875,228,112.09,69.5369,81.0142,312
517,168.9252,49664,112.2375,220,111.61,69.5233,80.8667,294
518,168.1567,50447,112.6375,225,111.74,69.8367,81.1279,300
519,168.6507,49246,112.25,210,111.56,69.9583,81.1437,292
520,167.0667,50120,112.575,223,111.6,69.7131,81.4051,300
521,169.0168,50367,111.6125,227,110.43,69.6047,81.0042,298
522,167.2838,49516,111.925,212,111.98,69.0626,80.1874,296
523,165.9428,55093,113.325,231,112.11,69.1376,80.1066,332
524,167.0303,49608,112.2,218,112.05,69.0533,80.5213,297
525,166.1053,50496,112.2625,212,111.62,69.4167,80.3329,304
526,167.7952,49164,112.875,216,111.92,69.4212,80.7062,293
527,167.0552,48446,111.4,226,111.14,69.5933,81.6701,290
528,166.5952,48146,110.6,219,111.4,69.4707,80.8306,289
529,167.3861,50718,112.45,224,111.65,68.9434,81.3676,303
530,167.6367,48447,112.425,222,112.39,69.5876,80.6853,289
531,168.1024,49254,111.825,213,111.52,69.39,81.0956,293
532,167.1322,49304,112.25,237,111.8,69.8314,80.8646,295
533,167.7092,51319,111.8,226,111.82,69.6404,81.1558,306
534,166.4389,50431,112.625,215,111.66,69.5197,81.2734,303
535,166.0803,49658,113.0625,227,111.88,69.1776,80.7862,299
536,167.8836,49022,112.15,206,111.92,69.5127,81.1441,292
537,166.1037,49665,112.75,218,112.38,68.5438,80.5394,299
538,167.2697,50850,112.8375,223,112.36,69.3619,80.9885,304
539,166.6414,50659,112.825,230,111.51,69.0323,81.3251,304
540,165.6358,50022,112.4625,215,112.6,69.7969,79.608,302
541,165.7114,49382,113.4875,210,112.23,69.1909,80.7117,298
542,166.3391,48072,112.35,212,111.32,69.4487,81.0105,289
543,165.0372,48851,112.7,217,112.29,70.0307,80.603,296
544,164.91,47659,112.1375,211,111.54,69.4962,81.6183,289
545,165.9483,48125,111.4625,201,111.08,69.4699,81.5184,290
546,165.6141,49353,112.05,211,112.33,68.6573,80.6886,298
547,166.7958,48204,112.825,209,111.63,68.7906,80.6401,289
548,164.7973,49604,113.1,217,112.12,69.2977,80.368,301
549,164.7186,48592,113.0875,199,111.23,69.3966,81.2732,295
550,164.6828,47758,111.7625,208,111.06,69.799,80.4495,290
551,165.229,49073,113.3375,217,112.56,69.0195,79.9125,297
552,164.8288,48130,113.5125,211,111.5,69.3333,80.953,292
553,164.2541,50426,112.75,207,112.19,69.1934,80.8383,307
554,163.3434,48513,111.9625,207,111.99,69.1039,80.6119,297
555,163.8333,48167,110.325,213,111.29,69.483,79.7226,294
556,165.2116,48407,114.4375,216,112.79,69.3823,80.1087,293
557,163.2697,49634,112.9375,208,112.24,69.4117,80.3392,304
558,163.1827,52708,112.4,213,111.35,68.7902,80.1888,323
559,162.0426,49423,112.725,207,112.08,69.0113,80.3587,305
560,162.4714,48254,113.1875,209,112.33,69.3141,81.1352,297
561,164.0338,48554,111.0375,214,111.19,69.639,80.8844,296
562,164.3051,48470,114.2,228,113.49,69.3553,79.7358,295
563,160.8927,51003,112.3875,201,111.7,69.474,79.854,317
564,162.7781,49159,112.8,198,112.29,69.2813,79.879,302
565,161.8235,46767,111.9875,207,111.07,69.6809,80.9685,289
566,162.4448,47109,111.3625,200,110.95,68.9909,80.4734,290
567,161.3003,50487,112.5375,221,110.88,68.8379,79.7659,313
568,162.2033,49472,113.1125,206,112.48,68.3556,80.4326,305
569,163.0344,47443,113.375,211,112.68,69.2519,80.4908,291
570,161.633,48005,113.1,197,112.71,69.1467,80.9029,297
571,162.7148,47350,112.6875,210,112.3,69.3339,81.0741,291
572,161.5017,48612,112.25,201,112.08,69.0084,79.7617,301
573,160.3388,48743,113.1625,198,112.45,68.5096,80.9641,304
574,161.0924,48811,111.6,207,111.13,68.8919,81.105,303
575,161.5079,51198,112.4875,219,111.78,68.8133,79.8061,317
576,161.9286,47607,113.3625,213,111.7,68.7487,80.3068,294
577,161.0888,48971,113.1,206,111.65,69.3057,80.4035,304
578,162.0035,46819,111.2875,206,110.35,69.3773,80.6255,289
579,160.1614,50611,112.3125,200,111.51,68.9109,80.19,316
580,162.1522,46862,112.3375,202,110.9,69.3895,80.0744,289
581,161.8446,47906,111.9125,215,110.97,68.8973,80.5607,296
582,161.0062,51844,112.475,214,111.76,69.2232,79.3247,322
583,161.508,50229,113.6875,203,111.27,68.8769,80.1579,311
584,161.7114,48190,113.0125,201,112.01,69.2519,80.9527,298
585,162.2816,50145,111.8125,201,111.41,69.0763,80.0975,309
586,162.0412,47154,112.7875,211,111.17,68.9554,80.5988,291
587,161.3927,48902,113.025,209,112.59,68.6705,80.0421,303
588,160.3218,50822,112.7,204,111.55,68.5698,80.4997,317
589,160.2793,53373,112.5625,208,112.29,69.7401,79.5743,333
590,160.756,46780,112.65,210,112,68.7284,80.3161,291
591,160.8354,51789,112.275,214,111.77,68.37,80.5646,322
592,160.6455,48033,112.5875,205,111.86,69.2129,80.4562,299
593,161.2843,49353,112.175,199,111.53,68.8058,80.3651,306
594,161.5316,48621,112.9125,213,112.53,69.2861,80.4397,301
595,160.9055,49398,112.625,197,111.57,69.3319,80.0851,307
596,161.5541,49274,112.9625,202,111.65,69.0739,79.8503,305
597,160.8416,48735,112.5625,205,111.81,68.9507,80.1759,303
598,161.2045,49651,112.075,200,111.95,69.4175,80.3032,308
599,160.5897,52834,113.4125,208,112.34,69.9762,79.9651,329
600,160.7279,49022,112.175,209,111.79,68.266,80.6085,305
601,160.4444,50540,113.1125,216,112.37,69.2749,79.6161,315
602,161.9468,48746,112.8125,218,112.03,69.0993,80.3431,301
603,162.7013,48485,112.95,209,112.43,69.4803,80.0691,298
604,161.2564,50312,112.175,203,112.21,69.1724,81.5379,312
605,159.9544,52625,112.6375,198,112.19,67.9906,79.4952,329
606,161.3962,51324,113.2125,205,111.33,69.2274,80.3309,318
607,160.5793,46568,112.95,205,111.81,69.0253,80.4434,290
608,160.1869,46294,112.6125,199,111.96,69.2121,80.2028,289
609,160.99,48297,112.775,203,110.73,68.9858,79.5129,300
610,161.955,46805,112.0875,209,111.51,69.473,80.3095,289
611,160.8345,46642,113.5125,209,112.58,68.405,80.3666,290
612,159.9617,50068,113.525,202,112.59,69.0513,80.3616,313
613,160.103,48191,113.3625,206,112.78,69.3413,79.7481,301
614,161.2295,47079,112.725,206,112.48,69.6943,80.5832,292
615,161.5709,47825,112.0875,204,112.28,68.8441,80.3081,296
616,160.8148,47762,112.8,210,111.84,69.6031,80.8222,297
617,161.69,48507,111.925,209,111.28,68.9066,80.21,300
618,159.5615,50581,111.2125,206,111.05,69.2367,80.5754,317
619,161.0811,47680,113.7125,212,112.53,69.0098,80.8463,296
620,159.907,48132,112.1625,204,111.69,69.9776,81.3297,301
621,160.7431,52563,111.975,206,112.12,70.1213,80.3626,327
622,161.7566,49174,112.5875,204,111.15,70.0234,80.5646,304
623,161.2172,46753,111.825,203,111.39,68.7049,80.4525,290
624,160.5132,48475,112.875,192,111.88,69.3863,80.0179,302
625,158.9215,52603,112.4,199,111.71,69.403,79.3158,331
626,160.3165,50660,112.575,202,111.42,68.8118,79.9424,316
627,161.2768,46609,112.4625,205,112.17,69.0473,79.8202,289
628,160.6103,46577,112.075,212,110.95,69.8081,80.1181,290
629,161.6768,48018,112.1375,212,111.37,69.6568,80.2952,297
630,160.727,48861,112.2375,208,111.27,68.7926,79.4575,304
631,160.8039,50010,113.2375,200,111.04,68.9205,79.4717,311
632,160.4597,47817,113.3,202,112,69.2191,80.515,298
633,160.3967,48921,111.625,194,111.85,69.2795,80.2169,305
634,160.6195,51077,113.55,207,112.23,69.7659,80.2431,318
635,159.276,49057,111.7125,193,110.32,68.9187,79.9985,308
636,161.3763,47606,111.8625,199,111.16,69.5076,80.9933,295
637,161.2007,49005,112.6375,214,112.1,69.2037,80.7886,304
638,160.5918,47214,112.1375,195,111.64,69.2593,79.7652,294
639,158.2755,57454,112.5625,205,112.03,69.3939,79.4348,363
640,159.839,51628,112.825,204,111.75,69.0414,79.9464,323
641,160.1784,54781,112.6125,203,111.73,69.8131,79.5992,342
642,162.3849,47254,112.2875,220,111.82,69.3908,80.454,291
643,163.0644,48104,112.15,193,111.49,69.06,80.7141,295
644,163.1155,49424,112.3125,206,111.87,69.2199,80.365,303
645,162.939,48067,113.675,213,111.11,69.673,80.8628,295
646,165.2295,48247,112.625,212,112.02,69.7183,80.5259,292
647,163.7962,51432,112,208,111.54,68.49,81.1036,314
648,163,51508,111.9375,209,111.84,69.167,81.0509,316
649,163.7311,49938,112.925,201,111.93,69.1139,80.7855,305
650,165.3105,50585,112.85,212,111.89,68.8092,80.8741,306
651,165.0556,50507,111.2875,205,111.29,68.7133,80.9429,306
652,164.5182,49849,112.0625,223,111.71,68.9758,80.0286,303
653,164.4902,50334,112.9,209,111.58,70.5648,80.1065,306
654,163.5748,48091,112.775,214,111.03,69.6945,81.8293,294
655,163.4575,50018,111.7625,212,112.43,69.5078,80.3607,306
656,163.3669,50317,113.675,210,112.32,68.7553,81.1511,308
657,165.0642,48859,112.3,211,112,69.3844,81.172,296
658,165.0946,48868,112.4,218,112.14,69.3822,80.9451,296
659,164.6061,48888,112.3375,204,111.66,69.9036,81.2902,297
660,164.9069,47823,111.5,203,111.05,69.4675,80.7211,290
661,164.3239,52255,112.0625,214,112.34,68.9318,81.6993,318
662,164.0166,49369,111.8875,205,111.83,68.7821,80.9719,301
663,165.6733,50199,112.35,223,111.47,69.6862,81.2487,303
664,164.7898,48613,111.5125,209,111.66,69.2892,80.979,295
665,164.3378,49137,111.85,206,111.12,69.3385,81.9881,299
666,165.3197,48604,112.6125,217,112.64,69.5916,80.5155,294
667,165.5117,49488,111.25,209,110.9,69.2045,80.7053,299
668,167.4362,49896,112.45,220,111.74,69.3931,81.2729,298
669,167.61,50283,112.9875,216,112.17,68.9977,80.4917,300
670,167.6857,52821,113.4375,218,111.93,69.1858,80.7422,315
671,167.8272,50516,112.0625,228,111.64,69.6156,81.1705,301
672,168.1522,48596,113.5375,222,112.59,69.0375,80.6874,289
673,167.1325,50474,111.925,217,112.12,68.4055,80.7351,302
674,167.3455,50371,112.0875,233,112.3,69.2197,81.7869,301
675,167.0289,51946,111.25,208,110.97,69.5708,80.915,311
676,166.4367,49931,112.5625,212,111.12,69.1109,80.6738,300
677,166.5759,48307,112.0875,209,112.12,69.573,80.6305,290
678,167.308,48352,112.8125,226,111.77,69.4457,80.8419,289
679,165.5033,49651,113.425,213,112.47,69.0554,81.2752,300
680,167.5379,48586,112.8125,212,112.05,69.4493,81.2437,290
681,167.0651,48783,112.2375,202,111.62,69.588,81.4811,292
682,166.7252,50351,113.2875,218,112.56,69.5178,80.7812,302
683,167.7969,53695,112.8125,212,112.48,70.1621,80.9726,320
684,170.3887,51287,111.55,227,111.56,69.4576,81.2813,301
685,171.2075,50335,111.25,237,111.54,69.4896,81.5416,294
686,175.2662,51353,112.1875,228,112.4,69.4468,80.9846,293
687,174.1851,53649,111.225,243,111.83,69.5499,82.4479,308
688,173.8213,50582,112.1375,242,111.8,69.5151,82.0948,291
689,172.3408,53598,111.5,233,111.52,69.6854,81.7301,311
690,176.0034,51041,112.6625,247,112.47,69.5572,82.1555,290
691,176.0621,51058,111.8375,229,112.17,69.4375,82.057,290
692,175.7677,52203,111.9125,225,112.05,69.562,81.5556,297
693,177.4475,52347,113.425,236,112.83,69.6321,81.9385,295
694,177,53808,112.0875,225,111.6,69.1347,82.0129,304
695,180.43,55392,111.25,233,110.35,69.8576,81.816,307
696,182.1834,52651,112.55,236,112.38,69.4538,81.5367,289
697,182.7492,54642,111.4875,247,111.71,69.3348,82.2132,299
698,183.2492,54425,112.3,258,112.71,69.5844,82.2255,297
699,186.226,54378,112.2375,253,111.97,69.2876,82.1278,292
700,187.0724,54251,112.4125,258,112.54,70.0431,82.2886,290
701,186.2392,56058,111.7,257,111.71,69.3017,81.9544,301
702,186.9621,54219,112.6875,260,112.04,69.8541,81.6572,290
703,187.2957,56376,113.475,268,112.88,69.5003,82.1383,301
704,188.7483,56247,111.0375,251,111.38,69.6766,81.7496,298
705,187.3833,56215,111.4375,256,112.07,69.4792,81.9748,300
706,187.1182,55387,112.4375,260,112.8,69.5572,82.1963,296
707,187.5292,54571,112.175,265,112.18,69.7548,82.0529,291
708,188.0785,55107,111.9,250,112.38,69.9371,81.874,293
709,187.8207,54468,111.5,251,112,69.4284,81.9315,290
710,186.4422,54814,111.75,251,112.39,69.4183,82.5403,294
711,184.6789,55219,110.875,260,111.85,69.6784,81.8952,299
712,183.0138,53074,112.45,235,112.59,69.3704,81.802,290
713,181.1137,54153,112.125,244,111.7,69.4439,82.0673,299
714,182.6678,53339,112.0125,240,112,69.7796,82.2114,292
715,179.7855,51958,110.9625,236,111.71,69.6802,81.5789,289
716,179.9003,52351,112.9,237,112.61,69.8088,81.4455,291
717,178.6623,53956,112,242,112.13,69.1401,81.8872,302
718,176.91,53073,112.3125,243,112,69.9605,81.3956,300
719,179.6851,51929,112.8,234,112.16,69.291,81.9264,289
720,177.1639,52972,112.3125,239,112.7,69.2836,82.0135,299
721,176.756,51436,111.1,227,111.64,70.0773,80.8091,291
722,175.543,51083,112.175,232,111.96,69.7986,81.2381,291
723,176.1633,52849,112.4,230,111.19,70.0965,81.6875,300
724,175.3241,50844,112.4125,228,111.78,69.7685,82.5153,290
725,175.3253,50669,111.9,226,112.48,69.7604,81.5577,289
726,174.2818,50716,111.5375,229,111.16,69.7828,81.74,291
727,173.9276,50439,112.0125,231,111.8,69.2192,82.1577,290
728,171.8098,52402,111.575,220,111.99,69.5174,81.3964,305
729,172.6021,49882,112.5,218,111.6,69.4925,81.5651,289
730,170.8724,49553,111.3125,217,111.7,70.3183,81.8598,290
731,170.6007,50839,111.575,221,111.53,69.5767,81.1279,298
732,170.8289,51932,112.4125,220,111.67,69.1985,81.7698,304
733,170.5017,49957,111.9375,212,111.54,70.3541,81.2792,293
734,167.9639,51229,113.55,215,112.58,69.6204,80.6306,305
735,168.1221,50941,112.825,208,112.22,69.4609,81.3703,303
736,167.1787,48649,111.4375,216,111.7,70.034,80.7258,291
737,166.0556,50813,112.3625,212,112.06,69.9809,81.6159,306
738,164.9178,50135,111.5,204,111.89,69.541,81.2717,304
739,165.0327,50500,111.5625,210,111.65,70.1657,80.9684,306
740,164.0215,53471,113.175,206,111.81,70.0666,80.3008,326
741,163.9763,48373,112.725,209,111.5,70.3363,80.9282,295
742,163.0782,50065,112.075,205,112.1,69.517,80.399,307
743,163.4013,51308,112.65,204,111.5,69.2377,80.5329,314
744,163.5314,49550,112.55,208,112.03,69.8278,81.2055,303
745,164.571,52169,111.875,213,110.42,69.5178,80.7999,317
746,164.3289,48970,110.825,200,110.78,69.6135,81.9382,298
747,164.4984,51488,110.8,207,111.43,69.8159,81.1998,313
748,166.4759,48278,112.8125,218,112.08,69.8026,81.2099,290
749,164.7113,47931,112.8,210,111.94,69.4502,80.7383,291
750,163.9439,49675,111.4375,200,111.82,69.9873,81.3906,303
751,165.3127,48106,112.0875,199,112,69.3946,80.2758,291
752,163.3163,51118,113.4875,217,112.37,69.5484,80.9453,313
753,165.6082,48192,111.775,209,111.47,70.2475,81.1313,291
754,165.898,48774,112.2625,220,111.89,69.3866,80.7995,294
755,166.3902,50749,113.125,208,111.03,69.4925,81.2195,305
756,166.4494,52598,112.375,208,112.05,69.578,80.0183,316
757,166.3564,48077,113.0125,212,112.24,69.9154,80.9488,289
758,164.7081,49083,113.2375,199,111.99,70.1061,80.4881,298
759,166.4637,48108,112.8125,216,112.45,69.9706,80.9462,289
760,165.2409,50068,111.6875,214,112.09,69.9342,80.4068,303
761,164.1254,52356,113.2875,204,111.96,69.7355,80.7799,319
762,165.194,49393,112.725,219,112.36,69.5385,81.0395,299
763,167,48430,113.2875,212,112.25,70.3663,80.2246,290
764,164.6274,51693,112.1625,216,111.41,70.0362,80.9384,314
765,167.8027,49334,112.2625,214,111.43,70.3581,81.2659,294
766,167.6485,49121,112.4,206,111.75,69.8265,81.0645,293
767,165.719,50710,111.125,210,110.93,70.233,81.3645,306
768,166.1815,48525,112.35,212,111.99,70.0434,80.8595,292
769,165.1906,49392,112.925,202,112.15,69.9342,80.9755,299
770,164.8655,47811,112.275,208,110.96,69.7294,80.654,290
771,165.6081,49020,111.95,202,111.62,70.1046,80.9971,296
772,165.8142,49081,112.2,223,111.82,70.1193,80.8983,296
773,165.737,47898,112.3375,209,112.28,69.9447,81.5793,289
774,166.3564,48077,112.2875,205,111.28,70.3432,81.6965,289
775,166.0754,50653,112.25,210,111.67,69.9938,80.8554,305
776,166.0271,48978,112.025,205,111.61,69.8626,81.406,295
777,165.598,49845,112.95,213,112.42,70.1251,80.937,301
778,168.3311,49826,112.475,204,111.87,70.1281,81.4509,296
779,168.0263,51080,111.8375,224,111.79,70.5469,81.3223,304
780,169.9472,51494,112.875,222,111.46,70.5802,81.3771,303
781,168.065,54285,112.6875,224,112.72,70.6233,80.9244,323
782,169.961,52348,112.35,216,111.81,69.9059,81.3653,308
783,170.1229,49846,112.975,224,112.19,69.8934,81.1698,293
784,169.6858,50227,112.6375,217,111.74,70.1138,81.5095,296
785,168.7939,49963,110.6125,220,111.45,70.4074,81.5081,296
786,169.2234,49244,111.8875,217,111.81,69.4392,81.2043,291
787,169.9064,50802,112.4,221,111.3,69.6239,81.5771,299
788,170.1933,51058,112.0125,227,112.27,70.181,81.3032,300
789,168.5686,50402,112.975,209,111.59,69.3581,82.0322,299
790,168.4752,51048,111.325,218,111.65,69.8223,81.4038,303
791,168.8653,50153,112.6875,208,112,69.8695,81.567,297
792,170.4733,51142,113.2,217,113.03,69.6156,81.2878,300
793,170.86,51258,112.6875,222,111.62,69.2591,80.8628,300
794,168.391,52538,112.6125,223,111.6,70.4898,81.1075,312
795,169.9525,50136,112.375,216,111.77,70.7796,81.611,295
796,170.0724,51702,112.7,215,112.86,70.1109,81.1139,304
797,170.0638,50679,112.375,222,112.8,69.3498,81.4448,298
798,169.2282,50430,112.2375,220,112.04,70.0336,81.2557,298
799,169.8243,50268,113.2125,214,112.26,69.8551,81.9648,296
800,171.6276,49772,112.1375,226,112.22,69.7786,81.1067,290
801,170.3904,49754,112.1125,232,111.59,70.412,81.429,292
802,170.0294,52029,111.675,217,111.5,69.9744,81.1606,306
803,172.0615,53167,112.8,225,112.03,70.0635,81.2566,309
804,172.3597,52225,111.5875,218,111.12,69.9681,81.7262,303
805,173.6351,51396,111.3375,228,111.51,70.3117,81.5343,296
806,172.6689,51110,112.2625,219,112.34,70.2096,81.8663,296
807,172.8225,50637,111.875,228,111.36,70.5929,81.0608,293
808,172.0759,49902,113.05,224,112.24,69.9871,82.2029,290
809,172.1508,52506,112.1375,213,111.95,69.903,81.3016,305
810,174.1661,51379,111.5625,224,111.7,69.9678,81.278,295
811,171.5552,49751,111.7,215,111.99,69.8863,82.0376,290
812,173.2857,50946,111.5125,225,111.05,69.9862,81.3239,294
813,174.3682,51613,112.15,227,112.15,69.592,81.2689,296
814,172.6955,49909,112.2125,244,112.15,69.6681,81.6159,289
815,171.9167,51575,111.95,216,111.58,69.5699,81.5406,300
816,173.651,51748,111.525,238,111.4,70.2749,81.6293,298
817,174.6498,51871,112.175,222,111.22,69.7747,82.1315,297
818,172.3766,54471,111.65,232,111.69,69.5811,81.4764,316
819,174.0912,51531,114.1,224,113.36,70.065,81.8705,296
820,175.3952,51040,111.8625,232,112.09,69.9929,81.3366,291
821,173.8515,52677,112.175,232,111.61,69.5993,82.0907,303
822,172.2678,50819,111.7875,216,112.28,69.5961,81.7548,295
823,173.5556,51546,112.075,222,111.98,69.5654,81.6605,297
824,172.0429,52129,110.9375,229,111.04,69.6279,82.2346,303
825,170.6457,51535,112.5,225,111.99,70.0073,81.4425,302
826,170.268,52102,111.7125,212,111.06,69.8191,81.8854,306
827,168.7437,53323,112.4,222,112.41,69.8701,80.9826,316
828,169.0158,53578,112.125,223,111.58,69.9955,81.325,317
829,168.7306,50113,112.4625,222,112.42,69.8673,81.3422,297
830,168.8441,49809,113.0625,213,111.93,69.748,80.9658,295
831,166.9741,51595,112.5,213,111.76,69.8161,81.5049,309
832,168.2759,48800,112.075,214,112.51,69.5327,81.3055,290
833,166.1073,48005,112.15,210,111.56,69.9362,81.1528,289
834,166.1062,48503,112.35,209,112.08,69.8093,81.0948,292
835,166.5101,49620,112.9125,212,111.9,70.0242,81.3884,298
836,165.8911,50265,111.4625,215,111.83,70.1706,80.674,303
837,165.85,49755,112.2875,207,112.12,69.8495,81.2135,300
838,166.2761,49384,111.7375,213,110.68,68.9854,81.4992,297
839,165.9252,48782,111.975,203,111.95,69.7674,80.9686,294
840,164.1063,49396,112.9,210,111.86,69.4825,81.2167,301
841,164.391,47509,112.575,209,112.64,69.7436,81.9059,289
842,165,47850,112.5125,204,111.81,69.8009,80.3771,290
843,162.3943,51479,112.7125,200,111.59,69.5372,81.2349,317
844,163.5777,48419,112.9375,197,111.86,69.8967,81.5081,296
845,161.4146,52944,110.5875,207,110.98,69.363,81.2924,328
846,160.9839,50066,112.7,200,112.46,69.8307,80.5929,311
847,163.8717,49817,111.85,207,111.68,70.152,81.3876,304
848,161.0736,48161,112.6,202,112.29,69.5426,80.0561,299
849,161.623,49295,112.5875,209,112.49,69.4409,81.1381,305
850,161.5526,49112,113.05,210,112.25,69.722,81.1095,304
851,161.1779,48031,111.85,195,112.37,69.5788,80.8485,298
852,163.602,48099,113.5875,199,111.43,69.6728,80.8198,294
853,161.7726,48370,111.7,203,111.46,69.9536,80.2708,299
854,162.9051,48057,113.2625,208,111.88,69.4077,81.18,295
855,161.9529,48100,112.3375,199,111.73,69.6863,80.8893,297
856,162.4542,47924,112.6375,206,111.5,69.8082,80.3576,295
857,160.5276,46553,112.75,198,112.65,70.4234,80.1318,290
858,161.3603,47924,112.5125,195,110.99,69.9789,81.6165,297
859,161.398,49065,112.4125,214,112.89,68.9254,80.7617,304
860,160.0695,48341,112.4375,202,111.54,69.3098,80.8889,302
861,160.4828,46540,112.0375,200,112.01,69.6123,80.4944,290
862,160.1883,49338,112.975,198,111.79,70.046,81.2073,308
863,161.1429,50760,111.7625,210,111.72,68.8184,80.3332,315
864,160.1536,49007,112.375,212,111.44,69.8281,80.9435,306
865,160.4497,47814,112.575,202,111.58,69.4562,80.0295,298
866,160.1981,49341,113.2375,201,112.12,69.5636,79.8019,308
867,159.8608,49397,112.3875,206,111.55,69.018,79.9334,309
868,160.5685,46886,113.775,197,112.6,69.9371,81.7756,292
869,159.9725,46552,112.7375,194,112.08,69.4782,80.5539,291
870,160.0872,47706,111.5875,198,111.66,69.4905,80.695,298
871,159.8633,47959,112.75,195,111.51,68.7816,80.8866,300
872,161.0034,47818,112.075,204,111.98,69.35,80.7916,297
873,158.6592,49343,112.4875,192,112.15,69.0386,80.426,311
874,159.5464,48183,113.375,199,112.59,69.6987,79.5289,302
875,161.1395,47375,111.7625,198,111.82,70.0034,80.2721,294
876,159.7807,48094,111.8625,194,111.98,69.2382,81.8758,301
877,159.1798,50460,110.975,193,111.71,68.6288,80.3999,317
878,161.1954,49487,111.6125,204,111.02,69.8709,80.9812,307
879,160.6969,51423,112.125,198,111.68,69.5706,81.0567,320
880,161.0098,49430,112.1125,195,112.08,69.5494,80.2692,307
881,161.8605,47587,112.9625,194,112.86,69.7781,80.4153,294
882,160.8365,50181,112.65,204,111.38,70.1203,80.7008,312
883,161.2399,47727,112.7875,207,112.89,69.9066,80.7857,296
884,159.9493,47345,113.1,200,112.69,69.1911,80.9902,296
885,161.2967,48389,113.225,200,112.67,69.3388,81.0553,300
886,159.3569,49560,112.1125,191,111.97,68.9316,80.2478,311
887,160.211,49345,113.7375,197,113.25,69.3587,81.3067,308
888,160.2721,48883,112.3,195,112.49,69.4657,80.4713,305
889,159.4967,48168,113.0125,199,111.75,69.967,79.6957,302
890,159.9867,48156,112.7125,206,111.73,70.1143,80.8159,301
891,159.7342,50476,111.575,198,110.73,68.7015,80.6346,316
892,159.309,47952,112.25,188,112.21,68.8503,81.1546,301
893,160.1134,46593,112.2375,195,111.48,69.0162,80.6004,291
894,158.9338,47998,112.7375,193,112.35,68.1546,79.7981,302
895,159.6419,47254,112.6375,197,112.37,69.6207,79.5641,296
896,158.9628,47053,112.8625,210,112.39,70.3486,81.1987,296
897,159.8277,47309,112.125,195,111.43,68.9445,80.8132,296
898,159.4091,49098,112.475,195,111.93,69.3209,80.1481,308
899,160.461,47336,114.1125,208,112.38,69.4612,79.5367,295
900,159.1947,48236,113.4125,195,112.11,69.8481,80.3014,303
901,159.5253,50410,112.95,194,111.62,69.0103,80.1876,316
902,158.2948,52079,113.5125,200,112.39,68.9324,79.6446,329
903,158.6417,48703,112.575,193,111.5,70.0509,80.0189,307
904,159.6054,46924,112.125,192,110.85,70.1031,80.2948,294
905,159.8224,48586,112.9625,207,111.7,70.3348,81.0676,304
906,158.7763,48268,112.7125,192,112.23,69.7911,80.7806,304
907,160.1492,47244,112.4875,198,112.54,69.7475,81.191,295
908,160.0203,47366,112.4125,208,111.53,69.4686,80.4769,296
909,161.1973,47392,113.4375,211,112.5,70.6971,80.6372,294
910,159.8111,49062,113.5625,194,112.68,69.5481,80.2992,307
911,159.6463,49650,112.5625,200,111.89,69.3283,80.683,311
912,160.0269,47528,111.875,192,111,69.5788,80.7433,297
913,160.2241,47907,112.4,193,112.17,70.1811,79.717,299
914,160.4158,46681,113.825,195,112.71,70.2956,79.6664,291
915,161.4026,49712,112.2125,214,112.09,69.3341,80.5166,308
916,162.0236,48121,112.2875,208,111.93,70.389,80.5667,297
917,162.2718,48357,112.4875,193,112,69.6468,81.6144,298
918,161.178,49804,111,212,111.62,69.3964,80.2712,309
919,161.5867,48476,113.2625,204,112.52,69.7669,80.4455,300
920,161.5461,49110,112.6875,206,111.74,69.3341,80.271,304
921,161.2857,47418,112.45,203,112.7,69.9207,81.2613,294
922,161.9502,48747,114.4875,197,112.78,69.2172,79.8135,301
923,161.4702,48764,111.8,211,112.25,69.2083,80.0338,302
924,161.5448,46848,113.7125,205,112.43,69.7467,81.0761,290
925,159.8195,54019,112,202,111.82,68.6604,80.4869,338
926,161.8034,46923,112.5,201,112.18,68.7379,81.4362,290
927,160.1178,47555,112.3125,196,111.74,68.6995,80.3236,297
928,160.7763,47429,112.65,200,112.35,69.3511,80.9679,295
929,160.9351,49568,112.5625,207,111.74,69.2005,80.7501,308
930,159.1925,51260,112.9125,209,112.35,69.0824,80.2112,322
931,159.9899,47517,113.175,194,112.06,69.4659,80.7315,297
932,158.4369,51492,111.975,194,111.35,68.9042,80.8671,325
933,159.0988,51548,112.1,200,112.12,68.3968,80.1095,324
934,159.8467,47954,112.1625,193,111.72,68.6633,80.7397,300
935,159.2559,47299,113.2125,193,113,69.7611,80.3382,297
936,157.0257,48835,112.6375,191,111.36,69.5961,82.2398,311
937,159.3469,46848,111.5625,199,112.09,69.608,81.5879,294
938,158.9696,47055,112.5875,203,112.59,70.158,80.4988,296
939,158.9029,49101,112.225,194,111.76,70.1659,80.8653,309
940,158.8254,50030,111.8125,206,111.42,70.1074,79.4628,315
941,158.8316,47173,113.1625,202,111.95,69.2936,80.712,297
942,157.6543,51080,113.3125,201,112.25,69.1681,80.8103,324
943,158.1927,47616,111.0375,195,111.31,69.9879,80.4743,301
944,158.6421,47434,113.5,201,111.96,69.7801,81.6822,299
945,158.0909,46953,112.0125,208,112.1,69.9478,80.3638,297
946,157.8644,50043,112.0125,194,111.85,69.7231,80.4397,317
947,158.6556,47914,112.4625,201,111.15,69.8114,80.3187,302
948,158.9038,46241,112.3875,199,111.34,69.614,80.7268,291
949,157.7568,46696,112.25,203,111.99,69.4121,81.2994,296
950,158.794,47797,111.25,196,112.02,68.4802,80.0264,301
951,157.1294,48553,114.1125,188,112.64,68.9834,81.2571,309
952,157.6656,47615,113.1875,195,112.44,69.8212,81.0039,302
953,158.202,48568,111.5,198,110.58,69.3794,80.6545,307
954,157.0154,51030,112.1625,189,112.24,70.1538,80.6256,325
955,158.2828,47010,112.1375,191,111.31,68.4514,79.7508,297
956,158.7483,46672,113.2625,188,111.64,68.9653,81.0861,294
957,157.9711,49129,111.7875,192,111.8,69.1482,80.2181,311
958,157.2689,47967,112.675,184,111.92,70.2592,81.6962,305
959,157.0535,49943,111.625,203,111.78,69.4003,80.9142,318
960,158.3267,47498,112.8375,191,112.06,69.8383,81.1239,300
961,157.7568,46696,112.7,184,112.11,69.8911,80.5048,296
962,157.9377,48171,112.625,187,112.34,70.2943,79.3327,305
963,156.2329,50307,114.15,195,111.25,69.7342,80.3399,322
964,157.5347,47733,113.2,201,111.53,69.9071,81.1179,303
965,158.6757,46968,111.675,192,112.13,70.0126,80.2219,296
966,157.9452,46120,112.825,189,111.81,69.4733,79.5513,292
967,156.7387,48589,112.875,195,111.67,69.5699,80.5481,310
968,157.2172,45593,111.1125,201,111.45,70.2908,80.3985,290
969,157.0327,48052,112.5875,191,111.83,69.4527,80.1946,306
970,156.5606,51665,113.825,195,112.17,69.6683,80.5952,330
971,157.1824,46526,112.1125,200,111.79,70.1684,80.9536,296
972,156.7007,47637,110.5375,197,111.34,69.5772,80.8123,304
973,157.9799,47078,112.05,188,111.5,69.0384,80.4165,298
974,157.0333,47110,112.925,195,112.17,69.1477,80.5081,300
975,156.739,49843,112.6125,185,112.26,69.497,79.9745,318
976,156.6963,51083,112.4,190,111.16,69.0223,79.7654,326
977,157.7237,47948,113.95,194,111.85,69.7347,79.7774,304
978,156.229,46400,112.3875,190,111.38,70.0225,81.2083,297
979,157.8136,46555,111.9625,187,111.9,69.9384,80.0912,295
980,156.1333,51524,113.5875,186,112.38,68.8396,80.2379,330
981,156.879,49260,113.45,186,112.12,69.8304,78.9137,314
982,157.949,46437,113.075,206,111.83,69.2256,81.1711,294
983,155.383,51121,111.2875,198,111.24,69.6852,80.6447,329
984,156.7399,46395,112.1375,194,112.05,70.4503,79.9809,296
985,157.5616,46008,112.95,192,112,69.8325,80.3923,292
986,157.4427,50854,112.8625,196,112.48,69.7132,80.1196,323
987,157.7354,45901,113.075,189,111.31,70.2626,81.0058,291
988,157.5986,45546,112.95,185,112.51,69.797,80.6594,289
989,157.3898,46430,112.4875,189,111.69,69.0821,80.5459,295
990,157.0592,47746,113.4125,188,113.01,68.8091,79.8343,304
991,157.1541,47932,113.325,190,112.02,69.564,80.7974,305
992,157.7397,49688,111.9625,204,111.29,70.0217,81.3324,315
993,157.3986,45803,112.3875,199,112.23,69.0168,80.2903,291
994,157.7828,45757,112.3,199,111.64,68.6643,80.0368,290
995,157.1397,49499,112.175,192,111.58,69.5607,80.1824,315
996,158.0611,49157,112.4625,195,111.61,68.754,80.5578,311
997,157.4899,46617,112.0875,196,111.67,69.8577,80.0735,296
998,156.927,49432,112.775,188,111.68,70.1128,80.6758,315
999,157.4108,49427,112.475,192,112.61,70.2926,80.3103,314
1000,158.1769,46504,112.75,191,112.07,70.2973,80.7303,294
1001,158.7601,50962,112.3875,191,112.16,69.2528,81.5996,321
1002,157.9346,50697,112.5875,205,111.56,69.3383,80.5263,321
1003,158.5548,46298,112.975,200,112.3,69.9087,81.0376,292
1004,158.371,54638,112.0625,206,111.82,70.6612,79.7216,345
1005,159.0097,49293,112.375,211,112.24,69.7096,80.6933,310
1006,158.4338,47847,112.3875,204,111.16,68.9511,80.4738,302
1007,158.9649,49756,112.3875,204,110.86,70.2758,79.7598,313
1008,159.8123,46825,112.75,196,112.22,69.6512,81.1253,293
1009,159.3525,47009,111.825,204,112.25,70.1631,81.2874,295
1010,158.7655,48741,111.9875,197,111.89,69.2432,81.0145,307
1011,158.7461,50640,113.6375,195,112.33,69.7567,80.7445,319
1012,160.4141,47643,112.1,204,111.49,69.8175,80.9704,297
1013,159.7492,50321,113.4625,202,112.7,70.4137,80.9952,315
1014,159.8639,47000,111.7125,195,111.05,70.2056,80.647,294
1015,159.9517,46386,113.5,198,112.36,70.003,81.9827,290
1016,159.6194,46130,112.4625,193,111.65,70.4478,80.0271,289
1017,161.2363,47081,113.7125,197,112.34,69.7965,81.4215,292
1018,160.2414,46470,112.5125,207,111.66,69.879,81.0839,290
1019,159.4938,51676,112.8125,194,112.62,69.3083,79.932,324
1020,161.6385,47845,112.4875,197,111.86,69.9557,80.891,296
1021,159.5515,48025,112.075,201,111.85,70.0454,80.9037,301
1022,159.9702,48311,111.8125,200,111.49,69.5361,80.2566,302
1023,159.9838,49275,113.3,206,111.9,69.7027,81.2658,308
1024,159.2458,47296,111.8,202,112.08,69.9741,80.7898,297
1025,158.9414,46093,113.375,200,112.76,70.227,80.8287,290
1026,159.6667,47900,111.8,201,111.43,70.0749,80.3268,300
1027,158.807,50183,112.75,199,111.29,70.0387,80.7093,316
1028,156.6605,50758,111.375,192,111.08,70.0484,80.7106,324
1029,157.9185,50376,111.175,191,110.58,70.863,80.992,319
1030,157.9164,49112,112.8375,184,112.33,70.1856,80.4364,311
1031,157.1263,46038,112.5875,190,112.12,69.5769,81.4961,293
1032,157.645,48397,112.2,197,111.72,69.9739,80.55,307
1033,156.8345,46423,114.1625,199,113.33,70.3825,79.7766,296
1034,156.3964,52862,113.5375,202,112.35,69.5114,80.5471,338
1035,156.3597,47377,112.1375,209,111.66,69.614,80.5094,303
1036,157.1867,47156,112.7875,206,112.3,69.5387,80.5935,300
1037,156.3333,47838,111.95,191,112.32,69.7966,80.0012,306
1038,156.3887,47073,113.9375,187,112.77,69.3524,80.3381,301
1039,155.8202,49395,112.625,191,111.68,70.0435,79.6416,317
1040,157.5067,46937,112.375,197,110.5,70.2904,80.5249,298
1041,156.9758,45366,112.6625,195,111.74,70.1855,79.5814,289
1042,157.6225,47602,112.2625,186,111.53,69.7291,79.9881,302
1043,157.1981,49203,112.575,196,111.1,69.5001,80.4498,313
1044,155.0674,52878,113.175,185,112.23,70.6321,80.0868,341
1045,155.1987,46094,111.65,187,111.46,70.0028,80.1599,297
1046,156.0653,45415,113.1625,196,112.03,69.9654,80.4815,291
1047,154.4459,48496,112.8625,189,111.76,69.8872,81.0454,314
1048,156.2736,46257,111.675,188,111.48,69.8912,80.8049,296
1049,156.0484,45098,111.2625,189,111.33,70.5326,80.8568,289
1050,154.7785,47517,112.5375,193,112.57,70.7723,80.559,307
1051,156.7124,46857,112.2125,189,111.53,70.1631,79.3897,299
1052,154.297,56627,112.95,192,111.24,68.9674,79.8387,367
1053,157.1203,45722,112.075,197,110.65,70.5967,80.4391,291
1054,155.7617,46417,112.7,183,112.19,70.3152,80.6717,298
1055,157.6426,45874,112.025,196,111.9,70.0628,79.8041,291
1056,156.0658,47444,112.8375,193,111.64,70.3798,79.0727,304
1057,155.1561,48719,112.6125,199,112.87,69.46,79.526,314
1058,155.737,47967,112.95,188,111.99,69.9024,80.5823,308
1059,155.712,48115,111.6375,187,111.2,70.641,80.2677,309
1060,156.8125,47671,112.225,184,111.43,69.9886,79.4216,304
1061,156.827,45323,113.025,193,111.86,69.6209,80.7594,289
1062,155.5069,45097,112.825,189,112.04,69.7427,80.0089,290
1063,156.5246,47740,112.3125,183,111.67,70.3248,79.853,305
1064,155.2848,49070,113.8625,188,112.97,70.2385,80.919,316
1065,155.8013,49389,112.0625,192,111.89,70.0704,79.7586,317
1066,156.6451,45897,111.95,185,111.31,70.2846,80.1156,293
1067,155.571,49316,113.725,193,111.44,70.0153,79.7068,317
1068,155.9257,46154,113.4,189,112.32,68.9097,80.7037,296
1069,155.9218,47868,112.5875,199,111.59,70.5794,80.1031,307
1070,156.223,47648,112.15,189,111.98,70.2369,80.41,305
1071,155.3618,54532,113.875,186,111.86,69.1349,79.3226,351
1072,155.4049,50662,112.575,184,111.56,69.7559,79.1546,326
1073,157.3529,45475,113.45,192,111.02,70.4452,80.1155,289
1074,155.8841,47077,113.2125,190,112.98,69.9503,81.8274,302
1075,155.7344,47499,112.5125,186,112.13,69.9147,80.5092,305
1076,156.3085,46111,112.45,187,111.33,70.5263,80.467,295
1077,156.2907,45168,111.7,184,112.04,70.9616,81.7328,289
1078,157.0063,49614,111.05,185,112.02,70.7948,80.9601,316
1079,156.4815,50700,112.775,194,112.69,70.2981,79.8794,324
1080,157.1258,47452,112.4,184,112.9,70.0424,80.7285,302
1081,157.0429,47584,112.625,184,112.28,70.0413,80.2699,303
1082,157.1173,50906,111.2375,207,110.94,70.1438,80.8209,324
1083,156.3633,48629,112.2375,195,111.78,69.7635,80.6825,311
1084,157.9796,46446,111.725,189,111.95,70.0744,81.5519,294
1085,158.8362,46539,110.9875,200,112.31,70.0845,81.136,293
1086,158.8188,50822,112.775,200,112.45,69.9075,80.7382,320
1087,158.0102,46613,112.6625,191,112.25,70.7938,80.854,295
1088,156.6963,51083,113.175,188,112.11,70.6695,81.0153,326
1089,157.7793,47176,112.75,192,112.09,70.6033,81.103,299
1090,157.6531,46350,113.1,207,111.71,70.3244,81.0294,294
1091,158.2103,45881,113.3875,200,111.63,71.0339,80.6666,290
1092,157.33,47199,112.6,187,111.16,70.2782,80.5197,300
1093,157.224,48425,112.6625,197,111.55,70.2294,80.656,308
1094,155.4026,47864,112.125,194,111.89,68.9753,81.3955,308
1095,156.9338,47394,111.1625,188,111.38,69.4529,79.8531,302
1096,155.2462,50455,113.2125,191,111.74,70.0265,81.3662,325
1097,156.3322,47994,112.85,195,111.81,70.9258,79.5884,307
1098,156.0498,46971,112.35,187,112.29,70.042,80.0027,301
1099,156.3211,51117,112.7625,203,111.41,70.8335,80.4222,327
1100,156.6871,46066,112.8375,196,111.22,71.031,80.0669,294
1101,156.064,46351,112.825,189,112.67,69.545,80.818,297
1102,155.8232,48461,112.025,194,111.71,70.2093,80.5799,311
1103,155.873,47853,111.5375,197,112.27,70.626,79.5078,307
1104,155.9532,46630,114.125,189,112.8,70.537,79.8706,299
1105,155.6233,45442,112.6625,181,112.31,70.0104,80.8965,292
1106,155.8033,47520,112.2125,185,112.48,69.962,80.0733,305
1107,155.0512,45430,113.475,190,112.14,69.9182,79.3247,293
1108,156.161,45599,113.9125,186,112.48,70.268,80.442,292
1109,157.0692,45393,113.075,198,113.01,69.6659,80.8626,289
1110,157.0033,47729,111.3375,188,111.67,70.1311,80.3195,304
1111,154.4642,45258,112.7375,178,111.78,69.4891,80.0947,293
1112,155.1508,47321,112.35,185,111.44,70.5599,80.5275,305
1113,155.3758,51274,112.4375,194,112.57,70.4097,79.5541,330
1114,155.6122,48551,111.8125,191,111.29,70.0384,79.9229,312
1115,154.9654,44785,113.225,188,111.38,71.0417,80.9014,289
1116,155.1254,48244,111.5625,182,111.69,70.2333,81.5436,311
1117,155.7627,45950,112.425,188,112.18,70.0664,80.2065,295
1118,155.6644,46388,113.325,184,111.86,70.1272,80.1837,298
1119,154.9902,47427,112.7125,188,111.52,71.2413,80.2055,306
1120,156.3597,47377,112.675,191,111.29,69.6118,80.5788,303
1121,155.8542,45977,112.475,199,111.95,71.0554,81.1616,295
1122,154.435,54670,112.4125,190,111.71,69.8507,80.6212,354
1123,155.5753,46517,112.075,184,111.95,70.6737,80.2457,299
1124,156.9551,48970,113.0625,190,111.61,70.0746,80.748,312
1125,157.7918,46233,112.275,193,112.34,70.6189,80.0781,293
1126,155.2128,51065,112,191,111.65,70.1427,80.4419,329
1127,156.6688,48724,113.725,181,112.52,70.438,80.7595,311
1128,155.6818,51375,112.8,199,112.29,71.4019,80.4801,330
1129,156.0635,46663,112.45,206,111.67,70.6445,79.5872,299
1130,157.3278,47041,111.975,192,112.15,69.9416,80.1269,299
1131,156.1933,46858,112.2125,184,111.18,71.0643,80.6905,300
1132,156.5199,47269,112.2125,196,111.91,70.8896,79.9721,302
1133,157.4521,45976,112.6125,193,111.46,71.1671,80.9616,292
1134,156.8086,47513,112.975,184,111.71,70.1721,80.8094,303
1135,157.6186,49177,112.575,195,112.22,70.3347,79.6286,312
1136,158.0656,50581,112.5125,189,112,71.2108,80.1183,320
1137,158.5552,45981,114.725,186,112.22,70.5612,80.6982,290
1138,157.8372,47509,112.6375,196,112.04,70.0538,81.7302,301
1139,159.323,46363,111.95,203,111.93,70.0556,80.5215,291
1140,159.8372,48111,111.8375,204,112.06,70.9474,80.3232,301
1141,158.8243,49712,114.275,201,112.94,70.0115,80.5986,313
1142,159.7897,46339,112.7375,203,112.43,71.2496,80.4528,290
1143,158.9353,49111,113.35,191,112.44,70.9967,81.2149,309
1144,160.0199,48166,111.925,198,111.21,70.2829,81.2399,301
1145,159.7774,48093,112.5875,196,112.12,69.8743,80.7884,301
1146,159.6759,46306,114.175,195,113.34,71.009,80.3224,290
1147,158.2844,50651,114,190,111.71,70.0751,80.8017,320
1148,158.3502,47030,111.8875,204,111.07,71.0834,80.0587,297
1149,156.1137,46678,112.675,183,112.23,70.4524,80.1624,299
1150,157.1767,49825,112.5,204,111.02,70.6952,80.3053,317
1151,156.6343,48400,112.4875,187,112.65,70.8362,80.2361,309
1152,156.9679,48974,114.2875,207,112.86,70.1612,80.4397,312
1153,155.931,49742,113,187,111.77,69.6928,78.9734,319
1154,157.0131,47889,113.25,188,111.7,70.0725,80.1147,305
1155,155.7138,48427,113.275,182,110.99,70.5375,81.306,311
1156,156.7881,47350,111.7,193,112.72,71.1856,80.8603,302
1157,157.4692,45981,111.5625,190,111.72,71.2004,81.0359,292
1158,156.6391,47305,112.3375,188,112.36,70.6238,78.9177,302
1159,157.6512,47453,113.6875,201,112.33,71.167,79.8894,301
1160,157.49,47247,112.6625,193,112.17,70.9904,80.3284,300
1161,156.2369,50777,112.4875,192,111.45,71.5464,79.6968,325
1162,155.8173,48615,112.5625,184,111.38,70.6309,81.1462,312
1163,155.0807,53813,112.2125,184,112.36,69.0445,80.7385,347
1164,155.9934,47422,111.7,183,112.15,70.6922,81.3121,304
1165,155.8378,46128,111.075,189,111.41,71.0866,80.0871,296
1166,155.6409,46381,113.0875,196,112.74,71.0928,80.1336,298
1167,155.1623,53531,112.8375,191,111.42,70.3559,79.5032,345
1168,155.9315,45532,111.5625,189,111.42,71.7278,79.6239,292
1169,156.7712,50010,113.1125,206,112.42,71.5254,80.4303,319
1170,155.4593,47726,112.9375,195,112.1,71.0493,80.0937,307
1171,156.388,46760,111.7875,189,112.21,70.084,80.1419,299
1172,155.746,49060,112.4,191,112.23,71.3658,79.865,315
1173,155.9814,50382,113.0875,184,112.44,70.3034,80.0563,323
1174,155.594,46367,112.7125,186,112.37,70.3284,80.4199,298
1175,155.8685,45046,112.2375,179,111.67,70.4753,80.2813,289
1176,155.9051,45992,112.975,196,112.38,70.2482,79.8821,295
1177,155.4606,49281,111.925,203,111.57,71.693,79.9766,317
1178,153.9847,50353,113.575,188,112.35,71.4004,78.965,327
1179,155.2642,49374,114.325,193,111.91,71.3801,79.6026,318
1180,156.1755,47165,112.7375,184,111.44,70.4859,80.377,302
1181,155.5745,50095,112.375,193,111.88,71.6481,79.2748,322
1182,153.9065,47711,113.0125,177,112.23,71.5906,79.6083,310
1183,154.5881,49159,112.5375,190,110.85,71.5963,79.5214,318
1184,155.2483,46885,113.625,203,112.17,70.9218,80.4675,302
1185,155.4199,48491,113.6125,193,112.24,70.5484,80.6627,312
1186,156.033,47278,112.2125,185,111.84,70.5313,81.3658,303
1187,155.0667,51172,112.1,183,111.97,70.6383,80.8511,330
1188,155.2132,51686,112.1625,188,112.25,70.4028,79.9185,333
1189,154.6604,49182,112.325,184,111.37,70.881,80.7868,318
1190,156.7162,46388,112.9875,194,112.82,71.3034,80.8526,296
1191,154.7282,47811,112.25,191,112.31,71.7075,79.4223,309
1192,155.7018,51693,112.85,202,111.31,71.8687,79.3668,332
1193,156.1722,47164,113.7875,183,112.67,70.8705,79.8437,302
1194,155.9529,46318,112.9625,186,111.95,71.4004,80.636,297
1195,155.7435,47969,112.2125,180,111.72,70.799,81.4325,308
1196,154.4883,52835,112.3125,193,112.15,70.3508,79.2272,342
1197,155.0214,50692,113.3625,187,112.24,71.2984,79.6563,327
1198,156.4314,46773,112.7875,190,111.58,72.2058,80.8056,299
1199,155.9638,47413,112.6875,198,112.12,70.829,80.7713,304
1200,156.3596,45657,112.875,186,112.53,70.7762,80.2008,292
1201,155.7723,47199,113.4,200,112.4,70.9006,80.6456,303
1202,154.3676,49552,111.95,185,112.41,70.1691,79.6711,321
1203,154.7919,49843,112.5,180,112.26,70.2715,79.8973,322
1204,154.9653,49124,112.925,191,112.5,70.666,80.5674,317
1205,155.0552,47757,111.5625,188,112.74,70.9429,79.7485,308
1206,155.2391,46106,113.4375,187,111.73,70.5149,80.1982,297
1207,156.2532,48126,112.7625,196,112.56,70.5937,79.5935,308
1208,155.4918,47425,113.1875,187,112.02,70.2353,80.3164,305
1209,155.9666,46634,113.075,184,111.5,70.4289,80.0162,299
1210,155.7723,47199,113.025,187,112.66,71.5643,79.0337,303
1211,155.4237,45850,113.4875,187,111.51,71.4554,80.2431,295
1212,154.7319,51371,111.9625,181,112.14,71.3302,80.349,332
1213,155.3386,49553,113.6625,181,112.71,70.2613,79.5929,319
1214,157.2976,45459,112.975,197,112.81,70.8519,80.3539,289
1215,156.4418,45681,113.025,191,112.28,71.1933,80.4519,292
1216,157.1047,46503,112.4625,194,112.04,70.2926,81.0269,296
1217,156.5701,50259,112.8,190,111.57,71.109,79.9706,321
1218,157.6109,46180,113.425,190,113.09,70.6032,80.6969,293
1219,155.951,47721,111.9,185,112.29,70.8458,79.4241,306
1220,156.0538,49313,112.775,197,112.54,70.9242,80.9116,316
1221,156.5183,47112,111.3375,192,111.43,71.445,79.6957,301
1222,155.8679,49566,112.6375,190,112.56,70.6911,79.8867,318
1223,156.5085,45857,112.8625,199,112.95,71.4799,79.7612,293
1224,156.4041,45670,112.125,193,112.26,70.9132,80.5751,292
1225,156.2669,48599,111.475,197,111.75,71.5057,80.3643,311
1226,156.3019,48141,112.5,204,112.26,70.7614,81.4482,308
1227,155.5,49138,112.825,181,112.99,71.3715,79.737,316
1228,154.4597,51744,113.925,193,112.07,71.2095,79.7336,335
1229,155.4686,47107,112.85,185,112.39,71.6828,81.1003,303
1230,156.039,48060,112.675,188,111.64,71.8133,80.06,308
1231,155.2323,46104,112.725,197,112.48,71.3946,80.5737,297
1232,155.9078,45681,112.675,189,111.63,71.7002,79.9141,293
1233,155.1168,45139,113.2,185,111.9,72.0346,80.2237,291
1234,154.8625,49556,112.15,182,111.26,71.1519,80.3836,320
1235,156.7632,47656,112.3125,189,112.58,70.8978,79.333,304
1236,157.2509,45760,112.65,193,112.1,71.2997,78.5218,291
1237,156.3549,45812,113.3125,194,111.86,70.8047,80.3812,293
1238,155.287,50313,112.5375,183,111.81,70.9421,79.7995,324
1239,155.6095,52596,113.1,186,111.72,71.2289,80.3127,338
1240,156.5957,50737,112.975,191,112.65,70.2043,80.307,324
1241,156.8646,50981,112.8,193,111.88,70.0587,79.994,325
1242,157.0748,46180,112.95,185,111.44,72.0254,81.68,294
1243,157.2908,53007,111.475,194,110.93,70.469,80.7387,337
1244,156.6811,47161,112.2125,194,111.76,71.0153,80.8573,301
1245,157.1361,46198,113.425,189,111.93,70.8318,80.4564,294
1246,157.268,48124,113.825,195,112.01,71.387,80.3212,306
1247,156.4141,46455,112.75,185,112.18,72.0107,80.5991,297
1248,158.0687,45998,112.2375,191,111.56,71.2318,79.8571,291
1249,156.6197,47769,113.3,181,112.27,71.3137,80.8715,305
1250,156.0671,48849,112.5875,185,112,70.8968,81.13,313
1251,157.8173,49239,112.475,189,111.98,71.3186,80.0736,312
1252,157.2872,46557,113.1375,202,111.46,71.1749,80.4248,296
1253,156.0503,49624,112.8125,190,112.68,70.0792,80.6099,318
1254,156.8052,48296,112.0625,199,111.69,70.6557,81.0737,308
1255,156.6452,48560,113.0875,187,112.95,70.8484,81.2772,310
1256,156.0091,51327,111.6875,200,111.96,71.7561,79.2796,329
1257,154.6461,47631,112.9,183,112.63,69.9024,80.0157,308
1258,154.6467,51652,112.525,186,111.73,70.2786,80.6665,334
1259,155.4726,45398,113.1,185,112.42,71.6875,80.6393,292
1260,155.3677,45212,111.8,183,110.6,71.4524,79.7745,291
1261,154.9761,51917,113.7,185,112.48,70.4468,80.368,335
1262,156.2994,49078,113.5125,196,112.8,71.603,80.3907,314
1263,155.849,46443,111.7,195,111.25,69.6668,80.9808,298
1264,156.8101,49552,112.8625,187,112.14,70.7601,80.356,316
1265,157.8966,45790,112.8875,191,112.1,70.7893,80.2421,290
1266,157.1037,46974,112.65,186,112.02,70.4821,81.0329,299
1267,157.0199,47263,111.675,191,112.05,71.1032,80.6261,301
1268,157.966,46442,112.4625,200,112.32,70.5391,81.5426,294
1269,157.5872,46961,112.325,190,112.41,71.2388,81.2002,298
1270,156.8188,48457,112.5375,186,111.57,71.0844,80.3673,309
1271,157.8818,46733,112.3125,183,111.92,70.8613,81.0277,296
1272,158.4348,47372,113.625,194,112.68,70.5102,80.9455,299
1273,159.6421,47733,113.325,190,112.54,71.6131,80.5124,299
1274,160.034,47050,112.2125,203,111.87,71.7559,80.7643,294
1275,161.7381,47551,111.1875,194,110.86,71.3687,81.8524,294
1276,163.1329,49103,112.1125,198,112.32,71.5653,80.7761,301
1277,162.5734,47634,112.3,195,112.37,71.3127,81.0685,293
1278,163.1438,48780,112.0875,197,112.04,71.6811,81.0773,299
1279,162.6289,51716,111.5875,203,111.98,71.3179,81.4188,318
1280,162.4745,51017,112.95,202,112.25,70.8511,81.6384,314
1281,163.4803,49698,112.85,208,112.6,70.8121,80.8388,304
1282,161.5714,48633,112.9,219,112.57,71.1503,81.9325,301
1283,161.0169,47661,111.325,202,111.05,70.981,80.9963,296
1284,161.1022,50425,111.9875,193,112.35,70.9413,81.0047,313
1285,161.0867,48326,111.775,190,112.19,70.7807,81.1653,300
1286,161.0299,48470,111.975,195,112.27,71.0606,80.3065,301
1287,160.3311,47939,113.9625,194,112.07,70.7841,81.9227,299
1288,160.2193,48226,111.5875,208,111.87,70.2284,81.0962,301
1289,160.1037,47871,112.775,203,112.34,71.5331,80.5761,299
1290,160.3887,48277,112.2875,196,111.37,70.6988,80.5856,301
1291,159.691,48067,111.45,192,111.43,69.9985,81.8902,301
1292,159.0192,49614,112.1625,198,112.3,71.7329,80.5134,312
1293,158.2115,49362,112.225,193,111.71,70.2626,81.7122,312
1294,159.3146,48113,111.3625,191,111.23,71.389,80.5862,302
1295,157.8091,48763,112.4375,194,112.31,70.8916,81.7539,309
1296,157.5487,48525,113.0875,191,113,72.2546,80.8723,308
1297,158.3,47490,112.1875,192,111.58,71.1308,81.2258,300
1298,157.7788,49227,112.5625,204,111.3,70.9963,80.3165,312
1299,157.7674,47488,111.9375,200,111.5,71.0371,81.0647,301
1300,157.8787,48153,112.0125,192,111.8,70.9149,81.3208,305
1301,157.2302,45754,112.2375,189,112.65,70.5984,80.327,291
1302,157.9675,48654,113.8375,189,111.84,71.1254,79.9202,308
1303,158.7624,48105,112.7875,191,111.6,70.5094,79.862,303
1304,158.9427,49908,112.7375,194,111.89,70.3842,80.9108,314
1305,158.7733,47632,112.1875,201,111.69,71.3574,80.835,300
1306,159.387,46541,111.2875,189,111.45,71.141,80.3893,292
1307,157.4007,46748,112.6625,188,111.69,71.0785,81.8003,297
1308,156.3301,47837,112.45,189,112.25,70.6913,80.3503,306
1309,157.0884,46184,113.325,192,112.59,70.5426,80.5462,294
1310,156.8822,46594,112.575,195,112.6,71.3033,80.356,297
1311,155.915,47710,113.225,197,111.79,70.748,81.0001,306
1312,156.2965,49546,112.55,192,111.91,71.4811,81.5386,317
1313,157.4217,49273,112.6375,192,111.81,71.1591,79.5704,313
1314,156.8738,47219,112.825,191,112.95,71.3351,80.8042,301
1315,155.1634,47480,111.65,193,112.37,71.024,80.3856,306
1316,156.1599,45911,113.2875,189,111.25,70.8241,80.5602,294
1317,153.787,51980,113.3375,198,113.11,70.315,79.5441,338
1318,156.1325,47152,111.8125,191,111.22,70.2267,79.9721,302
1319,155.1644,46239,113.1,182,112.6,70.7394,81.3255,298
1320,155.1626,50583,112.1625,190,111.04,70.932,80.3689,326
1321,154.1994,55666,113.05,189,113.11,71.8954,79.8794,361
1322,154.1753,47486,113.4375,203,111.97,71.1735,80.7658,308
1323,155.9561,46163,112.3,185,111.73,70.7445,79.6922,296
1324,156.198,45766,112.4375,191,111.66,71.1929,80.5673,293
1325,154.0831,51926,113.25,187,112.45,71.169,78.7244,337
1326,153.8296,47841,112.9125,189,111.45,71.2978,79.1389,311
1327,155.0789,49160,112.8375,213,112.05,70.2474,80.5959,317
1328,155.263,47821,113.275,183,111.77,71.0775,80.5642,308
1329,154.9658,45250,112.775,180,111.99,71.6009,80.1899,292
1330,154.9398,46327,112.5875,186,111.81,71.4709,79.7326,299
1331,154.482,47117,112.05,188,111.79,70.1175,80.4921,305
1332,154.3802,48321,111.5125,183,111.66,70.6261,80.1088,313
1333,154.7273,47656,113.675,187,112.67,69.7019,80.3822,308
1334,153.9417,47568,113.6375,183,113.2,70.6109,81.9148,309
1335,152.9878,50333,111.9625,183,112.15,69.6167,80.8099,329
1336,153.137,55895,112.1,184,112.18,70.7971,81.0342,365
1337,153.5927,46385,112.7125,176,111.99,71.8874,81.3596,302
1338,153.6537,47479,113.9125,181,112.69,70.2044,80.7095,309
1339,153.8243,48147,112.6875,180,111.28,70.9422,79.6652,313
1340,154.5324,45278,112.825,177,111.52,70.5697,80.4416,293
1341,154.875,47082,112.4,189,111.38,70.8813,80.9379,304
1342,155.4869,47579,113.275,207,111.73,70.3794,79.6267,306
1343,154.6635,48719,113.175,183,111.64,71.3817,78.9724,315
1344,154.5776,46837,112.6125,184,111.8,70.3737,80.649,303
1345,154.5286,45895,111.975,180,112.48,70.733,81.2498,297
1346,154.6574,44696,111.475,191,111.29,71.6601,81.2534,289
1347,153.2039,47340,112.775,179,113.65,71.0852,80.3357,309
1348,154.3344,47072,113.35,196,112.26,70.9555,81.2487,305
1349,154.9381,45087,111.975,190,111.74,70.763,80.5192,291
1350,153.2186,51175,112.1375,183,111.7,70.9901,80.327,334
1351,153.358,49688,113.4,189,111.93,69.8971,79.8014,324
1352,153.5738,46840,112.8625,190,111.73,70.7759,80.2843,305
1353,154.1959,44871,112.225,177,112.27,71.1721,79.1733,291
1354,154.8616,44755,112.8375,189,111.23,71.6849,80.222,289
1355,153.4773,47271,112.9375,186,112.28,70.9884,81.0927,308
1356,155.1338,48712,112.6625,192,111.68,69.8783,79.7647,314
1357,154.2571,48591,112.7125,177,112.19,70.4264,79.6323,315
1358,153.9049,46941,112.825,184,111.51,70.3211,79.9759,305
1359,154.2924,46442,113.5625,182,112.18,69.4635,80.5989,301
1360,152.2853,51777,113.7,199,113.3,69.8019,79.0301,340
1361,152.2898,47819,113.1,179,111.6,71.2758,79.4825,314
1362,153.6421,45939,113.2875,182,112.22,70.2416,79.6677,299
1363,154.2283,47965,113.2125,187,111.95,70.3646,79.5421,311
1364,153.8,44602,111.4,182,112.03,70.7498,81.1315,290
1365,153.7918,45061,113.2125,182,111.82,69.4644,79.7867,293
1366,153.4592,45117,112.6125,177,111.82,71.0021,79.9524,294
1367,153.4917,46201,112.6,190,112.29,71.4368,80.2547,301
1368,153.9085,45403,112.4,188,111.13,70.577,79.5548,295
1369,153.3844,45095,112.45,187,112.01,69.8346,80.0896,294
1370,154.5302,46050,112.9375,193,111.44,70.5394,80.679,298
1371,153.7806,47672,112.7375,189,111.59,70.7714,80.5489,310
1372,153.9091,45711,112.225,184,111.48,71.1624,79.8692,297
1373,155.3758,47545,112.0125,199,111.4,69.846,78.7416,306
1374,153.5498,44683,112.2125,183,112.14,70.6979,81.4196,291
1375,153.817,47068,110.8375,179,111.73,70.2674,79.9711,306
1376,153.6721,46870,112.1625,184,111.45,71.1695,79.4297,305
1377,153.9508,46955,113.2875,185,112.02,69.2052,79.8893,305
1378,154.594,46069,112.875,191,111.7,70.6912,81.102,298
1379,153.7309,50270,112.0375,200,110.91,70.4363,80.8621,327
1380,155.1869,47332,111.6875,180,110.9,69.3809,80.6113,305
1381,154.1267,46238,112.625,181,111.57,70.1019,79.7033,300
1382,154.8548,46921,111.8,181,111.34,70.3288,80.195,303
1383,154.627,48089,113.375,189,112.29,70.1296,80.5848,311
1384,154.6869,50892,112.4,191,112.44,71.19,80.1272,329
1385,154.2938,49374,113.625,187,111.74,71.1134,80.8347,320
1386,154.7095,45794,111.85,199,111.61,70.5667,81.4408,296
1387,154.4266,45247,112.3375,180,111.42,70.0937,80.7561,293
1388,155.4315,45386,112.65,188,111.97,70.4851,80.4506,292
1389,153.9806,47734,112.3375,189,111.49,70.3588,80.8937,310
1390,155.0875,53195,112.325,190,111.85,68.9985,79.9121,343
1391,155.2075,45631,112.425,187,111.94,70.1453,81.9851,294
1392,157.4613,46766,112.825,183,112.1,70.1404,80.3456,297
1393,158.872,45914,113.5875,202,112.22,71.6973,81.2643,289
1394,159.457,46402,112.9375,190,111.93,70.6697,80.7068,291
1395,157.0557,53556,112.2625,193,112.19,71.017,80.7915,341
1396,158.3137,48444,112.575,184,111.3,71.4313,80.7249,306
1397,159.4189,47188,113.325,202,112.22,70.5158,81.5613,296
1398,159.6345,46294,112.4375,196,112.73,70.6194,80.637,290
1399,160.0655,46419,113.175,204,112.49,71.3348,81.836,290
1400,159.2712,48737,111.7,192,111.45,70.6351,81.2811,306
1401,159.1115,48529,112.675,191,112.62,70.8148,81.4072,305
1402,157.8294,53662,112.3125,188,111.86,70.495,80.5279,340
1403,159.2509,46342,112.875,195,113.41,70.4844,79.8068,291
1404,158.7163,45869,112.7375,189,111.73,70.423,80.8757,289
1405,157.6151,47915,112.9125,183,112.28,70.9969,79.8302,304
1406,158.0871,49007,112.3375,189,111.79,70.7906,80.7072,310
1407,156.4932,45696,111.6,201,111.9,71.6496,81.2565,292
1408,155.8,48298,112.2625,189,112.03,70.0635,80.3056,310
1409,156.5096,48831,113.4875,187,112.68,70.9102,80.7164,312
1410,155.4662,48350,112.6625,190,111.51,71.0681,81.2582,311
1411,155.7239,46250,112.95,187,111.38,70.9502,81.8739,297
1412,155.631,45133,111.8625,181,112.81,71.5025,80.418,290
1413,154.1231,51323,112.675,187,112.83,71.2143,80.9887,333
1414,155.0727,44816,112.5,200,112.33,70.8389,80.7853,289
1415,156.1027,45582,112.5,192,111.64,70.9463,80.3095,292
1416,156.3833,46915,113.0625,186,111.83,71.0887,79.3423,300
1417,155.57,45582,112.1125,182,111.77,71.3993,81.3011,293
1418,155.404,46932,112.575,181,112.16,71.2562,80.31,302
1419,154.1735,48873,112.3375,181,111.81,70.5218,79.5345,317
1420,154.3429,54020,112.975,187,112.83,71.0484,80.7051,350
1421,155.7904,45335,111.925,185,111.55,71.3478,80.2645,291
1422,155.75,49217,112.8125,205,111.43,71.5123,80.6745,316
1423,155.7905,49074,111.95,183,111.15,70.4325,80.4884,315
1424,156.9769,47564,111.9875,184,111.8,70.879,79.6121,303
1425,155.7868,51877,113.0375,194,112.52,70.4344,81.0388,333
1426,154.941,49891,111.9625,182,111.27,70.7631,81.1591,322
1427,156.2623,47660,112.8,200,112.75,70.379,80.4842,305
1428,156.0875,46358,114,188,112.62,70.5372,80.6034,297
1429,156.9655,45520,113.2375,186,112.77,70.3889,80.5483,290
1430,154.6719,49031,112.925,189,112.03,71.0793,80.0285,317
1431,154.7045,45019,113.125,184,113.06,71.2706,79.903,291
1432,155.4448,45079,111.8125,190,111.24,69.3102,80.6229,290
1433,155.0684,47606,112.2875,186,111.54,70.7299,81.0445,307
1434,154.0662,46528,112.3625,193,111.4,70.9761,79.9725,302
1435,155.1194,48087,112.3625,191,111.99,71.4139,79.925,310
1436,157.1171,46978,113.725,188,111.87,70.6226,80.2857,299
1437,155.9167,46775,112.325,192,112.01,70.834,80.459,300
1438,155.7685,46419,112.25,189,111.59,71.2854,82.0324,298
1439,153.8658,48160,112.175,181,112.16,72.2599,81.5889,313
1440,154.0344,49291,112.0875,180,112.89,70.7127,80.2341,320
1441,155.699,48111,113.7,198,112.2,70.3952,81.714,309
1442,155.3138,50477,112.5875,199,111.77,70.8381,81.4117,325
1443,156.6098,47766,112.3875,188,112.6,70.7664,80.793,305
1444,156.3912,49576,113.1875,190,112.14,70.5597,81.3229,317
1445,155.9323,48339,112.8625,193,112.05,71.234,80.4333,310
1446,156.0032,48673,111.825,190,111.2,70.4116,80.4898,312
1447,157.1629,48249,112.475,184,110.84,70.7973,80.3524,307
1448,159.3138,46201,112.7375,195,111.11,71.2311,80.7381,290
1449,160.3779,49236,112.7375,201,112.23,70.523,81.6341,307
1450,160.3248,49861,110.675,198,111.38,71.0762,81.0896,311
1451,160.5223,46712,112.4,193,111.52,71.2456,81.8715,291
1452,160.3883,49560,112.0625,195,111.76,71.4799,80.7721,309
1453,160.0062,51522,112.95,198,111.78,72.2187,81.9598,322
1454,158.7596,49533,113.1625,195,111.93,71.129,81.1422,312
1455,158.1017,46640,112.0375,192,112.28,72.3522,81.6454,295
1456,158.2237,46676,112.7,188,112.38,70.9487,81.5745,295
1457,157.2099,50936,111.9,192,111.82,71.0824,81.7388,324
1458,157.1492,49502,111.3625,185,111.27,71.3252,80.7619,315
1459,156.8079,47356,112.0875,185,111.55,70.1409,81.0204,302
1460,156.148,51685,113.25,194,112.19,70.6061,80.7871,331
1461,157.1429,48400,112.9,197,112.27,71.4144,81.4504,308
1462,157.3849,45799,113.3625,189,111.62,71.0536,80.7804,291
1463,155.9003,50044,112.2,185,112.91,71.6417,80.8877,321
1464,156.0289,48525,111.975,184,111.45,71.6896,80.5161,311
1465,157.5121,45521,113.2125,197,112.16,71.3433,80.7515,289
1466,156.4882,46477,112.0875,184,112.05,71.3031,80.3003,297
1467,155.5372,48061,114,187,112.94,70.8019,81.5288,309
1468,154.6821,46714,112.325,190,111.86,70.6928,80.4943,302
1469,155.7959,45804,112.525,183,111.57,71.5882,80.388,294
1470,155.4577,49591,113.725,184,112.31,71.6883,80.0958,319
1471,154.8994,49258,113.35,196,113.16,71.6729,79.2201,318
1472,157.0867,47126,113.8,191,112.03,71.4727,79.8376,300
1473,155.5258,45258,112.6125,196,112.47,71.172,81.7281,291
1474,154.5987,48544,112.725,195,113.35,70.9024,80.6111,314
1475,156.1178,46367,112.0125,188,112.37,71.0457,80.5229,297
1476,155.2953,46278,112.05,192,112.25,70.7401,81.5301,298
1477,155.5137,45410,113,184,112.61,71.4067,80.6315,292
1478,155.4184,45693,111.8875,189,111.98,71.1274,81.1167,294
1479,157.2966,45616,112.775,193,112.06,71.0881,80.0217,290
1480,154.2808,48907,112.175,181,111.85,70.1776,80.3014,317
1481,155.6554,50588,113.05,189,112.44,70.4312,80.4326,325
1482,155.3205,48460,113.1875,190,112.39,70.3183,80.1963,312
1483,156.0728,49319,113.05,192,112.3,71.979,80.1061,316
1484,154.6347,49947,111.8375,183,112,70.6609,81.2122,323
1485,154.2336,46887,111.7375,183,111.38,71.3201,80.371,304
1486,154.7707,48598,112.7125,189,111.36,71.1026,80.4934,314
1487,155.07,46521,112.35,186,111.83,71.0035,79.1463,300
1488,155.0227,47747,113.1,191,112.52,71.6687,80.0093,308
1489,155.231,45017,112.7625,182,112.06,70.9544,80.9923,290
1490,153.9071,48019,112.8875,184,111.66,71.8008,80.0696,312
1491,154.4709,50512,112.3625,185,111.36,71.2458,81.2014,327
1492,152.6903,47334,112.7,179,112.05,70.0202,80.4716,310
1493,153.9764,45731,112.0125,178,111.45,71.6411,81.0418,297
1494,153.2218,44894,111.9875,186,111.83,71.5732,81.3226,293
1495,154.5529,45284,112.3875,183,112.38,71.0426,81.2117,293
1496,153.7165,49343,112.6625,187,111.69,71.511,81.6871,321
1497,154.9072,45078,112.125,190,111.5,71.0089,80.4333,291
1498,153.3844,49083,113.1375,182,111.05,70.9463,80.4518,320
1499,154.4223,45709,112.9,193,110.94,71.2529,80.4717,296
1500,154.6066,47155,111.95,185,111.64,70.5966,80.3024,305
