1,278.9241,88140,117.25,434,117.71,141.3002,90.8941,316
2,277.0938,88670,117.075,423,117.52,140.9889,90.8023,320
3,276.9308,88064,116.25,447,117.47,140.9217,90.8614,318
4,282.2031,91716,116.6,448,117.9,141.0858,90.7634,325
5,281.5245,91777,117.125,438,116.57,140.8565,90.8223,326
6,282.1415,89721,116.7625,417,118.24,140.9405,90.6998,318
7,283.2201,90064,116.05,434,117.78,140.5902,90.9281,318
8,281.0991,90795,116.8625,431,117.21,141.0033,90.5386,323
9,283.257,91492,116.9875,442,117.27,140.6459,91.0199,323
10,283.2524,89791,116.9,431,116.82,140.9706,90.672,317
11,280.3542,89433,116.025,423,117.22,141.403,90.6813,319
12,279.2673,88807,117.2875,425,117.41,140.8368,90.7626,318
13,280.8113,89298,116.1625,433,118.06,140.8864,90.9033,318
14,277.9146,87821,117.5,425,117.62,140.7518,90.7262,316
15,274.7134,88183,116.475,435,118.05,140.8734,90.7222,321
16,273.8742,87092,117.05,420,118.77,140.5031,90.9691,318
17,271.5963,87454,115.55,414,118.1,141.4993,90.6767,322
18,271.13,87575,117.2125,396,117.21,140.8088,90.8479,323
19,273.0728,86291,116.6,419,117.6,140.6935,90.8945,316
20,274.2358,87207,116.65,393,118.02,141.0771,90.8584,318
21,276.6801,89091,116.4875,439,117.08,140.9124,90.9659,322
22,280.4548,90026,116.2625,444,117.03,141.0567,90.597,321
23,280.3824,89442,116.9625,442,117.04,141.0263,90.5514,319
24,278.705,89743,117.5875,452,118.9,141.0748,90.6949,322
25,276.8719,88599,115.6875,424,116.67,141.3355,90.5708,320
26,272.0315,86234,116.625,418,117.47,141.0657,90.5052,317
27,268.1944,86895,115.15,412,117.18,140.6658,90.7541,324
28,266.686,87473,114.9125,392,116.63,141.1318,90.7327,328
29,268.6594,86777,116.325,398,117.81,141.1077,90.6478,323
30,267.7994,85428,116.7875,399,117.25,140.8398,90.8943,319
31,271.807,85891,116.65,388,117.65,140.9646,90.8296,316
32,269.8415,88508,117.4125,422,118.61,140.413,90.6382,328
33,273.6994,86489,115.325,419,115.89,140.8968,90.7452,316
34,270.5675,88205,116.625,411,117.8,140.5899,90.8692,326
35,272.6171,86147,116.225,408,117.49,140.6835,90.887,316
36,270.8391,85856,115.85,422,117.34,140.5259,90.9375,317
37,271.5949,85824,115.5125,450,116.95,141.2413,90.6986,316
38,272.0095,85955,117.175,439,118.38,140.8155,90.8651,316
39,271.7586,86691,116.8125,436,117.54,140.5122,90.9489,319
40,273.6899,86486,116.3375,419,117.31,140.432,90.8802,316
41,269.3656,86197,116.85,428,116.76,140.5582,90.8679,320
42,267.6842,86462,115.5125,395,117.37,140.4892,90.8317,323
43,267.7563,84611,115.45,388,118.35,141.3102,91.0185,316
44,262.7547,83556,117.4375,390,117.28,140.8888,90.7474,318
45,263.2184,83177,116.3875,413,117.11,141.1027,90.7322,316
46,260.5939,85996,115.6125,391,116.56,140.8578,91.2104,330
47,259.2708,84263,118,397,118.19,140.8871,90.9726,325
48,258.544,82217,116.85,384,117.49,141.0125,90.9832,318
49,255.7367,81580,117.3,353,117.22,140.6572,91.124,319
50,251.4357,80208,117.15,370,117.43,140.8328,91.0144,319
51,248.76,80847,117.2125,348,116.85,140.9056,91.1329,325
52,250.3805,79621,116.55,349,116.94,140.9159,91.108,318
53,248.5486,79287,116.375,368,116.56,141.0472,90.9284,319
54,251.8679,80094,116.5875,374,117.94,140.938,91.0962,318
55,251.2233,79889,117.875,354,117.94,141.4813,90.8905,318
56,250.7437,79235,117.5375,367,119.65,140.8195,91.3555,316
57,251.6781,80537,115.5875,398,117.1,140.9012,91.1624,320
58,246.7485,82414,116.5625,343,117.48,140.5827,91.2297,334
59,247.0679,80050,117.7,345,117.33,141.0475,91.2483,324
60,247.5701,79470,115.375,331,117.06,140.9772,91.2548,321
61,247.205,79600,117.3875,350,117.83,141.183,91.2286,322
62,249.0126,78937,116.8375,392,117.61,141.1399,91.0705,317
63,247.0156,79292,118.2,352,118,141.3692,91.4259,321
64,246.1871,80257,115.625,353,116.58,141.1658,90.9989,326
65,253.5625,81140,118.1,358,117.76,141.0932,91.0477,320
66,255.72,83109,117.2875,358,117.58,140.8726,91.1669,325
67,259.5741,82285,117.2,379,117.7,141.6276,91.1427,317
68,263.4801,86158,115.975,411,117.32,141.354,91.2952,327
69,266.288,84147,116.75,392,116.68,141.4222,90.9594,316
70,268.858,85228,117.7125,411,118.62,141.2968,91.12,317
71,268.0694,84978,116.225,402,116.89,141.3094,90.7516,317
72,267.2892,86869,116.7,385,117.2,141.163,91.0989,325
73,271.8991,86192,117.5125,412,117.69,141.3404,91.19,317
74,272.125,87080,117.8125,398,118.86,141.4768,90.9195,320
75,272.1956,86286,116.7,409,116.96,141.1906,90.9436,317
76,273.0789,86566,116.3625,424,116.6,141.1304,91.1074,317
77,272.9245,86790,117.2375,435,117.19,141.2277,90.7355,318
78,273.1594,87411,116.1375,398,117.8,141.1632,91.0194,320
79,267.3313,87952,116.95,402,117.14,141.0216,90.8911,329
80,268.2722,84774,116.8875,397,117.78,141.2509,90.8923,316
81,267.9541,87621,117.1125,396,118.6,140.6117,91.1952,327
82,267.7664,85953,116.2625,402,117.04,140.9048,91.0107,321
83,264.2617,84828,116.95,388,117.4,141.0797,90.9271,321
84,265.3774,84390,116.6875,386,117.87,140.9867,91.1779,318
85,262.2835,84193,117.175,376,117.29,140.7225,90.9705,321
86,263.2884,83989,116.275,381,117.22,141.0886,90.9267,319
87,261.1199,82775,116.15,388,116.45,140.7446,91.1832,317
88,261.8438,83790,117.6375,384,118.84,140.5731,91.114,320
89,263.022,83641,116.5875,407,117.6,140.956,90.9913,318
90,262.9404,83878,115.15,366,117.34,140.5916,91.0644,319
91,266.3711,84706,116.95,377,117.9,140.5231,91.2597,318
92,269.4765,85963,116.7125,398,117.11,141.02,90.7686,319
93,270.6803,86347,117.6375,392,117.33,141.0886,90.8401,319
94,273.6803,87304,117.0125,415,117.58,140.9845,90.7289,319
95,271.6442,88556,116.025,416,117.46,140.8893,90.8343,326
96,271.2277,88149,115.9125,409,116.61,140.8283,91.0556,325
97,273.2956,86908,116.5,409,117.13,140.9961,90.8103,318
98,273.9403,87113,116.0875,402,117.29,141.1331,90.9359,318
99,276.5647,87671,117.0625,405,118.07,141.3547,90.7785,317
100,272.9565,87892,116.5,396,117.57,140.956,90.8109,322
101,275.1667,87503,116.275,433,117.01,141.1463,90.8006,318
102,274.582,88690,116.225,398,117.46,140.5013,91.1145,323
103,271.2312,86794,115.725,407,116.42,141.2614,90.7697,320
104,276.837,88311,116.0625,406,116.93,141.3586,90.8036,319
105,275.4969,87608,116.75,403,117.03,140.614,91.0479,318
106,281.9811,89388,116.825,405,117.42,141.3046,90.7571,317
107,284.7634,90270,116.6,443,117.22,140.9467,90.8122,317
108,282.4448,94619,115.4625,437,116.61,141.0271,90.7346,335
109,283.0972,90308,116.2625,425,116.89,141.305,90.6629,319
110,286.5656,91701,116.9,472,117.04,141.3363,90.6487,320
111,285.2132,90983,116.8625,409,117.48,141.1682,90.6782,319
112,281.4905,88951,116.35,430,116.86,141.1334,90.8588,316
113,279.1962,88226,116.55,428,118.57,141.2523,90.6501,316
114,276.8987,87500,117.65,409,118.71,141.3483,91.0004,316
115,275.2776,87263,116.625,426,116.87,141.4198,90.6367,317
116,274.472,88380,116.575,394,117.31,140.937,90.819,322
117,271.4344,86859,116.6375,411,117.51,140.9841,91.0894,320
118,268.2492,85035,115.425,369,117.1,140.6521,91.0085,317
119,265.082,84031,117.675,393,117.57,140.86,90.9332,317
120,260.2594,83283,116.6375,381,117.6,141.0848,90.7258,320
121,258.941,83379,116.7625,380,118.45,140.7973,90.6651,322
122,254.2092,82618,115.5375,373,116.91,140.5626,90.7499,325
123,252.5389,81065,117.45,374,117.08,140.9597,91.0286,321
124,251.3616,79933,116.5125,352,115.6,141.231,90.7011,318
125,247.1987,78362,115.1125,344,117.26,140.4879,90.9538,317
126,246.2601,79542,116.1625,367,116.85,141.4661,90.8261,323
127,245.324,78749,116.975,341,118.03,141.1244,91.1836,321
128,243.5348,76957,119.4375,346,118.71,140.9615,90.8846,316
129,241.7129,76623,116.1625,344,117,140.8045,91.0443,317
130,243.6875,77980,117.1875,344,117.78,140.4512,91.162,320
131,241.028,77370,117.1375,383,116.62,139.8313,91.216,321
132,240.1914,77822,117.3625,346,118.44,140.5206,91.0709,324
133,242.6583,77408,115.9875,330,117.42,140.9535,90.8987,319
134,238.9876,77193,116.3375,337,116.9,140.8895,91.1025,323
135,241.5854,76341,115.925,350,116.16,140.4067,90.9854,316
136,241.4268,77498,114.925,334,115.42,140.6866,90.9615,321
137,245.4406,78541,114.1125,343,116.26,140.3559,91.0263,320
138,247.2236,79606,115.7,344,116.79,140.3809,91.3071,322
139,249.7931,79684,117.3625,358,118.33,140.9255,90.9858,319
140,251.0094,80323,114.4625,354,116.39,140.3797,91.2083,320
141,251.9684,79622,116.6125,354,116.72,140.7079,91.1643,316
142,252.1724,80443,115.4875,371,116.83,140.3867,90.6912,319
143,251.0127,79320,116.6,348,117.17,140.4576,91.4578,316
144,252.5171,81058,115.225,374,116.49,140.1382,91.214,321
145,249.5552,79109,116.875,349,118.09,140.667,91.1509,317
146,249.4245,79317,116.6875,345,117.03,140.7141,90.9395,318
147,249.75,78921,115.1375,355,115.99,140.2357,91.0164,316
148,245.7046,79854,117.5375,342,116.94,140.3868,90.8696,325
149,246.3386,77843,115.325,346,117.29,140.6194,91.1999,316
150,248.6938,79582,117.1625,365,116.96,140.305,91.1859,320
151,249.5552,79109,115.6,350,116.63,140.1645,91.3665,317
152,247.8354,79803,117.3125,370,116.95,140.4072,90.9818,322
153,247.3333,79394,115.775,355,116.11,140.1941,91.3675,321
154,246.8165,80709,116.0375,345,117,140.0191,91.4436,327
155,245.8454,77933,116.55,335,117.67,140.3,91.3151,317
156,245.7375,78636,117.5625,337,117.86,140.5297,91.1961,320
157,245.8683,78432,116.5625,343,116.67,140.233,91.2717,319
158,245.4441,79033,117.1375,339,118.15,140.4555,91.4073,322
159,247.2539,78874,117.8,356,118.31,140.1571,91.1518,319
160,247.8576,80058,117.1,361,117.82,140.1191,91.2984,323
161,245.5047,78316,115.9625,347,117.65,140.4844,91.4044,319
162,248.3006,78463,117.2625,354,117.07,140.5191,91.1336,316
163,248.0063,78866,115.1125,361,117.04,139.7277,91.1598,318
164,248.0772,80377,116.425,336,117.77,140.1515,91.5541,324
165,246.4719,78871,116.325,378,116.88,140.2698,91.3693,320
166,247.9019,78337,116.325,357,117.09,140.246,91.4008,316
167,243.736,78483,115.7625,344,116.83,139.8408,91.5242,322
168,242.4421,79521,116.7,327,117.3,139.6789,91.7335,328
169,243.0915,77060,117.2375,348,117.19,140.0369,91.1405,317
170,240.6969,77023,116.775,356,117.34,140.4408,91.2716,320
171,239.7868,76492,116.1875,322,116.76,140.1452,91.2467,319
172,238.9003,76687,115.675,348,116.32,140.103,91.4238,321
173,236.6498,75018,116.975,320,117.91,140.4108,91.2751,317
174,234.4567,78543,115.7,331,117.28,139.9093,91.9478,335
175,233.8098,76222,115.2875,333,116.79,140.449,91.2409,326
176,234.8354,74208,116.1375,335,118.35,140.1683,91.2022,316
177,234.1304,75390,116.025,314,116.36,140.4625,91.4107,322
178,230.9602,75524,117.7,327,117.7,139.739,91.2205,327
179,232.8833,73824,115.6875,336,116.33,139.4118,91.7468,317
180,233.7957,75516,116.6625,318,117.07,140.0931,91.578,323
181,235.0852,74522,117.4875,333,117.07,139.7754,91.4978,317
182,234.8611,76095,117.175,317,117.83,140.3838,91.7467,324
183,232.0061,75866,115.65,328,116.1,139.9981,91.5734,327
184,236.6164,75244,117.2625,327,117.45,140.7562,91.4064,318
185,234.1804,74001,116.575,320,117.77,140.6669,91.5309,316
186,234.0625,74900,116.2875,342,117.72,140.143,91.7295,320
187,233.6329,73828,116.975,340,117.12,140.2653,91.2649,316
188,230.9969,74612,117.5875,333,117.57,139.9341,91.8977,323
189,233.2194,74397,116.575,317,116.8,139.632,91.5692,319
190,234.0688,74902,117.05,330,118.29,140.3326,91.5488,320
191,230.7192,73138,116.825,325,117.78,139.8882,91.7337,317
192,231.3406,74029,117.2875,317,116.68,140.1526,91.4483,320
193,229.6582,72572,117.9,326,117.98,139.7238,91.6058,316
194,229.7253,74431,115.75,313,117.15,139.8164,91.0843,324
195,228.7281,73193,116.95,314,117.62,140.2149,91.5917,320
196,229.5552,72769,116.175,344,117.66,139.6724,91.6025,317
197,228.6791,73406,117.1875,320,117.62,139.5721,91.6528,321
198,228.0315,72286,116.5,308,116.97,139.9552,91.4118,317
199,225.9724,73667,115.3375,341,115.93,140.3931,91.1528,326
200,228.6227,74531,115.25,315,115.95,139.5412,91.5172,326
201,229.603,75769,115.625,307,116.77,139.852,91.103,330
202,228.1938,74163,116.1875,309,116.12,140.2426,91.6108,325
203,228.1022,73677,117.8,320,118.04,140.0163,91.8981,323
204,230.1682,75265,116.425,308,116.51,140.7228,91.4915,327
205,229.7692,74675,116.525,315,116.31,140.0086,91.604,325
206,231.4469,74063,116.8125,310,118.6,140.2865,91.4241,320
207,228.5062,73122,115.4625,312,116.68,139.6263,91.5643,320
208,228.0721,72755,115.975,314,116.44,140.1725,91.6299,319
209,228.4657,76536,116.6375,326,117.81,139.6497,91.6554,335
210,229.8816,73792,116.0625,351,116.95,140.2288,91.6432,321
211,228.118,73454,117.525,324,117.31,139.5684,91.6722,322
212,228.7975,72300,115.7375,295,116.71,139.5904,91.657,316
213,229.931,73348,115.925,306,116.54,139.466,91.5284,319
214,226.9879,74906,115.125,318,115.87,140.2963,91.6127,330
215,227.5443,71904,116.325,309,117.24,140.6932,91.0446,316
216,226.1867,75094,116.0375,325,116.63,139.0516,91.6563,332
217,227.1994,72931,117.225,306,117.87,139.1511,91.4364,321
218,226.0375,72332,115.925,299,116.63,139.9592,91.699,320
219,228.5316,72216,116.25,303,116.45,140.1577,91.5759,316
220,230.4968,72837,114.8625,318,115.87,140.1027,91.5562,316
221,229.4335,72501,116.1375,313,116.41,140.4414,91.6537,316
222,233.8208,74355,116.6,313,116.71,140.0733,91.4287,318
223,234.3365,74519,117.8625,307,117.71,140.276,91.303,318
224,231.8812,74202,115.3,312,115.24,140.4913,91.6269,320
225,232.8401,74276,116.775,317,117.7,140.469,91.5993,319
226,232.3844,74363,115.85,338,116.2,139.9276,91.7025,320
227,232.1044,73345,114.8,336,115.69,140.4648,91.497,316
228,231.8681,75589,117.575,339,117.39,140.4578,91.5125,326
229,234.2997,74273,116.15,322,117.63,140.519,91.6044,317
230,237.2704,75452,117.175,325,117.35,140.9403,91.4496,318
231,235.1924,74556,116.65,316,116.48,140.7039,91.7575,317
232,233.9688,75104,115.425,317,115.41,141.2838,91.582,321
233,234.7414,75352,115.55,323,116.35,141.1488,91.6006,321
234,235.3639,74375,115.6625,322,116.65,142.3221,91.0972,316
235,234.9124,77756,116.075,321,116.09,142.2129,91.8531,331
236,236.5559,76171,117.05,324,117.69,142.9884,91.2705,322
237,238.7152,75434,116.625,345,116.59,143.4811,91.3236,316
238,240.161,77572,116.25,354,117.56,143.7266,91.594,323
239,241.9812,77434,115.8125,335,117.6,143.849,91.3917,320
240,242.6708,78140,115.7125,343,116.47,143.9902,91.3542,322
241,245.5092,80036,116.3625,340,116.14,144.3101,91.5062,326
242,247.2587,78381,116.425,377,117.99,144.648,90.9997,317
243,245.8679,78186,117.3375,325,116.47,144.991,91.0847,318
244,246.4907,79370,115.625,338,117.34,145.1219,91.2891,322
245,246.764,79458,117.6375,352,116.94,145.1781,91.3595,322
246,249.9119,79472,116.7375,358,116.11,145.8796,90.949,318
247,245.0184,79876,116.7375,330,117.48,145.443,91.2948,326
248,246.9748,78538,116.125,339,116.82,146.4398,91.1506,318
249,247.9177,78342,116.575,349,116.44,146.8562,91.5173,316
250,245.693,77639,116.5125,342,116.12,147.5536,91.295,316
251,244.8625,78356,116.55,353,116.34,147.5564,91.2939,320
252,243.2358,77349,116.975,330,115.41,148.2942,91.0982,318
253,241.1352,76681,117.85,340,117.1,148.6698,91.0124,318
254,238.0406,76173,116.825,351,115.75,148.8497,90.8792,320
255,236.5108,76866,114.825,315,115.81,148.3363,91.1575,325
256,236.5987,75475,116.8,318,117.54,149.1512,90.9445,319
257,235.8616,75004,116.8,321,117.07,149.3193,90.9141,318
258,233.7656,74805,117.4375,316,116.36,150.0025,90.7956,320
259,232.1064,76363,116.1,331,115.76,150.0424,90.8617,329
260,233.7165,75023,116.1625,308,117.5,150.5239,91.2481,321
261,231.558,73867,116.5375,311,117.11,150.3313,91.0295,319
262,230.3447,74171,116.1375,311,114.56,149.9211,91.1399,322
263,231.5346,73628,116.6375,295,116.3,150.1689,91.1343,318
264,230.1546,72959,116.5,306,116.33,150.7416,90.9676,317
265,229.8765,74480,115.5625,309,117.77,150.6578,90.9315,324
266,230.9498,73673,117.9625,312,116.83,151.1865,90.6312,319
267,229.9341,76798,117.3875,312,117.92,149.9538,90.9003,334
268,229.7829,75139,116.7125,293,116.64,149.9999,91.0008,327
269,229.3196,72465,116.325,326,116.29,150.7585,91.285,316
270,228.2044,72569,117.25,316,117.4,149.8721,91.0948,318
271,230.7344,73835,117.25,319,115.57,149.7568,91.3501,320
272,226.8906,72605,116.5125,300,116.65,150.4983,91.1987,320
273,225.9464,71625,116.425,334,114.61,149.8825,91.1392,317
274,227.3614,72983,116.4125,288,116.55,150.2709,90.8843,321
275,226.3671,71532,116.525,306,116.09,149.9476,91.6276,316
276,226.87,73279,118.0375,299,116.23,149.4017,91.3942,323
277,228.6057,72468,116.2625,298,115.75,150.0787,91.2456,317
278,223.5856,74454,116.75,304,117.14,149.1052,90.8681,333
279,227,73321,117.4125,308,116.33,149.492,91.2594,323
280,224.1577,71058,118.2,282,116.24,149.53,91.3241,317
281,225.7595,71340,118.2625,298,116.84,149.101,91.5187,316
282,224.6398,72334,116.3625,301,116.49,149.9485,91.035,322
283,225.825,72264,117.3375,300,116.56,149.6786,91.292,320
284,227.8781,72921,116.8375,310,116.2,149.3704,91.2465,320
285,227.5078,72575,116.6375,305,115.49,148.9466,91.5048,319
286,228.3585,72618,117.0125,300,115.67,148.8263,91.2941,318
287,229.9561,73356,114.5,306,114.89,148.8129,91.7576,319
288,232.913,74998,116.7,310,116.51,148.9001,91.3506,322
289,232.9565,75012,116.5375,321,115.99,149.2594,91.0498,322
290,234.2956,74506,116.8375,317,115.19,149.9079,91.1748,318
291,235.6554,76588,117.0125,338,116.03,149.2997,91.229,325
292,237.6258,77466,118.3625,343,116.29,149.1001,91.2335,326
293,242.0124,78170,116.6625,349,117.46,149.231,90.8698,323
294,248.5237,78782,117.425,351,116.22,149.2365,91.4129,317
295,248.5521,78791,117.4375,365,115.65,149.6597,90.9213,317
296,250.232,79824,116.8875,360,116.8,149.444,91.0013,319
297,248.5093,80020,116.2,356,116.93,149.9428,91.0142,322
298,247.3608,78166,114.9625,355,117.45,149.6475,91.344,316
299,246.0155,79463,116.2,335,116.37,149.5561,91.076,323
300,245.3188,78502,117.6875,338,116.44,148.8853,91.4101,320
301,241.0882,81970,115.9375,322,116.53,148.9745,91.2234,340
302,243.2082,77097,116,347,116.45,149.1729,91.0081,317
303,240.6088,76273,116.625,333,116.52,148.2704,91.078,317
304,240.0685,77062,116.2375,342,115.39,148.5495,91.5074,321
305,238.7595,81417,116.5125,327,116.02,148.4449,91.2661,341
306,238.3489,76510,118.3625,327,115.32,148.7234,91.3948,321
307,237.9369,75426,115.2625,328,115.88,148.5926,91.0858,317
308,234.525,75048,116.25,314,116.64,148.4779,91.1857,320
309,236.8196,74835,116.4875,322,115.61,148.6938,91.296,316
310,236.3481,74686,117.0625,334,116.1,148.1858,91.2002,316
311,235.6,77748,116.4125,321,115.54,148.5945,91.4975,330
312,236.4582,76376,116.3375,316,116.13,148.0449,91.5614,323
313,235.9335,74555,118.0625,313,116.31,147.5689,91.2466,316
314,237.6384,75569,116.5875,322,116.76,148.1876,91.1028,318
315,239.3259,75627,118.2,314,116.93,147.9002,91.1778,316
316,241.6447,76843,116.85,336,116.29,147.8833,91.4388,318
317,238.9211,75738,116.675,325,116.85,147.9321,91.1247,317
318,235.3156,75301,116.05,333,116.14,147.7263,91.2688,320
319,235.5046,77010,116.825,316,115.66,147.1026,91.2583,327
320,235.8589,76890,114.5375,326,115.81,147.436,91.4054,326
321,237.283,75456,116.45,330,116.73,146.8528,91.2285,318
322,234.8354,75617,116.7125,323,116.96,147.2108,91.4948,322
323,236.2642,75132,116.6625,318,116.31,147.3108,91.445,318
324,234.1355,77733,116.175,311,115.76,146.987,91.4811,332
325,234.0975,74443,117.0125,315,116.42,146.5671,91.4972,318
326,233.284,75584,116.35,310,115.65,146.2487,91.3995,324
327,232.9279,74304,116.8375,303,115.83,145.9021,91.7933,319
328,232.2816,73401,116.3,311,116.21,147.1227,90.7531,316
329,227.9939,74326,114.6875,306,115.49,146.3252,91.3043,326
330,231.0846,73716,116.7125,310,116.71,145.9123,91.5311,319
331,228.7174,73647,116.2875,315,116.24,146.2725,91.6037,322
332,228.3119,74658,116.725,293,115.92,146.1713,91.6687,327
333,228.5514,73365,116.8125,311,115.47,146.6458,91.3744,321
334,228.3283,75805,115.5875,307,115.66,146.1667,91.5639,332
335,231.0314,73468,116.125,317,115.57,146.4368,91.4803,318
336,231.5189,73623,116.3125,315,115.6,146.3475,91.3832,318
337,233.7183,75491,115.5625,348,115.79,146.2018,91.2604,323
338,239.5325,77369,115.625,339,115.9,146.613,91.4902,323
339,241.8838,79096,116.725,336,115.29,146.3338,91.0349,327
340,248.0409,78877,115.45,359,116.15,146.496,91.0668,318
341,250.6366,80705,115.925,341,116.47,146.9051,90.9796,322
342,253.0629,80474,115.9625,362,115.52,146.3403,91.1308,318
343,258.1491,83124,114.9375,358,115.87,146.8146,91.0191,322
344,262.2342,82866,116.3375,365,116.35,146.6505,91.0899,316
345,265.7943,83991,116.1125,376,115.73,146.5959,91.128,316
346,265.7112,87419,114.85,379,115.61,146.3634,90.7583,329
347,268.7931,85745,115.875,393,116.02,146.4316,91.3111,319
348,267.382,86097,115.5125,390,114.94,146.3729,90.9147,322
349,269.9716,85581,115.4,389,115.57,146.6412,90.9148,317
350,268.95,86064,115.5625,377,116.4,146.4155,90.8093,320
351,269.9177,85294,115.45,370,115.97,146.8956,90.7058,316
352,269.7413,85508,115.5875,404,116.04,146.2761,91.0625,317
353,272.306,86321,116.5375,373,115.64,146.295,90.9785,317
354,269.9477,87733,115.0375,406,115.68,146.3632,91.2445,325
355,270.057,85338,115.075,366,117.03,146.2165,90.9059,316
356,270.9177,85610,115.4625,408,116.59,146.3355,90.9102,316
357,271.1281,86761,115.625,375,116.41,146.4838,91.047,320
358,269.1981,85605,116.4875,414,115.91,146.3181,91.136,318
359,265.8411,85335,116.0375,398,116.55,145.9664,90.9635,321
360,266.7944,85641,116.7,389,117.3,146.2336,91.0218,321
361,267,84372,115.8875,415,115.32,146.0938,91.0579,316
362,266.3975,84448,115.1125,371,115.89,146.2068,90.734,317
363,262.2844,85767,114.825,381,115.47,145.7381,91.2024,327
364,264.4272,83559,116.7125,379,115.9,146.3641,91.1984,316
365,260.9569,84811,116.2125,363,116.89,145.4291,91.3347,325
366,264.5409,84124,117,378,115.83,146.38,91.1785,318
367,263.0443,83122,114.75,372,115.81,145.9379,91.2362,316
368,265.6572,84479,115.3625,372,116.13,146.1724,91.166,318
369,268.3719,85879,116.3625,387,116.73,145.8036,91.2922,320
370,267.7816,84619,116.0875,387,114.85,145.802,91.1852,316
371,265.8774,84549,116.95,365,116.71,145.8892,91.3395,318
372,267.2232,87382,116.4,387,116.75,145.2695,91.6045,327
373,269.8031,87686,115.4875,381,115.59,145.6185,91.5035,325
374,269.2943,85097,116.2875,383,115.68,146.0708,91.4468,316
375,267.7618,85416,117.1875,374,115.25,145.5527,91.3525,319
376,267.4037,86104,116.6625,374,115.87,145.9618,91.6378,322
377,266.4308,84725,115.8,365,115.64,146.0011,91.3435,318
378,266.4403,84728,117.1625,383,115.99,145.9174,91.4533,318
379,265.6321,84471,115.575,371,115.6,145.9476,91.6501,318
380,265.429,84141,116.3875,369,116.27,145.672,91.4526,317
381,264.1136,83724,116.4625,365,116.61,145.8712,91.2095,317
382,262.9379,84666,116.125,404,116.06,146.0945,91.2339,322
383,263.7398,84133,116.225,373,115.54,145.9851,91.1908,319
384,262.1273,84405,117.1,372,117.13,145.3178,91.429,322
385,262.4752,84517,116.2125,378,116.07,145.9875,91.2114,322
386,263.1514,83419,117.4,358,116.48,145.9939,91.1509,317
387,262.156,85725,115.65,372,115.28,145.7013,91.2657,327
388,264.028,85017,116.075,363,116.15,145.4869,91.4829,322
389,266.3218,84424,116.4875,370,116.23,145.3325,91.35,317
390,263.2563,83189,116.2125,375,116.58,145.5477,91.2543,316
391,262.4101,83184,115.775,369,116.53,145.4282,91.682,317
392,265.269,83825,116.5125,364,115.65,145.5734,91.2354,316
393,263.0186,84955,116.35,377,116.91,145.3055,91.6563,323
394,263.7823,83619,116.3125,369,116.66,145.2537,91.4569,317
395,263.0309,85222,116.6125,376,117.14,145.2775,91.5675,324
396,261.6531,83729,116.35,377,117.28,145.5665,91.4954,320
397,259.4146,81975,115.1875,369,115.53,145.7576,91.5675,316
398,254.8019,81027,116.675,344,115.93,145.5035,91.5418,318
399,253.2288,80780,117.25,347,116.45,145.2333,91.4993,319
400,250.953,80054,115.75,372,116.3,145.1088,91.6536,319
401,248.0456,81607,117.2375,340,116.35,144.6726,91.8554,329
402,248.0469,79375,117.0875,339,116.42,144.7097,91.4329,320
403,247.6361,78253,116.15,340,116.14,144.6268,91.738,316
404,246.1041,78015,115.525,344,116.04,144.8427,91.6555,317
405,243.1713,79517,116,326,115.55,144.498,91.9914,327
406,242.7764,78174,115.95,337,115.38,144.7501,91.7778,322
407,238.5562,78485,115.5125,335,116.28,144.55,91.9098,329
408,240.0741,77784,115.0625,315,116.1,144.3768,91.8834,324
409,241.047,76894,115.8875,324,116.05,144.7211,91.681,319
410,239.45,76624,115.1,321,116.19,144.9891,91.7487,320
411,239.9503,77264,116.1125,337,116.28,144.917,91.3323,322
412,240.3364,77148,115.95,326,116.2,144.1127,92.1089,321
413,239.5062,77121,116.375,326,115.73,144.6664,91.4646,322
414,239.0675,77936,115.775,329,116.81,144.6965,91.864,326
415,238.0442,75460,114.425,334,115.11,144.875,91.4168,317
416,240.0217,77527,115.05,324,116.26,144.9946,91.4318,323
417,239.2351,76316,115.3625,329,114.94,144.5667,91.8798,319
418,240.3469,76911,116.725,331,114.82,144.9664,91.9213,320
419,241.6688,77334,114.5875,320,116.47,145.2661,91.2063,320
420,242.6355,77886,115.4125,318,116,144.6569,91.6939,321
421,246.8165,77994,115.875,347,115.86,145.2498,91.7568,316
422,247.4424,81656,115.9125,333,116.47,145.3014,91.5813,330
423,249.4719,79831,115.4,341,115.78,145.2669,91.3931,320
424,248.2733,79944,115.5375,338,114.73,145.572,91.4506,322
425,249.8469,79951,116.675,349,114.45,145.4605,91.8253,320
426,251.1308,80613,116.95,341,115.9,144.9125,91.5478,321
427,253.1329,79990,117.025,347,116.92,145.4213,91.5144,316
428,253.2233,80525,115.7125,352,116.67,145.5673,91.4304,318
429,252.3165,79732,115.775,330,115.61,145.5819,91.3556,316
430,249.972,80491,115.7375,337,115.73,145.3343,91.32,322
431,247.858,80306,115.2625,349,115.37,145.8144,91.3862,324
432,251.2082,79633,115.7,337,115.88,145.5435,91.6903,317
433,248.1411,79157,115.4875,339,116.73,145.7334,91.6209,319
434,247.2727,78880,116.3125,349,115.26,145.4146,91.5757,319
435,249.8906,79965,114.9625,351,115.07,145.501,91.5056,320
436,246.805,79718,114.1125,348,116.05,145.6484,91.2516,323
437,246.1931,79028,116.0625,336,115.62,145.4138,91.6392,321
438,246.4656,78869,116.6625,341,115.28,145.5064,91.6168,320
439,248.3987,78494,115.2375,366,116.53,145.22,91.5372,316
440,246.4448,78123,116.4625,336,116.02,145.0483,91.5746,317
441,248.0219,79119,115.675,340,116.19,145.234,91.1597,319
442,243.1167,77068,116.675,326,115.08,145.841,91.5587,317
443,243.1688,77814,115.4625,343,116.35,145.7386,91.4894,320
444,240.8638,77799,115.3875,346,115.35,145.5234,91.458,323
445,240.8312,77066,115.375,345,115.51,145.281,91.3885,320
446,240.9207,79022,116.0875,324,115.76,145.3631,91.9088,328
447,238.5229,77997,116.7125,317,115.28,145.7001,91.7051,327
448,238.1155,78340,115.3125,323,116.12,144.7111,91.9162,329
449,240.7025,76062,115.2125,321,114.97,145.2381,91.8694,316
450,239.9592,76547,116.3125,328,114.68,145.2638,91.5584,319
451,240.0283,76329,116.1875,318,116.08,144.7695,91.9384,318
452,240.8281,77065,115.6125,320,115.03,145.1903,91.749,320
453,238.827,75947,116.0875,307,115.39,144.7774,92.2413,318
454,237.79,75855,115.9375,305,115.94,145.4395,91.8497,319
455,237.1807,76135,114.8125,325,115.22,144.9928,92.1008,321
456,235.3975,75798,116.2375,314,115.65,145.0351,91.7528,322
457,236.1709,74630,114.9125,322,115.2,144.6156,91.5468,316
458,232.5158,73475,114.125,296,114.78,144.7382,91.4476,316
459,233.395,74453,116.45,308,116.58,144.6757,92.3761,319
460,231.8454,73495,115.8625,318,115.42,144.7853,92.3881,317
461,231.7778,75096,115.925,300,115.53,144.6641,91.7959,324
462,232.7184,73539,116.025,293,116.73,144.6279,92.1611,316
463,230.2281,73673,114.85,312,115.17,145.0153,91.6167,320
464,231.2508,75619,115.9,305,116.47,144.6661,92.2499,327
465,233.4921,74017,115.625,328,115.59,144.5799,91.7258,317
466,233.2978,74422,114.6875,295,116.07,145.3952,91.6719,319
467,233.6019,75687,116.375,312,115.37,144.7813,91.6874,324
468,234.6772,74158,115.0375,306,115.34,144.5609,91.5527,316
469,234.4842,74097,114.6375,299,115.29,145.3857,91.9671,316
470,233.2546,76041,114.8375,314,114.49,145.5125,91.8884,326
471,232.459,76479,116.3125,303,115.29,144.7746,91.8375,329
472,230.3183,76696,115.9,318,116.21,144.664,92.091,333
473,229.3549,74311,115.65,302,114.88,144.9516,91.9742,324
474,229.8766,72641,115.75,298,116.16,144.3773,92.1556,316
475,228.2247,72119,116.6875,299,114.98,144.6228,91.9201,316
476,227.108,73583,115.95,307,115.22,143.9478,92.1997,324
477,226.0374,72558,116.7375,295,116.07,145.1632,91.8897,321
478,227.4312,72778,115.075,297,115.77,144.2728,92.1924,320
479,226.8829,71695,116.2,299,114.92,144.3679,91.8739,316
480,227.3565,72072,116.0125,296,115.98,144.5037,91.6574,317
481,227.5975,73514,114.2125,289,115.67,144.7087,92.3975,323
482,226.2174,72842,115.3125,287,116.27,144.6588,92.3136,322
483,226.2062,72386,115.1625,290,114.06,144.0243,92.1474,320
484,224.9968,71324,115.725,288,115.75,144.0443,92.249,317
485,227.4565,73241,115.55,302,115.61,144.606,92.2863,322
486,226.3344,71748,114.2375,299,114.7,145.238,92.5475,317
487,225.1933,73413,115.85,282,115.12,145.1182,91.8532,326
488,224.4325,73165,114.8375,279,115.72,144.2716,92.4832,326
489,225.2545,74334,115.725,293,116.02,144.7176,91.7543,330
490,225.4057,71679,115.525,292,116.79,145.6203,91.5378,318
491,224.5768,71640,115.4625,291,115.28,145.2348,91.6567,319
492,225.4525,71243,115.7,287,115.98,145.7906,91.7526,316
493,226.4938,72478,114.9125,289,115.41,144.9747,91.7448,320
494,223.9664,73237,114.675,290,115.17,144.3537,92.2301,327
495,223.6852,72474,116.6,296,115.3,145.7914,91.5984,324
496,224.8233,71269,114.4875,291,115.9,146.0445,91.9199,317
497,224.2579,71314,115.275,292,116.21,144.6893,92.2864,318
498,225.8789,72733,116.225,296,115.24,145.768,91.9565,322
499,223.5969,72669,115.55,296,115.58,145.7267,91.7155,325
500,221.8743,75881,115.2875,299,115.1,145.5231,91.6129,342
501,222.3365,70703,116.575,275,115.37,145.631,92.1905,318
502,222.5799,71003,117.6,284,115.58,145.0075,92.2688,319
503,225.7806,72024,115.1625,298,114.6,145.5524,92.1568,319
504,224.4268,73612,115.225,304,116.29,146.4802,91.6198,328
505,225.4082,71229,115.175,287,115.23,145.9702,92.1152,316
506,226.5538,71591,117.5875,286,115.72,146.3672,91.8673,316
507,226.8889,75554,115.3125,294,115.67,146.0411,91.7389,333
508,228.0791,72073,115.875,301,115.85,146.0707,91.7703,316
509,227.5125,72804,115.7375,296,115,146.0624,92.0206,320
510,228.4138,72864,116.6,291,114.75,146.0158,92.3996,319
511,227.8291,71994,115.45,289,115.71,145.8816,92.1029,316
512,224.8824,72637,115.7125,289,116.11,146.5123,91.8562,323
513,228.3481,72158,116.5125,295,116.06,146.2451,92.4873,316
514,225.5728,71281,115.5125,290,115.84,145.7898,92.5157,316
515,225.443,71240,115.2375,292,115.98,145.5355,92.1326,316
516,222.608,72125,116.3125,283,115.66,145.7323,92.188,324
517,223.4307,75743,116.3625,287,115.31,146.1953,92.1447,339
518,222.4601,72522,115.6125,287,116.17,145.496,92.6308,326
519,222.8401,71086,115.8875,284,115.55,144.9985,92.0406,319
520,219.2939,72367,117.6625,285,115.44,145.8874,92.3477,330
521,218.7826,70448,116.3625,288,115.13,145.2184,92.6182,322
522,218.0757,69130,115.75,275,114.81,146.1413,92.4953,317
523,215.6538,72891,115.4375,270,115.89,145.0587,92.0075,338
524,216.8795,72004,115.8875,283,115.38,144.8838,92.075,332
525,215.3931,68495,116.0125,276,115.12,144.8666,91.8781,318
526,214.55,68656,114.5875,261,115.08,145.3974,92.2842,320
527,214.9146,67913,115.8875,274,115.39,144.8414,92.0624,316
528,214.8369,69822,115.45,268,114.63,144.4785,92.3083,325
529,211.9641,70796,115.3875,273,115.36,144.4821,93.0389,334
530,212.5799,67813,116.15,259,115.16,144.2167,92.8483,319
531,213.0533,67964,117.0125,261,114.82,144.9834,92.3122,319
532,212.2054,70240,115.0875,261,115.9,144.7422,92.311,331
533,211.7975,66928,114.4625,276,115.12,145.4425,92.2525,316
534,210.8013,66824,116.475,265,116.51,145.476,91.9279,317
535,211.3832,67854,115.3875,274,114.92,144.568,92.1646,321
536,212.195,67478,115.35,281,116.16,145.1994,92.4644,318
537,211.0923,68605,115.2875,268,114.39,144.2534,92.3379,325
538,208.7801,71194,115.225,279,115.99,144.4408,92.1279,341
539,210.3938,68378,114.9875,253,114.81,145.2647,92.9966,325
540,209.7201,66691,115.625,256,115.94,145.6233,91.5405,318
541,210.0439,67004,115.375,280,115.49,145.7111,92.5527,319
542,209.2349,69466,115.8875,266,115.49,144.6752,92.6689,332
543,208.8743,69764,115.7,263,115.34,145.5842,92.4495,334
544,209.2485,69052,114.7,263,113.78,144.4287,92.0237,330
545,209.4583,70378,116.1375,270,115.88,144.3376,92.6568,336
546,209.6243,70853,116.4,260,115.53,144.2134,92.5364,338
547,208.5576,68824,115.0125,256,114.68,144.9037,92.5077,330
548,210.9595,67718,115.975,256,115.82,145.1888,92.9716,321
549,209.4211,67643,116.275,254,115.65,144.6332,92.5391,323
550,209.5511,67685,115.425,280,115.2,145.4362,91.8175,323
551,209.9188,67174,114.05,261,114.95,144.588,92.5195,320
552,211.1541,67147,114.4,285,114.01,144.8643,92.3874,318
553,207.5015,70343,116.1625,269,115.72,143.9584,92.6097,339
554,210.7147,67218,114.7625,265,115.39,145.1548,92.0885,319
555,209.3865,68260,115.7375,262,114.4,144.7743,92.241,326
556,209.3077,68025,113.925,255,114.35,145.3197,92.0923,325
557,210.1584,67671,114.35,265,115.35,144.5341,92.5441,322
558,207.6888,68745,115.95,261,115.8,145.6847,92.0679,331
559,209.4062,67010,115.6625,260,114.61,144.2807,92.5375,320
560,209.982,70134,115.175,256,115.06,144.2951,92.6204,334
561,209.8079,68817,115.0625,257,115.39,144.3343,93.069,328
562,209.2415,67585,116.375,268,115.25,144.4808,92.4232,323
563,208.4644,67334,114.8625,256,115.13,145.7953,92.7994,323
564,207.9847,68011,115.1625,253,114.87,145.7915,91.6535,327
565,208.2447,68929,113.7125,260,115.02,145.3003,92.2215,331
566,208.4127,69193,115.275,258,116.43,145.6019,92.6504,332
567,210.3722,66688,115.25,271,115.06,144.3205,92.2201,317
568,208.9221,67064,115.9625,263,115.18,145.2973,92.4602,321
569,209.4465,66604,114.9875,260,115.27,144.647,92.4343,318
570,208.3383,69585,114.8875,263,115.03,145.0343,91.8263,334
571,208.7066,69708,116.3,256,115.49,145.2443,92.211,334
572,208.6614,65937,116.325,259,115.04,145.821,92.2066,316
573,206.2119,69081,116.0625,258,115.72,144.3174,92.2111,335
574,208.7638,68057,115.85,249,114.17,145.7703,92.0099,326
575,209.0312,67099,115.4375,268,114.5,145.1303,92.4077,321
576,207.2901,67162,115.3125,264,115.8,144.0954,93.0156,324
577,206.7429,72360,115.9375,252,114.89,144.145,93.0099,350
578,208.2939,68737,117.0125,268,115.57,144.4927,92.9788,330
579,207.4364,68454,116.475,255,115.38,145.5579,92.1588,330
580,207.4164,68240,114.775,255,114.58,144.8197,92.3848,329
581,207.6988,68956,114.475,258,114.77,145.0914,92.1495,332
582,207.4256,69695,115.6,256,115.53,145.0749,92.9781,336
583,207.2006,68169,115.55,253,114.96,144.9505,92.7445,329
584,207.8536,66721,114.95,252,115.65,144.59,92.4418,321
585,207.0823,65438,115.2375,261,114.48,145.0547,92.6687,316
586,206.2866,69106,115.8875,259,114.91,145.2983,92.3759,335
587,207.6577,69773,114.0375,267,115.1,145.0347,92.8277,336
588,206.3102,68495,115.425,260,114.67,144.1445,92.568,332
589,207.2719,66327,116.1125,255,115.19,145.8162,92.4637,320
590,206.3951,66872,114.1125,250,115.9,145.3328,92.5737,324
591,207.8711,66103,114.775,254,114.71,145.1079,92.6252,318
592,206.9211,65594,114.85,265,114.3,144.699,92.6108,317
593,208.1456,65774,115.2375,267,115.04,144.6038,92.6819,316
594,205.9763,69620,114.65,243,115.79,144.2928,92.8603,338
595,207.9149,68404,114.15,265,115.01,143.933,92.6588,329
596,208.4185,67736,115.9625,269,115.74,145.1909,92.7386,325
597,206.9064,70762,114.175,251,114.83,144.8328,93.0434,342
598,207.0597,65845,115.375,266,114.22,145.2029,92.7247,318
599,206.055,67380,114.8625,257,114.47,145.1375,91.8521,327
600,207.6074,67680,114.0875,254,115.87,144.8489,92.225,326
601,207.538,65582,115.1375,254,115.02,144.6129,92.5588,316
602,205.9817,67356,115.85,263,115.71,145.3342,92.4778,327
603,206.5552,71055,114.825,258,114.12,146.081,92.742,344
604,207.7354,67514,115.2375,264,114.41,144.8718,92.2761,325
605,207.3488,67181,115.3375,250,114.72,144.5977,92.406,324
606,207.7662,67524,115.6625,261,115.79,144.4833,92.6717,325
607,207.5271,68899,114.5875,252,114.76,145.2245,92.691,332
608,208.4579,66915,114.275,261,114.74,145.8863,92.2755,321
609,207.3853,67815,115.2,258,115.57,145.7108,91.8368,327
610,205.6584,66222,114.5125,246,113.73,144.6457,92.493,322
611,206.6837,68619,114.625,254,114.89,145.1555,92.3383,332
612,207.2866,69441,114.75,261,115.38,144.6786,92.425,335
613,204.5933,73449,114.8375,277,114.78,144.9489,92.5967,359
614,206.757,66369,114.725,255,114.25,145.503,91.906,321
615,204.8012,71066,114.7375,269,113.84,144.3025,92.53,347
616,205.1066,71172,115.6625,259,114.87,144.1411,93.0993,347
617,206.975,66232,116.7375,250,113.83,145.1226,92.4634,320
618,206.0498,66142,114.9,248,114.66,144.8146,92.6854,321
619,206.4215,67087,115.1125,247,114.53,144.5222,92.6978,325
620,206.003,67981,115.025,261,113.51,144.7818,92.9471,330
621,205.8735,66703,114.6125,254,114.3,145.9775,91.9534,324
622,206.8354,67842,114.3375,247,114.19,144.5802,92.2891,328
623,206.1944,66807,114.9375,270,114.6,144.7419,92.6037,324
624,208.2138,66212,115.5625,270,113.77,145.3352,92.5242,318
625,207.35,66352,115.15,271,115.8,145.4421,92.8367,320
626,206.8379,67636,115.125,253,114.38,145.8406,92.6645,327
627,206.7454,67399,114.8125,250,114.41,145.6474,92.8292,326
628,206.2507,69094,114.75,260,113.86,144.5664,93.5609,335
629,206.6786,69444,115.7875,251,115.14,144.305,92.6726,336
630,206.5305,67742,116.3125,250,114.52,144.6722,92.3267,328
631,207.4844,66395,114.425,255,114.2,144.7586,92.5866,320
632,206.5308,70427,115.075,251,114.45,144.9831,93.1937,341
633,207.1483,65666,115,253,114.27,144.9096,92.536,317
634,207.0347,65630,114.1875,259,113.83,145.9326,92.8688,317
635,204.6222,72027,115.6625,242,114.85,144.8753,92.4623,352
636,207.9369,65916,115.675,260,114.3,145.561,92.8069,317
637,206.795,65554,113.9125,255,114.7,145.3697,92.6503,317
638,207.3038,65508,114.0125,276,114.15,145.837,93.0211,316
639,207.142,65664,115.4,255,114.64,145.6804,92.6768,317
640,206.9077,67245,114.1875,274,114.9,145.4745,92.487,325
641,205.981,65090,116.125,261,115.37,145.4775,92.8657,316
642,206.5457,67747,115.7625,266,114.34,144.9682,93.2138,328
643,205.1254,67076,114.425,258,113.96,144.7778,93.0328,327
644,207.3396,66556,115.0875,258,115.33,144.5832,92.7458,321
645,206.1074,67191,115.95,258,114.49,144.9893,92.4294,326
646,206.1564,67207,114.8625,268,113.85,143.8602,93.2733,326
647,206.2618,65385,114.9,247,114.51,144.3122,92.4888,317
648,206.716,66976,115.8375,254,114.39,145.5679,91.9655,324
649,206.087,66360,114.025,249,114.79,145.5019,92.4836,322
650,206.5525,66923,114.525,255,114.34,145.1171,92.6386,324
651,206.12,66989,115.0375,254,114.14,145.3103,92.4201,325
652,207.5031,67231,114.5375,252,115.52,144.9969,93.0975,324
653,207.5015,67023,113.925,254,114.68,144.7176,92.6341,323
654,208.3457,67504,113.475,262,114.53,145.483,91.9511,324
655,207.6168,69344,115.1,262,114.48,146.0934,92.9268,334
656,206.524,68979,116.05,256,115.73,145.4877,92.3967,334
657,208.042,69278,114.0625,250,113.86,145.2129,92.3752,333
658,206.7301,67394,113.7,267,114.62,145.2255,92.6023,326
659,207.2477,68599,114.15,253,113.75,144.9086,92.6223,331
660,206.945,67671,114.1125,256,113.51,146.1174,92.4911,327
661,208.1719,66615,115.4,258,114.59,145.1917,92.7404,320
662,207.5465,69113,115.7875,257,114.81,144.3128,92.4328,333
663,208.0717,66791,115.3875,259,114.71,145.2522,92.8999,321
664,207.2713,65705,114.925,261,114.97,145.4246,92.0959,317
665,206.8367,70945,114.775,258,115,144.8685,92.1598,343
666,207.7138,67507,115.1,257,114.81,145.23,92.1902,325
667,209.4763,66404,114.4125,251,114.4,144.8787,92.3578,317
668,207.1567,72712,114.825,252,114.83,144.8351,93.6726,351
669,209.8129,68399,115.5625,255,114.26,145.0595,93.296,326
670,210.9589,66663,115.1375,254,116.18,146.1791,92.1188,316
671,208.6394,68851,116.2,254,113.89,145.0789,92.1359,330
672,210.3547,68786,114.0875,259,114.38,145.7425,92.5675,327
673,210.5607,67590,114.675,255,114.72,145.194,92.35,321
674,210.966,68353,114.4875,257,113.89,144.8202,92.6455,324
675,212.2253,68761,114.65,263,115.07,144.5392,92.7247,324
676,212.4684,67140,114.2125,261,114.99,144.7965,92.5522,316
677,212.0696,67014,115.6125,262,115.08,144.571,92.6902,316
678,211.1097,67344,114.7625,248,115.24,144.8521,92.7602,319
679,211.2351,67384,114.2625,260,113.51,144.4111,92.86,319
680,210.7629,69341,114.55,297,114.03,144.8234,93.1988,329
681,208.2435,71844,115.45,255,114.23,144.733,92.6708,345
682,208.9231,70616,114.5,255,114.23,144.8725,92.447,338
683,208.177,67033,112.675,259,113.89,145.5427,93.1179,322
684,207.9167,67365,114.9375,262,114.86,144.3222,92.7731,324
685,209.8133,66301,115.25,261,113.93,146.0485,92.4624,316
686,207.4469,66383,114.15,269,115.18,145.625,92.0693,320
687,207.538,65582,114.075,251,112.9,144.6745,92.7904,316
688,207.433,66586,115.1625,265,114.18,146.0236,92.6243,321
689,208.5333,68816,116.9625,265,113.52,145.651,92.8321,330
690,209.283,66552,114.9125,256,114.77,144.9629,92.7969,318
691,210.1865,68731,114.1375,246,113.98,144.8186,92.8955,327
692,210.8951,68330,114.7875,259,114.37,145.3036,92.6687,324
693,211.423,69981,114.5875,268,114.13,146.2938,92.5247,331
694,210.2994,68137,115.275,258,114.66,144.9169,92.7114,324
695,210.7817,71455,114.7375,254,114.43,144.5269,93.0578,339
696,211.7812,67770,115.9,273,114.88,145.8293,92.617,320
697,211.6738,69429,115.5625,259,113.8,145.3614,92.2561,328
698,210.4146,69016,114.45,252,114.85,145.4807,93.1282,328
699,209.5569,71878,115.3125,267,115.26,145.3794,93.1774,343
700,210.3656,69631,114.9,264,114.02,146.4393,92.6722,331
701,211.4383,68506,115.075,268,115.65,146.0289,92.8189,324
702,210.0062,67832,115.4875,252,113.18,145.5508,93.2535,323
703,208.2044,66209,116.55,260,115,145.4938,93.0207,318
704,209.6821,67937,116.025,271,114.98,145.4199,92.3239,324
705,208.9367,66024,113.75,268,114.78,145.9265,92.6458,316
706,209.269,66129,115.2625,264,113.81,145.6966,92.4689,316
707,209.2932,67811,115.3875,250,114.67,146.2222,92.7358,324
708,209.4969,68296,114.575,263,114.74,146.2928,92.3556,326
709,210.3231,68355,114.0375,254,112.55,146.3875,92.6508,325
710,210.6438,67406,115.2375,262,114.69,147.1533,92.4514,320
711,211.1061,69665,115.6125,248,113.58,146.9076,92.9811,330
712,211.189,69270,113.5,270,113.2,146.2786,92.4297,328
713,210.8659,69164,113.75,274,114.35,145.7169,92.7719,328
714,210.2744,68970,113.7125,260,114.52,146.9975,92.3392,328
715,212.3962,67542,115.4,259,114.63,147.1561,92.5962,318
716,212.0757,67228,113.8375,258,113.93,147.9489,92.7204,317
717,210.6522,67830,114.3875,266,114.61,147.3875,93.0635,322
718,210.4025,67960,114.225,256,114.68,148.437,92.512,323
719,209.8844,67163,114.7875,270,114.69,147.7563,92.2108,320
720,211.0886,66704,115.4,260,114.64,147.6036,92.5819,316
721,209.8012,68605,115.525,256,114.56,148.4254,92.8511,327
722,209.3125,70329,114.8,261,113.8,147.8739,92.9503,336
723,208.4379,67117,114.7,252,114.11,148.1301,92.7847,322
724,208.6019,66544,114.0875,260,114.6,148.6549,92.6221,319
725,206.3735,68516,115.6125,254,113.26,148.8636,92.6166,332
726,208.0313,73019,114.3875,256,114.71,147.0999,92.8387,351
727,206.8856,70548,115.2375,263,114.51,147.5368,93.4562,341
728,206.0083,74781,114.9875,260,113.9,147.1578,92.7657,363
729,209.1883,67777,115.2625,256,113.09,147.359,92.8948,324
730,210.0436,67424,114.675,251,114.79,148.0349,92.4644,321
731,209.4325,68275,114.6,252,113.54,148.2241,92.313,326
732,210.3746,67951,114,254,113.19,147.325,92.6373,323
733,210.4596,67768,115.4,254,114.38,148.1958,93.1572,322
734,209.4743,69336,115.175,266,113.54,147.8212,92.6408,331
735,210.5283,66948,114.6625,263,113.3,148.6561,92.6492,318
736,210.2507,73798,114.15,261,113.39,148.278,92.2136,351
737,210.5327,67581,114,257,112.77,148.1843,92.7517,321
738,212.8571,70030,113.8125,261,114.38,147.9641,93.022,329
739,214.4458,69266,115.875,259,113.53,148.1933,93.267,323
740,216.0679,70006,114.8375,285,114,148.4676,92.1735,324
741,215.7292,72485,115.025,268,114.28,148.3107,92.8737,336
742,217.8646,70806,114.625,267,114.78,148.9032,92.3017,325
743,217.7319,72287,115.5875,266,114.54,148.8483,92.7389,332
744,219.0276,71403,115.1625,268,114.09,148.6016,92.7821,326
745,218.4206,70113,115.2375,271,114.38,148.2001,92.2551,321
746,218.648,70186,115,286,113.81,148.7745,92.5995,321
747,221.4511,70200,114.7125,290,114.15,148.8506,92.8184,317
748,219.8585,69915,113.9625,283,113.6,148.8425,92.1837,318
749,221.3028,70153,115.275,283,114.95,148.6734,92.4171,317
750,221.9787,72809,114,277,113.42,148.8612,92.0187,328
751,224.041,71021,114.65,278,113.88,148.0045,92.6342,317
752,223.3025,72350,114.85,272,114.44,149.1531,92.0941,324
753,224.811,73738,115.2625,281,114.22,148.3234,92.5209,328
754,225.7981,71578,115.1875,282,114.98,148.1305,92.5704,317
755,225.9842,71637,114.4375,287,114.26,148.3842,92.2928,317
756,225.1362,72719,114.2625,305,114.25,148.229,93.1032,323
757,226.0815,72120,116.3125,304,115.53,148.1098,92.7026,319
758,223.3333,73030,113.075,290,113.47,148.3617,92.314,327
759,224.2331,73100,113.825,273,113.79,148.352,92.373,326
760,224.3576,70897,114.7875,278,115.04,148.1571,92.1507,316
761,223.8094,71619,115.0125,273,113.85,147.751,92.0324,320
762,221.6636,71819,114.3875,275,114.57,147.7515,92.7747,324
763,222.1765,71763,114.275,279,114.31,147.704,92.5824,323
764,221.9369,70354,114.95,276,114.44,147.5797,92.0856,317
765,221.419,72404,114.075,276,114.33,148.0142,92.6411,327
766,221.6474,72922,114.875,278,113.74,148.4587,92.5754,329
767,222.1262,70414,113.9375,276,114.1,148.0605,92.3418,317
768,220.7571,69980,115.6375,277,113.87,147.7174,92.5443,317
769,219.5566,71795,114.8625,286,114.16,148.4685,92.4876,327
770,216.3897,71625,113.675,271,115.02,148.2619,92.5274,331
771,216.9628,70079,114.075,267,114.37,147.9142,92.0662,323
772,216.0802,70010,113.8,271,113.76,147.5213,92.3611,324
773,214.7963,69594,115.6875,261,113.98,147.8439,92.6309,324
774,213.6211,68786,114.9375,261,115.3,147.9693,92.7955,322
775,213.5421,68547,113.575,265,114.01,148.1303,92.6646,321
776,214.7688,68726,115.2875,266,114.72,146.6961,92.8735,320
777,210.8896,68750,113.775,254,115.07,148.2273,92.6804,326
778,210.0409,66793,115.55,266,113.16,147.1198,92.8856,318
779,212.6366,68469,114.725,266,113.77,147.8471,92.147,322
780,211.7143,68172,114.8875,263,114.18,147.6518,92.8888,322
781,208.4972,75059,113.15,260,113.07,146.6702,92.9288,360
782,211.7743,67556,114.35,262,114.84,147.349,92.7932,319
783,212.6361,67193,114.3125,254,113.6,147.3285,92.5755,316
784,213.178,71841,115.4125,260,114.38,147.6687,92.5506,337
785,215.8719,69079,114.7125,271,114.42,147.4805,92.7927,320
786,214.3544,67736,114.4375,266,113.74,147.5527,92.4338,316
787,216.727,70653,114.95,274,114.21,147.3302,91.6818,326
788,215.3533,71928,114.4625,265,113.41,146.3667,92.7044,334
789,215.3145,68470,116.4,260,113.92,147.5303,92.1624,318
790,216.1,69152,114.675,281,113.48,146.7015,92.5059,320
791,214.4354,71407,115.05,278,113.52,147.0768,92.905,333
792,214.8131,72392,113.5625,265,114.85,147.0748,92.9101,337
793,216.3445,70961,113.5625,261,114.13,146.7017,92.6788,328
794,216.6893,73241,114.5875,287,113.29,146.585,93.0981,338
795,218.6215,69303,114.7875,265,113.6,147.2733,92.7261,317
796,219.7906,70333,114.55,268,113.22,147.3863,92.6284,320
797,218.8148,70896,114.7,283,113.7,147.5464,92.7513,324
798,219.1574,75171,113.5,284,112.38,146.8701,93.204,343
799,222.3353,73593,114.2375,276,114.25,146.8466,92.9634,331
800,223.4219,71495,112.5125,274,112.67,147.0772,92.8085,320
801,224.5851,72541,114.4375,289,114.51,147.1438,92.4037,323
802,227.2038,72478,114.5,284,113.84,147.0688,92.6912,319
803,227.6522,73304,113.3,283,113.86,147.0628,92.3151,322
804,228.208,74624,114.925,301,113.44,147.7188,92.2093,327
805,228.6147,74757,115,284,113.99,147.2316,92.9759,327
806,228.9684,72354,114.9875,290,113.6,146.837,92.2809,316
807,227.2351,72488,114.2375,289,112.88,147.7555,92.1263,319
808,228.0781,72985,114.4375,288,113.54,147.325,93.0215,320
809,228.8947,73933,115.5,287,113.61,147.5599,92.3398,323
810,230.3868,73263,113.3875,280,113.45,147.5536,92.5004,318
811,228.953,73036,114.3375,298,114.08,146.8142,92.8305,319
812,229.9356,74959,115.325,284,114.31,147.7099,92.9174,326
813,233.3094,74659,115.725,294,114.2,147.2942,91.9684,320
814,232.1182,76599,114.875,292,114.51,147.3013,92.6278,330
815,231.7795,74633,115.1,301,113.88,147.435,91.9988,322
816,231.2508,74694,113.9,293,113.99,147.6511,92.8535,323
817,229.4859,73206,114.15,286,113.97,146.9806,92.5645,319
818,227.7462,75384,114.5375,287,115.13,147.1504,92.4023,331
819,224.1405,81363,113.975,274,115.04,146.5988,92.6802,363
820,227.9241,72024,115.9,288,113.71,147.4906,92.5806,316
821,228.4766,73341,114.0375,294,113.46,146.7154,92.3014,321
822,227.6147,74430,114.75,284,113.92,146.6863,92.6357,327
823,229.0185,74431,115.2375,286,113.93,147.333,91.8222,325
824,231.3272,75644,114.05,303,114.4,147.001,92.7207,327
825,230.2493,78515,114.4125,277,113.64,147.1125,92.7567,341
826,231.2073,75836,114.6375,290,114.43,146.9746,92.3177,328
827,233.4416,74001,115.9375,292,113.69,147.3253,92.0828,317
828,235.7066,74719,113.2125,297,113.36,147.2016,92.5416,317
829,233.8328,75528,114.125,297,114.24,146.6395,92.3439,323
830,233.2622,76510,115.4375,297,113.98,146.9144,92.5523,328
831,233.1804,73685,115.1625,288,114.01,146.7234,92.2417,316
832,230.7554,75457,113.875,279,114.24,147.5219,92.6851,327
833,228,75240,114.3125,292,113.65,146.8469,92.497,330
834,227.1697,74966,114.9875,279,113.28,146.3098,92.5405,330
835,224.6625,71218,113.95,279,113.38,146.3788,92.9219,317
836,222.6824,70813,114.5375,271,115.26,146.2332,92.505,318
837,220.7781,72636,114.225,275,113.53,146.078,93.2257,329
838,219.8226,71882,113.5125,275,113.95,147.4869,92.6573,327
839,218.0579,71523,115,276,113.98,146.7488,92.3185,328
840,217.2253,70381,115.0875,268,113.58,146.3179,92.4945,324
841,217.4543,68933,113.5375,263,113.31,146.3527,92.5133,317
842,215.7734,71421,115.225,272,114.68,146.8979,93.0677,331
843,216.2539,69850,115.7375,271,113.79,146.6392,93.2145,323
844,214.7188,68710,113.65,261,113.45,146.9004,92.656,320
845,214.8851,69193,113.75,269,113.81,146.6955,92.4988,322
846,216.45,69264,114.8625,254,113.21,145.9746,93.0961,320
847,215.1128,70557,114.45,267,113.58,145.5476,93.2324,328
848,214.1577,67888,115.7125,255,114.64,146.1227,93.5486,317
849,212.3027,71546,115.525,270,113.49,147.293,92.8977,337
850,210.6638,73311,114.1625,280,113.99,146.3682,93.2848,348
851,210.418,67965,115.3,259,113.58,145.6071,93.1714,323
852,212.8137,68526,114.5,273,113.76,146.9317,93.0145,322
853,212.1626,69165,115.6875,253,112.38,146.0672,93.285,326
854,211.6656,67098,114.975,259,113.89,145.7557,92.6671,317
855,211.2477,68233,114.0375,262,112.84,146.2419,93.462,323
856,210.2602,67073,113.8875,257,113.02,145.6787,92.7899,319
857,210.8354,66624,113.5625,257,113.28,146.2636,93.327,316
858,211.0585,68594,114.3,252,113.49,146.5362,93.0252,325
859,209.5508,68104,114.35,253,113.91,146.7692,92.9428,325
860,212.1141,70634,114.7625,259,114.36,146.3753,93.1891,333
861,210.1843,69571,114.175,254,113.01,146.7606,93.549,331
862,211.19,67792,114.8,270,113.35,147.0282,93.3423,321
863,211.519,66840,114.8,255,114.61,146.9877,93.6173,316
864,213.0285,67317,113.6125,271,113.01,147.037,92.6924,316
865,215.3529,69559,115.1125,277,113.49,146.2161,93.4202,323
866,216.1025,69585,114.925,277,113.71,146.395,92.9223,322
867,217.972,70187,113.1375,262,113.17,145.9796,93.2675,322
868,216.4789,71871,114.475,266,113.83,145.8371,93.5113,332
869,216.7217,70868,115.2125,278,113.71,146.0026,93.5814,327
870,217.8827,70594,114.3875,274,114.27,146.2941,92.8854,324
871,216.8464,69174,115.9625,269,114.08,146.3266,93.0236,319
872,219.4938,71116,115.3875,265,113.38,146.4618,92.7811,324
873,221.3302,70383,115.4375,268,113.8,146.3607,93.2682,318
874,220.8929,74220,114.925,275,114.3,146.7115,93.3789,336
875,220.0427,72174,113.9,267,113.9,147.1683,92.5633,328
876,220.6327,71485,114.925,279,113.26,147.1071,92.6662,324
877,221.9352,71907,114.5375,264,113.9,146.8363,93.1628,324
878,220.6554,71713,115.0375,274,113.89,146.0977,92.6527,325
879,220.5701,72347,114.1,269,113.76,146.5722,92.6437,328
880,219.6708,71393,113.9625,284,113.23,146.9347,92.8205,325
881,218.4424,72086,114.1125,279,114.5,146.3642,93.0316,330
882,219.0392,72721,115.3625,280,114.16,146.7803,92.5057,332
883,218.3242,72047,114.0375,278,115,147.1792,92.4639,330
884,217.4704,69808,114.8125,265,113.97,146.8196,92.8423,321
885,215.3063,71697,114.425,270,113.99,147.0673,93.4042,333
886,214.6472,69975,114.7125,259,113.16,146.7217,93.2494,326
887,214.8854,69408,115.4,274,113.88,147.2427,92.7686,323
888,214.8024,71744,113.675,260,113.61,146.2124,93.1112,334
889,211.9942,73350,114.175,266,113.65,147.2355,93.0272,346
890,216.4984,69496,115.3875,271,114.72,147.2222,92.643,321
891,214.5073,73147,116.2625,276,114.33,145.5662,93.2134,341
892,214.8111,69384,116.725,264,114.65,147.1823,92.5543,323
893,217.1956,68851,114.425,256,114.79,146.5297,93.5626,317
894,216.6551,68463,115.25,258,113.94,146.76,93.4816,316
895,217.8067,71005,114.125,293,112.71,146.3446,92.9153,326
896,216.2378,70926,113.975,264,113.01,147.1688,93.2506,328
897,216.1567,68954,114.725,267,113.21,146.8271,92.7314,319
898,217.0859,70770,114.25,262,113.69,146.3621,92.8607,326
899,218.0938,69790,115,267,113.88,146.908,92.9049,320
900,219.1118,70554,114.1875,269,113.84,146.924,93.0073,322
901,218.6667,73472,114.6375,270,114.49,147.2117,93.0633,336
902,220.1505,70228,116.125,271,114.77,146.805,93.2809,319
903,217.9907,70411,114.5375,267,113.29,146.718,93.3957,323
904,217.7329,70110,114.7375,271,113.77,147.4556,92.9078,322
905,216.9405,72892,114.9,268,113.26,146.8575,92.9239,336
906,218.2702,70283,114.8125,291,113.61,146.9827,92.9822,322
907,216.612,68666,114.775,267,113.99,147.7104,93.2422,317
908,214.9344,68779,114.325,264,114.01,147.132,93.2706,320
909,214.8985,69842,114.5625,283,115.05,147.2742,92.8095,325
910,212.8975,76856,114.4,267,114.94,147.0508,93.3068,361
911,212.2353,68552,115.1,253,112.95,147.0549,93.8821,323
912,212.2753,67079,114.75,259,113.45,148.1557,93.24,316
913,209.4407,68906,115.6375,264,113.85,147.4711,93.2697,329
914,209.5165,69769,114.625,249,113.62,147.55,93.1881,333
915,211.5435,68117,114.825,256,113.42,148.7326,93.6894,322
916,209.8426,67989,115.5375,256,113.71,147.4838,92.8607,324
917,209.8036,69445,114.9125,253,113.11,147.5849,92.8293,331
918,209.3804,68258,115.225,255,114.02,148.0329,93.4913,326
919,210.2107,66847,114.3125,249,113.73,147.6193,93.8261,318
920,209.8307,66936,114.8125,271,114.38,147.5075,92.8642,319
921,209.8777,66951,114,253,114.02,147.7706,93.5193,319
922,208.8683,69762,114.175,267,113.51,148.0365,93.7782,334
923,208.9701,70005,114.7875,249,113.65,147.3793,93.859,335
924,208.3875,66684,114.9875,249,114.38,148.0269,93.8425,320
925,208.2438,67471,115.225,250,113.44,147.9133,93.567,324
926,206.7988,67830,115.375,248,113.52,147.7857,92.7643,328
927,208.0957,67423,114.3625,250,114.53,147.7159,93.5674,324
928,206.8558,65987,114.4375,255,114.3,147.4962,93.4382,319
929,207.8537,69631,114.8625,262,113.74,147.0193,93.2198,335
930,206.844,67638,113.8125,255,114.01,147.1368,93.6712,327
931,207.5565,69739,114.5625,271,114.29,147.9414,93.2389,336
932,207.689,68122,114.2125,245,112.36,146.969,93.4027,328
933,208.6839,68657,114.4,242,114.8,147.0192,93.0694,329
934,209.1832,67357,114.4875,254,113.46,148.5056,93.2418,322
935,210.7631,68498,114.5625,259,114.31,147.7545,93.5679,325
936,210.8742,68745,113.8625,258,113.74,147.6902,93.1891,326
937,208.9751,67081,114.8875,256,114.39,148.2404,93.2431,321
938,211.8962,67383,114.475,264,113.31,147.7405,92.9231,318
939,210.3939,69430,113.675,274,113.51,148.1994,93.0204,330
940,212.7,68064,115.825,249,112.95,148.3725,93.6195,320
941,212.1231,68940,114.0625,274,113.52,148.129,93.3642,325
942,212.19,68113,115.275,253,114.4,147.8013,93.3609,321
943,211.8202,67147,114.925,268,114.48,148.2627,93.1581,317
944,209.1975,67780,114.9875,251,113.76,147.9857,92.3945,324
945,208.8391,72676,114.2375,251,114.68,147.763,93.449,348
946,206.3514,68715,114.525,251,113.81,148.6561,93.0383,333
947,206.9657,66436,114.4125,252,113.17,147.5268,93.076,321
948,207.4121,68446,114.0875,255,114.11,148.6233,93.159,330
949,205.8241,66687,113.7,251,113.66,147.424,93.0215,324
950,204.7812,65530,113.4375,255,113.76,148.7687,92.4448,320
951,206.1138,68842,115.1875,247,113.88,148.2779,92.8845,334
952,205.538,64950,112.925,251,113.94,147.8105,93.1999,316
953,205.0734,67059,114.5625,251,113.86,147.7698,93.6063,327
954,201.4595,67086,115.325,256,115.41,148.6909,92.861,333
955,203.5545,67173,114.525,250,113.63,147.9737,93.0156,330
956,203.3038,64244,113.8125,244,113.95,147.3077,93.1904,316
957,203.5836,66979,115.5375,244,115.12,147.751,93.5362,329
958,202.4462,63973,114.6125,252,113.98,147.2384,93.1906,316
959,201.9592,64425,114.25,255,112.91,147.6257,93.5082,319
960,203.5697,65753,114.375,243,113.45,147.488,93.1215,323
961,201.9753,65440,113.8625,255,114.16,148.0678,93.2569,324
962,200.8354,65874,115.025,240,113.32,147.7081,93.4304,328
963,201.4132,63848,114.9375,248,113.28,147.3443,94.1002,317
964,202.1317,64480,114.8125,241,113.79,147.2016,94.0633,319
965,203.046,66193,114.8375,243,113.46,147.0895,93.8412,326
966,200.9075,69514,114.775,240,113.54,146.8245,93.7071,346
967,202.4352,65589,114.4875,244,113.85,147.5632,92.6429,324
968,200.8106,64661,113.575,245,113.61,147.5777,93.66,322
969,200.8997,64087,114.925,256,115.13,147.2768,93.6947,319
970,202.1946,67533,115.1125,242,112.84,146.5505,93.7127,334
971,198.6766,66358,113.75,242,112.23,147.1307,93.9322,334
972,200.3323,65709,114.6,245,113.27,147.4625,92.9193,328
973,200.5854,63385,114.6625,238,113.04,146.0161,93.8969,316
974,198.3447,69619,114.8125,238,113.76,147.4156,93.7866,351
975,199.7025,65103,115.6625,238,113.03,147.2281,93.6745,326
976,199.9969,65399,113.325,252,114.09,146.9061,93.7059,327
977,200.0781,64025,115.0375,239,113.79,147.2633,93.9698,320
978,199.9789,66393,114.4125,237,113.53,147.2713,93.6017,332
979,199.8616,63556,113.6875,259,113.56,146.5041,94.7105,318
980,200.1889,64661,116.0375,248,113.99,147.4584,93.9623,323
981,199.3869,66994,115.475,241,113.48,145.9528,93.348,336
982,200.1835,63258,114.0375,235,114.44,146.5497,93.5194,316
983,199.2719,65959,113.25,238,113.25,146.678,93.3545,331
984,199.5675,65059,114.2625,251,112.96,147.3487,93.8389,326
985,200.5804,63584,115.35,239,113.95,146.1775,93.4742,317
986,198.3988,66662,114.625,242,113.42,147.1888,93.221,336
987,198.5596,64929,113.6875,236,114.1,146.4255,92.7527,327
988,198.6071,66732,114.05,229,113.38,147.8706,93.2878,336
989,198.5031,63124,114.0625,237,114,147.2364,94.1921,318
990,197.7726,63485,115.05,243,113.86,146.6401,93.5276,321
991,198.6355,65947,114.3375,240,113.58,147.1499,94.0384,332
992,198.6075,63753,115.0625,250,113.23,147.0014,93.8401,321
993,197.3015,64123,114.275,239,113.31,148.3451,93.733,325
994,197.682,64642,113.6875,233,112.53,147.2982,92.962,327
995,198.4537,66482,114.4,231,113.13,147.346,92.8553,335
996,197.397,66128,113.2875,237,112.91,147.4815,93.1351,335
997,199.1437,65120,114.3375,239,114.06,146.2511,94.1256,327
998,198.0334,65153,113.225,247,112.52,147.0476,94.2229,329
999,198.2229,64026,114.9875,232,112.67,147.2103,93.69,323
1000,197.8931,68471,114.575,237,113.46,147.6518,93.5424,346
1001,198.4606,68072,113.8,240,112.1,146.5061,93.7135,343
1002,198.2691,64834,113.9375,236,113.68,147.2841,93.2042,327
1003,198.5423,63335,114.775,242,112.83,146.4607,93.0645,319
1004,198.1479,66974,115.1625,237,113.16,146.9275,93.4342,338
1005,197.5612,66183,113.8125,250,113.78,146.999,93.6423,335
1006,197.97,65924,113.6375,229,113.4,146.7532,94.0485,333
1007,198.1111,65971,114.65,241,113.02,146.3713,93.6716,333
1008,196.9874,62445,113.5625,240,113.15,147.0599,93.4112,317
1009,197.7108,65640,114.1375,227,113.07,146.8079,93.71,332
1010,199.5635,64459,114.0625,237,113.64,147.3881,93.1408,323
1011,200.6719,64215,114.5875,254,114.05,146.9405,93.8807,320
1012,197.9642,71861,115.5625,241,113.95,146.6439,93.6203,363
1013,200.575,64184,114.1125,236,112.69,148.1528,94.4794,320
1014,199.2936,68557,114.475,246,113.33,147.0312,93.8367,344
1015,200.6625,64212,114,251,113.21,147.6888,94.5321,320
1016,199.5515,65852,114.1875,241,113.42,147.7211,93.7115,330
1017,198.8981,64443,114.7625,247,113.99,148.2262,93.9269,324
1018,199.3939,65800,114.75,247,113,147.9816,93.8653,330
1019,199.8608,63156,113.7,244,112.86,146.8216,93.913,316
1020,199.2657,66754,113.225,234,113.19,147.2589,93.4635,335
1021,198.5046,64911,114.525,240,113.07,146.0803,93.7995,327
1022,198.7926,64210,112.7125,242,111.65,147.1276,93.8689,323
1023,199.2539,63562,113.6,237,113.76,148.1095,93.1989,319
1024,199.0712,64300,113.975,242,114.11,147.2949,94.424,323
1025,199.1599,63532,113.7,266,113.59,146.5643,94.0238,319
1026,199.6594,64490,113.3625,238,113.19,146.5135,93.3753,323
1027,199.1506,66118,115.25,248,113.37,147.1525,93.3872,332
1028,200.2184,63269,113.8375,241,113.73,146.9824,93.7644,316
1029,201.2303,63790,114.4875,248,114.48,147.2412,93.8361,317
1030,199.1935,66929,114.2625,244,114.27,147.0986,93.3595,336
1031,200.1821,67061,114.55,237,113.74,147.039,92.7808,335
1032,198.9814,64072,113.55,238,113.81,146.8259,93.9374,322
1033,198.4843,63118,114.4375,231,112.81,146.8928,94.9383,318
1034,199.4582,64425,115.0875,240,112.91,146.0992,94.5971,323
1035,199.5242,65843,114.475,239,112.89,146.4376,94.5023,330
1036,198.8598,63834,114.7,235,113.56,146.595,93.3193,321
1037,198.0062,63758,114.075,237,113.04,147.4168,94.2755,322
1038,198.7781,63609,114.2,253,112.23,147.0799,93.4827,320
1039,199.3862,66595,112.375,243,113.51,146.1476,94.3398,334
1040,199.4006,64207,114.2,247,113.6,146.9377,94.0998,322
1041,199.7245,64511,115.1125,232,113.84,147.9239,92.8915,323
1042,198.6082,63356,114.125,240,112.77,147.6698,93.8515,319
1043,198.574,65728,113,230,112.81,146.7701,93.757,331
1044,198.9811,63077,113.9375,238,113.26,146.9785,93.7495,317
1045,199.4075,63611,114.1625,250,113.65,147.0041,93.7998,319
1046,198.2566,67209,114.825,236,113.42,146.8076,93.7941,339
1047,199.3758,64199,113.775,243,114.45,147.3485,93.8932,322
1048,198.5514,63735,114.5375,252,113.36,147.2349,94.1225,321
1049,197.4107,66330,115.8,235,113.08,146.6926,94.1215,336
1050,200.0812,64026,115.575,241,112.84,146.8086,94.032,320
1051,198.6656,64169,114.375,240,113.23,146.9389,94.076,323
1052,198.5157,69679,113.425,237,112.96,146.3415,93.7958,351
1053,199.8142,64540,113.8,241,112.95,147.6185,93.5675,323
1054,197.7135,67618,113.7875,246,112.16,147.7592,93.6418,342
1055,198.674,63377,115.0375,239,113.52,146.8082,93.7559,319
1056,197.4749,66944,114.5,238,113.06,146.4907,94.2038,339
1057,197.807,62507,112.975,244,113.18,147.3231,93.3908,316
1058,197.9938,63952,114.7625,236,112.18,147.2261,93.4293,323
1059,197.738,65649,114.6125,243,112.8,146.661,93.9214,332
1060,196.459,64635,114.5375,237,113.64,147.4576,94.3773,329
1061,196.0548,68031,114.325,234,112.22,146.3994,94.0634,347
1062,198.5701,65131,115.2625,241,113.51,146.7556,93.3074,328
1063,197.0954,64056,113.7875,235,113.56,147.1621,93.5771,325
1064,198.854,64031,114.9125,240,113.19,146.8348,93.5609,322
1065,198.0336,64757,114.3375,239,111.88,145.9347,93.8386,327
1066,199.3442,67179,113.6625,246,113.38,146.5892,94.3447,337
1067,198.8245,63425,113.6625,238,113.6,147.1285,93.9862,319
1068,199.7635,66721,113.875,247,114.18,147.0154,93.6244,334
1069,199.2184,62953,114.7125,240,112.46,147.8401,93.8718,316
1070,200.6242,66206,113.1375,231,113.81,146.8629,93.3622,330
1071,199.4202,65011,113.275,244,113.26,147.8643,93.3371,326
1072,199.7298,64313,113.35,236,112.12,147.0967,93.4775,322
1073,199.9494,63184,113.225,243,113.55,148.9951,93.4488,316
1074,200.5352,65575,114.25,235,113.88,147.0356,93.9464,327
1075,200.2879,66095,113.475,234,113.14,146.4824,95.1768,330
1076,201.1028,64554,114.8375,236,112.63,146.5799,93.9194,321
1077,199.7221,66108,115.3375,242,111.78,146.7283,94.3958,331
1078,199.4724,65028,114.2625,246,113.29,146.6165,93.6005,326
1079,198.6316,64158,114.0125,234,113.03,146.9121,94.0441,323
1080,199.7808,66527,114.6875,238,111.96,147.0656,93.223,333
1081,200.6531,64209,114.5375,243,113.35,147.1594,93.0971,320
1082,200.5063,63360,113.45,248,113.58,147.0511,93.8675,316
1083,199.9789,66393,113.2375,261,114.13,146.3823,94.2605,332
1084,198.1437,66180,113.3875,255,111.89,147.6948,94.3487,334
1085,200.2576,66085,115.175,267,113.45,146.9505,93.8214,330
1086,199.972,64191,113.8375,245,112.67,146.6852,94.5505,321
1087,198.7757,63807,114.45,245,112.95,147.4393,94.2586,321
1088,199.5154,64643,113.675,243,113.26,147.1283,93.522,324
1089,201.4308,64055,114.2625,259,113.48,146.8267,93.2767,318
1090,201.7378,66170,113.1,242,112.21,147.136,94.6214,328
1091,201.4475,65269,114.2,241,113.25,147.4809,93.87,324
1092,200.9256,67511,113,252,113.58,147.6652,94.1697,336
1093,201.3614,64637,114.35,252,112.62,147.177,93.6936,321
1094,201.4421,66073,114,251,113.61,148.0927,94.0008,328
1095,200.9117,63689,114.775,238,112.79,147.7823,93.4003,317
1096,201.5688,64502,114.525,243,113.36,147.1647,94.1539,320
1097,201.031,64933,114.1375,239,113.5,148.0105,93.42,323
1098,201.4235,68484,113.95,245,113.1,146.3677,93.5967,340
1099,200.2914,65295,112.775,256,113.06,148.2366,93.8719,326
1100,201.4498,66277,114.9875,249,113.08,147.6781,94.0606,329
1101,201.1735,63772,114.85,249,112.9,146.5691,94.1471,317
1102,201.1325,63759,113.8875,246,112.8,147.6791,93.4021,317
1103,200.2256,65674,114,241,112.53,147.5465,94.056,328
1104,200.6716,67225,114.35,238,112.42,147.338,94.6016,335
1105,202.4543,66405,113.75,241,113.5,146.9083,94.0323,328
1106,202.2812,64730,113.7625,259,113.23,146.8903,94.431,320
1107,202.4571,66001,114.15,259,113.58,146.9237,93.149,326
1108,203.9748,64660,113.95,241,112.39,147.2151,94.2055,317
1109,202.046,65867,114.9125,252,114.37,146.8424,94.4442,326
1110,202.312,69393,114.825,262,114.13,146.3518,93.5971,343
1111,203.212,64215,114.2,238,113.71,146.8359,93.4512,316
1112,203.0424,67004,113.8875,241,113.18,145.7024,93.5639,330
1113,204.2761,66594,114.375,250,112.84,145.9097,93.0991,326
1114,203.6978,65387,114.3125,239,113.36,145.7681,93.8177,321
1115,204.3943,64793,114.175,260,112.33,146.6374,93.9185,317
1116,205.6887,65409,114.1875,244,113.04,144.9885,94.3899,318
1117,205.652,65603,113.9125,254,114.08,146.298,93.2374,319
1118,206.2226,67641,114.125,246,113.42,145.6239,93.4464,328
1119,205.8062,66887,112.45,245,112.82,145.3585,93.2892,325
1120,207.4406,66381,113.25,245,113.93,144.4055,94.012,320
1121,205.5823,64964,114.15,264,112.78,145.893,93.8618,316
1122,207.1595,67534,113.3875,247,112.21,144.1244,94.0147,326
1123,205.8476,67518,114.05,249,112.54,144.6229,94.2741,328
1124,208.4341,69617,113.95,245,113.17,145.4736,93.5708,334
1125,210.0588,67849,113.8375,256,113.7,144.9784,94.3457,323
1126,209.2056,67155,114.5,256,112.26,144.9987,94.5326,321
1127,211.1546,66936,114.35,255,113.37,144.4841,93.8601,317
1128,210.7582,70604,112.875,256,112.43,144.0864,93.9652,335
1129,213.9557,67610,114.1125,262,113.1,145.5899,93.6403,316
1130,212.6108,67185,113.3375,253,112.63,145.0192,93.4599,316
1131,214.1641,69175,114.3875,266,113.52,144.5826,93.6186,323
1132,215.1009,68187,113.7125,263,112.33,145.0372,93.689,317
1133,214.1756,71963,113.2,266,113.05,144.7522,94.6626,336
1134,215.7339,70545,114.375,263,112.95,145.4241,93.9312,327
1135,215.3375,68908,113.3125,273,112.49,145.2427,93.5643,320
1136,219.1631,71228,114.075,275,112.68,144.6973,93.8787,325
1137,219.3617,72170,113.7125,274,112.9,144.7541,93.413,329
1138,221.3407,70165,113.35,272,113.35,144.7609,93.7473,317
1139,222.1739,71540,112.15,268,111.92,145.1988,93.617,322
1140,222.5154,72095,113.525,275,113.24,145.1921,92.967,324
1141,221.7723,72076,112.9375,282,113.04,144.8383,92.956,325
1142,219.256,73670,113.325,270,112.72,145.0471,93.5196,336
1143,220.7315,71517,113.15,272,113.03,145.1453,93.4051,324
1144,218.4577,74931,113.9,269,112.24,144.9094,93.2938,343
1145,219.1734,70793,113.2375,272,112.08,144.6332,93.0955,323
1146,215.627,68785,114.1375,265,113.64,145.288,93.141,319
1147,216.8517,68742,113.6375,265,112.55,144.5708,93.176,317
1148,213.4332,71927,113.1375,261,111.79,145.3875,93.9341,337
1149,212.997,69863,113.925,260,112.95,145.6289,93.5379,328
1150,215.852,71447,113.225,253,112.23,145.1476,93.3999,331
1151,215.0031,69446,114.2,265,112.78,145.2323,93.7743,323
1152,214,67624,114.325,253,112.39,144.3562,93.9334,316
1153,213.1734,68855,113.5625,261,113.57,145.1492,93.8628,323
1154,214.5987,68457,113.85,251,112.79,144.8474,93.9971,319
1155,212.0368,69124,114.75,271,113.57,144.7626,93.6344,326
1156,210.8054,70409,112.7625,246,113.03,145.7109,92.853,334
1157,213.2264,67806,113.1625,252,113.2,145.079,93.6936,318
1158,212.081,68078,113.975,259,113.31,146.0478,93.5773,321
1159,210.744,69967,113.0375,263,113.64,145.022,93.7079,332
1160,210.2554,68333,112.95,251,114.35,145.4064,93.5451,325
1161,211,67520,112.5375,264,113.4,144.6681,93.2908,320
1162,211.9847,69107,113.3125,274,112.25,145.4247,93.4311,326
1163,212.8442,68323,114.0375,276,113.04,145.4148,93.8959,321
1164,212.2844,69417,113.9625,264,112.94,144.5372,94.1563,327
1165,212.2262,71308,113.05,270,111.92,144.889,93.9928,336
1166,210.4303,67969,113.45,253,112.91,144.8866,93.914,323
1167,210.8963,69174,114.2625,257,113.12,144.7442,94.1225,328
1168,212.7405,67226,113.275,258,113.34,144.9878,93.4752,316
1169,211.566,67278,111.4375,261,111.82,145.7925,93.5977,318
1170,211.8732,73520,114.125,255,112.58,144.8826,93.8398,347
1171,211.0895,68393,113.6375,260,112.96,145.3417,93.872,324
1172,211.7632,72423,113.2625,256,113.39,145.1422,93.6927,342
1173,213.0337,69449,113.0125,256,113.12,145.0603,93.7707,326
1174,213.0118,71998,113.95,261,113.12,144.3504,93.6729,338
1175,215.5683,69413,112.8875,256,112.57,144.8974,94.3423,322
1176,214.8,68736,113.425,258,112.57,144.7803,93.6938,320
1177,214.9119,68342,112.8625,264,112.95,144.3519,93.641,318
1178,214.6006,68243,114.0125,259,112.68,145.1745,93.8504,318
1179,214.8117,69599,114.2375,259,113.07,145.5306,92.9422,324
1180,215.6677,70092,113.7125,283,112.89,144.6172,93.6163,325
1181,215.3598,70638,113.2125,280,112.5,145.2422,93.1211,328
1182,216.7791,70670,113.125,271,112.64,145.9325,93.2606,326
1183,216.2853,70509,112.5875,257,112.55,144.533,93.6323,326
1184,216.6142,72999,112.5125,269,112.14,144.8633,93.6417,337
1185,216.231,68329,112.65,274,111.75,145.0246,93.4347,316
1186,216.6366,69757,113.5125,272,113.16,144.5888,94.2174,322
1187,216.034,69995,114.0625,260,111.93,145.1972,93.5043,324
1188,216.7678,70016,113.1375,259,112.87,144.9451,93.4295,323
1189,215.373,68704,114.65,272,113.69,144.3398,93.7583,319
1190,213.9938,69120,114.9875,263,112.83,144.422,93.9341,323
1191,217.0679,70330,112.8375,267,113.69,145.4268,93.1457,324
1192,216.2585,70284,113.5625,271,113.03,144.9597,93.4921,325
1193,218.3211,71391,113.15,277,112.79,144.5659,93.9836,327
1194,218.8553,69596,113.4,267,112.03,145.3602,93.0338,318
1195,220.8019,70215,113.5125,269,113.22,145.4819,93.4414,318
1196,221.7812,70970,113.2375,279,112.85,145.5127,93.2394,320
1197,219.9694,71930,113.7125,266,113.64,145.2693,93.1754,327
1198,222.1852,71988,114.3375,269,113.84,145.8008,93.6557,324
1199,222.795,71740,112.65,270,112.08,144.9809,92.9759,322
1200,224.7329,72364,112.6625,279,112.83,145.2531,93.3553,322
1201,223.6044,71777,114.2625,285,113.56,144.5311,93.6027,321
1202,223.8621,71412,115.2125,274,113.32,144.3978,93.3556,319
1203,225.8292,72717,113.225,278,112.53,144.997,92.7495,322
1204,227.8576,73598,113.2375,270,112.98,145.3511,93.6338,323
1205,228.6625,73172,114.075,280,112.77,144.446,93.1547,320
1206,226.2299,75787,113.675,301,113.31,144.6546,93.3158,335
1207,226.7089,71640,112.55,271,112.67,144.7399,93.2895,316
1208,224.4136,72710,113.5375,277,112.42,144.4548,93.6794,324
1209,224.5139,72518,114.275,291,113.77,144.5006,93.221,323
1210,224.1,73953,112.225,291,113.33,144.9724,93.3418,330
1211,225.164,71377,113.3375,277,112.36,144.9148,93.1302,317
1212,224.3824,71578,113.375,277,113.6,145.2791,93.6442,319
1213,223.5631,72658,113.475,261,113.3,145.0308,93.3843,325
1214,224.279,71545,113.3,278,112.7,145.478,93.2416,319
1215,222.3426,72039,114.4,280,113.91,144.4895,93.804,324
1216,221.7098,70282,112.775,268,113.23,145.0183,93.2143,317
1217,219.7373,69437,114.6125,268,112.88,145.2498,92.7584,316
1218,219.0345,69872,113.4625,276,113.53,145.6709,93.4601,319
1219,219.261,69725,113.0875,270,112.53,144.8264,93.2795,318
1220,219.2699,71482,112.9625,271,113.2,145.3111,94.1123,326
1221,217.7129,69015,113.5375,272,113.59,145.0739,92.9759,317
1222,219.7647,70984,112.8875,258,112.19,145.152,93.3919,323
1223,220.3533,69852,113.6875,277,112.79,145.2197,93.3429,317
1224,219.8789,70801,114.35,264,112.86,144.6676,93.8248,322
1225,218.7015,73265,113.5625,262,113.35,144.5855,93.7924,335
1226,219.6246,69621,113.1125,261,113.22,145.652,93.6441,317
1227,216.4921,68628,113.5125,259,112.02,145.3614,93.9132,317
1228,215.4773,71323,113.4125,277,113.35,145.2896,93.6689,331
1229,214.8173,69386,113.2125,251,112.58,144.577,93.3447,323
1230,213.5562,68338,113.425,255,113.28,144.9128,93.9273,320
1231,213.6771,68163,114.625,250,112.96,144.3904,94.2756,319
1232,212.2284,68762,113.8375,257,113.53,145.3306,93.655,324
1233,209.4475,67861,113.425,244,113.38,145.4805,94.1975,324
1234,209.7367,66906,113.7125,256,112.45,145.1562,94.2979,319
1235,207.7975,66703,114.7375,253,111.7,144.8452,93.4667,321
1236,208.3407,66044,112.85,252,112.13,145.2238,94.9115,317
1237,208.059,70532,113.825,258,112.7,144.6281,94.7822,339
1238,209.4255,67435,112.8625,257,112,144.7088,93.3843,322
1239,211.5432,68540,112.575,256,113.62,145.0025,93.9085,324
1240,212.3939,70090,114.0875,258,112.38,145.5545,94.1774,330
1241,210.284,69604,113.3375,249,113.38,145.968,93.9085,331
1242,212.0092,68903,113.1875,255,112.69,144.6386,94.703,325
1243,212.1577,67254,113.4875,261,112.84,144.7398,94.3055,317
1244,213.0155,68804,113.2375,274,113.26,145.2477,94.6093,323
1245,212.7461,68717,114.1625,256,113.41,145.7698,95.0728,323
1246,214.0791,67649,114.55,253,112.96,145.4806,94.4533,316
1247,215.3861,68062,113.975,266,112.16,145.4594,93.74,316
1248,214.8018,72603,113.4125,251,112.44,144.7931,94.4904,338
1249,215.8442,69286,112.2875,285,112.32,146.1661,94.8073,321
1250,214.8931,68336,113.425,265,112.96,145.7115,94.1457,318
1251,213.8323,68854,113.55,268,113.4,145.7312,93.6504,322
1252,212.7454,69355,113.3,256,112.64,146.0314,94.2879,326
1253,212.727,69349,114.4625,251,112.94,145.1431,94.5114,326
1254,210.6877,66788,113.6,252,112.81,145.7622,94.1292,317
1255,209.8075,67558,113.825,243,113.05,145.2619,94.7389,322
1256,208.0439,66366,113.2875,251,113.21,145.4832,93.6599,319
1257,207.3,66336,113.8,260,113.31,145.1792,93.7221,320
1258,206.4891,66283,113.3625,244,113.22,145.6105,94.854,321
1259,204.8772,68429,113.7125,252,112.88,145.5479,94.3526,334
1260,203.4273,67131,113.8375,258,112.83,145.6754,94.3816,330
1261,204.5535,66889,114.2875,245,112.98,145.3364,94.5192,327
1262,204.1273,67362,114.05,267,112.59,145.0567,94.2444,330
1263,204.422,66846,113.575,250,113.14,146.2644,93.8093,327
1264,206.3221,67261,112.125,248,113.16,144.7683,94.3428,326
1265,204.4789,67887,113.95,249,113.59,145.1536,94.4858,332
1266,206.4704,66277,113.4375,249,112.93,145.2413,93.9351,321
1267,206.8433,65983,113.3875,245,114.33,145.7226,94.0086,319
1268,205.5215,67000,114.6125,246,113,145.7523,94.6282,326
1269,205,65805,115.6625,250,112.78,145.6571,94.6308,321
1270,206.015,68809,114.3125,243,113.42,144.7203,94.7954,334
1271,203.7192,64579,113.275,255,113.11,145.3618,94.1326,317
1272,203.8673,66053,114.4,251,113.11,146.2199,94.4991,324
1273,203.7855,67453,114.45,244,113.36,146.4911,94.1461,331
1274,203.9212,67294,113.5375,248,113.08,145.5317,93.8271,330
1275,204.517,66059,114.9125,243,113.42,144.6929,94.7343,323
1276,202.076,66483,113.05,242,113.1,146.046,94.6428,329
1277,202.0188,64444,112.75,253,112.24,145.6213,94.1093,319
1278,202.4985,66622,112.8875,237,112.29,145.1696,94.2578,329
1279,200.475,64152,113.75,243,112.21,144.8667,95.0478,320
1280,199.4593,68614,113.3625,236,112.4,145.4129,95.2894,344
1281,200.4642,64349,114.575,248,112.22,145.1518,94.3299,321
1282,201.5346,64088,113.7125,240,113.74,145.2365,93.849,318
1283,199.994,66998,114.175,241,113.37,144.6216,94.5993,335
1284,200.0517,65817,113.2875,252,113.05,145.1736,95.0291,329
1285,199.6289,63482,113.6125,241,112.96,144.8649,94.9272,318
1286,201.16,65377,112.825,244,113.16,144.7443,94.91,325
1287,199.9477,64983,113.85,251,113.29,144.9227,95.1307,325
1288,201.6935,65147,113.7,245,112.54,144.8377,94.6653,323
1289,200.324,64304,115.0375,234,112.7,145.2951,95.0213,321
1290,200.6807,66626,114.625,238,113.06,144.9252,94.7832,332
1291,199.6375,63884,113.3875,229,112.32,144.8743,95.1032,320
1292,201.2134,65998,114.1625,246,112.76,144.549,94.6107,328
1293,199.911,65171,113.1,235,112.88,144.0065,94.6592,326
1294,199.1723,64731,112.8875,236,111.85,144.9328,95.1682,325
1295,198.9356,64853,113.8625,236,112.42,145.2787,94.3784,326
1296,200.2194,63870,113.95,249,113.24,144.5414,94.5181,319
1297,199.4264,66409,115.2125,239,112.5,144.9269,94.8807,333
1298,197.2382,71203,113.5,230,112.52,144.9202,95.3168,361
1299,199.7375,63916,114.275,248,112.37,145.1892,94.6898,320
1300,197.5161,67353,114.325,246,112.23,145.3143,95.3632,341
1301,199.3251,64382,114.75,236,112.83,145.1479,94.9245,323
1302,198.4094,67856,113.625,245,112.34,145.4137,95.0523,342
1303,198.7276,64189,115.8,249,113.15,144.6458,95.5813,323
1304,199.7438,64717,114.4125,249,113.63,145.2204,94.7564,324
1305,199.2185,64746,114.45,246,113.04,145.6901,94.4347,325
1306,199.4435,68808,113.85,233,111.95,144.5834,94.4913,345
1307,200.7287,63631,113.8375,243,112.69,145.3716,94.5309,317
1308,199.1231,64715,113.125,240,112.66,144.8385,94.5042,325
1309,199.9091,65970,113.55,249,113.54,145.0031,95.4232,330
1310,200.8829,66894,113.9125,237,112.34,145.7649,95.7738,333
1311,200.2188,65872,112.95,244,112.22,145.7558,95.6298,329
1312,202.8359,66733,113.7,257,111.42,146.34,94.99,329
1313,203.375,65080,113.3125,243,112.54,146.5682,94.2963,320
1314,203.8515,72775,113.7625,256,112.64,146.4515,94.3583,357
1315,204.0276,66513,113.2875,247,112.25,146.0423,94.1881,326
1316,205.0443,64794,112.7625,241,112.89,145.4349,95.5954,316
1317,201.6734,69779,114.1875,248,112.38,145.0707,95.6449,346
1318,203.0892,66004,113.45,240,111.72,145.7949,94.7252,325
1319,202.2781,64729,114.4,235,113.57,147.3135,94.6568,320
1320,203.2226,66657,113.5,241,112.37,145.618,94.479,328
1321,203.4735,65315,113.1875,240,112.91,146.5121,93.7111,321
1322,203.2954,66071,112.7375,242,113.13,145.9935,93.5549,325
1323,203.1224,68046,113.575,244,113.3,146.2899,94.4932,335
1324,202.1547,70552,113.2875,245,111.91,146.5753,95.1629,349
1325,203.5522,68190,114,241,112.68,146.9449,95.5504,335
1326,204.0741,66120,114.7625,248,111.38,146.6873,95.1658,324
1327,203.1361,64191,113.725,258,113.14,146.4476,94.2086,316
1328,203.287,70134,114.075,247,113.49,146.035,94.8113,345
1329,203.6854,65383,113.9,263,112.81,146.3177,95.3884,321
1330,202.6586,67080,113.3,238,112.01,145.4485,94.851,331
1331,202.877,64312,112.925,248,112.71,146.2272,94.3538,317
1332,200.8957,65492,113.65,240,112.97,146.3266,94.5342,326
1333,202.281,66955,114.625,241,112.5,145.6784,95.0046,331
1334,202.6489,64645,114.4125,239,112.44,146.7673,94.564,319
1335,202.2068,65515,113.5375,250,113.22,147.0085,94.1709,324
1336,202.5089,68448,113.275,242,112.63,147.2659,94.0609,338
1337,201.9605,66445,113.9625,243,112.74,146.9604,94.1876,329
1338,201.4608,66885,112.9,247,112.32,147.3346,95.109,332
1339,200.8408,66880,114.9125,240,112.53,148.4631,95.276,333
1340,199.841,65348,115.4,233,111.17,148.6248,94.7701,327
1341,197.8899,62929,114.0875,250,112.64,149.2212,95.1829,318
1342,198.9443,67840,113.9,239,112.99,149.3398,95.2446,341
1343,199.8221,65142,115.05,236,111.92,151.0292,94.2849,326
1344,197.1468,64467,113.275,235,110.7,151.0277,93.8582,327
1345,197.9099,63727,114.1125,244,113.46,150.507,95.2609,322
1346,197.866,63515,114.775,243,111.73,151.1557,94.5671,321
1347,199.3028,63179,115.65,232,113.01,153.5163,94.7041,317
1348,197.5358,68940,113.775,240,113.18,153.7792,94.9984,349
1349,197.0327,66203,113.9375,253,112.55,153.3105,94.9146,336
1350,195.9815,63498,115.0875,238,111.96,155.0927,93.7159,324
1351,196.7741,65329,114.275,233,111.78,154.8776,95.0378,332
1352,196.2918,64580,114.05,235,112.11,154.9046,94.9716,329
1353,195.9493,65643,113.725,234,113.01,155.2054,93.3644,335
1354,196.1515,64730,113.525,239,112.02,154.5389,94.5646,330
1355,196.8006,65141,114.9125,242,112.27,155.8272,94.132,331
1356,197.1824,64873,114.7125,239,112.75,156.0493,93.8879,329
1357,197.1924,67637,114.0875,249,111.58,156.5362,94.6502,343
1358,193.2911,67072,113.8375,225,112.05,154.9758,93.9735,347
1359,196.5949,62124,114.175,228,112.08,157.2137,94.6622,316
1360,194.5517,62062,114.4125,235,112.51,157.4303,93.7306,319
1361,195.4268,62732,113.8125,234,112.36,156.5,94.7281,321
1362,195.2065,66175,114,229,112.98,157.4921,95.3211,339
1363,193.9091,68256,114.625,233,112.57,155.9695,94.6856,352
1364,194.6871,63468,114.4875,238,112.51,156.4517,94.3524,326
1365,194.9315,65497,114.35,228,111.72,157.2404,94.5218,336
1366,194.2883,63338,113.825,237,111.26,156.9907,94.8682,326
1367,194.4751,66316,113.9375,227,112.34,155.8469,94.4776,341
1368,196.0186,63314,114.05,230,112.42,155.7261,95.1492,323
1369,195.409,65462,114.35,240,112.22,155.9273,94.7565,335
1370,193.4845,68687,114.075,232,111.16,157.2379,94.2579,355
1371,195.4862,63924,115.4375,229,111.9,156.2337,93.6792,327
1372,194.1407,63484,113.1625,228,112.03,156.5301,94.5079,327
1373,193.8711,61651,114.475,232,111.92,155.9305,94.3277,318
1374,194.3659,63752,113.475,230,112.51,155.9644,94.9631,328
1375,192.3095,75193,114.3125,234,112.48,155.6947,94.7635,391
1376,194.3407,61606,113.775,239,112.17,155.324,94.746,317
1377,193.1914,67617,114.2125,225,111.89,156.2624,94.408,350
1378,193.2561,63388,112.675,228,111.31,156.0196,94.0074,328
1379,193.7053,61792,114.3125,226,111.79,155.5904,94.7341,319
1380,194.2406,67013,113.875,232,111.77,154.3673,94.9341,345
1381,193.394,64787,113.4375,245,111.95,156.2891,94.2447,335
1382,194.3467,62774,114.15,228,112.17,155.3214,95.3303,323
1383,194.979,65123,114.6,231,112.25,155.2208,95.4188,334
1384,195.6193,64750,113.975,230,111.72,155.4934,94.6846,331
1385,196.8785,63198,113.8625,243,112.81,154.8811,93.7514,321
1386,195.773,63822,112.775,237,112.54,155.3806,94.7532,326
1387,196.1238,63348,114.1375,246,112.07,155.1964,95.487,323
1388,195.4131,68590,115,243,112.05,155.7619,95.3445,351
1389,197.6667,62858,114.075,236,111.83,155.2212,94.9558,318
1390,196.6418,65875,114.7875,240,112.1,155.809,94.8261,335
1391,197.9942,68110,114.55,246,112.15,156.039,95.3632,344
1392,196.2522,66922,114.325,245,111.19,156.2204,95.0497,341
1393,197.6176,67190,114.125,232,112.39,156.8559,95.0697,340
1394,197.4581,65951,114.5,243,111.58,155.6714,94.419,334
1395,199.4451,63623,113.8,247,112.66,156.3238,94.2193,319
1396,198.7304,63395,114.225,230,112.34,155.8688,94.6683,319
1397,197.6276,67391,113.775,244,111.49,155.5183,95.2063,341
1398,195.5638,65905,115.2875,238,113.06,154.8404,94.0558,337
1399,197.7121,63861,113.7,233,113.72,155.2125,94.7751,323
1400,197.6106,63433,113.45,231,111.99,155.2016,95.0545,321
1401,195.0585,63394,113.6625,226,111.25,154.9779,95.5176,325
1402,196.3932,63435,114.2625,241,112.34,155.7804,94.4236,323
1403,198.1136,62802,114.975,229,111.64,155.1712,94.7411,317
1404,196.8754,64772,114.425,235,111.91,155.4138,94.6245,329
1405,196.2994,65564,113.9625,240,112.11,155.0329,93.9599,334
1406,196.305,62425,113.2625,227,111.79,155.3824,94.2855,318
1407,196.3617,64603,113.825,229,111.82,154.4642,94.752,329
1408,195.7754,63627,113.625,243,112.49,154.3216,94.3218,325
1409,194.1858,71072,113.9625,230,111.85,154.0946,94.0036,366
1410,194.027,64611,113.925,241,112.13,155.0192,94.2286,333
1411,193.7009,67989,114.525,243,112.7,153.8442,94.6929,351
1412,194.0398,63451,113.95,229,112.99,154.1395,95.4762,327
1413,192.8525,65377,113.1125,227,112.33,153.7913,95.7477,339
1414,192.4613,67169,113.975,223,112.1,153.7977,95.4308,349
1415,195.1964,65586,113.0875,246,111.92,154.066,94.482,336
1416,193.1835,63171,113.1625,240,111.54,153.8259,94.9414,327
1417,193.7579,61615,112.3875,239,112.5,153.9683,95.6674,318
1418,192.2687,69409,114.55,229,112.46,154.1761,95.6363,361
1419,194.0844,62107,113.1875,242,112.28,154.1064,95.7002,320
1420,193.795,61433,114.125,230,111.7,153.8378,95.1135,317
1421,193.3595,64002,113.8375,234,112.12,152.6808,94.2381,331
1422,193.253,64933,113.275,226,111.58,153.9484,95.7301,336
1423,193.6519,61194,114.15,235,112.72,153.0489,96.1188,316
1424,192.5919,61822,115.2625,226,112,153.0029,96.1108,321
1425,192.9652,60977,115.075,226,111.12,153.0842,94.8649,316
1426,192.4094,65804,112.9375,228,111.36,153.8918,95.2553,342
1427,191.7376,65766,113.8,241,112.3,154.0229,95.367,343
1428,192.131,64556,114.9125,222,111.98,152.7601,95.9315,336
1429,192.7337,62253,115,225,111.84,152.8734,96.1425,323
1430,192.6283,65301,114.175,224,112.24,152.3978,95.8967,339
1431,191.6098,66297,114.1875,224,112.14,152.7666,94.6985,346
1432,193.3945,63240,114.45,236,111.88,152.2885,95.6443,327
1433,194.0486,63842,114.6125,230,112.23,152.8869,94.737,329
1434,194.4365,62803,113.4875,232,111.83,152.4218,95.5223,323
1435,192.9566,66763,113.2125,228,112.6,153.713,95.2397,346
1436,194.0151,64413,114.2125,227,112.17,153.5582,95.0272,332
1437,192.2898,73647,114.3625,242,110.61,153.3092,94.823,383
1438,194.1519,61352,115.6125,224,111.9,152.1675,95.4523,316
1439,194.961,64922,113.8,229,111.34,153.2784,95.3244,333
1440,194.1602,65432,115.1375,233,112.23,152.6405,94.2515,337
1441,194.6751,61712,113.2875,248,112.36,152.1743,95.0029,317
1442,195.8571,64437,114.2625,238,111.89,152.2558,94.5819,329
1443,194.6615,63265,113.575,235,111.63,152.3568,95.2127,325
1444,192.2011,66886,113.5,234,111.53,153.4152,95.042,348
1445,193.0507,64672,113.375,239,112.51,153.1602,95.3905,335
1446,195.429,64687,113.675,234,111.14,151.1405,95.2423,331
1447,195.0778,65156,113.6,236,113.14,152.6425,95.3534,334
1448,194.9154,64517,114.9625,225,111.24,152.304,95.2343,331
1449,193.1303,68175,114.7125,230,111.43,152.6163,94.9656,353
1450,195.0867,63013,113.8875,243,112.3,152.7235,95.6302,323
1451,192.6462,65885,114.425,239,112.84,151.2891,95.1851,342
1452,194.2524,61578,114.1875,225,112.88,152.1847,95.3761,317
1453,194.0912,61721,114,232,112.68,152.5777,94.8954,318
1454,192.9655,67152,113.55,240,111.8,152.147,95.1436,348
1455,195.0943,62040,113.95,233,112.26,151.5034,95.9704,318
1456,192.5275,66422,114.8125,234,112.69,151.7349,96.6453,345
1457,193.6312,61962,114.875,227,113.4,151.678,96.2831,320
1458,193.7021,63728,114.225,240,112.55,153.1793,95.7964,329
1459,194.6024,65581,114.725,230,112.04,151.0567,95.5941,337
1460,192.8911,67319,113.2375,231,112.12,151.5737,94.8888,349
1461,193.0567,64674,113.75,226,112.26,150.7218,95.414,335
1462,195.5683,62973,114.675,241,111.96,151.2347,95.4848,322
1463,193.4924,63659,113.4,224,111.07,152.1057,94.9775,329
1464,194.4551,62809,114.25,233,112.11,152.8664,94.9124,323
1465,194.2252,64677,113.1875,249,112.61,151.8129,95.7724,333
1466,192.503,63141,114.3125,232,113.01,151.8334,95.0037,328
1467,193.7231,62960,113.3,228,112.64,151.4718,96.2991,325
1468,194.1869,62334,114.8,233,113.08,151.47,95.3231,321
1469,193.7143,67800,113.45,234,112.86,152.2433,95.4687,350
1470,194.0502,61902,114.75,226,112.12,150.1424,95.4578,319
1471,193.548,62516,114.4375,228,111.55,151.9304,96.6321,323
1472,192.8179,66715,114.4,233,111.84,151.3719,96.0822,346
1473,192.6988,65903,114.7125,226,112.63,151.5868,95.0381,342
1474,194.0063,61500,113.9125,231,111.84,151.323,94.7017,317
1475,193.7658,64524,112.7,228,111.07,151.1143,94.8667,333
1476,193.727,63155,114.7125,236,112.65,150.9837,95.32,326
1477,192.1062,61474,113.9875,219,111.93,152.039,95.2087,320
1478,192.563,65664,114.9875,227,112.69,151.0895,96.047,341
1479,193.0752,61591,113.55,246,112.23,152.1828,96.3917,319
1480,192.8742,61334,112.975,236,113.25,150.9239,94.9831,318
1481,192.0247,69897,114.425,224,112.7,150.6608,95.1608,364
1482,193.2331,62994,113.65,233,110.72,150.1493,95.7062,326
1483,192.2507,65173,113.825,225,112.38,150.6245,95.7382,339
1484,191.4726,62803,115.45,220,111.67,150.9413,96.1195,328
1485,192.9876,62335,114.4875,240,112.42,151.526,94.778,323
1486,193.5963,62338,113.1375,238,113.48,150.2767,95.2666,322
1487,192.0369,62412,113.8,240,112.36,149.3115,96.0949,325
1488,194.0374,62286,113.9625,236,112.72,150.9019,95.5989,321
1489,192.8739,68856,112.6375,235,111.81,150.8166,95.0089,357
1490,193.0155,62344,114.9625,239,113.32,150.0552,96.389,323
1491,193.3988,62081,113.7,223,112.34,149.9994,95.3123,321
1492,193.6476,64291,113.4375,232,112.45,150.1154,94.6026,332
1493,191.9088,67360,112.4875,227,111.49,150.2379,95.3448,351
1494,191.805,61953,113.9625,235,112.8,150.8834,95.5791,323
1495,192.8138,64207,113.5,234,112.51,150.1128,96.1186,333
1496,191.5347,66271,113.6125,228,111.15,150.2354,95.585,346
1497,192.2586,61715,114.425,224,111.45,150.7914,95.7329,321
1498,191.2438,61963,114.95,235,111.49,150.2005,95.5714,324
1499,192.3212,63466,114.175,229,112.26,150.4735,95.9455,330
1500,193.4425,65577,113.35,222,112.42,150.2165,96.0076,339
