1,215.6596,70952,116.1375,317,118.13,109.9316,75.1208,329
2,213.1976,71208,116.3125,292,116.95,109.7797,74.5763,334
3,213.0333,70301,114.5,290,116.91,110.0758,75.342,330
4,212.6597,71241,116.7375,323,117.06,109.6946,74.8253,335
5,211.8852,70134,116.075,296,116.81,110.3459,74.4499,331
6,211.9027,71835,115.0875,292,116.79,110.2307,74.6903,339
7,211.8932,71408,115.2125,280,116.32,110.029,74.3785,337
8,211.4474,70412,116.1625,294,117.01,110.3274,74.3647,333
9,214.5629,71664,116.5625,290,118.02,110.5365,74.6847,334
10,214.1265,71090,116.475,305,117.59,110.3643,75.2126,332
11,214.8289,72827,116.7375,297,118.47,110.1892,74.8651,339
12,217.4711,71548,114.9125,304,115.67,110.1608,74.9195,329
13,221.181,74538,115.5375,315,117.04,110.0551,75.1202,337
14,224.6054,74569,116.025,303,116.77,110.5198,74.7437,332
15,227.2118,77252,116.0375,322,117.2,109.9277,75.1507,340
16,233.4565,77741,116.3125,330,116.2,110.177,75.111,333
17,236.9398,78664,115.85,335,116.75,110.356,75.1741,332
18,238.0267,80215,116.0875,341,116.92,110.3614,74.7754,337
19,239.5897,78825,115.45,342,116.62,110.3842,75.3836,329
20,236.2818,77973,115.9375,317,117.03,110.3157,75.1068,330
21,234.7928,78186,116.4,345,117.26,110.6415,75.086,333
22,231.6228,77362,115.8875,336,116.72,110.3342,75.395,334
23,230.4214,77652,117.4625,349,116.98,110.2791,75.0494,337
24,229.0746,76740,115.4875,333,116.86,110.2869,75.2965,335
25,229.5364,75747,115.95,339,117.01,110.111,74.9966,330
26,229.5196,75971,115.725,328,116.58,110.1875,75.2928,331
27,229.4636,75723,115.325,323,116.14,110.0949,75.3113,330
28,230.1489,75719,116.225,324,117.64,110.4367,75.3973,329
29,230.7575,77073,116.575,344,117.73,110.3603,75.1432,334
30,230.5502,75851,116.0375,327,115.94,109.832,75.4533,329
31,227.0776,79023,116.4,326,116.6,110.2909,74.7833,348
32,230.5697,76088,115.3,343,117.46,110.667,75.185,330
33,230.1098,77547,115.725,329,116.08,110.25,75.044,337
34,233.2447,77204,116.55,328,117.11,110.7009,75.0611,331
35,233.0633,77377,116.8875,337,117.58,110.4956,75.3487,332
36,236.7764,78373,116.0375,339,116.4,110.6775,75.0463,331
37,237.8496,80631,116.1,339,117,110.5037,75.3162,339
38,241.3065,81079,116.4,356,116.9,110.6797,75.1796,336
39,243.7764,80690,116.5625,348,116.8,110.5349,75.1213,331
40,245.0274,80614,115.525,351,116.29,110.5377,75.4847,329
41,247.459,81414,115.9625,358,116.76,111.069,74.7497,329
42,248.6896,83311,116,361,117.28,111.0174,75.1945,335
43,250.7812,82507,116.2,373,117.49,110.9071,74.9913,329
44,252.206,84489,114.45,367,116.08,110.8457,75.0972,335
45,256.6145,85196,117.35,387,117.9,111.0777,75.4687,332
46,257.2628,85154,116.725,371,117.07,111.0492,75.2066,331
47,255,85170,116.525,380,117.2,111.1888,75.3544,334
48,255.5749,85362,116.3875,370,116.77,110.9005,75.0965,334
49,259.0967,85761,117.2125,382,117.05,111.083,75.552,331
50,258.5801,85590,116.3125,373,116.96,111.0488,75.4877,331
51,255.7946,84668,116.05,380,116.13,111.0039,75.4641,331
52,256.6737,84959,115.525,370,115.61,111.2238,75.2234,331
53,254.6474,83779,116.85,364,117.27,111.2607,75.57,329
54,251.3609,84960,117.2,371,117.81,111.654,75.3097,338
55,249.4939,82333,116.975,373,117.32,111.275,75.197,330
56,246.8912,81721,117.525,353,117.06,111.7847,75.1408,331
57,244.6737,80987,116.925,348,117.67,111.7164,75.1855,331
58,245.0509,81847,114.9625,365,115.68,111.7316,75.3352,334
59,244.2779,80856,115.8875,360,116.6,112.2319,75.1981,331
60,244.0091,80767,115.7375,340,116.01,111.7516,75.4185,331
61,240.9697,79520,116.2125,368,116.13,112.2198,75.4805,330
62,239.4174,79726,115.75,364,116.56,112.5425,75.2731,333
63,237.8588,80872,115.5125,367,115.59,112.0973,75.1433,340
64,238.6145,79220,115.4875,346,115.65,112.6066,74.9104,332
65,237.1884,78035,115.65,345,116.39,112.3711,74.9709,329
66,234.5347,77631,116.3625,336,117.4,112.6779,75.0788,331
67,231.5212,76402,115.825,343,116.14,112.7768,75.239,330
68,228.9435,76925,115.9125,335,116.18,112.8719,75.3018,336
69,225.9058,74323,116.375,312,116.87,112.6474,75.0561,329
70,225.6435,74688,116.425,344,117.08,112.5635,74.9488,331
71,223.4336,75744,114.4875,329,116,112.6722,74.8619,339
72,221.4353,75288,115.8125,301,116.59,112.5829,74.6028,340
73,220.8054,73749,116.125,309,116.18,112.9099,74.953,334
74,218.0621,77194,115.575,321,116.2,113.3069,74.2475,354
75,218.4103,71857,115.6,296,116.54,112.9645,74.9788,329
76,218.012,72380,115.7125,304,116.7,112.621,75.0225,332
77,216.1467,72193,115.7875,308,115.81,113.1312,74.3407,334
78,212.9881,71351,115.7375,297,116.54,113.1322,75.0884,335
79,213.1502,70979,116.9875,305,116.97,112.6501,74.8432,333
80,214.7952,71312,115.5625,293,116.64,113.1668,74.6684,332
81,215.994,72142,115.6,294,115.89,112.9617,74.6475,334
82,215.1522,72076,115.8,291,116.7,112.6434,74.1638,335
83,213.5663,70904,115.8,285,116.93,113.0946,74.5274,332
84,214.0122,70410,115.175,299,116.65,113.0303,74.5918,329
85,214.8478,71974,115.5375,302,116.58,112.8181,74.5747,335
86,217.465,71546,114.9375,298,115.78,112.7148,74.784,329
87,215.292,72984,115.85,316,116.12,112.4312,75.2046,339
88,215.0287,75045,115.1,294,115.45,112.6966,74.0548,349
89,216.9347,73107,116,297,116.8,112.9426,74.591,337
90,215.7515,71198,115.0625,299,116.15,112.7962,74.9286,330
91,213.5275,73667,114.9125,303,115.88,112.6955,75.1576,345
92,215.7477,70981,115.95,312,116.18,112.8043,75.1216,329
93,214.4681,70560,115.7125,301,116,112.7657,74.6443,329
94,213.3779,73402,115.425,290,116.45,112.83,74.4915,344
95,212.024,70816,115.1,294,116.47,112.8356,74.8687,334
96,212.1982,70662,115.0875,290,116.37,112.9601,74.8808,333
97,213.3528,73180,114.7,293,115.76,112.9716,74.5877,343
98,211.0089,71321,116.0625,306,116.94,112.8738,74.4556,338
99,211.9281,70784,115.425,290,116.36,113.3633,74.2765,334
100,211.5476,71080,116.0625,284,117.12,112.8564,75.1513,336
101,213.7804,72044,115.3,313,116,112.5897,74.8821,337
102,215.1212,70990,115.325,314,115.85,112.7724,75.2609,330
103,214.8078,71531,116.825,299,116.66,113.411,75.2775,333
104,214.9699,71370,116.3125,305,116.19,113.2307,75.0945,332
105,214.1947,72612,115.675,314,116.23,113.3061,75.1646,339
106,215.4718,72614,115.25,308,115.53,113.4758,74.9051,337
107,213.0925,73730,115.3375,313,116.45,113.3161,74.6996,346
108,213.8367,73346,114.575,297,115.92,113.5002,74.1471,343
109,214.244,71129,115.925,286,116.16,113.5611,74.1881,332
110,214.4194,73117,115.45,310,116.13,113.3497,74.6051,341
111,214.3567,73310,116.075,320,117.13,112.9511,74.7842,342
112,215.8852,71458,115.6875,294,116.55,113.1135,75.3168,331
113,218.0812,75238,116.1625,291,116.37,113.0379,74.9022,345
114,221.7313,74280,115.475,309,116.12,113.4856,74.6956,335
115,223.7341,74056,114.1,319,115.65,112.9781,74.9598,331
116,223.0781,74285,114.525,322,115.47,112.81,74.7952,333
117,225.2196,75899,115.375,321,115.8,112.781,74.7717,337
118,227.3394,75022,115.525,309,116.48,113.1685,74.7939,330
119,226.0974,78908,115.6125,321,116.52,113.2023,74.5957,349
120,226.2091,74649,115.2,333,116.12,113.2129,75.0578,330
121,226.4255,74494,116.3125,324,117.03,113.2024,75.1751,329
122,229.1027,75833,116.5125,353,116.37,113.2323,75.0732,331
123,230.2553,76675,117.2,319,117.18,113.5142,75.0036,333
124,230.1587,76873,116.425,323,116.04,113.3364,74.9665,334
125,231.8101,78120,115.025,331,116.16,113.4706,74.9526,337
126,229.8373,77685,114.3125,334,115.65,113.6146,75.2626,338
127,231.6325,76902,117.325,334,116.63,113.7783,75.4325,332
128,231.2961,76559,117.8125,331,117.25,113.4383,74.9119,331
129,233.4518,77506,116.8125,349,116.61,113.3391,75.0025,332
130,232.8116,80320,115.7375,339,116,113.341,74.8536,345
131,234.8765,77979,115.15,341,116.16,113.6422,74.7514,332
132,236.0333,77891,116.375,340,116.89,113.5849,75.3398,330
133,234.8182,77490,116.4875,326,115.49,113.0454,75.2871,330
134,236.1235,78393,116.1125,343,116.14,113.4744,75.4116,332
135,236.0239,79068,116.6,345,117.03,113.4977,75.2111,335
136,238.3769,78426,116.9125,353,116.86,113.3435,75.0779,329
137,238.3164,79836,115.9375,346,116,113.4609,75.2175,335
138,236.9738,81519,116.65,338,116.58,113.4035,74.9391,344
139,238.7598,79507,115.5,361,115.75,113.8883,74.8551,333
140,238.4985,78943,115.9,355,117.01,113.6724,75.1681,331
141,236.3114,78928,117.5625,343,117.54,113.3756,75.2395,334
142,234.6856,78385,115.575,352,115.7,112.8086,75.8101,334
143,229.5438,75979,116.825,318,116.98,106.0223,76.2629,331
144,230.997,77615,115.9125,331,115.83,100.8689,76.3594,336
145,231.0665,76483,114.5375,326,115.67,100.9519,76.4504,331
146,231.903,76528,115.6125,330,117.71,100.6561,76.5983,330
147,228.3825,75823,114.2125,333,117,99.9031,76.836,332
148,229.6386,76240,114.925,332,115.81,99.2479,76.2192,332
149,229.5512,76211,114.625,329,116.88,96.6298,76.3851,332
150,231.0423,76475,114.3875,332,117.34,94.2002,76.7735,331
151,229.4515,75719,114.1625,328,117.71,92.1906,76.8006,330
152,226.594,75909,113.325,326,117.66,90.8152,77.2607,335
153,225.9048,75904,113.275,320,115.79,89.8756,76.9877,336
154,223.9279,74568,114.2625,314,116.71,89.196,77.2896,333
155,224.3473,74932,113.4,320,116.99,88.8193,76.7857,334
156,223.0685,74951,113.3375,312,116.26,89.3351,76.9745,336
157,224.0781,74618,113.675,310,116.6,90.0849,76.9134,333
158,219.5559,72673,112.5875,298,117.78,91.7172,76.4426,331
159,220.0691,73283,112.65,298,117.19,94.6478,76.1164,333
160,220.2776,73793,113.85,296,117.22,96.6267,75.7903,335
161,219.2552,73889,113.4375,309,116.05,98.1686,75.9585,337
162,219.7583,72740,113.7375,315,116.1,99.2217,75.4252,331
163,220.4096,73176,113.675,305,117.03,99.4221,75.8404,332
164,219.7033,74040,113.2875,317,117.52,99.8592,75.592,337
165,220.3474,72935,113.3875,312,116.3,100.008,75.4493,331
166,219.5317,72665,114.5625,301,115.85,100.4562,75.6158,331
167,216.7685,73051,114.2625,306,116.61,100.796,75.5359,337
168,216.5778,72337,114.325,303,116.8,101.2222,75.7744,334
169,216.7199,71951,113.2,295,116.73,100.8185,75.8458,332
170,217.391,72826,114.8875,295,116.23,100.9386,75.4296,335
171,214.5731,71882,114.5375,289,116.61,101.1677,75.7666,335
172,214.9726,70726,114.1125,291,117.15,101.5994,76.0512,329
173,211.625,72799,115.1625,279,116.88,101.9345,75.3049,344
174,212.955,70914,114.7875,316,115.7,101.87,75.6814,333
175,212.9063,70472,114.675,282,115.09,102.6829,75.1902,331
176,212.8947,72810,114.675,302,116.22,103.4479,75.7072,342
177,211.982,70802,114.4,288,116.35,102.6937,75.5293,334
178,213.0898,71172,115.075,285,115.78,102.9041,75.6102,334
179,213.1867,70778,113.55,291,116.42,103.2115,75.3906,332
180,209.2232,72182,113.95,278,115.68,103.1704,75.336,345
181,207.9912,70509,114.575,292,115.04,102.6256,75.4644,339
182,208.042,69278,113.5375,282,116,103.3278,75.3388,333
183,206.178,69482,114.6875,272,115.63,103.5869,75.2373,337
184,206.6988,68624,114.55,278,116.65,103.5119,75.1629,332
185,205.3123,68369,115.25,284,116.77,103.1391,76.2775,333
186,205.0422,68074,114.6,273,116.48,103.258,75.6603,332
187,205.5965,71342,114.7,275,116.86,103.86,74.8329,347
188,202.9075,70206,113.775,275,116.01,103.6451,75.4323,346
189,205.8822,68147,115.35,297,116.9,103.8747,75.629,331
190,204.1361,68998,114.1375,279,115.12,103.5147,75.276,338
191,205.297,67748,114.8125,275,116.63,103.6988,75.4981,330
192,204.7758,69419,114.8375,283,115.47,103.3692,75.4085,339
193,204.5843,67922,114.3375,278,115.57,103.4301,76.139,332
194,205.9884,71066,116.5625,301,117.27,103.6059,75.0166,345
195,205.454,69238,113.325,283,116.03,103.4643,75.5624,337
196,204.5301,71381,114.575,274,116.56,103.3988,75.7023,349
197,203.8669,68907,114.65,279,116.59,103.5635,75.6481,338
198,201.2332,69023,116.0875,275,115.95,104.1507,75.1215,343
199,202.693,66686,114.025,273,116.23,104.0531,75.3208,329
200,200.7177,66839,113.4375,278,115.46,103.7011,75.6719,333
201,202.6928,67294,114.0875,271,116.42,103.6174,75.2871,332
202,202.0445,68089,114.775,277,117.19,104.1772,75.2191,337
203,201.454,67890,113.325,289,116.55,103.9537,75.2135,337
204,201.8012,66998,114.55,285,115.69,103.707,75.4716,332
205,202.7605,67722,113.9625,279,116.37,103.4113,75.7846,334
206,202.8373,67342,113.375,259,116.41,104.1244,75.0343,332
207,200.5588,68190,114.5125,255,116.1,101.2861,75.6474,340
208,201.4048,66665,114.425,267,116.14,97.3537,76.1388,331
209,204.0651,68974,113.825,266,116.64,94.0602,76.092,338
210,206.1506,68442,112.975,272,116.86,93.3611,75.9074,332
211,203.4955,68578,112.525,272,116.36,93.0124,76.1249,337
212,206.1361,69674,114.05,268,116.57,93.0798,76.1888,338
213,209.2402,69677,114.55,282,116.2,92.2346,76.2643,333
214,207.6757,69156,113.9375,275,116.56,92.3333,76.4807,333
215,206.3045,69112,114,271,116.34,92.3984,76.2074,335
216,206.8278,68460,113.75,277,115.74,92.1972,77.0214,331
217,206.3483,68714,114.2625,284,115.73,92.2689,76.2397,333
218,208.1163,71592,113.2,296,115.24,91.7946,76.3648,344
219,208.7909,68901,113.2125,293,116.49,91.8121,76.3153,330
220,206.8576,69711,113.2375,264,115.45,92.1073,76.3142,337
221,207.7946,69819,114.225,273,116.59,91.9607,76.1565,336
222,208.8353,69751,112.9625,302,117.63,92.1803,76.5035,334
223,207.1265,68766,113.925,286,117.85,92.0748,76.3791,332
224,206.6893,69861,113.2875,280,116.12,92.0921,76.6173,338
225,207.3353,69250,114.925,292,117.27,91.9146,76.7938,334
226,206.921,68077,113.125,278,116.14,92.0256,76.7074,329
227,206.7345,70083,113.175,283,116.86,91.8474,77.2715,339
228,204.4681,67270,113.8125,290,116.01,91.4824,76.645,329
229,202.658,70525,114.575,276,115.92,92.0642,76.4038,348
230,205.2973,68364,113.625,278,116.9,92.1967,75.7871,333
231,203.9971,69971,112.7875,278,116.75,92.5289,76.5582,343
232,203.988,67928,113.3,272,115.94,92.2064,76.3628,333
233,204.5928,68334,112.975,278,116.74,92.1639,76.3154,334
234,205.6627,69514,113.175,295,116.15,91.8352,76.7948,338
235,205.5623,67630,113.9125,279,116.34,91.6374,76.7142,329
236,204.8687,68631,113.6875,299,116.3,92.0141,76.4905,335
237,203.991,68337,113.1875,287,116.76,92.2283,76.1213,335
238,204.2047,68817,114.6875,296,117.22,91.4237,76.311,337
239,204.2819,68843,113.9375,281,116.62,91.6018,75.821,337
240,203.358,68735,112.9625,273,116.02,91.9388,76.0754,338
241,201.926,68251,113.35,291,117.52,91.8137,76.7374,338
242,202.8622,69176,114.225,275,115.99,92.4273,76.594,341
243,201.8042,66999,113.7375,267,115.59,91.6862,76.3215,332
244,201.5753,66923,113.1375,281,115.49,91.9969,76.3342,332
245,202.4059,68818,113.1,275,116.2,91.922,76.1781,340
246,203.7194,68246,113.275,277,116.44,91.7738,76.7813,335
247,205.0331,68071,115.175,264,116.85,92.0269,76.7061,332
248,201.5665,69742,114.2375,266,116.05,91.9517,76.5204,346
249,203.7062,68649,115.0375,282,116.55,92.338,76.4788,337
250,206.1212,68020,113.2,273,116.06,92.0052,76.713,330
251,207.2644,68190,114.1,280,115.26,91.9254,76.5039,329
252,208.4491,69622,113.725,278,116.68,91.5114,76.4099,334
253,207.8919,69228,113.6,288,116.06,91.8561,76.3345,333
254,209.1534,70903,114.4125,273,117.47,91.6921,77.009,339
255,210.3152,69404,115.0375,287,115.2,91.4852,76.4147,330
256,208.6964,70122,113.6875,271,116.71,91.5273,76.4396,336
257,209.5337,71451,113.0625,289,116.65,91.6057,76.4483,341
258,210.0147,71405,113.05,299,115.57,91.642,76.4136,340
259,212.5473,71841,113.525,293,115.65,91.3669,76.62,338
260,214.5152,70790,113.3125,298,115.4,91.5531,76.413,330
261,213.8667,70576,112.5375,295,116.29,91.3421,77.0026,330
262,215.3284,72781,112.925,311,116.33,92.0202,76.5522,338
263,216.0151,71717,113.875,302,116.1,91.1647,76.5001,332
264,214.6851,73637,114.525,298,115.63,91.6087,76.0976,343
265,217.2703,72351,114.625,291,115.84,91.6307,76.5013,333
266,215.5623,70920,113.2875,301,116.13,91.392,76.6739,329
267,213.0689,71165,113.7,300,115.86,91.6533,76.3695,334
268,211.4743,69998,112.7375,309,116.32,91.7026,76.3308,331
269,209.7318,71938,114.225,289,116.42,91.8146,76.3861,343
270,208.944,70832,113.8625,292,116.02,91.3798,76.8616,339
271,208.4471,68996,113.3,294,116.68,91.6398,76.9384,331
272,208.4595,69417,113.525,278,115.97,92.039,76.6987,333
273,203.6158,69433,113.9875,307,116.34,91.7804,76.7625,341
274,203.3971,70172,112.8875,288,116.58,91.8447,76.8024,345
275,203.7667,67243,113.7,271,115.61,91.5801,76.6367,330
276,202.2883,67362,112.85,270,115.66,91.2706,76.8561,333
277,201.3599,68261,112.825,279,116.44,91.4279,77.165,339
278,201.1294,68384,112.95,268,116.03,92.0669,76.3478,340
279,199.4723,68419,112.6125,258,115.65,91.5585,76.2852,343
280,201.6596,66346,113.1875,260,116.39,91.703,76.517,329
281,200.5608,67589,113,263,116.27,92.2904,76.5593,337
282,199.7812,65728,114.3,262,115.81,91.2928,76.2501,329
283,198.8149,66603,113.6875,258,116.21,92.0419,76.4788,335
284,197.0731,67399,113.05,270,116.6,92.2239,76.5906,342
285,198.5576,65524,113.4875,262,115.07,91.5915,76.2622,330
286,197.4524,68516,113.55,276,116.13,91.4979,76.4541,347
287,198.6061,65540,114.7125,249,115.58,91.9623,76.1425,330
288,197.4524,68516,114.1125,263,115.87,91.2135,76.6656,347
289,197.0657,66017,113.7,255,116.65,91.6035,77.0827,335
290,196.6213,66458,114.325,258,116.9,91.2062,76.9156,338
291,198.2657,66419,111.875,272,115.34,91.6742,76.2396,335
292,197.2768,66285,113.4,259,117.46,91.1877,76.0495,336
293,196.6006,68417,113.15,261,115.58,91.6586,76.7238,348
294,196.488,65627,112.9125,285,116.18,91.1644,76.2341,334
295,197.9501,67501,112.85,282,115.02,91.5786,75.7345,341
296,197.0256,69156,111.875,256,115.07,91.8546,76.1012,351
297,198.1299,65581,113.4875,256,116.12,91.4949,76.3032,331
298,198.4882,67089,113.125,269,115.11,91.7995,75.9676,338
299,198.2766,65233,113.4125,274,116.15,91.5539,75.739,329
300,194.3583,69969,113.775,255,115.66,92.0128,75.7816,360
301,197.2219,68436,113.85,262,117.18,91.7634,75.6302,347
302,196.046,68224,113.125,271,116.04,92.6052,76.3456,348
303,196.4971,68774,114.6125,277,117.45,92.0615,76.4157,350
304,198.5087,68287,114.225,263,115.63,91.777,75.5816,344
305,203.9132,68107,113.7875,280,116.8,91.596,76.0746,334
306,206.8404,68671,113.2875,273,115.89,91.3874,76.3584,332
307,212.9497,71977,113.775,290,116.17,91.8083,76.4747,338
308,216.5559,71680,114,300,116.76,91.4475,76.307,331
309,219,73146,112.525,307,115.9,91.091,76.7618,334
310,220.8424,72878,113.6125,299,115.66,91.455,76.7877,330
311,224.9558,76260,114.2625,306,116.54,91.1918,76.5733,339
312,228.9364,75549,112.6125,334,115.66,90.9824,76.6978,330
313,232.372,78077,114.1625,322,116.29,91.2444,76.4502,336
314,234.5559,77638,113.2625,325,115.81,91.2909,76.674,331
315,236.985,79153,114,332,117.02,91.1563,76.6037,334
316,240.9576,79516,113.2,342,116.8,91.2568,76.8836,330
317,238.5224,79905,113.575,332,116.28,91.1817,76.6939,335
318,240.2202,80714,113.5,347,116.85,91.246,76.7682,336
319,240.0302,79450,113.8625,355,116.76,91.1307,76.9542,331
320,241.8182,79800,113.125,333,115.73,91.2059,76.8844,330
321,244.5273,80694,113.5,347,116.54,91.4504,76.7764,330
322,243.5449,81344,112.9375,364,116.9,91.2056,77.0862,334
323,244.8979,81551,113.6375,363,116.16,90.9978,76.9044,333
324,246.2349,81750,112.525,354,117.09,91.3673,76.8802,332
325,244.0991,81285,112.925,342,115.12,91.2965,77.1022,333
326,243.9792,81977,113.9625,337,116.86,91.2697,76.7894,336
327,244.5195,81425,113.65,354,116.34,91.0751,77.0873,333
328,243.6273,80397,114.8625,346,117.1,91.2155,76.697,330
329,245.4018,81228,112.9375,342,115.71,91.2142,77.1922,331
330,247.8973,82054,113.5625,377,115.62,91.5181,77.3156,331
331,244.5417,82166,114.7875,362,115.67,91.3057,77.0561,336
332,244.2924,83548,113.9625,369,117.12,91.6867,77.3171,342
333,248.2169,82408,113.725,368,116.59,91.2318,76.7217,332
334,246.071,83172,113.5,359,115.93,91.5262,76.8561,338
335,246.9215,81731,114.2375,369,115.83,91.6876,77.0632,331
336,244.1441,81300,114.0375,332,117.02,91.8103,77.1793,333
337,243.858,80717,114.075,372,115.58,91.1978,76.7156,331
338,243.7922,80939,112.925,347,116.31,91.4158,76.9649,332
339,245.8333,81125,113.5875,375,116.51,91.6872,77.0056,330
340,243.1121,80227,114.775,343,114.95,91.6226,77.4484,330
341,241.1303,79573,113.1,340,115.65,91.8052,77.1543,330
342,240.048,79936,113.8625,357,114.77,91.6625,77.1465,333
343,237.5592,80295,113.8125,348,116.28,91.5603,76.9546,338
344,235.3353,79308,112.6625,354,115.45,91.9939,77.1911,337
345,237.9757,78294,113.925,327,117.24,91.9981,76.7978,329
346,238.5506,80153,114.1375,376,117.09,91.6,77.431,336
347,242.2553,80671,112.975,371,115.21,92.223,76.9516,333
348,240.9284,80711,113.225,347,115.81,91.7635,77.1387,335
349,239.3485,78985,114.1625,347,115.5,92.0517,77.1664,330
350,237.6467,79374,113.575,358,116.91,91.965,77.1339,334
351,236.8207,77914,113.6875,353,115.44,91.8643,77.0048,329
352,234.5512,77871,113.7625,324,116.1,91.4328,76.7511,332
353,234.5015,79027,113.1625,331,116.64,91.5226,76.5864,337
354,232.6078,77691,112.8375,327,116.36,91.5032,76.577,334
355,234.772,77240,112.575,322,115.71,91.3302,76.6653,329
356,235.1476,78069,113.325,340,116.52,91.5369,76.8152,332
357,237.6556,78664,113.4875,341,117.35,91.7339,76.8364,331
358,236.3253,78460,113.875,351,116.16,91.4833,77.0424,332
359,236.5826,78782,115.9625,331,117.04,91.8487,76.8267,333
360,236.4264,78730,113.6,349,115.31,91.6562,76.8884,333
361,237.231,78049,112.1375,345,115.76,91.9254,76.9378,329
362,235.2883,78351,114.0375,338,116.15,91.89,77.2536,333
363,239.7861,79609,113.075,332,116.13,91.2213,76.6231,332
364,239.403,80200,114.1625,359,116.34,91.6778,76.8173,335
365,239.0821,78658,114.125,360,115.38,91.6797,76.9373,329
366,236.7699,80265,112.6625,336,115.9,91.8822,76.891,339
367,237.3483,79037,113.625,337,116.62,92.0619,76.8118,333
368,235.6499,79414,114.2125,356,116.15,92.2238,76.9739,337
369,236.3735,78476,112.7625,328,116.51,91.6766,76.746,332
370,237.2695,79248,113.4125,339,116.27,91.6421,76.8127,334
371,234.8929,78924,114.5375,348,115.89,91.3325,77.033,336
372,235.3464,78135,113.7875,337,115.59,91.3354,76.6977,332
373,231.979,77249,112.35,334,115.5,91.0862,77.2289,333
374,233.8554,77640,113.4125,330,115.73,91.2959,76.6233,332
375,233.5633,77543,114.425,365,115.38,91.3793,77.2054,332
376,230.045,76605,114.225,305,117.13,91.6902,77.3099,333
377,231.4578,76844,111.975,315,115.63,91.2939,76.9731,332
378,228.5898,76349,113.3375,344,116.8,91.4883,77.0968,334
379,229.5408,75978,114.0875,327,116.01,91.4981,76.648,331
380,229.4226,77086,112.7625,340,115.9,91.2626,76.9319,336
381,230.5766,76782,113.2125,321,115.97,91.1787,76.8968,333
382,229.625,77154,112.9875,351,116.13,91.286,76.8116,336
383,230.8127,76399,113.075,330,116.08,91.4306,77.0555,331
384,228.8473,76435,111.75,326,114.24,91.5675,77.2554,334
385,227.1733,74740,113.9625,329,116.38,91.1556,76.8039,329
386,227.0906,75167,113.25,335,116.94,91.3287,77.1993,331
387,223.426,75518,113.8125,313,115.78,91.4472,77.0691,338
388,223.3647,73487,113.975,313,115.34,91.4343,77.1677,329
389,220.2714,74672,114.3875,316,115.77,91.593,76.767,339
390,217.494,72208,112.225,296,115.96,91.4086,77.039,332
391,219.7303,72511,114.075,296,116.61,91.1964,76.8427,330
392,219.2128,72121,113.975,304,115.47,91.4401,76.7192,329
393,216.4127,71849,112.85,298,115.13,91.8681,77.0422,332
394,216.8303,71554,112,291,115.82,91.4683,76.6386,330
395,215.8464,71661,113.4875,277,115.44,91.4597,76.503,332
396,214.497,72500,113.2875,294,115.41,92.1675,76.3786,338
397,215.4084,71731,113.0375,304,115.09,92.0569,76.7526,333
398,215.8791,73183,113.525,302,116.24,91.863,76.5241,339
399,218.9819,72702,114.2,311,116.73,91.76,76.8998,332
400,220.4384,73406,112.775,317,117.22,92.0382,76.7031,333
401,220.4214,74282,112.725,328,114.81,91.8919,76.9205,337
402,221.2758,73021,112.2,309,116.2,91.059,76.4974,330
403,221.454,74630,112.7625,316,114.89,91.4309,76.8278,337
404,222.6916,74379,112.2125,301,115.74,91.9472,76.7039,334
405,222.9789,73806,112.525,304,116.3,92.0738,77.0946,331
406,218.1901,74621,112.875,296,115.04,92.1306,76.9547,342
407,220.3015,73801,113.45,309,115.65,91.8748,77.1626,335
408,223.1749,76549,114.4875,319,116.38,92.0921,76.5343,343
409,222.2628,73569,112.3625,311,115.6,91.9106,76.7364,331
410,225.3153,75030,112.8375,313,116.38,91.8491,76.8973,333
411,225.0483,74491,114,344,115.46,91.8043,76.9709,331
412,224.2066,74885,114.1125,347,114.37,91.3492,77.1156,334
413,223.8214,75204,113.6375,312,116.16,92.0139,77.1126,336
414,224.8693,73982,113.575,326,115.49,91.5819,77.0705,329
415,224.5414,75895,114.0125,313,114.93,91.245,76.2983,338
416,224.6727,74142,112.2,328,115.76,91.4529,76.9118,330
417,224.0631,74613,112.6,340,116.02,91.4703,77.1303,333
418,221.9139,74785,113.3625,304,115.74,91.8812,77.0086,337
419,221.0936,75614,114.5125,305,115.53,91.8594,76.5469,342
420,224.262,74455,112.75,323,114.68,91.486,76.7618,332
421,223.1059,75856,113.8875,320,115.06,91.6407,76.7014,340
422,223.8545,73872,112.6125,310,115.22,91.2255,76.4312,330
423,223.4833,73526,113.3625,329,115.43,91.6535,76.8567,329
424,221.5015,73760,112.3875,325,114.79,91.6889,76.5272,333
425,219.6078,73349,112.825,309,115.62,91.2011,76.6353,334
426,218.9189,72900,112.95,306,115.06,91.651,76.8764,333
427,217.9036,72344,112.7125,304,115.62,91.1097,76.8346,332
428,223.4247,74177,113.525,319,116.67,91.6041,76.6056,332
429,223.7201,76736,113,311,116.16,91.1563,77.0638,343
430,226.3964,76522,114.675,331,115.51,91.172,77.1686,338
431,227.0087,78318,112.7875,329,115.52,91.13,76.8587,345
432,231.8131,78121,112.9375,350,115.32,91.1755,76.8872,337
433,230.3095,77384,111.5125,336,115.57,91.4411,76.7631,336
434,233.6163,77327,112,342,116.28,91.3681,77.0525,331
435,236.2303,77956,113.6375,336,115.84,91.254,77.3347,330
436,237.5861,78641,113.3625,342,115.79,91.6046,77.067,331
437,235.8653,78779,114.5,335,115.5,91.1858,76.8835,334
438,235.403,78860,112.45,338,114.66,91.4057,77.1634,335
439,235.1145,78058,114.3125,330,115.09,92.0191,77.0594,332
440,231.0755,76486,114.3875,329,116.67,91.7509,77.0506,331
441,227.2478,77037,114.425,312,115.45,92.0707,77.2105,339
442,227.861,75422,113.725,327,115.53,91.3958,77.3941,331
443,225.0689,75173,113.675,320,115.76,91.4462,77.2378,334
444,223.7262,75172,114.25,315,115.03,91.6001,77.3087,336
445,222.2994,74248,113.2,355,115.27,91.6709,77.1197,334
446,220.0811,73287,113.675,313,115.35,91.6002,77.1171,333
447,222.1763,73096,113.4875,314,115.73,91.5633,77.0992,329
448,218.8955,73330,113.2875,307,115.63,91.5539,76.7122,335
449,220.1622,73314,113.7875,328,115.59,91.7524,77.3401,333
450,217.3423,72375,113.6125,309,114.98,91.8118,76.9545,333
451,218.1976,71787,112.275,317,115.02,92.1148,77.1417,329
452,218.4554,73401,114.6375,304,115.68,92.2943,76.7818,336
453,217.4834,71987,113.2125,305,116.14,91.9787,76.7817,331
454,215.787,72936,113.7625,293,116.53,92.0173,77.0875,338
455,215.3258,76656,113.55,285,115.88,92.2044,76.5063,356
456,216.3994,72061,113.3375,309,116.14,92.1932,77.1947,333
457,217.9102,72782,113.2625,305,116.77,91.4822,76.6137,334
458,215.9848,71059,112.7625,283,115.72,91.8267,77.2516,329
459,214.8225,72610,113.2375,287,115.84,91.8037,76.9328,338
460,215.6775,72899,112.0125,304,115.74,91.3967,76.7005,338
461,214.0754,73856,113.3875,291,116.32,91.1861,76.6628,345
462,215.2102,71665,111.8375,301,115.43,91.6233,76.6258,333
463,214.6325,71258,113.375,286,114.15,91.2068,76.3515,332
464,213.8105,73337,112.95,297,115.4,91.3135,76.6553,343
465,213.3672,71478,113.025,281,115.15,91.8212,77.0447,335
466,214.5542,71232,115.0125,302,115.43,91.927,76.5796,332
467,215.7605,72064,114,291,116.58,91.751,76.6024,334
468,216.4414,72075,112.9625,301,115.74,91.3162,76.8286,333
469,215.0721,71619,112.975,300,115.75,91.6019,76.7821,333
470,218.1886,72875,113.8875,295,116.28,91.5738,76.8372,334
471,214.4711,70561,113.0125,285,115.21,91.5019,77.0315,329
472,215.1081,71631,112.55,296,116.3,91.76,75.8815,333
473,214.8503,71760,112.2875,296,115.84,90.8971,77.8115,334
474,213.213,72066,114.2375,297,116.25,91.9231,76.3371,338
475,212.3897,70301,113.45,302,115.82,91.3123,76.9623,331
476,214.4222,71617,112.9625,275,116.81,91.0999,77.3466,334
477,215.4169,71303,113.6125,300,116.5,91.1882,76.3442,331
478,216.2606,71366,111.925,282,115.08,91.4025,76.6695,330
479,216.3864,73355,112.7625,291,116.3,91.1587,76.7093,339
480,217.8338,72103,113.8,288,115.54,91.3025,76.5401,331
481,220.7108,73276,112.725,295,115.3,91.5486,76.4385,332
482,221.4474,73742,113.4125,303,114.66,90.9039,76.9502,333
483,221.7629,72960,112.3,306,115.14,91.608,76.1523,329
484,223.8667,73876,113.2,292,114.76,91.1537,76.831,330
485,224.9606,74237,113.325,310,116.04,91.2949,76.4362,330
486,221.861,73436,112.45,301,115.45,90.8913,76.7185,331
487,222.8614,73990,112.5,309,115.67,91.43,76.8901,332
488,223.2305,74559,113.375,304,114.89,91.5946,76.8361,334
489,222.6746,74596,112.175,306,116.02,91.3681,76.7798,335
490,226.9424,74891,113.7,342,116.52,91.6861,76.5123,330
491,226.1592,75311,112.775,308,115.41,91.5516,76.5605,333
492,226.8627,75999,113.375,323,116.62,92.2453,76.8572,335
493,227.6909,75138,112.8875,341,115.89,92.0691,77.1053,330
494,228.7903,75272,112.9125,307,116.02,92.0478,76.5685,329
495,227.015,75596,112.4375,320,115.18,91.6522,77.0722,333
496,226.5485,74761,114.875,320,116.06,92.0182,76.7885,330
497,226.1793,74413,113.85,333,115.16,91.8197,76.7569,329
498,224.8102,74637,112.85,316,116.16,91.4858,77.1808,332
499,222.012,73708,113.425,310,114.7,91.8704,76.7548,332
500,221.6182,73134,112.225,328,114.63,91.9415,76.7984,330
501,217.8363,73193,114.0375,301,116.87,91.4262,76.658,336
502,218.2042,72662,112.2625,288,116.52,91.406,76.7789,333
503,215.8293,72087,113.95,285,115.62,91.9886,77.1871,334
504,212.9589,72619,113.725,312,115.71,91.4172,76.4025,341
505,214.3054,71578,112.9625,309,115.86,92.2366,76.8163,334
506,212.4505,70746,113.3375,287,115.12,92.171,76.5731,333
507,210.0512,69737,112.5375,284,114.51,92.259,76.9614,332
508,208.1433,71185,113.5875,282,115.61,92.7316,76.5634,342
509,207.2289,68800,112.6,289,115.61,92.5017,77.0913,332
510,209.0152,68766,114.125,296,115.13,92.719,76.8495,329
511,206.6168,69010,113.3,271,115.77,92.7357,76.4743,334
512,207.2566,70260,112.2625,288,115.02,92.7925,76.8622,339
513,204.5,70348,113.5125,276,116.44,92.0775,76.7846,344
514,204.2982,67827,112.875,270,115.26,91.8687,76.1614,332
515,203.6479,68833,112.45,276,115.93,91.8282,76.9218,338
516,204.1603,70027,111.45,266,115.7,91.9825,76.3021,343
517,203.4723,69791,112.2625,272,114.63,91.5317,76.2756,343
518,203.6877,67828,112.75,262,115.17,91.7155,76.5103,333
519,205.1217,69126,112.925,279,115.9,91.372,76.4903,337
520,203.3188,70145,111.6125,272,115.03,91.8702,76.5651,345
521,203.8223,67669,112.625,262,115.51,92.1075,76.7561,332
522,202.7404,68729,113.525,267,115.52,91.5721,76.5815,339
523,203.3982,67935,112.2375,284,116.27,92.2506,76.6533,334
524,203.8943,67489,114.275,261,115.99,91.8388,76.2954,331
525,202.1834,68338,113.825,269,116.57,91.7452,76.5416,338
526,203.8394,67267,112.975,271,114.61,91.7641,76.947,330
527,202.8739,67557,112.7875,278,115.48,91.8439,76.5083,333
528,202.2462,67348,112.875,263,115.15,91.757,76.6707,333
529,202.713,69936,113.775,288,115.74,92.0284,76.3459,345
530,203.2649,68297,113.45,264,115.75,91.5165,76.9555,336
531,205.3464,68175,113.1,275,116.55,91.6842,77.0124,332
532,203.9307,67705,113.375,284,115.37,91.8448,76.5117,332
533,203.9556,68937,113.5625,277,115.85,91.9964,76.4601,338
534,204.454,68901,112.425,283,116.13,91.898,76.5502,337
535,206.2266,68261,113.7125,296,115.3,91.4339,76.6383,331
536,207.6456,69146,113.7,279,115.81,91.7252,77.07,333
537,209.1114,71307,113.6375,283,115.02,91.9916,76.9741,341
538,210.0402,73094,112.175,288,114.84,92.0896,76.4897,348
539,209.5167,68931,112.4375,309,115.35,91.7628,77.2075,329
540,211,70052,113.1125,288,114.92,92.5923,76.9419,332
541,211.4333,69773,112.6125,299,114.38,91.9828,76.5905,330
542,209.1489,68810,112.8125,309,115.8,92.0084,76.7872,329
543,208.0776,72411,112.275,288,113.66,92.5099,76.8846,348
544,210.6328,70562,113,325,114.89,92.5435,77.2116,335
545,210.3994,71115,113.025,304,116.5,92.9568,76.3995,338
546,209.2888,68856,113.5875,285,115.5,92.8441,76.9017,329
547,208.1971,70787,112.375,279,115.16,92.8041,76.717,340
548,209.6716,70869,112.45,290,115.45,92.9736,77.0962,338
549,207.9343,69658,114.3125,287,115.47,92.7858,76.5764,335
550,207.3463,69461,113.1125,279,114.57,93.2841,77.3092,335
551,207.7418,70009,115.1,288,114.63,93.167,77.4242,337
552,208.3599,70634,114.175,293,114.78,93.2272,76.5012,339
553,210.9164,70657,112.325,286,114.62,93.0483,77.0296,335
554,213.386,70204,114,294,116.17,93.6225,76.9476,329
555,214.852,71116,113.1625,296,114.69,93.4824,76.9188,331
556,214.0531,72564,114.9,315,115.92,94.0052,76.8987,339
557,215.2085,71234,113.6125,316,115.04,93.595,76.675,331
558,214.7674,71088,112.825,305,115.11,93.0829,77.2591,331
559,216.4401,72291,114.2125,308,115.44,93.6029,76.5189,334
560,216.738,71957,113.2875,318,114.29,93.2991,77.4637,332
561,219.476,73305,113.775,321,114.91,92.9704,77.1326,334
562,217.8283,72319,113.6625,299,114.89,93.4713,77.3603,332
563,217.4307,72187,114.7,298,114.56,93.6668,77.2328,332
564,216.6314,71705,113.2,298,115.42,93.0548,77.1626,331
565,217.009,72047,112.0125,330,114.25,93.5542,76.9449,332
566,216.4833,71223,111.975,303,116.06,93.4495,77.0807,329
567,215.994,71494,113.275,299,116.09,93.406,77.2939,331
568,217.4256,73055,112.4875,311,115.28,93.4556,77.0743,336
569,215.2066,71879,113.375,286,115.36,93.5226,76.7851,334
570,215.6287,72020,112.4375,299,115.43,93.6473,76.8618,334
571,215.5313,72203,112.4875,299,115.03,93.9616,76.9943,335
572,213.7463,72460,112.9875,305,114.85,93.3035,77.2008,339
573,215.4332,72601,113.025,288,114.86,93.5944,76.8807,337
574,216.8234,72419,112.6125,305,115.58,93.6537,77.0647,334
575,217.136,71872,112.575,296,114.38,93.7562,77.0402,331
576,219.5727,72459,112.9875,307,115.19,93.967,76.8831,330
577,219.1687,72764,113.1875,301,114.55,93.9102,76.7775,332
578,220.0119,73924,112.65,304,115.24,93.7343,76.847,336
579,216.9614,73116,113.125,316,116.13,93.2553,76.902,337
580,217.0469,74013,112.7,304,114.52,93.8383,77.0162,341
581,215.6118,73308,114.3,298,116.18,94.1172,76.5769,340
582,212.5237,71833,113.525,299,116.06,93.2511,76.8329,338
583,211.5565,72987,113.0125,296,115.42,93.7364,76.6997,345
584,210.7172,72276,113.175,273,115.28,93.6398,76.023,343
585,210.6084,69922,113,288,115.98,93.7959,76.5238,332
586,210.0029,71611,112.15,300,114.73,93.811,76.7716,341
587,209.3647,71184,113.1,275,114.83,93.9368,76.2766,340
588,210.2669,71701,113,286,115.6,94.0488,76.4447,341
589,209.7994,72171,113.5,285,114.63,93.3342,76.9176,344
590,213.3462,72111,112.1,292,114.88,93.5744,77.0749,338
591,210.7988,71250,112.7125,294,115.35,93.9985,76.5533,338
592,210.9669,70041,112.45,270,115.56,93.5319,76.8894,332
593,210.128,70603,112.925,276,114.56,93.6248,76.3753,336
594,208.465,68585,112.0875,296,114.4,93.4827,76.7919,329
595,208.4079,68983,113.425,279,115.48,93.7282,76.3936,331
596,207.2412,70462,112.275,307,114.42,93.5868,76.4686,340
597,205.6985,68909,113.3,275,115.11,93.8945,76.6119,335
598,206.1697,68036,112.425,276,115.95,94.1092,76.8601,330
599,207.0358,69357,112.9375,277,115.66,93.9291,76.7473,335
600,206.7071,69867,112.8375,303,115.79,94.0865,76.9669,338
601,207.5988,68300,113.0625,287,115.63,94.3004,77.1194,329
602,204.0178,68754,113.7875,285,115.48,93.8394,76.6131,337
603,206.6716,70475,112.575,267,114.73,94.1469,76.8795,341
604,208.1339,69933,112.45,274,115.7,94.4161,76.9381,336
605,208.403,69815,114.2,294,115.63,94.2139,77.0259,335
606,208.2367,70384,112.95,288,115.29,94.3552,76.5923,338
607,208.0121,68644,112.875,282,114.88,95.1194,76.6219,330
608,206.9412,70360,112.975,288,116.3,94.2236,76.5203,340
609,204.0841,67960,111.3875,271,114.24,94.3275,76.856,333
610,203.8912,69323,112.3125,277,115.28,94.5629,76.5962,340
611,202.9408,68594,111.9375,279,115.26,94.2827,76.7374,338
612,202.0655,70925,113.25,262,115.03,94.3857,76.3288,351
613,202.0147,68685,112.0375,273,114.49,94.0402,76.7051,340
614,203.1125,66824,114.4875,288,114.4,93.8928,76.6248,329
615,200.6138,67005,112.2875,268,115.07,94.5692,77.1443,334
616,200.5586,66786,114.225,269,114.17,93.8389,76.4433,333
617,199.8527,70548,114.2875,263,114.37,93.8275,76.494,353
618,198.5238,66704,111.2,261,114.48,93.6325,76.3715,336
619,197.5249,67356,113.1125,263,114.55,94.2223,76.5619,341
620,198.8614,66022,113.225,266,114.18,93.7013,76.8433,332
621,197.0444,66601,112.925,263,113.96,94.3137,76.7257,338
622,196.3485,64795,113.9,280,115.69,94.0102,76.8118,330
623,194.8829,68209,112.7,250,114.4,94.2177,75.9447,350
624,195.3353,64656,112.4625,250,113.55,94.3891,76.0954,331
625,193.9224,67485,112.2625,251,115.31,94.2081,76.2073,348
626,193.1548,64900,113.675,249,115.12,93.9606,76.9288,336
627,195.0302,64555,112.65,252,115.41,94.3632,76.403,331
628,191.5175,65499,112.3375,267,115.03,94.3111,76.5796,342
629,192.8705,64033,112.6,241,113.98,93.6785,75.9693,332
630,191.7221,66911,112.85,259,114.75,93.2812,76.0125,349
631,192.0925,64351,113.95,252,115.82,93.9474,75.8781,335
632,191.0441,64955,112.45,254,115.66,94.0486,76.7327,340
633,190.6486,66727,113.0875,240,114.55,94.6962,76.1515,350
634,190.5848,62893,112.725,233,115.03,94.4306,76.3057,330
635,191.1176,64980,111.825,239,114.15,94.2766,75.6479,340
636,189.7221,66213,111.75,242,114.65,94.2856,75.9921,349
637,192.6576,63577,112.3375,255,114.31,94.108,76.3625,330
638,191.997,64127,112.0875,251,115.18,93.7624,75.8543,334
639,191.997,64127,112.2375,250,114.62,94.1213,76.7446,334
640,191.1701,65189,113.375,244,115.06,94.579,76.2599,341
641,192.8967,63463,113.55,238,114.42,94.082,76.4974,329
642,191.8635,64658,113.45,263,114.17,93.814,76.1538,337
643,190.6134,65571,113.2875,245,115.12,94.1168,75.6921,344
644,190.9102,63764,112.225,245,115.96,93.8545,76.2561,334
645,191.5045,63771,113.6875,235,115.39,94.579,76.2945,333
646,189.6981,70378,113.125,259,115.81,94.0805,75.9791,371
647,192.2104,66697,112.0375,248,115.96,94.1246,76.0985,347
648,192.7478,65727,112.8625,265,114.42,93.9412,76.1588,341
649,193.1662,67415,112.7125,264,116.67,93.5059,76.2401,349
650,193.6078,64665,112.925,251,114.76,94.404,75.7056,334
651,195.0515,64367,111.775,263,114.31,94.201,77.0466,330
652,194.3132,67621,113.5375,263,115.32,94.5489,76.7874,348
653,194.2258,66231,112.9375,259,114.53,93.9631,76.295,341
654,193.5736,64460,112.9625,259,113.85,93.9837,76.4689,333
655,195.1146,68095,112.4625,248,115.44,93.6627,76.2494,349
656,195.6589,67111,112.9875,260,115.79,94.416,76.5681,343
657,194.64,68124,113.2625,247,114.16,94.384,76.212,350
658,193.4985,66370,113.2125,259,114.85,93.7564,76.1758,343
659,193.1024,64110,111.7,257,114.96,93.664,76.0467,332
660,194.018,64608,113.0125,253,115.07,93.6183,76.5819,333
661,191.7098,66715,112.55,247,115.79,94.3174,75.97,348
662,192.7313,64565,111.8,250,115.49,94.2923,75.8438,335
663,191.6686,66509,112.1625,245,115.33,94.0279,76.5827,347
664,192.3587,63286,112.475,249,115.14,93.8517,76.6399,329
665,191.9853,65275,113.175,257,114.62,93.6991,75.6268,340
666,192.8837,66352,112.6375,244,115.79,94.0621,76.1907,344
667,191.5029,65111,112.525,237,114.89,94.3173,76.3308,340
668,193.8024,63761,113.875,247,115.32,93.7664,76.5891,329
669,193.9464,65166,112.75,246,114.36,94.4633,76.1279,336
670,192.8155,64786,112.7125,274,115.34,94.4822,75.8596,336
671,193.8943,64179,112.225,248,115.3,93.8044,76.479,331
672,193.3003,66302,112.8625,247,114.86,94.1323,75.6846,343
673,195.5858,66108,112.4875,270,115.49,94.6025,76.093,338
674,197.7598,65854,112.5625,257,114.89,93.5609,76.7091,333
675,196.4513,66597,113.35,257,114.88,94.2157,76.3725,339
676,197.1485,65059,112.4625,262,115.59,94.1478,76.1064,330
677,196.0423,69595,113.375,251,115.33,93.6692,76.5601,355
678,195.7821,65587,112.7875,275,114.93,93.4805,76.5946,335
679,197.2784,69442,113.125,290,114.72,93.9937,76.1542,352
680,198.378,66655,112.4625,266,114.91,94.6046,76.0762,336
681,200.0774,67226,112.175,273,114.03,93.5328,76.7161,336
682,199.5976,67464,113.0625,265,114.74,93.9184,76.1766,338
683,200.2605,66887,112.9375,277,113.47,94.9219,76.5436,334
684,200.2882,68098,112.5875,264,115.25,94.4638,76.7314,340
685,204.6667,68154,112.0875,293,114.47,94.2221,76.9854,333
686,205.4375,69027,112.4375,272,114.55,94.415,76.6718,336
687,204.7493,69410,111.8375,272,115.24,94.0935,76.6319,339
688,203.5881,68202,112.35,274,114.87,94.5185,77.1909,335
689,202.7207,67506,112.9,280,115.55,94.5966,77.046,333
690,203.1091,67026,112.675,289,115.01,94.3315,77.2335,330
691,200.1552,67052,112.7625,275,113.93,94.8163,76.7719,335
692,199.3006,66965,113.5375,267,114.82,94.5465,76.7933,336
693,196.6455,64893,113.075,268,114.68,94.8705,76.8121,330
694,195.9849,64871,112.05,252,115.28,94.6971,76.8247,331
695,194.3724,64726,112.375,255,115.13,95.1762,76.3248,333
696,194.1983,66610,112.5625,265,114.61,95.1431,76.6177,343
697,192.5562,65084,113.225,256,113.74,94.8809,76.3422,338
698,192.8576,63643,112.825,245,114.77,95.3937,76.8745,330
699,193.2209,64729,112.875,248,115.85,95.7898,76.9105,335
700,190.3121,62803,113.05,238,115.16,95.7082,76.5056,330
701,192.7727,63615,112.5125,255,113.95,95.4762,77.1813,330
702,191.7933,63100,112.9625,272,115.3,96.1696,76.5706,329
703,191.0378,65717,113.225,275,114.52,95.9473,76.7131,344
704,192.1029,65315,112.1625,252,115.25,95.542,76.2869,340
705,192.0746,64345,112.4,239,114.54,94.4648,76.4474,335
706,192.4379,65044,111.325,263,114.75,95.5432,76.1231,338
707,193.506,64244,112.9375,265,115.67,95.9396,75.9846,332
708,191.8602,63122,112.975,259,114.16,94.5667,76.5502,329
709,191.4522,66051,112.675,246,114.51,95.2794,76.2574,345
710,191.7781,64821,113.275,243,114.37,95.2574,76.724,338
711,193.1009,65075,112.975,246,113.83,94.218,76.0976,337
712,192.9608,64063,111.5375,256,113.77,95.5837,76.4788,332
713,194.3976,65512,112.9875,262,113.9,94.7452,76.6313,337
714,194.1777,64467,112.725,256,114.26,94.9416,76.7743,332
715,195.0877,66720,113.2,264,113.99,95.2206,76.1649,342
716,195.1303,64393,112.0875,265,114.09,95.1828,75.6509,330
717,195.2442,67164,112.3625,272,114.74,95.0938,76.5033,344
718,196.713,66489,112.675,269,115.17,95.1516,76.5198,338
719,197.9253,68878,112.8375,272,115.05,94.7172,76.3727,348
720,199.5749,66658,112.5375,253,114.61,94.948,76.3888,334
721,199.4606,65822,112.925,262,114.04,95.1646,76.4378,330
722,200.6778,66023,111.95,268,113.87,94.5807,76.6332,329
723,203.6766,68639,112.525,271,114.88,95.3323,76.6835,337
724,205.2695,68560,112.25,275,115.39,95.249,76.8205,334
725,205.9561,70437,112.6875,276,115.01,95.1885,76.9085,342
726,207.1304,71460,113.2375,293,113.99,95.151,76.2481,345
727,210.009,69723,113.4125,302,114.87,95.0239,77.2524,332
728,212.509,70553,113.7375,282,114.46,94.5467,76.6892,332
729,215.4468,70882,112.3125,288,115.03,94.5108,76.6757,329
730,213.5166,70674,112.125,288,114.28,94.9611,76.7006,331
731,214.7164,73433,112.3875,295,114.38,94.8669,77.1032,342
732,216.9463,72677,113.7625,307,114.09,94.4212,77.39,335
733,218.8702,74197,112.8375,299,115.04,95.208,76.7266,339
734,222.1532,73977,112.1375,306,114.32,94.9634,76.8363,333
735,223.9605,73683,112.9,320,114.4,95.0669,77.2058,329
736,223.8902,75451,113.2125,306,113.92,95.2074,77.1726,337
737,226.3927,74936,112.525,327,114.74,95.7644,77.1566,331
738,225.3675,74822,112.2125,320,115.35,96.2416,77.5422,332
739,224.4431,74964,113.225,330,114.84,96.1962,76.9705,334
740,223.5015,73979,111.7625,320,114.32,96.2442,77.647,331
741,223.0301,74046,113.4875,307,115.21,95.9571,77.0894,332
742,222.4521,74299,113.0125,333,114.19,95.9267,77.2955,334
743,218.8754,73761,113.5875,297,114.95,95.6949,76.9333,337
744,222.4485,73408,113.0625,336,114.66,96.1439,77.4211,330
745,222.5104,74986,112.85,334,115.48,96.1196,77.0988,337
746,225.4448,75524,114.9125,306,114.69,95.7174,76.9471,335
747,226.8541,74635,113.175,345,115.38,95.5854,77.31,329
748,226.8308,75081,114.1,326,115.06,96.0525,77.0208,331
749,224.9187,74673,114.0125,311,114.73,95.4715,77.1772,332
750,226.0665,74828,113.0875,319,115.58,96.3861,77.4533,331
751,224.9547,74460,113.6625,335,114.71,96.4526,77.5016,331
752,224.924,74000,113.45,304,114.18,95.9076,77.5488,329
753,223.2319,74113,112.25,308,114.52,96.2149,77.1477,332
754,223.8653,74771,112.5875,326,114.89,96.1465,77.497,334
755,223.3393,74372,113.4375,306,114.92,96.3945,77.3063,333
756,223.5503,75560,113.9625,352,113.55,96.1715,77.6462,338
757,222.6399,74807,112.1625,324,114.57,95.5025,77.3454,336
758,222.1788,73319,112.9375,332,115.14,95.9004,77.4552,330
759,221.2175,73223,113.925,308,114.63,96.3021,77.3557,331
760,219.3473,73262,112.7875,307,114.57,95.6498,77.6409,334
761,218.0848,74585,113.5625,311,115.36,95.8826,77.5208,342
762,218.1403,73077,112.0125,299,113.62,95.9658,77.3386,335
763,217.0687,72718,113.8375,315,114.09,96.3651,77.6981,335
764,216.5616,72115,113.2625,324,115.19,96.3466,77.4795,333
765,215.982,71922,113.3,299,113.59,96.4524,77.5034,333
766,214.7714,75170,112.75,330,114.83,96.4677,77.2727,350
767,213.7027,71163,113.9375,285,114.3,96.774,77.1692,333
768,213.6896,71586,113.6,310,113.98,96.276,77.4609,335
769,214.0806,71717,112.95,289,115.3,96.1555,77.5308,335
770,211.2573,72250,112.8375,308,114.34,97.1922,76.9007,342
771,214.4358,71836,112.575,306,114.63,96.4835,77.7746,335
772,217.1657,72099,112.5375,321,114.22,95.484,77.3126,332
773,216.194,72425,113.3,302,115.12,96.221,77.5531,335
774,215.3576,71068,112.9875,313,114.19,96.8578,77.3623,330
775,219.9727,72591,113.25,336,115.51,96.5472,77.7662,330
776,218.9184,72462,112.8125,338,114.61,96.0869,77.7639,331
777,216.8258,72203,112.6,305,114.39,96.4313,77.5275,333
778,217.1445,73612,112.4125,299,115.12,96.667,77.202,339
779,217.7576,71860,113.1,323,114.98,96.8219,77.8323,330
780,219.6667,72490,113.1375,313,115.28,97.1201,77.6494,330
781,219.9758,72812,113.4625,310,114.27,97.0149,77.2324,331
782,221.6886,74044,112.4625,316,115.21,96.8504,77.6391,334
783,225.6126,75129,112.25,311,114.29,97.2987,77.1963,333
784,225.0303,74260,113.3875,313,113.78,97.03,77.6273,330
785,225.8627,75664,113.8,341,114.17,96.689,77.1584,335
786,224.0424,73934,112.675,331,113.82,97.0212,77.6589,330
787,224.2252,74667,113.275,310,114.59,97.7072,76.7333,333
788,221.991,74145,112.2,319,112.97,96.5054,77.9915,334
789,223.7054,75165,113.7,311,114.23,96.8123,77.1976,336
790,220.0746,73725,113.375,320,112.97,96.771,77.3954,335
791,219.5515,72452,112.775,309,115.54,96.9691,77.1997,330
792,219.0725,72513,112.8875,302,114.56,97.2394,77.5582,331
793,217.1734,75142,112.425,313,113.66,97.4778,76.9975,346
794,216.1917,73289,113.3625,306,112.8,97.4134,77.0408,339
795,217.4925,72425,112.9625,290,113.95,97.3867,77.4267,333
796,219.3772,73272,113.1375,297,114.5,97.3587,77.3167,334
797,218.0758,71965,113.4125,303,114.41,97.0159,76.9091,330
798,219.1054,72743,113.2125,307,114.3,97.4948,77.3736,332
799,215.3708,70857,113.925,307,115.26,97.7867,77.1493,329
800,214.6088,72967,113.1375,313,113.99,97.2587,76.8996,340
801,213.7574,72250,112.475,293,114.03,97.5937,76.9229,338
802,213.6317,71353,113.925,290,115.53,97.7015,77.3853,334
803,210.8426,72319,115.7,277,113.87,97.5518,76.8571,343
804,211.3805,71658,113.1125,297,114.26,97.3666,76.9036,339
805,208.5285,69440,112.3875,277,115.41,97.4376,76.9668,333
806,205.8101,69358,112.6625,273,115.53,98.198,77.4318,337
807,205.5481,70503,113.1875,308,113.85,97.3304,77.1377,343
808,206.4226,69358,113.725,269,114.91,97.1162,76.8427,336
809,205.2255,69161,112.275,286,113.87,97.5982,77.2668,337
810,206.3283,68501,113.3875,264,114.58,97.7037,76.6904,332
811,205.216,69363,113.3625,281,114.12,97.8322,76.7635,338
812,205.6228,68678,111.9375,284,114.37,97.752,76.941,334
813,204.2588,69448,112.725,278,114.21,97.6445,76.4803,340
814,203.8896,68303,113.6125,276,114.32,97.381,76.8239,335
815,205.9672,68999,113.25,291,114.48,97.8018,76.4218,335
816,206.6727,68822,113.4375,276,114.8,97.9034,76.9938,333
817,205.2697,67739,113.05,268,113.45,97.4981,77.2296,330
818,203.0357,68220,113.7,275,114.96,97.6402,76.8274,336
819,204.2255,68824,113.5875,275,114.21,97.1537,76.7106,337
820,204.7455,68385,112.525,271,113.74,97.5812,76.6666,334
821,205.4036,69221,112.8,290,114.08,97.2502,76.9367,337
822,207.2012,70034,112.4125,276,113.09,97.1486,76.7313,338
823,207.5325,70146,112.4625,284,113.1,97.2344,76.6978,338
824,210.4868,71776,112.375,279,114.03,97.6464,76.7175,341
825,209.0242,68978,113.6875,282,114.39,96.9795,76.775,330
826,211.426,69982,113.175,290,114.72,97.3524,76.3933,331
827,211.4559,71895,112.95,295,113.81,97.0968,76.9995,340
828,212.4461,72869,113.3,294,113.83,97.1279,76.7939,343
829,210.4894,69672,112.0375,302,115.27,97.1044,76.2518,331
830,210.0627,70371,112.675,279,114.36,97.3421,76.4806,335
831,209.7552,71107,113.3875,313,113.77,97.8832,76.5994,339
832,211.7075,70922,112.875,276,114.37,97.1274,76.5533,335
833,208.2882,70818,112.375,283,113.95,97.3271,77.1744,340
834,206.3559,70161,112.9125,278,114.93,97.6007,77.4513,340
835,206.2806,69104,114.3,267,114.67,97.4109,77.2096,335
836,205.8274,69158,113.125,283,113.73,97.4807,76.8879,336
837,205.9154,68158,112.55,274,114.24,97.4586,76.9375,331
838,208.006,69474,113.275,274,114.56,97.8375,76.6975,334
839,209.7583,69430,112.2375,274,113.88,97.4482,77.1857,331
840,210.6299,70561,113.9625,313,114.43,97.8557,76.504,335
841,211.3701,70809,112.3375,289,114.44,97.4653,77.2781,335
842,213.898,73367,113.3125,286,114.4,97.3052,76.6699,343
843,213.8204,71416,112.5625,297,114.79,96.8202,76.6151,334
844,214.0565,71923,113.2,285,113.72,97.4736,76.9508,336
845,213.5433,71537,111.975,280,114.29,97.3139,76.9341,335
846,213.2952,70814,111.4375,303,113.69,97.8229,76.8886,332
847,210.2738,72965,111.3625,288,114.1,97.3292,76.5148,347
848,210.4879,69461,112.3875,290,114.98,97.5111,76.1233,330
849,208.1873,68910,112.775,265,114.11,97.6629,76.8813,331
850,206.5147,70215,113,274,113.97,98.1891,75.9537,340
851,206.4079,68321,112.3,267,114.26,98.1834,76.6144,331
852,203.5959,69019,111.8125,261,114.02,99.3823,76.4081,339
853,202.5389,67648,113.15,271,114.73,98.1109,76.3807,334
854,201.4909,66492,113.1375,282,113.75,99.0551,77.3706,330
855,199.9702,67190,111.425,264,113.83,98.1616,76.3164,336
856,197.8713,67672,113.575,247,114.51,98.1963,76.5949,342
857,196.1042,65891,113.325,254,115.26,98.0445,76.2347,336
858,195.6586,64763,112.6625,253,114.82,98.034,75.9611,331
859,195.0629,65151,112.1375,241,113.57,97.629,76.8265,334
860,195.3265,66997,112.2,280,113.52,98.1941,76.6806,343
861,192.7768,68243,112.0375,255,114.22,98.0095,76.4464,354
862,194.4256,65327,112.625,267,113.7,97.0406,76.937,336
863,192.4754,66404,113.3375,263,114.25,97.8453,76.7371,345
864,193.5982,66017,111.3875,256,114.85,97.2326,76.5009,341
865,194.4375,65331,111.9625,255,114.41,97.8251,76.9896,336
866,193.6609,66813,112.6125,248,113.28,97.2415,76.9215,345
867,193.2036,63564,112.35,253,113.9,97.311,76.2898,329
868,194.4941,65739,111.625,247,113.33,97.6791,76.4343,338
869,197.638,66604,112.6875,258,113.69,97.5251,76.9577,337
870,199.0422,66082,112.825,272,114.7,97.5582,76.1513,332
871,200.7402,66445,111.675,280,114.57,97.6657,76.7687,331
872,200.8168,66872,112.3,259,113.93,97.6417,76.3876,333
873,202.7564,70762,112.975,272,114.19,97.2004,76.6834,349
874,205.1411,68312,113.15,285,113.89,97.6612,77.2496,333
875,205.3021,67955,113.525,277,115.23,97.6013,77.4997,331
876,207.397,69478,113.1875,277,114.04,97.3551,76.7772,335
877,206.7544,69883,112.8625,273,113.49,97.8827,76.9245,338
878,210.0539,70158,113.7125,276,113.97,97.0672,76.6272,334
879,211.753,71149,112.775,275,113.01,97.478,76.8338,336
880,214.7206,73005,112.5125,314,113.34,97.1174,76.4887,340
881,217.1,71643,112.675,314,114.67,97.0919,76.768,330
882,219.244,72789,113.05,287,114.6,96.942,76.5575,332
883,223.2333,73667,113.2125,304,114.44,97.1086,76.7631,330
884,224.261,76473,112.3125,312,112.94,97.0683,76.6874,341
885,227.0667,74932,113.3,304,115.02,97.5148,76.7039,330
886,227.3283,74791,113.65,324,113.88,97.4436,77.1836,329
887,229.0531,77649,112.6875,302,115.05,97.3194,76.4779,339
888,228.5441,75191,112.2875,325,113.78,98.0324,77.0557,329
889,230.4438,75816,112.4875,322,115.34,97.7913,77.1343,329
890,232.8054,77757,113.55,341,114.82,97.9533,76.9417,334
891,235.6807,78246,112.5375,321,114.05,97.6963,76.769,332
892,236.4303,78022,112.675,319,114.52,98.0585,76.7153,330
893,235.7946,79227,112.2625,326,114.75,98.2297,76.8589,336
894,237.4435,79781,114.0375,327,113.48,98.1632,76.8302,336
895,237.8237,78244,112.1375,336,114.82,98.4951,77.0719,329
896,236.2,77946,113.575,319,113.84,98.7666,76.8455,330
897,235.4341,78635,113.6125,320,114.7,99.0197,76.807,334
898,233.0865,80881,114.05,317,113.49,98.8778,77.0478,347
899,232.0266,78425,113.5125,339,114.07,98.853,77.084,338
900,231.3254,77494,112.4125,308,114.37,98.7798,77.1829,335
901,228.9456,75781,114.1875,314,114.11,99.507,76.7495,331
902,228.7596,77092,113.6,323,115.13,99.7387,76.9459,337
903,227.9851,76603,113.475,304,115.41,99.398,76.6822,336
904,225.7057,75160,112.5875,323,113.14,99.2733,77.2442,333
905,226.6607,76158,112.125,310,114.53,99.4014,76.7624,336
906,223.7722,75635,111.825,309,113.89,99.5901,76.9506,338
907,221.6886,74044,112.4125,290,113.52,98.9932,76.8174,334
908,224.5076,73863,113.8625,295,113.91,99.4097,76.7897,329
909,223.5745,73556,113,314,113.51,99.2438,77.1033,329
910,219.2799,75213,113.8875,292,113.88,99.3277,76.6467,343
911,220.0327,73931,113.5125,285,114.34,99.0639,77.0984,336
912,219.6677,73369,113.45,287,113.23,98.9655,76.4324,334
913,217.4627,72850,113.35,289,114.17,98.9036,76.7213,335
914,217.3964,72393,113.7375,295,114.17,99.1181,76.9164,333
915,216.0242,71288,112.3,291,113.82,98.8731,76.7626,330
916,216.4239,72502,112.775,282,114.8,98.8203,76.9044,335
917,218.2991,74440,113.675,301,114.12,99.0816,76.4434,341
918,219.1845,73646,113.325,290,112.95,99.4125,76.9628,336
919,219.1299,72532,112.425,304,114.77,99.403,76.792,331
920,218.372,73373,112.525,297,113.11,99.3364,76.9113,336
921,220.0636,72621,112.6375,290,113.87,99.5669,77.0937,330
922,220.7939,72862,113.125,311,114.41,99.6381,76.8605,330
923,219.4882,74187,111.8375,308,113.25,99.3352,77.0529,338
924,220.1003,72413,114.6375,297,113.9,99.4051,76.8074,329
925,220.6448,73916,112.6375,277,112.88,98.4914,76.718,335
926,221.5166,73322,112.6,289,114.32,99.0354,76.4037,331
927,218.4107,73386,113.175,283,114.46,98.8337,77.0722,336
928,217.006,72697,113.2875,294,114.35,99.0578,76.834,335
929,214.276,72211,112.5375,288,113.86,98.9988,76.7015,337
930,214.7048,71282,113.2,287,114.22,99.2655,77.2369,332
931,214.103,70654,113.2,291,113.04,99.2077,76.4936,330
932,211.3922,70605,112.025,301,113.32,99.3659,76.6692,334
933,209.911,70740,112.4,293,113.11,99.4983,76.75,337
934,208.8254,70583,112.8375,278,114.94,99.271,76.2124,338
935,207.7928,69195,111.6125,286,112.71,99.6794,76.6118,333
936,205.4412,69850,113.5625,292,113.61,99.1133,76.607,340
937,202.855,68565,112.5125,284,113.56,99.4066,76.3623,338
938,199.5971,68861,112.525,267,114.51,99.4832,75.8739,345
939,200.5059,67771,112.9375,259,114.42,99.3627,76.4351,338
940,199.9669,66389,112,255,113.24,99.3032,76.5857,332
941,197.9881,66524,111.9375,262,113.62,99.7309,76.4599,336
942,199.0182,65676,111.925,267,115.18,99.6241,76.4758,330
943,198.2162,66006,112.9125,265,114.41,99.9012,76.5636,333
944,197.9517,65522,111.7625,262,114.14,99.6029,76.6199,331
945,195.8517,67373,111.9,257,114.46,100.1345,76.7786,344
946,197.1023,67409,113.0625,264,113.35,100.0202,76.2383,342
947,195.1011,69456,113.425,244,113.77,100.1467,76.3681,356
948,194.6311,67537,112.2875,249,114.39,100.6387,76.2795,347
949,197.213,66658,112.5625,262,114.07,99.9977,76.4989,338
950,197.9503,67699,112.575,260,113.53,100.5559,76.1712,342
951,196.7088,66881,112.8375,258,113.96,100.1862,76.3878,340
952,197.1782,68618,111.925,271,113.08,100.6564,76.0826,348
953,198.9819,66062,112.575,280,113.95,100.8829,76.6788,332
954,197.6394,70162,112.0375,268,114.3,100.7701,76.0579,355
955,198.7357,66179,113.5375,253,114.86,100.9644,76.2158,333
956,199.125,66906,112.525,274,113.58,100.9597,76.6737,336
957,200.5783,66592,113.175,257,113.69,101.1355,76.8547,332
958,199.506,66236,113.875,259,113.32,100.9717,76.2365,332
959,201.6071,67740,112.6,255,113.72,100.738,76.3125,336
960,201.6667,67760,113.5125,276,114.55,100.8565,75.7598,336
961,202.9426,67174,112.35,270,114.92,100.7666,76.3034,331
962,203.967,67921,112.3125,268,113.37,101.3645,76.758,333
963,205.5562,67628,113.575,286,114.4,101.2135,76.3957,329
964,205.9637,68174,112.75,271,113.04,101.2239,76.5716,331
965,204.794,68606,113.1,283,114.34,100.8125,76.5328,335
966,204.3842,69695,112.55,277,113.74,100.8626,76.4812,341
967,205.4353,69848,113.9,273,113.67,100.7514,75.8923,340
968,205.3614,68180,111.8875,278,114.46,101.198,76.6009,332
969,205.8997,69800,112.325,281,113.27,101.013,76.3134,339
970,204.5378,67702,113.225,267,113.32,101.3344,76.5629,331
971,203.7425,68050,112.2,272,113.73,100.4608,76.7547,334
972,202.1079,69323,112.35,262,115.42,101.27,76.0982,343
973,202.4127,67201,113.7625,264,114.54,101.4873,76.2405,332
974,200.7412,68252,113.8625,273,114.08,101.3472,75.9908,340
975,200.3253,66508,112.9375,255,113.57,101.3848,76.4252,332
976,199.1331,67307,112.6125,259,114.73,100.9664,76.5759,338
977,199.3921,65600,112.575,255,114.16,101.3181,75.6665,329
978,197.7434,67035,111.9875,254,113.62,100.6332,76.0695,339
979,196.8319,67907,112.0875,255,113.85,101.3523,76.2144,345
980,198.2492,66017,112.175,264,115,101.373,76.0556,333
981,197.5891,65402,112.975,253,113.2,101.0396,76.2613,331
982,197.6024,66592,112.7125,252,113.85,100.9665,76.0575,337
983,198.4222,66273,111.925,247,113.49,101.4261,76.4284,334
984,199.7251,66109,112.85,253,113.4,101.1374,76.4772,331
985,200.009,66603,112.55,259,113.76,100.9135,76.4673,333
986,199.6012,67066,112.6625,259,114.07,101.0303,76.5795,336
987,203.009,67602,112.725,271,113.91,100.9828,76.7431,333
988,202.3212,66766,112.6,280,113.71,101.421,76.7099,330
989,200.9182,66303,112.0625,263,114.08,101.5012,76.6917,330
990,201.2515,67218,112.6875,262,113.6,100.9829,76.4803,334
991,200.0515,66017,112.4625,254,115.3,101.304,76.8989,330
992,199.4721,68020,112.85,260,112.32,101.4639,76.4845,341
993,199.4064,68197,112.7,261,113.16,101.7534,76.4753,342
994,199.3285,68569,113,264,114.09,101.3915,76.4839,344
995,200.2411,67281,112.8875,261,114.44,101.0416,76.4083,336
996,199.9941,67998,112.6625,259,113.56,101.8661,76.5056,340
997,199.3255,67970,112.85,266,113.11,101.8623,75.9579,341
998,197.3894,66915,111.775,275,113.67,101.3697,76.3989,339
999,198.6138,66337,111.4,265,113.66,101.3315,76.6566,334
1000,198.0208,66733,113.05,268,114.97,101.8847,76.494,337
1001,197.6577,66413,113,266,113.54,101.9143,76.8987,336
1002,198.488,65898,112.65,259,114.06,101.5687,77.0003,332
1003,198.9878,65467,113.1875,260,113.15,101.95,76.9909,329
1004,199.5804,67059,112.825,275,113.36,100.973,76.6219,336
1005,199.5693,67654,112.5,259,113.31,101.1669,76.7097,339
1006,200.4572,67955,113.5375,268,113.47,101.1416,76.6312,339
1007,201.7642,67591,112.725,266,113.26,101.8334,76.8374,335
1008,200.5248,68780,112.075,286,113.74,101.11,76.4689,343
1009,201.5831,66724,112.9375,263,113.22,101.2977,77.2429,331
1010,202.7069,67096,112.125,280,113.89,101.2367,76.2922,331
1011,205.1161,68919,112.4125,277,113.27,101.6697,76.6313,336
1012,208.2139,69127,113.2125,304,113.8,100.7221,76.6149,332
1013,209.1602,70487,112.575,287,113.25,101.1237,76.934,337
1014,211.2636,73731,111.575,293,113.27,101.2772,76.7785,349
1015,211.5104,71279,113.225,285,114.45,101.6335,77.5177,337
1016,214.021,71269,113.4625,298,113.67,101.3858,77.0041,333
1017,215.0091,71168,113.575,290,113.17,101.3086,76.8109,331
1018,217.7574,73602,112.6375,298,113.08,101.2561,76.4686,338
1019,220.3072,73142,112.0875,307,114.01,101.7204,76.8929,332
1020,222.503,74316,113.3125,326,113.37,101.8041,77.5795,334
1021,223.4633,76201,112.65,313,113.93,103.0864,76.3364,341
1022,222.4121,73396,111.9125,297,113.55,108.0813,76.3026,330
1023,222.571,75229,112.8375,295,114.32,115.1181,75.374,338
1024,219.3383,73917,113.1375,311,112.71,118.7621,74.0054,337
1025,205.0424,67664,113.65,307,112.93,119.6906,71.9262,330
1026,190.1229,68064,111.425,270,113.77,118.8165,69.6271,358
1027,179.7119,63618,111.15,236,112.58,118.413,67.4799,354
1028,173.822,58578,109.1875,220,113.3,117.526,66.7801,337
1029,172.4986,60547,109.6125,216,113.97,117.3054,65.4928,351
1030,169.5215,59163,107.8,205,112.79,117.1073,65.5153,349
1031,167.1127,57821,109.925,207,113.03,117.4474,65.7258,346
1032,167.1886,55841,109.1625,209,112.84,116.9287,65.6551,334
1033,165.4164,54422,109.6625,212,112.12,115.5996,64.6441,329
1034,163.7224,57794,108.4375,195,112.69,115.1564,64.1585,353
1035,162.4798,56218,107.4,211,113.65,115.9477,63.4348,346
1036,162.342,56008,108.6,196,113.37,116.3295,64.205,345
1037,162.1096,59170,109.0125,207,113.85,114.9912,63.7937,365
1038,161.084,59440,107.875,193,112.42,113.5794,63.6022,369
1039,161.24,60465,107.7375,199,111.88,112.7698,64.2268,375
1040,160.977,62942,108.7125,189,113.27,112.608,63.2618,391
1041,161.7692,56781,108.6875,201,112.72,113.3708,63.6988,351
1042,160.977,56020,108.15,193,112.28,114.1833,63.7986,348
1043,162.0515,53477,108.4875,195,113.81,114.4996,63.3159,330
1044,160.4083,54218,108.725,204,112.8,114.5522,64.2438,338
1045,160.9603,56819,108.0375,192,113.64,115.3126,64.334,353
1046,161.788,56464,107.55,190,113.62,116.1876,64.0575,349
1047,162.8387,55528,109.075,189,113.78,114.9658,63.4032,341
1048,162.0773,58672,108.3,202,113.46,114.2978,63.1965,362
1049,163.7731,54864,108.7,196,113.48,114.8823,63.3836,335
1050,163.2611,55019,108.2625,191,112.29,116.2915,63.6135,337
1051,162.9211,55719,108.1125,190,113.94,116.1407,63.109,342
1052,163.8537,54891,108.9,194,113.02,115.2436,64.0834,335
1053,163.3864,57512,108.6,207,113.02,114.8993,64.1426,352
1054,163.6011,59060,108.4625,202,112.73,115.3833,64.0091,361
1055,162.8739,58146,108.925,202,112.74,115.4213,64.3068,357
1056,163.4155,57032,109.15,193,112.94,115.7977,63.1793,349
1057,162.9098,59625,108.4125,193,113.52,115.4197,63.8791,366
1058,163.7984,60933,107.925,197,113.42,115.6435,64.5539,372
1059,163.5343,57237,109.0125,193,112.98,115.0518,64.0485,350
1060,165.1501,58298,108.2,194,112.56,115.235,64.4976,353
1061,164.9407,58389,109.1,192,113,114.6314,64.0559,354
1062,164.3691,59666,108.875,208,113.61,115.0303,63.869,363
1063,164.4255,54096,108.25,197,113.84,115.7566,63.6504,329
1064,164.9327,56407,109.0125,190,113.36,115.4733,63.8578,342
1065,163.9311,59507,108.7375,197,113.7,115.6418,63.6094,363
1066,163.3036,54870,108.675,195,112.2,115.8278,63.9427,336
1067,163.8832,57523,108.6875,194,113.8,115.9993,63.6165,351
1068,162.9913,56069,108.2125,201,113.43,116.5655,64.2865,344
1069,163.6071,54972,108.65,200,113.61,117.0052,64.984,336
1070,164.7201,56499,108.625,199,113.2,116.5172,64.3541,343
1071,164.1502,54662,108.7125,196,113.93,117.3204,63.8085,333
1072,164.317,57018,108.575,199,112.24,116.2674,64.0868,347
1073,164.9167,55412,107.75,204,113.93,115.6149,64.0235,336
1074,165.0213,54292,107.5625,198,112.6,115.6117,62.9105,329
1075,163.4303,53932,108.2625,191,113.11,116.0883,64.5737,330
1076,164.5925,56949,107.5375,199,112.9,117.2565,65.4826,346
1077,162.9486,60291,109.2,196,114.36,116.2414,65.2039,370
1078,162.3904,60734,108.4625,192,112.3,114.8802,63.4255,374
1079,162.3761,55695,108.7125,193,112.08,113.6328,62.4916,343
1080,162.7403,54518,108.0875,192,113.07,113.8048,62.4456,335
1081,161.3396,59857,107.85,190,113.24,113.8643,64.1337,371
1082,166.2861,61027,109.4375,200,114.41,115.6058,64.0674,367
1083,197.8875,65105,108.9375,259,112.87,118.0517,70.4817,329
1084,208.6914,70329,110.1875,289,113,111.9444,76.5169,337
1085,213.5,70882,113.6,286,113.67,102.0484,77.8908,332
1086,210.8964,71283,112.175,267,114.43,95.3947,77.5258,338
1087,212.4836,71182,112.475,283,113.58,90.4967,78.1294,335
1088,210.0205,71827,112.025,294,114.15,90.3505,77.8232,342
1089,209.6777,69613,112.125,282,113.45,89.8833,78.3499,332
1090,208.2689,68937,112.275,277,113.91,89.9409,77.9514,331
1091,206.423,68326,111.8625,262,113.72,90.2806,77.3459,331
1092,207.7186,69378,112.05,283,112.81,90.0553,77.8343,334
1093,210.6667,69520,111.85,280,114.27,89.9293,77.9621,330
1094,212.5422,70564,111.05,287,114.5,89.9088,78.1631,332
1095,212.6369,71446,113.2375,328,113.69,89.6252,78.0153,336
1096,213.3891,70205,111.8625,297,114.43,89.9714,77.6299,329
1097,213.985,71257,112.525,281,113.24,90.1796,77.8593,333
1098,216.5387,72757,111.85,322,114.48,90.132,78.0666,336
1099,217.5663,72232,111.2375,301,114.26,90.1544,78.2692,332
1100,218.5811,74099,112.25,308,112.68,89.9656,78.0169,339
1101,223.852,74095,111.9375,298,114.11,90.1406,77.9444,331
1102,224.4737,76770,112.7,326,114.76,90.2629,77.9365,342
1103,228.8632,75296,111.575,312,114.44,90.0775,77.981,329
1104,230.0211,76137,112.25,337,113.14,90.7914,78.1404,331
1105,230.875,77574,112.825,321,112.99,90.7224,77.7908,336
1106,228.4882,77686,111.2625,328,113.64,92.3728,77.6233,340
1107,225.2806,75469,111.3875,313,114.05,93.2323,78.0221,335
1108,223.4169,73951,113.025,301,113.99,93.2056,77.6525,331
1109,222.8244,74869,112.6,316,114.87,93.4535,77.7595,336
1110,221.4636,73083,111.9625,341,114.76,94.1847,78.6661,330
1111,220.9758,73143,114.2875,314,115.38,94.8881,77.6102,331
1112,220.1711,74638,113.3375,311,114.95,95.3636,77.5766,339
1113,217.1716,73404,113.2375,302,114.1,96.1951,77.7452,338
1114,219.1611,72104,114.1,304,114.74,97.2238,77.5801,329
1115,216.4939,71443,113.4,295,114.98,98.1862,77.397,330
1116,215.0209,72032,114.275,296,115.02,98.7547,77.2548,335
1117,211.0858,71347,113.4125,283,113.88,98.743,77.0541,338
1118,210.253,69804,114,280,114.69,99.1407,77.1599,332
1119,206.771,71336,114.2625,274,115.29,99.2922,77.0733,345
1120,207.4467,70117,113.7625,280,114.05,99.6064,76.9381,338
1121,208.7994,68695,113.6125,280,114.11,100.0038,76.8243,329
1122,208.8876,70604,113.525,279,114.02,99.9301,77.034,338
1123,208.4191,72113,114.275,286,114.09,100.3463,77.0867,346
1124,207.3464,68839,114.7375,278,113.92,99.9407,77.0286,332
1125,208.132,70973,113.65,299,114.75,100.4055,77.0475,341
1126,207.2841,71513,114.1875,286,112.96,100.4964,77.1058,345
1127,207.7211,70002,114.7625,281,114.38,100.3358,77.388,337
1128,205.8824,70000,113.8,274,114.81,100.3451,76.8579,340
1129,205.6429,69096,113.3625,289,114.14,100.2724,77.2072,336
1130,205.139,67901,113.3625,289,113.96,99.8269,77.4414,331
1131,204.3889,69901,114.1125,263,113.16,99.862,77.103,342
1132,203.0631,67620,114.325,270,114,99.7328,77.3919,333
1133,202.5513,69070,114.1,289,114.9,100.2211,76.5113,341
1134,200.4403,70555,113.625,269,115.01,99.4616,77.0602,352
1135,203.6748,67009,113.95,268,114.33,99.2331,77.0362,329
1136,203.6333,67199,113.8,266,114.17,99.6916,77.221,330
1137,204.9335,67833,114.0375,268,114.3,99.3037,76.5424,331
1138,202.9152,69397,113.5375,278,114.85,99.5826,77.1918,342
1139,204.4625,68086,114,272,113.41,99.1116,77.2199,333
1140,203.3343,69337,114.2625,260,114.58,99.5758,76.4645,341
1141,203.6477,71684,115.1125,283,114.36,100.1631,76.7929,352
1142,202.3313,67174,113.8,251,113.82,99.3136,77.5256,332
1143,199.878,67159,113.9625,266,115.28,99.7286,76.5963,336
1144,201.253,66816,113.1375,258,113.94,99.825,77.3366,332
1145,199.2387,65948,112.7875,272,114.1,100.1118,76.6739,331
1146,198.9791,66658,114.1,269,114.25,99.8265,77.3939,335
1147,196.5357,66036,115.025,260,114.45,100.146,76.9527,336
1148,195.7471,67337,112.175,282,114.68,99.9393,77.0006,344
1149,196.2922,65169,113.65,248,114.57,100.2374,77.0601,332
1150,193.8886,66116,114.3125,246,115.1,100.2187,77.0465,341
1151,193.905,65346,113.8,246,114.97,100.2884,77.285,337
1152,192.994,63881,114.175,241,114.34,100.4298,77.1273,331
1153,190.7515,62948,113.825,248,114.84,100.1801,77.3471,330
1154,191.0208,64183,113.075,250,113.54,99.7215,77.0659,336
1155,191.7259,63653,113.9125,257,114.03,100.097,77.684,332
1156,192.1657,64952,113.8625,239,114.79,100.1049,77.1946,338
1157,193.6905,65080,113.45,261,115.43,99.8434,76.9191,336
1158,195.4529,64304,113.5375,268,114.56,100.2418,77.4477,329
1159,195.8284,66190,113.0625,267,114.36,99.5287,76.5279,338
1160,194.0476,65200,112.825,254,115.13,99.7874,77.2085,336
1161,193.9204,65739,113.55,255,114.63,99.4133,77.2517,339
1162,193.6903,65661,114,267,113.47,99.2974,76.9654,339
1163,192.9768,66577,112.475,261,114.03,99.6396,76.8668,345
1164,193.5957,63693,113.6,260,114.41,99.4591,77.4989,329
1165,193.9701,64980,112.35,239,114.76,99.0494,76.7127,335
1166,194.5532,64008,112.725,250,114.69,100.0823,76.8376,329
1167,194.7874,65059,112.7375,257,112.82,100.034,77.2407,334
1168,196.2356,64954,115.225,247,115.39,99.1514,77.2891,331
1169,194.58,68103,113.7125,253,113.45,99.5749,76.8215,350
1170,194.7477,64851,113.5875,261,114.69,100.0677,77.246,333
1171,193.1611,69538,112.9375,250,113.65,100.4619,76.4735,360
1172,193.8739,64560,112.7875,249,114.46,100.0616,77.439,333
1173,193.3434,64190,113.9625,270,113.61,100.293,76.9278,332
1174,192.3628,65211,113.15,248,115.17,100.5186,77.4436,339
1175,190.7198,64654,113.5625,262,114.13,100.2009,77.2654,339
1176,189.0661,65795,113.35,267,114.65,100.1569,77.0739,348
1177,189.5879,65787,113.15,256,114.32,99.1982,77.0129,347
1178,189.0619,64092,113.75,262,114.49,99.9457,77.0904,339
1179,187.5273,61884,113.2125,230,113.54,100.3695,76.9602,330
1180,188.2072,62673,113.65,258,114.52,99.7141,76.763,333
1181,185.771,64091,114.0875,233,113.19,100.0343,76.9755,345
1182,185.7886,65026,112.9,231,115.05,100.1081,76.5706,350
1183,185.6163,61439,112.8625,251,113.7,100.6325,76.2701,331
1184,184.2593,64675,113.7375,243,113.83,99.4205,76.5812,351
1185,184.6896,61871,112.5625,240,114.01,99.9981,77.2977,335
1186,184.3853,62691,113.65,230,114.19,100.6724,77.1459,340
1187,183.7826,63405,114.8,248,113.88,99.9067,76.1941,345
1188,184.0119,62012,113.525,231,113.19,100.6094,76.2181,337
1189,184.3102,61191,112.3375,230,114.92,101.0173,76.8144,332
1190,183.1512,63004,113.0625,228,113.96,100.9268,76.7082,344
1191,182.4699,60580,112.45,234,113.78,100.4196,77.115,332
1192,183.0091,60393,113.7125,243,113.68,100.2965,76.7466,330
1193,182.7765,62144,112.5375,245,113.87,100.1712,76.6831,340
1194,183.4606,62927,112.5125,250,113.9,100.6167,76.5389,343
1195,182.4767,62772,112.4,229,113.41,100.5902,76.496,344
1196,182.4,62928,114,234,113.64,101.2122,76.8072,345
1197,182.9764,62029,112.35,235,114.29,100.3227,76.537,339
1198,182.3214,61260,112.825,232,113.96,100.1218,77.0728,336
1199,183.1826,63198,113.8,235,114.45,99.4306,76.5045,345
1200,182.268,63247,113.2875,228,114.82,100.7107,76.8935,347
1201,182.8455,60339,113.1875,250,114.75,99.9836,76.7188,330
1202,182.4551,62947,112.7625,249,114.16,100.2448,76.6828,345
1203,182.0446,61167,113.425,220,114.15,100.5256,76.8205,336
1204,183.2565,63590,112.45,241,114.67,100.3204,76.0424,347
1205,182.1879,63037,113.075,234,113.83,100.5644,76.7239,346
1206,183.5786,61866,113.2875,246,114.66,99.9135,76.8006,337
1207,183,61671,113.1625,241,114.62,99.5692,76.0871,337
1208,184.1751,62067,113.75,254,113.75,99.8593,76.8167,337
1209,182.6491,62466,113.1,232,114.29,99.7951,75.8101,342
1210,182.5936,62447,111.6375,231,114.02,99.442,77.1946,342
1211,181.3362,62561,112.75,231,114.07,100.5531,76.539,345
1212,182.4144,60744,113.2,220,114.61,100.6166,76.2989,333
1213,182.7121,60295,113.7375,232,113.4,100.4255,76.6837,330
1214,181.9327,62221,113.4375,223,114.05,100.5333,76.6433,342
1215,182.5592,61705,111.7375,242,114.51,101.0792,76.3226,338
1216,180.4874,64434,113.6625,233,113.65,99.739,77.1369,357
1217,181.6418,60850,113.55,232,114.55,100.7646,76.6772,335
1218,180.3123,62929,113.875,231,114.54,100.3606,76.5442,349
1219,180.6944,60894,113.3125,225,112.76,100.1558,76.0799,337
1220,180.991,60632,112.225,234,114.04,100.4385,76.6555,335
1221,180.591,60498,111.225,219,114.42,101.0857,77.2273,335
1222,180.7903,59480,113.7375,216,114.17,99.9033,76.5123,329
1223,180.9515,59714,113.35,216,114.07,100.4282,76.6944,330
1224,180.9911,60813,114.1,220,114.3,99.9806,76.3628,336
1225,181.465,59702,112.7625,226,115.24,101.0421,76.1575,329
1226,181.2722,61270,113.6625,225,113.83,100.3166,75.8876,338
1227,181.1536,60143,112.1375,223,113.52,100.5011,76.1668,332
1228,181.4742,59705,112.6375,226,113.98,101.1487,76.7966,329
1229,179.9532,61544,112.0125,229,113.86,100.4686,76.4001,342
1230,179.6,62860,112.9875,224,114.29,99.786,76.4349,350
1231,179.6006,60705,112.1,226,113.09,99.9995,76.6426,338
1232,180.0114,63364,112.8,226,113.63,100.064,76.2626,352
1233,179.7123,64337,112.4625,234,114.03,101.1778,76.034,358
1234,179.3801,61348,113.6,234,114.54,100.7709,75.636,342
1235,180.4851,60643,112.3625,245,113.8,100.7505,76.5223,336
1236,180.4137,60619,113.1875,223,113.71,101.2259,76.5136,336
1237,178.9971,62470,113.4,229,114.52,100.997,76.1626,349
1238,178.9861,64435,112.9,223,113.48,100.9228,76.7411,360
1239,180.1912,61265,113.05,222,114.21,102.1611,76.5078,340
1240,179.7692,63099,113.575,219,113.44,101.5208,76.0894,351
1241,180.2922,59857,112.65,221,113.88,101.6243,76.1347,332
1242,179.085,63217,112.5125,234,113.7,101.0321,76.0403,353
1243,178.4699,65320,113.175,223,114.46,100.5655,75.8653,366
1244,180.0672,64284,111.7125,227,113.81,100.4919,75.8891,357
1245,179.2462,59689,112.5125,231,113.38,101.007,76.0737,333
1246,178.4971,61046,112.3125,213,113.45,100.0405,76.2602,342
1247,179.8065,60415,112.65,228,114.1,100.826,76.8084,336
1248,178.6452,60918,113.2375,223,114.07,100.7768,76.5754,341
1249,180.5312,60839,112.7125,223,115.1,100.8171,76.3159,337
1250,178.6997,63081,112.9625,240,113.11,101.0716,76.5465,353
1251,177.5906,60736,112.8125,212,114.35,101.2042,76.5917,342
1252,180.145,59628,113.4125,229,114.62,100.3022,76.4337,331
1253,180.1733,59277,112.825,221,114.66,100.2484,76.0684,329
1254,178.994,59426,113.0625,215,114.94,101.3735,75.9199,332
1255,178.3538,64029,113.0125,220,112.97,100.6849,75.7249,359
1256,179.1842,61281,113.15,224,113.28,100.3771,76.4604,342
1257,178.8778,62965,113.1,237,113.79,99.9777,76.0291,352
1258,178.4713,62108,113.075,219,114.57,101.1299,76.7818,348
1259,180.3835,61150,113.4875,229,113.07,101.7031,76.4028,339
1260,178.3715,63857,113.45,224,114.23,100.4619,75.875,358
1261,178.491,59616,112.8375,221,113.96,100.818,75.6322,334
1262,178.8074,63119,111.575,232,113.83,101.9257,76.4053,353
1263,179.9467,60822,113.8,219,114.04,101.6803,76.3403,338
1264,179.3009,58990,113.8375,219,113.51,101.0805,75.7462,329
1265,177.6909,66101,112.8625,221,113.78,101.5377,76.2266,372
1266,180.2011,62710,112.25,225,113.18,100.7961,75.991,348
1267,178.7726,61319,112.8875,224,113.91,101.7618,76.1705,343
1268,178.9914,62289,112.6625,224,113.24,102.7683,76.4376,348
1269,180.0821,59247,113.3125,220,113.2,103.518,76.3084,329
1270,180.1134,61959,114.05,215,114.47,102.1527,76.6667,344
1271,177.9288,64944,112.8,214,113.72,101.9397,76.1544,365
1272,178.3227,61343,113.6125,226,113.94,103.0599,76.2255,344
1273,179.5701,60156,111.9875,231,113.77,101.9151,76.1865,335
1274,180.4645,60997,113.7125,230,113.37,103.174,76.0253,338
1275,179.8783,60619,113.075,229,114.12,102.9934,75.9099,337
1276,178.4101,63514,112.7375,230,114.18,101.3291,76.6708,356
1277,179.6726,60370,113.5375,219,114.5,101.6227,76.3944,336
1278,179.2515,59153,112.3375,228,113.66,101.049,76.6726,330
1279,178.314,61340,112.3,216,114.03,102.1965,76.3843,344
1280,180.216,60913,114.6125,225,112.22,101.3245,76.3189,338
1281,179.4661,60839,112.9625,223,113.43,101.1464,75.7914,339
1282,180.3732,61868,112.325,213,114.57,100.8794,76.2933,343
1283,179.4603,65503,112.6125,239,114.1,101.8375,76.1181,365
1284,180.012,60124,115.1125,232,114.55,101.3534,76.3449,334
1285,179.9605,63706,113.9375,229,114.13,101.2218,75.693,354
1286,180.2948,62382,112.3375,221,114.5,101.9978,76.0466,346
1287,180.7305,60364,112.725,221,114.25,101.558,75.6481,334
1288,180.9666,59538,112.4625,232,115.3,101.4738,76.2245,329
1289,179.4757,66406,112.9625,211,113.37,102.5485,75.5301,370
1290,179.5415,62660,112.2625,220,114.79,101.5466,76.1864,349
1291,180.2212,59473,113.35,227,115.03,102.4778,76.1612,330
1292,179.908,62608,112.5625,220,113.3,102.362,75.1407,348
1293,179.6962,60917,113.95,220,114.18,101.1067,76.3994,339
1294,178.4752,61217,112.85,225,113.76,101.1545,76.3274,343
1295,179.7105,61461,113.05,231,115.53,102.4881,76.0281,342
1296,179.8963,62424,112.925,228,113.79,102.6003,75.8785,347
1297,180.4073,59354,113.4625,227,114.7,102.2712,75.9329,329
1298,178.9133,66019,112.375,216,112.79,102.5302,75.6244,369
1299,178.1592,59327,111.7,216,114.11,102.9951,75.7806,333
1300,177.739,60609,113.1375,227,114.22,103.0463,76.2201,341
1301,178.4537,59782,113.3,219,113.73,103.0631,76.2188,335
1302,179.6182,59274,112.55,227,113.67,102.1675,76.2291,330
1303,177.464,61580,113.8875,221,113.77,101.6094,76.5941,347
1304,179.6918,59478,113.375,219,114.3,102.3615,76.7253,331
1305,180.8072,60028,113.7,224,113.93,102.7584,76.4148,332
1306,179.4431,59934,112.925,221,112.22,103.9889,75.7675,334
1307,177.9718,63002,113.1375,212,113.91,103.5644,75.5619,354
1308,178.9824,61033,113.3125,212,113.56,103.0065,76.5762,341
1309,178.8646,62066,113.6125,214,114.79,103.399,75.8148,347
1310,178.1365,60032,112,215,113.86,103.329,76.0082,337
1311,178.2228,63982,112.4375,219,113.36,102.6376,76.0872,359
1312,180.024,60128,112.7625,232,113.66,102.1364,76.708,334
1313,178.8839,60105,112.475,219,113.59,102.6193,75.8884,336
1314,178.5831,59111,112.8125,229,113.35,102.3489,76.1572,331
1315,179.4486,62807,112.6375,228,113.3,102.9349,76.128,350
1316,179.1852,62894,112.225,218,113.44,102.6768,75.1042,351
1317,181.1399,60863,112.9375,239,114.24,104.5176,75.9007,336
1318,179.4354,59752,112.3,217,113.44,102.7156,76.3892,333
1319,179.8636,59355,113.025,238,113.71,103.8388,75.9457,330
1320,180.4866,60824,112.7,222,114.02,103.2094,76.7525,337
1321,179.9006,61526,113.5375,218,113.22,103.2907,75.8922,342
1322,179.8421,61506,113.8375,222,113.98,103.0777,76.1802,342
1323,180.0118,60844,113.5,230,113.58,101.6827,76.0569,338
1324,180.4212,62967,113,221,112.81,102.5929,75.67,349
1325,179.3546,64747,113.3,226,114.12,102.7564,75.7538,361
1326,180.5401,60842,113.35,213,113.28,102.5489,76.3583,337
1327,178.8683,59742,113,219,113.18,102.9094,76.7811,334
1328,180.3735,61327,113.225,233,113.49,103.7018,75.7922,340
1329,181.6149,60841,111.9125,224,113.56,103.2162,75.9164,335
1330,182.6396,60819,112.8875,234,113.39,103.3953,76.0088,333
1331,182.713,60478,112.4375,223,113.36,102.2815,77.1253,331
1332,181.6181,62295,113.1875,225,114.33,102.7008,76.4843,343
1333,181.4638,62605,112.725,222,113.27,102.9484,76.0936,345
1334,181.7122,61237,113.1625,222,114.26,102.5972,76.0228,337
1335,181.7278,61424,113.3375,235,113.42,103.2062,76.0804,338
1336,182.6356,62644,113.175,234,113.48,103.4561,76.0877,343
1337,182.3217,62901,112.7375,233,112.83,103.1147,75.6229,345
1338,182.1845,61214,112.35,230,114.07,102.8388,75.3773,336
1339,181.5,61710,112.25,218,113.91,104.3287,75.6045,340
1340,181.9488,60407,112.9,236,113.93,103.6984,76.4794,332
1341,182.1455,60108,112.9125,219,114.47,103.9487,75.7865,330
1342,181.5964,61198,111.925,225,114.34,103.9178,75.7609,337
1343,182.4529,62034,112.3375,234,113.75,103.8002,76.5145,340
1344,182.0682,64088,113.675,230,113.71,104.3865,76.5442,352
1345,182.0845,62455,113.8125,222,113.47,105.5329,75.9722,343
1346,182.1581,59930,113.8375,224,114.41,105.4124,75.1461,329
1347,182.1257,65201,111.4125,224,113.72,104.9694,75.8155,358
1348,184.6847,61500,112.9875,226,113.9,104.5198,76.1843,333
1349,183.9513,64199,113.175,248,113.95,104.5599,76.2691,349
1350,182.4929,64055,114.175,230,113.38,104.6259,75.8355,351
1351,184.1671,63906,112.1125,230,112.95,105.1155,75.9862,347
1352,183.7647,62480,114.6375,233,113.8,104.9221,75.6304,340
1353,183.1652,60994,112.1375,258,114.7,105.9215,76.1531,333
1354,184.9732,62151,113.4375,241,112.95,104.9418,76.6515,336
1355,185.5607,64204,112.6875,228,114.23,104.2067,76.2988,346
1356,185.6205,61626,113.4875,241,113.84,103.8009,76.3572,332
1357,183.625,66105,113.9,226,114.82,105.3383,75.9134,360
1358,184.3655,63053,113.025,226,114.26,105.0703,75.7282,342
1359,186.1416,61799,113.525,226,114.25,104.3657,76.5422,332
1360,184.5476,62008,113,240,113.57,104.9282,77.0952,336
1361,184.8225,62470,114.3,231,113.3,105.027,75.8935,338
1362,183.7122,63197,112.1875,231,114.46,105.0354,76.3205,344
1363,182.5306,65711,113.425,228,114.15,104.6439,76.5968,360
1364,183.9191,63636,113.2625,226,112.77,105.3376,76.0822,346
1365,184.1261,62787,113.25,236,113.61,104.772,75.9588,341
1366,184.2029,62629,114.3625,227,112.8,105.3787,76.2177,340
1367,183.3964,61988,112.5875,225,113.57,105.9734,76.7148,338
1368,182.9311,61099,114.1125,229,114.56,105.3651,76.5703,334
1369,182.9033,60541,114.875,222,114.24,105.7341,75.7762,331
1370,183.2404,61752,113.425,220,113.15,105.4371,76.1336,337
1371,181.5891,63193,112.15,232,112.77,105.4329,76.0666,348
1372,182.2939,60157,113.6375,225,113.55,105.241,76.2463,330
1373,182.8234,61063,114.125,237,114.03,105.8046,76.6335,334
1374,182.6057,63912,112.7375,252,113.8,105.434,75.8751,350
1375,183.7934,61387,112.725,232,112.41,106.0674,75.7303,334
1376,181.7994,62539,112.3625,229,112.63,106.0287,76.4027,344
1377,181.4457,61873,113.85,219,114.8,105.949,76.0175,341
1378,183.7711,61012,112.9375,227,113.57,105.4133,75.7843,332
1379,181.1127,62665,111.6375,226,113.59,105.6937,75.476,346
1380,184.0557,62763,112.825,230,112.73,105.6408,76.1261,341
1381,183.5304,63318,113.175,229,113.17,106.0864,76.418,345
1382,183.5043,64410,112.625,230,112.08,106.9666,76.0442,351
1383,185.7771,63350,114.1,247,114.04,106.668,76.1899,341
1384,185.8935,62832,112.325,235,114.05,106.4505,75.6766,338
1385,185.1484,62395,112.525,253,112.69,107.1105,76.4214,337
1386,185.3352,66350,112.2375,236,113.2,107.7447,75.843,358
1387,184.2458,65960,113.375,258,113.91,107.1654,75.9912,358
1388,184.454,62161,112.425,241,112.86,107.9507,76.1085,337
1389,184.5135,61443,113.55,229,114.28,107.3063,76.49,333
1390,185.8114,62061,113.3875,227,113.27,107.2905,75.753,334
1391,186.6066,62140,112.6,237,114.61,107.1031,76.5398,333
1392,187.8294,63862,112.2125,235,112.9,107.1682,76.3534,340
1393,187.3112,62000,113.1,236,113.41,106.8057,76.4888,331
1394,188.3284,63655,112.6625,237,113.32,108.4517,76.1525,338
1395,188.5152,62210,112.8875,240,113.34,106.9179,76.3377,330
1396,187.9204,63705,113.425,241,113.81,106.8878,76.4589,339
1397,188.9534,64811,113.375,251,113.85,106.9155,75.7405,343
1398,189.2443,65857,112.75,261,113.17,106.8548,76.3094,348
1399,189.2229,64525,113.475,227,113.52,107.3071,76.4017,341
1400,189.9049,65897,112.075,253,112.75,106.9185,76.6091,347
1401,191.5152,63200,113.775,245,114.83,107.9535,76.5954,330
1402,189.4096,62884,113.725,252,113.51,107.6106,76.4643,332
1403,189.4375,66682,112.8375,259,113.25,107.4873,76.0434,352
1404,187.8721,64628,113.4,232,114.56,107.3187,76.4031,344
1405,189.1199,64679,114.3625,241,113.87,108.3391,76.5887,342
1406,188.6272,65265,113.3375,251,113.26,106.8009,76.6632,346
1407,189.1739,65265,113.6125,238,113.41,107.6957,76.1906,345
1408,189.6705,65626,112.45,247,112.34,107.7435,75.9894,346
1409,189.7313,63560,112.575,231,113.2,107.5886,76.0052,335
1410,188.8833,67998,113.25,235,112.86,107.5572,76.3547,360
1411,192.3625,63672,112.4,247,113.99,107.7887,76.4767,331
1412,191.1295,63455,112.8,257,113,108.3342,77.0995,332
1413,190.1881,63713,114.85,238,113.73,108.0026,76.5809,335
1414,189.6116,65416,113.4125,240,114.08,106.9947,75.945,345
1415,190.9703,64357,111.8375,238,114.13,107.3414,76.1252,337
1416,189.8367,65114,112.7125,252,113.54,108.3017,76.4682,343
1417,189.5493,63499,113.125,239,113.6,107.5045,76.0675,335
1418,190.29,62986,112.4375,240,114.16,108.331,76.9137,331
1419,191.635,64581,113.225,239,113.47,107.9447,76.8272,337
1420,190.6757,63495,113.275,239,113.44,107.9093,76.7474,333
1421,191.3293,63904,112.8625,254,113.7,107.7872,76.5976,334
1422,191.8946,63709,113.025,242,113.89,108.4728,76.4396,332
1423,192.7387,64182,113.3875,250,113.46,107.8672,76.778,333
1424,191.4335,66236,112.675,252,113.04,108.4678,76.4416,346
1425,193.1618,65675,112.7375,249,113.78,108.5649,76.3517,340
1426,194.5208,65359,114.0125,253,113.21,108.3515,77.0752,336
1427,194.9698,64535,113.05,247,113.33,108.2554,76.7461,331
1428,193.794,64921,112.45,253,113.11,108.6382,76.8603,335
1429,193.7842,63755,113.325,252,113.58,108.6243,76.9282,329
1430,193.5651,65425,113.5875,253,113.8,108.2939,76.8471,338
1431,194.5378,66921,112.5,266,112.86,109.0626,77.0909,344
1432,193.8348,65710,114,257,112.5,108.3261,76.9674,339
1433,192.7367,65145,112.9375,247,113.95,109.1468,76.1561,338
1434,193.6471,65840,112.65,253,113.15,108.8722,76.9827,340
1435,194.1917,65831,113.375,244,113.1,108.7126,77.1054,339
1436,193.5182,63861,114.075,245,113.37,109.431,76.2128,330
1437,192.7933,63429,112.725,243,113.28,109.0971,76.7661,329
1438,191.2544,65409,112.4875,254,112.68,108.8008,76.3927,342
1439,193.2212,63763,114.75,242,114.1,108.8033,77.3438,330
1440,192.3105,67501,114.9,263,113.89,108.9171,76.342,351
1441,191.9767,66040,113.0625,246,113.17,109.2183,76.4586,344
1442,191.7225,66336,114.0125,241,113.62,109.4515,77.0079,346
1443,189.7265,64507,114.4625,246,113.1,109.4419,76.3848,340
1444,190.4494,63991,113.4,240,112.75,108.7869,76.2983,336
1445,188.8941,64224,113.7625,234,112.9,108.871,75.9971,340
1446,188.097,62072,112.7875,234,113.92,109.9006,76.4339,330
1447,187.6358,64922,113.475,243,113.68,109.3918,76.5321,346
1448,188.1416,62463,113.975,241,112.87,108.1972,76.2299,332
1449,185.5718,63280,113.7,229,114.54,108.6932,75.9513,341
1450,185.9211,63585,112.8375,228,113.38,109.9568,76.2416,342
1451,184.9971,64749,113.6625,242,113.71,109.2336,75.7563,350
1452,184.2462,60617,111.925,223,112.35,109.7211,76.115,329
1453,183.3193,60862,113.3875,233,113.35,109.5763,76.2433,332
1454,182.6445,63195,113.75,230,114.18,108.8777,76.0575,346
1455,183.1339,61533,111.95,229,113.41,109.5418,75.5459,336
1456,181.9793,61509,113.95,235,113.96,109.7437,75.2948,338
1457,182.3757,64561,112.6,245,112.53,108.9273,75.6277,354
1458,183.5778,61315,112.425,229,112.9,109.383,75.8851,334
1459,182.9335,63295,112.3375,232,112.79,109.0628,75.7221,346
1460,183.4798,63484,113.7,225,114.25,108.2537,76.1254,346
1461,183.3556,60324,113.475,221,113.49,108.8139,76.0456,329
1462,182.591,61168,112.65,227,112.9,109.3855,75.6444,335
1463,182.7029,62119,112.4875,240,114.02,109.3253,75.9893,340
1464,182.5419,60969,113.375,220,113.61,108.8925,75.9972,334
1465,182.8187,62524,112.225,228,113.3,109.273,76.5045,342
1466,183.4956,62939,113.2625,224,113.18,109.8145,76.1212,343
1467,182.4087,62931,112.5,218,112.48,109.0817,76.2011,345
1468,182.7626,61591,113.775,227,113.07,109.2451,75.4986,337
1469,183.0682,61694,111.8875,229,112.62,109.3291,75.7788,337
1470,182.3371,64365,112.875,226,113.42,110.2382,76.2308,353
1471,182.4364,60204,112.7125,220,112.96,109.1073,76.9073,330
1472,181.9789,60417,113.6375,228,113.55,109.6721,75.9454,332
1473,181.8851,63296,111.925,230,112.54,109.5956,76.0885,348
1474,181.8187,62182,113.05,224,113.96,110.1532,76.198,342
1475,182.1695,63395,113.35,219,113.8,110.1247,75.1928,348
1476,183.4128,63094,113.2625,228,113.47,110.2746,75.8591,344
1477,181.9767,62600,112.55,233,113.28,109.0196,75.6739,344
1478,182.6324,62095,113.225,226,113.89,109.7838,75.5844,340
1479,183.8794,62519,113.225,231,112.49,109.2677,75.7217,340
1480,185.7243,63332,111.675,237,112.83,109.7941,76.8344,341
1481,185.6657,62198,113.575,235,112.78,108.8412,76.1104,335
1482,185.8602,61148,112.8,227,112.93,110.0915,76.1895,329
1483,184.7471,62814,113.975,224,113.48,109.6951,76.3287,340
1484,184.7375,62626,114.0875,227,113.16,110.6016,76.4255,339
1485,184.5542,61272,113.7375,229,113.95,109.8544,76.0886,332
1486,186.4521,62275,112.8875,228,113.24,109.7499,76.4247,334
1487,187.5976,62470,113.6875,244,113.78,109.2611,76.761,333
1488,187.6024,63222,113.8875,238,114.78,109.9617,76.6887,337
1489,186.8739,65219,113.85,241,113.48,110.1743,76.7418,349
1490,187.3343,63319,114.05,244,113.28,110.2624,76.4005,338
1491,187.4745,62429,114.1,235,113.25,110.0685,76.9261,333
1492,185.5471,63086,114.075,235,113.5,109.6001,76.6732,340
1493,186.3628,63177,113.625,236,113.01,110.1183,76.5812,339
1494,186.7399,64612,113.7625,239,113.86,110.1299,75.9805,346
1495,185.193,63336,112.5125,236,113.06,110.3796,75.7582,342
1496,184.3805,62505,113.1625,229,114.06,110.4002,76.7558,339
1497,182.9399,60919,113.325,235,113.65,110.6482,76.2242,333
1498,182.7006,62849,113.25,231,112.23,109.9681,75.5367,344
1499,183.6758,60613,112.8875,227,112.84,110.1166,76.1705,330
1500,181.6108,60658,114.35,226,113.35,110.1193,76.159,334
