1,231.1102,113244,119.4125,346,117.24,124.6202,82.9488,490
2,230.3874,113581,120.475,332,118.66,126.0283,82.8548,493
3,227.6881,124090,120.2875,317,117.42,125.3501,82.8635,545
4,229.5119,115674,120.575,320,117.57,124.7034,82.7462,504
5,233.8347,115982,120.075,335,116.51,125.431,82.9053,496
6,231.9147,119668,120.05,365,117.73,124.5819,82.7456,516
7,232.2937,117076,120.8875,324,118.03,125.512,82.494,504
8,233.25,116625,119.35,339,118.07,125.4044,82.5334,500
9,231.1454,117653,120.5375,328,117.73,125.2204,82.1182,509
10,229.4397,117932,118.7625,346,117.53,125.919,82.4668,514
11,229.8895,116554,120.4625,325,117.2,124.5888,82.5364,507
12,227.6807,113385,118.9625,318,118.32,125.5659,82.4207,498
13,227.1657,116536,119.6625,318,118.26,125.2825,82.337,513
14,227.3738,116188,118.15,335,118.22,125.3,82.0383,511
15,219.8173,142002,118.9875,312,117.41,124.5187,82.0343,646
16,226.2733,114268,118.4875,312,117.71,125.5646,82.2994,505
17,224.6517,114797,119.425,336,118.76,125.4857,82.3604,511
18,226.002,110741,119.75,331,117.37,125.2334,81.9555,490
19,224.7681,111485,119.375,319,117.95,126.0236,82.439,496
20,225.3765,111336,119.5125,320,118.63,126.0357,82.1166,494
21,225.8,114029,119.3625,325,117.49,126.5827,82.493,505
22,227.9519,113748,120.95,325,118.18,125.1311,82.0207,499
23,228.002,114001,119.15,321,118.79,125.1429,82.3649,500
24,231.0101,114581,118.9625,338,117.36,125.8166,82.4152,496
25,229.9899,113845,119.525,328,117.93,127.3148,82.416,495
26,229.3103,113050,119.95,337,116.75,125.806,82.4283,493
27,228.1904,113867,119.0625,314,118.5,126.2418,82.4255,499
28,224.9982,126224,119.5,327,117.71,125.3295,82.3256,561
29,227.4175,111662,119.55,313,118.63,127.5288,82.3148,491
30,226.6391,112413,119.6125,310,117.87,127.221,81.7534,496
31,223.7755,120615,118.525,334,116.89,126.8147,82.0291,539
32,226.2764,111328,119.625,314,118.98,126.6914,81.301,492
33,225.7878,110636,118.35,312,117.09,127.5314,82.1797,490
34,227.3939,111423,120.2625,312,117.44,127.2483,81.8517,490
35,226.2399,112215,119.0375,325,116.73,127.0453,81.8221,496
36,226.4294,113894,118.0875,322,117.53,126.8371,81.9116,503
37,225.5556,111650,119.2125,313,117.01,127.1174,81.8743,495
38,226.3145,112252,118.2625,336,117.44,126.9822,81.9672,496
39,226.7525,112696,118.675,320,117.04,127.0701,82.1681,497
40,227.3014,111605,119.6375,334,117.72,127.4121,82.0825,491
41,225.877,113842,119.8,313,117.1,128.0014,81.9046,504
42,224.1016,110258,120.15,322,118.07,127.7376,82.1228,492
43,223.0361,111295,119.3125,325,118.66,127.6071,82.407,499
44,222.0498,111469,118.8125,316,116.46,126.8657,82.3783,502
45,221.2545,109521,119.9375,310,117.47,127.3295,82.0775,495
46,220.99,110053,118.925,320,117.33,126.9595,82.1439,498
47,221.6414,111264,119.7875,308,118.6,127.1486,82.1061,502
48,220.5528,108512,119.25,295,117.76,127.2191,82.1845,492
49,217.2784,110812,118.5125,319,118.32,125.9436,82.0943,510
50,219.2688,110950,119.225,304,117.51,126.4693,82.3269,506
51,219.4758,108860,118.2,303,116.88,126.4368,82.1661,496
52,218.6946,109566,118.3375,298,116.66,126.5719,82.145,501
53,218.0305,107053,118.05,294,116.46,125.9496,82.434,491
54,215.8265,115683,118.425,298,116.98,127.4155,82.3148,536
55,218.1697,109303,117.6875,293,117.79,126.6433,81.9886,501
56,217.7377,110393,119.8,296,116.55,126.193,82.1798,507
57,216.2385,113309,119.425,305,117.38,126.8713,81.8752,524
58,217.7282,109735,119.4,305,116.95,126.6052,81.7929,504
59,216.6529,110493,118.5625,305,116.05,126.4998,81.7948,510
60,217.3551,106504,118.6,301,117.54,126.4693,81.8047,490
61,216.829,107764,118.425,292,117.71,126.3847,81.7983,497
62,216.9447,109774,117.7625,308,116.27,126.6099,82.0114,506
63,216.2569,110291,119.4625,318,116.95,125.9171,82.1022,510
64,215.778,109831,118.1875,302,117.6,125.2038,82.0154,509
65,213.6829,109833,118.5125,295,117.16,125.3574,82.3053,514
66,213.1866,105101,117.35,295,116.83,126.507,82.4476,493
67,212.6023,110128,117.8375,289,116.58,124.8142,82.9386,518
68,215.1585,105858,119.775,293,116.39,125.5482,82.6253,492
69,210.0729,121002,119.9,295,118.21,124.3349,82.2899,576
70,210.4542,119538,117.3375,312,118.12,123.929,82.4433,568
71,210.9011,110934,118.775,288,116.55,124.3554,82.625,526
72,211.3185,104814,118.975,292,116.93,124.6804,82.4821,496
73,210.6828,104288,117.7875,288,117.36,125.2102,82.4198,495
74,210.6555,107013,118.3,289,116.74,126.6566,82.6701,508
75,210.6906,105556,118.3,296,117.08,125.3113,83.0687,501
76,209.485,104533,119.625,290,117.13,126.5558,82.4653,499
77,207.6886,104052,119.3125,286,116.32,126.1003,82.8309,501
78,207.2137,102778,120.275,281,117.38,125.1025,82.3015,496
79,206.4534,101988,119.0125,280,117.55,125.0038,82.7498,494
80,206.1096,103467,119.375,275,118.08,124.2576,82.5535,502
81,206.17,103085,119.3625,275,117.11,125.9156,82.9024,500
82,205.0974,101113,118.8,273,116.82,125.6589,82.1561,493
83,203.5478,102181,118.5125,273,118.24,124.5472,82.4355,502
84,204.5804,100449,119.5625,288,117.38,126.515,82.4344,491
85,202.624,104554,119.6,281,117.63,124.8874,82.4833,516
86,201.5127,103376,120.15,260,118.06,123.9807,82.1411,513
87,202.4196,99388,118.675,269,117.87,124.2549,82.3587,491
88,200.3058,104159,117.875,283,117.4,124.3252,82.3714,520
89,199.8582,104326,118.6625,280,117.33,124.4863,82.5405,522
90,198.9615,103460,119.0875,266,116.52,124.3478,82.0831,520
91,200.0915,100646,119.525,264,118.03,126.1372,82.673,503
92,200.2773,98937,119.05,268,118.06,125.2589,82.6718,494
93,201.4289,100513,117.5375,263,116.09,124.2139,82.3006,499
94,202.1964,99885,117.75,280,117.89,125.6531,83.2486,494
95,203.3394,100653,119.0125,270,116.61,125.3207,82.3259,495
96,201.0837,105770,118.5,274,118.03,124.5598,82.8461,526
97,202.2665,100931,119.825,272,115.93,124.0529,82.6234,499
98,201.383,104115,117.35,280,115.95,123.7417,82.4253,517
99,201.9316,100360,119.0125,267,117.07,123.9232,82.6034,497
100,201.932,100966,118.3625,267,117.39,123.9292,82.4724,500
101,201.5244,103382,117.6125,272,118.03,123.9632,82.6724,513
102,202.4766,99416,118.7125,272,117.03,123.6048,82.0594,491
103,202.2294,100508,118.8,283,116.43,123.2443,82.2644,497
104,200.2926,99946,118.2625,268,116.97,123.3654,82.0606,499
105,202.1354,100057,119.2125,264,117.58,122.8913,82.6828,495
106,201.652,100826,117.7875,259,118.3,123.3929,82.2927,500
107,197.6546,120174,118.4875,278,118.07,121.8421,82.6613,608
108,201.5887,99988,118.3625,259,117.53,122.2407,82.3412,496
109,198.641,108458,117.65,274,117.78,123.4024,82.4878,546
110,197.1317,118279,118.3375,266,117.04,121.9142,82.0137,600
111,197.7972,114129,118.6125,262,117.22,120.7934,82.0753,577
112,200.5517,102883,117.1125,273,117.76,122.1015,81.8004,513
113,200.7821,98584,117.5125,257,116.81,121.4407,81.7672,491
114,196.7007,115660,118.8125,280,117.23,121.1019,81.6252,588
115,198.2614,100122,117.3875,258,117.09,122.7327,81.7006,505
116,195.6912,111544,117.525,260,116.73,121.8514,81.6987,570
117,193.3062,121203,117.475,253,116.55,121.8057,81.4771,627
118,198.389,97409,117.575,273,115.89,122.3178,81.3742,491
119,196.2446,99496,117.9625,252,116.95,123.7968,81.4697,507
120,198.0061,97023,118.15,267,117.1,122.9143,81.1562,490
121,196.381,98976,117.6625,261,117.67,124.0953,80.8281,504
122,195.1691,106172,117.175,268,117.45,124.5681,80.7389,544
123,195.3273,97859,118.925,264,116.6,127.9914,81.7883,501
124,195.1296,96394,118.8125,254,117.11,125.9725,81.2916,494
125,196.1838,97111,118.375,254,117.23,124.3612,81.0217,495
126,193.7386,102294,117.7,269,116.37,124.8147,81.5013,528
127,196.168,100438,118.6625,259,116.71,124.2508,81.1439,512
128,195.6356,98796,118.2875,284,116.47,125.2863,81.4264,505
129,195.089,100861,118.975,257,116.61,124.2411,81.0598,517
130,194.5793,109159,118.7625,275,117.14,123.9482,80.7697,561
131,194.6434,100436,118.575,258,116.58,124.1506,81.3258,516
132,195.334,96495,120,256,116.74,123.6079,80.9432,494
133,197.1667,99372,118.4375,276,116.01,123.7659,81.0521,504
134,196.6356,97138,119.8125,264,116.46,123.9049,80.7488,494
135,193.6684,111553,116.875,258,116.96,123.1,81.0795,576
136,198.0615,99823,117.475,274,115.54,123.8113,81.0628,504
137,201.1227,99958,118.55,272,116.95,125.0736,81.6571,497
138,200.3313,99164,117.6625,258,116.77,124.9144,81.305,495
139,198.712,100747,117.6625,271,116.6,124.2932,81.2142,507
140,199.6501,100424,116.7375,269,116.9,124.547,81.344,503
141,197.5568,107866,116.4375,264,116.88,122.9503,81.2269,546
142,201.0139,101311,117.5125,280,116.41,124.683,81.1868,504
143,197.3147,116613,119.0875,267,116.22,122.8555,81.3271,591
144,200.4103,105015,117.85,277,116.66,124.3632,81.7307,524
145,202.211,99690,117.1125,266,116.49,125.3348,81.532,493
146,202.9799,100881,116.775,277,116.48,124.3164,81.3335,497
147,203.5391,101566,116.925,276,115.44,123.6144,81.393,499
148,202.5772,99668,118.0625,266,116.36,124.0883,81.5925,492
149,204.9332,101237,117.075,265,116.2,123.5963,81.7026,494
150,203.6614,102238,118.05,261,116.64,124.246,81.4214,502
151,202.6112,101103,118.2,261,116.27,124.4661,81.4174,499
152,201.415,112591,117.6375,272,117.1,123.5863,81.7774,559
153,202.3831,100382,118.3375,285,115.88,127.9921,82.3889,496
154,203.1155,103792,118.8,262,116.65,125.2486,82.2728,511
155,203.1243,102984,118.2875,269,116.99,123.6653,82.0096,507
156,201.9217,103182,118.4875,260,117.15,123.2223,81.8351,511
157,199.7918,107488,118.425,266,116.58,122.6503,81.8168,538
158,198.809,110339,118.2625,281,116.78,121.7199,81.9253,555
159,200.0058,102603,117.0625,275,117.34,122.8363,82.207,513
160,200.3372,102773,117.2375,262,116.6,123.5925,82.0324,513
161,200.9301,100666,116.6375,265,116.55,122.8638,82.1109,501
162,198.1713,106418,118.2125,264,115.82,122.9681,82.1285,537
163,200.8486,100826,117.0625,275,116.22,121.315,81.6065,502
164,201.585,102002,117.9875,269,116.17,122.2685,82.1864,506
165,201.2884,107488,117.3625,270,116.74,122.6482,81.9106,534
166,202.2702,100326,118.0125,273,116.75,126.6534,82.6204,496
167,205.9155,104811,118.8875,282,116.48,123.7052,82.3322,509
168,207.0614,107879,117.2875,277,117.26,124.5273,82.5522,521
169,206.8963,105724,117.8875,285,116.93,123.2992,82.3702,511
170,202.8651,120299,117.0625,297,116.12,121.0241,82.0888,593
171,208.1798,103049,118.4,267,118.31,122.2285,82.0772,495
172,208.2227,104736,117.6625,290,116.7,122.0977,82.2662,503
173,207.5512,105436,118.1,283,116.92,119.7717,82.3671,508
174,207.0573,104771,117.2125,283,116.72,119.9608,82.9317,506
175,207.3407,102841,118.275,270,116.92,120.5194,82.707,496
176,205.7905,112979,117.825,301,116.42,118.4835,82.746,549
177,206.0798,103246,117.4875,279,115.79,118.2642,82.4155,501
178,204.1884,101890,119.05,281,117.04,120.1038,82.9134,499
179,204.1329,102883,118.4375,287,116.47,118.3346,82.4485,504
180,202.6406,103752,117.375,269,117.67,117.6484,82.7414,512
181,200.8064,100604,117.75,275,116.75,116.7346,82.5558,501
182,197.3385,115443,116.8625,267,117.52,116.306,82.7486,585
183,199.2699,102624,118.6625,276,115.36,117.1451,82.6241,515
184,200.0992,98849,118.4125,256,117.77,117.4857,82.5088,494
185,195.5497,112050,118.3625,275,116.62,116.2219,82.6461,573
186,195.9073,99325,118.225,252,118.04,115.8942,82.2649,507
187,196.2122,96144,115.9625,257,116.06,115.6501,82.0052,490
188,189.7121,126538,117.625,271,116.81,113.8656,82.1404,667
189,194.996,98278,116.9625,252,117.25,114.5872,82.5383,504
190,193.2015,101624,118.725,251,115.68,114.2602,82.3344,526
191,191.8292,108959,117.7625,249,115.52,114.6072,82.3655,568
192,192.7515,98496,117.0625,261,115.24,115.0363,82.2648,511
193,191.9297,98268,117.4375,245,115.99,114.5586,81.8302,512
194,192.344,96172,117.175,246,116.79,113.3362,82.2217,500
195,192.4899,95475,116.5,253,115.66,115.3094,82.0716,496
196,190.0295,102996,116.45,260,117.03,114.8876,82.7316,542
197,189.6214,99172,117.4625,240,115.95,113.9737,82.2109,523
198,190.4821,96003,116.9625,248,115.67,115.824,82.64,504
199,189.8412,96819,117.725,253,116.44,115.8564,82.6762,510
200,189.8386,96438,117.4875,246,115.81,113.3866,82.0663,508
201,190.6968,94967,115.3,241,117.66,114.6219,82.2796,498
202,189.1657,99312,117.2875,250,116.11,115.1742,82.0774,525
203,190.163,94511,118.0625,262,115.72,114.8743,82.3024,497
204,189.9513,93646,117.3625,241,116.72,114.7271,81.8518,493
205,189.4583,97571,117.325,249,115.96,113.3747,82.2454,515
206,189.3825,107948,116.825,256,116.42,113.3007,82.056,570
207,189.8172,105918,117.275,248,117.18,114.3769,82.3464,558
208,189.9908,102785,116.5875,262,117.29,113.8631,82.1965,541
209,192.4188,96017,116.7375,259,115.95,115.3809,82.1158,499
210,188.5,117247,117.725,244,117.27,115.1246,82.0011,622
211,192.511,96063,117.1,240,116.64,116.3047,82.1788,499
212,192.6694,94408,118.0125,253,116.35,115.8851,82.9486,490
213,194.8232,95853,118.15,271,117.26,116.5224,82.2827,492
214,192.067,103140,116.5125,259,115.84,114.7272,82.087,537
215,193.9672,100475,117.775,252,117.37,116.8369,82.0464,518
216,192.5603,113418,118.65,269,117.26,117.1141,82.3691,589
217,191.1579,112592,116.1375,259,114.98,115.7707,81.9993,589
218,192.4688,101816,117.925,260,116.36,117.0264,82.432,529
219,192.9057,104362,117.7125,252,116.37,116.6827,81.8695,541
220,193.1849,97172,116.4875,256,117.38,118.9732,82.433,503
221,193.0287,100761,115.5375,251,117.01,117.7391,81.7068,522
222,193.5681,99494,118.0125,253,116.61,118.9927,81.8225,514
223,191.2746,100993,117.9625,260,115.29,118.1714,82.112,528
224,192.3532,100216,116.9875,267,117.1,119.2868,81.6119,521
225,192.0977,98354,117.45,248,116.48,118.7311,81.6561,512
226,193.1775,97941,116.525,261,116.75,117.9582,81.5357,507
227,192.1972,96483,117.7875,255,116.82,117.4155,81.6368,502
228,190.1708,106876,116.6125,253,117.81,117.6883,81.8095,562
229,191.6412,100420,117.5625,252,115.62,119.0371,82.0629,524
230,190.0973,97710,116.75,244,115.39,118.3498,81.5589,514
231,190.3901,99574,117.1,253,116.24,118.5327,81.3819,523
232,190.3156,96490,117.2625,254,117.42,117.6694,81.9665,507
233,190.3745,97091,118.05,257,116.59,118.71,81.8605,510
234,190.3096,93442,117.35,236,116.68,118.5018,81.6882,491
235,189.9146,93438,116.5875,259,115.61,117.3145,81.0584,492
236,189.6074,98027,118.1625,237,117.35,118.0801,81.3812,517
237,189.6132,94617,117.3625,253,116.53,118.1893,81.1779,499
238,188.9941,95820,117.4625,243,115.84,118.112,81.3437,507
239,188.6414,94698,117.825,244,116.15,118.0763,82.0186,502
240,188.4726,99702,118.2625,243,115.77,118.2549,81.3555,529
241,187.523,97887,115.8125,237,116.78,117.2126,81.4024,522
242,186.035,106412,116.525,236,116.88,118.7893,81.6772,572
243,187.8953,95075,117.5875,244,115.74,119.4842,81.3833,506
244,187.3772,96874,116.1375,240,116.3,118.4431,81.3285,517
245,187.43,93715,116.3,247,116,118.2167,81.1762,500
246,188.1387,96327,117.3,252,116.21,119.1281,81.01,512
247,186.0795,96017,116.975,234,117.1,118.5365,81.2839,516
248,184.9775,106732,117.45,239,116.12,118.6587,80.8315,577
249,187.3178,92535,118.4,251,117.19,119.8592,80.6151,494
250,186.6832,94275,116.5875,239,117.11,119.8376,80.9309,505
251,183.6239,128904,117.8875,243,116.99,117.9226,80.8544,702
252,188.2942,94712,116.6125,261,116.52,120.686,81.8101,503
253,188.8765,94816,117.4125,245,115.98,120.2787,81.0837,502
254,188.9111,95589,116.3125,240,116.66,119.4122,81.327,506
255,189.854,96256,116.1125,245,116.62,117.7594,80.8056,507
256,188.6698,98863,116.3875,240,116.84,119.601,81.5658,524
257,187.9519,93788,118.375,235,116.3,119.0857,81.5382,499
258,189.0157,96020,117.8625,239,116.36,119.6916,81.2732,508
259,187.8427,96739,116.55,246,116.85,118.8258,81.3346,515
260,185.0803,108272,116.1125,232,116.04,119.3693,80.8414,585
261,186.0143,103796,116.625,254,116.76,118.7467,81.226,558
262,188.1174,92930,116.6875,252,116.59,120.4746,81.6973,494
263,187.1953,102583,117.5875,259,116.61,119.502,81.0165,548
264,188.0754,92345,117.7375,257,116.32,119.7378,80.9253,491
265,188.3419,95301,117.7875,251,116,120.3514,81.2637,506
266,187.2446,94933,117.1,241,116.12,119.7347,81.1369,507
267,188.5336,92570,117.1875,241,117.33,119.3125,81.3034,491
268,188.6884,95665,116.5,235,116.56,119.8824,80.8573,507
269,188.4929,92550,117.6875,249,116.4,121.1604,81.0698,491
270,188.596,95241,117.6125,237,117.52,120.0707,81.118,505
271,189.702,96748,117.2625,246,115.75,121.8892,81.0387,510
272,189.5852,94603,116.775,247,117.1,122.9168,81.4427,499
273,188.7135,100773,117.05,242,116.75,123.0783,81.728,534
274,190.8717,102689,117.9875,263,116.32,121.5291,81.1214,538
275,191.0727,99931,117.425,244,116.54,122.0728,81.2819,523
276,191.095,98605,117.875,254,117.06,121.3168,81.3953,516
277,192.0413,97749,117.4375,249,116.98,122.71,80.9187,509
278,192.804,96402,117.15,259,116.88,121.3293,81.3531,500
279,191.9779,95605,117.575,250,116.4,120.2025,81.487,498
280,191.6092,107876,117.1125,257,116.12,121.7119,81.2607,563
281,193.7807,96309,117.4125,244,116.29,122.0069,81.3909,497
282,194.1347,95126,116.9125,251,117.5,122.0898,80.8938,490
283,193.7883,96119,117.9,246,115.72,121.6754,81.3299,496
284,195.1683,97389,117.8625,264,116.38,124.3377,81.4943,499
285,195.1155,97948,118.6875,265,115.84,122.9703,80.832,502
286,196.7248,99346,117.725,258,115.7,122.1607,80.8806,505
287,197.6237,98219,118.2,288,116.85,122.4958,80.7083,497
288,198.4689,99036,117.775,270,116.27,122.8223,81.5147,499
289,197.863,101108,118,258,116.74,122.3153,81.7597,511
290,197.4606,97743,118.75,266,116.39,123.2038,81.3866,495
291,198.5602,98883,117.1375,275,116.3,121.4582,80.9306,498
292,197.8327,96938,116.5625,257,116.35,121.4624,81.1824,490
293,197.0609,100304,116.8875,270,116.9,120.7509,81.2633,509
294,195.9444,102283,116.975,254,116.58,121.1991,80.7965,522
295,196.1033,100601,117.2875,265,117.44,122.6166,81.1512,513
296,196.0138,99379,117.4,258,116.45,120.8235,81.5131,507
297,196.0988,97265,116.775,259,117.05,121.8466,81.4573,496
298,195.5627,99737,116.5625,248,117.21,121.6452,80.8465,510
299,194.848,97424,118.6875,287,116.58,120.9861,80.9589,500
300,194.7269,101258,117.6375,259,116.92,120.958,80.4344,520
301,194.6324,102182,117.4625,261,116.57,121.4514,81.4976,525
302,195.0723,99877,117.15,259,117.45,121.8312,80.7967,512
303,194.0549,105954,117.025,270,116.7,119.4071,80.8021,546
304,197.0238,99497,117.725,263,116.44,121.4262,81.5515,505
305,196.5903,101244,117.2625,257,117.82,122.1819,80.79,515
306,196.5709,108114,117.5875,260,116.23,121.1894,81.267,550
307,200.1283,99864,117.025,266,117.63,121.2804,80.8225,499
308,198.5325,100656,116.7125,254,117.23,121.6918,81.2119,507
309,197.7677,111541,118.725,288,117.65,122.1125,81.1735,564
310,201.1386,100167,120.05,261,119.08,123.7808,81.0347,498
311,200.7377,101774,117.6875,263,116.78,122.8896,81.0537,507
312,201.0817,100943,117.7875,261,116.61,122.5082,80.8227,502
313,200.3855,102397,118.2875,254,116.34,123.4025,81.0604,511
314,202.6159,99687,118.4625,260,117.31,123.0545,81.0849,492
315,201.2303,99609,117.6875,268,117.79,122.7848,80.7152,495
316,201.5943,105837,118.2625,275,118.23,123.2553,81.2259,525
317,198.967,108636,118.3875,258,117.71,122.7054,81.1273,546
318,201.7632,107338,119.125,267,116.45,123.1174,81.4203,532
319,204.0794,102856,120.2,269,117.01,122.7693,81.1677,504
320,202.7287,100148,117.675,265,116.92,121.7806,80.9555,494
321,203.278,101639,117.95,265,117.24,121.5741,81.486,500
322,202.6347,99291,118,270,117.51,121.4838,81.1451,490
323,202.0092,109691,117.5125,269,118.45,120.4642,81.0705,543
324,201.1302,101973,118.3625,262,117.84,121.1896,80.9372,507
325,200.0368,108620,118.5625,264,118.5,119.7921,81.097,543
326,201.0537,101130,116.8,270,117.08,119.3041,81.3479,503
327,200.3525,101178,117.75,257,116.56,120.2465,81.2007,505
328,198.7305,101750,117.6875,254,118.16,119.5025,81.2446,512
329,199.1813,102180,118.55,268,115.2,119.9263,81.3625,513
330,195.1284,121565,118.9625,274,117.55,119.1715,81.5381,623
331,195.3167,117190,118.35,248,116.38,119.971,81.1264,600
332,196.7427,100929,118.0875,250,117.81,120.8809,81.1738,513
333,197.0478,98918,116.6125,251,117.51,120.5161,81.4631,502
334,197.3314,100047,117.725,258,118.61,120.043,80.9913,507
335,197.2035,100771,117.1625,262,117.71,119.3498,80.7198,511
336,198.6962,98752,118.3125,250,117.6,119.5745,81.1354,497
337,197.2378,105325,118.1125,266,116.42,118.8309,81.3732,534
338,196.7731,97993,117.2125,243,115.97,120.4911,81.0932,498
339,196.7126,97176,118.15,245,117.65,119.3409,81.4078,494
340,193.4707,115502,118.925,242,117.33,118.9657,81.5015,597
341,194.7056,105141,118.975,259,117.07,118.6083,81.182,540
342,194.5449,99607,118.5875,256,116.76,119.6446,80.8748,512
343,195.5678,100913,117.3,250,117.03,119.4499,81.5214,516
344,191.386,117511,118.075,274,118.34,118.3054,81.4456,614
345,190.3269,137416,117.6375,254,117.46,117.8396,81.2675,722
346,195.0429,95571,117.975,255,117.81,121.1049,81.4489,490
347,194.973,100996,118.025,246,117.09,120.5061,80.8194,518
348,193.3299,113098,118.1375,251,116.83,121.8706,81.7567,585
349,194.9249,101166,118.3,252,117.44,119.6681,81.6024,519
350,192.1991,126467,117.6625,273,118.09,118.3861,81.9166,658
351,194.8114,102276,118.0125,277,116.73,119.5579,81.4519,525
352,196.5798,97307,117.9625,255,118.22,118.634,81.5505,495
353,191.9776,94069,117.5625,238,115.98,126.3508,82.2534,490
354,192.4079,97166,119.4,258,117.06,126.6655,83.0858,505
355,191.5223,94612,118.2625,257,117.85,125.937,83.3021,494
356,195.2637,96265,120.0375,255,117.62,120.6978,82.0461,493
357,192.3687,95992,118.5,252,117.13,126.1619,82.2307,499
358,192.8182,95445,118.55,250,116.65,126.3378,82.6416,495
359,191.769,111226,119.9125,262,116.99,120.4116,82.0207,580
360,193.7244,104030,119.5875,256,117.16,118.0309,82.2698,537
361,192.7271,94629,119.2125,250,118.73,125.2959,82.8651,491
362,192.5735,94361,118.3,272,117.73,123.0195,82.794,490
363,190.3717,115746,118.4375,247,118.18,117.9162,82.2218,608
364,193.5294,98700,118.6125,254,117.32,116.965,81.929,510
365,191.4571,93814,117.7625,249,116.26,124.2575,83.1366,490
366,190.2227,95682,118.2,238,116.69,124.3027,83.4334,503
367,192.468,99121,119.725,258,117.15,119.3701,82.2029,515
368,188.8105,129524,118.0125,271,117.15,114.242,81.7227,686
369,190.4912,119057,116.25,245,117.39,116.6899,82.6065,625
370,190.9573,116293,118.15,254,118.28,115.2364,81.4683,609
371,192.9542,101108,118.1875,264,117.92,115.9488,82.2408,524
372,191.1411,94806,118.825,260,116.1,124.0409,83.5876,496
373,189.6462,98616,119.925,238,116.95,122.1719,83.072,520
374,188.887,100299,118.95,246,117.3,125.4817,83.5305,531
375,189.622,96328,119.1375,253,117.64,120.8344,82.8091,508
376,187.2805,128849,119.2125,237,117.6,115.4081,82.2718,688
377,190.5773,97385,118.2875,242,116.64,117.3628,82.3653,511
378,186.0216,94685,117.625,239,116.77,123.4149,83.5906,509
379,187.6693,95899,117.7625,248,117.2,121.1304,82.4349,511
380,188.7703,106844,117.8875,246,115.93,115.4337,81.9573,566
381,184.7514,128587,118,263,116.34,113.4714,82.3392,696
382,187.6306,116331,116.475,244,117.96,114.1147,82.3589,620
383,187.4175,94271,117.15,248,117.82,122.1968,83.7256,503
384,188.1283,92371,118.875,242,116.72,120.6564,83.1702,491
385,185.1729,129621,119.65,246,116.4,115.6801,82.2531,700
386,185.6953,99347,118.275,253,116.39,122.7994,83.5783,535
387,187.7599,94631,119.75,251,116.4,120.203,82.2864,504
388,186.5316,91587,118.275,262,117.07,122.2979,82.8826,491
389,187.2974,100766,117.975,250,116.35,117.4058,82.8427,538
390,185.7716,116293,118.325,249,116.61,113.9507,82.1427,626
391,185.5284,120779,117.2125,236,115.75,113.3175,81.8376,651
392,186.1765,91785,117.375,245,116.55,123.1863,83.9145,493
393,186.0285,91526,117.775,241,115.61,122.5568,83.4449,492
394,188.2455,94311,118.3125,246,115.9,116.7015,82.3124,501
395,185.6734,91537,116.5875,240,117.43,123.3042,82.6142,493
396,186.4386,95643,119.7,237,117.51,120.8401,82.9083,513
397,184.75,114545,118.6625,235,116.61,115.2437,81.5883,620
398,188.0423,93457,119,240,117.11,123.3438,83.5808,497
399,187.1985,97156,118.425,238,117.61,123.3089,82.7253,519
400,186.5942,115875,118.425,247,117.36,118.8457,82.7295,621
401,187.3499,94237,117.75,245,116.12,123.1501,82.8209,503
402,187.9486,106003,119.4375,234,117.28,120.4757,82.8195,564
403,188.5519,96350,117.1875,250,118.31,123.0166,83.4194,511
404,188.0907,95362,118.6625,249,117.3,123.7975,83.1615,507
405,188.1557,94266,118.9875,242,117.32,123.3941,82.816,501
406,190.7538,99955,117.95,243,117.47,117.2496,82.209,524
407,188.4361,117961,117.65,243,117.54,115.9906,82.2315,626
408,187.4993,129562,117.3125,250,117.11,116.7474,82.3454,691
409,188.5,111215,118.9125,237,117.29,115.5969,81.9167,590
410,190.7351,105858,119.1,251,117.33,117.0737,81.885,555
411,189.0668,93399,117.8875,248,117.99,124.9258,83.5578,494
412,189.6712,97491,119.5125,261,117.1,124.348,83.3785,514
413,191.36,95680,118.7,250,115.23,118.299,82.5184,500
414,188.9006,95017,117.9125,256,118.06,123.95,83.4452,503
415,188.9355,93712,119.325,249,116.97,121.6605,82.8251,496
416,187.066,127579,118.55,239,118,116.3302,82.9213,682
417,186.9284,122625,118.7,251,118.28,116.3628,82.5727,656
418,185.8094,122820,117.525,254,116.8,116.0856,82.1258,661
419,187.4017,108693,117.8875,234,116.53,116.8452,82.0557,580
420,190.4635,96565,117.8625,240,116.52,115.9522,81.9293,507
421,186.1864,95886,118.3875,245,117.8,124.8579,83.254,515
422,186.4266,93959,119.225,245,116.26,122.7261,82.3963,504
423,187.8927,108602,118.225,245,117.88,116.4292,82.0936,578
424,188.4452,106660,117.6125,250,116.73,117.1396,81.7935,566
425,190.142,95071,118.2875,242,117.87,116.6498,81.7593,500
426,186.937,115714,117.0375,259,118.04,116.8903,81.4856,619
427,187.4439,113591,116.7625,248,118.97,116.3912,82.2831,606
428,186.0149,124444,117.8625,250,116.81,117.8864,82.2848,669
429,186.5471,93087,118.6375,245,117.26,126.2847,82.4316,499
430,187.4848,92430,120.5875,237,116.44,124.6078,82.8353,493
431,188.5891,97312,120.25,250,117.72,118.7947,81.9519,516
432,190.0791,93709,118.6625,244,116.85,117.5005,82.2825,493
433,187.4545,92790,119.8,240,116.88,125.9428,82.6589,495
434,186.8517,93239,116.8625,247,116.4,126.0403,82.8384,499
435,185.3437,113245,118.5375,247,116.41,118.9544,81.7974,611
436,188.3455,98128,117.3875,233,118.1,117.7177,81.8226,521
437,185.5706,99837,118.625,251,117.33,126.4249,83.2603,538
438,185.5108,94425,118.575,240,117.7,125.329,82.7134,509
439,187.2224,93424,119.2125,259,116.63,125.6909,82.2177,499
440,188.977,98646,119.1875,244,117.43,120.8213,82.228,522
441,185.4286,119416,119.1875,246,117.25,117.9514,81.6864,644
442,188.0739,99303,117.8125,237,117.64,118.405,81.9638,528
443,187.6858,104541,116.7375,235,118.08,119.2148,81.6776,557
444,184.6693,94920,118.3375,232,117.17,126.9075,83.3123,514
445,186.2324,95351,119.2625,243,117.69,126.0528,81.852,512
446,185.6306,115091,117.65,253,117.21,119.8517,81.4964,620
447,183.6749,127103,117.7375,232,117.46,119.1129,81.7387,692
448,186.5582,102607,117.525,239,116.74,118.8815,80.8955,550
449,184.0966,114324,117.9375,261,116.68,118.9398,81.2524,621
450,182.2052,133192,118.8125,233,118.5,119.2185,81.3995,731
451,184.7409,111214,118.425,248,117.51,120.5351,81.9474,602
452,183.6441,119185,118.875,245,117.97,120.1115,81.7784,649
453,186.7283,96912,118.1,230,117,120.8348,81.7438,519
454,183.6006,115852,118.25,229,117.69,119.3734,82.0946,631
455,186.4485,103106,119.0125,240,118.32,120.1049,81.5824,553
456,180.9,135675,119.525,237,116.46,118.4189,81.9208,750
457,183.9679,91616,117.95,238,117.22,127.6052,82.8847,498
458,183.1221,95956,119.2,239,117.78,126.0369,82.672,524
459,183.6635,115157,119.6125,240,118.03,122.301,80.8483,627
460,184.9724,100440,118,241,117.05,119.6403,81.7043,543
461,182.8266,90682,120.875,232,118.18,127.0335,83.0394,496
462,184.0776,90198,119.6875,231,118,124.3975,82.1393,490
463,182.37,122735,119.275,241,117.04,118.8474,81.0476,673
464,184.7941,99604,117.45,237,118.14,120.8817,81.4325,539
465,183.8303,92099,118.1125,235,117.74,128.2897,82.3152,501
466,181.5541,109114,117.1625,257,117.22,131.3724,83.9065,601
467,183.6996,94789,120.05,232,117.69,124.6776,82.4853,516
468,182.3249,115594,120.025,231,118.03,119.2966,81.6445,634
469,184.8316,109790,116.95,239,116.53,119.4851,81.4538,594
470,183.6444,90904,117.8875,221,116.71,127.8352,82.1963,495
471,184.1225,93166,119.075,236,117.72,128.518,83.1664,506
472,182.2692,111731,119.9625,238,116.21,123.286,81.9461,613
473,182.2003,129180,117.975,234,117.17,120.5432,81.2104,709
474,181.8685,132764,119.575,230,116.78,121.5412,81.3224,730
475,182.6284,114508,117.3625,240,117.02,123.5311,81.6152,627
476,186.2663,94437,119.1625,236,117.82,123.2368,80.9734,507
477,186.2345,92931,117.425,232,117.21,124.7992,80.7515,499
478,182.3098,126523,118,230,117.14,124.6549,80.6009,694
479,186.0552,94330,117.8125,245,116.58,124.7312,80.5096,507
480,184.2256,90639,117.65,230,116.46,134.7033,81.0334,492
481,185.6454,93194,119.3,236,116.76,134.6896,81.6968,502
482,185.0937,108650,120.1375,239,117.18,131.2224,80.6866,587
483,184.9331,110590,119.2375,235,117.56,127.728,80.2577,598
484,183.6705,94774,117.425,242,116.31,137.0092,82.1062,516
485,183.192,96359,119.2375,234,117.66,135.967,81.3175,526
486,182.3772,126205,118.4125,228,117.29,132.1688,81.3489,692
487,184.6297,93238,118.1625,236,116.25,138.9109,81.0308,505
488,184.0059,93659,118.4875,235,117.5,139.4692,82.0417,509
489,184.8091,93883,119.8875,237,117.15,134.8635,80.4175,508
490,185.6007,108762,117.4625,227,116.26,131.3617,80.0459,586
491,184.1734,123212,116.85,242,116.64,133.3548,80.2958,669
492,181.4109,129346,116.6375,224,116.43,132.7645,80.9172,713
493,184.1848,113642,118.2625,245,116.79,133.4682,79.8705,617
494,186.6915,92599,118.0375,250,117.14,133.342,80.0478,496
495,183.6972,98278,117.625,238,116.41,141.0731,81.8724,535
496,183.6063,98413,120.2125,245,116.66,140.9704,80.7319,536
497,184.7654,92937,120.2875,246,115.78,143.4004,81.4267,503
498,184.0705,101791,119.475,235,117.06,139.913,81.0777,553
499,183.1194,122690,119.375,238,116.64,134.3977,80.1014,670
500,184.4729,108839,117.675,230,116.18,135.3636,79.8623,590
501,184.6653,91040,116.675,244,116.05,144.1689,81.2768,493
502,184.7519,95332,119.6,231,117.22,143.2336,81.7551,516
503,186.1285,92692,120.425,235,115.23,139.42,80.9454,498
504,186.7807,92830,120.075,233,116.28,137.7458,80.9341,497
505,184.8758,90774,118.7625,239,117.07,143.4549,82.1316,491
506,183.8345,106624,119.65,230,117.16,141.0316,81.8905,580
507,184.9281,92649,119.0375,238,117.56,143.639,81.8818,501
508,183.8315,101475,118.7,239,115.68,139.2935,81.1448,552
509,183.9627,118472,119.6375,235,116.1,137.1768,81.8303,644
510,184.4055,108246,118.5875,242,116.21,136.8756,80.6488,587
511,184.419,91103,117.9125,240,116.13,143.5602,82.2245,494
512,185.5224,91277,119.6875,232,115.39,141.2535,81.6518,492
513,183.3771,110393,119.3875,253,116.21,137.8264,81.7161,602
514,183.2074,119268,119.4,238,116.57,135.1163,81.2484,651
515,184.9399,92285,118.55,241,117.37,143.6853,82.6151,499
516,185.602,91873,120.1875,250,115.98,141.2125,82.4851,495
517,184.491,112355,117.9375,233,116.02,136.8216,81.3439,609
518,185.6883,91730,119.2375,242,116.91,143.1362,82.6201,494
519,185.7317,98995,119.9875,247,117.12,140.7955,82.1475,533
520,183.6311,127440,118.4,232,116.07,135.1424,81.6921,694
521,184.7216,115451,119.0125,238,116.56,134.8084,81.7727,625
522,186.9403,103378,116.725,243,116.29,136.4585,81.1954,553
523,183.7147,119782,118.4375,229,115.8,135.1894,81.7098,652
524,185.7541,91391,118.325,247,116.34,142.5906,82.3193,492
525,184.5712,97269,119.1125,243,116.38,142.2311,83.275,527
526,186.8474,93050,120.4625,232,116.2,137.0226,81.2872,498
527,184.3339,117052,117.8375,238,117.14,133.7898,81.0425,635
528,185.0845,91987,116.85,233,115.61,141.4524,82.2683,497
529,183.7117,103246,119.625,233,116.87,138.9457,82.849,562
530,184.9695,109132,118.3625,246,115.93,134.0657,81.4334,590
531,184.7847,94425,117.325,245,115.34,141.5223,82.8533,511
532,184.7636,91458,120.525,227,116.75,139.681,82.645,495
533,183.8464,110124,118.575,239,115.67,133.7047,81.38,599
534,182.9944,130292,119.3375,224,116.01,132.181,81.5535,712
535,186.1818,94208,117.9875,233,116.75,133.9058,81.435,506
536,183.6197,113477,117.8125,233,116.37,132.2758,81.8219,618
537,183.2035,116151,118.9625,230,116.89,131.4122,82.0772,634
538,184.8145,91668,116.7375,236,116,139.1259,82.6247,496
539,183.8813,91389,118.225,244,117.09,138.2054,82.9616,497
540,183.4064,91153,119.5625,219,115.81,138.5574,83.0433,497
541,185.7617,91209,119.025,229,117.03,132.9179,81.4611,491
542,182.5453,124861,118.275,237,115.76,130.9063,82.137,684
543,182.491,122269,118.325,237,116.06,130.2041,82.5307,670
544,183.6667,92568,117.5625,227,115.24,138.048,83.0472,504
545,182.9922,94058,119.125,234,115.22,138.5343,82.9237,514
546,184.5843,91923,118.7625,236,116.23,133.499,82.2504,498
547,182.2096,125178,117.5375,231,116,129.9705,81.8577,687
548,183.1457,90474,118.1375,236,116.94,136.9529,82.4975,494
549,183.5272,91213,118.3375,235,116.15,134.7934,82.592,497
550,184.1682,97425,119,241,115.78,130.106,82.1394,529
551,183.065,90068,117.3625,246,116.34,134.759,82.9152,492
552,184.2869,91222,118.3625,232,115.93,131.8618,82.2114,495
553,182.1212,94703,118.5,235,115.43,135.8149,82.0283,520
554,184.1919,95043,119.65,237,116.33,132.176,82.5722,516
555,183.106,119202,120.075,249,117.44,127.3357,81.9667,651
556,183.3172,98258,118.2125,245,117.4,133.8946,81.3408,536
557,183.9219,110721,117.875,237,116.82,132.7116,82.0882,602
558,184.1023,109725,118.5875,226,117.27,127.8716,81.6078,596
559,185.2785,105794,118.475,237,116.08,127.4082,81.654,571
560,185.1626,91100,117.6125,244,115.91,134.8268,82.0635,492
561,184.7409,91262,118.8875,235,116.18,133.8592,82.7318,494
562,184.9282,105594,119.1,239,115.85,128.5441,82.4252,571
563,187.9207,92457,118.4125,244,116.4,127.2009,81.5062,492
564,185.6382,91334,118.05,250,115.33,132.8604,82.3757,492
565,184.6477,90662,118.2875,245,117.45,133.4414,82.4789,491
566,183.5584,100590,118.425,234,116.01,128.5324,82.1319,548
567,184.8397,106098,117.8125,237,115.87,124.98,80.9823,574
568,183.5303,121130,117.8125,240,115.99,124.468,81.1604,660
569,183.0259,120248,117.675,246,116.57,124.1558,81.2515,657
570,182.3997,121843,117.7125,244,114.94,124.251,81.8621,668
571,183.3896,120487,117.9125,260,116.9,125.2891,81.6562,657
572,183.1782,116135,117.5875,229,116.58,125.3827,81.594,634
573,183.7096,94243,118.2875,234,115.61,133.1173,82.2842,513
574,183.9839,91440,118.8875,252,116.17,131.3206,81.908,497
575,184.2907,90671,119.8875,226,117.37,131.9567,81.8999,492
576,184.2943,103942,118.3,229,116.08,129.1715,82.3348,564
577,182.8593,96184,117.525,244,116.11,131.9479,82.6033,526
578,185.3153,95808,118.3125,235,116.16,127.3581,81.2174,517
579,184.0286,115754,118.075,258,116.9,123.6034,81.338,629
580,183.4927,125876,117.2125,235,116.41,123.1153,81.4212,686
581,186.7859,95074,116.1375,237,116.77,126.0078,81.868,509
582,185.1844,111481,117.75,235,115.75,125.1028,82.1271,602
583,184.0046,121259,117.3875,226,117.01,122.738,81.0926,659
584,185.027,95844,117.8875,239,116.94,129.5595,82.6863,518
585,185.882,92941,118.85,246,115.44,130.1226,81.4347,500
586,184.264,95633,118.575,239,115.9,129.4093,82.2082,519
587,185.6457,97464,116.9125,245,117.34,123.3177,81.6575,525
588,184.6062,95626,117.6875,252,116.59,127.651,82.8858,518
589,184.5703,91916,119.0875,233,115.76,127.7906,82.3591,498
590,184.835,94081,117.9625,258,116.53,127.6668,82.8142,509
591,183.9167,105936,118.0875,236,116.99,123.0538,82.0105,576
592,182.0451,137262,117.7375,238,117.09,117.4667,81.8305,754
593,183.5429,89936,117.975,235,115.79,126.9671,83.0744,490
594,182.2452,95861,118.2,232,115.75,126.5321,82.7639,526
595,181.7756,93978,119.1375,237,116.03,125.9192,83.5297,517
596,184.1393,103118,118.05,238,117.08,119.904,81.8627,560
597,182.893,112845,117.5125,225,116.87,118.3177,82.1395,617
598,181.5179,126518,115.9,239,116.13,117.3559,81.276,697
599,181.2254,127039,116.6,228,116.1,119.0371,81.6456,701
600,181.3884,125158,116.7375,232,116.05,118.5414,82.0544,690
601,183.6883,90742,115.7125,229,114.92,126.1057,82.8723,494
602,182.7393,93928,118.1625,231,117.54,124.7785,81.417,514
603,181.351,88862,116.95,242,114.92,127.4512,82.7574,490
604,181.0435,95772,117.7625,226,116.11,127.7534,82.6941,529
605,180.5234,104162,117.4875,227,115.83,122.2232,81.8245,577
606,183.4685,95954,117.9125,227,115.74,118.6852,81.7013,523
607,181.9694,106998,117.225,223,115.76,119.0513,81.3634,588
608,181.3255,93020,117.4375,219,115,126.9431,82.2744,513
609,181.4795,92736,117.525,233,116.68,125.723,81.6144,511
610,178.7726,138370,118.075,232,116.36,124.9188,81.2291,774
611,179.4034,104951,116.6875,221,116.47,129.6537,82.8945,585
612,181.4205,90166,118.475,232,116.17,126.9167,82.7616,497
613,181.0797,90902,117.8375,228,116.05,127.3929,82.6807,502
614,179.8496,108809,118.4875,244,115.64,122.6056,82.04,605
615,183.907,94896,117.725,221,116.96,117.9745,81.063,516
616,181.0306,88705,116.25,254,115.63,126.287,82.6605,490
617,180.4739,96734,117.8125,241,116.37,125.0973,82.0861,536
618,180.9288,94083,117.475,232,115.83,128.5372,82.5198,520
619,181.426,90713,117.675,238,115.52,123.7232,82.1168,500
620,180.9748,93383,117.8125,230,116.48,126.8425,83.0586,516
621,181.1351,100530,116.95,226,116.88,122.5729,81.8739,555
622,180.6814,114552,116.7,218,116.77,118.1157,81.3924,634
623,179.0526,129276,116.4,223,116.38,117.6854,81.4099,722
624,180.2244,89932,116.4375,226,116.35,125.8502,83.1193,499
625,180.6556,92315,117.1875,228,116.26,125.3257,82.1224,511
626,180.9548,104049,117.3125,249,115.84,120.741,81.4617,575
627,182.0408,98120,116.0125,247,117.35,117.5711,81.2791,539
628,180.3585,88556,115.025,238,117.08,126.8447,82.2068,491
629,180.2317,91017,119.65,233,116.96,125.5991,82.0748,505
630,178.4765,121364,116.825,230,116.08,120.9923,81.7064,680
631,181.931,100244,116.5,240,116.07,118.734,80.8854,551
632,178.5426,125694,117.025,227,115.71,117.4628,80.5334,704
633,181.9783,100634,116.4375,235,116.49,119.299,80.9621,553
634,181.7374,93413,115.3875,232,117.75,119.278,81.0154,514
635,182.2373,92941,117.4,229,115.41,118.8038,81.2882,510
636,180.0344,110001,115.725,232,116.38,119.5329,81.0255,611
637,181.1363,90387,117.9375,226,117.77,127.8588,81.9589,499
638,180.6394,90681,117.9,221,115.67,128.3317,82.2384,502
639,180.644,98451,117.225,228,116.77,123.4639,81.9383,545
640,180.6016,89759,118.275,230,115.63,127.3496,82.0376,497
641,180.858,91695,118.6125,233,115.02,124.2094,81.3794,507
642,182.0766,92677,117.55,239,116.74,120.3884,80.6795,509
643,180.4877,95117,116.075,224,116.64,129.0719,81.8009,527
644,178.7302,99374,117.325,227,116.11,127.9037,81.5719,556
645,180.2173,106148,116.775,229,115.35,122.2999,81.2316,589
646,180.6877,91428,117.125,226,115.75,127.763,82.5056,506
647,181.2589,91717,117.1625,226,116.84,126.9243,81.2987,506
648,179.7782,90788,115.175,225,116.56,129.6477,81.6397,505
649,179.6977,100451,116.6875,230,116,125.8747,82.0338,559
650,180.164,90082,117.7625,222,116.14,128.7542,82.0391,500
651,181.373,91412,119.4375,218,115.97,123.66,81.858,504
652,180.2817,95369,116.825,237,116.96,128.4734,82.767,529
653,180.4319,94005,117.825,239,115.52,124.3499,81.3043,521
654,179.731,118263,115.975,225,116.49,119.3015,81.3392,658
655,179.6628,93245,116.025,230,116,127.8443,81.6827,519
656,181.602,88985,117.9125,225,117.9,128.0757,82.5124,490
657,179.1917,112174,118.2,240,115.87,123.2196,81.9841,626
658,179.9592,123452,116.6375,233,115.35,120.4733,81.0317,686
659,182.3778,106691,116.5125,230,116.23,119.8487,80.7303,585
660,179.9967,107998,116.725,229,116.16,118.2427,80.5183,600
661,180.6599,89246,116.2625,229,117.08,127.9281,82.4661,494
662,180.2205,91552,118.275,242,116.85,127.2884,82.2446,508
663,180.6347,99891,117.2125,226,116.72,122.2578,81.8191,553
664,178.7796,120855,116.4875,230,116.68,119.4495,81.4185,676
665,179.3757,94531,116.3,229,115.52,129.0435,81.7963,527
666,180.1545,88636,118.275,227,114.75,127.6264,82.1138,492
667,179.3146,111713,117.075,229,116.4,121.5406,81.7908,623
668,179.1476,117700,117.2,232,116.17,118.4614,81.3106,657
669,182.6489,92603,117.85,235,116.63,119.8159,80.2956,507
670,180.2736,93562,117.9125,228,115.5,129.3143,82.0119,519
671,180.3601,92164,117.1,230,116.28,128.6221,81.7891,511
672,182.3069,89695,117.95,225,115.63,123.1321,81.1786,492
673,179.9966,106018,116.8875,222,116.18,118.7809,80.3797,589
674,179.5793,117804,116.5625,228,116.09,120.1602,80.591,656
675,182.0916,93413,115.7625,231,116.26,121.3791,80.8715,513
676,180.4776,100526,117.5625,247,116.74,121.4808,80.7228,557
677,179.5117,114708,116.6625,228,117.09,120.6794,81.0245,639
678,180.551,100928,116.6625,225,115.41,121.8497,80.3416,559
679,180.0259,90373,116.3125,229,116.08,128.0409,80.9099,502
680,180.9329,91733,117.5,230,116.12,129.7411,81.3163,507
681,180.9072,97509,117.65,237,116.37,125.2847,80.8942,539
682,181.514,103826,116.825,249,116.56,120.2986,81.2812,572
683,181.0188,106077,116.6375,227,116.14,120.4466,80.4163,586
684,180.3902,114187,116.4,229,116.41,121.3251,80.9045,633
685,182.3764,98848,116.1,232,115.5,120.9142,81.2468,542
686,182.3239,90068,116.925,227,115.01,127.7487,81.6042,494
687,180.7828,107385,118.125,226,115.64,127.2109,81.579,594
688,185.4065,91220,117.9375,232,116.29,123.7038,81.3284,492
689,184.1222,91877,117.5,237,115.87,128.5561,81.2336,499
690,184.8548,91688,117.475,233,115.49,128.8225,81.2708,496
691,185.6337,93745,115.7375,240,115.82,129.5393,80.884,505
692,185.4713,93663,116.675,229,115.63,129.4959,81.7756,505
693,185.4485,111640,119.5875,253,117.92,125.2075,81.1198,602
694,186.0898,95278,117.4,238,115.52,128.7889,81.4865,512
695,186.2394,96472,116.8875,255,115.89,128.1639,81.2148,518
696,186.5447,93832,117.85,233,116.63,128.5309,82.1225,503
697,185.6412,94677,117.3125,232,116.57,129.3039,81.2827,510
698,188.3135,94910,117.8875,243,116.28,129.5475,80.4833,504
699,186.9298,95895,115.3875,256,116.38,129.4227,81.2515,513
700,189.1568,92876,117.275,248,115.75,128.5639,80.9511,491
701,188.6113,96569,118.0625,242,116.24,129.8645,81.3754,512
702,188.0089,105097,116.8,247,115.96,126.5181,81.1903,559
703,184.9796,118017,117.1,246,116.13,123.4513,80.3545,638
704,187.6148,103751,115.625,240,116.44,124.1641,80.8773,553
705,184.5251,121233,116.3375,243,116.22,123.6129,80.1352,657
706,186.5566,102233,116.1625,231,115.83,123.3167,80.601,548
707,186.0663,98243,117.2875,240,115.74,127.7886,81.2818,528
708,185.8117,91791,116.9375,246,116.51,125.9967,80.9973,494
709,186.1673,93456,116.6875,247,115.28,129.6967,81.474,502
710,187,95183,116.7125,241,116.09,127.1986,80.6031,509
711,185.841,93478,117.325,247,116.31,129.0844,81.2766,503
712,185.6725,94693,116.9875,250,115.85,130.1353,81.5928,510
713,184.7698,107536,118.2,231,116.58,126.5982,80.5427,582
714,185.6727,103234,116.225,247,116.37,125.5667,81.2256,556
715,183.8679,112711,118.8375,249,115.27,124.3165,80.6896,613
716,185.7123,104556,116.45,234,116.08,122.6936,80.1432,563
717,183.3865,125253,117.7125,239,116.23,121.0073,80.6502,683
718,184.0016,115369,116.1375,246,115.96,121.6375,80.239,627
719,183.6088,96211,116.525,241,116.11,128.6728,81.5234,524
720,185.0287,96585,117.0625,232,117.06,127.7126,81.97,522
721,183.5309,91949,116.1125,234,116.5,128.5597,81.9455,501
722,183.5108,102399,116.075,231,117.14,124.8487,81.1605,558
723,183.2213,92710,116.3125,244,117.02,129.5273,81.6619,506
724,183.9602,92532,117.2,240,115.23,127.5926,81.171,503
725,183.3516,90209,117.675,234,115.82,129.4191,81.5735,492
726,184.5634,91728,118.65,247,115.53,124.6895,80.7946,497
727,183.6673,99364,118.3125,231,115.79,122.0278,80.494,541
728,183.5915,90327,115.4875,232,115.87,127.9821,81.6739,492
729,183.0837,96302,119.1875,248,116.46,128.4891,81.8992,526
730,182.7505,98868,117.05,232,117.02,129.2779,81.2229,541
731,183.3006,91467,118.85,249,115.66,128.6795,81.8461,499
732,183.2211,90328,117.975,239,116.46,128.4303,81.9705,493
733,184.6239,105051,117.7125,237,116.86,123.6506,81.2084,569
734,185.3407,92485,117.95,242,116.82,128.5566,81.9289,499
735,187.7886,92392,117.6375,237,116.16,125.5492,81.689,492
736,185.4291,96794,116.3375,245,116.05,128.3049,82.4684,522
737,186.1274,96414,117.7375,232,117.04,125.2491,81.8795,518
738,184.8028,119937,119.2625,254,114.55,120.754,81.3111,649
739,185.3299,109530,116.95,236,116.26,120.5001,80.6273,591
740,185.0298,105467,115.825,242,116.18,120.4158,81.2132,570
741,185.5188,93687,115.1625,259,114.85,126.7692,81.3727,505
742,184.5225,94291,116.6875,229,116.36,124.8382,81.44,511
743,184.3143,96765,117.85,233,116.53,127.6452,82.738,525
744,183.1487,98534,118.5875,239,116.88,127.9785,81.4261,538
745,185.6626,91346,118.275,234,115.83,123.5281,81.0458,492
746,185.2584,93185,115.725,235,115.35,119.8808,80.7976,503
747,182.9821,112717,116.2375,242,114.43,119.4424,81.0962,616
748,184.1065,93342,116.9125,229,115.67,128.2766,82.1,507
749,183.7619,92616,116.7625,229,116.55,129.0001,81.6925,504
750,184.474,95742,118.8875,232,116.1,123.4335,81.4031,519
751,184.944,92472,116.7125,233,116.56,127.6003,82.5492,500
752,184.8232,94075,116.7375,238,116.3,129.5327,81.4745,509
753,183.474,106048,117.475,240,116.53,124.5205,81.37,578
754,183.8423,95598,116.3625,228,116.3,128.3309,82.0657,520
755,183.9738,91251,119.8625,238,116.79,127.3788,81.744,496
756,183.5634,98390,116.65,239,116.75,129.4637,81.896,536
757,184.2525,90468,117.7625,237,114.9,128.6636,82.0311,491
758,184.0844,100326,118.3375,237,115.99,123.107,81.2442,545
759,185.0975,96806,116.75,233,116.79,120.3248,81.1282,523
760,185.1175,108664,116.4125,237,116.39,120.5433,80.8477,587
761,182.089,118722,115.4125,226,115.52,120.6333,81.5352,652
762,182.6271,118525,117.525,251,114.28,120.7347,81.1419,649
763,182.1336,124033,116.475,231,115.83,119.9386,81.0435,681
764,183.0599,97754,115.65,231,115.97,128.1366,81.8612,534
765,183.5798,94360,116.8,240,116.19,126.5655,82.4828,514
766,182.6109,116871,116.275,239,116.32,120.837,81.275,640
767,183.4625,90447,116.8,243,117.05,128.1239,82.5087,493
768,183.0236,93159,119.125,254,115.25,127.4112,81.8499,509
769,182.9577,90747,116.825,239,116.19,127.1044,81.876,496
770,180.435,95811,117.2375,235,115.07,128.9822,82.6051,531
771,183.24,91620,118.075,237,116.25,124.7976,81.6092,500
772,180.9828,94835,116.7,222,116.11,127.3644,81.6789,524
773,183.0862,91360,116.475,223,117.29,123.8567,81.692,499
774,179.9446,97530,117.35,233,115.8,127.6303,82.1264,542
775,180.4444,103936,117.75,230,115.64,125.4372,82.3645,576
776,181.1035,92725,117.7,238,117.26,126.221,81.9471,512
777,181.1863,98203,117.5,227,116.68,126.4818,82.8254,542
778,182.006,90639,117.15,228,115.57,126.1539,81.8517,498
779,180.5171,111018,118.0375,234,115.7,120.0463,81.441,615
780,181.3774,113905,116.225,231,116.35,118.7972,81.8582,628
781,181.6314,106436,116.7375,222,116.01,118.393,81.1147,586
782,180.2451,119863,116.425,236,116,118.7353,80.9134,665
783,181.4878,89292,115.7875,231,115.83,126.0449,82.777,492
784,180.8769,96950,117.3375,237,116.32,127.7769,83.7273,536
785,180.1702,94229,117.4125,228,116.01,126.3225,82.4753,523
786,182.6917,94817,116.65,225,116.55,120.2239,81.5382,519
787,178.5857,125010,116.4375,228,115.97,116.604,81.5505,700
788,180.4518,106647,117.15,229,116.77,118.47,81.602,591
789,180.8663,104179,115.475,226,115.04,118.529,81.7309,576
790,179.9427,94290,117.0625,225,116.46,127.5648,82.8391,524
791,179.2694,99136,118.65,239,115.36,125.4286,81.8358,553
792,180.0813,90761,117.2875,236,116.49,126.9253,82.8029,504
793,178.2268,99807,117.1,225,116.54,127.7186,83.1291,560
794,181.4289,89263,117.3125,225,116.71,123.2659,81.6868,492
795,177.6928,140555,117.05,233,116.71,119.5014,81.8978,791
796,181.1032,96528,116.85,238,116.4,118.371,80.8225,533
797,178.1667,127211,116.1125,229,115.89,117.5888,81.1912,714
798,180.8253,97284,117.5,221,116.17,118.7922,81.686,538
799,180.3547,89997,117.175,234,115.46,125.67,82.3258,499
800,179.4333,92767,117.4875,232,115.81,125.9457,83.3458,517
801,181.1634,92031,117.7625,228,116.18,120.5617,81.457,508
802,182.3549,93001,117.8375,233,117.22,126.9844,82.3419,510
803,181.9841,91720,117.9125,241,115.74,123.6246,82.2986,504
804,182.7097,91903,116.5375,233,115.38,120.8518,82.0613,503
805,180.9757,89402,117.0625,227,115.78,126.009,82.5165,494
806,180.6139,93558,116.4875,221,114.84,123.4822,81.8899,518
807,181.1356,92198,118.3875,235,116.57,118.6485,81.2757,509
808,178.6653,127567,116.4875,230,115.86,116.8731,80.8662,714
809,179.903,90851,116.5375,229,116.42,125.5303,82.0712,505
810,179.67,90374,117.7375,238,115.46,126.2423,82.0712,503
811,180.7035,103001,117.8375,225,117.15,122.5312,81.942,570
812,179.5184,87964,115.625,235,116,126.1909,82.5311,490
813,178.9817,87880,117.725,225,115.2,125.4342,81.6541,491
814,178.1369,124874,116.0375,228,115.51,124.0199,81.3106,701
815,181.1593,94384,116.625,224,116.21,119.8108,81.2794,521
816,179.7137,94170,117.125,233,115.45,125.9697,82.4699,524
817,179.4387,93667,116.9375,234,116.59,123.4115,82.253,522
818,179.0096,93443,116.5,225,116.32,127.2234,82.9476,522
819,179.6887,106196,117.55,233,115.19,123.9357,82.1537,591
820,180.3353,90889,116.55,225,115.58,126.0096,81.7947,504
821,179.6031,92316,117.725,233,115.24,126.6473,82.5849,514
822,179.6404,104910,118.2375,228,116.46,121.9247,81.302,584
823,181.1344,88937,117.05,223,115.67,126.0935,82.2919,491
824,180.1643,89902,117.4125,227,115.79,126.0927,82.4757,499
825,180.2735,120603,117.3625,231,115.85,121.7349,82.1246,669
826,180.5302,92612,116.975,240,115.41,126.3113,82.2289,513
827,182.0893,91773,117.25,237,116.53,123.705,81.986,504
828,180.5696,115384,118.3125,231,115.33,121.2538,81.6566,639
829,179.5164,114711,117.275,240,115.89,117.8374,81.0931,639
830,179.9707,92145,116,232,115.1,126.3307,81.9872,512
831,181.33,90121,118.075,228,114.92,125.4372,82.4304,497
832,178.6159,117172,115.975,225,115.77,120.6359,81.7674,656
833,180.6128,90487,115.15,230,116.46,126.3015,82.82,501
834,179.6761,89299,117.2375,231,116.51,126.8779,81.8433,497
835,180.94,93546,115.5375,226,116.48,122.7895,81.3468,517
836,178.3705,124681,116.25,232,115.61,118.3021,80.9457,699
837,180.5937,114677,115.4,232,115.78,117.4237,80.4287,635
838,179.9058,120357,115.6625,236,116.06,116.8452,80.9923,669
839,178.7956,121581,117.15,232,116.23,118.1709,80.8521,680
840,178.1082,128416,114.925,230,114.95,116.6309,81.7059,721
841,181.7849,96346,116.8125,229,115.52,120.0519,81.8214,530
842,180.2468,113195,116.825,227,115.7,119.1778,81.1923,628
843,178.3422,133400,115.4375,224,115.2,117.3457,80.9597,748
844,179.7247,131199,116.5375,228,115.69,117.3993,81.2749,730
845,182.2083,92744,116.0375,241,115.85,127.1469,81.476,509
846,182.2401,91849,116.725,230,116.53,126.2678,81.9064,504
847,182.6159,89847,116.9125,233,116.44,127.2428,82.2227,492
848,181.9565,104625,116.4875,231,116.94,121.893,81.6353,575
849,180.6796,125753,116.7875,235,115.75,119.2475,81.0218,696
850,182.7466,95211,116.025,224,115.33,127.1299,81.7965,521
851,183.4291,94466,116.75,228,115.6,125.3465,81.4875,515
852,182.6319,92777,116.6375,250,115.59,127.923,81.0646,508
853,182.9192,106459,117.9,231,116,123.9012,81.1014,582
854,184.2101,102605,116.6375,239,117.23,122.2127,80.2781,557
855,182.7426,117869,117.525,237,117.41,120.9573,80.6144,645
856,186.2082,91242,117.1875,246,116.28,121.3794,80.0879,490
857,184.0329,95145,115.8375,238,116.34,128.3448,81.0142,517
858,182.8043,102736,116.0875,238,115.22,130.3046,81.5253,562
859,183.6517,93846,116.75,225,116.04,124.635,80.834,511
860,182.285,109371,116.4375,233,116.12,119.6232,80.722,600
861,182.9449,109584,116.2,228,116.12,121.3993,80.9506,599
862,183.66,91830,116.3,234,116.36,128.3685,81.7582,500
863,182.7546,90098,117.875,238,116.02,126.7421,80.8798,493
864,180.6068,116672,115.875,228,116.56,122.5487,80.6082,646
865,181.3481,94301,117.1125,233,116.03,128.8638,81.3939,520
866,180.9048,100764,116.775,227,116.44,126.7943,81.5297,557
867,181.4376,103238,118.3875,233,115.89,121.5669,80.6058,569
868,183.778,95197,118.0875,243,115.69,120.9782,79.7332,518
869,184.1522,93181,114.625,229,117.15,120.3398,80.2483,506
870,182.703,97198,116.8125,229,115.72,123.9659,81.1028,532
871,181.6405,111164,117.0875,230,115.69,123.5729,80.6474,612
872,185.3287,92479,117.65,230,116.6,121.2524,80.355,499
873,181.0874,107747,117.025,226,115.93,119.5416,79.8692,595
874,182.9755,97160,116.725,236,116.07,120.9782,79.9501,531
875,182.5488,89814,115.8375,224,116.46,129.3828,81.2613,492
876,182.174,91087,116.5125,244,115.6,129.3583,81.8041,500
877,182.212,91106,117.0125,220,116.57,130.2844,80.5866,500
878,182.1359,89793,117.2625,239,116.15,129.2194,81.3856,493
879,182.3971,101048,117.0875,231,116,123.3599,80.4915,554
880,181.008,90323,115.7625,236,115.77,129.6161,81.1963,499
881,182.8066,93597,117.9375,249,116.4,127.7606,81.1332,512
882,182.3652,93371,117.9875,232,115.84,129.5255,81.1635,512
883,183.6362,92369,116.375,232,115.86,125.2217,80.4679,503
884,180.0484,126574,115.725,232,115.99,120.582,79.8972,703
885,182.7298,104156,115.9625,230,116.17,121.3012,80.1155,570
886,182.046,110866,115.5625,225,115.53,121.3329,80.1129,609
887,181.3393,111161,116.55,232,116.35,122.413,80.7846,613
888,181.3496,92851,118.3375,240,116.16,128.8332,82.0758,512
889,182.2272,89838,117.15,226,115.98,127.0139,81.3427,493
890,180.4778,105760,117.5875,225,115.37,121.6455,80.6057,586
891,179.4382,120403,116.625,241,116.49,119.9663,80.5108,671
892,179.4639,119164,118.225,242,115.11,119.5536,80.1443,664
893,180.8253,101443,116.075,233,116.57,120.665,79.9235,561
894,180.3973,92183,117.35,231,115.77,130.6527,82.21,511
895,182.3763,90641,116.9125,234,117.07,128.9435,81.4429,497
896,181.6523,93006,116.525,231,116.68,122.9537,81.1162,512
897,181.5809,100959,117,230,116.07,121.336,80.2167,556
898,177.9069,135743,115.15,224,115.09,120.2145,80.3306,763
899,182.4858,96535,116.7125,224,115.97,120.763,79.7834,529
900,180.1163,88257,117.1375,231,116.95,128.2986,81.6115,490
901,180.7123,92344,118.2,233,115.78,126.7752,81.7555,511
902,181.1429,101440,117.975,225,115.5,121.8111,80.262,560
903,181.2624,91175,116.4625,225,116.72,128.7089,81.0957,503
904,181.1608,92392,116.675,229,115.98,127.074,80.7923,510
905,180.9562,90840,116.6125,238,115.17,128.1295,81.0511,502
906,180.1974,98568,117.7625,223,115.84,128.8859,81.8776,547
907,182.4076,95764,117.175,226,115.52,123.4367,80.6627,525
908,180.1895,113159,116.5,218,115.44,119.956,80.7044,628
909,181.2727,89730,115.75,224,115.75,129.0134,81.4531,495
910,182.1534,91441,116.7125,237,116.8,130.4094,81.9815,502
911,182.1278,89789,117.95,232,116.02,124.8346,81.1346,493
912,183.3183,93309,116.875,228,115.69,121.2568,79.8876,509
913,183.2299,93264,116.3,231,115.87,120.3927,80.1869,509
914,182.0966,105616,116.05,229,116.67,121.128,80.4971,580
915,178.9332,123285,116.275,234,116.46,123.3228,80.3986,689
916,182.6712,94989,116.9125,227,116.23,123.9838,80.4039,520
917,182.1304,93615,117.125,231,117.1,129.2695,81.2937,514
918,182.6446,90957,117,234,116.73,127.251,81.1192,498
919,182.2868,92784,116.4,231,116.57,129.8067,80.9672,509
920,182.6328,93508,117.7375,227,115.44,129.9368,81.1449,512
921,182.5789,107539,117.5875,227,116.51,125.4446,81.4299,589
922,183.0743,91171,115.9125,234,117,128.9735,81.6885,498
923,182.7505,100330,116.4,233,115.51,126.4553,81.0395,549
924,183.167,97628,117.3875,251,116.5,123.0537,80.1184,533
925,183.4143,89873,116.45,240,115.75,129.1488,81.5943,490
926,182.1904,94739,117.65,231,116.25,127.317,81.6048,520
927,181.875,90210,118.5125,224,116.25,130.7157,81.2654,496
928,181.2207,91154,117.9,219,115.13,127.1486,80.938,503
929,180.7721,110271,116.2375,227,116.14,121.3927,80.4797,610
930,181.5519,89142,116.4625,231,115.77,128.6113,82.0327,491
931,181.4697,95816,117.7875,240,115.83,127.1122,80.7927,528
932,180.2349,107420,117.175,235,116.5,123.0353,80.3303,596
933,180.0589,91650,117.0375,225,116.07,130.146,81.3535,509
934,179.962,94660,118.1375,222,117.5,127.6921,81.7992,526
935,180.2937,90868,118.1625,230,116.34,127.5669,82.1952,504
936,181.2799,93903,118.5125,233,116.38,129.1915,81.6862,518
937,179.7078,91651,117.1875,246,116.92,128.0795,81.7791,510
938,181.483,90560,116.3375,216,116.04,122.1255,80.9071,499
939,179.8232,88473,118.15,226,115.23,127.8215,81.2317,492
940,180.5541,95152,115.6,232,115.74,127.1272,82.1763,527
941,179.932,97883,116.8625,226,117.26,130.4805,81.8282,544
942,180.5059,92419,117.4875,242,116.54,127.1745,81.7324,512
943,179.6299,110652,116.975,219,115.87,121.9647,80.7433,616
944,179.6367,107782,116.9625,226,116.13,119.4533,80.2051,600
945,178.5719,113036,115.925,230,116.26,118.5561,80.757,633
946,177.928,125973,116.375,222,116.2,119.7653,80.0877,708
947,179.8148,104832,116.35,226,117.54,119.1888,80.7974,583
948,178.8324,96033,116.6875,223,117.04,127.1901,81.3704,537
949,177.7929,115032,116.1,249,116.37,129.5604,82.2224,647
950,179.4668,91887,116.8125,224,116.29,124.9225,81.6687,512
951,180.1487,88453,116.625,227,117.3,129.3884,81.5232,491
952,179.2163,90325,118.3375,225,116.5,126.2911,81.0604,504
953,178.3491,112895,116.5,229,115.76,121.2167,81.2893,633
954,176.9579,130241,117.075,220,114.12,117.7974,80.355,736
955,179.903,89052,117.2,224,117.45,128.5424,81.3236,495
956,180.2036,89381,117.5125,223,116.67,126.6224,81.6458,496
957,179.2566,95006,117.4125,234,115.73,127.568,81.1713,530
958,178.5685,104284,116.9625,222,116.81,123.2793,81.3693,584
959,177.5658,94465,117.2,238,116.45,126.9242,81.625,532
960,178.764,95460,117.9875,235,116.65,129.3471,81.6278,534
961,177.9738,95038,118.05,225,116.81,125.4824,81.1024,534
962,178.7796,96541,116.075,222,116.4,120.3687,81.0654,540
963,176.345,126263,116.4,225,116,118.566,80.9311,716
964,178.5509,103381,116,235,116.78,118.0146,80.7042,579
965,178.8469,89960,116.475,233,115.06,128.0739,81.8001,503
966,178.9739,89129,116.95,230,115.52,129.0042,82.2359,498
967,178.1165,88702,116.375,224,116.7,131.2032,81.5171,498
968,176.1358,106386,117.65,223,117.13,128.9209,80.9628,604
969,176.4866,118952,117.5,221,117,124.6863,80.6038,674
970,176.5577,119353,116.2625,227,115.46,123.4411,80.8682,676
971,176.3403,135782,114.8375,225,116.09,123.2444,81.3575,770
972,179.5966,104166,116.4625,219,115.66,125.9886,80.7708,580
973,177.0621,125360,115.8625,236,116.07,127.3721,81.5274,708
974,178.0871,89934,117.35,231,114.79,134.6105,81.178,505
975,177.2445,88445,116.925,225,114.64,135.4709,81.7305,499
976,178.8529,89963,117.65,218,116.1,131.0527,81.0065,503
977,175.9793,127585,117.65,224,115.39,126.7509,80.3785,725
978,175.8755,128565,116.775,226,115.57,127.1239,80.0528,731
979,177.9633,111583,117.2375,225,115.72,129.9404,80.5121,627
980,177.3794,105186,117.8875,227,115.08,131.8675,79.6104,593
981,180.1158,90238,116.7125,224,115.21,132.6454,80.0005,501
982,177.8702,87690,116.8,233,115.87,140.77,81.3117,493
983,177.4922,90876,117.025,213,115.2,141.0837,81.2964,512
984,177.4023,106264,116.225,231,114.72,137.2191,80.6351,599
985,176.6824,123501,116.7125,227,114.47,133.3484,80.2475,699
986,181.227,92607,116,224,115.62,133.8314,80.1351,511
987,177.3776,110861,116.525,225,114.48,133.3867,80.3604,625
988,178.0097,91497,117.225,231,115.09,142.048,80.914,514
989,178.6166,90380,117.2125,227,115.46,141.3757,81.8042,506
990,177.8266,110786,118.425,224,115.55,137.0307,81.1584,623
991,178.0421,93116,117.6,229,115.49,142.4845,81.3833,523
992,179.3191,92170,116.925,235,116.26,140.6133,80.5521,514
993,176.4671,126174,117.0875,222,116.72,136.0548,80.618,715
994,177.4299,130411,116.6875,229,116.51,133.9926,80.388,735
995,178.2321,124406,117.225,230,115,133.544,79.7887,698
996,181.1977,92592,116.05,221,115.34,135.3276,80.369,511
997,177.3949,124886,116.8,230,115.06,135.3088,80.3051,704
998,180.3656,106055,116.35,225,116.03,134.3268,79.7423,588
999,176.9986,130625,117.825,241,116.17,134.4178,79.7672,738
1000,177.8923,120611,115.9625,228,116.04,135.6136,79.8779,678
1001,178.5191,107647,116.9125,234,114.9,135.7062,79.7663,603
1002,176.3338,125197,117.8625,228,115.47,134.1021,79.1737,710
1003,179.8468,104491,117.95,230,115.01,134.8597,80.3466,581
1004,178.0574,121079,117.2625,229,116.76,134.839,80.2672,680
1005,175.7127,138813,117.9,224,116.03,133.62,80.3277,790
1006,177.4713,123520,117.5,218,115.48,133.5599,79.4382,696
1007,177.1988,121204,115.6375,231,115.9,134.6665,79.9365,684
1008,175.4831,134771,116.8875,224,116.42,134.3098,80.6482,768
1009,179.1148,112305,117.175,229,116.97,135.0672,79.6993,627
1010,177.0446,127118,117.0875,234,115.98,135.6064,80.732,718
1011,178.0845,118070,117.1625,220,116.19,135.6682,81.0562,663
1012,176.059,131340,119.175,233,115.04,133.7936,80.6662,746
1013,178.5256,90691,117.5625,227,115.58,143.1157,81.124,508
1014,178.8796,92123,117.9,238,115.1,141.898,80.8923,515
1015,179.802,88103,119,232,116.57,143.8365,82.3836,490
1016,178.9924,94508,119.3375,222,116.45,139.3756,80.5842,528
1017,178.6661,113453,118.525,226,116.15,134.2617,79.7853,635
1018,178.9153,107707,116.1375,223,115.83,132.8546,79.8386,602
1019,178.1654,90508,116.375,228,116.08,141.1245,81.4976,508
1020,180.4271,89131,117.95,220,115.76,140.1963,81.4072,494
1021,178.2363,116923,117.6125,220,115.58,136.1273,80.4333,656
1022,178.326,120905,117.2375,231,114.87,132.8084,80.0948,678
1023,178.3307,91127,118.2125,217,116.26,141.2903,80.4525,511
1024,177.7553,92966,118,228,115.96,139.4109,80.395,523
1025,178.0109,114283,118.1375,219,116.35,135.1655,80.9305,642
1026,181.2249,90250,117.325,232,115.83,134.5008,80.5778,498
1027,180.3595,91803,117.1375,217,116.99,132.8166,80.6208,509
1028,180.5068,92239,117.1875,225,116.23,132.8437,79.529,511
1029,179.4058,99032,117.55,240,115.74,133.4783,79.7773,552
1030,180.2353,91920,117.3625,218,115.93,134.2607,79.7449,510
1031,179.6153,105973,117.3875,229,115.44,132.5115,80.3412,590
1032,179.4012,92571,117.725,222,116.21,130.9884,79.5508,516
1033,177.3249,126078,116.075,223,116.32,129.2602,79.9115,711
1034,178.1026,90298,116.7125,218,115.44,139.134,80.9433,507
1035,178.2076,89282,116.35,237,115.85,138.3222,81.742,501
1036,178.4278,102596,118.775,223,115.76,133.6689,80.8005,575
1037,179.833,96930,117.075,225,116.21,130.6816,80.6114,539
1038,179.279,95735,117.25,224,116.62,129.8512,80.188,534
1039,179.6524,96653,116.5125,221,116.56,127.9817,79.9892,538
1040,178.038,93648,116.65,230,115.78,137.978,81.3307,526
1041,178.3051,90579,116.925,224,116.31,136.9693,81.6644,508
1042,176.6747,88514,118.55,222,115.47,136.8422,81.6666,501
1043,178.8107,93518,119.1625,223,115.53,130.4748,80.4937,523
1044,177.5838,87904,116.8,233,115.42,136.1996,80.14,495
1045,178.8381,88346,118.1125,216,115.55,134.3663,80.7723,494
1046,178.7683,90278,117.0625,227,116.13,130.3207,80.4986,505
1047,176.4293,131087,116.1375,235,115.69,126.1488,80.4986,743
1048,179.5781,96613,115.9625,225,114.77,125.6851,79.6946,538
1049,177.2952,122511,117.2125,228,115.89,124.4116,80.3458,691
1050,177.936,116726,116.475,234,116.03,127.1815,80.1861,656
1051,178.5579,92493,117.0125,225,115.51,134.5346,81.6397,518
1052,179.3205,92888,117.1625,228,115.28,133.5413,81.5445,518
1053,179.0181,88972,116.8875,230,116.18,135.2301,81.6784,497
1054,177.6553,93802,118.575,245,116.14,135.3539,81.6587,528
1055,179.3924,104227,118.7,229,116.15,130.6577,80.8359,581
1056,175.4392,127018,117.8,217,116.76,125.8763,80.1182,724
1057,180.2306,100028,116,230,115.64,125.3143,80.9019,555
1058,178.2457,113186,116.3875,228,115.78,124.3008,79.793,635
1059,180.5356,93698,116.1125,236,115.86,126.0861,80.7544,519
1060,178.6847,112214,117.9375,224,115.51,125.586,80.2849,628
1061,181.7198,94676,115.7,241,116.04,125.8429,80.6724,521
1062,177.6886,126692,118.2,233,116.62,124.1284,80.2652,713
1063,178.8809,91587,116.6375,231,116.3,131.5568,81.4122,512
1064,178.5619,93745,116.95,235,114.94,133.2135,81.3777,525
1065,179.8858,89763,118.8625,220,115.28,128.6302,80.5068,499
1066,180.4212,97247,117.725,230,115.75,124.3693,80.8558,539
1067,179.1141,111409,116.2125,228,115.64,123.7678,80.8548,622
1068,178.6287,89493,115.275,228,115.49,133.4636,81.8054,501
1069,178.105,89943,117.5625,217,116.08,131.0282,82.2491,505
1070,178.4614,99403,117.3375,227,116.05,125.3743,80.3819,557
1071,177.7978,110768,117.4875,220,117.06,123.3364,80.2339,623
1072,178.2185,90535,116.8625,232,116.69,131.9064,81.1025,508
1073,176.996,89383,118.25,240,116.04,129.7626,81.3785,505
1074,178.0206,103608,117.125,226,116.6,124.2626,80.8593,582
1075,177.7795,112890,117.0875,228,115.13,122.6297,80.5625,635
1076,177.5866,130171,117.9375,233,115.97,121.4669,81.0507,733
1077,178.3213,108241,117,232,116.47,122.1164,81.1749,607
1078,177.9198,122053,116.7375,227,116.7,123.2207,80.4044,686
1079,179.2159,103766,116.1875,217,116.33,122.8663,80.3023,579
1080,177.8051,118596,115.975,233,115.38,123.1076,81.5036,667
1081,179.332,89128,117.2875,228,115.95,130.7058,81.3576,497
1082,179.2424,88725,116.8125,225,114.75,131.4075,81.0468,495
1083,179.4713,93684,117.7875,219,116.36,130.5249,80.9572,522
1084,180.6475,97369,118.3,233,115.59,125.7735,80.3817,539
1085,180.0118,91806,116.475,226,116.16,130.4795,80.8377,510
1086,180.8279,89329,116.4625,238,116.65,131.3743,80.8772,494
1087,181.3118,92469,118.5625,233,115.92,131.1103,80.7808,510
1088,180.3666,93971,118.4,222,116,127.2036,80.8231,521
1089,179.8974,91208,118.3875,246,116.25,130.8179,80.8699,507
1090,180.7047,88726,117.1125,229,115.22,131.5527,81.1221,491
1091,179.5395,90847,118.1,238,116.56,130.3773,81.1763,506
1092,178.9961,92899,116.95,232,116.71,130.5792,81.0664,519
1093,178.5423,109625,117.9,235,115.96,127.0607,80.1056,614
1094,179.794,89897,117.325,230,116.35,129.5224,82.1496,500
1095,179.6168,89988,117.95,221,115.89,126.3616,80.8859,501
1096,179.8324,99807,116.775,228,115.28,121.2102,80.646,555
1097,179.9493,88715,117.4375,237,114.89,130.3667,80.9632,493
1098,178.6815,88090,118,230,115.94,129.0697,81.6,493
1099,178.326,97901,117.7625,228,115.87,123.999,80.7214,549
1100,178.2305,107473,116.1125,219,115.59,119.693,80.3314,603
1101,176.6444,119235,114.925,232,117,119.0226,79.9402,675
1102,177.115,90860,115.4,217,116.41,129.0236,82.2403,513
1103,176.5929,94124,117.1875,228,115.26,129.4624,81.2768,533
1104,178.012,89006,117.95,217,116.19,124.8753,81.2057,500
1105,177.0982,88372,116.1375,235,115.26,129.1758,81.5853,499
1106,175.7774,91580,118.4625,230,116.7,126.1006,81.4409,521
1107,176.1753,91435,117.1125,244,115.53,129.884,81.387,519
1108,176.3816,90131,118.425,217,115.27,128.2691,81.1139,511
1109,176.2411,89178,116.9125,221,115.57,129.0855,81.7541,506
1110,177.2198,91091,117.1375,224,116.15,124.564,81.3294,514
1111,177.878,90362,117.1875,227,115.59,128.1862,82.0796,508
1112,177.4594,96183,117.6125,221,115.11,124.6332,81.8877,542
1113,177.3708,89927,116.5875,241,115.5,127.6273,81.3593,507
1114,175.6279,105728,117.4375,236,116.2,124.8371,80.9102,602
1115,177.6714,87059,117.5625,224,117.08,127.8192,81.5391,490
1116,177.1105,92983,116.3625,220,115.74,124.3061,80.3798,525
1117,178.3174,97183,115.3125,228,115.23,118.8439,80.6586,545
1118,177.3632,112803,115.775,238,117.85,117.9449,80.2339,636
1119,176.8459,91783,116.2,240,115.57,127.7998,80.9668,519
1120,176.5951,100306,116.9,224,116.38,129.2315,82.4302,568
1121,175.2908,103071,116.5375,220,117.03,129.694,81.6206,588
1122,176.4991,93015,117.075,222,116.15,128.3578,81.6348,527
1123,176.2019,90744,115.775,218,116.18,126.9649,81.8271,515
1124,177.1351,100967,117.3,219,117.01,123.3882,82.1582,570
1125,175.5299,126206,114.9125,219,114.41,121.0709,80.7674,719
1126,177.7791,91734,117.0625,222,116.44,127.7634,81.6317,516
1127,177.8418,87676,116.675,212,116.64,125.4634,81.2808,493
1128,177.0359,103566,115.6125,217,116.06,120.4868,80.3201,585
1129,175.5528,121307,115.275,228,116.19,117.8254,80.6533,691
1130,175.2136,92688,115.4,228,116.21,126.4702,81.9783,529
1131,176.446,86635,116.2875,232,116.73,126.7141,81.7292,491
1132,177.8062,97260,117.1125,229,116,121.7716,81.3565,547
1133,175.6696,119104,117.425,222,117.25,117.4126,81.6622,678
1134,176.4242,87330,115.9375,219,115.76,126.6279,81.7714,495
1135,176.5598,91458,117.8875,220,115.83,128.2562,82.0577,518
1136,177.75,87453,117,228,115.25,124.0982,81.4058,492
1137,175.6479,115225,116.4625,230,116.74,117.1843,80.6326,656
1138,178.711,92751,116.375,223,115.85,121.6342,80.3422,519
1139,176.66,88860,115.85,225,116.47,127.6753,81.6496,503
1140,177.1443,89635,117.7875,221,115.03,127.0325,82.2089,506
1141,176.2792,96601,117.45,215,116.07,130.1676,81.9919,548
1142,177.2337,87199,118.5125,222,116.94,125.7368,82.9286,492
1143,177.3646,87086,118,223,115.65,126.0374,81.7022,491
1144,178.3831,90797,117.2625,218,115.17,121.5151,80.9832,509
1145,177.0514,117208,116.4125,231,116.77,117.7895,81.6752,662
1146,176.5132,93905,116.3625,222,115.44,126.8849,81.8732,532
1147,176.0236,89596,118.9375,223,116.31,125.5803,81.7929,509
1148,176.9752,106893,117.5375,221,115.4,120.4183,81.7546,604
1149,179.3923,93284,117.425,220,116.7,117.195,80.2948,520
1150,175.7045,130197,116.875,238,115.07,115.3759,81.1779,741
1151,176.2609,117566,115.9125,229,115.5,117.2686,80.7991,667
1152,179.7429,88074,116.175,227,114.53,118.5798,81.3768,490
1153,176.1806,90733,116.75,223,115.85,125.8496,82.0842,515
1154,177.3658,91166,118.1875,218,116.07,126.8462,82.1245,514
1155,176.7883,102714,116.775,217,115.74,122.4444,80.8419,581
1156,175.2726,124093,117.0875,226,116.69,116.2749,81.0743,708
1157,176.0664,90146,115.9375,232,116.33,124.2218,81.9686,512
1158,175.6563,107326,117.4,218,116.32,129.552,81.943,611
1159,176.6211,90430,118.725,228,116.38,124.9474,81.2613,512
1160,178.3736,93111,116.0875,229,117.21,117.4297,80.5105,522
1161,174.6853,137652,117.2375,221,115.58,112.8923,80.2633,788
1162,176.1635,120672,115.3375,229,116.11,113.8395,81.6426,685
1163,175.8149,98808,117.5375,228,116.72,124.4031,82.5984,562
1164,176.0968,87344,116.925,216,117.16,124.5794,81.9571,496
1165,176.4564,101286,117.7,220,116.49,119.2901,81.2508,574
1166,178.6197,96276,117.3,220,115.73,114.2003,81.1592,539
1167,177.2692,113275,115.8875,217,116,114.2189,81.9293,639
1168,176.0714,93670,117.225,216,117.37,125.4542,82.3793,532
1169,177.2606,91821,116.475,227,116.61,123.6849,83.2132,518
1170,176.7504,108348,118.3875,216,115.58,117.6837,81.3189,613
1171,175.3223,121323,117.3375,229,116.95,113.3386,81.1693,692
1172,176.2293,116840,116.0375,213,116.87,114.2796,81.0697,663
1173,176.5992,88123,114.8875,217,115.94,125.6708,82.0303,499
1174,176.4669,95998,116.9125,214,115.56,128.6433,82.8486,544
1175,175.2078,107928,117.825,215,116.75,128.2148,83.5485,616
1176,175.0828,103649,118.7625,215,114.85,121.191,82.1384,592
1177,178.1667,89796,116.625,224,116.72,113.2574,80.737,504
1178,177.1483,93180,115.95,217,116.61,114.2905,80.5796,526
1179,175.6588,89059,115.15,223,115.8,125.5365,81.2479,507
1180,175.8254,88616,116.5875,224,115.66,127.6136,81.673,504
1181,175.7288,91379,116.65,214,116.03,123.0587,81.5165,520
1182,175.5235,89517,116.825,220,116.09,127.7043,81.1967,510
1183,176.5152,87375,117.5375,213,116.52,126.6978,82.2117,495
1184,176.5425,87212,116.725,224,116.9,119.5458,80.9072,494
1185,175.1832,114745,116.15,224,116.94,115.2368,81.0892,655
1186,174.1436,128518,116.375,214,115.82,115.3463,80.498,738
1187,174.3949,130273,116.3,214,115.78,116.0956,80.8447,747
1188,175.8248,86330,115.95,225,116.68,127.2567,81.6621,491
1189,175.1684,86358,117.225,221,115.8,126.6867,81.376,493
1190,174.8931,106335,116.7125,220,115.57,123.5969,81.5615,608
1191,176.1293,98104,116.7125,237,116.08,118.9684,81.034,557
1192,175.3789,124519,115.7,219,116.9,117.4704,80.3397,710
1193,176.582,88291,115.25,227,115.97,127.1868,81.6479,500
1194,175.1865,95827,117.975,232,116.49,129.8532,82.2591,547
1195,175.2931,108857,116.9125,224,115.41,133.8385,82.2426,621
1196,174.0403,112256,118.0625,223,116.79,130.2795,80.3385,645
1197,177.8797,90185,117.3,215,117.87,121.2448,81.0605,507
1198,176.3713,113054,115.2375,217,115.84,117.4456,81.0386,641
1199,176.0861,116569,115.2375,224,116.97,116.6191,80.8121,662
1200,174.0958,136317,116.7125,217,115.5,116.357,81.1523,783
1201,174.9508,88875,114.6,212,115.73,127.5757,81.7379,508
1202,175.6332,99584,118.3125,221,117.52,128.8646,82.9014,567
1203,174.2286,103666,118.0875,225,115.53,130.3363,81.7528,595
1204,176.2127,88635,117.0125,223,116.02,128.9686,80.8552,503
1205,176.4372,87160,116.2375,213,115.52,129.6808,81.9436,494
1206,177.3418,90267,117.8375,219,116.04,124.313,81.4976,509
1207,176.4457,108867,116.3125,214,115.91,118.9355,80.6309,617
1208,175.1154,122931,116.8625,218,116.02,115.3952,80.5568,702
1209,176.7133,103554,116.275,218,115.21,116.3503,80.9802,586
1210,174.7859,126545,116.0375,215,115.93,119.752,80.3849,724
1211,176.8685,95509,115.825,215,116.41,122.0174,81.1981,540
1212,176.4113,87500,115.9125,212,116.5,128.0821,82.537,496
1213,175.9137,87605,118.6125,229,116.57,128.0521,82.0653,498
1214,175.7024,103313,118.8875,226,116.25,124.5813,81.4127,588
1215,175.9698,110861,117.2625,226,115.37,119.1546,80.8541,630
1216,175.4429,116845,116.3125,214,115.2,118.8755,80.3668,666
1217,176.6655,104056,115.3125,223,117.39,117.9707,79.4365,589
1218,176.5028,93723,114.7125,213,115.96,117.0008,80.1058,531
1219,174.9112,88680,115.5375,221,117.17,128.751,81.4621,507
1220,173.1632,123119,117.275,215,115.16,133.778,82.5915,711
1221,174.588,102134,118.9125,225,114.83,132.8994,82.7191,585
1222,174.5929,97772,117.1125,220,115.34,124.5328,80.7559,560
1223,175.9779,87637,117.875,215,114.39,127.9667,81.717,498
1224,175.2708,100956,117.6625,212,116.13,128.6201,81.277,576
1225,175.3269,99235,116.8125,222,116.27,131.4308,81.4038,566
1226,174.9072,90427,116.8625,230,115.51,124.273,80.2316,517
1227,174.4011,125220,117.6125,217,116.05,117.6454,80.3114,718
1228,175.5804,114654,115.7125,237,116.67,116.0763,80.1078,653
1229,175.5619,86552,114.7875,213,116.22,127.8193,81.4256,493
1230,176.0923,91568,117.325,224,115.56,130.3942,81.5823,520
1231,174.5377,99661,117.3875,213,115.99,126.2534,80.7717,571
1232,174.6452,95007,117.0375,211,114.74,127.9427,81.5859,544
1233,176.5418,86682,118.2625,223,115.33,130.0773,82.5244,491
1234,176.0869,91213,118.475,224,116.72,129.1482,81.1176,518
1235,174.7915,94737,118.1125,205,115.93,122.7828,81.1163,542
1236,173.7067,134449,115.7625,213,116.13,117.784,79.951,774
1237,175.783,86661,115.8375,230,116.02,126.9762,81.7835,493
1238,174,105966,117.525,215,116.05,131.1002,83.4631,609
1239,173.7421,92952,118.4875,210,116.45,126.9495,82.1656,535
1240,175.8448,101990,118.5375,223,116.2,122.3124,80.4864,580
1241,175.5727,101481,115.5125,225,116.25,118.3591,79.9329,578
1242,176.1932,103954,115,222,116.33,116.9147,80.4298,590
1243,177.7006,90805,116.5375,216,116.14,121.3032,80.8017,511
1244,174.5616,111894,116.15,213,115.55,120.9391,81.8622,641
1245,175.5082,107411,117.15,220,117.28,119.179,80.8481,612
1246,174.0253,130519,117.1125,210,116.48,116.7937,80.9788,750
1247,174.8745,87787,116,216,114.9,126.0611,82.6592,502
1248,174.2436,95834,117.1,219,116.37,127.1208,82.1365,550
1249,175.911,92881,117.1875,235,115.79,122.612,80.9351,528
1250,175.5127,103377,116.65,211,116.04,117.8061,81.0609,589
1251,174.9681,87659,116.9375,217,115.5,126.9995,81.1989,501
1252,175.26,87630,115.2875,214,116.01,126.2154,81.1241,500
1253,174.2981,102313,117.3,223,115.43,130.1323,81.475,587
1254,173.9197,114787,116.6875,209,116.08,132.0866,82.9715,660
1255,174.6644,103052,118.925,216,115.46,130.3759,82.0161,590
1256,174.7802,89837,117.5,212,116.38,126.3894,81.9136,514
1257,176.01,88181,117.7,209,115.92,128.1296,82.2729,501
1258,175.5495,90408,118.4875,219,115.35,122.4832,80.7838,515
1259,174.5028,123199,115.7125,217,115.58,116.3749,80.8132,706
1260,174.7928,86872,115.75,221,116.34,126.3637,81.7616,497
1261,175.6833,98734,116.3375,216,115.49,129.4288,82.497,562
1262,174.9699,92909,117.0375,219,115.25,124.0973,81.7848,531
1263,174.497,117960,117.375,211,115.87,120.0014,81.1856,676
1264,176.1962,101489,116.025,218,115.97,116.917,80.8514,576
1265,173.753,131531,115.1375,227,115.79,116.1447,80.6933,757
1266,175.512,87756,115.8875,222,116.28,125.6518,81.8327,500
1267,176.484,88242,117.2375,223,115.45,127.8495,80.8505,500
1268,175.5057,92667,116.3,224,115.31,124.1548,81.5321,528
1269,175.1786,109837,116.475,208,116.31,118.2387,80.713,627
1270,175.261,99373,116.4125,214,115.91,117.1091,81.0505,567
1271,175.8953,89003,116.5,212,115.83,125.9527,81.7156,506
1272,174.3628,94679,117.5625,219,114.95,127.3162,82.562,543
1273,175.3854,91025,116.35,213,115.52,121.4948,81.135,519
1274,175.1509,87050,118.0625,221,116.91,126.0344,81.7273,497
1275,175.5332,87240,117.675,212,115.62,122.9117,80.4706,497
1276,174.1395,89856,114.5,230,115.75,126.2213,81.4865,516
1277,175.502,86698,117.325,223,115.9,122.6662,81.3813,494
1278,175.5371,87593,117.1375,219,115.81,125.8975,82.4467,499
1279,173.6708,97603,116.8875,228,117.05,124.1289,82.0553,562
1280,176.1031,90517,117.1125,233,115.19,120.3624,80.8064,514
1281,174.2354,116215,116.1375,222,115.82,117.1445,80.2661,667
1282,173.7892,89849,116.15,219,114.12,126.0843,82.0451,517
1283,174.0918,89135,116.325,213,117.29,124.4984,80.8705,512
1284,173.9434,101409,116.225,216,115.6,119.8275,79.749,583
1285,176.3798,87308,117.25,225,116.27,127.3471,81.483,495
1286,175.9324,88494,117.6875,220,114.82,130.0296,81.8661,503
1287,175.3173,87308,118.2375,216,115.15,125.4468,81.4538,498
1288,176.2406,93760,116.1375,224,115.3,118.8204,80.8296,532
1289,176.8327,96197,117.325,216,117.63,117.5251,80.8597,544
1290,175.277,86061,117.1875,230,115.8,127.4549,81.2967,491
1291,174.3959,92953,117.075,226,116.65,125.959,82.0152,533
1292,175.2942,88173,117.8125,210,115.34,119.4554,80.7647,503
1293,175.2456,109178,116.075,215,116.23,114.779,81.307,623
1294,174.3273,86292,115.95,211,115.97,125.585,81.7076,495
1295,175.1455,86697,118.2875,217,114.59,125.7032,81.4753,495
1296,174.4514,96995,116.225,211,116.14,121.5973,80.8064,556
1297,175.0614,108363,116.5375,210,116.77,117.1141,80.7371,619
1298,173.816,123757,115.7875,221,116.48,115.7523,80.7687,712
1299,174.3973,115451,115.675,225,115.97,118.6724,80.7367,662
1300,175.6477,92742,117.325,224,115.43,118.6175,81.1387,528
1301,175.6986,88025,115.6125,216,117.07,119.9374,80.5615,501
1302,173.5204,110359,116.6625,213,116.55,120.3669,80.9823,636
1303,174.3303,95010,116.175,216,115.41,126.8571,81.8549,545
1304,174.6084,91844,117.35,221,115.57,124.4697,82.1417,526
1305,175.7233,92079,116.0375,221,117.12,119.0901,80.7398,524
1306,172.359,94108,115.8375,224,115.35,126.1595,81.3568,546
1307,175.2218,90064,117.625,218,115.51,123.2612,80.4824,514
1308,173.6408,100538,117.45,212,116.26,129.9077,81.9627,579
1309,174.0338,87539,117.7875,215,116.77,126.311,81.8988,503
1310,174.4927,95273,117.1875,221,115.57,128.1161,81.9304,546
1311,176.2354,102569,117.65,215,116.32,125.1359,81.9801,582
1312,176.4319,90686,115.3625,216,116.12,119.0031,81.6888,514
1313,176.7152,87474,116.725,211,114.86,116.8269,81.4314,495
1314,176.4755,90179,115.25,217,116,117.1338,80.5808,511
1315,175.6757,96973,115.6625,209,115.77,117.3258,80.8387,552
1316,175.1385,85993,115.525,220,115.8,127.8115,82.7224,491
1317,175.8211,88438,119.0375,222,114.94,126.8228,82.7085,503
1318,176.0419,88197,117.7,226,116.15,122.5508,81.8176,501
1319,175.8343,87038,116.6375,210,116.84,127.7275,81.6268,495
1320,175.4878,93535,117.5625,216,116.63,129.2913,83.5759,533
1321,175.6733,87661,117.8,212,116.96,123.2042,81.4544,499
1322,173.9539,116897,114.9625,215,116.5,116.5912,82.0126,672
1323,173.9677,91507,116.4375,219,114.9,125.5392,82.9381,526
1324,173.8843,93202,117.9,211,115.28,127.0997,82.7007,536
1325,173.7453,100946,117.2625,219,115.98,128.2745,83.1718,581
1326,175.5761,86559,118.575,217,116.12,124.1652,81.6431,493
1327,175.1308,87040,117.2875,230,115.97,128.1636,82.6468,497
1328,174.9125,87981,116.4375,216,114.78,124.1356,81.8602,503
1329,176.128,96342,118.0625,216,115.91,117.9084,80.9456,547
1330,173.8619,88148,117.2375,212,115.96,126.7567,82.2211,507
1331,173.992,108223,115.75,214,116.24,130.1302,82.5264,622
1332,175.0663,89809,117.4875,248,115.44,125.3766,81.3678,513
1333,174.8767,113495,115.9875,226,115.43,119.4653,80.9448,649
1334,173.6994,136354,115.7875,213,116.62,115.1501,81.5077,785
1335,175.3584,100305,117.35,227,116.1,116.794,80.8814,572
1336,176.2426,101692,117.225,232,116.05,117.995,81.6477,577
1337,174.483,87067,116.4375,208,116.38,126.582,82.8949,499
1338,174.5689,106487,118.3875,217,116.56,130.8564,81.8364,610
1339,174.4835,94919,119.5875,219,116.65,124.9639,83.3415,544
1340,176.4676,98116,116.9625,219,116.94,117.8044,80.66,556
1341,173.3739,132631,116,224,116.16,115.4353,80.4605,765
1342,173.5913,92177,116.1375,214,116.36,126.0529,82.5023,531
1343,175.098,98230,118.3625,205,116.73,130.1785,82.7658,561
1344,173.8506,90750,120.0625,221,116.85,128.6895,83.0773,522
1345,175.3274,98534,117.925,214,115.51,126.5652,81.5568,562
1346,174.1992,90061,116.5,228,116.03,125.8803,81.9446,517
1347,174.6329,91333,117.35,220,114.54,129.0845,82.5896,523
1348,175.2286,85862,117.175,222,117.05,122.1453,81.4525,490
1349,175.0996,91402,117.9,218,117.8,127.1298,81.9767,522
1350,174.1866,88661,117.2,216,116.52,123.3834,81.7562,509
1351,176.8876,89682,116.9,211,116.28,117.847,80.7852,507
1352,174.7679,88083,116.9375,216,116.77,126.3849,81.2769,504
1353,174.6961,89095,117.4375,223,116.53,125.4914,80.7006,510
1354,173.7654,110341,118.4875,224,115.98,121.375,81.2041,635
1355,175.1915,107042,117.8,216,116.01,117.498,80.7709,611
1356,174.5963,103361,115.0375,220,115.62,117.7066,80.4271,592
1357,176.0189,93290,116.8125,215,116.6,117.3245,79.9619,530
1358,174.708,114259,116.175,230,116.44,117.5779,80.3888,654
1359,175.1631,90209,116.1,223,116.26,128.4445,81.6292,515
1360,174.7812,89488,118.7375,214,117.17,127.8325,80.4961,512
1361,175.6736,92580,115.8875,221,116.96,121.6471,80.9841,527
1362,175.7812,102832,118.3375,215,117.59,116.5717,80.0337,585
1363,174.5442,114501,115.4625,220,115.61,118.0208,79.9509,656
1364,173.9011,121383,116.5625,209,117.92,119.0112,80.8897,698
1365,175.3272,103969,118.425,225,116.21,118.1576,81.1363,593
1366,178.1002,92434,116.575,220,116.86,118.0052,80.9433,519
1367,175.0189,120588,115.775,234,115.95,120.0155,80.434,689
1368,176.2611,87073,116.1375,219,116.84,128.0446,81.7026,494
1369,176.0709,89444,118.6,216,115.58,125.326,80.9423,508
1370,175.7096,90139,117.975,219,117.19,128.4677,82.1072,513
1371,176.436,91041,117.725,222,117,127.5423,81.3044,516
1372,176.351,86412,117.45,220,116.36,128.0114,80.6992,490
1373,176.9941,90444,117.3875,225,117.46,125.4148,81.1218,511
1374,176.0309,91008,118.4,219,116.51,127.8175,82.1313,517
1375,176.4851,106950,118.275,224,116.94,126.5037,81.3486,606
1376,176.1792,93375,117.45,218,117.04,130.696,81.0788,530
1377,175.7114,95587,117.9625,216,116.6,127.2171,81.1822,544
1378,177.2107,89137,117.5625,216,116.61,127.5874,81.4993,503
1379,177.2329,98187,118.2875,228,117.13,124.112,80.8223,554
1380,177.7761,93688,117.0375,215,117.11,121.3715,80.5637,527
1381,177.3697,92587,117.5875,217,115.8,120.3449,80.6606,522
1382,176.2349,87765,116.8875,214,117.46,130.2764,81.9998,498
1383,176.0557,91725,118.3625,229,117.27,129.9444,81.7944,521
1384,176.9839,87961,118.55,210,116.75,123.0095,80.856,497
1385,176.1187,118704,118.4375,222,117.47,119.0306,80.1299,674
1386,176.4721,88589,116.8375,222,117.69,127.7473,81.327,502
1387,177.249,88979,119.25,211,118.06,128.7114,81.4936,502
1388,176.9653,96800,118.925,231,116.31,130.2218,81.7161,547
1389,177.2283,97830,118.575,216,117.61,124.747,81.4449,552
1390,176.8927,92338,117.8625,221,117.76,129.3821,81.9262,522
1391,177.6772,95768,119.5,228,117.35,124.8223,81.9777,539
1392,176.3689,112347,118.575,222,116.66,119.5971,80.9019,637
1393,174.9287,129972,118.075,214,117.11,116.0087,80.2256,743
1394,178.4213,90638,116.3375,218,116.93,120.9314,80.7846,508
1395,177.6307,88993,118.2625,219,116.17,128.2532,81.972,501
1396,176.0446,90839,117.4375,222,116.64,127.9734,81.7608,516
1397,177.0752,94204,118.05,229,116.83,123.5361,80.9955,532
1398,176.703,98777,119,224,116.65,120.5856,80.5694,559
1399,175.9788,91157,116.6875,228,117.24,128.508,82.2054,518
1400,177.023,92229,118.975,212,116.61,128.7342,81.9626,521
1401,176.9049,96767,119.0625,226,117.16,125.4323,81.1827,547
1402,177.5433,98359,118.3375,230,116.91,121.3715,81.1989,554
1403,178.8528,93540,118.1,221,116.22,119.3824,80.2459,523
1404,177.6059,89691,117.4625,225,116.49,128.3537,81.6107,505
1405,176.5714,87756,118.6375,227,118.09,127.9059,81.0663,497
1406,176.1886,99018,119.7,216,116.77,122.9126,80.7357,562
1407,177.1344,86973,118.925,220,116.71,129.5239,81.4179,491
1408,176.2866,89201,118.8125,217,118.8,128.8333,81.341,506
1409,177.9981,92559,117.15,223,117.84,123.5542,81.1049,520
1410,177.2981,118967,117.575,214,116.82,118.8484,80.7036,671
1411,177.4676,87669,117.725,227,116.5,129.5026,80.9182,494
1412,176.2531,86364,119.05,220,117.51,128.8951,82.6657,490
1413,178.0579,89207,119.5375,225,116.22,123.6059,79.9705,501
1414,179.6123,90345,117.125,217,116.59,119.8334,80.055,503
1415,174.8176,129365,116.9,222,116.66,119.9412,80.1853,740
1416,177.2176,110761,117.3125,215,116.49,120.2656,80.2329,625
1417,178.6693,89156,118.1,240,116.44,130.4477,81.0995,499
1418,177.7544,90477,118.625,218,116.72,131.8586,80.6633,509
1419,178.9259,101451,119.4625,231,116.04,127.8763,79.7764,567
1420,181.2975,101164,117.8375,222,117.06,126.4081,79.5714,558
1421,180.2024,120195,117.9125,232,116.71,127.2473,80.0502,667
1422,183.6479,91273,117.7,223,118.01,135.1427,79.866,497
1423,182.3472,91903,118.0625,223,117.9,134.1199,79.7562,504
1424,183.1115,100162,118.1375,231,117.31,130.7551,79.4306,547
1425,182.8731,111004,118.25,236,116.79,130.0899,80.3704,607
1426,185.9347,91108,119.1,233,118.44,134.7861,79.2592,490
1427,184.6816,90494,119.55,231,117.06,135.8734,79.8459,490
1428,184.102,90210,119.3125,235,116.08,135.2893,79.2763,490
1429,184.932,92466,117.9625,227,117.16,131.2387,79.7139,500
1430,184.5605,91542,118.3,249,117.49,135.546,80.1645,496
1431,183.9784,93645,117.9875,227,117.41,136.4592,80.7292,509
1432,184.2026,98180,117.7125,233,117.4,135.2974,79.8545,533
1433,184.7198,94946,118.825,233,116.42,131.1851,79.471,514
1434,184.002,94209,118.1375,245,117,135.5401,80.8428,512
1435,183.2339,93999,119.1875,233,117.73,132.0321,79.5176,513
1436,182.4157,97410,118.4125,228,116.73,135.7454,80.9321,534
1437,181.6721,89746,119.15,227,116.26,134.1952,80.2272,494
1438,181.184,92585,118.3625,226,116.59,134.4552,81.0911,511
1439,182.1789,89632,118.95,231,116.11,133.5327,80.9168,492
1440,182.433,95230,117.6625,226,117.11,129.5468,79.6877,522
1441,181.3581,92674,118.1625,226,116.25,134.2533,80.3613,511
1442,181.3214,90842,118.3125,236,117.23,134.7683,80.4121,501
1443,181.9944,97003,119.35,232,114.78,131.1056,79.157,533
1444,183.7457,95364,117.05,244,116.79,134.3326,80.6225,519
1445,184.0619,92215,118.4375,239,116.23,133.3451,80.5133,501
1446,183.5368,92319,118.8125,231,116.31,134.7115,80.1717,503
1447,182.7642,93027,118.5625,234,116.77,133.856,80.4823,509
1448,182.687,92805,117.875,244,117.56,133.3393,80.5025,508
1449,184.1184,94821,118.925,234,115.96,129.503,80.1231,515
1450,182.5763,90923,118.0625,228,117.71,134.7193,80.0756,498
1451,181.948,90974,118.25,248,116.27,133.5183,80.3553,500
1452,180.4648,115317,117.825,234,116.66,129.5278,80.2182,639
1453,182.7595,106366,117.6,239,116.34,126.7782,79.5249,582
1454,184.026,92013,117.4875,244,115.97,132.6353,79.9263,500
1455,184.5101,91517,117.925,238,116.7,131.7068,80.6062,496
1456,184.8476,90945,117.675,238,116.22,133.8044,80.9365,492
1457,183.4109,94640,119.25,237,117.27,134.003,81.1416,516
1458,183.3765,92055,118.5625,233,116.99,134.6777,80.7172,502
1459,183.6477,90171,119.2,250,117.07,134.8802,79.9096,491
1460,184.4718,91498,118.4125,248,116.59,133.7385,80.8649,496
1461,182.6241,98617,120.8875,235,116.03,134.2365,80.6115,540
1462,183.4545,90810,118.0375,225,116.53,133.8645,80.361,495
1463,183.6042,105756,120.0625,234,117.66,129.6845,80.2183,576
1464,181.8623,91113,117.55,226,116.36,133.805,80.2547,501
1465,182.146,91073,118.15,220,116.03,130.7002,80.2559,500
1466,180.2352,94263,117.4,222,116.49,133.8401,80.1688,523
1467,181.4585,91818,117.8375,222,116.39,133.1785,81.1706,506
1468,181.4931,92017,118.8125,228,117.13,130.11,80.0497,507
1469,178.7534,117441,117.3875,226,116.78,127.8435,80.1068,657
1470,177.3734,123984,117.2875,225,116,126.4193,80.0238,699
1471,180.3281,91246,116.475,220,114.93,128.6474,80.2911,506
1472,179.7114,89676,117.4875,226,115.89,134.7921,80.6033,499
1473,177.6127,92181,119.075,234,116.51,133.2041,81.7171,519
1474,177.3345,102854,118.05,227,116.57,135.2353,81.1592,580
1475,179.2056,101968,118.7125,218,117.67,131.7572,80.5721,569
1476,178.8375,113383,117.5375,217,115.32,128.1887,80.0642,634
1477,177.6707,101983,116.5375,222,117.17,136.3651,81.2159,574
1478,178.5872,100366,119.0375,222,116.45,136.9567,79.9429,562
1479,180.3041,92496,118.125,226,116.9,134.7172,81.3377,513
1480,179.8861,91562,118.075,228,117.16,135.717,80.2972,509
1481,180.5079,91337,118.975,231,116.22,138.609,80.7895,506
1482,181.053,92156,119,252,115.87,139.6849,80.8299,509
1483,180.8221,93485,118.85,234,116.27,141,80.6567,517
1484,182.1571,89257,118.1375,230,116.49,138.408,80.3812,490
1485,184.0265,90173,118.3125,236,118.65,137.1295,80.3359,490
1486,181.6198,91718,117.45,223,114.78,142.185,80.3187,505
1487,181.3345,102998,117.875,240,115.75,139.7806,80.3638,568
1488,180.0225,111974,117.3875,231,115.99,136.9439,80.2599,622
1489,182.4569,97432,116.6625,230,117.32,135.7983,79.2776,534
1490,183.2828,90725,116.55,236,116.35,140.6442,80.035,495
1491,182.4592,100535,118.425,244,115.8,138.9778,80.2942,551
1492,183.702,90014,117.0375,235,116.91,142.786,80.3076,490
1493,185.0986,95696,117.425,237,115.53,140.7719,80.0797,517
1494,183.8314,94857,117.825,243,115.79,139.0696,80.3991,516
1495,183.7767,92991,117.225,240,115.8,143.5796,80.3626,506
1496,183.9649,94374,119.2625,234,116.12,143.6856,80.7151,513
1497,183.3451,93506,118.075,234,116.36,141.1717,80.5836,510
1498,180.4453,115485,117.1125,227,116.52,137.8452,79.9086,640
1499,181.412,114471,117.425,243,115.07,136.8467,80.2077,631
1500,182.0031,115936,116.1625,235,116.43,136.5968,79.4066,637
