1,182.3921,41403,115.0125,246,114.66,95.1813,39.0983,227
2,183.5636,43321,112.2,244,112.84,95.1202,39.0891,236
3,184.6883,42663,113.725,253,115.03,95.2348,39.1527,231
4,181.9784,42219,113.8125,254,115.13,95.2395,39.1201,232
5,182.6552,42376,113.0375,238,113.87,94.8059,38.9285,232
6,183.3728,41809,113.1,228,113.54,95.2994,39.2962,228
7,181.406,42449,113.75,232,114.63,94.6692,39.234,234
8,183.0598,42836,113.275,244,114.28,94.9763,39.299,234
9,180.2757,43807,113.15,241,114.63,95.4165,39.2407,243
10,181.1965,41494,114.875,240,114.71,95.6793,39.8801,229
11,180.6008,42983,113.3125,241,114.15,95.0265,39.0319,238
12,180.9524,41800,113.975,231,113.99,94.8584,39.0603,231
13,182.1348,41891,112.8875,230,113.5,95.0704,39.1116,230
14,183.7686,42083,114.6125,232,115.12,94.7098,38.6948,229
15,182.345,41757,113.525,236,113.95,95.5258,39.2673,229
16,180.7362,42473,112.225,242,113.43,94.8494,39.207,235
17,184.013,42323,113.7125,232,115,95.8021,39.122,230
18,181.3534,42074,113.75,228,113.88,95.1461,39.1459,232
19,180.9612,41983,113.6125,230,113.92,95.2813,38.8748,232
20,182.5931,42179,113.025,243,113.99,95.1778,38.8739,231
21,182.594,42727,115.35,231,116.11,95.0628,39.4445,234
22,181.1379,42024,113.475,230,114.64,94.8927,39.0927,232
23,180.2692,42183,113.4625,222,114.85,95.4623,39.1562,234
24,180.8553,42501,112.8375,236,114.51,94.9226,38.9739,235
25,181.1417,43474,112.7875,237,114.09,94.8746,39.1046,240
26,181.4876,43920,113.6625,230,114.71,94.7173,39.1167,242
27,181.4145,42451,114.425,230,115.44,95.1868,39.1384,234
28,179.6208,43109,113.375,240,114.5,95.1172,38.4197,240
29,181.5556,42484,113.7375,229,115.41,94.9285,39.3483,234
30,180.8745,43229,114.3625,229,115.61,94.4457,39.0587,239
31,182.6828,41469,113.375,236,113.89,94.7272,38.9487,227
32,181.1574,42572,112.375,247,113.17,94.5951,38.9047,235
33,182.5808,41811,113.875,231,114.76,94.7796,38.8126,229
34,183.6009,41861,112.0125,243,114.02,94.933,39.5835,228
35,181.6316,41412,113.8125,233,114.89,94.3677,39.0765,228
36,180.9915,42533,113.6,243,114.21,95.1133,39.4142,235
37,182.1385,42074,114.775,228,115.43,94.5319,39.1704,231
38,181.2251,41863,113.8125,231,114.3,95.0357,39.1476,231
39,181.3644,42802,112.0125,223,113.85,95.2332,39.0377,236
40,180.822,42674,113.9625,244,114.82,95.0688,39.2945,236
41,181.4402,42457,113.5375,225,114.19,95.1061,38.8179,234
42,180.8954,43234,112.1875,234,113.33,94.7545,39.2223,239
43,180.7155,41926,114.1625,232,114.4,95.2776,39.2253,232
44,180.4978,41334,112.725,236,114.08,95.059,39.7216,229
45,182.2,41906,115.1125,241,114.94,95.085,39.4601,230
46,182.0563,42055,114.2,227,114.54,94.7614,39.1317,231
47,182.5,42340,113.375,231,115.14,94.6744,38.6141,232
48,181.6694,45054,114.0625,241,114.84,94.3392,39.0898,248
49,179.1545,44072,112.9,238,113.83,95.1375,39.4643,246
50,180.4454,42946,112.8375,236,114.3,94.4044,39.4973,238
51,180.2511,42359,113.7375,226,114.45,95.2682,38.9983,235
52,180.9958,42896,113.375,237,113.67,95.0302,39.3803,237
53,180.0168,42844,113.6375,250,114.54,94.6392,38.7307,238
54,180.9127,41429,112.6625,237,114.1,94.8451,39.49,229
55,180.8122,41406,114.625,237,115.71,94.0059,38.8629,229
56,179.7359,41519,113.8,223,114.93,94.6685,39.1275,231
57,181.4581,41191,113.2,236,113.43,94.8215,39.8509,227
58,180.7957,42487,114.3,235,114.79,94.6995,39.1544,235
59,183.7639,42817,113.7,239,115.29,94.812,39.199,233
60,182.824,42598,114,225,114.62,94.8225,38.8202,233
61,182.0208,43685,113.4,232,114.84,94.5098,38.6598,240
62,184.5234,43363,114.675,248,115.5,94.7339,38.7444,235
63,183.5254,43312,113.1375,229,114.4,94.383,39.0925,236
64,182.7124,42572,113.15,240,114.26,94.9473,39.1925,233
65,183.4329,42373,112.75,230,113.87,95.2044,39.1468,231
66,183.3593,42356,114.225,245,115.68,94.875,38.8685,231
67,183.6277,42418,112.95,236,114.05,94.1356,39.1835,231
68,183.569,43873,114.8375,242,115.06,94.7752,38.9854,239
69,182.094,42610,114.1625,227,115.02,94.2974,38.8682,234
70,181.9353,42209,112.675,240,113.97,94.4594,39.2256,232
71,183.1043,42114,114.4125,236,115.25,94.3874,39.3356,230
72,183.7249,42073,112.6125,239,114.1,94.2375,38.9396,229
73,181.6059,42859,113.5125,238,114.12,94.4615,39.6721,236
74,180.8305,42676,113.8625,235,114.69,94.6259,39.5195,236
75,182.7447,42945,115.7,247,116.34,94.25,38.8177,235
76,181.4068,42812,113.05,232,114.88,94.1694,38.6448,236
77,180.7532,42477,112.9625,243,113.81,94.4368,39.6478,235
78,181.0736,41828,113.175,230,113.16,94.8259,39.3784,231
79,181.2597,41871,112.275,241,113.61,94.3924,39.0928,231
80,182.713,42024,114.55,229,115.48,94.478,39.261,230
81,180.4719,41689,113.4625,228,113.36,94.0226,38.9462,231
82,183.0925,41562,111.65,224,113.06,94.1652,39.3031,227
83,181.1207,42020,113.1,232,112.99,94.8812,39.125,232
84,181.2412,41323,112.525,231,114.05,94.6958,39.3292,228
85,179.5359,42550,113.4,228,113.82,94.2771,39.04,237
86,179.9833,43196,112.775,228,114.42,94.5652,38.5591,240
87,180.4348,41500,113.4,228,113.75,94.7993,39.1282,230
88,180.2458,42538,112.675,232,113.42,94.6917,39.4271,236
89,180.7403,41751,112.4375,228,114.28,94.3361,39.045,231
90,180.8139,41768,112.55,242,113.77,94.3481,39.4489,231
91,181.1466,42026,112.975,236,114.72,93.9325,39.3863,232
92,180.2795,41284,112.375,223,113.67,94.775,39.2685,229
93,179.3402,43221,113.7,232,113.9,94.3147,38.5011,241
94,180.2573,43442,112.8125,234,112.98,94.7147,39.2337,241
95,181.0881,41107,113.05,228,114.51,93.7178,38.9256,227
96,179.9185,41921,112.75,234,114.34,94.7288,38.9717,233
97,181.9351,42027,114.0625,232,115.44,94.3858,38.7796,231
98,180.5107,42059,112.3375,245,114.11,93.9087,39.0667,233
99,178.6395,41623,112.775,243,112.86,93.9399,38.6574,233
100,181.9064,42748,114.3,238,116.06,93.3965,39.3278,235
101,180.9447,42522,112.85,218,113.33,94.4532,38.948,235
102,179.141,41919,112.4,235,113.21,94.4036,38.917,234
103,182.966,42997,112.4625,236,114.16,94.5624,39.2144,235
104,179.8538,45503,113.4875,244,114.45,94.2247,38.9529,253
105,181.9565,41850,113.5625,239,114.57,93.9479,39.7554,230
106,181.1452,43656,114.3375,234,114.31,94.2566,39.1354,241
107,180.1218,42869,113.2625,224,113.98,94.0275,39.79,238
108,180.7957,41583,114.1875,234,114.44,94.7683,39.0916,230
109,180.8383,42497,112.6375,228,113.46,94.4321,39.3032,235
110,182.5391,41984,112.0875,226,113.12,94.5322,39.6803,230
111,181.6364,41958,114.2125,233,114.06,94.2144,39.3285,231
112,182.0661,41329,112.6375,226,114.12,94.4565,39.0307,227
113,181.316,41884,113.425,232,114.22,94.2179,38.7012,231
114,182.3932,42680,113.8625,230,115.14,94.2179,39.3566,234
115,182.3941,43045,113.4125,234,113.72,94.1586,38.831,236
116,180.3433,42020,113.275,224,112.84,94.3748,38.8394,233
117,181.2213,42587,113.9625,246,113.88,94.4473,39.4918,235
118,182.5507,41439,113.4,227,114.54,94.3625,39.3319,227
119,182.1667,42627,113.225,232,114.13,94.1867,38.9486,234
120,182.2269,43370,112.8375,233,114.36,94.4293,39.006,238
121,180.7193,41204,112.975,231,114.72,94.2001,38.8289,228
122,180.5652,41530,113.05,227,114.49,94.1101,38.8139,230
123,182.3017,42294,112.525,238,114.06,93.9587,39.1856,232
124,181.4493,41189,113.0375,238,114.66,93.655,39.7211,227
125,181.979,43311,112.75,237,113.54,94.2425,38.9247,238
126,181.897,42382,114.175,228,114.35,94.3312,39.4284,233
127,181.3,41699,112.2875,235,113.86,94.2458,39.4953,230
128,182.4506,42511,112.0875,238,113.11,94.3311,39.5568,233
129,181.9738,41672,113.9875,226,113.78,94.2714,39.5319,229
130,181.3448,42072,113.3,230,114.5,93.8432,39.4535,232
131,182.9781,41719,113.2625,235,114.82,93.9243,39.5462,228
132,181.7773,41627,112.875,231,113.88,94.0808,39.2113,229
133,182.6325,42736,112,231,113.2,93.9223,39.2212,234
134,182.6026,41816,113.3625,243,114.3,94.4089,38.7268,229
135,181.8865,41652,113.3875,227,113.8,94.799,39.281,229
136,180.3025,42912,112.6625,228,113.8,94.5177,38.9353,238
137,180.6438,42090,113.9125,224,114.47,94.0532,39.0488,233
138,182.3877,41402,113.125,237,114.32,94.38,38.8943,227
139,181.084,43098,112.5875,223,113.86,94.0363,38.8909,238
140,183.7974,42641,113.2875,253,113.44,93.8329,39.2334,232
141,182.1239,42617,112.175,256,113.74,94.2035,39.3122,234
142,182.5482,41621,112.9875,252,113.75,93.6456,39.024,228
143,184.3826,42408,112.4625,243,114,93.782,39.3163,230
144,183.0812,42841,112.6375,245,113.26,94.1654,39.3402,234
145,183.0515,42651,113.0125,244,113.63,94.1451,39.1058,233
146,182.6667,42196,112.4875,238,113.26,94.0106,38.9052,231
147,181.5284,41570,113.275,233,114.36,94.2163,39.0424,229
148,182.8367,44795,113.075,244,113.92,94.5004,38.8682,245
149,181.1787,42577,112.725,226,114.39,94.4269,39.2454,235
150,183.1472,42307,113.0875,237,113.56,94.1531,38.8016,231
151,185.3087,42621,113.675,238,115.12,93.9632,38.6301,230
152,187.3084,42519,114.3125,246,114.99,94.112,39.2033,227
153,187.2814,43262,112.75,247,114.46,94.46,39.1402,231
154,188.3652,43324,111.9125,250,112.88,93.8264,39.1639,230
155,187.443,44424,113.0375,237,113.96,94.1363,39.0988,237
156,188.7565,43414,113.975,250,114.9,94.6761,39.175,230
157,188.607,43191,114.5625,264,114.89,94.5175,39.1147,229
158,186.7031,42755,113.6,238,115.1,94.5073,38.9455,229
159,186.9788,44127,114.2,238,115.34,94.1552,39.0223,236
160,187.4784,43495,113.0625,242,114.56,94.3602,39.0098,232
161,186.1588,43375,112.8125,239,114.7,94.5809,39.3841,233
162,187.1245,43600,112.7375,235,113.32,94.0044,39.3576,233
163,186.4615,43632,113.325,240,114.65,94.0979,39.0041,234
164,186.4502,43070,114.5375,239,115.22,94.1674,39.1599,231
165,187.7185,44677,112.7,243,114.09,94.5712,38.8883,238
166,187.9351,43413,113.9125,249,114.91,94.0194,39.35,231
167,185.9957,42779,113.475,237,114.3,94.4381,38.9491,230
168,188.8414,42867,113.8875,245,115.28,94.4778,39.0829,227
169,188.7446,43600,113.75,252,114.73,94.1907,39.233,231
170,188.7939,43045,112.3625,239,113.72,94.3365,38.925,228
171,188.4412,44849,112.8875,242,113.85,94.142,39.1938,238
172,189.8718,44430,113.2125,249,114.51,94.1697,39.1244,234
173,189.6623,43243,113.2375,247,114.39,94.293,38.9995,228
174,191.2681,44948,112.925,250,113.61,94.1986,38.7207,235
175,191.4093,45364,112.825,270,113.43,94.3803,38.7059,237
176,190.7137,44627,113.325,248,114.64,94.2467,38.7736,234
177,189.3965,42993,113.475,245,113.54,94.5113,38.9663,227
178,189.9655,44072,112.325,249,113.75,94.3414,39.0398,232
179,189.7706,43837,112.65,240,114.08,94.028,38.5411,231
180,188.4487,44097,113.2875,269,114.84,94.6822,38.7767,234
181,190.2627,44902,112.3875,244,113.54,94.2284,38.9138,236
182,190.2532,44329,112.7,247,113.64,93.9307,39.0349,233
183,190.9648,43349,112.8125,252,113.51,94.1811,39.3127,227
184,193.5855,45299,114.7875,258,115.81,94.2939,38.6661,234
185,191.303,44191,112.625,254,113.02,94.3678,39.1376,231
186,191.8904,43751,112.875,252,114,94.325,39.1338,228
187,191.6987,45816,112.8375,247,115.19,93.9531,39.2223,239
188,192.3174,44233,114.0875,255,115.76,94.1675,38.7074,230
189,190.4174,43796,112.5375,245,114.16,94.764,38.7659,230
190,189.0383,44424,112.8,251,114.65,94.1257,38.9567,235
191,189.346,44875,112.7125,239,113.61,93.9962,39.4922,237
192,191.141,43389,113.05,253,114.4,94.4001,39.0916,227
193,189.6395,44186,114,242,114.95,94.6628,38.8101,233
194,190.614,43460,113.5,245,113.54,94.1728,38.745,228
195,189.3114,43163,113.875,244,114.91,94.2495,38.8493,228
196,188.3057,43122,112.5375,247,113.99,94.0431,38.8516,229
197,187.6102,44276,113.175,244,113.86,94.132,39.1401,236
198,187.8312,43389,113.775,238,114.31,94.264,38.9327,231
199,186.8724,45410,113.2,238,114.48,94.4665,38.7453,243
200,190.2335,43183,112.6375,255,113.88,94.0027,39.431,227
201,188.2687,42737,112.8875,241,114.03,94.0808,39.1143,227
202,188.0696,43256,113.1375,250,114.11,94.4927,39.2343,230
203,188.7719,43040,112.975,253,114.06,93.8004,39.1894,228
204,185.9958,44639,113.95,240,114.27,94.0309,39.3222,240
205,186.8282,42410,113.7875,240,114.57,94.3949,39.0377,227
206,185.2692,43353,111.8625,246,113.84,93.9724,38.8833,234
207,188.4585,43157,113.2875,245,114.72,93.8953,38.7335,229
208,183.6765,43715,112.575,244,114.52,94.3239,39.0644,238
209,187.6079,42587,112.25,240,113.15,94.2289,39.1493,227
210,185.1202,43133,112.675,234,113.47,93.5145,38.7164,233
211,184.6094,43014,112.8,237,114.33,94.1383,39.024,233
212,186.4913,42893,115.5125,239,116.15,94.1751,38.9626,230
213,186.1447,42441,112.8625,253,113.96,94.0454,38.8077,228
214,183.458,43663,112.65,243,113.28,93.7452,39.322,238
215,182.6052,42547,112.7375,236,113.56,94.2398,38.9392,233
216,185.1732,42775,112.4125,240,114.44,94.0227,39.2361,231
217,186.4061,42687,113.5125,245,114.89,94.0587,39.8327,229
218,185.2149,42229,113.8,238,114.31,93.7091,39.1042,228
219,182.8398,42236,112.05,251,113.72,94.4284,39.0107,231
220,183.0087,42275,113.45,242,114.05,94.0725,38.6565,231
221,182.9437,42260,113.35,248,114.63,94.1701,39.0523,231
222,184.7357,41935,112.9,238,113.25,94.2215,38.638,227
223,184.0474,42699,113.3125,233,114.04,93.9886,38.7811,232
224,184.5,42066,112.5125,232,113.91,94.1708,39.0184,228
225,183.9145,43036,112.3625,234,113.8,94.2231,38.828,234
226,185.1174,42577,114.7375,224,115.99,94.1213,39.0133,230
227,184.0881,41788,114.4,239,115.29,94.1207,38.7621,227
228,185.5739,42682,112.8875,242,113.5,93.9123,38.9779,230
229,183.4053,41633,113.1125,240,114.88,94.7043,38.9538,227
230,183.1485,41941,113.4625,231,114.35,94.3456,39.2542,229
231,182.5923,42544,113.0875,235,113.46,94.1767,39.295,233
232,184.5671,42635,114.325,233,115.34,94.3159,39.1329,231
233,182.2161,43003,112.525,239,113.97,94.176,39.0168,236
234,184.5494,43000,113.575,233,114.89,93.6197,38.8094,233
235,182.8884,42613,111.7625,247,114.18,94.2825,39.4004,233
236,182.1957,42816,114.2375,229,113.66,94.0079,39.4057,235
237,183.9871,42869,113.9,230,114.5,94.0719,38.8305,233
238,182.9957,42272,113.1625,242,114.13,93.6938,39.3279,231
239,183.3405,42535,114,257,115.22,93.9715,38.826,232
240,182.9701,42815,113.1,239,113.76,94.1632,38.7371,234
241,183.0921,41745,113.55,235,115.77,94.0487,39.1492,228
242,183.2489,43430,113.4375,243,114.24,94.1348,38.7709,237
243,183.6894,43167,114.2,237,115.18,93.9897,39.2783,235
244,182.0043,42589,112.9125,236,115.49,93.9786,38.8,234
245,183.6228,41866,112.6375,226,114.94,93.8626,38.7335,228
246,180.6695,42638,112.6,231,113.96,93.9355,38.7014,236
247,181.8884,42380,112.8875,231,113.66,94.0729,39.0686,233
248,183.4803,42017,113.35,248,113.76,94.1973,38.5205,229
249,183.5517,42584,112.4,232,114.41,93.6568,38.8175,232
250,182.8776,43342,113.1375,236,114.34,93.9987,38.9539,237
251,183.6667,41876,112.8875,237,115.06,94.6917,38.4072,228
252,183.0819,42475,111.525,228,114.05,93.8623,38.8111,232
253,184.1348,42351,113.2125,242,114.31,94.0758,38.9113,230
254,183.4872,42936,113.975,237,113.98,94.2667,39.4241,234
255,183.6224,44253,112.475,237,113.57,93.856,38.6893,241
256,183.766,43185,111.9125,237,114.21,93.597,38.9197,235
257,184.7039,43036,113.0125,238,113.81,94.0551,39.0823,233
258,183.5598,42953,112.4,236,113.79,94.0723,39.146,234
259,185.2778,43355,112.4875,239,113.56,94.3139,39.3443,234
260,182.1872,42814,112.65,231,114.85,93.981,39.0156,235
261,186.1304,42810,112.6625,247,113.76,93.8552,38.9229,230
262,184.3568,41849,112.95,230,113.95,93.9326,38.7292,227
263,184.9828,43101,112.7,234,113.61,93.7772,39.4115,233
264,184.7611,45636,114.85,240,115.1,93.8201,38.963,247
265,185.1159,43132,114.15,243,115.17,94.2646,39.0988,233
266,186.3248,43600,112.625,235,113.19,94.2034,38.9429,234
267,185.2687,42056,113.075,236,114.43,93.5503,39.075,227
268,186.1272,42437,113.5125,234,114.21,94.3584,39.3991,228
269,187.193,42680,114.1625,235,115.28,93.9332,38.8564,228
270,186.2607,43585,112.0625,252,113.34,94.0032,39.4155,234
271,184.5125,44283,112.6125,246,113.99,94.1484,39.2281,240
272,185.3833,42082,112.7875,241,114.45,93.9135,39.1857,227
273,187.6094,43713,114.7875,239,115.19,93.6359,38.7369,233
274,185.5365,43230,114.625,240,115.17,94.3179,38.8688,233
275,184.692,43772,114,251,114.99,93.6558,39.2256,237
276,183.8609,42288,113.0375,230,114.27,94.6043,38.78,230
277,182.8851,42978,112.5,253,113.68,94.2103,38.9826,235
278,183.2445,41963,112.375,234,113.75,93.9559,38.8377,229
279,183.8475,43388,111.825,241,112.49,93.9888,39.2486,236
280,182.1639,43355,112.0375,238,112.98,93.8623,39.0091,238
281,182.2236,43187,112.775,229,113.98,94.2285,39.4937,237
282,183.8613,43759,112.7875,244,113.67,93.9308,39.0595,238
283,181.0747,43639,113.3375,236,113.96,93.5928,39.0407,241
284,181.9198,43115,112.8375,238,113.69,93.7072,39.2855,237
285,182.9399,42625,113.1,242,114.43,94.0577,39.3537,233
286,182.2743,43199,112.9875,234,114.38,93.6652,39.1967,237
287,182.6853,42383,112.925,239,113.53,93.4409,38.8106,232
288,185.3906,43196,113.4875,232,114.66,93.9907,39.2167,233
289,180.6032,44609,112.5125,224,113.33,93.7079,39.3265,247
290,180.4917,43679,112.4125,232,114.17,93.7901,39.063,242
291,183,42822,112.4,245,113.58,93.7718,39.1956,234
292,183.1255,42302,112.7875,231,113.61,93.8311,39.1846,231
293,184.6404,42098,113.9125,246,114.52,94.6904,39.3029,228
294,184.1747,42176,113.0625,244,113.07,93.784,38.8635,229
295,183.2198,42507,113.525,254,114.9,93.9074,38.9008,232
296,183.3333,41800,112.6625,232,114.63,93.9399,38.8864,228
297,182.2684,42104,111.0625,229,113.06,93.6654,38.8588,231
298,182.6483,43105,113.175,233,115.23,93.9808,38.9617,236
299,183.1385,42305,113.65,247,115.15,93.8394,39.1685,231
300,184.2845,42754,113.975,227,115.39,93.9587,39.1376,232
301,183.9214,42118,111.9375,231,112.91,93.8025,38.9309,229
302,183.6638,42610,112.35,248,113.15,93.4868,39.3619,232
303,184.6157,42277,113.075,238,113.66,93.8034,38.9699,229
304,186.2647,44331,112.075,253,114.05,93.7564,38.6228,238
305,187.0263,42642,113.3125,247,114.97,93.7639,38.8167,228
306,187.0996,43220,113.6375,253,113.73,93.5372,38.9,231
307,189.4649,43198,111.8375,267,113.62,94.0078,38.9507,228
308,187.9785,43799,113.0625,265,113.34,94.0471,38.8908,233
309,191.524,43859,114.9,254,116.06,93.8467,39.1285,229
310,190.4105,43604,112.0875,249,113.74,94.1876,38.8346,229
311,190.6565,43851,113.2,266,114.03,94.0377,39.0715,230
312,195.0348,44858,112.8875,248,113.7,93.4226,38.9427,230
313,198.0216,45743,112.175,266,112.87,93.5361,39.1558,231
314,198.1154,46359,112.4625,251,114.41,93.5829,38.8205,234
315,203.7048,46241,112.1125,270,113.71,93.7999,38.587,227
316,205.4783,47260,113,280,114.7,93.7928,39.1962,230
317,210.613,48441,113.35,291,114.87,93.3362,39.0267,230
318,212.7533,48295,112.6,286,114,93.8428,38.9254,227
319,216.9031,49237,112.175,301,114.67,93.987,38.8416,227
320,218.8904,49907,112.5625,294,113.69,93.7998,38.7952,228
321,222.4242,51380,114,313,115.55,93.9199,38.4857,231
322,223.7609,51465,113.05,312,113.8,93.8151,38.7468,230
323,227.2035,52484,113.3875,305,114.87,93.9132,38.944,231
324,229.63,52126,113.2875,328,114.08,93.8235,38.6094,227
325,232.3696,53445,113.675,339,114.4,94.0009,38.9469,230
326,234.7269,53283,113.525,324,115.74,94.1007,38.8827,227
327,237.5507,53924,113.175,338,114.24,94.1647,38.7487,227
328,240.8377,54911,112.7625,347,114.07,93.7447,38.7459,228
329,244.0176,55392,112.85,345,113.93,93.9612,38.7034,227
330,247.6174,56952,114.7,340,115.94,93.8545,38.6168,230
331,251.4148,57574,113.3,365,114.66,93.902,38.7134,229
332,253.6537,58594,112.875,354,114.21,93.8273,38.5179,231
333,256.655,58774,113.675,373,114.76,94.1048,39.0298,229
334,262.026,60528,113.175,359,114.44,93.5182,38.9012,231
335,264.3493,60536,113.2125,378,114.1,94.0723,38.8473,229
336,267.8899,60811,113.4125,378,113.98,93.7029,38.6464,227
337,271.1878,62102,113.6375,396,115.01,93.8555,38.6226,229
338,276.7533,62823,112.9,432,114.19,94.1805,38.8236,227
339,275.2996,62493,113.4,390,115.78,93.9218,38.561,227
340,279.7061,63773,113.5,398,114.82,93.8954,38.463,228
341,285.6167,64835,112.3625,421,114.23,93.8978,38.7703,227
342,289.4386,65992,112.8,436,113.69,93.9739,38.1796,228
343,290.5546,66537,112.225,434,113.32,93.7357,38.7743,229
344,293.7445,66680,113.7375,431,115.38,93.8913,38.4827,227
345,295.5658,67389,113.2125,424,115.36,93.7215,38.6252,228
346,296.613,68221,112.4875,428,114.5,94.0513,38.602,230
347,299.0917,68492,114.0875,438,115.37,93.7214,38.6292,229
348,298.1278,67675,113.75,451,116.02,93.6942,38.7567,227
349,300.9607,68920,113.225,454,114.72,93.6863,38.6074,229
350,299.7031,68632,113.875,462,114.8,93.5954,38.8353,229
351,299.9957,69299,114.175,434,116.09,93.6453,38.6613,231
352,301.8961,69738,114.975,464,115.75,93.7706,38.6899,231
353,302.25,68913,113.3125,468,115.33,93.761,38.565,228
354,300.9043,69208,114.775,457,116.42,93.6561,38.7016,230
355,301.0087,69232,112.975,438,114.91,93.8046,38.8922,230
356,299.1842,68214,112.7625,436,113.97,93.771,38.5586,228
357,296.0783,68098,113.325,460,114.57,93.662,38.7817,230
358,299.0437,68481,112.95,435,114.55,93.5364,38.7079,229
359,297.7709,67594,112.6,437,114.64,93.6144,38.7741,227
360,297.4518,67819,114.2,440,114.24,93.7011,38.6229,228
361,293.9604,66729,114.425,425,116.23,93.5646,38.5597,227
362,294.6164,68351,113.0375,439,114.38,93.7004,38.8487,232
363,290.2085,68199,113.7875,416,114.46,93.565,38.7379,235
364,289.9217,66682,112.25,439,114.48,93.5425,38.8775,230
365,290.3261,66775,114.5375,425,115.37,93.6338,38.4111,230
366,290.2926,66477,112.675,434,114.71,93.5831,38.5768,229
367,291.5614,66476,114.1125,448,115.08,93.6273,38.5145,228
368,291.6432,66203,112.1125,439,114.54,93.5626,38.6428,227
369,290.0969,65852,112.7375,441,114.82,93.5167,38.7351,227
370,290.2565,66759,113.375,447,115.53,93.6905,38.4599,230
371,292.1498,66318,112.425,461,115.34,93.499,38.7265,227
372,295.5658,67389,114.5,440,116.13,93.6661,38.5508,228
373,293.8904,67007,113.2875,423,113.97,93.6544,38.8185,228
374,296.0877,67508,112.875,437,114.25,93.4369,38.6983,228
375,295.4605,67365,113.3625,428,114.9,93.5923,38.6579,228
376,294.3509,67112,112.725,440,114,93.4845,38.5203,228
377,294.1762,66778,114.275,437,116.3,93.4182,38.7327,227
378,290.4342,66219,113.3,427,114.44,93.3637,38.9103,228
379,287.8087,66196,113.2,414,114.04,93.3873,38.7104,230
380,286.5903,65056,113.55,407,116.18,93.5652,38.62,227
381,282.2555,64072,112.675,412,114.33,93.429,38.6445,227
382,279.8289,63801,113.825,398,114.73,93.2687,38.9051,228
383,274.9386,62686,112.9625,398,114.77,93.3251,38.6644,228
384,273.4846,62081,112.675,398,113.94,93.4087,38.6545,227
385,268.0307,61111,113.6125,385,114.53,93.4034,38.5651,228
386,267.1542,60644,113.8375,376,115.22,93.237,38.6993,227
387,269.7313,61229,113.65,442,114.05,93.4773,38.5879,227
388,269.821,61789,112.6375,401,114.4,93.481,38.6758,229
389,272.0948,63126,113.3125,392,113.94,93.37,38.9004,232
390,274.4405,62298,113.85,415,114.71,93.4014,38.5375,227
391,278.4123,63478,114.2,413,116.2,93.5272,38.5917,228
392,276.1798,62969,113.7875,411,113.88,93.1366,38.8205,228
393,278.1806,63147,112.525,414,114.49,93.1878,38.7035,227
394,272.1572,62324,113.575,383,114.14,93.1886,38.8222,229
395,271.5771,61648,112.55,384,113.4,93.0197,38.5983,227
396,266.0783,61198,113.2875,391,113.71,92.9937,38.5662,230
397,264.1272,60221,113.1625,390,114.97,93.2042,38.8725,228
398,259.9784,60055,113.0125,381,114.07,93.2797,38.7818,231
399,259.1009,59075,112.9,384,114.17,93.1004,38.9669,228
400,258.5391,59464,112.8,376,113.9,93.0741,38.7299,230
401,255.3621,59244,113.0875,356,113.48,93.0446,38.8458,232
402,255.4978,57998,112.5125,376,114.28,93.055,38.6188,227
403,254.4053,57750,112.35,364,114.08,93.0148,38.7908,227
404,252.8079,57893,112.7625,374,114.36,93.0511,38.7589,229
405,254.8722,57856,112.625,364,114.49,92.8639,38.7977,227
406,254.2412,57967,113.1875,371,115.43,92.9231,38.7223,228
407,253.214,57986,112.6875,353,113.96,93.2474,38.6211,229
408,254.6638,58318,113.5625,356,114.74,92.8511,38.7575,229
409,252.6535,57605,112.1375,373,113.82,92.8327,38.6868,228
410,254.2271,58218,112.9125,359,114.65,93.1103,38.7478,229
411,248.0218,56797,114.3125,339,115.33,92.8856,38.8591,229
412,247.9039,56770,112.8875,356,113.42,92.8078,38.7747,229
413,244.3465,55711,113.95,348,115.03,93.0321,38.6453,228
414,241.5862,56048,113.9125,344,114.74,92.7995,38.8475,232
415,242.1711,55215,113.0875,343,114.76,92.8356,38.6238,228
416,240.6463,55108,112.275,351,114.1,92.8899,38.9617,229
417,235.2265,55043,112.1375,327,113.92,93.0176,38.6841,234
418,237.9957,55691,113.275,342,114.31,92.748,38.6464,234
419,236.3319,54120,112.675,340,114.09,92.945,38.5516,229
420,239.3275,54806,111.9625,335,113.28,92.7784,38.766,229
421,238.1515,55013,113.225,337,114.99,92.8579,38.8701,231
422,237.329,54823,112.6375,331,114.14,92.9043,38.8348,231
423,235.326,53419,111.9125,339,114.3,93.0416,38.7231,227
424,232.0636,54767,113.9625,320,113.96,92.8768,38.6256,236
425,232.4957,53474,112.8125,320,113.78,92.7421,38.7626,230
426,232.5541,53720,112.8875,337,113.88,92.7461,38.7387,231
427,230.0568,52683,112.4,323,114.46,92.7282,38.8364,229
428,230.4348,53000,113.25,309,114.54,92.8765,38.8558,230
429,230.3074,53201,112.3625,319,113.99,92.8491,38.6251,231
430,230.0176,52214,111.7875,317,113.97,93.0631,38.8577,227
431,230.7225,52374,113.4125,312,114.39,93.1914,38.4331,227
432,231.1674,52475,113.225,321,114.84,92.7047,38.7309,227
433,229.9119,52190,111.725,326,113.86,92.9884,39.1392,227
434,229.1845,53400,111.65,328,113.31,92.5051,38.6932,233
435,229.5263,52332,113.9125,320,115.49,93.1393,38.7934,228
436,227.9605,51975,112.725,315,114.42,92.8309,38.9935,228
437,227.9956,51755,111.875,302,114.17,93.0306,38.4342,227
438,229.3216,52056,113.525,338,114.64,92.9364,38.8944,227
439,226.8678,51499,113.1,303,114,92.856,38.7572,227
440,221.4805,51162,112.325,306,113.98,92.6048,38.9723,231
441,218.6435,50288,112.1875,294,113.53,92.5314,38.8925,230
442,215.0897,50331,112.3125,306,114.13,92.7362,38.5287,234
443,212.3,48829,112.975,285,114.34,92.7191,39.0042,230
444,211.083,48338,111.4875,273,113.08,92.8774,39.072,229
445,209.0482,47663,112.575,283,114.47,92.5223,38.8852,228
446,209.7763,47829,112.9875,284,114.72,92.6003,38.9713,228
447,206.3904,47057,112.8125,271,114.61,92.8802,38.9121,228
448,205.0961,46967,111.6375,264,113.96,92.6613,39.1353,229
449,203.7686,46663,112.2125,267,113.04,92.3863,38.7119,229
450,205.5153,47063,112.275,288,114.75,92.4795,38.6157,229
451,203.3034,47573,111.7,265,113.35,92.4594,39.0996,234
452,201.3,46299,113.8125,275,113.48,92.5441,38.8342,230
453,199.9518,45589,113.6,270,114.65,92.4775,38.8416,228
454,199.0826,48178,112.2375,279,114.23,92.2677,38.8042,242
455,201.2314,46082,111.95,262,113.93,92.5912,39.068,229
456,200.2174,46050,113.675,258,115.53,92.4263,39.295,230
457,199.5526,45498,113.4875,248,113.88,92.5199,38.9599,228
458,198.8728,45343,111.95,271,114.6,92.4637,38.8892,228
459,197.2183,45163,112.5,267,113.81,92.7107,38.6822,229
460,198.7773,45520,113.3375,264,114.61,92.2067,38.9566,229
461,197.5044,45031,111.375,265,113.19,92.5045,39.1136,228
462,195.2623,47644,112.5625,263,114.8,92.3557,38.9782,244
463,195.3568,44346,112.25,252,114.45,92.4392,38.9154,227
464,196.0909,45297,113.0125,266,114.14,92.1853,39.015,231
465,194.7931,45192,112.325,254,114.52,92.4551,38.8255,232
466,192.6391,44307,112.85,260,114.41,92.0939,38.9385,230
467,193.5565,44518,111.9125,253,113.68,92.5564,38.7607,230
468,192.6485,46043,113.4125,246,114.81,92.362,39.0451,239
469,193.3158,44076,113.625,259,114.62,92.5359,39.2942,228
470,191.8589,46238,112.6625,255,114.18,92.149,38.9539,241
471,192.3348,43660,112.925,252,113.24,92.3937,39.105,227
472,192.8745,44554,111.8125,263,113.59,92.5649,38.6381,231
473,192.9784,44578,113.3,254,114.63,92.5002,38.8691,231
474,192.8841,44942,111.8125,254,113.47,92.4057,39.0244,233
475,193.8246,44192,111.2125,264,113.16,92.5633,38.8084,228
476,193.7074,44359,112.5625,259,114.02,92.1313,38.6365,229
477,193.8788,44786,112,275,114.26,92.7363,38.7579,231
478,191.3404,44965,113.275,257,113.97,92.178,38.821,235
479,193.4298,44102,112.7375,258,113.55,92.4979,39.0047,228
480,190.5463,43254,113.1125,264,113.4,92.5658,38.878,227
481,189.8987,43107,112.6125,240,113.81,92.8006,39.1149,227
482,188.3305,45011,111.9875,251,113.48,92.3551,39.1394,239
483,189.1348,43501,113.0625,242,114.4,92.5566,38.9585,230
484,189.5042,44723,111.8375,249,113.04,92.1059,38.723,236
485,190.6623,43471,113.1,247,114.29,92.3616,39.0136,228
486,188.3465,42943,111.7125,257,113.49,92.0746,39.2886,228
487,189.8289,43281,112.9,247,114.38,92.4195,38.9958,228
488,188.588,43941,112.425,242,112.75,92.4118,38.7408,233
489,187.4641,44429,113.3625,269,112.85,92.6596,39.0384,237
490,188.3652,43324,112.625,250,113.31,91.811,39.1489,230
491,187.8603,43020,112.0125,255,113.01,92.0851,38.8754,229
492,189.2149,43141,111.475,241,113.28,92.0893,39.1301,228
493,187.8435,43204,112.25,237,113.81,92.4436,39.2195,230
494,186.6435,42928,113.2125,242,114.33,92.253,38.6122,230
495,185.1496,43325,112.1375,236,112.91,92.3438,39.1357,234
496,187.0611,42837,112.1625,241,114.12,92.2774,39.1073,229
497,184.9277,43458,112.8875,241,114.29,92.2408,38.6299,235
498,187.8405,43579,111.775,247,113.53,92.3891,39.1458,232
499,187.136,42667,112.65,243,113.5,91.9924,38.6455,228
500,186.4459,43069,114.7375,243,116.03,92.2898,38.6225,231
501,188.5374,42798,112.5375,249,114.01,92.3262,38.9524,227
502,186.6282,43671,113.3875,240,114.1,92.2502,38.5728,234
503,186.9783,43005,112.75,240,113.73,91.9623,38.9749,230
504,187.2009,42869,112.525,243,113.94,92.4431,38.6648,229
505,188.5214,44114,112.625,245,114,92.0733,38.988,234
506,190.2281,43372,111.875,258,113.56,92.2633,39.0111,228
507,193.1013,43834,112.425,245,113.5,92.0713,39.2208,227
508,191.5789,43680,112.8125,245,114.3,92.3445,39.3402,228
509,192.9871,44773,113.05,248,114.13,92.2856,39.0479,232
510,192.9615,45153,112.8625,256,113.42,92.1406,39.0929,234
511,194.5459,44551,112.4375,252,113.94,92.3364,38.9362,229
512,194.7729,44603,112.525,254,113.68,92.3569,39.0816,229
513,196.3826,45168,112.3375,267,114.1,92.3714,39.0306,230
514,193.2426,45412,113.125,244,113.55,91.9841,39.1435,235
515,196.5957,45217,113.2125,250,115.45,91.9451,38.5931,230
516,195.9648,44484,110.875,249,112.71,92.0216,38.9302,227
517,196.3247,45351,113.0375,275,114.11,92.0652,39.1943,231
518,199.1184,45399,112.425,255,114.3,92.4659,38.842,228
519,197.2876,45968,113.3875,271,113.76,92.1364,39.0404,233
520,201.9224,46846,114.0125,271,115.68,92.4539,38.8364,232
521,202.7048,46014,113.6875,266,113.63,92.5074,39.1554,227
522,205.1485,46979,113.3,276,113.94,92.3298,38.9929,229
523,206.7284,47961,112.7,291,113.54,92.3375,38.9595,232
524,205.7012,49574,111.6875,271,113.27,92.5404,39.1227,241
525,211.1189,47924,112.7125,299,114.52,92.4597,39.1176,227
526,210.4487,49245,112.35,288,113.77,92.1626,38.9663,234
527,211.5368,48865,112.5625,282,114.23,92.3551,39.1919,231
528,211.7773,48497,112.175,293,114.92,92.5568,38.8162,229
529,212.0263,48342,112.2125,305,114.1,92.4793,39.1012,228
530,212.5236,49518,112.8875,306,114.33,92.4623,39.0511,233
531,212.0395,48345,113.5375,278,114.48,92.5058,38.6884,228
532,212.4693,48443,111.375,297,112.88,92.5737,38.6701,228
533,213.9119,48558,111.8375,293,112.95,92.5297,38.7202,227
534,211.8996,48525,113.1125,296,115.61,92.2984,38.7824,229
535,212.7709,48299,113.2625,289,114.8,92.4884,38.8082,227
536,209.9319,49334,112.575,289,114.13,92.5098,38.8782,235
537,211.9123,48316,112.6125,298,114.07,92.6158,38.6769,228
538,213.3147,49489,111.65,296,112.62,92.5017,38.9853,232
539,213.6943,48936,112.5375,300,113.87,92.2558,38.8121,229
540,213.6053,48702,112.4,289,113.45,92.4486,39.1943,228
541,212.9957,48989,113.5125,281,113.96,92.5233,38.9106,230
542,213.7414,49588,113,296,113.76,92.1811,38.9586,232
543,213.3596,48646,112.275,300,113.13,92.471,38.897,228
544,214.8106,48762,113.8375,292,115.19,92.3644,38.7998,227
545,214.3991,49955,112.9,294,113.57,92.288,38.8068,233
546,212.3377,49050,112.1375,302,113.96,92.3215,39.1198,231
547,213.2478,49047,112.7,291,114.09,92.24,39.0611,230
548,209.2335,47496,114.1875,271,115.75,92.5875,39.1405,227
549,207.3205,48513,113.25,277,115.19,92.2519,39.0927,234
550,208.0573,47229,111.2375,299,113.25,92.22,38.8894,227
551,205.5193,47886,112.2375,277,113.89,92.3889,38.867,233
552,205.304,46604,113.6125,269,116.07,92.1047,39.0422,227
553,203.8348,46882,112.9625,275,113.85,92.5229,39.3018,230
554,201.652,45775,113.275,265,113.92,92.4628,38.9226,227
555,200.9048,46409,111.475,276,112.71,92.461,38.8245,231
556,196.5536,45797,113.0125,266,114.68,92.701,38.7885,233
557,199.7991,45754,112.8125,269,114.25,92.4385,39.0323,229
558,199.1878,45614,112.6875,271,114.13,91.9245,38.7996,229
559,195.8326,45629,112.3375,255,113.23,92.152,38.9244,233
560,198.3362,45419,111.4125,267,112.95,92.486,38.4876,229
561,197.8767,44918,111.825,260,113.81,92.0511,38.4545,227
562,196.0386,45677,112.2125,254,114.72,92.3012,38.4996,233
563,194.2291,44090,112.8,255,114.11,92.3935,39.0698,227
564,192.2078,44400,113.1125,250,113.27,92.3347,39.1067,231
565,191.0262,43745,112.2,245,113.69,92.226,38.8673,229
566,192.3906,44827,114.3125,254,114.18,91.7403,38.9905,233
567,191.1082,44146,111.8125,258,114.21,91.9511,38.8374,231
568,192.0617,43598,112.5625,259,113.68,92.3594,39.0992,227
569,189.6826,43627,112.7,239,113.98,91.9755,38.6571,230
570,190.9785,44498,112.675,245,114.47,92.2428,38.5759,233
571,190.787,43881,113.2625,248,114.43,92.4349,38.9976,230
572,190.3289,43395,112.6375,258,114.05,92.0994,38.6999,228
573,190.375,44167,113.0375,258,114.31,91.9677,39.0407,232
574,189.7826,43650,112.9375,245,113.34,92.3582,38.484,230
575,188.2198,43667,112.3,249,114.72,91.9824,38.6584,232
576,188.5819,43751,112.0625,243,114.36,91.7379,39.3733,232
577,188.4079,42957,111.975,251,114.07,92.2626,39.4357,228
578,188.8391,43433,112.8375,244,113.77,92.1675,39.0405,230
579,188.0969,42698,112.1625,239,114.25,92.4508,38.7465,227
580,187.2008,44741,112.375,259,115.34,92.2718,38.8979,239
581,187.9004,43405,112.7875,241,114.2,92.0939,39.0701,231
582,188.1845,43847,112.95,260,114.07,91.8756,38.8142,233
583,188.2423,42731,112.8,237,114.7,91.7305,39.4022,227
584,188.815,42861,112.7625,248,113.86,91.9586,38.8935,227
585,187.9824,42672,112.6,245,113.23,92.1796,39.0133,227
586,188.4053,42768,111.9875,250,114.15,91.9163,39.0769,227
587,186.6114,42734,112.05,249,114.45,92.2461,39.5007,229
588,187.2489,42880,113.225,244,115.14,92.09,39.0005,229
589,186.952,42812,111.775,247,113.49,92.106,39.1765,229
590,186.5789,42540,112.475,245,113.79,92.2453,39.2017,228
591,185.3922,43011,112.3625,250,113.21,91.9096,38.9663,232
592,185.1931,43150,112.425,238,114.01,91.9498,38.8115,233
593,185.8246,42368,112.6625,251,113.7,92.0385,39.0563,228
594,185.1102,43686,112.8125,234,113.17,92.0532,39.4754,236
595,186.8874,43171,112.6,247,113.72,91.9942,39.2772,231
596,186.3836,43241,112.4,247,113.55,92.3078,39.0795,232
597,186.1217,42808,112.4875,246,114.26,92.1501,38.7677,230
598,186.7445,42391,112.5625,247,114.72,92.2593,38.9654,227
599,186.8202,42595,111.8125,243,114.89,91.6737,39.162,228
600,184.8026,42135,111.1125,237,113.89,92.5955,38.5316,228
601,186.8448,43348,114.25,243,114.84,92.0656,39.3825,232
602,186.4026,43059,111.9,245,113.3,92.588,38.9214,231
603,185.6609,43259,112.2125,237,114.38,92.0252,39.2623,233
604,186.1354,42625,112.975,247,113.45,92.2937,38.9288,229
605,186.2969,42662,112.3625,247,114.15,91.8878,39.1521,229
606,185.594,43429,112.8625,254,114.03,92.5417,39.0436,234
607,185.1017,43684,112.025,235,112.98,92.0021,38.8485,236
608,186.5478,42906,112.2625,240,114.04,91.5693,38.9524,230
609,185.0352,42003,112.0375,257,114.5,91.6148,38.8665,227
610,184.431,42788,111.975,254,113.3,91.8705,38.5145,232
611,185.4317,42093,112.8625,240,113.52,92.0477,39.3311,227
612,186.4557,44190,113.5,272,114.26,92.4915,38.8831,237
613,185.9694,42587,112.725,242,114.47,92.0749,38.954,229
614,183.0041,44287,112.775,250,113.87,92.3999,39.1438,242
615,186.3723,43052,112.0125,237,113.98,92.0784,38.9905,231
616,185.6009,42317,111.8875,251,112.69,92.314,38.906,228
617,185.4483,43024,113.15,236,114.02,92.5369,39.1985,232
618,183.0969,41563,112.7,236,114.33,91.9702,38.7597,227
619,182.7959,44785,112.0875,231,114.42,92.064,38.8814,245
620,184.2727,42567,113.2375,250,114.08,92.1685,38.8116,231
621,185.5219,42299,113.025,233,114,92.5055,38.6224,228
622,185.2314,42418,111.7625,251,113.32,92.5753,38.6019,229
623,183.4518,41827,112.675,246,113.94,92.2396,38.7682,228
624,184.1491,41986,113.225,245,112.84,92.4311,39.0289,228
625,184.9432,42352,112.875,234,113.65,91.6746,38.9265,229
626,185.7124,43271,114.375,253,115.28,92.2912,38.8397,233
627,184.2936,43309,113.1375,277,113.91,92.0503,39.0732,235
628,185.3291,43367,111.6875,234,113.4,92.1725,39.2315,234
629,183.8821,42109,112.425,249,112.93,92.2133,38.9779,229
630,184.4224,42786,112.625,237,113.99,92.0784,39.3568,232
631,184.2851,42017,113.1125,244,113.23,92.3446,38.9891,228
632,184.8095,42691,113.6125,239,114.36,92.5275,39.2561,231
633,183.7457,42629,112.375,251,113.62,91.9673,38.9263,232
634,184.9485,43093,112.1375,239,113.95,92.481,39.0727,233
635,186.0563,42979,112.7,256,113.94,92.3426,39.0296,231
636,184.5261,42441,112.45,240,113.24,92.2247,39.1354,230
637,185.5812,43426,113.575,232,114.77,92.7893,39.3734,234
638,181.6333,43592,113.225,241,114.63,92.3743,39.4252,240
639,183.161,43226,111.7375,256,114.28,91.8962,39.2596,236
640,185.5132,42297,113.05,254,113.89,92.0781,38.913,228
641,181.9916,43314,112.2625,226,113.11,92.0363,39.2868,238
642,182.7043,42022,112.7625,234,113.16,92.4149,39.2685,230
643,184.2034,43472,112.7125,233,114.79,92.4837,39.1781,236
644,183.9181,42669,112.275,255,113.56,92.1665,39.0167,232
645,183.3086,44544,113.5125,231,115.54,91.8237,39.0178,243
646,183.7939,41905,111.7625,242,113.54,91.817,39.3628,228
647,183.8553,41919,111.275,243,113.35,92.4594,38.1802,228
648,184.3348,42397,111.775,247,113.89,91.7498,39.1862,230
649,184.7639,43050,113.3875,239,114.75,92.1321,38.8223,233
650,183.5066,41656,113.125,238,114,92.242,39.2672,227
651,183.9694,42129,113.2625,238,114.96,92.2477,39.1107,229
652,183.9451,43595,111.25,241,113.84,92.1041,38.6347,237
653,184.4185,41863,112.0875,237,113.67,91.88,39.1771,227
654,183.3966,43465,112.5625,249,114.7,92.3799,39.209,237
655,184.8803,43262,112.775,243,113.67,91.8525,38.9193,234
656,184.3921,41857,112.3,237,113.8,92.011,38.8671,227
657,186.6812,42750,112.3875,248,113.51,91.7774,38.8977,229
658,183.2051,42870,112.4,258,112.9,92.1982,38.8458,234
659,184.4871,42801,112.275,243,113.53,91.8611,38.9971,232
660,183.0983,42845,112.4,241,114.61,92.2074,39.1924,234
661,185.1053,42204,112.6375,231,113.75,92.6239,38.6759,228
662,183.3636,42357,111.6375,235,113.33,92.0696,39.235,231
663,183.4017,41999,112.175,244,114.17,92.0733,38.9365,229
664,184.5921,42087,113.1625,242,114.62,92.7778,38.8793,228
665,184.3261,42395,113,236,113.45,92.2062,38.9996,230
666,185.5771,42126,112.6,233,114.37,91.861,38.7517,227
667,184.0714,43809,112.4375,247,114.37,92.1641,38.856,238
668,184.5739,42452,111.3,241,112.48,92.0946,39.0794,230
669,184.9784,42730,112.3875,253,114.58,91.8338,38.4169,231
670,183.1271,43218,111.725,240,113.17,92.2691,38.9914,236
671,184.5175,42070,112.85,226,113.06,92.6035,38.944,228
672,183.2588,41783,111.875,231,114.28,92.4463,38.9219,228
673,184.5546,42263,112.0375,244,113,91.9846,38.9488,229
674,184.2882,42202,112.0875,248,114.28,92.2745,38.8974,229
675,182.7253,42575,111.5125,236,113.23,92.0231,39.0093,233
676,184.0726,43073,113.1125,240,114.17,91.7566,38.943,234
677,185.6953,43267,111.2375,248,113.01,92.3981,39.2147,233
678,184.8414,41959,111.1625,241,113.38,91.9515,39.2504,227
679,183.4135,43469,111.675,234,113.69,92.1514,38.8109,237
680,181.8511,42735,112.5875,246,113.99,92.4044,39.1362,235
681,184.5152,42623,113.4375,240,115.32,92.0366,38.5795,231
682,183.4236,42004,112.6375,235,113.91,92.6709,38.5216,229
683,182.4017,41770,111.6625,231,113.47,92.1211,38.9445,229
684,181.6581,42508,112.175,239,114.22,91.9598,39.8074,234
685,187.6652,42600,114.85,251,115.41,92.0832,38.8741,227
686,183.7051,42987,112.025,255,113.36,92.1373,38.9621,234
687,184.3922,42779,112.4375,239,113.63,91.8418,39.282,232
688,184.6652,41919,111.6625,238,114.81,92.3801,38.7957,227
689,184.5522,42447,112.2875,239,114.49,92.072,38.8998,230
690,183.3202,41797,111.825,233,113.9,92.2233,38.8276,228
691,184.4141,41862,112.5125,233,114.73,91.8145,38.8297,227
692,183.7478,42262,112.675,245,113.31,92.1867,39.1412,230
693,183.7186,42439,112.8,231,113.69,92.0211,39.1001,231
694,181.3589,44977,112.7125,248,113.8,92.5483,39.3369,248
695,184.0087,42138,111.5625,240,113.2,92.1921,39.2152,229
696,183.4262,43472,112.2375,231,113.47,92.1139,39.1465,237
697,183.3077,42894,112.625,249,115.03,92.4205,38.7337,234
698,184.6723,43398,112.325,238,113.3,92.1118,38.6857,235
699,183.5745,43140,113.4,241,113.59,91.9992,39.0138,235
700,184.8918,42710,112.825,235,113.84,91.8861,39.1351,231
701,183.5328,42029,112.3,235,113.31,92.0523,39.1817,229
702,184.7576,42679,113.025,241,115.29,91.8611,38.752,231
703,186.1387,44301,112.8,234,114.29,92.1452,38.8512,238
704,186.6094,43480,112.2125,234,114.18,92.1302,38.6576,233
705,185.4468,43580,112.425,242,113.74,91.8484,38.5944,235
706,184.1925,44022,112.55,248,113.57,91.7553,38.7365,239
707,188.6608,42826,112.125,250,114.08,91.8834,38.7805,227
708,188.0343,43812,112.9,244,114.66,91.8761,38.8854,233
709,191.5328,43861,112.725,268,114.53,92.2033,38.6438,229
710,191.5617,45017,111.2625,243,114.11,91.5095,39.1107,235
711,198.2232,46186,112.5875,268,113.42,91.8088,38.5649,233
712,201.1096,45853,112.0375,261,113.06,92.0107,38.968,228
713,205.2402,47000,112.35,275,114.35,91.7264,38.759,229
714,210.4781,47989,110.85,272,114.27,92.1975,38.7635,228
715,213.0261,48996,112.25,281,113.55,91.8916,39.0207,230
716,216.559,49592,112.0875,293,113.3,92.2521,38.4851,229
717,217.5584,50256,111.65,288,114.26,91.8992,38.9682,231
718,219.1004,50174,112.0125,326,113.56,91.9145,38.6871,229
719,220.2237,50211,112.625,349,113.79,91.7455,39.0619,228
720,222.1842,50658,112.4,302,113.98,92.0243,38.9017,228
721,222.7368,50784,112.15,296,114.31,91.9979,38.8509,228
722,224.3707,52054,112.0375,324,114.07,91.987,38.696,232
723,228.0262,52218,112.4375,322,115.08,92.178,38.7218,229
724,226.1894,51345,113.725,294,114.13,92.1468,38.5792,227
725,224.0652,51535,112.7125,307,114.32,92.0586,38.6958,230
726,229.0617,51997,114.1125,323,115.29,92.1065,38.694,227
727,226.7665,51476,111.6125,319,113.4,92.0293,38.4553,227
728,227.5815,51661,113.1875,307,114.97,91.7767,38.9072,227
729,231.073,53840,113.2125,320,114.08,92.0908,38.7629,233
730,232.4391,53461,112.0375,318,113.4,92.1684,38.7166,230
731,237.9868,54023,112.425,331,114.4,92.1507,38.8958,227
732,242.7576,56077,112.6125,350,113.8,92.0767,38.4945,231
733,247.6652,56220,111.95,353,114.6,91.7143,38.9739,227
734,249.4273,56620,112.2875,346,114.14,92.1171,38.2839,227
735,249.5,56886,112.45,349,113.8,92.1361,38.8639,228
736,250.9,57707,112.6625,351,114.48,91.9852,39.0132,230
737,253.2149,57733,112.1625,356,113.82,92.0214,38.5806,228
738,254.7773,58344,112.6375,343,114.33,91.9569,38.6702,229
739,253.2845,58762,113.3375,376,114.28,91.8574,38.7223,232
740,257.6798,58751,112.4875,388,113.84,92.1947,38.8824,228
741,257.0833,58615,112.5375,378,114.6,91.9673,38.6165,228
742,256.4739,58989,112.6125,357,113.75,91.7457,38.7376,230
743,255.7435,58821,112.4125,362,113.53,92.0429,38.3609,230
744,260.2533,59598,113.75,386,115.77,91.9563,38.7228,229
745,261.2807,59572,112.6125,382,115.02,91.8993,38.5819,228
746,261.6894,61497,113.175,378,114.03,91.9148,38.7044,235
747,266.3348,60458,113.8125,385,113.71,91.8725,38.8239,227
748,268.2096,61420,111.9,375,113.34,91.8923,38.558,229
749,265.8297,60875,113.1,384,114.08,91.8486,38.5647,229
750,262.9339,59686,112.725,379,114.1,91.6852,38.4769,227
751,259.7,59731,111.9,371,114.4,91.8587,38.8393,230
752,258.3991,58915,112.575,356,113.84,92.0297,38.6482,228
753,255.1754,58180,113.675,346,113.75,91.9039,38.6735,228
754,257.2907,58405,112.9,367,114.45,91.7623,38.6966,227
755,254.6784,57812,113.1375,369,114.81,92.0876,38.5675,227
756,250.7532,57924,111.625,366,113.85,91.6542,38.6122,231
757,251.2599,57036,112.9,367,115.1,91.9873,38.6876,227
758,250.3304,56825,111.75,355,113.79,91.9264,38.798,227
759,245.9476,56322,112.8625,334,115.35,92.0383,38.6232,229
760,248.1834,56834,112.3125,334,114.03,91.7736,38.821,229
761,245.0088,55862,112.425,348,114.14,92.2329,38.5372,228
762,248.9254,56755,112.225,345,113.51,91.6962,38.747,228
763,248.2775,56359,112.6125,346,114.11,91.9074,38.7189,227
764,245.9605,56079,112.2125,356,113.56,91.7719,38.6597,228
765,247.0614,56330,111.7,351,113.52,91.9478,38.7328,228
766,244.0215,56857,111.6875,342,113.57,91.9411,38.6037,233
767,246.8289,56277,111.85,339,113.55,91.7374,38.8032,228
768,248.671,57443,112.8625,373,114.28,92.0706,38.4016,231
769,252.9035,57662,112.9625,358,114.77,91.9795,38.6393,228
770,254.8304,58611,112.55,352,114.35,92.028,38.6826,230
771,259.8821,59513,113.6625,392,115.94,91.8428,38.4154,229
772,261.2314,59822,111.85,400,114.18,91.8196,38.8055,229
773,265.9163,60363,112.35,375,113.66,91.9275,38.5064,227
774,268.0349,61380,113.0125,381,113.48,91.8367,38.9119,229
775,266.6552,61864,112.7875,389,114.69,92.1604,38.5695,232
776,271.5395,61911,114.2875,394,116.44,91.8792,38.6294,228
777,269.8772,61532,112.4125,392,114.02,91.8822,38.7737,228
778,270.793,61470,112.0375,420,113.93,92.242,38.5978,227
779,270.4561,61664,112.175,401,114.61,91.8924,38.8212,228
780,269.4605,61437,112.05,387,114.3,92.088,38.5277,228
781,266.3799,61001,110.825,393,113.04,91.8257,38.8175,229
782,262.9075,59680,112.225,396,113.5,91.6856,38.7255,227
783,260.3172,59092,113.625,365,115.41,91.9574,38.7849,227
784,258.1982,58611,112.5375,356,112.54,91.655,38.5333,227
785,253.1149,59482,111.1,359,112.46,91.773,39.0548,235
786,249.5991,56659,112.9125,375,114.42,91.8811,38.4591,227
787,246.3913,56670,111.025,371,114,91.6825,38.693,230
788,244.0913,56141,113.075,346,114.93,91.8031,38.5536,230
789,242.1894,54977,112.475,338,114.09,91.6926,38.5183,227
790,240.9694,55182,112.775,352,114.83,91.6266,38.848,229
791,239.9912,54718,112.4875,338,113.83,91.8635,38.6567,228
792,239.8831,55413,112.95,332,115.01,91.7151,38.9364,231
793,238.0396,54035,113.0875,374,114.13,91.7403,38.6986,227
794,236.1894,53615,112.275,347,113.9,91.6103,38.7633,227
795,233.087,53610,113,327,113.76,91.7302,38.6639,230
796,232.1057,52688,112.275,343,113.65,91.5562,38.6095,227
797,235.3904,53669,111.9,333,114.34,91.6732,38.5185,228
798,233.8079,53542,112.45,332,114.12,91.6981,38.7243,229
799,234.5044,53467,111.7625,328,113.87,91.4898,38.8137,228
800,231.7198,53759,111.65,331,113.62,91.5988,38.6475,232
801,230.5708,53723,111.95,342,114.07,91.6194,38.7204,233
802,230,52440,112.4125,338,114.02,91.9224,38.4379,228
803,224.4936,52756,111.15,318,113.99,91.5146,38.8196,235
804,222.9386,50830,112.75,305,113.95,91.3124,38.9392,228
805,222.4298,50714,112.225,309,114.21,91.5941,38.5513,228
806,217.9696,50133,111.9,287,113.75,91.4766,38.9761,230
807,219.7304,50538,111.55,295,112.77,91.6569,38.6697,230
808,219.4541,50255,111.9875,325,113.38,91.5888,38.8235,229
809,218.7555,50095,112.6625,293,113.56,91.5255,38.6019,229
810,215.4828,49992,111.1375,290,112.86,91.4465,38.9731,232
811,215.7632,49194,112.4,292,113.32,91.3585,38.9672,228
812,213.4545,49308,112.775,296,115.16,91.232,38.5225,231
813,211.3904,48197,111.8875,281,113.53,91.3599,38.7986,228
814,208.2061,47471,113.425,282,114.93,91.6575,38.3765,228
815,209.0705,47459,111.4875,279,113.9,90.9358,38.8342,227
816,207.7489,47159,113.275,293,112.84,91.4976,38.7219,227
817,211.2969,48387,112.3375,281,114.63,91.6072,38.6327,229
818,209.2314,47914,112.1375,282,113.31,91.4544,38.9082,229
819,207.9087,47819,111.05,279,113.91,90.8929,38.5609,230
820,207.4226,49574,112,299,114.03,91.2471,38.619,239
821,207.487,47722,111.5875,284,113.17,91.2444,38.8343,230
822,209.0395,47661,112.2625,283,114.31,91.1537,38.7982,228
823,209.7368,47820,111.35,294,113,91.5235,39.0124,228
824,210.8615,48709,112.4375,299,113.3,90.9682,38.7303,231
825,210.0175,47884,112.3,295,113.57,91.3468,38.5129,228
826,208.9913,48277,112.05,283,113.87,91.1943,38.7089,231
827,207.0776,48042,112.0875,278,113.94,91.5375,38.7859,232
828,205.8996,47151,111.475,301,113.15,91.3868,38.8494,229
829,205.5435,47275,111.85,292,113.82,91.3312,38.9978,230
830,203.9304,46904,112.8,272,114.26,91.4594,38.599,230
831,204.3581,46798,112.175,266,113.69,90.9572,38.6025,229
832,200.207,45447,112.175,263,113.46,91.1544,38.3988,227
833,201.9295,45838,112.225,267,114.18,90.9895,38.8662,227
834,199.6332,45716,112.225,269,114.77,91.0279,38.5014,229
835,204.0261,46926,113.425,279,115.32,90.9331,38.6637,230
836,204.1366,46339,112.6125,267,114.53,91.0595,39.0118,227
837,203.6035,46218,111.6375,266,113.61,91.1115,38.4853,227
838,203.1806,46122,112.7375,271,113.67,90.9212,38.8659,227
839,200.869,45999,112.1,274,113.83,91.0831,38.6881,229
840,200.0746,45617,112.025,272,114.27,91.2996,38.7532,228
841,200.8428,45993,111.8625,283,112.86,91.2896,38.8178,229
842,197.7841,44897,111.7375,271,114.82,91.0848,38.821,227
843,199.8069,46555,112.0375,264,114.61,90.9657,38.7275,233
844,195.9576,46246,112,271,113.82,91.0164,38.9547,236
845,196.3578,45555,111.4375,261,113.08,91.072,38.8033,232
846,196.4626,44597,112.325,250,113.55,91.1679,38.8926,227
847,197.4741,45814,112.4125,264,113.97,90.9735,38.9463,232
848,198.7074,45504,111.725,276,113.35,90.9135,38.7122,229
849,199.29,46036,112.45,282,114.22,90.8498,38.9443,231
850,200.614,45740,111.9875,260,113.29,90.8341,38.8232,228
851,198.5132,45261,112.2125,269,113.6,91.11,38.567,228
852,200.8202,45787,112.575,280,114.07,90.9781,38.8258,228
853,200.3696,46085,110.65,272,113.17,91.4547,38.6653,230
854,201.7522,46403,111.8125,270,113.92,91.362,38.4809,230
855,201.3684,45912,112.05,276,113.77,90.9736,38.8047,228
856,197.9163,47302,111.25,263,113.58,90.9316,39.0038,239
857,201.3766,46518,111.35,264,112.92,91.4828,38.9106,231
858,199.6923,46728,112.5125,275,113.66,90.9871,39.0113,234
859,198.6094,46276,112.6,274,114.9,91.1465,38.9626,233
860,199.4716,45679,111.6,268,114.41,91.1285,39.1259,229
861,197.5066,44834,111.4875,252,113.5,90.843,38.6681,227
862,197.2707,45175,111.275,256,114.37,91.0714,38.6212,229
863,200.1385,46232,112.1625,271,113.6,90.4523,39.0253,231
864,198.5702,45274,112.7625,275,114.44,91.4037,38.6115,228
865,201.9957,46459,112.1125,271,113.9,91.0541,38.8159,230
866,201.2348,46284,111.9,265,114.03,90.9837,39.0947,230
867,202.1853,46907,111.8,267,115.04,91.1053,38.6341,232
868,205.6552,47712,112.1,281,113.88,90.6753,39.0941,232
869,206.5593,48748,111.2375,277,113.45,90.894,38.5897,236
870,208.2672,48318,110.9,300,113.54,90.6641,39.063,232
871,208.8009,48233,110.6875,269,112.04,90.9602,38.2745,231
872,207.4043,47703,111.1125,274,113.91,91.027,38.7807,230
873,210.4934,47782,111.275,277,113.35,91.1769,38.4952,227
874,209.8908,48065,110.9625,284,113.12,90.9085,38.6985,229
875,205.021,48795,111.8,286,113.32,90.7154,38.9365,238
876,206.1991,47632,111.675,276,113.85,91.2384,39.0717,231
877,206.206,48046,111.75,293,114.19,90.6904,38.7878,233
878,204.6391,47067,112.0375,262,114.29,91.2626,38.6094,230
879,205.0262,46951,111.8875,269,113.26,91.0198,38.7514,229
880,204.5579,47662,112.9375,276,115.54,90.8212,38.5406,233
881,205.5174,47269,112.7875,257,114.94,90.8784,39.0963,230
882,204.4913,47033,111.4875,277,113.41,91.0834,38.7621,230
883,204.8904,46715,111.3625,265,113.79,90.4397,38.7606,228
884,205.1509,47595,112.575,275,115.28,90.8467,38.7899,232
885,204.1957,46965,111.3,281,113.26,90.9762,38.5762,230
886,209.141,47475,112.2625,275,113.67,90.3544,38.835,227
887,207.6826,47767,112.5,269,114.01,90.8078,38.6872,230
888,207.5526,47322,111.1875,281,112.9,90.8501,38.8983,228
889,208.4912,47536,112.5625,283,114.47,90.7372,38.9881,228
890,206.4934,46874,110.8875,294,114.13,90.9102,39.0079,227
891,206,47380,112.2125,286,113.92,90.8613,38.6581,230
892,206.9134,47797,110.6625,281,114.03,90.8182,38.7612,231
893,206.9652,47602,113.6375,283,114.54,90.572,38.9623,230
894,207.4097,47082,112.3375,280,113.53,90.9139,38.7511,227
895,207.1667,47234,112.6375,302,113.61,90.5179,38.8019,228
896,206.6608,46912,112.3,274,113.76,90.8519,38.9012,227
897,205.0601,47779,111.6,286,113.87,90.7873,38.8218,233
898,204.3377,46589,111.7625,263,113.43,90.539,39.134,228
899,202.0172,46868,110.725,277,113.71,90.9018,38.8055,232
900,203.1888,47343,113.1,280,115.28,90.4628,38.8682,233
901,204.7939,46693,113.55,277,114.39,90.539,38.9189,228
902,204.9652,47142,111.85,283,113.9,90.8907,38.8679,230
903,205.1645,47393,110.7625,271,112.51,90.7366,38.9148,231
904,207.8348,47802,111.9,289,113.06,90.6816,38.7232,230
905,210.7106,49517,111.775,287,113.68,90.6287,38.8063,235
906,211.9657,49388,111.15,289,113.35,90.3604,38.7635,233
907,214.0705,48594,111.5625,293,113.47,90.631,38.7122,227
908,215.8559,49431,111.525,296,112.85,90.6496,38.8679,229
909,218.9526,50797,112.275,295,113.88,90.7259,38.6239,232
910,222.1048,50862,111.8125,304,113.94,90.6132,38.621,229
911,225.4009,51166,113.05,306,115.54,90.689,38.8014,227
912,228.5826,52574,111.825,322,112.94,90.6144,38.8263,230
913,236.1322,53602,112.25,318,112.94,90.7737,38.718,227
914,237.2115,53847,111.7625,349,114.11,90.774,38.6215,227
915,239.5991,54389,112.2625,334,113.92,90.7233,38.8209,227
916,241.8767,54906,113.1,339,113.53,90.6144,38.7378,227
917,239.3772,54578,112.6625,340,114.14,90.5959,38.8282,228
918,239.1441,54764,112.25,352,112.99,90.7521,38.7694,229
919,241.3522,55511,112.6,334,113.91,90.7089,38.5832,230
920,237.6114,54413,111.8625,325,113.02,90.6781,38.746,229
921,243.1579,55440,113.2125,340,114.69,90.7138,38.5899,228
922,246.4561,56192,112.2125,349,113.97,90.8041,38.7578,228
923,245.961,56817,113.1,364,114.14,90.6255,38.6853,231
924,242.6812,55574,111.6625,358,113.36,90.8163,38.6702,229
925,241.1013,54730,112.2,342,114.6,90.8712,38.9333,227
926,236.6979,55624,112.2,346,114.18,90.6739,38.6703,235
927,233.3729,55076,112.7,325,113.37,90.6625,38.8994,236
928,235.6798,53735,111.5625,327,114.38,90.4838,38.6416,228
929,228.5513,53481,111.4875,319,113.67,90.6362,38.6554,234
930,228.2926,52279,111.0875,312,113.25,90.5551,38.9239,229
931,229.1565,52706,112.375,315,114.01,90.8016,38.6336,230
932,227.3939,52528,112.3875,320,113.48,90.5312,38.924,231
933,225.3319,51601,112.75,323,113.75,90.5039,38.7277,229
934,222.381,51370,111.4,312,113.9,90.8797,38.5924,231
935,223.3319,51143,111.4375,308,113.84,90.5856,38.9965,229
936,224.9127,51505,113.9,303,115.37,90.5955,38.8052,229
937,224.3304,50923,113.2125,307,114.01,90.5465,38.7709,227
938,223.0086,51738,111.3375,322,113.69,90.6586,38.8692,232
939,226.2511,51359,111.6,313,113.64,90.3877,38.5585,227
940,222.8158,50802,111.925,299,114.76,91.1726,38.5897,228
941,225.3744,51160,113.0875,312,114.37,90.543,38.8228,227
942,221.6087,50970,111.375,312,113.83,90.3485,38.5801,230
943,222.8009,51467,112.1875,297,114.42,90.6396,38.8103,231
944,223.8238,50808,113.1625,307,115.63,90.6009,38.9078,227
945,225.0652,51765,114.2375,305,115.24,90.5435,38.8318,230
946,220.2457,51097,112.0375,305,113.83,90.3856,39.0303,232
947,218.4249,50893,111.3875,313,113.84,90.7189,38.5893,233
948,220.9079,50367,111.275,302,113.39,90.4975,38.9097,228
949,219.7533,49884,111.825,300,113.28,90.1886,38.8371,227
950,220.2314,50433,111.25,304,114.57,90.0318,38.7618,229
951,216.6638,50266,111.775,300,113.76,90.7014,38.8318,232
952,214.6754,48946,111.7,284,113.66,90.4183,38.8679,228
953,212.4522,48864,111.65,294,113.81,90.3684,38.6388,230
954,209.1965,47906,111.175,298,114.01,90.5458,38.8493,229
955,206.614,47108,112.2,286,113.05,90.3401,38.6481,228
956,204.9567,47345,110.95,280,113.77,90.3109,39.0823,231
957,203.1509,47131,111.7125,272,114.58,90.3456,38.8439,232
958,202.5852,46392,111.9125,293,112.93,90.2399,38.9511,229
959,199.8348,45962,111.825,277,113.42,90.1962,38.682,230
960,198.8534,46134,111.5625,273,113.62,90.3321,38.5671,232
961,198.1659,45380,112.05,281,113.19,89.9616,39.038,229
962,198.6667,45892,110.1375,271,113.9,90.4242,38.7706,231
963,195.5502,44781,111.65,268,114.17,90.3069,39.0051,229
964,192.9231,45144,111.4125,257,113.98,90.2485,38.9784,234
965,194.7118,44589,110.975,260,113.75,89.8684,39.1948,229
966,190.3771,44929,111.575,255,113.3,89.9958,39.1101,236
967,193.8282,43999,111.4375,257,113.2,90.0433,38.7912,227
968,191.8485,44317,111.15,257,112.73,90.1967,38.8282,231
969,192.2159,43633,112.225,241,113.89,90.3964,38.9291,227
970,190.8684,43518,112.4375,248,112.9,90.2779,38.4234,228
971,191.3122,45341,112.2625,254,115.34,89.5537,38.7377,237
972,190.2,43746,111.05,245,114.42,89.8041,39.0049,230
973,190.2368,43374,112.1125,253,113.28,89.875,38.9205,228
974,190.0726,44477,112.3375,268,113.14,90.5275,38.7985,234
975,188.8739,43441,111.7,254,113.22,90.3991,38.9145,230
976,189.9825,43316,112.825,249,114.13,90.015,38.542,228
977,187.1652,43048,112.6625,239,112.81,90.1194,38.9453,230
978,187.1435,44353,112.05,240,114.23,90.0029,39.2786,237
979,188.0508,44380,111.9,275,113.09,90.14,38.7667,236
980,184.8703,44184,110.9125,242,112.53,90.4251,39.2973,239
981,186.2103,43387,111.725,248,112.68,90.0612,38.8538,233
982,187.4978,42937,112.125,243,113.75,90.0412,38.8265,229
983,186.9052,43362,110.6625,246,113.41,90.5365,38.6112,232
984,187.0652,43025,113.575,251,115.4,90.1773,38.725,230
985,187.4848,43309,112.825,257,114.2,89.9789,38.98,231
986,189.1783,43511,112.5125,244,114.06,90.3858,38.7709,230
987,188.9604,42894,111.5875,269,112.45,90.0022,39.2452,227
988,188.0219,42869,112.5375,235,113.22,90.1005,38.7429,228
989,186.8326,42411,111.5,241,113.18,90.3427,39.4949,227
990,186.1624,43562,111.4125,252,113.58,90.1937,39.0288,234
991,187.8261,43200,112.05,253,113.54,90.2261,38.7944,230
992,186.2076,43945,111.6,232,113.82,89.6708,39.0147,236
993,184.8468,43439,111.8875,252,112.72,90.1658,39.162,235
994,186.2857,43032,111.3875,250,112.58,90.3315,38.8196,231
995,186.2845,43218,112.6875,249,113.37,90.1685,39.0855,232
996,185.6026,42503,111.0125,244,113.85,90.0759,38.8993,229
997,184.6186,43570,111.0125,244,113.68,90.5481,39.0804,236
998,187.0568,42836,111.7,245,113.58,90.1902,38.9397,229
999,187.5745,44080,111.6875,256,114.2,89.7667,39.3931,235
1000,185.181,42962,111.3125,259,113.92,89.7479,39.0862,232
1001,185.6913,42709,112.0125,243,114.27,90.0929,38.8635,230
1002,185.4061,42458,111.95,258,113.59,89.5667,38.7254,229
1003,185.5617,43607,111.15,241,112.91,89.9007,38.4589,235
1004,186.0085,43898,110.825,242,113.75,89.4227,38.917,236
1005,186.2198,43203,111.75,241,113.48,90.1509,38.8194,232
1006,183.6058,44249,112.3,243,113.57,90.0697,39.2194,241
1007,184.6608,41918,112.0375,258,113.97,90.1822,38.4992,227
1008,184.8162,43247,111.4875,249,113.32,90.2863,38.6949,234
1009,184.4706,43904,111.6375,246,113.48,89.4809,38.9869,238
1010,184.9307,42719,111.95,238,113.17,90.2831,39.2813,231
1011,183.5,42205,111.4125,246,113.27,89.6619,39.0108,230
1012,185.7293,42532,110.925,245,113.97,89.2145,39.0508,229
1013,184.6026,42274,111.4625,246,113.57,89.781,38.8014,229
1014,184.6624,43765,111.6125,248,112.9,89.797,39.3026,237
1015,185.345,42444,111.8375,243,114.01,89.418,38.9895,229
1016,185.913,42760,111.5125,242,113.44,89.5986,39.1493,230
1017,185.4061,42458,111.7125,255,113.73,89.7526,39.0536,229
1018,182.1348,41891,111.6625,235,113.7,89.4641,39.0681,230
1019,184.9339,41980,111.4875,246,113.66,90.0718,39.1048,227
1020,184.6695,43582,111.975,250,113.69,89.8013,39.1299,236
1021,183.8341,42098,111.0375,233,113.81,89.9404,38.8244,229
1022,185.0921,42201,112.7625,255,113.97,89.6701,39.0001,228
1023,183.9623,43967,111.425,241,113.24,90.2331,39.0957,239
1024,185.3755,42451,112.875,237,114.44,89.8984,38.8889,229
1025,184.5771,41899,112.0375,249,113.47,89.6389,38.8739,227
1026,182.7137,41476,111.7625,261,113.47,89.9681,38.794,227
1027,183.869,42106,111.0375,249,113.79,89.9744,39.3715,229
1028,183.6197,42967,111.7125,233,113.53,90.1161,39.1552,234
1029,184.4895,44093,110.9,238,113.14,89.6923,38.9552,239
1030,183.5815,41673,112.125,230,115.42,90.1712,38.8726,227
1031,185.9138,43132,112.6625,240,113.75,90.0718,38.8452,232
1032,184.0858,42892,110.8375,239,111.75,90.3275,38.8346,233
1033,184.7241,42856,111.1,255,113.38,90.1281,39.1367,232
1034,183.4609,42196,111.8625,241,111.9,90.3204,38.7804,230
1035,182.8101,43326,110.95,232,111.93,90.2979,39.2358,237
1036,184.834,44545,112.125,258,114.07,90.6599,39.2862,241
1037,185.476,42474,111.45,253,112.97,90.4156,38.7539,229
1038,183.9658,43048,111.4625,231,113.56,90.955,38.9356,234
1039,183.6388,41686,111.225,233,113.51,90.9255,39.2827,227
1040,184.3519,42954,111.9,255,113.76,90.7847,38.765,233
1041,183.6478,42239,110.725,239,113.83,91.0694,38.939,230
1042,184.5905,42825,112.075,241,114.33,91.1241,39.087,232
1043,184.7982,42134,111.7375,255,113.71,91.291,38.9274,228
1044,185.4017,42457,111.15,241,113.36,91.2917,38.3784,229
1045,183.8534,42654,111.825,245,113.58,91.0757,39.2872,232
1046,183.7555,42080,112.725,238,112.98,91.2786,38.8846,229
1047,184.0435,42330,111.7875,236,114.06,91.4214,38.8921,230
1048,183.7939,41905,112.7375,240,113.55,91.7188,39.2326,228
1049,183.6781,42797,111.2625,242,113.22,91.654,39.0431,233
1050,183.2331,43243,111.8125,253,112.61,91.9274,38.9325,236
1051,185.1674,42033,111.9,236,113.44,91.7965,38.6171,227
1052,181.6183,43770,111.7625,235,114.3,91.9429,38.7909,241
1053,184.0299,43063,112.1625,247,114.05,92.0977,38.9619,234
1054,184.2193,42002,113.2375,252,113.4,92.4645,38.7162,228
1055,183.7511,42079,112.3625,242,112.67,92.062,38.845,229
1056,184.193,41996,111.4125,236,112.24,92.4971,38.7044,228
1057,183.0083,44288,111.875,240,112.98,92.5792,39.0848,242
1058,186.1542,42257,111.5375,243,113.66,92.4636,39.0306,227
1059,184.7533,41939,111.4875,250,112.81,92.3905,38.8298,227
1060,184.7325,42119,111.975,259,112.9,92.635,39.1264,228
1061,184.1897,42732,112.05,235,113.23,92.8051,38.9884,232
1062,183.6496,42974,112.125,238,113.95,92.521,39.1129,234
1063,184.306,42759,112.2,235,112.39,93.0685,38.7588,232
1064,185.524,42485,112.125,249,113.51,92.9101,38.8098,229
1065,184.7753,41944,111.0375,241,113.07,92.8272,38.7819,227
1066,183.5065,42390,111.475,253,113.46,92.4083,39.0371,231
1067,183.5991,42595,111,242,113.11,93.0075,39.0655,232
1068,184.6987,42296,111.5125,238,113.06,93.2962,38.6651,229
1069,184.1974,42918,112.325,235,113.75,92.9563,38.6398,233
1070,184.7522,42493,111.9375,233,112.43,92.8499,39.0264,230
1071,183.1762,41581,111.875,235,112.67,93.5493,39.1039,227
1072,182.8941,43163,111.6875,245,113.56,93.4048,38.3466,236
1073,184.3234,43316,112.1875,235,112.81,93.3812,38.507,235
1074,183.4229,41637,111.1125,252,112.95,93.1561,38.3634,227
1075,184,41768,111.475,241,114.28,93.4254,38.4429,227
1076,183.9661,43416,111.0125,236,114.05,93.5394,38.7482,236
1077,184.1595,42725,113.0125,242,114.07,93.1654,38.6977,232
1078,186.4978,42335,113.1625,240,114.37,93.0836,38.3616,227
1079,182.6121,42366,111.725,259,113.34,93.6524,38.6911,232
1080,184.0129,42691,112.2,250,113.59,93.6565,38.7002,232
1081,184.4652,42427,112.875,245,114.31,92.9412,38.5173,230
1082,182.8312,43331,112.0625,243,113.34,92.7968,38.7658,237
1083,184.4236,42233,112.425,234,114.04,93.1265,38.8541,229
1084,185.2294,42788,111.9625,233,112.85,93.4112,38.633,231
1085,183.2043,43053,112.4375,238,113.83,93.3108,38.6587,235
1086,183.4832,43669,111.525,236,113.67,93.7216,38.611,238
1087,182.2101,43366,111.175,248,113.18,93.4815,38.5692,238
1088,185.9515,42211,111.6125,246,113.06,93.0725,38.4797,227
1089,182.7913,42042,112.2375,241,113.24,93.4003,39.0313,230
1090,183.5551,41667,111.1,253,113.06,93.0607,38.5647,227
1091,184.37,41852,112.0125,244,113.72,93.1302,39.2158,227
1092,182.9298,41708,111.375,241,112.78,93.0531,38.8428,228
1093,182.9956,41906,111.9875,243,112.53,93.5316,38.3833,229
1094,183.8782,43763,111.2875,235,112.76,93.2971,38.6833,238
1095,183.0043,42823,113.125,236,113.73,93.1819,38.8245,234
1096,183.7362,43178,111.05,238,113.12,93.3992,38.9136,235
1097,183.7778,43004,112.3125,253,113.6,93.5352,38.5957,234
1098,183.7281,41890,111.7125,245,113.1,93.338,38.6723,228
1099,183.6695,42795,112.9125,243,113.72,93.6389,38.604,233
1100,182.7197,43670,111.5125,246,113.13,93.4236,38.9618,239
1101,185.6123,42134,112.675,250,114.05,92.976,38.6189,227
1102,183.7217,42256,111.575,239,113.11,93.0481,38.692,230
1103,184.0786,42154,112.225,256,113.49,93.7335,38.4633,229
1104,184.181,42730,112.7625,246,113.41,93.4213,38.3896,232
1105,183.0085,42824,111.6,242,113.09,93.0804,38.4339,234
1106,183.7217,42256,112.35,236,113.11,93.2435,38.7597,230
1107,183.476,42016,111.525,229,112.24,93.5377,38.6661,229
1108,184.8414,41959,111.3375,250,112.92,93.4889,38.3891,227
1109,182.3348,41937,111.55,235,112.85,93.0062,38.4836,230
1110,184.375,42775,110.85,251,112.91,93.048,38.3602,232
1111,183.5043,42206,112.9125,231,113.95,92.9636,38.7354,230
1112,182.8238,41501,110.9375,242,113.3,92.7928,38.2963,227
1113,183.859,41736,111.7125,241,112.77,93.3278,38.3865,227
1114,182.9394,42259,111.725,239,112.35,93.3412,38.6285,231
1115,183.3664,42541,112.4875,240,113.67,93.6815,38.9526,232
1116,183.1048,41931,111.45,246,112.87,92.9611,38.2995,229
1117,183.7237,41889,112.3875,245,113.43,93.4202,38.4297,228
1118,184.8502,41961,111.125,235,112.21,93.1132,38.4663,227
1119,184.7609,42495,111.075,246,113.21,93.1657,38.4754,230
1120,184.042,43802,111.875,237,113.05,92.7744,39.0623,238
1121,182.8856,43161,111.9125,233,113.58,92.9208,38.4182,236
1122,187.0478,43021,111.1375,237,112.45,93.0288,38.699,230
1123,185.917,42575,112.0875,240,113.29,93.0386,38.7739,229
1124,185.1688,43885,112.6125,251,113.71,93.2532,38.6826,237
1125,185.4017,43384,111,248,111.77,93.1436,38.63,234
1126,186.9119,42429,112.3125,240,113.86,93.2125,38.5095,227
1127,188.1905,43472,111.7,258,113.21,93.0785,38.6306,231
1128,186.7447,43885,111.8,260,113.04,93.2168,38.4142,235
1129,186.31,42665,111.9125,241,113.15,93.5207,38.5561,229
1130,188.0746,42881,112.225,241,113.17,92.8762,38.4908,228
1131,187.8008,44321,111.35,253,113.76,92.8953,38.7235,236
1132,188.2819,42740,112.2875,240,113.41,93.1021,38.7536,227
1133,186.7426,44258,111.225,242,111.95,92.9801,38.5566,237
1134,189.8761,44431,110.975,267,113.31,93.9064,38.5453,234
1135,191.467,43463,112.025,255,112.35,93.42,38.4402,227
1136,189.8213,44608,112.175,250,113.73,93.461,38.4726,235
1137,192.6681,44121,112.3625,253,113.63,93.2612,38.5849,229
1138,192.7609,44335,113.1125,254,114,93.8372,38.4716,230
1139,193.5391,44514,111.025,262,112.89,93.1136,38.5999,230
1140,192.6453,45079,111.2375,254,112.56,93.222,38.6209,234
1141,195.5351,44582,113.7125,261,115.25,92.9907,38.3911,228
1142,195.1491,44494,111.8875,262,113.73,93.3911,38.558,228
1143,192.1012,47449,111.8125,262,113.09,93.1997,38.6771,247
1144,191.8035,43923,112.1375,252,113.05,93.572,39.1109,229
1145,194.7948,44608,112.2875,256,113.29,93.5065,38.3137,229
1146,194.2325,44285,111.8125,255,114.18,93.497,38.4356,228
1147,193.9651,44418,111.7125,246,112.47,93.5052,38.7145,229
1148,195.9696,45073,112.375,273,113,93.2991,38.49,230
1149,195.8681,46029,112.05,258,113.72,92.6532,38.6435,235
1150,197.5085,46217,112.2625,258,114.32,93.3445,38.2972,234
1151,199.4739,45879,111.65,260,113.19,93.2686,38.396,230
1152,197.9481,45726,111.6875,269,112.89,93.3277,38.2891,231
1153,199.8904,45575,110.975,269,112.97,93.4312,38.7109,228
1154,197.4957,45424,111.775,271,114.11,93.1781,38.8124,230
1155,200.1509,46435,111.975,264,113.39,93.3116,38.7332,232
1156,201.2103,46882,112.075,265,112.89,93.065,38.8838,233
1157,201.2586,46692,113.1625,268,114.37,93.2816,38.3942,232
1158,203.4716,46595,111.25,286,113.22,93.0948,38.6523,229
1159,203.1826,46732,113.175,274,114.8,93.3265,38.518,230
1160,203.1039,46917,112.4125,302,114.06,93.3121,38.3076,231
1161,203.2052,46534,111.5625,280,113.63,93.6845,38.3444,229
1162,201.6886,45985,111.9375,267,113.53,92.8859,38.4771,228
1163,202.1696,46499,111.85,272,113.98,93.142,38.3957,230
1164,200.312,46873,112.8875,272,114.32,93.2159,38.4728,234
1165,199.8874,46174,112.8875,275,113.75,93.2208,38.6934,231
1166,198.943,45359,112.375,284,112.13,93.3327,38.3616,228
1167,199.2719,45434,111.1125,279,112.65,92.9263,38.5665,228
1168,198.3816,45231,111,287,112.95,93.656,38.5633,228
1169,201.0837,45646,111.575,272,112.99,93.1403,38.6413,227
1170,198.0213,46535,112.125,261,113.84,92.8558,38.7571,235
1171,200.4329,46300,111.9875,271,114.2,92.9325,38.7,231
1172,200.214,45849,112.7375,270,113.1,92.8281,38.721,229
1173,199.9304,45984,111.7125,271,113.61,93.1368,38.514,230
1174,199.6753,46125,112.45,276,113.86,92.9679,38.4736,231
1175,201.3547,47117,109.925,263,112.44,93.0586,38.5372,234
1176,202.1366,45885,110.725,273,112.49,93.4378,38.4449,227
1177,202.2061,46103,112.8875,285,113.75,93.3074,38.5684,228
1178,201.6471,47992,111.625,281,112.57,93.3646,38.5886,238
1179,203.4649,46390,112.55,268,113.54,93.0806,38.6459,228
1180,203.3691,47385,111.6375,268,113.96,92.9067,38.5456,233
1181,206.5546,47301,112.2375,298,113.76,93.1607,38.5251,229
1182,206.3783,47467,112.1,278,113.06,93.1149,38.1957,230
1183,207.4626,47094,111.2125,295,113.37,92.7317,38.3373,227
1184,205.1261,47179,111.2875,281,113.83,93.2532,38.1448,230
1185,206.5261,47501,112.075,276,113.69,93.2552,38.5544,230
1186,207.6608,47139,113.0125,274,113.11,92.826,38.4775,227
1187,205.9345,47159,110.8125,272,112.96,93.3859,38.4711,229
1188,205.9868,46759,112.325,279,113.34,92.8779,38.4642,227
1189,203.7763,46461,110.6375,291,112.69,92.8572,38.4451,228
1190,204.0556,47749,112.1,281,113.92,92.685,38.7453,234
1191,204.7511,46888,111.525,274,113.22,93.0593,38.5938,229
1192,203.6851,47866,111.5625,268,113.1,93.0743,38.6796,235
1193,205.8312,47547,113.5375,288,113.47,93.0283,38.4939,231
1194,205.1336,47591,111.025,286,112.58,93.244,38.4199,232
1195,204.381,47212,111.125,271,113.45,93.0583,38.286,231
1196,203.6466,47246,111.7,276,114.36,93.2198,38.5199,232
1197,203.1515,46928,111.6875,275,112.68,93.1059,38.4682,231
1198,200.9654,46423,111.775,280,112.76,93.2727,38.453,231
1199,200.0815,46619,112.075,269,113.43,93.0323,38.5482,233
1200,200.6228,45742,112.4,281,113.8,92.6613,38.6433,228
1201,197.428,46593,111.1875,268,113.76,92.5187,38.4515,236
1202,199.4317,45271,112.0625,273,113.06,92.5592,38.6012,227
1203,196.4786,45976,112.4,257,113.41,92.9931,38.4816,234
1204,195.6061,45185,110.5625,258,113.22,92.5392,38.725,231
1205,194.9828,45236,112.25,256,113.51,92.3675,38.3274,232
1206,196.8621,45672,110.7,263,112.73,92.8285,38.5116,232
1207,195.3652,44934,112.5375,262,113.66,92.4412,38.3539,230
1208,195.5284,44776,110.6375,278,112.54,92.6509,38.3951,229
1209,198.2026,45983,110.625,268,113.55,92.6131,38.6225,232
1210,196.2511,45334,111.0625,272,112.41,92.6123,38.3944,231
1211,194.515,45322,111.7875,289,114.13,92.9602,38.5961,233
1212,197.6288,45257,111.975,266,113.13,92.7421,38.1669,229
1213,196.5921,44823,110.85,273,113.67,92.6613,38.4246,228
1214,197.7162,45277,112.2,260,112.74,92.5028,38.2262,229
1215,195.3083,46874,110.225,270,112.84,92.6889,38.9968,240
1216,196.0966,46671,112.45,269,114.13,92.7145,38.7253,238
1217,196.1441,44917,111.7375,268,113.66,92.5375,38.4249,229
1218,194.1453,45430,110.4375,257,113.05,92.6317,38.9227,234
1219,195.7348,45019,111.6875,254,112.69,92.4626,38.5362,230
1220,195.7249,44821,111.225,267,112.8,92.3028,38.7714,229
1221,194.9254,44443,112.4125,262,113.89,92.9597,38.4291,228
1222,192.5064,44854,111.675,250,112.65,92.3393,38.8519,233
1223,193.3217,44464,110.7875,258,113.26,92.8626,38.7712,230
1224,192.2759,44608,112.4,257,113.75,92.6586,38.6657,232
1225,192.2838,44033,112.2125,250,114.09,92.4472,38.6821,229
1226,188.0809,44199,111.4,239,112.95,92.6391,38.6185,235
1227,190.7456,43490,111.375,261,112.87,92.5373,38.4108,228
1228,190.8684,43518,112.35,265,113.97,92.4218,38.5589,228
1229,189.4825,43202,111.65,246,112.54,92.2798,38.5114,228
1230,189.6923,44388,111.2125,258,111.75,92.5002,38.4591,234
1231,187.8515,43018,111.8,253,113.03,92.2219,38.5783,229
1232,190.8943,43333,111.2875,258,112.97,92.3034,38.4104,227
1233,188.2078,43476,111.35,251,113.48,92.2061,38.4753,231
1234,189.31,43352,111.525,258,113.43,92.0554,38.6789,229
1235,189.2208,43710,114.125,247,114.02,92.2078,38.5894,231
1236,187.859,43959,112.8375,246,114.3,91.9135,38.4597,234
1237,188.3718,44079,111.575,247,114.13,91.9127,38.4204,234
1238,188.4498,43155,111.475,250,112.46,92.1607,38.4638,229
1239,188.5371,43175,111.4875,244,113.77,92.3571,38.8811,229
1240,190.4493,43232,112.1375,260,113.24,91.8524,38.761,227
1241,190.2565,43759,112.5375,257,113.17,92.333,38.6732,230
1242,190.2457,44137,112.2125,269,113.73,92.0426,38.7142,232
1243,189.2731,42965,112.3625,271,114.97,92.2133,38.7281,227
1244,188.4504,45605,110.85,253,112.59,91.9939,38.5124,242
1245,187.6509,43535,110.8625,249,112.88,92.1094,38.6375,232
1246,188.7371,43787,111.2,256,113.47,92.0089,38.5433,232
1247,189.7621,43076,111.7875,247,112.99,91.9851,38.6199,227
1248,191.193,43592,112.8625,254,113.02,91.5897,38.8523,228
1249,188.0219,42869,112.025,247,112.55,91.6056,38.5692,228
1250,189.2707,43343,112.1375,245,113.26,91.6615,38.7789,229
1251,189.5,43206,111.3125,244,114.09,91.6028,38.9578,228
1252,187.9492,44356,112.1625,252,114.84,91.5663,38.7987,236
1253,188.5708,43937,111.6,253,112.95,91.6492,38.6217,233
1254,189.1681,43887,111.6,257,113.3,91.8037,38.8969,232
1255,190.4105,43604,111.8375,243,112.91,91.3817,39.0367,229
1256,188.1404,42896,111.125,257,113.74,91.7239,38.8932,228
1257,189.7532,43833,111.1,263,112.83,91.9542,38.6143,231
1258,191.0352,43365,110.5125,249,112.52,91.7721,38.5237,227
1259,191.9174,44141,111.775,240,112.46,91.5581,38.6039,230
1260,189.7922,43842,111.1875,256,113.52,91.6489,39.0323,231
1261,191.8282,43545,112.2875,252,113.9,91.6185,38.5241,227
1262,191.4017,43831,112.25,258,112.88,91.6976,38.2429,229
1263,189.7783,43649,110.9875,247,112.91,91.7971,38.645,230
1264,193.4317,43909,111.25,273,113.16,91.3436,38.4174,227
1265,191.0085,44696,110.95,250,113.13,91.4323,38.8492,234
1266,190.9264,44104,111.9875,248,113.62,91.6112,38.792,231
1267,191.6851,45046,111.4125,269,114.04,91.1547,38.7021,235
1268,192.4581,43688,112.475,268,113.66,92.0305,38.8954,227
1269,193.9471,44026,112.2375,284,113.38,91.3457,38.523,227
1270,191.6261,44074,110.7125,243,112.43,91.1987,38.7621,230
1271,192.4979,44852,113.025,266,112.78,91.4588,38.706,233
1272,190.0983,44483,111.225,255,113.46,91.5051,38.9407,234
1273,190.8465,43513,112.325,254,112.74,91.2532,38.7417,228
1274,192.7965,44536,112.25,260,113.29,91.3655,38.6499,231
1275,192.9142,44949,112.425,270,113.69,91.5949,38.4603,233
1276,192.1126,44378,111.35,262,113.76,91.3617,38.783,231
1277,192.9301,44181,110.65,272,113.1,91.392,38.4256,229
1278,190.765,44639,111.35,256,113.94,91.1567,39.0938,234
1279,189.9792,45595,111.875,252,112.77,90.8414,38.5651,240
1280,193.7445,43980,110.9125,252,113,91.385,38.9405,227
1281,191.6017,44260,111.7375,248,114,91.208,38.5298,231
1282,196.0702,44704,112.7,252,113.27,91.2671,39.0109,228
1283,194.6739,44775,112.2625,254,112.6,91.2151,38.5476,230
1284,194.9163,44246,111.85,252,113.04,91.3124,38.5578,227
1285,196.2412,44743,111.875,270,114,91.2405,38.5445,228
1286,196.1322,44522,111.5875,262,113.6,91.1217,39.0019,227
1287,194.2304,44673,111.9,256,113.13,91.1346,38.6374,230
1288,193.1688,45781,111.475,265,113.02,90.9603,38.6513,237
1289,192.2586,44604,110.475,264,113.6,90.474,38.6255,232
1290,193.4891,44309,111.9625,264,113.35,90.8785,38.9062,229
1291,193.9956,44231,111.8625,270,113.58,90.7161,38.783,228
1292,193.1818,44625,111.7625,251,113.65,90.9449,38.724,231
1293,193.3728,44089,111.675,254,113.26,90.8353,38.8203,228
1294,195.4655,45348,111.6625,259,113.18,90.6759,38.9603,232
1295,197.5066,45229,111.1375,258,112.23,90.9503,38.8599,229
1296,196.6553,46214,112.725,266,114.67,90.8999,39.0011,235
1297,197.5801,45641,111,268,113.37,90.6786,38.8381,231
1298,195.5216,45361,111.5875,256,114.18,90.7002,38.4626,232
1299,197.806,45891,111.1375,267,113.56,90.842,38.8016,232
1300,194.7739,44798,111.425,248,113.32,90.8381,38.6742,230
1301,195.5921,44595,111.7875,257,113.66,91.0575,38.6663,228
1302,194.9868,44457,111.875,251,113.79,91.262,38.9429,228
1303,195.4549,45541,111.9375,258,113.72,91.2106,38.8173,233
1304,199.5088,45488,111.9375,278,112.84,91.1693,38.4358,228
1305,201.4693,45935,111.5,261,112.57,90.8184,38.9908,228
1306,200.7753,45576,111.7375,265,113.78,91.0755,38.6552,227
1307,203.5286,46201,112.0125,289,112.59,90.9228,38.5419,227
1308,201.0901,46854,111.325,271,114.81,91.2039,38.7927,233
1309,203.0858,47319,111.6625,275,113.36,90.9772,38.749,233
1310,201.316,46504,111.2125,272,112.45,90.8572,38.8213,231
1311,199.9295,45384,110.975,277,113.74,90.987,38.4656,227
1312,200.4518,45703,111.85,270,113.05,91.12,38.534,228
1313,197.6435,45458,111.15,273,113.53,90.8596,38.7575,230
1314,199.7061,45533,112.35,262,113.61,90.957,38.7134,228
1315,198.9339,45158,110.425,282,113.03,91.0225,38.6055,227
1316,200.2208,46251,110.9375,273,113.03,90.9273,39.032,231
1317,200.8095,46387,111.2875,273,114.45,90.6216,38.7299,231
1318,200.5066,45515,110.8125,280,113.52,91.1071,38.6435,227
1319,202.6096,46195,111.25,265,113.18,90.6771,38.683,228
1320,200.1039,46224,112.025,267,113.33,90.8422,38.5632,231
1321,201.6913,46389,111.3625,264,114.04,90.7873,38.9482,230
1322,201.6404,45974,111.4625,282,112.81,90.8349,38.4386,228
1323,200.1565,46036,111.175,270,113.06,90.8231,38.7527,230
1324,200.3377,46278,111.3125,267,113.38,90.9157,38.683,231
1325,201.1623,45865,112.8375,274,115.21,90.7381,38.5938,228
1326,197.9741,45930,111.2125,266,114.19,90.5765,38.974,232
1327,201.0733,46649,112.0125,279,112.9,90.4096,38.6075,232
1328,201.3906,46924,111.075,282,112.75,90.8478,38.6369,233
1329,201.7702,47416,112.55,265,114.11,90.637,38.7025,235
1330,199.7802,46349,112.0625,273,112.31,90.5255,38.6047,232
1331,200.7155,46566,110.875,260,113.41,91.0248,38.7523,232
1332,201.1542,45662,111.9375,274,113.81,90.7825,38.6883,227
1333,200.3506,46281,111.55,281,113.09,90.8773,38.3385,231
1334,202.0086,46866,112.3,297,115.03,90.7089,38.8097,232
1335,199.2763,45435,111.9,283,113.09,90.7308,38.7051,228
1336,200.3216,45473,113.0125,278,113.73,90.6623,38.7302,227
1337,198.4435,45642,111.625,271,114.66,90.7163,38.7017,230
1338,197.5388,45829,111.4,260,112.79,90.7469,38.5515,232
1339,196.5325,45399,111.7875,269,113.84,90.4778,38.8704,231
1340,197.8114,45101,111.3375,286,113.05,90.736,38.7953,228
1341,196.3789,44578,111.2625,258,112.52,90.5226,38.9799,227
1342,193.2629,44837,111.1375,277,113.33,90.7067,38.7356,232
1343,195.2819,44329,110.9,275,113.46,90.9607,38.8452,227
1344,194.9142,45415,111.6,264,114.52,90.4276,38.7577,233
1345,196.5603,45602,112.3625,255,113.84,90.8225,38.9264,232
1346,196.3684,44772,112.45,273,113.09,90.6714,38.6674,228
1347,195.1092,44680,112.5625,257,112.82,90.8102,38.6778,229
1348,195.3755,44741,111.15,252,114.07,90.3942,38.8979,229
1349,195.2424,45101,109.9875,283,113.83,90.5955,38.8028,231
1350,195.6223,45580,113.2875,273,113.28,90.7265,38.8201,233
1351,194.7447,45765,110.9625,260,113.95,90.6806,38.5794,235
1352,197.3087,45381,111.5625,291,112.56,90.7767,38.8949,230
1353,196.2361,45723,112.4875,262,113.08,90.7176,38.5807,233
1354,195.8941,46231,112.025,256,113.01,90.6344,38.7787,236
1355,195.1288,45465,111.2,262,113.21,90.5347,38.8786,233
1356,195.431,45340,111.275,256,113.04,90.6066,38.8449,232
1357,196.4934,44997,111.475,265,113.04,90.8596,38.7926,229
1358,196.0987,45691,111.7125,265,112.9,90.7912,38.6926,233
1359,196.5947,44627,112.575,261,113.04,90.6235,38.7879,227
1360,199.7368,45540,111.825,265,113.86,90.3522,38.7352,228
1361,198.618,46278,111.3,264,112.94,90.7154,38.7473,233
1362,198.616,47072,111.125,276,113.56,90.7756,39.0118,237
1363,198.5733,46069,112.025,262,113.03,90.7219,38.474,232
1364,195.636,44605,110.2125,250,111.77,91.1593,38.7305,228
1365,196.1228,44716,110.6,262,112.64,90.5051,38.6385,228
1366,196.7888,45655,112.1,261,114.78,90.7121,38.7596,232
1367,195.1558,45081,110.5375,252,112.27,90.1714,38.9374,231
1368,195.6207,45384,110.7875,273,113.69,90.4053,38.6111,232
1369,193.2652,44451,110.8625,251,112.8,90.4021,38.772,230
1370,194.6476,44185,111.675,266,113.32,90.0764,38.8955,227
1371,192.4829,45041,112.2125,261,114.43,90.7785,39.1141,234
1372,192.4061,44061,112.6125,249,112.98,90.5525,38.9283,229
1373,191.6738,44660,112.425,265,113.23,90.3247,38.6637,233
1374,191.8745,44323,111.225,247,112.83,90.3194,38.7538,231
1375,191.8777,43940,111.425,271,113.52,90.0086,38.7737,229
1376,189.9913,43508,111.1125,248,112.37,90.3214,39.1903,229
1377,190.4581,43234,111.8625,252,113.12,90.4124,38.59,227
1378,189.7682,44216,111.4625,253,113.28,90.2365,38.9712,233
1379,188.7719,43040,111.675,248,114.07,90.4141,38.9938,228
1380,189.2839,44671,110.9,254,113.62,90.1884,38.7578,236
1381,187.4242,43295,111.875,274,113.64,90.1501,39.289,231
1382,190.1174,43727,112.1875,262,114.48,90.6343,38.5252,230
1383,185.9957,43709,111.8125,250,113.6,90.2529,38.8651,235
1384,187.4316,43859,111.9125,250,113.39,90.5502,38.3995,234
1385,188.1826,43282,111.575,244,113.09,90.4284,38.8734,230
1386,185.0202,45885,112.0125,242,113.4,90.6197,39.1137,248
1387,188.0084,44746,111.875,252,114,90.1188,38.9442,238
1388,190.0263,43326,111.9,252,114.16,90.4576,39.0258,228
1389,188.2544,42922,111.375,251,113.75,90.0829,38.7935,228
1390,187.4167,42731,111.45,256,113.03,90.3638,38.7056,228
1391,186.6371,44233,110.825,242,114.04,90.1698,38.7642,237
1392,188.1623,42901,112.4125,250,113.52,90.2983,38.722,228
1393,188.4242,43526,112.2,252,113.06,89.661,38.8163,231
1394,187.2101,44556,112.2,249,112.72,90.0959,39.0574,238
1395,189.0789,43110,112.0625,249,112.53,89.9821,38.8618,228
1396,188.1078,43641,110.575,257,113.95,90.3242,38.9602,232
1397,189.0789,43110,111,248,113.09,90.0107,38.9216,228
1398,187.4719,43306,112.525,245,113.66,90.1239,38.8712,231
1399,187.6304,43155,111.5375,251,112.45,89.6013,38.7706,230
1400,186.9264,43180,111.2625,243,113.21,89.6502,38.8213,231
1401,185.6364,42882,111.6625,255,113.7,90.0226,38.7745,231
1402,187.443,42737,112.2375,250,114.05,90.2772,38.8172,228
1403,185.8475,43860,111.3875,245,113.09,90.0075,38.5383,236
1404,186.2664,42655,112.975,250,114.19,89.4792,39.0704,229
1405,188.7957,44367,112.15,256,113.78,89.5165,38.7128,235
1406,185.9247,44436,112.2875,252,113.02,89.978,38.8609,239
1407,186.837,42412,111.3875,283,112.99,89.7506,38.8024,227
1408,187.1441,42856,112.7625,235,113.99,90.3967,38.8585,229
1409,186.1525,43932,111.9125,243,113.53,89.5954,38.6853,236
1410,186.5126,44390,111.0125,234,113.12,89.5869,38.9971,238
1411,186.2586,43212,111.925,251,114.28,89.8531,38.8128,232
1412,185.1134,44057,111.8625,254,112.76,89.9117,38.7551,238
1413,185.1,42573,110.6875,256,113.49,90.1758,38.6829,230
1414,189.3289,43167,112.1625,250,113.52,89.2739,38.8111,228
1415,188.4009,42767,112.1,244,113.07,90.1122,38.684,227
1416,187.0617,42463,111.2,269,114.24,89.9539,38.662,227
1417,185.3216,42068,110.1125,236,112.97,89.6252,38.7648,227
1418,187.6404,42782,111.8625,248,113.29,89.8711,38.4986,228
1419,187.0529,42461,109.725,245,113.79,90.0087,38.7985,227
1420,186.1348,42811,111.8875,235,112.72,89.5726,38.7707,230
1421,185.5,42665,110.85,251,113.11,90.0608,38.7874,230
1422,187.9782,43047,111.2125,247,113.21,89.7133,39.0584,229
1423,185.3191,43550,111.25,240,113.97,90.0335,38.854,235
1424,185.3305,43182,111.825,237,113.98,89.6714,38.8616,233
1425,188.6079,42814,111.45,236,113.24,89.475,38.8846,227
1426,187.5844,43332,111.4375,244,114.23,89.1735,38.8604,231
1427,187.345,42902,111.6,262,113.42,90.0915,38.5336,229
1428,189.0132,42906,110.8375,237,113.39,89.2635,38.7126,227
1429,187.6017,43336,112.8625,245,114.15,89.8828,38.7112,231
1430,186.4549,43444,111.3875,254,113.17,89.6687,38.7561,233
1431,188.2687,42737,114.05,243,114.14,89.2746,38.8316,227
1432,188.1087,43265,110.6125,247,112.76,89.7134,38.8407,230
1433,186.7149,43878,112.2625,251,114.14,89.7088,39.1907,235
1434,186.9826,43006,112.575,242,113.68,89.3778,38.8577,230
1435,187.9563,43042,112.1,240,112.82,89.5399,38.9136,229
1436,186.6288,42738,110.6875,241,111.96,89.2291,39.0081,229
1437,187.9607,43043,112.275,252,112.9,89.8789,38.7805,229
1438,186.7629,43329,111.3875,255,112.61,89.4774,38.7315,232
1439,186.4026,43059,111.05,245,113.33,89.3989,38.7643,231
1440,187.5345,43508,112.3,253,114.55,89.5787,38.633,232
1441,187.03,43578,110.3125,263,112.78,89.3244,39.0353,233
1442,186.8166,42781,111.1125,237,113.58,89.3437,39.0387,229
1443,186.1422,43185,112.5625,243,113.51,89.9253,38.8532,232
1444,187.1905,43241,110.1625,270,112.96,89.878,38.7517,231
1445,186.9534,44121,111.275,245,113.65,89.7198,38.913,236
1446,186.7965,43150,112.1,244,113.93,89.2103,39.1098,231
1447,187.163,42486,111.0125,245,113,89.3511,38.8781,227
1448,188.1905,43472,111.3375,239,114.59,89.6664,38.9082,231
1449,187.4421,43674,112.8125,262,113.06,89.5498,38.8112,233
1450,186.7311,44442,112.7125,264,113.38,89.272,39.0084,238
1451,184.9742,43099,110.4,243,113.88,89.996,38.7764,233
1452,187.3291,43835,111.5125,244,112.77,89.6767,39.1907,234
1453,187.9826,43236,111.8125,260,112.74,89.4444,38.8783,230
1454,185.2222,43342,110.65,233,113.86,89.4171,39.1821,234
1455,186.71,43130,111.4375,258,114.04,89.5884,38.9594,231
1456,185.9364,43881,110.925,261,113.38,89.1343,39.2721,236
1457,187.3128,42520,111.8375,243,113.39,89.1951,38.8254,227
1458,186.3734,43425,111.475,246,112.51,89.7109,38.7466,233
1459,184.8578,42887,111.95,239,113,89.5714,38.564,232
1460,186.864,42605,112.05,259,113.26,89.6873,38.8238,228
1461,186.5087,42897,111.4125,237,113.33,89.1444,39.0122,230
1462,185.8122,42551,110.2375,242,113.19,89.2521,38.6542,229
1463,186.9123,42616,109.9875,243,112.6,89.3792,38.8613,228
1464,186.7915,43896,110.6625,246,113.36,89.6949,38.6503,235
1465,187.1043,43034,111.8875,238,113.49,89.4318,38.7742,230
1466,186.1164,43179,111.65,252,113.02,89.3676,38.859,232
1467,187.1602,43234,110.525,242,113.15,88.979,39.1299,231
1468,186.0609,42794,111.25,246,113.96,89.3143,38.966,230
1469,186.0504,44280,111.275,237,113.58,89.6832,39.0995,238
1470,187.0043,43385,111.1875,253,113.05,89.452,38.7271,232
1471,186.7753,42398,110.9875,243,114.21,89.3656,38.6993,227
1472,187.6184,42777,111.4125,261,114.47,89.4659,38.729,228
1473,186.6052,43479,110.7125,262,113.63,89.4951,39.0291,233
1474,185.6738,43262,110.375,241,113.5,89.1529,39.162,233
1475,186.6556,44984,111.1875,244,113.09,89.8383,38.7858,241
1476,186.0515,43350,110.925,246,113.62,89.3378,38.7379,233
1477,187.4934,42561,111.1375,267,113.48,89.4015,38.9764,227
1478,187.1261,43039,110.35,238,112.73,89.6503,38.6172,230
1479,187.0342,43766,110.7375,275,113.13,89.3007,38.8893,234
1480,187.1667,42674,111.6125,255,113.88,89.5991,39.0799,228
1481,184.3966,43702,111.6375,261,113.38,89.1876,39.101,237
1482,187.5217,43130,111.75,259,113.61,89.1616,38.9108,230
1483,184.441,42237,111.4875,244,113.57,89.2268,38.7567,229
1484,186.9824,42445,111.4625,252,112.83,89.6818,38.8341,227
1485,187.9515,42665,111.4125,243,114.6,89.8829,38.7326,227
1486,185.306,42991,111.375,239,113.74,89.5197,38.9433,232
1487,186.1,42803,111.9875,286,113.86,89.0778,38.8447,230
1488,186.63,42365,111.4,247,112.52,89.9068,38.926,227
1489,186.2672,46008,111.6,288,113.05,89.5161,39.1499,247
1490,186.875,43355,111.9625,255,112.88,89.3224,38.9981,232
1491,185.308,43918,111.2375,230,113.29,89.1728,38.8776,237
1492,188.2478,43297,112.1,250,113.11,89.7268,39.241,230
1493,185.175,44442,111.0125,250,113.21,89.2895,39.7434,240
1494,185.3219,43180,111.85,256,112.2,89.0973,38.9472,233
1495,187.8035,43007,110.2125,254,113.89,89.4702,38.4563,229
1496,187.1013,42472,112.725,249,112.72,89.2663,39.0995,227
1497,186.652,42370,111.4625,251,113.14,89.2308,38.8045,227
1498,186.0786,42612,111.8,257,112.51,89.3159,39.004,229
1499,186.4934,42707,111.6625,241,113.74,89.4808,39.0306,229
1500,185.1803,43147,110.9375,252,113.31,89.0307,38.9779,233
