1,200.7192,29305,110.175,316,111.48,87.1412,84.4112,146
2,201.1507,29368,110.2375,260,111.49,87.0513,84.6357,146
3,199.7905,29569,109.6375,274,110.88,87.5065,84.6762,148
4,201.3425,29396,110.5625,294,110.79,87.3064,84.4131,146
5,201.5714,29631,110.325,268,111.89,87.2029,85.0372,147
6,198.7748,30015,111.15,273,110.93,87.7602,84.5108,151
7,197.2119,29779,110.4125,277,111.3,87.1405,84.6646,151
8,202.2653,29733,110.35,281,111.13,87.3173,85.0994,147
9,198.8609,30028,110.6625,265,111.99,87.0635,85.0661,151
10,201.7533,30263,110.7625,283,112.07,87.3307,84.3374,150
11,199.8874,30183,111.2875,289,111.51,87.3304,85.0293,151
12,199.6507,29149,111.1875,254,111.22,87.5412,84.7123,146
13,199.7211,29359,110.8875,279,111.65,87.4438,84.5581,147
14,199.1959,29481,110.4125,284,111.53,87.3124,85.0145,148
15,200.3974,30260,110.8875,287,111.82,87.1004,84.6417,151
16,199.5782,29338,110.2625,267,111.03,87.5211,84.9159,147
17,200.3446,29651,110.8375,273,111.45,87.357,85.0536,148
18,199.0132,30051,110.7375,280,111.28,87.3966,84.9536,151
19,201.7933,30269,110.5,282,112.13,87.3665,84.7697,150
20,200.1027,29215,111.5625,293,112.3,87.1898,84.6366,146
21,199.2752,29692,110.8125,285,111.11,87.5442,84.6903,149
22,198.9933,29650,111.225,269,111.97,87.4278,84.724,149
23,197.3197,29006,110.7,276,111.69,87.406,84.9188,147
24,198.1883,30521,111.425,267,112.19,87.1498,84.6792,154
25,202.5782,29779,110.175,282,111.28,87.5349,84.7161,147
26,204.4218,30050,110.525,296,111.7,87.8149,84.7851,147
27,198.8701,30626,110.2875,266,110.77,87.533,84.587,154
28,199.7279,29360,111.5375,266,111.47,87.41,84.8662,147
29,200.3493,29251,111.0125,288,112.06,87.3236,84.86,146
30,201.1233,29364,109.5,280,111.06,87.2713,84.6231,146
31,201.7124,30862,111.75,306,111.87,87.0895,84.7092,153
32,201.5948,30844,110.6875,291,111.92,87.5758,84.3368,153
33,202.4966,29767,110.725,292,111.42,87.8393,84.2324,147
34,203.6554,30141,110.1125,284,111.14,87.177,85.004,148
35,205.9189,30476,111.8375,277,112.57,87.6047,84.954,148
36,206.3221,30742,110.3875,289,111.99,87.6357,84.542,149
37,205.3904,29987,110.8625,282,112.05,87.5886,84.8317,146
38,205.1361,30155,110.3,282,110.62,87.2237,84.6553,147
39,202.1467,30322,109.7125,289,111.56,87.6125,84.6926,150
40,204.6316,31104,110.125,273,110.75,87.3898,85.1476,152
41,207.5986,30517,110.6125,330,111.17,87.3587,84.6183,147
42,209.4384,30578,111.725,273,110.99,87.9279,84.5931,146
43,213.0403,31743,110.5,294,112.23,87.8236,84.6321,149
44,212.1712,30977,110.4375,291,111.36,87.551,84.6769,146
45,211.1644,30830,111.35,287,111.66,87.8722,84.6464,146
46,214.3919,31730,110.275,306,111.37,87.7936,84.5888,148
47,212.9459,31516,110.875,303,111.28,87.7664,84.3899,148
48,214.2081,31917,111.2375,319,111.42,87.8147,84.7269,149
49,214.3108,31718,111.25,275,112.55,87.5766,84.6559,148
50,214.774,31357,111.4125,304,112.19,87.4266,84.818,146
51,212.102,31179,111.9625,286,111.24,87.8174,84.7717,147
52,212.5959,31039,110.875,294,111.65,87.569,84.7573,146
53,207.2721,30469,111.1,293,111.83,87.7885,84.5666,147
54,208.8707,30704,110.9875,306,112,87.1784,84.6325,147
55,210.4795,30730,110.275,291,111.42,87.6972,84.5946,146
56,207.3176,30683,110.1,286,111.71,87.5864,84.9863,148
57,211.6054,31106,110.05,303,111.79,87.7849,84.6668,147
58,215.4726,31459,110.8,300,111.5,87.8284,84.5117,146
59,215.0274,31394,110.4625,291,111.53,87.5135,84.6805,146
60,216.3117,33312,111.5375,320,111.45,87.7393,84.3618,154
61,218.4041,31887,110.6625,300,111.21,87.5287,84.8466,146
62,217.6096,31771,111.1,307,111.28,87.7509,84.7433,146
63,217.1067,32566,109.55,297,111.22,87.6605,84.6201,150
64,217.7603,31793,110.3875,311,111.79,87.7025,84.6018,146
65,216.2517,31789,110.225,308,111.25,87.9293,84.4315,147
66,216.5548,31617,110.725,324,111.71,87.7954,84.369,146
67,214.1757,31698,111.375,308,111.42,87.9324,84.6577,148
68,215.4795,31460,110.825,307,111.52,87.9427,84.6416,146
69,211.1959,31257,111.0875,288,112.09,87.6754,84.5758,148
70,213.7755,31425,111.25,300,111.73,87.5466,84.9032,147
71,213.2095,31555,110.725,289,111.83,87.754,84.3293,148
72,214.4371,32380,109.9625,312,110.47,88.2574,84.777,151
73,217.6757,32216,111.425,313,111.86,87.8811,84.4693,148
74,219.7823,32308,111.8125,318,112.21,87.8451,84.7076,147
75,221.7667,33265,110.8125,295,111.43,88.092,84.2236,150
76,222.5306,32712,110.8,322,111.4,87.711,84.6663,147
77,221.5133,33227,110.075,342,111.68,87.9112,84.5437,150
78,223.8699,32685,111.75,314,111.95,87.8151,84.5183,146
79,224.4422,32993,110.8375,350,111.14,87.9218,84.8538,147
80,221.6531,32583,111.35,321,112.31,88.1657,84.2561,147
81,221.5479,32346,111.2375,323,111.61,88.0992,84.4148,146
82,221.4067,33211,109.4625,311,111.06,87.9888,84.237,150
83,221.3221,32977,111.575,343,111.73,87.8529,84.3495,149
84,223.0608,33013,109.375,329,111.35,87.9648,84.7543,148
85,220.3691,32835,112.625,297,113.5,87.975,84.3161,149
86,221.4533,33218,110.175,312,112.12,87.9787,84.4105,150
87,221.1712,32291,110.3,313,111.35,87.9681,84.6286,146
88,214.0274,31248,110.3875,307,111.78,87.6933,84.3754,146
89,213.6376,31832,111.7625,278,112.35,88.4504,84.6081,149
90,214.089,31257,109.8375,303,111.3,88.004,84.2473,146
91,211.5325,32576,111.575,300,111.24,87.9803,84.4515,154
92,209.9073,31696,110.8,297,111.52,88.0396,84.5299,151
93,211.2055,30836,110.925,296,111.78,88.0474,84.5235,146
94,210.0263,31924,109.975,288,110.93,88.6105,84.3668,152
95,209.8562,30639,110.25,293,110.68,87.8955,84.6155,146
96,205.9463,30686,111.3,271,112.75,87.8398,84.5665,149
97,209.6986,30616,110.3125,280,111.27,88.1247,84.3496,146
98,208.9189,30920,109.8375,301,111.31,87.7669,84.9481,148
99,206.66,30999,110.8,287,111.11,88.2646,84.2375,150
100,206.6599,30379,110.0875,298,110.72,87.9866,84.5654,147
101,207.3493,30273,109.7375,274,110.96,88.2651,84.5772,146
102,207.089,30235,110.7375,276,110.42,88.2285,84.2687,146
103,204.1776,31035,110.1375,288,111.06,88.3164,84.8064,152
104,203.9801,30801,111.3375,305,111.74,88.3162,84.4057,151
105,204.517,30064,110.2125,295,112.33,88.2726,84.3643,147
106,205.7785,30661,110.075,292,110.63,87.9792,84.726,149
107,207.4082,30489,110.575,288,111.78,88.4131,84.329,147
108,207.8456,30969,109.8125,284,110.89,88.2718,84.5016,149
109,205.5033,31031,109.2125,289,111.01,88.2833,84.4832,151
110,211.3514,31280,110.2,315,111.49,88.6513,84.5937,148
111,210.0065,32551,111.8625,298,112.21,88.4763,84.5495,155
112,214.5779,33045,109.8875,317,111.37,88.1916,84.6022,154
113,219.3741,32248,110.9875,314,111.93,87.7747,84.9923,147
114,220.2162,32592,110.4125,324,112.15,88.1941,84.3743,148
115,220.9252,32476,110.9125,336,112,88.2393,84.2987,147
116,222.4626,32702,110.9375,300,112.41,88.08,84.5624,147
117,223.3851,33061,110.2,332,110.34,88.2555,84.6407,148
118,222.2653,32673,110.45,295,111.9,88.5728,84.5546,147
119,219.8649,32540,112.225,306,111.99,88.2951,84.4452,148
120,219.1818,33754,111.5125,298,111.47,88.7144,84.4872,154
121,223.027,33008,110.8375,315,111.77,87.9576,84.7479,148
122,225.4521,32916,110.0625,307,110.44,88.385,84.3081,146
123,224.5267,33679,110.975,332,112.7,88.8089,84.1889,150
124,225.5946,33388,110.825,313,112.28,88.2311,84.3586,148
125,227.0197,34507,111.125,343,112.1,88.3869,84.6907,152
126,226.4257,33511,110.175,340,111.03,88.4574,84.6869,148
127,228.5479,33368,110.575,332,112.3,88.4293,84.4635,146
128,227.5235,33901,111.2375,301,111.14,88.7292,84.7106,149
129,230.1088,33826,111.825,307,112.39,88.2433,84.5527,147
130,227.5,33215,109.5375,309,110.74,88.6571,84.455,146
131,227.5338,33675,110.15,321,110.86,88.4517,84.8507,148
132,223.2839,34609,110.05,320,110.39,88.5244,84.4038,155
133,223.8904,32688,110.4875,305,111.46,87.9875,84.7168,146
134,222.5906,33166,110,301,111.45,88.5403,84.3402,149
135,223.6918,32659,110.475,314,111.88,88.3282,84.4977,146
136,225.2329,32884,109.9875,311,111.61,88.5718,84.1218,146
137,225.7365,33409,110.575,303,111.66,88.2703,84.4434,148
138,225.102,33090,109.3375,301,111.11,88.4289,84.5636,147
139,221.5685,32349,110.7875,300,112.45,88.4951,84.5501,146
140,224.9795,32847,110.7875,315,111.43,88.5883,84.6877,146
141,220.1689,32585,111.8875,334,111.94,88.6181,84.1718,148
142,219.7852,32748,109.325,300,109.99,88.6465,84.7706,149
143,220.8503,32465,110.075,299,110.09,88.6789,84.4314,147
144,220.3493,32171,110.275,302,111.1,88.4104,84.7656,146
145,216.2349,32219,109.9,310,111.46,88.8262,84.3097,149
146,213.953,31879,110.9375,303,111.01,88.772,84.3381,149
147,213.5203,31601,110.0125,290,111.45,88.4585,84.4858,148
148,214.5822,31329,111.2125,312,112.01,88.6958,84.3602,146
149,212.3377,32063,110.3875,305,110.87,88.582,84.7327,151
150,213.4932,31597,111.2125,280,111.34,88.5437,84.4646,148
151,212.1622,31400,110.475,294,110.82,88.637,84.4849,148
152,212.0405,31382,110.7125,289,110.38,88.659,84.3696,148
153,212.6463,31259,110.625,277,111.27,88.6171,84.2807,147
154,209.9864,30868,110.55,308,112.03,88.6316,84.6088,147
155,209.1712,30539,110.65,297,111.05,88.5105,84.6166,146
156,209.1554,30955,109.6125,274,110.44,88.7181,84.2618,148
157,208.7432,30894,110.6125,290,111.54,88.6474,84.6623,148
158,210.1164,30677,110.2375,282,110.7,88.6856,84.4729,146
159,209.2721,30763,109.5875,278,110.97,88.9003,84.3871,147
160,208.5894,31497,109.8625,269,110.77,88.6727,84.4235,151
161,207.3624,30897,110.775,278,111.68,88.24,84.6242,149
162,207.0685,30232,110.2,302,110.35,89.1056,84.2698,146
163,205.8108,30460,110.9375,278,111.95,88.8592,84.8891,148
164,204.3642,30859,110.5125,274,111.75,88.7015,84.1896,151
165,203.3907,30712,111.1875,279,111.93,88.5896,84.5232,151
166,208.3973,30426,110.0625,297,111.88,89.0823,84.2724,146
167,207.5646,30512,110.8375,268,111.87,88.866,84.4153,147
168,205.3581,30393,111.125,278,111.5,88.7156,84.2971,148
169,208.4014,30635,110.7,283,111.59,88.9409,84.1297,147
170,205.3355,31827,110.8,304,111.89,89.0726,84.3629,155
171,205.6333,30845,111.0625,271,111.76,89.1084,84.413,150
172,204.6351,30286,110.1125,298,111.39,88.6019,84.5555,148
173,204.1216,30210,110.1,267,111.68,88.9939,84.4438,148
174,204.8082,29902,111.175,335,111.43,89.0063,84.1416,146
175,205.8367,30258,111.5625,276,111.39,89.066,84.2038,147
176,204.2092,31244,110.575,314,110.94,88.8657,84.337,153
177,204.255,30434,110.975,297,111.93,88.9396,84.4434,149
178,203.102,29856,110.425,267,112.26,89.0895,84.3056,147
179,203.7551,29952,110.5875,293,111.72,88.967,84.6208,147
180,204.7619,30100,110.6875,298,111.21,88.7135,84.7778,147
181,204.6533,30698,110.7875,298,110.78,89.2137,84.3735,150
182,202.9122,30031,110.4,298,111.18,89.1188,84.5283,148
183,204.3576,30858,111.05,294,111.24,89.2295,84.4683,151
184,203.7143,29946,110.175,306,110.93,88.8346,83.9693,147
185,202.9589,29632,110.2125,299,111.84,89.3614,84.5108,146
186,205.396,30604,110.2625,292,110.88,89.1284,84.2919,149
187,204.0867,30613,112,276,111.66,88.9824,84.3963,150
188,202.7067,30406,109.9,296,110.91,88.8972,84.3478,150
189,204.255,30434,109.5125,290,110.92,89.091,84.2332,149
190,202.9524,29834,110.45,276,111.66,89.1905,84.5384,147
191,204.3311,30241,110.3125,292,110.71,89.1791,84.1801,148
192,204.1973,30017,110.6,323,111.41,89.6265,84.0669,147
193,205.6689,31056,110.2,288,112.03,88.9695,84.583,151
194,203.3356,29687,110.2,279,111.22,89.1859,84.4904,146
195,204.7483,30098,110.425,292,111.39,89.1074,84.4684,147
196,206.6096,30165,110.5875,292,111.3,89.1659,84.5852,146
197,208.2177,30608,110.025,282,111.53,89.2294,84.1044,147
198,210.9662,31223,110.45,308,111.14,89.3336,84.6592,148
199,209.6892,31034,110.1375,332,111.45,89.1248,84.8674,148
200,208.8121,31113,110.9875,299,111.74,89.2704,84.8253,149
201,209.4161,31203,110.4,301,111.59,89.522,84.7811,149
202,210.7347,30978,111,296,112.07,89.055,84.5526,147
203,209.4257,30995,110.4875,301,111.82,89.3366,84.3285,148
204,212.3741,31219,111.3,309,112.02,89.4405,84.3384,147
205,212.0548,30960,110.6625,293,111.69,89.0664,84.5785,146
206,213.0411,31104,110.2625,285,111.51,89.2753,84.3113,146
207,212.9796,31308,110.2875,309,111.41,89.6027,84.4107,147
208,213.3356,31147,110.8375,303,112,89.4503,84.3854,146
209,212.6081,31466,110.6375,295,110.9,89.4159,84.1237,148
210,214.3784,31728,111.25,304,112.14,88.8767,84.8277,148
211,215.0667,32260,111.2625,292,111.83,89.4435,84.3352,150
212,214.0743,31683,110.4375,306,110.58,89.4207,84.6796,148
213,212.2533,31838,110.2875,297,110.27,89.3631,84.155,150
214,213.4295,31801,111.875,289,111.69,89.5643,84.2323,149
215,213.7733,32066,110.825,302,110.9,89.1083,84.4785,150
216,212.2662,32689,110.9,299,112.06,89.281,84.0815,154
217,215.8973,31521,109.9375,292,110.41,89.2499,84.3691,146
218,216.2192,31568,111.1,291,111.2,89.2034,84.3177,146
219,216.0268,32188,110.6125,307,111.67,89.3373,84.123,149
220,216.9932,31681,110.675,318,111.04,89.3867,84.0029,146
221,218.7945,31944,110.875,303,110.87,89.6297,84.3083,146
222,215.8851,31951,111.4125,312,112.33,89.4117,84.2751,148
223,215.5616,31472,111.2125,317,111.21,89.2694,84.391,146
224,215.4014,31664,109.8875,320,112.09,89.5111,84.6937,147
225,215.18,32277,110.4,299,111.83,89.1853,84.4443,150
226,211.8667,31780,110.0625,320,110.3,89.7574,84.2255,150
227,212.5,31025,110.2,299,111.23,89.5361,84.3121,146
228,211.6122,31107,110.3375,313,111.2,89.3312,83.9386,147
229,210.5685,30743,110.8125,302,111.92,89.5898,84.7128,146
230,212.1986,30981,109.8,281,110.73,89.5293,84.1073,146
231,211.4797,31299,111.325,299,111.46,89.7732,84.4435,148
232,210.9732,31435,111.35,330,112.68,89.4514,84.2293,149
233,210.3221,31338,109.4,306,109.72,89.5099,84.1309,149
234,208.6419,30879,110.225,300,111.55,89.2207,84.8509,148
235,208.1974,31646,110.5625,300,111.22,89.7569,83.951,152
236,209.0068,30933,109.9875,299,110.74,89.6731,84.0853,148
237,205.7891,30251,110.975,327,111.51,89.65,84.0511,147
238,207.5629,31342,110.7625,279,112.17,89.617,84.4062,151
239,206.5753,30160,110.55,291,111.2,89.4788,84.1617,146
240,205.5946,30428,111.4125,281,111.27,89.8981,84.366,148
241,205.2416,30581,111.075,294,111.56,90.0553,84.2219,149
242,204.3725,31269,110.675,270,111.75,89.6422,84.1938,153
243,206.6867,31003,110.5875,276,111.11,89.8319,84.2433,150
244,205.8054,30665,110.1375,293,110.86,89.8608,83.8273,149
245,207.226,30255,111.0125,275,111.29,89.2262,84.4196,146
246,206.2192,30108,111.1125,299,110.8,89.3998,84.8722,146
247,212.0878,31389,109.55,314,110.44,89.7268,84.3019,148
248,211.4795,30876,110.3125,304,111.33,89.537,84.457,146
249,213.8844,31441,110.5375,309,110.55,89.441,84.4917,147
250,213.16,31974,111.8625,280,112.26,89.7151,84.0961,150
251,212.3624,31642,110.7875,296,111.18,89.8746,83.9385,149
252,212.3973,31010,109.4625,300,111.19,89.5423,84.7252,146
253,212.2192,30984,111.15,291,111.36,89.5553,84.3667,146
254,211.6507,30901,110.275,295,110.68,90.0159,84.1316,146
255,210.44,31566,111.8125,292,112.38,89.8654,84.1412,150
256,208.74,31311,110.7125,297,111.12,89.8675,84.3991,150
257,208.2603,30406,110.925,282,111.31,89.9095,84.1687,146
258,211.5548,30887,109.7875,304,110.97,89.6459,84.2913,146
259,210.2123,30691,111.025,297,111.5,89.5306,84.61,146
260,211.5548,30887,110.6,331,111.99,89.8081,84.3965,146
261,209.9795,30657,109.8875,300,110.97,89.5699,84.4983,146
262,211.8851,31359,109.55,298,111.11,89.7497,84.097,148
263,211.9592,31158,110.525,327,110.72,89.8567,84.5999,147
264,210.6133,31592,112.225,304,112.18,89.7211,84.3242,150
265,212.6463,31259,109.9,300,110.88,89.7395,84.3045,147
266,209.2252,31593,109.7875,298,111.59,89.8587,84.4192,151
267,212.911,31085,109.275,280,111.22,89.8852,84.1281,146
268,211.777,31343,110.825,289,111.58,89.728,84.4428,148
269,210.8378,31204,109.975,297,110.39,89.6738,84.2953,148
270,216.0137,31538,111.3375,293,111.35,89.8653,84.3558,146
271,216,32184,110.45,299,111.24,89.5976,84.6803,149
272,212.9933,31736,110.65,297,112.11,89.7726,84.0558,149
273,215.7671,31502,110.675,327,111.27,89.7664,84.508,146
274,218.102,32061,110.8875,316,110.95,89.9802,83.7528,147
275,219.6939,32295,111.275,337,112.19,90.0601,84.4815,147
276,220.9272,33360,110.9125,317,111.52,89.6491,84.4639,151
277,222.7027,32960,111.1,341,111.82,89.9561,84.0479,148
278,224.3288,32752,110.975,323,112.14,89.8566,84.4144,146
279,223.7123,32662,112.925,334,112.58,89.9629,83.9399,146
280,226.0267,33904,109.5125,317,112.19,89.5837,84.2686,150
281,228.5646,33599,110.8,326,111.41,89.9653,84.267,147
282,230.5753,33664,110.425,322,111.04,89.6853,83.9894,146
283,230.4459,34106,111.5625,321,111.99,89.6389,84.2052,148
284,231.0753,33737,110.3625,322,112.71,89.7111,84.2663,146
285,231.1946,34448,111.225,359,112.3,89.6731,84.4509,149
286,227.8986,33729,111.3875,333,112.2,89.7991,83.9336,148
287,228.5933,34289,110.6,328,111.87,89.7984,84.5334,150
288,229.9795,33577,109.9875,309,110.67,90.0593,84.0818,146
289,226.0861,34139,110.7,322,111.47,89.4267,84.4574,151
290,230.5,33653,110.1125,320,111.47,90.132,84.4867,146
291,232.8493,33996,110.825,361,110.99,89.6589,84.2377,146
292,235.2483,35052,110.4625,359,110.61,89.8198,84.3711,149
293,232.2838,34378,111.3875,327,111.73,89.6927,84.2518,148
294,233.4726,34087,110.125,323,111.69,89.7375,84.2834,146
295,232.8367,34227,111.6875,350,111.35,89.4776,84.32,147
296,232.4286,34167,111.0875,325,111.46,89.722,84.066,147
297,230.9041,33712,110.375,327,112.11,89.3289,84.5732,146
298,226.9865,33594,110.025,312,112,89.7755,84.5227,148
299,226.4733,33971,110.1,325,111.47,89.7648,84.2884,150
300,229.1781,33460,111.5375,318,111.62,89.7409,84.4159,146
301,228.2081,34003,110.925,321,111.63,89.7963,84.1813,149
302,227.0205,33145,110.5125,317,112.01,89.6468,84.5162,146
303,222.5479,32492,110.0125,315,110.75,89.7172,84.4959,146
304,221.6913,33032,110.475,305,111.81,90.1492,84.2384,149
305,220.3947,33500,110.9125,302,111.71,89.635,84.3379,152
306,222.2534,32449,109.7625,308,111.14,89.8898,84.5366,146
307,221.9527,32849,110.8,331,111.29,89.6169,84.6732,148
308,224.3092,34095,110.6125,307,111.53,89.8232,84.3682,152
309,228.9726,33430,109.7625,332,111.14,89.7368,84.1181,146
310,230.2808,33621,109.9625,322,111.94,89.7065,84.4729,146
311,228.2109,33547,109.675,301,111.35,90.0027,84.1727,147
312,227.7297,33704,109.8125,325,111.74,89.69,84.1386,148
313,231.1757,34214,111.175,321,111.34,89.7338,84.3536,148
314,231.4371,34947,110.85,346,111.54,89.7507,84.1624,151
315,226.6735,33321,111.05,310,112.17,89.8512,84.2317,147
316,229.6096,33523,110.45,315,111.13,89.7495,84.5367,146
317,227.0612,33378,111.2375,300,110.61,89.7455,84.4055,147
318,223.2961,33941,110.5625,305,111.38,89.857,84.1916,152
319,227.0738,33834,111.1375,325,111.9,90.1175,84.4647,149
320,224.1781,32730,111.2625,318,111.6,89.7843,84.0239,146
321,220.4189,32622,111.2875,300,111.74,90.449,84.0683,148
322,218.349,32534,111.25,339,111.86,90.2623,84.0825,149
323,218.3758,32538,109.9,320,111.09,90.1464,84.2671,149
324,213.9452,31236,111.25,283,111.33,90.2939,84.1525,146
325,214.1554,31695,111.125,287,111.91,90.5601,84.1063,148
326,212.98,31947,111.0375,301,111.88,90.5272,84.232,150
327,211.8299,31139,110.5625,293,111.17,90.2457,84.4868,147
328,211.3061,31062,110.3875,318,111.82,90.243,84.1775,147
329,211.7483,31127,110.1375,296,111.05,90.5643,84.1325,147
330,207.7285,31367,110.8625,289,110.81,90.5745,84.0901,151
331,207.4768,31329,110.4625,294,111.14,90.4498,84.07,151
332,208.4762,30646,110.2375,312,110.03,90.2773,84.3814,147
333,206.6918,30177,110.6625,300,111.61,90.6438,84.0193,146
334,207.3267,31099,110.2875,298,111.86,90.8703,84.269,150
335,205.3684,31216,109.7875,290,111.69,90.6942,84.2174,152
336,205.2886,30588,109.9625,284,110.8,90.559,84.5563,149
337,206.1301,30095,111.4625,308,111.73,90.7797,84.0935,146
338,207.3151,30268,109.9875,317,110.08,90.6308,84.1285,146
339,205.3356,29979,110.85,283,111.43,90.5879,84.5944,146
340,208.3243,30832,110.8125,292,111.64,90.8275,84.1156,148
341,206.7619,30394,112.25,278,112.64,90.6697,84.2162,147
342,205.5608,30423,109.2125,285,110.35,90.9649,84.183,148
343,203.1027,29653,110,283,111.65,90.8852,84.2008,146
344,205.1258,30974,110.15,298,111.72,90.9325,84.1565,151
345,203.9091,31402,110.8625,296,111.03,90.8445,84.1523,154
346,203.932,29978,110.525,299,110.81,90.6401,84.3526,147
347,202.8041,30015,110.0125,285,110.81,90.6407,84.0561,148
348,206.0067,30695,110.925,280,111.46,90.6956,84.5159,149
349,204.589,29870,110.5,291,111.06,90.7086,84.1687,146
350,204.3288,29832,110.7375,303,111.24,90.9784,84.1438,146
351,204.2466,29820,111.1125,295,111.3,90.6587,84.3555,146
352,203.3061,29886,110.8375,289,112.55,90.902,84.2673,147
353,203.4795,29708,111.775,279,111.29,91.0058,84.2731,146
354,205.604,30635,110.3125,287,110.57,90.6117,84.3925,149
355,201.906,30084,110.3875,296,110.45,91.0485,84.0238,149
356,204.1007,30411,109.425,286,110.94,90.5463,84.2588,149
357,203.2237,30890,110.15,276,110.5,91.1879,84.1864,152
358,204.9932,30339,111.775,291,112.36,90.7337,84.0623,148
359,204.1622,30216,111.1875,309,111.41,91.15,84.1522,148
360,204.255,30434,111.3,305,110.77,90.8404,84.2934,149
361,203.381,29897,110,296,110.79,90.6835,84.2907,147
362,202.6579,30804,110.5,289,111.4,91.2953,84.2067,152
363,203.5395,30938,111.275,292,111.22,91.119,84.0111,152
364,206.9324,30626,111.1625,286,111.21,90.935,84.3362,148
365,203.8219,29758,111.0125,291,111.45,90.6655,84.4219,146
366,202.517,29770,110.7125,283,111.24,90.7466,84.4131,147
367,201.1812,29976,110.8875,277,112.4,90.804,84.4469,149
368,204.3151,29830,111,278,111.79,90.6918,84.0705,146
369,206.7329,30183,110.825,274,112.06,91.0651,84.3062,146
370,204.9521,29923,111.2375,282,111.35,90.7504,84.0931,146
371,205.551,30216,110.8875,304,111.76,90.8702,84.4317,147
372,204.8219,29904,110.65,308,111.5,90.8635,84.1154,146
373,204.4422,30053,110.6375,302,111.27,90.8543,84.2768,147
374,203.8477,30781,110.675,291,111.84,90.8929,84.5219,151
375,205.3673,30189,110.575,276,111.55,90.8667,84.5556,147
376,205.094,30559,109.85,288,111.82,90.9483,84.5929,149
377,203.2953,30291,110.3625,297,110.4,90.8893,84.3492,149
378,203.5405,30124,110.55,286,110.18,90.7342,84.2119,148
379,203.4122,30105,110.6625,286,111.32,90.5521,84.2449,148
380,204.8267,30724,110.6625,290,110.91,90.2944,84.7705,150
381,201.0132,30353,110.5375,293,111.62,90.9472,83.9473,151
382,203.2692,31710,110.9625,296,112.18,90.7292,84.0751,156
383,204.1722,30830,110.2625,297,111.53,90.4293,84.4888,151
384,204.223,30225,111.3375,278,111.5,90.4186,84.3229,148
385,204.1533,30623,110.1125,281,111.44,90.8976,84.2559,150
386,203.255,30285,110.0125,281,111.42,90.269,84.7136,149
387,203.5497,30736,110.575,277,112.19,90.8875,84.5094,151
388,202.6014,29985,110.5,277,110.48,90.5719,84.315,148
389,202.2808,29533,110.7125,279,111.62,90.7855,84.6223,146
390,203.1149,30061,110.025,305,109.85,90.5246,84.5789,148
391,202.4315,29555,111.2,282,111.28,90.796,84.3637,146
392,204.8973,29915,110.475,295,110.74,90.6531,84.3027,146
393,202.3893,30156,109.8875,304,110.77,90.8522,83.9966,149
394,201.8954,30890,108.925,293,111.62,90.6772,84.6743,153
395,202.9658,29633,110.225,312,111.61,90.8878,84.303,146
396,202.517,29770,110.1875,286,111.51,90.7204,84.2752,147
397,202.9459,30036,110.4875,287,110.86,90.0688,84.6737,148
398,203.5933,30539,110.525,286,111.47,90.4893,84.6658,150
399,202.8151,29611,110.8375,281,110.97,90.462,84.7008,146
400,202.102,29709,110.9625,270,111.2,90.7722,84.051,147
401,200.6577,29898,110.825,280,111.01,90.7521,84.3048,149
402,203.1333,30470,111,300,110.31,90.744,84.2291,150
403,202.1633,29718,110.0625,295,111.07,90.6956,84.3266,147
404,200.82,30123,110.4125,278,110.46,90.9795,84.196,150
405,202.619,29785,110.425,296,110.35,90.6524,84.4981,147
406,202.3061,29739,111.0875,293,110.98,90.9843,84.2739,147
407,203.6871,29942,109.975,291,111.28,90.8465,84.2784,147
408,202.5306,29772,111.625,288,111.87,90.6709,84.5541,147
409,203.7905,30161,109.475,286,111.03,90.5298,84.503,148
410,201.4901,30425,110.7,288,111.7,90.5601,84.3715,151
411,202.1293,29713,110.0125,290,111.39,90.807,84.314,147
412,201.9658,29487,110.5125,280,111.36,90.9047,84.3175,146
413,201.5238,29624,111.25,269,111.39,90.889,84.2349,147
414,202.1712,29517,111.5375,278,111.18,90.8888,84.2908,146
415,202.0342,29497,110.85,301,111.94,90.6352,84.3496,146
416,202.6849,29592,109.6875,279,111.33,90.4527,84.6747,146
417,204.7959,30105,110.025,309,111.02,90.7938,84.6299,147
418,203.8493,29762,110.425,287,111.18,90.3715,84.6038,146
419,200.3851,29657,110.8375,268,110.52,90.049,84.6056,148
420,202.774,29605,111.3,291,111.73,90.8243,84.2205,146
421,204.1959,30221,109.9625,280,111.12,90.9934,84.6233,148
422,202.9597,30241,111.5375,291,110.93,90.0579,84.2925,149
423,201.2925,29590,110.225,270,110.82,90.2624,84.728,147
424,201.6781,29445,110.3625,283,110.42,90.8115,84.5051,146
425,200.4595,29668,110.6875,265,111.24,90.6738,84.2809,148
426,200.6779,29901,110.875,285,110.52,90.687,84.4473,149
427,202.7718,30213,111.8875,298,111.41,90.4563,84.8487,149
428,203.0068,29842,110.05,301,111.06,90.4632,84.3844,147
429,203.1905,29869,110.175,298,111.75,90.7355,84.5921,147
430,203.4662,30113,110.25,273,110.71,90.3363,84.3202,148
431,203.6933,30554,110.8,279,110.78,90.8218,84.1439,150
432,204.2329,29818,110.15,291,111.16,90.684,84.52,146
433,201,29547,110.6625,272,110.4,90.6683,84.3355,147
434,201.898,29679,110.525,299,111.76,90.5905,84.4124,147
435,200.8716,29729,109.6875,274,111.67,89.8502,84.7393,148
436,202.3716,29951,110.325,269,111.73,90.5403,84.4093,148
437,202.351,30555,110.8625,286,110.93,90.4645,84.4543,151
438,202.1837,29721,110.35,273,110.52,90.2255,84.3787,147
439,202.5068,29566,110.975,276,111.17,90.1005,84.5775,146
440,203.9195,30384,109.775,295,109.51,90.4314,84.2235,149
441,202.4362,30163,110.5625,291,112.08,90.0058,84.3159,149
442,199.7667,29965,110.9625,293,110.78,90.0355,84.2707,150
443,200.6577,29898,110.05,295,110.83,89.7811,84.6509,149
444,201.9396,30089,110.225,284,111.38,89.8077,84.6036,149
445,199.4161,29713,110.9125,271,110.74,89.7394,84.3073,149
446,201.6533,30248,110.4,282,111.3,89.6476,84.6486,150
447,202.0272,29698,110.9875,270,111.35,90.4834,83.9796,147
448,202.8267,30424,110.5375,296,112.01,89.6832,84.7084,150
449,199.2534,29091,110.65,266,111.98,89.1933,84.2715,146
450,201.1781,29372,110.15,281,111.19,90.4091,84.1504,146
451,200.411,29260,109.8875,267,110.38,89.7996,84.93,146
452,200.0805,29812,109.825,322,111.52,89.445,84.2486,149
453,200.44,30066,110.5625,283,111.27,90.2742,84.2045,150
454,199.4013,30309,110.3625,279,110.89,90.0513,84.8128,152
455,200.5685,29283,109.5875,277,110.84,90.1982,84.283,146
456,201.8312,31082,110.4875,296,111.72,89.8376,84.8506,154
457,199.3595,30502,111.45,282,112.34,90.0519,84.7406,153
458,201.1701,29572,110.575,290,110.74,90.1701,84.4131,147
459,200.9189,29736,110.1875,306,110.72,90.1141,84.6574,148
460,200.3826,29857,111.2875,294,111.12,90.1826,84.4229,149
461,201.9122,29883,111.4125,309,111.32,90.5089,84.3645,148
462,202.9524,29834,110.275,276,111.58,90.1251,84.4154,147
463,199.8716,29581,110.55,298,110.19,89.9275,84.5775,148
464,200.2886,29843,110.6125,284,111.25,90.6778,84.2813,149
465,202.137,29512,110.35,295,110.38,90.617,84.5435,146
466,201.8859,30081,110.725,281,111.62,89.6517,84.5338,149
467,200.8231,29521,110.275,290,109.89,90.4949,84.1438,147
468,202.7483,30615,109.7,307,110.69,90.1442,84.8589,151
469,201.9595,29890,111.175,289,111.01,89.7745,84.5023,148
470,200.9673,30748,110.3625,298,110.98,90.1108,84.8489,153
471,201.5,30628,110.825,287,111.15,90.2731,84.5271,152
472,203.2349,30282,110.7375,298,111.37,90.1822,84.4276,149
473,201.098,30768,110.1875,281,111.59,90.4977,84.2177,153
474,202.1497,29716,108.9625,297,110.25,90.2718,84.7031,147
475,202.7584,30211,109.2375,277,109.9,90.2231,84.8042,149
476,199.527,29530,109.8625,286,110.71,89.9508,84.6213,148
477,201.774,29459,110.6,288,110.65,90.0131,84.6592,146
478,202.443,30164,110.45,284,111.47,90.3535,84.1202,149
479,202.7383,30208,109.725,278,109.96,90.0002,84.6061,149
480,201.9933,30299,109.775,290,110.85,90.5216,84.2224,150
481,201.4295,30013,110.175,279,110.57,90.3821,84.3478,149
482,201.8299,29669,110.475,269,111.6,90.1013,83.8297,147
483,202.2808,29533,109.875,283,110.65,90.111,84.3835,146
484,200.8067,30121,110.25,287,111.3,89.765,84.6653,150
485,202.5946,29984,110.175,287,110.76,89.8688,84.012,148
486,201.5906,30037,109.4,302,110.91,89.8229,84.4863,149
487,200.1722,30226,110.5125,280,110.9,89.6538,84.4558,151
488,201.6259,29639,110.35,291,110.47,90.6439,84.2098,147
489,203.2349,30282,110.8625,291,111.21,89.5313,84.5867,149
490,202.2945,29535,109.3125,284,109.89,89.6594,84.4792,146
491,201.8378,29872,110.1625,279,110.16,90.3573,84.268,148
492,200.3562,29252,110.9875,301,111.11,89.8998,84.5553,146
493,199.3725,30504,109.6875,276,110.09,89.6951,84.112,153
494,200.7867,30118,110,278,111.04,90.0821,84.1345,150
495,201.26,30189,109.9,294,111.13,89.6286,85.081,150
496,197.9803,30093,111.0125,260,111.96,89.5614,83.9535,152
497,203.9329,30386,110.025,300,110.68,90.7749,84.486,149
498,199.8095,29372,110.4375,294,111.17,88.9814,85.0289,147
499,199.8467,29977,110.2,277,111.23,90.18,84.2818,150
500,201.8446,29873,110.9875,290,110.42,89.8573,84.9357,148
501,199.0878,29465,110.15,271,111.92,89.4265,84.2714,148
502,202.4733,30371,109.875,288,111.6,91.1598,84.0728,150
503,201.2267,30184,110.65,332,111.1,89.6166,85.2059,150
504,201.5667,30235,110.8875,297,111.68,89.4884,84.0489,150
505,200.404,30261,110.2875,289,111.65,90.2838,84.6768,151
506,201.8435,29671,110,286,110.58,89.731,84.561,147
507,198.9595,29446,111.0375,279,110.83,89.6537,84.032,148
508,203.2993,29885,110.725,305,111.64,89.8969,84.6823,147
509,199.2329,29088,110.6625,302,111.75,89.8334,84.6496,146
510,200.9728,29543,110.4625,289,111.55,89.676,84.1309,147
511,202.3699,29546,110.1625,300,110.17,90.1565,84.659,146
512,201.5646,29630,110.925,279,110.82,90.2485,84.5449,147
513,200.473,29670,110.95,283,110.72,89.9297,84.629,148
514,200.6376,29895,109.4375,278,110.96,89.9635,84.6296,149
515,202.4932,29564,110.2,279,110.69,90.1115,84.0357,146
516,201.1007,29964,111.35,314,111.85,89.7065,84.3486,149
517,200.4521,29266,110.075,311,110.25,90.0939,84.3084,146
518,199.1565,29276,110.25,287,111.27,90.0638,84.5879,147
519,199.4694,29322,110.25,286,111.11,89.7518,84.7642,147
520,200.5616,29282,110.2,296,110.86,89.8916,84.3949,146
521,201.7415,29656,110.7,296,111.26,90.0776,84.7116,147
522,201.1224,29565,110.1625,291,111.09,89.6626,84.5635,147
523,203.7838,30160,110.2125,334,111.46,89.8717,84.7919,148
524,202.1678,30123,110.7625,291,111.51,89.96,84.3286,149
525,201.9315,29482,109.95,299,111.88,90.056,84.3595,146
526,200.8733,30131,110.6375,305,111,90.239,84.5449,150
527,202.2603,29530,109.05,290,110.93,90.1019,84.7067,146
528,201.2109,29578,110.95,296,111.82,89.9426,84.5473,147
529,200.6735,29499,110.5375,309,110.9,90.166,84.5195,147
530,200.3946,29458,110.5625,275,111.89,90.0701,84.5652,147
531,200.1429,30822,110.1375,292,110.83,89.8826,84.5208,154
532,200.5102,29475,109.9875,285,111.01,90.168,84.5062,147
533,198.0608,29313,109.5625,305,110.18,90.4234,84.5756,148
534,198.5325,30574,111.25,279,111.71,90.3765,84.4358,154
535,199.6712,29152,110.3625,279,111.8,90.4359,84.3404,146
536,200.4631,29869,110.55,294,111.22,90.4121,84.4051,149
537,200.8176,29721,109.525,287,109.9,90.2495,84.5778,148
538,201.1216,29766,110.925,302,111.59,90.1778,84.7917,148
539,203.0464,30660,110.175,305,111.13,90.6278,84.266,151
540,201.2416,29985,111.05,296,111.11,90.0206,84.6746,149
541,201.026,30958,111.175,302,110.95,90.9399,83.9525,154
542,199.4564,29719,110.2375,298,112.01,90.967,84.2232,149
543,200.9178,29334,110.2,295,110.98,90.4197,84.2571,146
544,200.589,29286,110.7625,303,111.07,90.2593,84.6829,146
545,200.6913,29903,110.3125,321,110.59,90.5753,84.4617,149
546,200.7603,29311,109.925,292,110.86,90.7875,84.5519,146
547,202,29896,110.55,312,110.77,90.9272,84.4654,148
548,198.8742,30030,110.2375,288,110.62,91.204,83.8129,151
549,202.1849,29519,110.5,300,111.8,90.9081,84.2916,146
550,200.585,29486,110.4375,294,111.49,91.5074,83.9774,147
551,201.8973,29477,110.2875,310,110.48,90.8605,84.2472,146
552,199.6779,29752,110.6125,297,111.59,91.0903,84.2948,149
553,199.4247,29116,110.8375,286,111.82,91.3768,84.0328,146
554,200.2297,29634,109.8625,286,110.87,91.2955,84.2389,148
555,200,30200,111.0125,287,109.88,90.7894,84.4571,151
556,201.5878,29835,109.875,279,110.86,90.7891,84.4991,148
557,202.8639,29821,109.8375,272,110.65,91.0193,84.1769,147
558,198.98,29847,110.175,285,110.72,91.1654,84.5522,150
559,199.5503,29733,110.6,288,111.65,91.1449,84.3236,149
560,200.9189,29736,111.0375,278,110.49,91.0104,84.4613,148
561,200.5034,29474,110.8,267,111.37,91.0838,84.0464,147
562,200.4422,29465,110.725,287,111.34,91.2172,84.57,147
563,202.5034,29768,110.3375,291,111.7,91.0097,84.3331,147
564,198.6776,30199,111.175,299,109.77,91.4098,84.4496,152
565,200.9932,29345,109.725,308,110.68,91.349,84.115,146
566,202.2973,29940,109.825,296,110.5,91.2786,83.6949,148
567,200.6531,29496,110.55,296,111.11,91.3672,84.1311,147
568,200.0927,30214,110.325,296,110.68,91.2194,84.0369,151
569,201.3919,29806,111.0625,319,110.67,91.0971,84.5053,148
570,199.1645,30273,110.5,289,111.07,90.9441,84.546,152
571,199.9742,30996,109.4875,319,110.48,91.2934,84.2296,155
572,200.2081,29831,109.8625,287,110.85,90.9151,84.4485,149
573,202.1837,29721,110.9375,294,111.4,91.6963,83.8896,147
574,200.2109,29431,109.4875,297,111.73,91.1722,84.3939,147
575,200.9658,29341,109.7875,295,109.88,91.0894,84.4627,146
576,201.0067,29950,110.325,289,109.97,90.8591,84.3373,149
577,201.2703,29788,110.8375,272,111.38,91.0497,84.7202,148
578,202.0134,30100,109.6,320,110.75,91.3359,84.1273,149
579,200,29400,110.775,287,110.26,91.5,84.368,147
580,199.5203,29529,111.3,300,110.61,91.0404,84.267,148
581,201.2649,30391,109.35,308,111.21,91.2367,84.1826,151
582,202.2365,29931,110.8,282,111.68,91.4623,84.2084,148
583,200.4238,30264,110.2625,305,111.42,91.6545,84.0459,151
584,200.2877,29242,111.125,269,111.26,91.4431,84.4396,146
585,200.1014,29615,110.725,300,110.6,91.4068,84.4236,148
586,201.1027,29361,109.2625,300,111.9,91.3026,84.1371,146
587,202.7823,29809,110.0375,306,110.84,91.2337,84.268,147
588,201.1007,29964,110.4125,302,110.72,91.6197,84.1851,149
589,199.8776,29382,109.8625,295,111.78,91.5566,84.451,147
590,198.6556,29997,110.7375,292,110.82,91.9247,84.0988,151
591,200.2177,29432,110.5125,283,110.83,91.7926,83.8296,147
592,202.8912,29825,110.525,292,111.89,91.6531,84.1404,147
593,201.0816,29559,110.725,298,111.31,91.469,84.4226,147
594,200.9007,30336,110.6125,299,110.54,91.0834,84.4332,151
595,198.0464,29905,109.9875,286,110.6,91.3343,84.0053,151
596,197.9276,30085,110.175,287,110.95,91.5918,84.4303,152
597,200.16,30024,109.8625,271,110.39,91.5035,84.3019,150
598,199,30248,110.725,287,110.62,91.9155,84.0579,152
599,197.5973,29442,110.975,295,111.41,91.5574,84.283,149
600,199.2733,29891,110.175,291,110.49,91.7273,83.9281,150
601,200.5616,29282,110.0125,287,110.93,91.5839,84.064,146
602,199.82,29973,110.9125,278,111.65,91.8478,84.2287,150
603,198.3624,29556,109.925,279,111.05,91.4083,84.3858,149
604,200.6667,29498,109.575,292,110.11,91.7377,84.3164,147
605,197.0392,30147,110.05,273,111.08,91.833,83.8951,153
606,200.0685,29210,109.9,277,110.77,91.5605,83.9903,146
607,200.2365,29635,110.15,279,110.62,91.5023,84.2588,148
608,198.9658,29049,111.025,293,111.74,91.6048,84.0564,146
609,199.9533,29993,110.275,316,111.43,91.3501,84.0261,150
610,200.1745,29826,110.2625,294,110.93,91.8263,84.1587,149
611,197.2313,28993,110.275,282,110.94,91.39,84.153,147
612,198.2467,29737,110.8625,293,111.74,91.4698,84.1981,150
613,200.5,29674,110.6875,318,110.87,91.6678,83.9474,148
614,197.9864,29104,109.9875,298,110.34,91.3727,84.5051,147
615,199.1164,29071,109.6125,305,110.78,91.4828,84.0127,146
616,194.9045,30600,110.8875,265,111.25,91.7434,83.8506,157
617,199.2133,29882,111.375,291,111.79,91.3709,84.2952,150
618,200.6599,29497,111.75,281,110.72,91.5595,84.2902,147
619,198.6507,29003,109.8375,283,111.11,91.5688,83.643,146
620,200.053,30208,109.9375,293,110.22,91.7327,84.1009,151
621,199.8367,29376,110.225,291,111.46,91.4439,84.0061,147
622,198.7047,29607,110.0625,299,110.83,91.7472,83.9155,149
623,200.7551,29511,110.625,279,111.42,91.3274,84.3732,147
624,199.3904,29111,111.4625,302,111.79,91.406,84.466,146
625,199.8224,30373,109.0875,289,111.11,91.4868,84.0245,152
626,200.4527,29667,111.55,297,112,91.6104,84.0124,148
627,199.3904,29111,109.1625,287,110.17,91.2734,84.1545,146
628,199.5479,29134,110.3,270,111.03,91.64,83.9938,146
629,199.25,29489,109.95,281,110.1,91.3922,84.1103,148
630,198.8553,30226,110.3875,298,110.75,91.834,83.8879,152
631,200.8299,29522,109.35,283,111.09,91.3733,84.442,147
632,200.1781,29226,110.6125,278,111.31,91.4863,84.3723,146
633,199.1014,29467,111.2,293,111.07,91.4561,84.1395,148
634,198.953,29644,110.35,269,110.97,91.3933,84.037,149
635,200.8487,30529,110.525,298,110.34,92.0381,84.0244,152
636,197.9521,28901,110.25,263,110.68,91.5579,84.5636,146
637,199.4333,29915,110.025,290,110.48,91.7194,83.913,150
638,199.4626,29321,109.075,291,110.92,91.5776,84.3959,147
639,198.4178,28969,110.525,301,111.16,91.3785,84.3332,146
640,200.4564,29868,110.3375,298,111.14,91.9926,84.0761,149
641,200.4145,30463,110.425,282,110.66,91.6592,84.3406,152
642,200.6735,29499,110.9125,300,112.04,91.4791,84.0104,147
643,199.8707,29381,109.2,302,111.27,91.7626,84.0754,147
644,200.483,29471,110.1375,292,110.96,91.4054,84.2966,147
645,199.047,29658,111.075,310,111.55,91.3038,84.0984,149
646,199.9329,29790,110.5375,298,111.4,91.6969,84.4104,149
647,200.9459,29740,110.3125,312,111.05,91.587,84.1505,148
648,200,29600,110.6125,316,111.16,91.7495,84.1857,148
649,199.3571,30701,111,288,111.01,91.3766,84.0362,154
650,198.8255,29625,110.5875,314,110.41,91.8546,84.0759,149
651,198.1361,29126,110.15,282,110.63,91.7735,84.1734,147
652,200.0861,30213,109.925,284,111.14,91.3997,84.4965,151
653,202.3265,29742,109.9125,318,110.32,91.5471,84.4053,147
654,202.2877,29534,110.425,302,110.87,91.4174,84.3217,146
655,202.0479,29499,109.925,290,110.52,91.5957,83.8366,146
656,203.7987,30366,109.5375,304,110.98,91.958,84.0217,149
657,202.9048,29827,109.9125,290,111.31,91.3501,83.9576,147
658,203.4161,30309,110.9375,312,111.51,91.5889,84.0361,149
659,205.0067,30546,109.875,303,110.78,91.3965,84.1391,149
660,205.9252,30271,109.7875,297,110.54,91.4981,84.252,147
661,205.5753,30014,110.5125,306,111.16,91.2338,84.1297,146
662,206.034,30287,111.1875,271,111.37,91.7022,84.1949,147
663,209.3605,30776,109.5625,292,110.93,91.8297,84.2902,147
664,208.0274,30372,111.4625,314,111.21,91.6275,84.1577,146
665,208.5101,31068,109.9125,317,111.21,91.3892,84.2767,149
666,208.4054,30844,109.825,317,110.38,91.7019,84.3034,148
667,210.9597,31433,109.8,299,110.49,91.6782,84.0549,149
668,211.1824,31255,110.6375,312,111.29,91.3993,84.4455,148
669,213.4041,31157,110.8625,307,111.95,91.3972,84.1686,146
670,214.86,32229,110.6875,305,111.51,91.4404,84.605,150
671,216.9934,32766,111.1375,306,111.62,91.7565,84.0389,151
672,214.6733,32201,111.5,316,111.62,91.5049,84.3345,150
673,217.7211,32005,109.675,308,110.15,91.457,83.9717,147
674,217.137,31702,109.825,306,110.75,91.4091,84.1279,146
675,217.7133,32657,110,319,110.66,91.4935,84.087,150
676,218.223,32297,109.7625,348,110.56,91.5734,84.1009,148
677,217.5658,33070,110.4,296,110.86,91.6164,83.9495,152
678,218.1946,32511,111.075,316,110.38,91.4882,84.2196,149
679,220.0268,32784,110.0125,338,111.48,91.4669,84.1348,149
680,223.5068,32632,110.375,353,110.6,91.4449,84.1543,146
681,222.3197,32681,109.9,324,110.44,91.607,84.0934,147
682,219.255,32669,109.95,341,110.94,91.4885,84.3076,149
683,217.5455,33502,109.9375,336,110.45,91.8029,84.1729,154
684,219.4178,32035,110.3125,346,112.69,91.4878,84.0977,146
685,216.3378,32018,110.575,322,110.03,91.5062,84.2528,148
686,216.3469,31803,109.8375,306,111.74,91.7911,84.0332,147
687,217.6443,32429,110.125,321,110.02,91.7371,84.1751,149
688,217.7211,32005,110,306,110.98,91.6608,84.23,147
689,220.5918,32427,110.0625,309,111.77,91.5298,84.315,147
690,221.9384,32403,111.0125,317,110.4,91.8625,84.3614,146
691,222.4726,32481,109.9875,320,110.98,91.4868,84.3165,146
692,221.4564,32997,110.7875,321,111.6,91.7431,84.1142,149
693,225.723,33407,111.6125,321,111.8,91.8271,84.0333,148
694,228.8776,33645,109.9375,340,110.37,91.7482,84.0394,147
695,225.4933,33824,110.95,316,111.4,92.0748,84.0748,150
696,225.4762,33145,110.7,346,110.78,91.8638,83.6698,147
697,226.7211,33328,110.0375,359,110.57,91.7294,84.1918,147
698,229.9392,34031,110.2875,328,111.48,91.8457,84.1843,148
699,232.2381,34139,109.6375,338,109.59,91.4297,84.1226,147
700,228.589,33374,110.6875,323,110.39,91.9736,84.1835,146
701,227.7192,33247,110.9875,341,111.01,92.0051,83.9113,146
702,228.2245,33549,109.9625,355,111.78,91.4438,84.2354,147
703,226.3469,33273,110.0375,315,110.9,92.0223,84.0302,147
704,223.5135,33080,110.4875,338,110.93,91.8828,83.7281,148
705,223.7755,32895,111.1375,323,111.97,91.6111,84.2935,147
706,223.3741,32836,110.1625,300,112.08,91.9094,84.004,147
707,224.9452,32842,110.2,319,111.28,91.6356,84.034,146
708,220.8243,32682,110.2875,331,111.77,91.876,84.0563,148
709,218.8243,32386,110.925,334,110.77,91.6835,84.0216,148
710,215.9145,32819,110.9875,301,110.59,92.1005,83.9115,152
711,215.125,32699,109.95,311,110.67,91.9764,84.1159,152
712,213.6928,32695,110.5125,351,110.9,91.4058,84.2795,153
713,214.9795,31387,109.675,331,110.53,91.696,83.9582,146
714,213.8904,31228,109.1375,342,110.41,91.9476,84.0426,146
715,213.1812,31764,110.1125,310,110.86,92.1869,83.9848,149
716,212.5102,31239,110.7,305,111.42,91.2035,84.2792,147
717,210.8333,31625,110.6875,299,110.52,91.7466,83.7804,150
718,211.8255,31562,109.675,304,110.82,91.6116,83.9744,149
719,213.6986,31200,109.925,325,110.51,91.9539,84.4148,146
720,210.8176,31201,109.7875,304,111.26,90.966,84.6238,148
721,206.5359,31600,111.725,299,111.41,90.9012,84.0636,153
722,210.3311,31129,110.6625,294,110.76,92.665,84.0061,148
723,206.8699,30203,111.7,306,111.06,91.622,84.3977,146
724,208.8562,30493,109.65,320,111.17,91.3145,83.966,146
725,210.6014,31169,110.875,311,111.57,91.5343,84.2181,148
726,206.8013,31227,110.7375,317,111.7,91.7863,84.216,151
727,207.0473,30643,110.3125,301,110.94,91.6185,84.0262,148
728,208.0867,31213,110.9,292,110.97,91.36,84.599,150
729,210.4558,30937,112.0375,301,110.94,91.4862,84.1742,147
730,208.3699,30422,110.1875,291,111.1,91.3054,84.4044,146
731,208.8176,30905,111.2875,307,110.9,91.7471,84.1864,148
732,210.7415,30979,110.425,307,111.02,91.9934,84.0806,147
733,208.3092,31663,109.5875,302,111.18,91.7827,84.1478,152
734,207.604,30933,110.3125,292,110.96,91.7948,84.3232,149
735,205.9932,30281,110.6125,329,111.32,91.403,84.3537,147
736,208.7123,30472,111.3125,308,111.25,91.7166,83.7511,146
737,207.5762,31344,110.3375,284,110.68,91.6741,84.6239,151
738,208.6735,30675,110.625,329,110.66,91.6111,84.2724,147
739,207.5533,31133,110.825,303,111.33,91.8479,84.0715,150
740,209.4589,30581,109.925,314,111.47,91.5507,84.1542,146
741,207.5306,30507,110.8375,318,111.05,91.7843,84.1252,147
742,205.8591,30673,110.8625,298,111.72,91.9536,84.382,149
743,208.0608,30793,109.9375,331,111.22,91.4965,84.3053,148
744,208.0411,30374,110.875,325,110.97,91.3497,84.4384,146
745,208.4932,30440,109.9875,283,110.58,91.5288,84.0693,146
746,206.4315,30139,110.65,294,111.78,91.8078,84.2957,146
747,208.1293,30595,110.35,329,110.94,91.1942,84.3578,147
748,202.5374,29773,109.8875,299,110.59,91.7254,84.263,147
749,205.2617,30584,111.1625,278,111.2,91.5058,84.2305,149
750,203.1565,29864,110.5125,283,111.4,91.4316,84.3218,147
751,206.1014,30503,110.35,297,111.45,91.6883,83.5804,148
752,207.3642,31312,109.725,307,110.9,91.1239,84.5364,151
753,206.7603,30187,110.5875,287,110.71,91.5267,83.853,146
754,202.6908,30809,110,293,111.56,91.4292,84.3896,152
755,204.7123,29888,109.325,294,110.29,91.059,84.1169,146
756,204.1575,29807,110.1,291,110.79,90.9074,84.5197,146
757,203.1854,30681,110.8625,301,110.75,91.3523,84.4051,151
758,201.4521,29412,110.4125,273,111.41,90.8123,84.1688,146
759,205.2993,30179,110.5,292,110.85,90.3604,84.1189,147
760,204.8435,30112,110.4875,290,111.47,89.5677,84.3833,147
761,202.9597,30241,109.4,312,111.44,88.4698,84.8725,149
762,199.6974,30354,109.6875,282,111.23,88.824,84.2801,152
763,203.2318,30688,110.675,304,110.96,88.127,84.4627,151
764,204.5102,30063,110.4875,322,110.52,87.9534,84.8204,147
765,201.84,30276,110.275,301,110.9,87.9924,84.5773,150
766,203.1849,29665,110.375,316,110.87,87.8027,84.9419,146
767,204.3219,29831,110.9375,276,110.98,87.8431,84.8588,146
768,202.5,29565,110.2,282,111.26,87.6095,84.7413,146
769,202.5986,29782,110.1875,299,111.17,87.2014,85.1579,147
770,202.8591,30226,110.4375,308,111.05,87.0996,84.6062,149
771,203.7267,30559,109.975,301,110.72,87.3223,84.6903,150
772,202.5436,30179,109.2875,334,110.48,87.1954,84.6385,149
773,203.7632,30972,110.9875,324,111.62,87.1616,84.765,152
774,204.2877,29826,110.025,297,111.79,87.1413,84.4273,146
775,201.3562,29398,110.1625,288,110.91,87.1848,84.6221,146
776,202.9667,30445,111.45,310,111.39,87.3848,84.968,150
777,203.2349,30282,110.45,305,111.22,87.2475,84.6638,149
778,203.0993,30668,111.0125,308,111.95,87.2504,84.9278,151
779,200.2819,29842,110.7625,303,111.29,87.3519,84.7646,149
780,204.2671,29823,109.85,293,110.55,86.9893,84.9576,146
781,201.7823,29662,110.225,301,110.85,87.0359,84.8385,147
782,201.14,30171,110.3625,319,111.74,86.8794,84.6268,150
783,202.6575,29588,110.25,292,111.08,86.7864,85.1353,146
784,202.2685,30138,110.85,304,111.68,87.0067,84.886,149
785,203.1429,29862,109.575,294,111.04,87.1009,84.7838,147
786,201.8014,29463,110.8875,271,111.65,86.5669,84.888,146
787,201.6395,29641,110.3125,291,110.98,86.8261,85.0929,147
788,202.6554,29993,110,286,110.5,87.1145,84.5919,148
789,201.1351,29768,109.9875,278,111.4,86.8632,84.9385,148
790,202.068,29704,110.3625,305,111.02,86.6859,84.8668,147
791,203.0822,29650,110.5,284,111.32,86.9238,84.712,146
792,201.517,29623,109.8875,289,110.62,87.0266,84.6974,147
793,200.4595,29668,109.9,320,110.28,86.7071,84.8499,148
794,201.6689,29847,110.7625,304,111.56,87.0224,84.3182,148
795,200.0959,29214,109.8625,283,111.16,87.0035,84.5188,146
796,199.4658,29122,110.5625,291,111.87,86.3501,85.1151,146
797,201.5867,30238,110.975,285,111.27,86.396,84.8951,150
798,201.527,29826,109.9375,297,110.3,86.7269,84.9788,148
799,200.9799,29946,109.7625,294,111.22,86.6406,84.8447,149
800,201.8581,29875,111.0125,298,112.04,86.6165,84.9474,148
801,199.966,29395,110.0125,287,111.53,86.3524,84.7631,147
802,201.7059,30861,110.1,296,111.53,86.5881,84.7879,153
803,202.5033,30983,111.25,337,111.7,86.6099,84.8234,153
804,199.183,30475,109.5875,282,110.84,86.1279,84.8573,153
805,201.6014,29837,110.675,287,111.71,86.6533,84.944,148
806,200.3113,30247,110.15,290,111.62,86.3237,84.7059,151
807,199.9048,29386,109.175,277,109.98,86.821,84.9244,147
808,202.0616,29501,110.5625,290,111.1,86.061,84.81,146
809,200.6438,29294,109.7375,318,111.16,86.7111,84.8329,146
810,202.6803,29794,110.5875,312,111.25,86.3453,85.2795,147
811,200.1497,29422,110.875,305,111.02,86.5537,84.6223,147
812,199.7466,29163,111.4375,284,111.3,86.0845,84.9146,146
813,200.6443,29896,110.4375,306,111.53,86.2831,84.938,149
814,203.774,29751,109.5125,282,110.68,86.4185,84.5395,146
815,201.0473,29755,109.55,302,110.42,86.5915,84.8606,148
816,201.4247,29408,110.475,290,110.77,86.1405,84.9334,146
817,202.3767,29547,109.7,290,110.76,86.5526,84.76,146
818,200.8514,29726,110.1375,296,111.61,86.6451,85.072,148
819,201.9865,29894,110.25,291,111.03,86.3384,84.8825,148
820,200.2752,29841,109.5125,281,110.69,86.3036,85.0469,149
821,202.3493,29543,110.05,293,111.27,86.3993,84.9095,146
822,201.4832,30021,109.925,274,111.44,86.4841,84.836,149
823,203.0878,30057,110.6125,302,111.27,86.382,84.942,148
824,200.6507,29295,109.2,283,110.01,86.503,85.2156,146
825,201.6667,30250,111.325,295,111.9,86.9894,84.6866,150
826,201.7755,29661,110.8375,300,111.75,86.6047,85.1541,147
827,202.8836,29621,110.3375,271,110.89,86.7236,84.6831,146
828,201.8533,30278,109.2875,289,110.29,86.6354,85.0333,150
829,200.7415,29509,110.4625,280,111.51,86.3758,85.2201,147
830,200.0867,30013,110.6625,295,111.1,87.0783,84.6642,150
831,202.3973,29550,110.525,283,111.63,86.7188,85.0091,146
832,200.9467,30142,110.6625,297,110.8,86.5937,84.8883,150
833,202.5205,29568,109.6375,279,110.75,86.7011,84.9387,146
834,198.3709,29954,109.8,287,110.78,86.6984,85.2276,151
835,200.0676,29610,110.775,285,111.34,87.0379,84.5892,148
836,202.363,29545,109.8375,305,110.6,86.7518,84.9091,146
837,202.3851,29953,109.75,299,109.8,87.0666,84.6071,148
838,199.4467,29917,110.625,283,110.68,87.204,84.9613,150
839,199.3243,29500,110.1375,313,111.69,87.0439,84.4806,148
840,201.5473,29829,110.3,290,111.46,86.5825,84.7564,148
841,201.9797,29893,111.525,279,111.38,86.3355,84.8586,148
842,201.1156,29564,109.8375,290,110.72,86.8693,85.0256,147
843,201.8571,29673,110.15,285,111.09,86.9086,84.7102,147
844,198.9744,31040,110.0125,311,111.36,86.9515,84.8743,156
845,199.8356,29176,109.7875,290,111.41,86.8166,84.9229,146
846,197.7922,30460,110.825,291,111.89,87.1999,84.5496,154
847,198.4765,29573,110.0875,282,111.22,86.985,84.8524,149
848,199.6939,29355,110.15,270,110.89,86.9466,84.9776,147
849,200.551,29481,109.1375,296,110.11,86.7124,84.932,147
850,201.6959,29851,110.5125,287,111.2,87.3538,84.7486,148
851,201.8288,29467,109.975,276,111.4,86.7254,84.8512,146
852,198.9932,29252,109.6875,276,110.6,86.5375,84.8404,147
853,199.5374,29332,109.7,304,110,87.2883,84.8118,147
854,200.034,29405,111.55,307,112.1,86.8905,85.1538,147
855,200.9797,29745,109.2125,309,110.2,86.9485,84.8696,148
856,202.2973,29940,109.7125,306,111.26,86.9522,84.2542,148
857,203.0612,29850,110.45,297,111.36,86.8748,85.1765,147
858,200.4694,29469,111.725,282,112.24,87.0468,85.2125,147
859,202.7027,30000,109.8625,287,110.71,86.8195,84.8749,148
860,201.1689,29773,109.45,292,110.6,86.7415,85.0717,148
861,200.5638,29884,111.1375,283,111.73,86.8913,84.8294,149
862,199.7667,29965,109.2875,272,110.44,86.5363,85.1835,150
863,199.4934,30323,111.075,290,111.32,87.019,84.9684,152
864,201.4247,29408,109.6875,294,110.65,87.0686,85.0401,146
865,199.0382,31249,110.4375,313,110.9,87.4765,84.8358,157
866,202.1234,31127,110.6,335,111.75,87.6821,84.6863,154
867,204.5068,29858,109.8375,276,111.18,87.1628,84.9487,146
868,202.5638,30182,110.2125,302,111.14,87.8152,84.8089,149
869,202.9338,30643,109.825,297,110.85,87.7511,84.9034,151
870,203.6027,29726,109.825,287,111.47,87.5567,84.5739,146
871,205.0616,29939,110.4,288,111.43,87.4634,84.9583,146
872,203.034,29846,109.675,275,110.83,87.622,84.4762,147
873,201.8378,29872,110.0875,284,111.1,87.5292,84.9763,148
874,201.3267,30199,110.6625,283,110.69,87.2383,84.9082,150
875,202.5946,29984,109.6625,269,110.4,87.7406,84.9551,148
876,201.6755,30453,110.325,291,111.21,87.5134,84.8306,151
877,201.6733,30251,110.4375,280,110.82,87.5838,84.6341,150
878,203.0748,29852,109.125,285,110.82,87.4113,85.1107,147
879,203.2416,30283,110.2,282,111.32,87.6691,85.1493,149
880,201.9184,29682,109.55,304,110.17,87.6524,84.6611,147
881,202.3826,30155,110.2625,282,111.11,87.6568,85.1116,149
882,202.7039,30811,110.5625,310,110.65,87.9943,84.7864,152
883,202.3333,29743,110.675,298,111.94,87.8934,85.0372,147
884,199.8725,29781,110.975,275,111.83,88.1899,84.8515,149
885,202.1837,29721,109.8625,297,110.87,87.9481,85.0172,147
886,199.1712,29079,111.1375,309,111.42,87.5431,84.9398,146
887,203.2568,30082,110.4,299,112.27,88.2347,84.741,148
888,201.6622,29846,110.425,289,110.35,88.0768,85.1102,148
889,199.5743,29537,110.675,285,110.74,88.4185,84.5747,148
890,198.3851,29361,110.2375,282,111.31,88.3567,84.5998,148
891,201.5205,29422,110.575,279,111.73,88.6391,85.0856,146
892,200.8344,30326,110.675,289,111.65,88.3662,84.9168,151
893,201.3221,29997,110.875,293,111.58,88.2741,84.9574,149
894,200.3176,29647,109.425,309,110.65,88.5604,84.6822,148
895,203.1701,29866,111.1125,317,111.59,88.1876,84.908,147
896,199.8013,30170,109.5375,298,110.17,88.4796,84.5162,151
897,200.4211,30464,109.7375,338,111,88.1078,84.9178,152
898,200.4354,29464,109.4625,285,110.86,88.2613,85.0045,147
899,200.1419,29621,110.4875,305,111,88.4516,84.9802,148
900,202.5232,30581,110.4,294,111.76,88.5654,84.8462,151
901,200.1141,29817,109.475,305,110.53,88.2259,85.2725,149
902,202.302,30143,111.7125,294,111.3,88.5612,84.494,149
903,202.1867,30328,109.775,300,111.18,88.6415,84.7597,150
904,200.5461,30483,110.1125,271,111.23,88.6995,84.6015,152
905,200.12,30018,110.175,278,110.88,88.7692,84.7265,150
906,198.3841,29956,110.75,287,111.81,89.1351,84.5623,151
907,202.4437,30569,109.0625,305,110.16,88.4021,85.053,151
908,202.3649,29950,110.175,299,110.53,88.7455,84.5266,148
909,203.223,30077,110.225,277,110.71,88.8672,84.8332,148
910,200.8041,29719,110.825,313,111.48,88.8312,84.9191,148
911,200.1788,30227,110.3625,304,111.28,88.9895,84.5023,151
912,203.4726,29707,109.75,295,110.97,89.1966,84.6061,146
913,203.2353,31095,108.775,296,109.33,88.9425,84.6199,153
914,200.8243,29722,110.5125,296,111.83,89.4154,84.7962,148
915,203.0959,29652,109.7,282,110.55,89.2208,84.7471,146
916,201.5629,30436,109.875,302,111.33,89.483,84.9014,151
917,202.3562,29544,110.6625,305,111.52,89.0929,84.5183,146
918,201.3557,30002,110.825,292,110.74,89.607,84.7001,149
919,201.4392,29813,110.55,290,111.57,88.8831,84.9258,148
920,200.7329,29307,110.2375,267,111.05,89.4037,84.5544,146
921,200.7973,29718,110.7125,294,111.45,89.955,84.2209,148
922,201.3113,30398,109.5625,276,109.81,89.4384,84.66,151
923,200.1579,30424,110.25,282,110.93,89.3003,84.9723,152
924,203.1973,29870,110.0375,315,111.83,89.4511,84.5197,147
925,203.0205,29641,110.4625,288,111.18,89.9348,84.8274,146
926,203.411,29698,110.3,280,110.63,89.3087,84.5561,146
927,202.0822,29504,110.3,305,110.72,89.2539,84.7218,146
928,203.9392,30183,109.9,316,111.42,89.6292,84.6473,148
929,202.2,30330,110.1625,289,111.07,90.0835,84.3213,150
930,201.4626,29615,110.225,291,110.07,89.7924,84.7663,147
931,202.4041,29551,109.25,296,110.91,89.6431,84.6205,146
932,200.1164,29217,110.2375,279,111.35,90.0659,84.5841,146
933,201.9868,30500,109.5625,309,110.46,90.753,84.5514,151
934,200.0774,31012,110.525,286,111.81,89.7281,84.7881,155
935,198.7133,29807,110.7,293,112.08,89.49,84.4976,150
936,202.7635,30009,109.875,291,110.2,90.1653,85.0038,148
937,199.9041,29186,110.4375,298,110.98,89.6263,84.6051,146
938,199.723,29559,109.875,297,111.01,89.8203,84.6842,148
939,202.9452,29630,110.2875,293,111.02,90.4426,84.6455,146
940,201.1946,29978,110.6625,295,111.44,89.3808,84.8714,149
941,200.8344,30326,110.4625,315,111.12,89.8007,84.3878,151
942,198.911,29041,110.5375,292,110.75,89.983,84.7692,146
943,204.1892,30220,110.8125,308,111.67,90.3609,84.3196,148
944,199.7647,30564,110.6375,286,110.75,90.1642,84.1582,153
945,199.7285,30159,110.55,283,111.81,89.9518,84.19,151
946,201.9452,29484,109.875,279,110.54,90.1081,84.5044,146
947,198.7905,29421,109.9375,306,110.58,89.873,84.9151,148
948,199.3087,29697,110.5875,280,110.97,89.9063,84.3702,149
949,200.36,30054,110.825,286,112.54,89.9265,84.2601,150
950,201.0137,29348,110.6,286,111.05,89.6704,84.8453,146
951,201.274,29386,110,300,111.18,89.8321,84.811,146
952,201.2416,29985,110.725,290,110.94,89.7777,84.8213,149
953,201.4324,29812,109.575,289,110.92,89.8645,84.5763,148
954,201.7877,29461,111.0125,292,111.56,89.3713,84.806,146
955,202.5676,29980,110.525,309,110.55,89.979,84.4998,148
956,199.72,29958,110.1,279,110.54,89.7867,84.7236,150
957,200.7007,29503,108.975,284,109.81,89.9125,84.6011,147
958,200.3851,29657,110.3,280,111.72,89.6554,84.7754,148
959,200.2534,29237,109.65,276,110.44,89.8058,84.3294,146
960,199.9184,29388,110.175,323,111.26,90.0035,84.6709,147
961,201.9595,29890,109.5,292,110.68,89.806,84.8103,148
962,202.5102,29769,110.5875,300,110.96,89.9799,84.6736,147
963,198.0395,30102,109.7,272,110.98,89.5917,84.6479,152
964,200.9521,29339,111.125,297,110.92,89.6204,84.8056,146
965,201.0333,30155,109.5875,311,110.16,89.743,84.6496,150
966,201.8378,29872,109.7625,301,110.93,89.9542,84.378,148
967,199.4247,29116,109.5875,277,110.62,89.8461,84.7028,146
968,201.5267,30229,110.525,320,110.86,90.1693,84.4912,150
969,201.2365,29783,110.45,287,110.85,90.1203,84.4291,148
970,200.7718,29915,110.475,285,110.66,89.939,84.3548,149
971,200.911,29333,109.75,294,109.98,89.9502,84.4459,146
972,200.4189,29662,110.55,280,111.5,89.6159,84.7711,148
973,201.7,30255,110.6125,296,110.81,90.0146,84.4344,150
974,200.4054,29660,111.3125,290,111.05,90.4141,84.6051,148
975,198.3467,29752,110.325,299,110.6,89.8922,84.6468,150
976,203.5,30118,109.975,338,110.49,90.0847,84.7208,148
977,201.7162,29854,109.8,281,111.1,90.2467,84.488,148
978,201.6803,29647,110.0375,267,109.97,90.1269,84.4572,147
979,200.0743,29611,109.1125,271,111.46,90.4717,84.4929,148
980,202.2819,30140,110.55,280,111.42,90.3071,84.5669,149
981,203.2819,30289,110.9,285,110.56,90.5312,84.3689,149
982,202.4467,30367,110.95,280,111.67,90.4738,84.481,150
983,202.4247,29554,109.975,296,111.37,90.3354,84.9136,146
984,202.6871,29795,110.475,282,110.43,90.2904,84.5166,147
985,202.8699,29619,110.4625,293,111.18,90.2713,84.2879,146
986,202.2914,30546,109.8,267,110.8,90.2183,84.5333,151
987,202.2876,30950,109.875,281,110.52,90.4989,84.6216,153
988,201.22,30183,110.075,285,109.71,90.1475,84.3818,150
989,201.2432,29784,109.8,318,109.93,90.188,84.6348,148
990,204.449,30054,110.325,282,111.39,90.2856,84.5256,147
991,203.5342,29716,109.8625,301,111.23,89.7863,84.6813,146
992,203.8095,29960,109.8625,296,110.1,90.1817,84.6257,147
993,203.596,30743,109.85,304,110.11,89.996,84.6448,151
994,204.4497,30463,110.125,286,110.47,90.1326,84.8083,149
995,202.8041,30015,110.8,303,111.03,90.6181,84.6991,148
996,204.9932,29929,110.8125,305,110.09,89.9369,84.6729,146
997,201.4733,30221,109.9125,280,110.3,90.1714,84.3142,150
998,201.4898,29619,110.1,286,110.88,90.4717,84.2574,147
999,203.6863,31164,109.8875,292,111.14,90.3448,84.0123,153
1000,201.7619,29659,110.025,289,110.75,90.3397,84.5179,147
1001,200.9396,29940,110.2125,281,110.01,90.5228,84.3113,149
1002,205.3014,29974,110.275,322,111.2,90.1773,84.931,146
1003,204.7671,29896,109.7625,301,111.05,90.0653,84.931,146
1004,202.9388,29832,110.125,291,111.2,89.7793,84.5111,147
1005,206.4863,30147,109.9875,302,110.98,90.0084,84.681,146
1006,204.8435,30112,108.475,288,110.11,89.9446,84.6284,147
1007,203.5973,30336,109.8125,311,111.2,90.0817,84.5543,149
1008,202.0811,29908,109.9375,292,111.36,90.0775,84.4047,148
1009,204.0338,30197,110.7125,288,110.76,90.4836,84.3085,148
1010,203.9041,29770,110.3875,289,110.59,90.1601,84.3827,146
1011,202.5608,29979,110.375,303,111,89.9694,84.7713,148
1012,203.1301,29657,110.5875,296,110.12,90.7493,84.4907,146
1013,201.9048,29680,109.8875,300,111.56,90.3914,84.623,147
1014,201.9262,30087,110.4875,294,110.43,90.5844,84.2193,149
1015,202,30502,109.85,298,111.13,90.414,84.1575,151
1016,206.4966,30355,110.425,308,110.3,90.6491,84.3408,147
1017,206.6438,30170,110.3375,282,110.59,90.6944,84.634,146
1018,204.527,30270,110.3625,295,111.41,90.6008,84.6497,148
1019,207.8699,30349,109.6125,314,109.95,90.7511,84.5029,146
1020,206.0592,31321,110.5875,341,111.02,90.3439,84.7034,152
1021,207.137,30242,110.375,297,110.31,90.7553,84.1934,146
1022,208.3699,30422,109.1875,317,110.53,90.7475,84.2403,146
1023,210.7329,30767,109.95,302,111.02,90.4089,84.4137,146
1024,210.7123,30764,110.6875,302,110.61,90.5101,84.814,146
1025,212.42,31863,110.3125,310,111.32,90.3895,84.2968,150
1026,213.6599,31408,109.8625,308,110.28,90.5792,84.5842,147
1027,214.6622,31770,110.9375,319,111.91,90.5117,84.6646,148
1028,215.3151,31436,109.125,317,110.13,90.6527,84.4286,146
1029,213.9178,31232,110.225,293,110.73,90.4291,84.5465,146
1030,211.9595,31370,111.725,297,110.74,90.0391,84.683,148
1031,210.1689,31105,109.45,301,111.41,89.8107,84.523,148
1032,214.1233,31262,109.5125,322,109.81,90.0976,84.5049,146
1033,211.5411,30885,109.55,307,110.46,90.3378,84.323,146
1034,211.5068,31303,109.975,306,110.57,89.8729,84.3923,148
1035,210.1879,31318,111.2125,308,110.28,90.2036,84.631,149
1036,211.7007,31120,110.2,312,110.97,90.1488,84.4817,147
1037,210.0748,30881,109.7125,295,110.83,89.5848,84.5411,147
1038,211.1419,31249,109.7625,311,110.11,89.866,84.6353,148
1039,210.068,30880,110.2,308,110.31,89.704,84.655,147
1040,209.1611,31165,110.2,323,110.67,90.0469,84.5472,149
1041,209.5034,30797,110,285,111.17,90.0804,84.4865,147
1042,205.4899,30618,110.3625,283,110.72,89.8235,84.4243,149
1043,208.6233,30459,109.35,298,110.61,89.6255,84.7407,146
1044,210.4459,31146,110.0875,285,110.38,89.9868,84.6582,148
1045,208.4228,31055,110.45,304,110.53,89.8401,84.4898,149
1046,208.5685,30451,109.6125,301,110.73,90.0606,84.7258,146
1047,209.4863,30585,110.1125,309,110.95,89.8501,84.5492,146
1048,207.5205,30298,109.85,300,111.15,89.8281,84.6963,146
1049,210.6918,30761,110.225,320,111.27,89.8625,84.6349,146
1050,208.6689,31509,109.7875,296,111,89.6443,84.6916,151
1051,209,31350,110.125,305,110.6,89.9318,84.5664,150
1052,212.8904,31082,110.225,301,111.01,89.991,84.5603,146
1053,211.9658,30947,109.85,299,110.05,90.0751,84.5751,146
1054,212.36,31854,110.1625,320,110.9,90.173,84.4909,150
1055,209.2208,32220,109.6875,306,110.73,90.0292,84.5439,154
1056,212.6164,31042,110.4375,348,111.03,90.2754,84.4487,146
1057,212.4247,31014,110.325,307,110.56,90.0384,84.5818,146
1058,213.1293,31330,110.675,337,109.58,90.235,84.3111,147
1059,212.7143,31269,110.3875,290,111.81,90.202,84.6508,147
1060,218.0685,31838,110.3,320,110.42,89.596,85.0116,146
1061,217.3176,32163,109.9,332,110.65,90.3558,84.2621,148
1062,216.8639,31879,109.975,324,110.64,90.1062,84.5402,147
1063,221.1014,32723,109.8125,339,110.09,90.676,84.4833,148
1064,223.6918,32659,110.525,353,111.5,90.2007,84.2643,146
1065,224.3061,32973,110.5,364,111.26,90.2718,84.6922,147
1066,225.7007,33178,111.0375,340,111.19,90.0194,84.4395,147
1067,226.7877,33111,110.8375,340,111.33,90.2134,84.7387,146
1068,233.7603,34129,109.875,354,111.12,90.0982,84.238,146
1069,233.7162,34590,109.9625,346,110.91,90.2306,84.4764,148
1070,238.5205,34824,110.0625,359,111.8,90.4436,84.3646,146
1071,238.6821,36041,110.025,371,110.56,90.0742,84.3418,151
1072,240.6301,35132,109.6375,339,109.93,90.0846,84.2766,146
1073,240.8446,35645,110.175,331,110.28,89.989,84.2811,148
1074,239.0753,34905,109.7625,331,111.11,89.8998,84.4977,146
1075,241.4354,35491,109.35,361,110.06,90.0214,84.6466,147
1076,239.4966,35685,109.925,329,111.09,90.3059,84.2804,149
1077,240.1973,35309,110.475,372,112.4,90.0536,84.2167,147
1078,242.6644,35429,111.025,351,111.69,90.1295,84.3984,146
1079,243.5205,35554,110.275,331,110.4,90.3295,84.3526,146
1080,243.9128,36343,110.3375,352,111.15,90.1811,84.52,149
1081,245.3265,36063,109.5875,347,110.93,90.0273,84.5235,147
1082,242.3667,36355,111.3875,375,111.01,90.2029,84.3469,150
1083,239.9932,35039,110.5375,340,111.27,89.9508,84.4622,146
1084,239.637,34987,110.1,361,110.75,90.2493,84.5583,146
1085,241.089,35199,110.2125,352,111.14,90.2871,84.5376,146
1086,238.3878,35043,110.1375,351,110.38,89.898,84.5146,147
1087,236.9933,35312,109.35,362,110.49,90.1569,84.4085,149
1088,238.8356,34870,110.025,341,111.37,90.3744,84.2313,146
1089,235.4803,35793,110.3875,341,110.84,90.1497,84.4295,152
1090,233.4218,34313,110.425,316,110.09,90.0347,84.6949,147
1091,233.8699,34145,110.6625,354,111.66,90.0589,84.6172,146
1092,230.911,33713,110.175,351,110.47,90.2274,84.4866,146
1093,226.5,33522,109.5375,359,110.47,89.9643,84.4925,148
1094,229.0336,34126,109.9375,310,111.13,90.3866,84.5108,149
1095,229.8562,33559,110.0375,353,110.86,90.4667,84.575,146
1096,227.0068,33143,110.7625,341,110.76,90.2285,84.555,146
1097,224.6644,32801,110.3,337,111.23,90.2703,84.5234,146
1098,221.6803,32587,110.1,302,111.06,90.2545,84.4125,147
1099,222.5667,33385,109.7,326,110.92,90.1856,84.5483,150
1100,221.4589,32333,109.8,335,111.23,90.396,84.4389,146
1101,218.2925,32089,110.3,303,110.4,90.0017,84.6917,147
1102,216.1701,31777,110.625,298,110.88,90.4865,84.6368,147
1103,217.4041,31741,110.675,308,112.68,90.3939,84.5203,146
1104,217.9728,32042,109.45,320,112.23,90.5724,84.6328,147
1105,213.9252,31447,110.4375,312,110.77,90.0023,84.5155,147
1106,210.7933,31619,110.1875,295,111.21,90.4121,84.457,150
1107,210.3333,30919,110.5125,299,111.4,89.9756,84.7167,147
1108,211.5442,31097,110.5625,308,110.54,90.2175,84.3625,147
1109,210.0604,31299,110.8375,316,112.2,90.2454,84.437,149
1110,208.0667,31210,110.2625,290,110.94,90.1404,84.6862,150
1111,211.4054,31288,110.3875,300,111.67,90.1424,84.7783,148
1112,208.5329,31697,109.925,330,110,90.325,84.6865,152
1113,208.6939,30678,109.9375,301,110.66,90.5513,84.4253,147
1114,209.3946,30781,110.9375,304,111.31,90.1945,84.5326,147
1115,210.1284,31099,110.375,305,110.87,90.2342,84.8896,148
1116,205.4392,30405,110.25,296,110.67,90.3899,84.73,148
1117,207,31050,109.85,291,111,90.2534,84.6729,150
1118,209.102,30738,109.925,284,111.06,89.9953,84.2412,147
1119,205.6803,30235,110,296,111.59,90.4877,84.561,147
1120,204.6667,30086,110.0875,295,110.9,90.4546,84.8054,147
1121,206.585,30368,110.3625,286,111.25,90.0104,84.7636,147
1122,204.953,30538,110.775,303,111.13,90.273,84.3332,149
1123,206.6711,30794,110.35,287,110.76,90.2723,85.3093,149
1124,206.0548,30084,110.65,302,111.13,90.023,84.6056,146
1125,206.12,30918,109.575,316,110.19,90.286,84.389,150
1126,206.8014,30193,109.9875,294,111.06,90.4737,84.8666,146
1127,205.1074,30561,110.2125,302,111.05,90.5174,84.7765,149
1128,205.9932,30075,110.7625,283,109.91,90.1312,84.8534,146
1129,204.2245,30021,110.4875,311,110.53,89.9736,84.4274,147
1130,203.5986,29929,109.675,285,110.84,90.226,84.7577,147
1131,205.2313,30169,110.775,307,110.74,90.4161,84.7306,147
1132,202.7315,30207,109.825,294,110.49,90.2685,85.1831,149
1133,204.9,30735,110.6625,311,109.96,90.356,84.9164,150
1134,204.1689,30217,109.825,303,111.23,90.6328,84.7219,148
1135,203.3784,30100,108.7125,327,110.39,90.6361,84.5877,148
1136,205.1361,30155,110.5875,297,110.64,90.0325,84.687,147
1137,202.6107,30189,110.4875,287,111.17,90.1511,84.8107,149
1138,205.1161,31793,109.7125,293,110.42,90.5759,84.3356,155
1139,204.3741,30043,110.725,286,110.15,90.2389,84.3877,147
1140,202.1133,30317,109.0875,283,111.17,89.9039,84.7959,150
1141,201.8411,30478,109.3,294,110.17,90.0641,84.5713,151
1142,202.38,30357,110.7375,308,110.84,90.2428,84.8706,150
1143,201.5806,31245,109.1375,293,110.78,90.3398,84.5404,155
1144,202.3893,30156,110.275,308,111.11,90.4929,84.4916,149
1145,200.6871,29501,110.575,315,111.49,90.551,84.4832,147
1146,202.3221,30146,109.9625,298,111.24,90.7663,84.5784,149
1147,203.0537,30255,110.7875,282,110.92,90.2247,84.5179,149
1148,200.5676,29684,110.8,285,111.47,90.4474,84.7878,148
1149,202.6259,29786,111.1,289,110.5,90.4971,84.8017,147
1150,202.4354,29758,109.8375,292,111.22,90.4675,84.6878,147
1151,201.2703,29788,110.625,286,110.38,90.1142,84.8939,148
1152,201.6301,29438,111.0875,288,110.87,90.4948,84.388,146
1153,200.5782,29485,109.6875,290,110.41,90.5555,84.8037,147
1154,200.3176,29647,110.1875,300,110.43,90.7251,84.4948,148
1155,202.226,29525,110.175,304,110.71,89.9633,85.1751,146
1156,202.6327,29787,110.0375,291,111.09,90.5827,85.0053,147
1157,201.8299,29669,110.725,292,111.7,90.7121,84.4945,147
1158,199.4133,29912,109.85,305,110.69,89.9793,84.5201,150
1159,199.3289,29700,109.875,284,110.76,90.4659,84.6153,149
1160,199.1184,30266,110.975,302,111.81,90.3045,85.1635,152
1161,198.906,29637,110,283,111.07,90.1275,84.7446,149
1162,199.5034,29327,109.975,278,110.84,90.2462,85.0182,147
1163,200.2329,29234,110.3875,291,110.88,90.1801,84.8587,146
1164,201.2027,29778,110.35,286,110.71,89.8466,85.0396,148
1165,201.1918,29374,110.675,298,110.21,90.233,84.8123,146
1166,198.8591,29630,109.8375,299,110.32,90.6382,84.5835,149
1167,199.1096,29070,110.95,292,110.87,90.4064,84.425,146
1168,200.137,29220,110.4375,285,111.04,90.3639,84.7479,146
1169,197.2038,30961,110.7375,273,110.83,90.5639,84.7525,157
1170,199.9803,30397,109.875,300,110.23,90.8518,84.488,152
1171,199.6438,29148,110.3,285,110.31,90.5358,84.7305,146
1172,200.0738,29811,109.175,282,111.23,90.4154,84.6197,149
1173,200.1634,30625,110.3125,284,110.93,90.0628,85.0408,153
1174,201.226,29379,110.1,294,111.16,90.5099,84.6694,146
1175,200.0267,30004,110.15,284,110.91,90.2319,84.6388,150
1176,198.6689,29403,110.3625,283,110.4,90.386,84.8404,148
1177,198.3425,28958,109.95,270,110.46,90.4013,84.9025,146
1178,199.3067,29896,109.7,301,111.19,90.2316,85.1006,150
1179,198.1905,29134,110.45,297,110.64,89.8595,84.9092,147
1180,199.4392,29517,109.25,282,110.52,89.9943,84.9944,148
1181,200.5918,29487,110.3375,282,111.24,90.1498,84.9591,147
1182,199.7867,29968,110.525,283,110.94,90.558,84.8184,150
1183,198.0272,29110,110.55,281,111.39,90.507,84.7363,147
1184,199.2162,29484,110.7375,292,111.6,90.3703,84.6359,148
1185,200.7808,29314,109.8625,310,109.43,90.6639,84.7034,146
1186,200.9122,29735,109.7125,297,110.96,90.3638,84.9356,148
1187,199.5338,29531,110.575,290,111.08,89.917,84.8416,148
1188,198.8993,29636,110.2875,286,110.63,90.3725,84.8769,149
1189,202.5203,29973,110.1875,306,110.33,90.0716,85.0751,148
1190,201.2603,29384,110.3875,312,111.57,90.1878,84.7349,146
1191,201.4392,29813,109.3125,273,111.7,90.2187,84.8555,148
1192,199.1892,29480,109.925,304,110.05,90.3907,84.753,148
1193,199.9315,29190,110.625,281,111.14,89.837,84.8251,146
1194,201.0476,29554,109.7625,283,110.32,90.5202,84.6066,147
1195,200.0541,29608,109.9625,280,110.62,90.3142,84.7961,148
1196,198.2877,28950,109.225,281,110.44,90.6199,84.8665,146
1197,199.9128,29787,109.825,290,110.08,90.7838,84.6477,149
1198,199.4865,29524,109.9,283,110.39,90.6421,84.6906,148
1199,198.2739,31129,111.1,284,110.77,90.1553,84.8617,157
1200,200.5811,29686,110.025,288,110.96,90.2112,84.7758,148
1201,200.3605,29453,111.825,285,111.12,90.3642,84.6829,147
1202,196.7303,29903,110.2625,292,110.72,90.373,84.6622,152
1203,198.86,29829,111.4125,309,110.12,90.1502,85.0147,150
1204,198.3576,29952,111.0875,283,110.35,90.5562,84.7905,151
1205,199.2449,29289,109.9375,297,110.48,90.4998,84.6341,147
1206,201.6122,29637,110.0625,286,111.26,90.6446,84.6408,147
1207,199.6933,29954,109.85,268,110.99,90.7899,84.3424,150
1208,198.1633,29130,110.725,271,111.69,90.348,84.9938,147
1209,199.966,29395,110.0625,283,110.98,90.59,84.4505,147
1210,199.1842,30276,110.2375,304,111.17,90.4046,84.7879,152
1211,200.2123,29231,109.225,260,110.62,90.492,84.7248,146
1212,197.6358,29843,110.2625,280,111.33,90.5053,84.5611,151
1213,198.5503,29584,110.0125,297,109.91,90.3967,85.0244,149
1214,199.1156,29270,109.9375,305,110.67,89.971,84.6624,147
1215,198.5133,29777,110.125,300,111.31,90.0779,84.8771,150
1216,196.8013,29717,110.2625,288,110.55,90.5714,84.5429,151
1217,200.9521,29339,109.625,300,110.53,90.523,84.5397,146
1218,198.4662,29373,110.4375,286,111.1,90.3281,84.5267,148
1219,199.4497,29718,109.9625,280,110.42,90.4905,84.6762,149
1220,198.0548,28916,110.75,272,111.12,90.2151,85.0077,146
1221,201.2781,30393,110.625,278,111.26,90.5255,84.9771,151
1222,198.6014,29393,108.8625,293,110.54,90.0444,85.0879,148
1223,199.6892,29554,110.9625,286,111.22,90.3836,84.7719,148
1224,198.5133,29777,111.025,304,110.19,90.1553,84.7976,150
1225,200.0816,29412,110.1875,292,110.54,90.1296,85.1479,147
1226,199.9384,29191,109.625,286,110.59,90.2651,85.0936,146
1227,201.1164,29363,110.4125,285,110.52,90.1586,84.7493,146
1228,200.1554,29623,110,287,111.22,90.4068,84.5699,148
1229,200.2067,30031,109.3875,296,110.28,90.3561,84.7194,150
1230,198.6554,29401,110.975,288,110.93,90.1246,84.9211,148
1231,197.0467,29557,110.6625,292,111.38,90.3451,84.849,150
1232,199.9932,29199,111.0875,267,110.9,90.2803,84.7174,146
1233,200.3562,29252,108.8625,288,109.77,90.4255,84.6866,146
1234,199.0748,29264,110.5125,293,111.51,90.4375,84.5732,147
1235,199.8027,29371,109.675,308,110.59,90.5768,84.8697,147
1236,198.6846,29604,109.3625,293,109.98,90.5785,84.7145,149
1237,199.9934,30199,109.3625,273,109.64,90.43,84.6942,151
1238,199.777,29567,111.075,266,110.9,90.7794,84.5485,148
1239,197.3087,29399,110.325,286,110.48,90.5261,84.8646,149
1240,199.1892,29480,110.0375,322,110.58,90.1944,84.8279,148
1241,200.0816,29412,110.8625,292,110.05,91.0091,84.379,147
1242,198.4437,29965,110.4375,281,110.54,90.3991,84.4919,151
1243,198.9934,30048,109.4875,304,110.34,90.3619,84.5491,151
1244,197.5067,29626,109.925,298,110.45,90.2215,85.0053,150
1245,197.5128,30812,110.5875,294,110.88,90.4055,84.9361,156
1246,199.72,29958,109.125,272,110.64,90.4217,84.8082,150
1247,199.137,29074,109.5625,288,110,90.2743,84.9551,146
1248,197.4247,28824,110.125,268,110.62,90.4534,84.4009,146
1249,199.32,29898,109.7125,288,111.89,90.1165,84.6379,150
1250,200.1224,29418,110.1625,299,110.02,90.5527,84.8384,147
1251,199.2403,30683,109.175,306,110.99,90.2087,84.8999,154
1252,197.0403,29359,109.45,268,109.84,90.068,84.7204,149
1253,197.8389,29478,109.725,281,111.02,90.3674,84.8032,149
1254,198.4218,29168,110.95,269,111.27,90.192,84.5584,147
1255,199.7808,29168,110.7,313,111.18,90.2027,84.9704,146
1256,198.8389,29627,111.65,277,111.3,90.3035,84.7509,149
1257,199.7891,29369,110.4625,292,110.34,90.0189,84.7524,147
1258,199.2838,29494,109.575,287,110.36,90.2361,85.0909,148
1259,200.8082,29318,110.375,287,111.41,90.0914,84.6809,146
1260,199.6424,30146,110.5,283,110.4,90.7243,84.6078,151
1261,200.0068,29601,109.275,292,110.55,90.036,84.6855,148
1262,200.5405,29680,109.4875,299,110.33,90.8319,84.4266,148
1263,201.7123,29450,110.0375,309,111.3,90.2703,84.7788,146
1264,201.0199,30354,110.8,312,111.34,89.9796,84.9362,151
1265,199.0753,29065,109.725,276,110.17,90.2751,84.7684,146
1266,201.2055,29376,110.2375,279,110.89,90.0998,84.6388,146
1267,200.38,30057,109.55,273,110.3,90.3918,84.7138,150
1268,200.7027,29704,109.675,277,110.17,90.1228,84.9024,148
1269,199.2838,29494,110.275,295,110.96,90.1239,84.7073,148
1270,200.0131,30602,109.8625,304,110.33,90.4731,84.9377,153
1271,198.8095,29225,110.375,277,110.83,90.0814,85.0884,147
1272,200.6867,30103,110.875,300,110.51,90.0951,85.0402,150
1273,199.3605,29306,111.05,283,110.76,90.3763,85.0554,147
1274,198.12,29718,110.675,301,111.37,90.2988,84.9197,150
1275,200.6027,29288,110.0625,290,110.49,90.3164,84.8027,146
1276,201.5906,30037,109.6625,322,110.61,89.9795,85.2226,149
1277,195.2892,32418,110.2,283,110.48,90.5603,84.5959,166
1278,200.62,30093,110.025,296,110.45,90.2735,84.9069,150
1279,200.604,29890,110.125,282,110.21,90.4102,84.8769,149
1280,199.9452,29192,110.1,284,110.43,90.1525,84.8202,146
1281,200.6014,29689,110.5375,293,110.65,90.367,84.7875,148
1282,200.5298,30280,109.7125,294,110.46,90.2943,85.0505,151
1283,199.8571,29379,110.5625,286,110.76,90.1639,84.7863,147
1284,199.7055,29157,109.8,279,110.74,90.2513,84.7532,146
1285,201.0137,29348,111.875,290,110.5,90.6506,84.6505,146
1286,201.9527,29889,110.8375,289,110.85,89.9622,84.9576,148
1287,200.2397,29235,110.1875,286,110.46,90.5643,84.9736,146
1288,199.8133,29972,109.55,275,110.53,90.4998,84.8119,150
1289,198.6863,30399,109.625,304,110.11,90.3762,84.7227,153
1290,199.6622,29550,109.95,274,110.3,90.3891,85.045,148
1291,201.7808,29460,110.9625,285,110.14,90.2718,84.685,146
1292,200.4324,29664,109.9875,295,110.04,90.1018,84.9511,148
1293,199.5099,30126,110.375,274,111.37,90.0459,84.5729,151
1294,200.58,30087,109.425,306,110.12,90.3119,85.0561,150
1295,200.9384,29337,110.0125,287,110.69,90.5719,84.7018,146
1296,199.7095,29557,110.5,302,111.27,90.1838,85.1105,148
1297,201.8219,29466,110.3625,300,111.06,90.1179,84.6783,146
1298,200.6667,29498,109.8875,290,111.11,90.4386,84.9249,147
1299,198.034,29111,110.0125,268,110.92,90.3767,85.0561,147
1300,201.7123,29450,110.1,290,110.73,90.0636,84.8997,146
1301,200.604,29890,111.5375,303,110.71,90.5504,84.8595,149
1302,199.6757,29552,109.575,283,110.4,90.3852,84.6761,148
1303,202.3378,29946,109.525,304,110.22,90.3676,85.0259,148
1304,201.4521,29412,110.7,299,110.79,90.4281,84.4399,146
1305,200.3733,30056,108.625,281,110.03,90.2119,84.9647,150
1306,199.9533,29993,109.7875,291,111.17,90.1812,84.7986,150
1307,199.8311,29575,110.8875,273,110.84,90.8604,84.8216,148
1308,200.5101,29876,110.5,301,110.9,89.9783,84.9297,149
1309,201.1849,29373,109.975,283,110.24,90.1333,84.9559,146
1310,199.7007,29356,110.2375,261,110.87,90.2016,85.1083,147
1311,199.0132,30051,110.5625,314,111.07,90.1489,84.5379,151
1312,199.2081,29682,109.9875,295,110.63,89.8767,85.1981,149
1313,198.9932,29053,109.6625,288,110.77,90.1249,84.7822,146
1314,200.3378,29650,109.9,283,111.02,89.848,84.9948,148
1315,197.726,28868,110.4375,272,110.46,90.091,84.9014,146
1316,198.9338,30039,110.15,276,110.72,90.2978,84.7354,151
1317,200.3487,30453,109.55,287,110.52,90.0175,84.9131,152
1318,199.4497,29718,110.1375,286,110.83,90.2595,85.056,149
1319,201.7945,29462,110.7875,288,110.97,89.8556,85.41,146
1320,200.0411,29206,108.6875,308,110.2,90.018,84.7395,146
1321,200.6735,29499,109.8,302,110.46,89.9655,84.9836,147
1322,201.1986,29375,109.8625,294,110.43,89.6387,84.9972,146
1323,200.2416,29836,109.8625,283,110.83,90.1625,84.8696,149
1324,199.415,29314,110.0375,296,109.73,90.0444,84.818,147
1325,199.1579,30272,110.425,275,110.57,89.9156,85.1336,152
1326,200.0537,29808,110.425,275,110.6,90.0014,84.659,149
1327,198.4371,29964,110.2875,287,110.3,90.2826,84.877,151
1328,200.2282,29834,109.4375,286,111.28,89.7189,85.0269,149
1329,202.4521,29558,110.1625,295,110.55,90.0864,84.9652,146
1330,199.5695,30135,109.7875,280,109.91,90.147,84.5831,151
1331,200.2297,29634,109.925,299,111.15,89.781,84.9243,148
1332,198.4315,28971,109.625,303,110.29,89.7003,85.2384,146
1333,201.8163,29667,110.6125,314,111.09,90.1107,85.1138,147
1334,198.6309,29596,111.1125,282,110.86,89.9368,84.8322,149
1335,200.7867,30118,110.6375,285,111.08,89.9895,84.7592,150
1336,199.911,29187,109.075,285,111.05,89.5401,85.0903,146
1337,200.863,29326,110.5625,281,110.98,89.9559,85.0715,146
1338,200.5302,29879,111.4125,303,111.08,90.3763,84.5768,149
1339,200.085,30613,110,272,110.15,89.6664,85.0003,153
1340,202.4726,29561,111.675,290,110.99,90.1684,84.9515,146
1341,201.034,29552,109.725,289,110.59,90.099,84.8031,147
1342,199.1027,29069,109.5125,283,110.77,89.5843,84.8839,146
1343,201.1088,29563,110.325,290,110.91,89.958,84.6627,147
1344,200.4589,29267,109.5875,292,110.79,89.6873,85.3176,146
1345,199.0067,29851,109.4375,278,109.07,90.0793,85.1354,150
1346,199.0068,29055,110.1375,273,110.2,89.4678,85.0271,146
1347,200.3537,29452,110.8375,273,110.99,90.069,84.8617,147
1348,200.8311,29723,110.225,284,109.88,90.1421,84.8686,148
1349,200.473,29670,109.525,305,109.65,89.9101,85.0623,148
1350,199.7933,29969,110.225,284,110.73,89.8452,84.8455,150
1351,199.0816,29265,109.9625,263,110.91,90.4246,84.8337,147
1352,199.9662,29595,109.4625,292,110.19,90.1292,84.8199,148
1353,200.9935,30752,109.8,315,110.78,90.0083,85.0814,153
1354,202.0205,29495,110.0625,280,110.59,89.8559,84.8732,146
1355,201.4589,29413,109.1125,293,110.23,89.9753,84.6377,146
1356,199.5839,29738,109.975,270,109.81,89.9014,84.6885,149
1357,201.2617,29988,109.6625,315,110.94,90.0413,84.7494,149
1358,199.7671,29166,109.875,297,111.02,90.146,84.7061,146
1359,200.4189,29662,111.05,289,110.24,90.3408,84.7849,148
1360,202.0608,29905,109.475,274,110.4,90.3627,84.6694,148
1361,200.8543,30329,110.2625,271,110.22,90.1361,84.7652,151
1362,203.2109,29872,108.95,286,110.68,89.8959,84.7736,147
1363,201.3014,29390,109.8375,280,110.78,90.0228,85.0854,146
1364,202.06,30309,110.6375,303,110.68,89.9138,84.8576,150
1365,202.2568,29934,109.95,284,111.7,90.0183,84.679,148
1366,200.4459,29666,110.3625,278,111.04,90.3154,84.7531,148
1367,204.5411,29863,110.375,289,111.19,90.2415,85.1394,146
1368,202.2067,30331,110.1875,273,111.06,90.6568,84.6874,150
1369,202.3267,30349,109.9875,282,111.28,90.4872,84.6093,150
1370,203.4362,30312,110.1125,282,110.24,90.5243,84.8601,149
1371,203.7584,30360,110.825,295,111.35,90.5959,84.8489,149
1372,205.2733,30791,110.2875,286,109.98,90.1902,84.9951,150
1373,201.4392,29813,108.975,274,110.01,90.5305,84.814,148
1374,205.2432,30376,109.675,323,110.11,91.0322,84.8939,148
1375,205.3581,30393,110.5875,290,111.77,90.5514,84.9013,148
1376,204.9054,30326,109.375,296,110.55,90.7189,84.5079,148
1377,206.1233,30094,109.7875,285,110.89,91.1023,84.9903,146
1378,203.5374,29920,109.8625,273,110.86,90.4185,84.6692,147
1379,204.2993,30032,109.3375,289,110.87,90.9817,84.5059,147
1380,203.8456,30373,109.925,296,110.19,91.4111,84.641,149
1381,204.4384,29848,109.775,296,110.69,91.6282,84.2656,146
1382,202.415,29755,110.325,278,109.9,92.3794,84.9118,147
1383,201.2517,29584,109.9,291,110.31,95.3191,84.0408,147
1384,202.3642,30557,109.6125,301,110.79,96.8356,84.0535,151
1385,200.2848,30243,110.3625,298,110.68,98.5564,83.8242,151
1386,202.3562,29544,109.8,292,109.62,100.1893,83.3158,146
1387,202.0331,30507,109.9,284,110.9,101.0854,83.7521,151
1388,199.96,29994,110.2375,287,109.81,102.4338,82.9558,150
1389,201.7365,29857,110.8375,288,109.78,103.4627,83.326,148
1390,201.527,29826,109.2875,295,110.57,104.5503,82.6503,148
1391,202.6803,29794,109.2125,298,109.8,105.1612,82.72,147
1392,204.8707,30116,109.525,295,110.5,106.2217,82.7634,147
1393,202.2517,29731,109.5875,292,109.88,106.9042,82.4161,147
1394,205.2973,30384,109.1625,294,109.78,107.9018,82.5779,148
1395,205.2329,29964,110.9375,311,108.83,108.4905,82.4336,146
1396,207.06,31059,109.25,305,109.26,108.9176,82.1555,150
1397,206.4726,30145,109.8875,290,109.38,109.5276,82.3695,146
1398,208.9247,30503,109.2625,322,109.27,109.5655,82.1933,146
1399,205.6781,30029,109.85,291,110.3,110.085,82.3799,146
1400,205.7551,30246,109.4,310,109.9,110.0778,82.1284,147
1401,205.9797,30485,110.325,282,110.66,111.1031,82.3732,148
1402,205.9276,31301,110.525,290,110.09,111.4452,81.5791,152
1403,204.8467,30727,109.8125,315,109.98,111.6219,82.1233,150
1404,203.1973,29870,109.9,302,110.8,112.4357,81.5038,147
1405,204.3425,29834,110.05,322,109.57,112.5368,81.547,146
1406,204.0132,31010,109.65,301,109.82,112.8174,81.5333,152
1407,204.3904,29841,109.275,281,110.09,113.8059,81.4243,146
1408,205.3493,29981,110.175,294,109.3,114.2588,81.237,146
1409,204.6027,29872,109.4125,294,109.88,114.0657,81.8513,146
1410,203.3311,30093,109.775,303,109.31,114.9358,81.3019,148
1411,203.5166,30731,109.6875,289,109.55,115.2015,81.5333,151
1412,204.8784,30322,109.9,297,108.9,115.5562,81.0695,148
1413,203.9866,30394,110.0375,284,109.4,115.9986,81.2774,149
1414,205,30545,109.5125,323,110.48,116.8221,81.5424,149
1415,206.1892,30516,110.2,319,110.06,117.0753,81.2947,148
1416,203.1409,30268,110.15,308,108.91,117.161,81.0106,149
1417,203.5621,31145,109.9625,296,109.73,117.5118,81.1218,153
1418,203.5203,30121,109.75,296,108.76,118.1174,81.3313,148
1419,202.6107,30189,109.6375,310,109.57,118.4213,80.6096,149
1420,204.3537,30040,109.7,285,109.45,118.5776,81.1593,147
1421,205.2192,29962,109.7,295,109.97,118.7371,81.1547,146
1422,203.3289,30296,109.825,288,109.44,119.1492,80.5899,149
1423,203.16,30474,110.05,290,109.43,119.3942,80.8479,150
1424,201.3333,30804,110.0625,290,109.49,119.5155,80.8868,153
1425,200.7315,29909,109.5125,306,109.61,119.5782,80.65,149
1426,202.027,29900,109.775,297,109.31,119.4134,81.2936,148
1427,200.3469,29451,109.975,290,109.44,119.7803,80.7425,147
1428,198.3581,29357,109.625,279,109.63,119.8755,81.0319,148
1429,198.8824,30429,109.65,285,109.24,119.8226,80.9599,153
1430,201.4863,29417,108.7375,305,109.76,120.0857,80.7495,146
1431,200.0541,29608,109.9375,276,109.4,120.3844,80.6377,148
1432,200.2905,29643,108.875,315,110.33,120.5334,80.7874,148
1433,197.953,29495,109.3125,312,109.87,120.6193,80.9172,149
1434,197.3151,28808,109.4625,283,109.38,120.7222,80.6691,146
1435,194.8973,28455,109.8125,297,108.91,121.2052,80.627,146
1436,196.0608,29017,110,320,109.48,120.9324,80.713,148
1437,198.2013,29532,110.3625,316,109.46,120.9453,80.4259,149
1438,195.9595,29002,109.5,304,109.16,121.0663,81.0224,148
1439,198.483,29177,110,305,109.46,121.1666,80.999,147
1440,195.3179,29493,110.2125,309,108.35,120.9052,81.0963,151
1441,195.0544,28673,109.475,294,109.6,121.3631,80.7694,147
1442,196.0136,28814,109.7875,299,108.94,121.6334,80.9633,147
1443,193.719,29639,109.075,298,109.72,121.6048,80.4287,153
1444,194.2384,29330,108.9625,301,110.15,121.4802,80.9542,151
1445,191.0537,28467,110.6125,285,109.63,121.0379,81.2242,149
1446,189.0301,31379,109.6875,310,108.32,120.8273,81.4111,166
1447,194.1769,28544,109.4375,314,109.23,121.7059,80.7597,147
1448,191.5541,28350,109.6375,307,109.64,121.8155,80.1893,148
1449,191.726,27992,109.275,298,109.88,121.0848,81.0279,146
1450,193.3464,29582,110.3375,316,109.83,121.7827,81.1293,153
1451,191.5705,28544,109.4375,296,109.59,121.8194,81.1775,149
1452,192.6438,28126,108.75,305,109.52,121.6883,80.9019,146
1453,185.7547,29535,109.6625,293,109.05,121.4089,80.4704,159
1454,190.2013,28340,110.1,307,109.71,121.5961,80.8716,149
1455,191.5205,27962,110.1125,309,109.3,121.61,80.9682,146
1456,190.7891,28046,109.8125,308,109.31,121.1912,81.297,147
1457,186.1014,27543,109.975,305,109.62,121.6355,81.2328,148
1458,188.6419,27919,110.4875,322,109.66,121.5513,81.5119,148
1459,187.3268,28661,110.225,297,108.92,120.9458,81.5087,153
1460,183.4529,31187,109.425,295,109.41,120.1351,81.4863,170
1461,188.6164,27538,109.1875,327,109.23,121.7753,81.2962,146
1462,179.2766,33704,109.3,323,109.6,120.3174,81.0035,188
1463,185.2721,27235,109.4,302,109.28,120.9333,80.7982,147
1464,185.2733,27791,109.8375,336,108.26,121.594,80.9897,150
1465,183.7961,27937,110.025,329,109.69,120.9683,81.192,152
1466,182.1465,28597,111.125,308,108.89,121.472,81.0193,157
1467,185.6558,28591,109.35,310,109.79,120.9511,81.2112,154
1468,183.8851,27215,108.8,311,109.87,121.6237,80.2545,148
1469,180.465,28333,109.8375,310,109.07,121.7478,81.1063,157
1470,182.8608,28892,110.45,342,109.22,120.3552,81.3143,158
1471,183.86,27579,109.9125,325,109.59,120.7083,81.6083,150
1472,180.9161,28042,109.375,346,109.82,120.7991,81.4831,155
1473,181.8411,27458,110.275,305,109.57,120.474,81.4056,151
1474,179.7342,28398,109.7375,326,109.61,120.8186,81.8545,158
1475,175.7134,28817,108.9125,319,108.88,121.1219,80.5167,164
1476,177.0993,26742,109.4,311,109.04,120.9332,81.5253,151
1477,177.3801,30332,109.3375,320,108.86,120.0014,80.6919,171
1478,179.0745,28831,109.7375,309,108.54,120.4195,81.6718,161
1479,184.5101,27492,109.0875,338,109.54,120.3299,81.9279,149
1480,183.6995,33617,109.0125,307,110.13,120.1417,81.6682,183
1481,203.7568,30156,109.9,316,108.92,121.4859,81.2376,148
1482,215.6959,31923,111.2125,306,110.15,120.5872,80.5788,148
1483,218.3061,32091,109.5,322,108.83,119.4755,80.9608,147
1484,220.9189,32696,110.075,330,110.24,117.9575,80.9102,148
1485,220.6164,32210,109.5,310,110.15,114.795,81.5782,146
1486,220.6689,32659,110.0875,311,109.79,113.0165,81.4628,148
1487,219.8699,32101,109.7125,330,109.56,111.0028,81.9687,146
1488,219.302,32676,108.6,315,110.5,109.3799,82.268,149
1489,218.3356,31877,110.15,331,110.44,108.6714,82.1024,146
1490,216.5034,31826,110.1625,322,109.8,107.7035,82.4635,147
1491,213.5638,31821,109.675,333,110.69,107.8716,82.3258,149
1492,213.1633,31335,110.925,303,108.47,106.9785,82.7149,147
1493,210.9533,31643,109.75,298,110.04,106.2194,83.0153,150
1494,209.3851,30989,110.725,295,109.82,105.5818,82.7142,148
1495,209.6644,30611,109.7875,309,109.84,105.3553,82.862,146
1496,208.1419,30805,110.2125,294,109.95,105.0503,83.2211,148
1497,209.2297,30966,110.5,325,109.33,104.4732,82.9587,148
1498,209.1333,31370,110.6875,295,110.84,103.9663,83.2726,150
1499,206.3667,30955,110.35,306,109.97,103.5264,83.064,150
1500,205.9392,30479,110.2625,283,110.4,103.3985,83.0582,148
