1,426.1818,23440,120.8,584,121.44,74.6844,80.9886,55
2,421.3929,23598,122.475,539,122.54,74.2176,80.6277,56
3,423.6909,23303,121.3,587,123.13,74.4958,80.9931,55
4,423.9818,23319,121.3125,602,121.86,74.3578,80.6118,55
5,427.1273,23492,121.125,554,121.3,74.4175,80.6359,55
6,431.0182,23706,123.1625,610,123.06,74.4401,80.6821,55
7,425.5091,23403,123.7375,567,122.93,74.3724,80.714,55
8,421.4464,23601,121.2125,564,121.58,74.5994,80.5515,56
9,418.2,23001,121.7875,553,121.98,74.2211,80.6594,55
10,421.6545,23191,121.1375,564,121.01,74.1785,80.6355,55
11,418.9818,23044,120.825,510,122.82,74.6194,80.9192,55
12,417.9667,25078,120.225,547,121.67,74.1346,80.6579,60
13,410.9818,22604,122.7875,567,121.6,74.3682,80.5852,55
14,417.1273,22942,121.65,528,121.51,74.0484,80.5413,55
15,422.9818,23264,122.3625,552,123.65,74.3267,80.7932,55
16,422.8393,23679,122.55,582,122.59,74.1042,80.7654,56
17,418.8545,23037,121.2625,588,122.23,74.1009,80.6248,55
18,424.7273,23360,122.2625,573,122.06,74.0414,80.4943,55
19,422.3273,23228,122.2,562,123.5,73.8646,80.5432,55
20,415.2333,24914,121.825,577,123.66,74.0057,80.4371,60
21,421.1636,23164,121.475,588,122.94,73.93,80.5647,55
22,422.7636,23252,121.2,582,121.91,74.2353,80.8672,55
23,416.8167,25009,122.1875,626,122.53,74.3301,80.6242,60
24,417.6964,23391,121.2375,578,121.71,74.6547,80.7074,56
25,423.4182,23288,120.6875,564,120.87,74.3956,80.9322,55
26,418.1964,23419,120.7,561,122.37,75.0853,80.923,56
27,420.0357,23522,121.0625,568,121.11,74.1639,80.7142,56
28,422.4464,23657,121.3,561,120.48,74.4323,80.8961,56
29,418.8421,23874,121.675,602,121.28,74.3585,80.7515,57
30,412.6429,23108,121.7125,548,122.32,74.565,80.7439,56
31,414.5091,22798,123.0375,568,122.12,74.2598,80.5557,55
32,415.1818,22835,120.4625,545,120.89,73.6357,80.5667,55
33,410.2143,22972,122.425,527,122.8,74.8739,80.9694,56
34,414.5439,23629,121.7375,569,122.64,74.1752,80.5201,57
35,420.9643,23574,121.275,542,124.05,74.2854,80.8563,56
36,415.0893,23245,122.4625,556,123.58,74.3764,80.828,56
37,413.1964,23139,120.75,525,122.56,74.5813,80.6948,56
38,414.7091,22809,121.45,582,121.84,74.041,80.8474,55
39,426.7455,23471,123.5,555,123.84,74.4647,80.6851,55
40,423.5091,23293,124.375,536,122.94,74.6394,80.7612,55
41,421.9455,23207,121.875,577,122.62,74.4618,80.7039,55
42,421.9636,23208,121.0375,616,121.78,74.8079,80.9218,55
43,427.3273,23503,121.3375,547,122.13,74.6576,80.9536,55
44,429.4182,23618,121.6,572,121.82,74.755,80.9305,55
45,414.7818,22813,120.9,546,122.15,74.7617,80.8254,55
46,417.7455,22976,121.1125,542,120.07,74.8021,80.542,55
47,422.2143,23644,121.925,576,121.87,74.7251,80.7881,56
48,422.5179,23661,121.1625,553,120.61,74.6008,80.4933,56
49,423.6727,23302,121.2375,566,121.8,74.9496,80.7331,55
50,430.1273,23657,121.95,566,121.23,74.9001,80.7376,55
51,430.6364,23685,122.0375,610,123.13,74.4767,80.7191,55
52,434.8727,23918,121.1,594,121.2,74.8033,80.7618,55
53,434.4107,24327,122.85,640,122.71,74.97,80.7436,56
54,433.875,24297,121.6375,553,123.35,75.0065,80.7235,56
55,443.1429,24816,123.25,569,121.52,75.3409,80.6832,56
56,442.8364,24356,121.75,572,122.92,75.2663,80.796,55
57,443.7455,24406,122.3,560,122.62,75.2677,80.7735,55
58,436.0536,24419,120.8125,574,120.87,75.2342,80.8532,56
59,438.9821,24583,120.625,577,122.38,75.1384,81.0315,56
60,432.5273,23789,122.725,549,122.1,75.1627,80.8873,55
61,431.3091,23722,121.7375,557,121.46,74.8815,80.741,55
62,439.0182,24146,123.075,574,121.92,74.8846,81.0262,55
63,434.1636,23879,121.35,590,121.18,74.5346,80.6957,55
64,431,24136,120.7,548,120.74,74.8894,80.8465,56
65,435.8727,23973,122.8625,581,122.82,75.0115,80.9501,55
66,438,24528,121.8625,594,121.65,74.8005,80.5591,56
67,443.6182,24399,123.8875,583,124.23,75.0899,80.7048,55
68,438.3571,24548,121.9125,581,121.1,74.936,80.7012,56
69,443.4727,24391,120.9375,562,121.69,74.693,80.5867,55
70,450.4545,24775,121.2375,586,121.57,74.8577,80.6971,55
71,448.4909,24667,121.9875,605,121.32,74.857,80.7813,55
72,451.3818,24826,120.6875,604,122.91,74.9502,80.6478,55
73,446.4545,24555,121.8125,572,121.71,75.1817,80.7255,55
74,440.931,25574,122.7125,588,123.41,74.975,80.8307,58
75,445.1273,24482,121.3875,580,121.75,75.3755,80.628,55
76,444.4,24442,122.275,619,121.84,75.073,80.6643,55
77,440.4727,24226,120.8875,580,121.23,75.1924,80.8216,55
78,446.2545,24544,121.425,566,122.33,74.78,80.5979,55
79,444.9825,25364,120.925,604,122.71,74.8197,80.5864,57
80,448.0351,25538,121.025,605,122.7,74.7881,80.5201,57
81,450.0182,24751,122.275,591,121.83,74.7559,80.7065,55
82,450.6364,24785,121.8625,567,121.78,74.5029,80.4929,55
83,443.0909,24370,121.125,597,121.14,74.3462,80.5933,55
84,445.25,24934,120.2875,613,122.41,74.5848,80.5952,56
85,447.3929,25054,121.575,573,123.42,74.6496,80.4735,56
86,439.5455,24175,120.3625,585,121.03,74.9744,80.7783,55
87,443.1071,24814,122.3,589,121.39,74.6865,80.6905,56
88,434.6545,23906,121.35,582,121.66,75.1893,80.7965,55
89,441.7636,24297,120.7875,590,121.99,75.3968,80.7862,55
90,438.7091,24129,119.375,574,120.51,74.9214,80.8325,55
91,438.4182,24113,120.925,570,120.67,75.1622,80.7551,55
92,431.8,23749,123.3,581,121.87,75.4774,81.0111,55
93,439.1818,24155,122.8875,595,120.96,75.2268,81.0842,55
94,432.4107,24215,122.875,575,122.15,75.551,80.8899,56
95,429.9821,24079,120.8,554,121.2,75.0423,80.7267,56
96,431.2182,23717,121.4875,590,123.17,74.8761,80.8265,55
97,430.4909,23677,119.4625,549,122.19,74.8753,80.691,55
98,430.0536,24083,119.9875,565,121.8,74.8722,80.7018,56
99,427.1455,23493,122.2875,560,122.54,74.5503,80.7133,55
100,425.3929,23822,122.7375,604,123.36,75.2092,80.9437,56
101,424.5455,23350,121.4375,574,121.94,74.594,80.6787,55
102,417.5818,22967,120.725,552,122.19,75.1036,80.9837,55
103,417.9455,22987,122.025,576,121.18,74.8078,80.7584,55
104,414.6607,23221,122.325,567,122.8,75.0341,80.6264,56
105,420.7818,23143,121.75,577,121.97,74.8209,80.7065,55
106,417.5636,22966,121.9875,525,121.57,74.4502,80.6703,55
107,418.4,23012,121.225,557,122.13,74.7603,80.7274,55
108,422.7321,23673,121,558,121.02,74.7906,80.7012,56
109,418.3091,23007,120.8625,542,121.31,74.669,80.6311,55
110,417.4,22957,120.075,542,121.98,74.3248,80.8472,55
111,418.0364,22992,121.7625,586,123.41,75.0902,80.4895,55
112,418.2143,23420,121.075,541,121.96,74.9028,80.9244,56
113,415.5455,22855,121.725,565,122.18,75.0252,80.663,55
114,408.1786,22858,122.325,538,121.77,75.4811,80.8586,56
115,414.875,23233,121.05,547,122.26,74.4769,80.9801,56
116,407.5455,22415,120.175,517,121.76,74.8762,80.7442,55
117,405.0182,22276,121.575,526,122.64,74.6974,80.6599,55
118,400.8909,22049,121.2375,529,121.33,74.7062,80.6117,55
119,402.6607,22549,119.7875,549,120.73,74.373,80.6634,56
120,402.2182,22122,121.4625,539,122.16,74.7908,80.802,55
121,406.8182,22375,120,536,120.74,74.5073,80.591,55
122,400.4464,22425,119.8625,560,120.41,75.2077,80.8532,56
123,392.2679,21967,120.9375,512,120.45,74.7708,80.6934,56
124,402.75,22554,121.375,565,121,74.5165,80.5783,56
125,399.2545,21959,121.6375,548,120.39,75.067,81.0543,55
126,393.8545,21662,124.275,536,122.42,75.0736,80.7702,55
127,391.125,21903,121.9,524,121.23,75.5428,80.8687,56
128,396.0536,22179,121.3875,551,123.24,74.9815,80.5873,56
129,392.5179,21981,120.4,544,121.76,74.8632,80.6688,56
130,391.0179,21897,120.15,507,120.6,74.8342,80.7786,56
131,385.0536,21563,120.625,498,120.74,74.9104,80.6158,56
132,390.5091,21478,121.7375,555,120.79,74.8121,80.7845,55
133,394.6182,21704,121.3625,524,121.53,74.6616,80.5573,55
134,391.2545,21519,121.8,541,120.46,74.6178,80.5619,55
135,388.8727,21388,122.275,533,122.21,74.9583,80.8203,55
136,394.0545,21673,122.0375,544,122.61,74.9088,80.6267,55
137,388.0182,21341,121.2,520,120.45,74.9194,81.0187,55
138,387.6545,21321,121.4,502,120.61,74.4895,80.52,55
139,388.25,21742,122.225,535,121.76,74.7991,80.6583,56
140,390.6727,21487,119.4875,547,121.54,75.1287,80.6928,55
141,397.4,21857,121.7375,545,121.77,74.7842,80.8043,55
142,389.9455,21447,119.5875,539,121.24,74.8093,80.6092,55
143,389.4909,21422,121.2875,520,122.46,74.5865,80.5542,55
144,388.2545,21354,122.2625,544,120.83,74.483,80.4243,55
145,374.5857,26221,120.65,536,120.97,75.2058,80.5611,70
146,387.6909,21323,121.425,552,121.62,75.254,80.907,55
147,380.9286,21332,121.5875,507,120.92,74.582,80.5937,56
148,378.3455,20809,120.2625,535,121.17,75.137,80.7262,55
149,392.1818,21570,121.775,536,123.55,75.0866,80.7545,55
150,380.0175,21661,120.9125,499,120.44,74.8572,80.376,57
151,387.8182,21330,120.8,545,121.55,74.2528,80.5961,55
152,385.4727,21201,120.7875,506,121.05,74.7805,80.6623,55
153,384.0182,21121,121.3625,527,121.97,74.32,80.4795,55
154,380.4909,20927,122.625,538,121.68,74.6189,80.416,55
155,383.5893,21481,119.7125,513,121.79,74.4781,80.788,56
156,376.5323,23345,121.25,527,121.85,74.9088,80.6662,62
157,380.3091,20917,121.6,531,122.64,74.7212,80.5628,55
158,386.9273,21281,121.35,523,121.38,74.5532,80.2265,55
159,375.931,21804,121.2125,537,122.74,75.5183,81.1395,58
160,382.0364,21012,121.4,554,121.56,74.4429,80.6466,55
161,381.5439,21748,121.9375,517,122.11,74.6492,80.5349,57
162,385.1455,21183,121.5125,507,121.13,75.12,80.6713,55
163,381.0909,20960,122,528,122.79,74.8344,80.7752,55
164,383.0364,21067,120.7,504,121.28,74.5309,80.672,55
165,378.6724,21963,121.025,558,120.95,74.865,80.6252,58
166,376.6786,21094,121.2,511,121.54,73.9492,80.7013,56
167,382.1091,21016,121.0625,505,120.92,74.4868,80.4617,55
168,376.9828,21865,121.375,546,121.68,75.0326,80.8787,58
169,377.8182,20780,120.6625,501,122.51,75.1596,80.7542,55
170,382.8036,21437,121.125,492,121.29,74.8117,80.7237,56
171,377.6727,20772,119.8125,513,122,74.3606,80.4467,55
172,375.7759,21795,120.225,551,120.46,74.2961,80.6399,58
173,385.1455,21183,121.6375,532,123.29,74.8479,80.4478,55
174,379.1071,21230,122.3875,519,122.11,74.7132,80.6746,56
175,377.0357,21114,122.5125,525,122.26,74.771,80.6058,56
176,380.6491,21697,121.15,504,120.84,74.7222,80.4036,57
177,371.7321,20817,121.1,507,122.31,74.5171,80.3622,56
178,376.5893,21089,120.5,510,120.21,74.5199,80.7668,56
179,376.6727,20717,121.6625,565,121.03,74.8778,80.8035,55
180,371.9636,20458,119.875,512,119.46,74.6775,80.441,55
181,374.7679,20987,121.625,536,120.92,75.129,80.6955,56
182,376.9636,20733,122.375,514,120.89,74.845,80.4912,55
183,375.6364,20660,119.7375,497,122.25,74.7007,80.5728,55
184,373.8,20559,119.85,512,120.9,74.0679,80.4273,55
185,377.4545,20760,122.4125,516,122.66,74.1874,80.5725,55
186,374.3091,20587,120.9875,537,120.95,74.5135,80.0702,55
187,369.4561,21059,121.925,525,123.03,74.7658,80.8618,57
188,377.9091,20785,120.5875,514,122.36,74.5512,80.3057,55
189,375.0364,20627,121.9375,495,122.28,74.6814,80.6066,55
190,376.3091,20697,121.525,489,121.93,74.488,80.6849,55
191,368.4182,20263,121.2,512,122.59,74.6917,80.5314,55
192,369.7273,20335,121.7625,512,121.12,74.5702,80.2927,55
193,369.2679,20679,121.3375,519,122.26,74.4019,80.4842,56
194,366.9091,20180,120.5875,491,121.97,74.3077,80.334,55
195,371.1636,20414,121.475,511,120.24,74.5106,80.6419,55
196,369.1273,20302,121.7875,529,122.21,74.7227,80.4163,55
197,368.1636,20249,120.3375,505,121.15,74.012,80.6869,55
198,369.8571,20712,122.7,505,122.44,74.3144,80.2348,56
199,373.9273,20566,119.8625,517,122.5,74.358,80.3037,55
200,359.1515,23704,121.7625,515,120.26,74.7729,80.6374,66
201,361.7619,22791,119.6125,486,120.6,75.1538,80.5273,63
202,371.6607,20813,122.0125,502,122.54,74.7104,80.0862,56
203,370.3091,20367,120.6875,531,122.22,74.7749,80.4427,55
204,369.5273,20324,121.8125,498,120.56,74.086,80.1176,55
205,366.7273,20170,120.4375,476,121.24,74.3161,80.0089,55
206,369.9286,20716,120.2875,483,121.13,74.6471,80.6439,56
207,367.8621,21336,121.4,530,120.62,75.0551,80.4246,58
208,375.7455,20666,122.4625,511,122.9,74.3169,80.3906,55
209,374.3273,20588,121.55,545,120.16,74.9573,80.4767,55
210,372.5818,20492,120.85,510,120.2,74.6364,80.3242,55
211,373.8364,20561,121.7,504,121.12,74.4578,80.4707,55
212,376.4,20702,119.525,516,121.55,75.0454,80.5607,55
213,377.5357,21142,122.375,523,120.27,74.1745,80.2811,56
214,371.4464,20801,121.825,515,121.85,74.3916,80.3476,56
215,377.8929,21162,121.7125,520,122.22,74.945,80.5561,56
216,377.2807,21505,120.9625,513,123.3,74.766,80.3392,57
217,365.3929,20462,122.9625,524,122.63,74.5232,80.3185,56
218,371.2143,20788,120.6875,549,122.35,74.8943,80.5301,56
219,371.8,20449,122.825,492,123.52,74.8424,80.6043,55
220,368.5179,20637,121.0375,476,119.88,74.6748,80.1664,56
221,374.0545,20573,120.95,468,121.21,74.6689,80.5227,55
222,372.5636,20491,120.2875,523,121,74.9835,80.7796,55
223,372.5455,20490,120.5625,483,121.41,74.573,80.2594,55
224,373.8571,20936,121.9,491,121.63,74.9645,80.6285,56
225,372.0182,20461,120.7875,498,122.95,74.6651,80.3715,55
226,370.8545,20397,121.225,524,122.01,74.9351,80.3656,55
227,371.0667,22264,121.375,490,122.22,74.4809,80.1219,60
228,368.2182,20252,121.975,476,122.74,74.9759,80.7133,55
229,366.5091,20158,121.7875,529,121.25,74.5416,80.4132,55
230,375.5273,20654,121.3,511,122.2,75.0209,80.7571,55
231,370.5818,20382,121.1375,482,120.64,74.9907,80.21,55
232,373.8545,20562,121.2,501,121.57,74.5084,80.4643,55
233,367,20919,122.25,482,121.82,74.8061,80.546,57
234,374.2105,21330,119.85,478,121.38,74.8532,80.5901,57
235,367.9455,20237,120.8375,485,121.79,74.4595,80.3323,55
236,368.0727,20244,122.5125,482,122,74.8199,80.4435,55
237,368.5714,20640,120.925,492,120.55,74.8411,80.6116,56
238,369.9091,20345,120.25,510,122.75,74.0134,80.178,55
239,378.2545,20804,120.4,513,122.2,74.6234,80.5211,55
240,364.9483,21167,122.025,488,120.94,75.4603,80.7208,58
241,366.2857,20512,119.5875,495,120.77,75.1851,80.7584,56
242,372.8571,20880,120.4875,495,121.28,74.408,80.4944,56
243,374.8,20614,120.7,499,121.11,75.0494,80.6236,55
244,368.8545,20287,121.8375,483,121.75,74.3612,80.3588,55
245,370.7143,20760,121.6,510,121.35,74.6045,80.4934,56
246,371.7818,20448,121.1,509,122.38,74.8719,80.3426,55
247,368.7273,20280,123.075,508,123.27,74.5073,80.2812,55
248,370.2545,20364,121.0625,502,121.92,74.4409,80.4687,55
249,367.7143,20592,120.2375,520,121.23,74.787,80.1836,56
250,370.6885,22612,120.3625,481,120.8,74.6417,80.4751,61
251,370.7895,21135,121.4375,502,121.92,74.5193,80.1272,57
252,364.1324,24761,120.75,552,121.51,74.9033,80.3951,68
253,358.1806,25789,120.7625,542,121.07,74.9066,80.5656,72
254,368.3818,20261,122.2625,518,121.94,74.717,80.4726,55
255,371.8909,20454,120.15,502,120.19,74.425,80.4654,55
256,379.3455,20864,121.1875,508,120.62,74.492,80.4646,55
257,374.9123,21370,121.375,516,120.46,74.4285,80.4431,57
258,372.9818,20514,120.95,496,121.9,74.3628,80.5281,55
259,376.8571,21104,121.7375,506,122.15,74.6316,80.4792,56
260,372.6607,20869,121.75,507,121.99,74.3326,80.463,56
261,376.2414,21822,121.5,508,123.62,74.4767,80.3027,58
262,373.8571,20936,119.625,486,120.96,74.6226,80.4351,56
263,373.375,20909,120.3,492,121.96,74.5961,80.5887,56
264,372.1897,21587,120.9,535,120.6,74.3683,80.4128,58
265,376.7091,20719,120.1625,491,121.41,74.3969,80.4654,55
266,372.8393,20879,119.425,540,121.01,74.3653,80.6763,56
267,375.2182,20637,120.1375,487,121.88,74.717,80.7357,55
268,373.9273,20566,120.4125,511,121.15,74.2447,80.3529,55
269,376.2143,21068,120.05,541,121.46,74.6213,80.3708,56
270,372.2321,20845,120.8375,516,121.49,74.2583,80.216,56
271,372.9464,20885,122,497,121.74,74.6507,80.0565,56
272,369.9818,20349,120.0625,517,121.48,74.6445,80.5087,55
273,375.1964,21011,120.825,506,121.31,74.6972,80.607,56
274,373.125,20895,120.6375,514,122.03,74.5896,80.4737,56
275,377.4364,20759,121.2875,494,120.81,74.871,80.5645,55
276,368.6,20273,120.7125,473,121.53,74.4089,80.3087,55
277,373.1754,21271,122.7375,489,123.54,74.3516,80.3325,57
278,373.4909,20542,121.5875,567,120.29,74.7606,80.4522,55
279,374.2909,20586,120.175,497,121.08,74.7126,80.4228,55
280,375.2727,20640,119.5125,496,121.16,74.3261,80.3386,55
281,370.8036,20765,121.3625,520,121.05,74.7098,80.2399,56
282,378.4727,20816,122.525,514,120.92,74.15,80.6117,55
283,372.8364,20506,120.45,550,120.38,74.4252,80.6268,55
284,374.9273,20621,121.4125,514,122.02,74.7338,80.2638,55
285,371.5179,20805,119.9375,484,121.29,74.6049,80.7887,56
286,374.8364,20616,120.225,561,119.9,74.5953,80.526,55
287,369.0179,20665,120.4625,478,120.48,74.6011,80.4258,56
288,372.1091,20466,121.0375,522,121.4,74.2463,80.5182,55
289,369.6964,20703,121.5125,478,121.86,74.6809,80.5713,56
290,372.7818,20503,122.025,497,119.75,74.1463,80.5473,55
291,368.2727,20255,121.1,528,120.05,74.9619,80.6707,55
292,372.0714,20836,121.425,495,121.02,74.6084,80.7132,56
293,375.2727,20640,120.0375,502,121.58,74.7767,80.633,55
294,369.0357,20666,118.8375,495,121.95,74.1819,80.4263,56
295,373.7719,21305,120.9875,497,121.02,74.3483,80.4478,57
296,373.1455,20523,121.8875,499,120.89,74.6,80.4264,55
297,375.0536,21003,121.6875,529,121.37,74.3479,80.4309,56
298,369.9825,21089,120.85,494,120.01,74.7874,80.6463,57
299,368.871,22870,120.7875,511,121.29,74.7369,80.5224,62
300,372.0351,21206,120.5375,530,120.26,74.3282,80.5566,57
301,370.2807,21106,121.55,491,121.25,74.4542,80.6267,57
302,374.6545,20606,119.6625,510,120.71,74.7622,80.682,55
303,376.0909,20685,122.3375,520,122.12,74.8285,80.7686,55
304,372.6364,20495,122.125,491,121.45,74.3922,80.631,55
305,376.0545,20683,119.8375,523,120.95,74.6064,80.7413,55
306,373.5714,20920,122.2625,491,121.51,74.7962,80.5669,56
307,378.0364,20792,119.9375,486,121.01,75.2489,80.8743,55
308,372.875,20881,122.0625,522,121.6,74.8293,80.6439,56
309,378.5965,21580,120.625,506,121.31,74.7106,80.6254,57
310,374.7273,20610,121.1625,502,120.4,74.4755,80.5168,55
311,378.5091,20818,119.975,512,121.58,74.6771,80.9396,55
312,377.2909,20751,121.2375,544,120.41,74.7552,80.5661,55
313,383.3636,21085,121.35,509,121.94,75.0098,80.5128,55
314,374.75,20986,121.2,532,121.65,74.9275,80.6599,56
315,373.9464,20941,120.45,500,121.11,75.0394,80.6831,56
316,368.375,20629,120.55,481,120.59,74.7178,80.5306,56
317,367.5538,23891,121.7625,534,122.66,75.1873,80.7422,65
318,375.7818,20668,122.7125,531,122.41,74.7965,80.7695,55
319,367.7091,20224,121.775,493,120.6,74.6197,80.6317,55
320,368.6071,20642,119.2625,482,120.71,74.5976,80.5481,56
321,372.1091,20466,121.3375,510,121.6,74.6072,80.7145,55
322,370.7818,20393,121.9625,491,122.63,75.06,80.6036,55
323,375.0727,20629,120.2875,521,120.73,74.2076,80.5616,55
324,374.7455,20611,121.325,477,121.24,74.5276,80.5429,55
325,375.2364,20638,121.8875,513,120.83,74.8636,80.7111,55
326,370.5091,20378,120.2375,473,120.7,74.0637,80.2242,55
327,371.4107,20799,119.3375,494,119.89,74.4221,80.2729,56
328,368.0172,21345,121.325,504,120.54,75.0547,80.3912,58
329,365.6667,20843,121.6875,477,120.67,74.1394,80.5108,57
330,370.0364,20352,120.5,490,119.65,75.0505,80.3088,55
331,359.7869,21947,119.425,498,120.51,74.6395,80.4057,61
332,367.5455,20215,120.7875,495,120.19,74.4655,80.4754,55
333,369.8947,21084,121.6875,491,122.03,74.2961,80.5951,57
334,366.0545,20133,121.1875,483,120.58,74.7894,80.557,55
335,370.5636,20381,120.975,487,121.34,74.5179,80.8602,55
336,374.6,20603,121.4125,502,122.05,74.9686,80.6308,55
337,374.9091,20620,120.7625,518,120.41,74.5637,80.4917,55
338,372.1818,20470,121.4125,498,121.49,74.6746,80.5867,55
339,372.4107,20855,121.25,529,121.38,74.6191,80.7796,56
340,373.9643,20942,120.5,505,119.69,74.6117,80.543,56
341,372.2364,20473,121.175,537,121.47,75.0841,80.6089,55
342,371.0179,20777,121.55,504,120.44,74.1477,80.4812,56
343,369.7091,20334,121.3125,482,122.74,74.9802,80.5736,55
344,373.6786,20926,120.2875,516,120.9,74.4648,80.3539,56
345,368.3571,20628,121.6875,469,120.48,74.4059,80.7952,56
346,368.0357,20610,121.1375,497,120.08,74.9395,80.4297,56
347,370.3818,20371,120.125,484,121.31,74.6125,80.438,55
348,372.5818,20492,120.875,489,119.5,74.4948,80.6698,55
349,365.3455,20094,120.4125,502,121.19,74.2943,80.3153,55
350,368.2182,20252,119.6625,489,119.9,74.6379,80.7703,55
351,371.3455,20424,120.5625,530,121.71,74.7565,80.5911,55
352,374.5091,20598,120.9125,504,120.63,74.4129,80.6287,55
353,368.2909,20256,118.575,532,120.44,74.5872,80.591,55
354,367.4068,21677,120.025,462,121.65,74.9329,80.3481,59
355,368.7636,20282,120.5375,481,120.49,74.5179,80.739,55
356,368.4107,20631,119.875,489,121,75.296,80.9898,56
357,375,20625,121.9125,515,122.25,74.6145,80.8421,55
358,370.8246,21137,121.5625,491,120.75,74.9566,80.9189,57
359,376.6071,21090,121.025,511,120.94,74.5799,80.6513,56
360,368,20608,120.8625,502,120.83,74.4786,80.6194,56
361,371.6842,21186,121.375,510,121.64,75.2878,80.8324,57
362,371.6182,20439,123.275,496,122.49,74.5944,80.8765,55
363,368.625,20643,121.0125,495,121.3,74.5995,80.6366,56
364,370.4,20372,120.6375,489,120.09,74.4827,80.6115,55
365,367.0877,20924,119.0125,499,120.12,74.7853,80.7403,57
366,373.5179,20917,120.7625,497,122.05,74.6339,80.84,56
367,373.8364,20561,120.1625,512,121.86,74.9788,81.0399,55
368,367.8364,20231,120.425,479,119.14,74.7104,80.7524,55
369,369.6182,20329,121.3125,502,120.9,74.6432,80.4469,55
370,372.9821,20887,120.2125,495,119.74,74.7326,80.639,56
371,377.0727,20739,120.525,475,121.95,74.5275,80.7563,55
372,377.9091,20785,121.7875,495,121.98,74.2028,80.6548,55
373,372.5,20860,121.45,515,122.14,74.7768,80.7356,56
374,374.4364,20594,120.3125,471,121.46,74.7858,80.8229,55
375,374.7679,20987,120.025,494,121.38,74.9484,80.6394,56
376,372.8909,20509,119.925,485,121.1,74.4627,80.6998,55
377,374.9455,20622,119.2375,518,121.24,74.5619,80.7632,55
378,375.6909,20663,120.3625,492,119.69,74.9487,80.8317,55
379,367.7273,20225,122.0625,471,121.55,74.3197,80.6388,55
380,375.3091,20642,120.3125,474,120.14,74.3625,80.4905,55
381,367.9091,20235,120.15,487,120.9,74.5558,80.7386,55
382,373.375,20909,119.325,488,120.7,74.7314,80.7879,56
383,370.6182,20384,119.825,455,120.7,74.2157,80.6121,55
384,370.3036,20737,121.2,472,120.69,74.3282,80.5618,56
385,370.6316,21126,119.2875,465,119.75,74.5322,80.7389,57
386,371.0714,20780,120.8125,460,122.09,74.3175,80.8395,56
387,372.8182,20505,119.8625,492,120.88,74.6862,80.5912,55
388,374.2909,20586,119.575,502,121.7,74.0661,80.32,55
389,376.625,21091,121.275,503,121.24,74.2972,80.3303,56
390,369.4464,20689,120.3625,481,119.93,74.1296,80.4472,56
391,372.8364,20506,119.7125,554,120.68,74.0332,80.4328,55
392,369.4364,20319,121.4375,478,120.27,74.21,80.7186,55
393,372.3333,21223,120.65,505,121.13,74.4762,80.6954,57
394,369.6071,20698,119.6,479,120.11,74.6951,81.1343,56
395,367.8947,20970,120.975,484,120.14,74.3223,80.5249,57
396,373.1455,20523,121.025,459,120.89,74.7186,81.0962,55
397,366.3276,21247,120.0375,494,120.31,74.0837,80.5046,58
398,374.4182,20593,120.425,496,121.11,74.2034,80.698,55
399,375.4909,20652,122.35,494,122.53,74.421,80.7617,55
400,375,20625,122.025,468,121.98,74.5649,80.9432,55
401,373.5636,20546,119.7,497,121.28,74.9588,80.9601,55
402,372.625,20867,122.0375,475,121.39,74.1891,80.6154,56
403,379.3636,20865,120.8125,480,122.05,74.5751,80.691,55
404,373.5818,20547,120.7125,501,121.93,74.3085,80.9213,55
405,373.0175,21262,120.1125,527,120.97,74.2964,80.8166,57
406,373.4107,20911,121.2375,539,121.17,74.0016,80.8104,56
407,378.9273,20841,120.2125,468,120.71,74.2271,80.9916,55
408,370.6429,20756,119.8875,475,121.05,74.4992,80.7429,56
409,375.8545,20672,121.3625,478,120.98,74.5754,81.119,55
410,368.4107,20631,122.625,477,120.67,74.1854,80.5707,56
411,370.6545,20386,120.2625,502,121.96,74.1113,80.8401,55
412,373.3455,20534,119.975,471,120.41,74.3966,81.0004,55
413,365.7818,20118,121.0875,498,120.82,74.5308,80.7131,55
414,367.6545,20221,120.025,490,121.05,73.6,80.5218,55
415,367.8364,20231,120.375,500,121.43,74.5857,80.8656,55
416,371.8393,20823,120.8875,480,120.7,74.4484,80.9322,56
417,371.6727,20442,121.7,468,120.91,74.5748,80.8718,55
418,371.4737,21174,119.55,505,121.15,74.1132,80.6211,57
419,372.6727,20497,120.075,488,120.03,74.7708,80.8823,55
420,369.2857,20680,121.65,481,121.15,73.5718,80.2868,56
421,368.75,20650,120.425,496,122.96,74.3439,80.7424,56
422,371.6786,20814,121.075,532,119.99,74.2007,80.7532,56
423,368.2545,20254,119.05,470,121,74.1142,80.7831,55
424,367.2182,20197,122.275,496,121.86,74.1536,81.0215,55
425,370,20350,121.9625,491,123.14,74.3978,80.7987,55
426,368.2545,20254,120.3375,496,120.36,74.4305,80.6497,55
427,368.8364,20286,120.5125,470,120.33,74.1836,81.1216,55
428,366.1053,20868,121.6375,475,120.97,74.6693,80.7275,57
429,373.5714,20920,121.7,503,121.98,74.521,81.2066,56
430,369.2321,20677,121.075,476,119.63,74.3575,80.6545,56
431,365.5818,20107,120.65,492,121.08,73.7062,80.7869,55
432,367.5179,20581,120.2375,482,121.1,74.1239,80.7265,56
433,369.9818,20349,118.9125,512,122.05,74.1695,80.8085,55
434,363.8772,20741,121.3,520,121.81,74.499,80.7652,57
435,373.6545,20551,121.225,501,120.05,74.1492,80.7188,55
436,369.2321,20677,121.1375,478,122.25,73.983,80.753,56
437,365.9273,20126,119.95,534,120.76,74.5642,80.7283,55
438,375.1636,20634,122.025,499,121.59,74.5316,80.6778,55
439,375.9464,21053,120.8625,483,119.55,74.5768,81.0922,56
440,368.2909,20256,121.25,499,120.58,74.5164,80.7248,55
441,370.8,20394,119.5875,464,119.91,74.2776,80.7649,55
442,367.4821,20579,119.8375,481,120.34,74.369,80.7746,56
443,367.4182,20208,119.0125,492,119.99,74.4217,80.6838,55
444,373.3455,20534,120.1875,492,121.84,74.1562,80.7238,55
445,362.0862,21001,120.0375,493,119.09,74.6555,80.9296,58
446,367.0893,20557,122.275,498,122.01,74.0866,80.7648,56
447,371,20405,120.5125,486,120.39,74.4108,80.8313,55
448,365.7368,20847,120.075,479,120.47,74.6464,80.8684,57
449,371.5088,21176,121.3125,509,119.64,74.4789,81.0472,57
450,373.1455,20523,120.2875,496,119.89,74.6068,80.8814,55
451,375.5091,20653,120.375,480,119.89,74.4832,80.8191,55
452,376.6182,20714,119.6125,513,120.3,74.3681,80.7418,55
453,371.0909,20410,120.2125,499,120.53,74.416,80.671,55
454,366.2203,21607,119.9875,489,119.48,74.246,80.9323,59
455,373.9636,20568,120.8,467,120.62,74.8591,81.1029,55
456,372.3273,20478,119.7875,476,121.25,74.5046,80.8984,55
457,372.8727,20508,120.025,500,121.25,74.8517,81.0793,55
458,371.3636,20425,121.5125,493,120.22,74.0872,80.9281,55
459,372.625,20867,120.575,529,120.53,74.1263,80.9272,56
460,369.6,20328,120.4125,492,121.54,74.2722,80.6896,55
461,376.6071,21090,120.5625,510,119.54,74.3386,80.9169,56
462,375.2321,21013,121.075,494,120.56,74.1844,81.0279,56
463,371.6909,20443,120.9,489,120.01,74.4786,80.6025,55
464,370.3636,20370,120.3,483,121.57,74.8491,80.9375,55
465,377.0727,20739,121.1875,477,120.67,74.4238,80.8394,55
466,372.3455,20479,121.1125,510,120.81,74.2786,80.5579,55
467,369.8364,20341,122.475,485,121.68,74.2758,80.7469,55
468,371.1091,20411,120.5,485,120.81,73.8926,80.2688,55
469,375.4286,21024,119.8375,491,121.89,74.2197,80.7688,56
470,377.9818,20789,120.7375,490,120.39,74.2579,80.3617,55
471,369.1964,20675,121.5,506,120.69,73.7424,80.4235,56
472,372.0727,20464,120.2125,477,121.04,74.8011,80.6376,55
473,373.7143,20928,120.575,529,121.5,74.4332,80.6336,56
474,372.6545,20496,122.1625,499,123.46,74.3184,80.7723,55
475,363.5357,20358,120.325,470,119.7,74.0998,80.8005,56
476,373.9643,20942,121.8625,486,120.45,74.9305,80.8621,56
477,366.8,20174,119.9125,443,120.81,74.2496,80.873,55
478,372.0545,20463,121.025,482,121.3,74.8689,80.9488,55
479,373.7321,20929,120.525,485,121.13,74.4685,81.0281,56
480,369.1053,21039,121.875,468,122.57,74.469,80.83,57
481,372.8596,21253,121.8125,464,120.81,74.5176,81.0427,57
482,370.9636,20403,121.05,525,120.87,74.3828,80.6356,55
483,374.8393,20991,120.15,506,120.36,74.4355,80.9378,56
484,378.3636,20810,120.175,514,120.31,74.1411,80.5754,55
485,378.7636,20832,121.6625,528,122.04,74.3295,80.8365,55
486,375.3455,20644,119.8875,486,120.43,74.3963,80.682,55
487,377,20735,121.7875,498,121.77,74.594,80.8436,55
488,379.1071,21230,122.85,529,121.64,75.0088,80.7667,56
489,371.1273,20412,120.6875,481,120.86,74.8883,81.0482,55
490,373.3158,21279,121.0125,515,119.93,74.6119,80.5647,57
491,379.8421,21651,119.1875,501,120.15,75.1149,80.7966,57
492,378.9455,20842,119.3625,496,120.55,74.8035,80.9376,55
493,378.8727,20838,120.325,504,119.89,74.4731,80.5939,55
494,378.5357,21198,121.4625,508,120.56,74.5181,80.7922,56
495,376.8793,21859,120.0875,476,120.97,74.7622,80.6282,58
496,378.4737,21573,119.6875,541,118.85,75.1249,81.1077,57
497,382.9273,21061,121.1625,501,120.48,74.7679,80.9934,55
498,379.7091,20884,120.4875,488,121.48,74.9082,80.8342,55
499,376.75,21098,121.0375,515,120.76,75.053,80.7723,56
500,370.807,21136,121.7875,488,120.47,75.1245,80.6379,57
501,376.2281,21445,120.75,475,120.31,74.8654,80.7109,57
502,372.1273,20467,120.7,495,121.29,74.7449,80.9128,55
503,379.6909,20883,121.425,470,120.54,74.7334,80.4684,55
504,378.4545,20815,120.8,531,122.66,74.5154,80.6064,55
505,373.6727,20552,121.5,535,121.28,74.8259,80.6865,55
506,380.9091,20950,120.3375,512,121.36,74.6122,80.627,55
507,374.1636,20579,120.0125,469,120.67,74.0492,80.5003,55
508,372.7679,20875,119.975,495,120.61,74.2962,80.5259,56
509,378.2,20801,121.45,525,121.11,74.6624,80.4529,55
510,372.9464,20885,120.5625,468,120.74,75.1368,81.0721,56
511,375.1636,20634,121.1375,488,120.64,74.4302,80.5356,55
512,380.2364,20913,121.7,502,120.87,75.0783,80.7519,55
513,380.6182,20934,120.6,525,120.8,74.4226,80.5551,55
514,375.3636,20645,119.9625,482,119.55,74.9589,80.7751,55
515,376.1273,20687,121.4875,501,122.41,75.0735,80.7403,55
516,382.6545,21046,121.45,516,121.79,74.2724,80.512,55
517,377.3273,20753,121.2625,469,121.79,74.8842,80.8047,55
518,376.1818,20690,119.1875,499,121.33,74.8573,80.7588,55
519,379.9091,20895,120.7375,486,120.84,74.9605,80.6966,55
520,378.0182,20791,121.025,500,121.5,75.2329,80.653,55
521,372.0545,20463,120.675,465,120.3,74.7161,80.6427,55
522,374.8,20614,120.075,478,120.73,75.22,80.8605,55
523,377.6429,21148,121.7,471,122.19,74.6637,80.6327,56
524,379.0364,20847,121.2375,495,121.88,75.2342,80.6449,55
525,376.2,20691,120.475,510,120.13,75.2341,80.7554,55
526,379.1273,20852,120.525,469,120.67,75.005,80.9033,55
527,374,21318,121.2,510,119.28,74.6743,80.2158,57
528,381.8182,21000,120.2875,508,120.26,74.6583,80.3712,55
529,377.2,20746,119.5625,493,121.72,75.0019,80.8415,55
530,378.6545,20826,120.05,523,120.76,75.286,80.7961,55
531,367.0182,20186,120.525,487,121.63,74.7503,80.794,55
532,371,21147,119.5875,528,119.85,75.4065,80.5808,57
533,373.25,20902,120.2,474,120.79,75.308,80.6377,56
534,375.3636,20645,120.125,502,120.65,75.3094,80.502,55
535,371.6607,20813,119.3,534,120,74.746,80.0512,56
536,374.2321,20957,119.3125,488,120.91,75.3056,80.6371,56
537,374.9273,20621,119.4,530,120.14,75.063,80.5229,55
538,372.6786,20870,119.825,460,120.84,75.0141,80.8972,56
539,370.1636,20359,120.6125,472,120.71,74.8393,80.6283,55
540,363.4035,20714,118.9,481,119.98,74.9376,80.3801,57
541,370.5439,21121,119.875,491,119.95,74.8536,80.3044,57
542,372.9818,20514,120.8375,486,120.77,74.8224,80.3118,55
543,369.5091,20323,120.0625,498,120.93,75.5225,80.7148,55
544,374.2727,20585,120.45,490,119.74,74.9927,80.8511,55
545,374.3393,20963,120.025,513,121.2,75.2774,80.7028,56
546,372.7818,20503,121.375,502,120.81,74.9377,80.3968,55
547,368.0175,20977,119.8,488,120.64,75.2624,80.3716,57
548,371.8545,20452,119.9875,472,119.94,74.641,80.7155,55
549,371.2909,20421,120.0625,487,120.61,75.0631,80.5306,55
550,369.5,20692,121.0375,491,121.02,74.952,80.6672,56
551,364.8393,20431,119.7625,482,120.18,75.2211,80.9074,56
552,376.6429,21092,121.1375,462,121.49,75.3535,80.7385,56
553,366.5789,20895,120.5125,477,119.96,74.9718,80.184,57
554,371.0862,21523,119.6375,495,120.19,75.4171,80.7202,58
555,375.8182,20670,121.15,505,121.55,74.5491,80.4047,55
556,370.8364,20396,120.6125,491,121.04,75.1643,80.7937,55
557,369.6964,20703,120.375,482,122.09,74.9368,80.6353,56
558,372.5273,20489,121.0625,561,119.68,75.1876,80.5913,55
559,369.9091,20345,120.475,501,120.57,74.7087,80.6889,55
560,367.9273,20236,120.725,490,121.65,74.3628,80.5437,55
561,371.8545,20452,120.875,524,121.29,74.5353,80.3793,55
562,368.5536,20639,122.475,473,122.63,75.0925,80.8038,56
563,367.5536,20583,122.225,520,121.4,75.2737,80.7067,56
564,365.5,20468,120.1875,501,121.15,75.0927,80.4499,56
565,371.5455,20435,119.9,492,120.48,75.1428,80.7224,55
566,368.6364,20275,119.975,479,120.38,75.2097,80.7824,55
567,370.6316,21126,119.2875,478,119.33,75.1466,80.6759,57
568,365.4035,20828,119.7125,487,119.49,74.7854,80.6727,57
569,369.2,20306,120.05,515,120.54,74.7769,80.6026,55
570,367.4821,20579,120.7625,504,120.92,75.3792,80.8238,56
571,366.1429,20504,120.15,461,121.08,74.6161,80.6897,56
572,372.7091,20499,121.8875,503,120.98,75.0538,80.5478,55
573,364.25,20398,119.05,487,119.81,74.995,80.5654,56
574,361.8421,20625,119.975,508,120.37,75.0156,80.6148,57
575,370.2321,20733,121.0125,485,120.99,74.7352,80.6426,56
576,366.5536,20527,119.3,484,121.48,75.1942,80.379,56
577,368.5818,20272,120.2,474,120.89,75.3447,81.042,55
578,362.0182,19911,120.0125,449,120.15,75.2279,80.7889,55
579,365.9091,20125,121.7625,477,122.62,74.5526,80.5882,55
580,374.7931,21738,121.55,489,121.64,75.117,80.8048,58
581,367.9643,20606,120.15,493,120.15,75.0463,80.5458,56
582,362.2,19921,119.9375,477,119.98,75.2275,80.4943,55
583,366.9286,20548,120.2125,480,120.82,75.0039,80.5019,56
584,370.2364,20363,119.2375,471,120.35,74.8964,80.6483,55
585,363.807,20737,120.0375,452,120.24,74.7651,80.8853,57
586,367.1273,20192,118.625,512,121.38,74.8022,80.9127,55
587,363.2,19976,119.5,488,120.09,74.715,80.9381,55
588,373.25,20902,120.0375,504,120.48,74.5411,80.6243,56
589,373.6182,20549,121.3875,506,120.32,74.385,80.6863,55
590,371.1636,20414,119.1875,502,120.66,73.5552,80.7526,55
591,366,20862,119.775,487,119.97,74.2841,80.5953,57
592,366.5091,20158,119.7125,482,120.88,74.3898,80.9957,55
593,364.6429,20420,120.375,484,119.43,74.3648,80.5899,56
594,367.2545,20199,119.725,484,119.57,73.9588,80.8031,55
595,374.5179,20973,120.25,488,120.97,74.2957,80.6867,56
596,371.4,20427,119.775,463,119.84,74.4724,80.7038,55
597,371.8909,20454,119.6625,464,120.28,74.988,81.2291,55
598,367.9818,20239,120.9,527,120.31,74.6279,80.8329,55
599,370.4464,20745,120.7875,505,120,74.2365,80.6435,56
600,367.9286,20604,118.7875,496,119.9,74.4208,81.0124,56
601,370.4909,20377,119.9125,501,120.84,74.7689,80.786,55
602,369.6,20328,119.7125,472,121.41,74.3344,80.9515,55
603,370.8,20394,120.1125,486,120.07,74.2208,80.4186,55
604,368.6727,20277,119.4,533,120.58,74.093,80.9749,55
605,368.1964,20619,120.4625,457,120.76,74.4053,80.9948,56
606,370.9818,20404,119.8625,471,120.35,74.3377,80.7087,55
607,375.1071,21006,120.8625,484,121.08,74.1646,80.7835,56
608,370.8036,20765,120.9,487,120.28,74.3618,80.7111,56
609,376.4545,20705,119.475,470,120.8,74.0944,80.4501,55
610,372.5636,20491,119.975,516,120.49,74.342,80.4675,55
611,371.8333,22310,119.35,509,119.8,74.7952,80.758,60
612,368.1207,21351,120.325,475,120.69,74.0414,80.5292,58
613,367.1455,20193,120.525,463,121.08,74.3895,80.8182,55
614,369.4364,20319,118.35,485,120.36,74.6321,80.7058,55
615,366.0345,21230,119.9625,492,120.74,74.0747,80.3101,58
616,372.8393,20879,119.9125,479,119.51,74.5768,80.7611,56
617,371.1818,20415,119.625,497,120.05,74.4306,80.8106,55
618,374.3929,20966,120.5625,490,120.42,73.9126,80.6296,56
619,371.7818,20448,119.4625,513,120.75,74.3499,81.1686,55
620,373.125,20895,120.725,484,119.89,74.3781,80.6053,56
621,374.0727,20574,120.75,494,121.3,74.1913,80.8109,55
622,377.1636,20744,120.3,477,120.09,74.0164,80.7701,55
623,367.7759,21331,122.825,460,121.82,74.2102,80.5519,58
624,369.9286,20716,119.8875,457,118.27,74.0999,80.7405,56
625,373.2545,20529,120.5875,510,120.9,74.2878,80.8706,55
626,363.2321,20341,120.2375,471,120.51,74.4703,80.9083,56
627,366.2456,20876,119.35,484,120.13,74.1489,80.6895,57
628,367.4727,20211,120.9,468,121.17,74.0872,80.8299,55
629,363.4909,19992,120.0875,492,119.76,73.5002,80.5812,55
630,370,20720,120.4375,456,119.51,74.3245,80.7932,56
631,364.4828,21140,120.025,483,121.04,74.2193,80.5347,58
632,367.9455,20237,119.1375,495,119.55,73.375,80.5325,55
633,371.8214,20822,119.3875,483,119.08,74.7277,81.1632,56
634,374.9091,20620,119.8875,492,119.54,73.8827,80.8743,55
635,370.2,20361,119.15,459,120.84,74.0572,80.5694,55
636,371.8545,20452,120.125,471,120.33,73.8891,80.6313,55
637,366.5455,20160,120.875,512,121.22,73.9659,80.5478,55
638,367.6607,20589,119.9875,528,120.8,74.2265,80.6823,56
639,370.5273,20379,119.1625,494,120.67,74.6004,80.8762,55
640,372.0182,20461,120.1625,456,121.1,74.3828,80.4703,55
641,368.6182,20274,118.6375,482,119.64,73.7323,80.5028,55
642,370.9091,20400,119.5,481,120.4,74.3864,80.8836,55
643,371.1273,20412,118.325,502,120.02,74.2832,80.7491,55
644,369.3636,20315,120.0875,464,120.53,74.415,80.8302,55
645,369.3158,21051,120.275,493,119.69,73.8494,80.7273,57
646,376.2727,20695,120.3,528,119.17,73.929,80.6971,55
647,372.4561,21230,119.175,481,119.46,74.1816,80.7539,57
648,369.5636,20326,119.075,470,119.42,74.9313,81.1494,55
649,370.4545,20375,121.15,494,120.18,74.4497,80.6519,55
650,371.4182,20428,119.3375,484,120.15,74.1169,80.505,55
651,374.3636,20590,119.3125,515,121.1,74.0941,80.7434,55
652,368.0862,21349,120.0125,517,121.4,74.7147,80.7485,58
653,364.5357,20414,120.4,446,120.15,74.7312,80.63,56
654,369,20295,119.375,463,120.91,74.1373,80.5056,55
655,370.0179,20721,121.0125,490,121.3,74.1967,80.5368,56
656,374.6909,20608,119.7125,515,120.08,74.0545,80.4406,55
657,372.4909,20487,120.4,517,119.83,74.1271,80.7894,55
658,374.7857,20988,121.325,482,121.72,74.6318,80.747,56
659,369.9455,20347,119.2875,487,119.42,74.3608,80.7136,55
660,372.1071,20838,120.15,474,119.94,74.0298,80.5148,56
661,367.2727,20200,119.3875,486,120.24,74.6573,80.9365,55
662,372.0357,20834,120.1,489,121.43,74.4271,80.5408,56
663,368.3684,20997,119.5375,457,120.33,74.2928,80.7103,57
664,368.1636,20249,120.6625,514,120.9,75.118,80.8336,55
665,369.0727,20299,119.0625,517,119.23,74.5283,80.7874,55
666,375.5818,20657,119.45,491,119.55,74.5656,80.5566,55
667,367.3273,20203,120.075,480,120.16,75.0859,81.0134,55
668,370.9286,20772,121.45,491,120.93,74.4539,80.6618,56
669,371.3684,21168,119.2375,481,120.16,74.4285,80.7062,57
670,361.2909,19871,118.75,460,120.38,74.4897,80.4594,55
671,372.1636,20469,120.7625,472,120.39,73.7143,80.3453,55
672,374.3214,20962,119.7125,473,120.31,74.4678,80.694,56
673,368.7636,20282,119.5,464,121.31,74.6772,80.7348,55
674,368.7091,20279,118.5125,486,119.81,74.7867,80.4361,55
675,373.7091,20554,119.3125,461,119.61,74.352,80.782,55
676,371.0909,20410,118.9625,462,119.47,74.7193,80.5835,55
677,373.2182,20527,121.35,467,120.24,74.1716,80.5503,55
678,370.2182,20362,120.1875,492,119.96,75.2939,80.6886,55
679,369.4545,20320,120.6625,485,120.32,74.964,80.7457,55
680,369.4364,20319,120.8,480,120.4,74.8406,80.9169,55
681,368.5636,20271,119.175,494,119.43,75.0429,80.9193,55
682,369.2982,21050,119.475,458,120.02,74.9884,80.8629,57
683,373.0182,20516,118.8625,466,119.85,74.5598,80.516,55
684,375.0364,20627,120.6,465,120.03,74.6429,80.4602,55
685,374.1455,20578,118.5375,471,120.5,74.5616,80.5703,55
686,376.3393,21075,119.8375,471,120.91,74.5463,80.4419,56
687,377.6182,20769,121.0125,484,119.68,74.2976,80.4564,55
688,379.9273,20896,120.4,481,119.17,74.1158,80.3787,55
689,375.6364,20660,120.0625,488,121.48,74.882,80.5937,55
690,375.5091,20653,119.9875,497,120,74.7141,80.6808,55
691,373.8036,20933,120.2625,470,119.92,74.7905,80.5751,56
692,376.8246,21479,120.0875,487,120.02,74.5847,80.3405,57
693,372.3455,20479,119.1625,473,120.44,74.9106,80.5529,55
694,387.4727,21311,120.7875,503,120.67,74.8343,80.3566,55
695,376.6964,21095,121.175,480,121.21,75.0295,80.6078,56
696,378.5455,20820,120.075,508,119.64,74.8934,80.5009,55
697,372,20832,118.675,501,119.75,74.405,80.5925,56
698,375.0182,20626,119.95,459,119.94,74.939,80.8067,55
699,375.0909,20630,120.15,500,120.68,75.0505,80.3894,55
700,375.2143,21012,120.5,472,119.2,74.8532,80.3199,56
701,377.8182,20780,121.35,468,119.99,74.9106,80.5802,55
702,371.3818,20426,120.125,489,119.35,74.7797,80.4883,55
703,375.4727,20651,117.5,489,120.72,74.9123,80.4382,55
704,368.3091,20257,120.2125,486,120.32,75.1154,80.6758,55
705,372.4464,20857,120.2625,461,120.59,74.5137,80.3638,56
706,378.7273,20830,120.9875,496,120.88,75.1083,80.7545,55
707,369.3684,21054,119.75,482,121.1,75.1635,80.2902,57
708,369.0877,21038,120.975,499,119.66,75.1598,80.3438,57
709,370.6,20383,120.8625,483,121.29,75.6066,80.8233,55
710,374.5536,20975,121.075,485,120.08,75.4289,80.3759,56
711,372.8,20504,119.0125,462,119.65,75.1408,80.4903,55
712,366.625,23464,119.0125,465,119.16,75.2207,80.3443,64
713,371.0727,20409,120.0875,457,119.47,75.0563,80.6216,55
714,374.6545,20606,121.55,488,120.9,75.5015,80.8152,55
715,370.6364,20385,119.55,484,120.65,75.1725,80.1263,55
716,372.5455,20490,119.9,484,120.07,74.5424,80.3508,55
717,368.625,20643,119.9,493,119.32,75.309,80.5083,56
718,368.5818,20272,120.6875,453,121.12,75.0227,80.7791,55
719,367.4107,20575,120.8875,482,120.87,75.0629,80.7177,56
720,371.5714,20808,119.7625,468,119.94,74.9211,80.5551,56
721,373.9818,20569,119.875,473,119.88,75.0247,80.637,55
722,368.1964,20619,120.625,527,120.9,74.7649,80.3676,56
723,371.7091,20444,118.475,489,118.69,74.781,80.4152,55
724,374.5517,21724,120.725,498,120.47,74.7387,80.268,58
725,370.8393,20767,119.45,469,120.38,74.8365,80.6539,56
726,372.9273,20511,119.5375,540,121.14,74.9246,80.6632,55
727,378.3818,20811,119.5375,476,119.93,75.4563,80.6836,55
728,370.5818,20382,120.95,450,119.86,75.5472,80.9847,55
729,369.2167,22153,121.9625,462,121.69,75.4247,80.301,60
730,375.3036,21017,121.5125,478,120.81,75.2498,80.3936,56
731,377.5273,20764,119.3375,511,120.66,75.2487,80.6109,55
732,382,21010,120.8375,480,120.5,74.9025,80.5289,55
733,373.386,21283,119.925,484,119.86,75.4999,80.7158,57
734,382.7857,21436,118.775,533,119.22,75.1424,80.5887,56
735,378.9474,21600,120.1125,498,119.58,75.2682,80.7439,57
736,372.4727,20486,119.625,491,119.81,75.2992,80.3562,55
737,382.2909,21026,121.1,477,120.43,75.5401,80.8598,55
738,380.9643,21334,119.7375,479,120.19,75.3697,80.561,56
739,374.1228,21325,119.1,460,119.87,75.2376,80.3428,57
740,377.9636,20788,120.3125,483,120.6,75.4012,80.6477,55
741,378.6071,21202,119.75,479,120.67,75.7206,80.6493,56
742,372.375,20853,119.9875,497,120.94,75.2465,80.4639,56
743,373.5636,20546,119.325,498,119.25,75.257,80.3845,55
744,376.807,21478,118.675,467,120.31,75.7302,80.8119,57
745,370.2807,21106,118.8375,449,119.68,75.0981,80.4208,57
746,370.6545,20386,120.05,461,119.37,75.8248,80.69,55
747,368.7455,20281,121.3375,491,120.13,75.1788,80.3204,55
748,374.1273,20577,119.375,466,119.4,75.528,80.6567,55
749,370.8036,20765,120.375,472,120.65,75.1087,80.5055,56
750,372.7321,20873,120.225,526,119.65,75.574,80.4294,56
751,367.0364,20187,120.4125,523,119.73,75.8951,81.0379,55
752,374.2,20581,119.7625,455,119.33,75.9052,80.6929,55
753,375.3818,20646,118.8875,456,120.38,75.1746,80.5958,55
754,373.6727,20552,120.6375,468,120.87,75.6267,80.4863,55
755,371.1071,20782,119.525,472,119.68,75.3539,80.592,56
756,369.375,20685,118.6875,464,121.06,75.1367,80.5953,56
757,372.4909,20487,118.8125,451,120,74.9956,80.4268,55
758,371.4545,20430,121.05,482,122.45,75.2744,80.2981,55
759,375.25,21014,119.7125,463,120.55,75.5087,80.5582,56
760,369.4182,20318,120.225,462,120.63,75.4191,80.7629,55
761,382.75,21434,118.9,487,119.44,75.132,80.3394,56
762,368.5818,20272,120.6,472,119.88,75.4471,80.6863,55
763,371.6182,20439,118.4,460,119.96,75.3241,80.5318,55
764,380.6909,20938,119.8,477,121.1,75.6317,80.4438,55
765,373.4364,20539,118.4,474,118.61,75.2051,80.723,55
766,375.2857,21016,120.3875,453,120.46,75.598,80.7574,56
767,377.0909,20740,120.0375,481,120.15,75.2365,80.267,55
768,380.2727,20915,120.25,486,120.16,75.3433,80.6278,55
769,379.6,20878,121.55,476,121.82,75.543,80.5578,55
770,375.5818,20657,119.7,467,119.39,75.6445,80.8152,55
771,372.9821,20887,121.05,454,120.44,75.3847,80.5807,56
772,379.1273,20852,118.8125,498,119.21,75.2212,80.3284,55
773,375.8364,20671,120.225,482,120.06,75.1111,80.6567,55
774,380.3273,20918,119.6125,516,119.69,75.8345,80.8607,55
775,374.5254,22097,121.025,462,121.27,75.6376,80.6264,59
776,374.2,20581,119.9125,474,120.43,75.4351,80.6212,55
777,376.2545,20694,121.2375,486,121.17,75.2738,80.7018,55
778,381.2281,21730,121.575,453,122.91,75.9037,80.8413,57
779,376.5862,21842,120.625,457,121.07,75.1023,80.6269,58
780,374.6182,20604,117.6625,446,118.88,75.3619,80.8067,55
781,373.0909,20520,120.4125,454,120.3,75.232,80.5151,55
782,375.6545,20661,119.675,465,120.08,75.3563,80.8771,55
783,375.8545,20672,120.9625,488,120.25,75.0214,80.5329,55
784,384.1455,21128,119.7875,526,119.93,74.6782,80.8285,55
785,376.6964,21095,118.4125,494,118.93,75.3279,80.527,56
786,381.9455,21007,119.1875,503,119.02,75.0572,80.8594,55
787,377.7857,21156,120.2625,480,119.18,74.8559,80.6257,56
788,382.9818,21064,119.45,478,119.42,74.8224,80.4378,55
789,379.7273,20885,119.025,461,119.76,74.8641,80.8188,55
790,378.625,21203,122.2625,515,120.91,75.2307,80.8101,56
791,380.3818,20921,119.0625,455,120.01,74.4956,80.4635,55
792,378.8,20834,120.725,451,120.51,75.0892,80.6993,55
793,377.7091,20774,119.7625,450,120.87,75.5218,80.8441,55
794,377.8545,20782,122.3625,491,120.32,74.9338,80.6763,55
795,375.4364,20649,119.325,464,118.94,74.8027,80.5638,55
796,382.9107,21443,121.9125,509,120.67,74.9543,80.5326,56
797,381,20955,121.3375,454,121.91,75.3993,80.9953,55
798,374.6071,20978,121.75,453,121.72,75.3521,80.8885,56
799,371.4909,20432,119.7875,452,120.94,74.952,80.7531,55
800,375.3929,21022,121.3875,469,118.31,75.0817,80.6127,56
801,375.4727,20651,121.3375,495,120.52,75.178,80.7621,55
802,378.4545,20815,120.2375,462,121.58,75.0989,80.7416,55
803,375.1786,21010,120.9,448,120.89,75.4052,80.8445,56
804,376.6491,21469,119.85,449,120.62,74.9189,80.5639,57
805,376.4545,20705,118.875,496,120.09,75.2617,80.903,55
806,375.4464,21025,120.1875,470,120.11,75.3631,80.6258,56
807,372.3455,20479,119.1,476,118.91,75.0633,80.7733,55
808,375.4909,20652,121.1625,455,120.76,74.996,80.5542,55
809,372.8909,20509,118.925,469,118.89,75.004,80.6385,55
810,377.4,20757,119.7625,465,120.61,74.676,80.6477,55
811,380.2909,20916,120.5,504,119.65,74.6287,80.4142,55
812,375.0909,20630,119.0125,445,120.87,75.52,81.0889,55
813,376.614,21467,121.9125,477,121.12,74.6268,80.955,57
814,378.6786,21206,120.3125,478,119.5,74.9539,80.6168,56
815,373.4364,20539,118.3,446,120.11,75.1221,80.7509,55
816,375.5714,21032,119.2,478,119.3,74.465,80.384,56
817,378.5273,20819,118.9875,466,118.51,75.0123,80.7817,55
818,372.1404,21212,119.875,465,119.67,75.3078,80.9031,57
819,380.8909,20949,118.2375,474,119.6,75.0786,80.9536,55
820,379.1818,20855,119.5125,503,119.47,74.7267,80.5428,55
821,374.875,20993,120.5125,458,120.51,75.6902,81.0806,56
822,377.6667,21527,120.125,458,119.62,75.1797,80.6265,57
823,380.5636,20931,121.55,461,120.86,75.1757,80.7622,55
824,383.6,21098,119.725,471,121.1,74.9156,80.6969,55
825,384.4464,21529,120.4625,462,120.85,75.1078,80.7409,56
826,376.4182,20703,120.325,464,120.69,74.9385,80.717,55
827,383.6364,21100,121.1375,515,120.39,75.2297,80.8138,55
828,386,21230,119.4125,500,120.4,75.0365,81.0577,55
829,380.2,20911,121.075,456,119.52,74.725,80.5908,55
830,382.0893,21397,119.4,515,119.53,74.2125,80.4925,56
831,379.5536,21255,122.6125,508,122.02,75.0357,80.8639,56
832,388.0182,21341,120.725,462,120.59,74.4713,80.449,55
833,383.4727,21091,119.0375,460,119.23,74.4059,80.4113,55
834,382.6545,21046,119.575,504,119.45,74.5952,81.0594,55
835,383.1455,21073,119.9625,486,120.38,75.2932,80.7465,55
836,386.4364,21254,120.6375,446,120.78,74.7016,80.6975,55
837,377.2364,20748,119.975,456,121.8,75.0112,80.8337,55
838,380.4483,22066,119.475,465,119.79,74.6105,80.7333,58
839,383.1053,21837,119.4375,466,119.7,74.8585,81.0148,57
840,381.6909,20993,122.1875,495,120.62,74.3029,80.4712,55
841,382.1455,21018,120.975,512,121.38,74.701,80.4759,55
842,385,21175,120.5625,500,122.76,74.2038,80.4211,55
843,387.4,21307,120.0375,478,120.28,74.4497,80.7031,55
844,384.8947,21939,120.9625,462,120.53,74.8663,80.895,57
845,388.1273,21347,118.6125,475,120.46,73.9382,80.9147,55
846,384,21120,118.925,476,119.77,75.0288,80.9229,55
847,384.1754,21898,120.0125,506,120.66,74.8838,80.9571,57
848,381.6545,20991,120.3375,465,119.15,74.8559,80.8744,55
849,384.6071,21538,120.075,496,120.32,74.3173,80.661,56
850,383.0909,21070,119.1125,491,120.76,74.3432,80.9824,55
851,383.2456,21845,119.1125,455,121.27,74.894,80.7656,57
852,381.2321,21349,119.525,473,119.01,74.7729,80.6293,56
853,380.625,21315,118.9875,437,120.31,74.6556,80.6567,56
854,381.8276,22146,120.3375,487,119.95,74.8679,80.9163,58
855,377.4909,20762,120.25,475,122.16,74.5599,80.6946,55
856,381.375,21357,119.6375,483,119.29,74.734,80.52,56
857,376.3929,21078,118.7375,468,118.91,74.4227,80.7212,56
858,376.2727,20695,119.5875,491,120.98,74.2642,80.8098,55
859,378.2364,20803,121.65,450,121.87,74.4615,80.6372,55
860,380.2182,20912,118.6375,478,118.84,74.8675,80.9611,55
861,377.9636,20788,119.475,458,119.16,74.3109,80.3668,55
862,382.9818,21064,119.9,483,119.84,74.8259,80.8909,55
863,377.9825,21545,122.25,446,120.62,74.7842,80.9498,57
864,377.8214,21158,120.225,445,120.09,74.4319,80.4349,56
865,377.2545,20749,120.7625,463,119.48,74.29,80.7348,55
866,379.9273,20896,121.4375,458,121.4,74.768,81.073,55
867,386.8545,21277,120.55,485,120.43,74.5643,80.8178,55
868,385.7091,21214,120.1125,498,118.25,74.6852,80.803,55
869,376.2281,21445,120.4375,502,120.23,74.2709,80.6363,57
870,381.2807,21733,120.05,455,120.39,74.3302,80.7771,57
871,385.9107,21611,119.65,458,120.33,74.7092,80.7815,56
872,382.2364,21023,119,461,121.42,74.453,80.7022,55
873,378.7143,21208,118.4625,472,119.8,74.7755,80.732,56
874,386.0678,22778,120.5375,486,119.79,75.3207,81.0163,59
875,387.6545,21321,120.3125,469,120.68,74.8747,80.9688,55
876,386.2759,22404,120.6,474,121.45,74.8258,80.5871,58
877,390.6182,21484,121.15,460,121.59,74.7107,80.8266,55
878,383.9455,21117,120.275,472,120.24,74.6796,80.6081,55
879,386.9821,21671,118.8875,494,119.29,74.7766,80.8752,56
880,380.7679,21323,119.8125,491,119.57,74.5441,80.6534,56
881,385.2727,21190,120.15,471,120.52,74.9466,80.9999,55
882,390.7273,21490,119.3,484,120.51,74.842,80.8472,55
883,386.2203,22787,120.8125,493,120.58,74.8215,80.6226,59
884,392.0182,21561,121.2625,495,120.04,74.7947,80.8806,55
885,392.1818,21570,118.55,470,120.98,74.7792,80.7677,55
886,390.5091,21478,119.5,503,120.07,74.1696,80.5225,55
887,388.8036,21773,120.7625,483,119.19,74.4487,80.6681,56
888,383.8947,21882,119.35,486,119.26,74.88,80.97,57
889,390.5536,21871,120.4,471,120.71,74.6513,80.8242,56
890,393.5455,21645,121.25,478,120.7,74.1936,80.6095,55
891,393.2143,22020,119.4625,479,120.6,74.4648,80.751,56
892,388.3636,21360,120.3375,475,120.94,74.4848,80.6621,55
893,387.7321,21713,120.15,499,120.79,74.5797,80.6871,56
894,390.3571,21860,120.475,496,120.5,75.1197,80.9449,56
895,389.8276,22610,119.525,512,119.53,74.7641,80.6748,58
896,392.9286,22004,121.7,488,120.29,74.7591,80.8657,56
897,392.4727,21586,119.8,470,119.68,75.2481,80.9524,55
898,397.2105,22641,119.525,491,119.33,74.71,80.8898,57
899,399.4464,22369,119.675,520,120.53,74.413,80.6933,56
900,393.2909,21631,119.3,471,119.69,74.9145,80.9293,55
901,395.0357,22122,119.9125,473,120.12,74.6641,81.0982,56
902,397.4821,22259,120.25,485,118.72,74.6132,80.6884,56
903,392.6429,21988,119.1875,494,119.32,74.8459,80.8029,56
904,402.2182,22122,119.0125,504,119.77,74.4873,81.0625,55
905,404.3036,22641,120.575,503,119.86,74.8523,81.2002,56
906,403.5357,22598,119.9625,495,120.66,74.6832,81.0017,56
907,408.3333,23275,120.8625,500,119.33,74.5177,81.1858,57
908,411.4464,23041,119.1625,480,118.79,74.4764,81.0393,56
909,426.4643,23882,119.3125,534,119.82,74.2645,80.8246,56
910,435.0727,23929,119.775,525,120.69,74.3402,80.8291,55
911,442.1017,26084,119.55,537,119.87,74.525,80.6827,59
912,449.4364,24719,120.3,545,120.79,74.7721,80.9221,55
913,456.8909,25129,119.9125,527,120.58,75.0605,80.9449,55
914,461.3455,25374,120.05,547,120.1,74.8454,80.8422,55
915,448.2586,25999,119.8625,574,121.02,74.6518,80.9295,58
916,459.1818,25255,119.3875,541,119.59,74.4939,81.1063,55
917,460.7273,25340,120.3375,542,119.96,74.5888,81.0057,55
918,450.6034,26135,119.325,555,120.51,75.0393,81.2289,58
919,449.2364,24708,119.4,532,120.71,74.6453,81.0936,55
920,448.2982,25553,120.3,535,120.67,74.8881,80.9072,57
921,442.3818,24331,120.2625,528,120.51,74.7266,80.8222,55
922,438.2,24101,120.275,497,121.01,74.8763,81.3888,55
923,432.3966,25079,119.975,494,121.46,74.8444,81.1634,58
924,437.8364,24081,121.175,554,120.93,74.3391,81.1514,55
925,420.6316,23976,119.8375,505,119.97,74.58,81.0463,57
926,424.2982,24185,119.7625,534,119.72,75.1007,81.1963,57
927,423.4211,24135,120.0125,532,118.9,74.6621,80.8347,57
928,420.4545,23125,118.3625,535,120.37,75.0343,81.2945,55
929,423.1818,23275,121.575,491,120.68,74.7451,81.1291,55
930,417.1607,23361,120.1875,515,119.35,74.177,80.954,56
931,421.8772,24047,119.3875,538,119.84,74.387,80.6785,57
932,421.0727,23159,119.5,525,120.39,74.9344,81.2674,55
933,426.0545,23433,121.2,495,120.54,74.8748,81.1833,55
934,420.4909,23127,120.3625,496,120.16,74.9662,80.7705,55
935,415.4364,22849,120.7,492,120.37,74.7635,80.6554,55
936,410.3455,22569,120.0375,474,119.94,74.8654,81.0203,55
937,410.8,22594,121.0375,486,120,74.8273,80.8325,55
938,412.2545,22674,120.05,520,120.46,74.5509,80.8997,55
939,409.5893,22937,120.9125,488,120.8,75.0233,80.9116,56
940,415.7143,23280,120.0625,505,119.59,74.4571,80.7688,56
941,408.75,22890,119.075,516,120.35,74.9987,80.6931,56
942,410.0909,22555,119.4375,485,119.14,75.1193,80.5629,55
943,413.3333,23560,121.25,495,120.12,75.1479,80.85,57
944,414.8929,23234,119.85,502,119.96,74.8293,80.7989,56
945,411.9273,22656,119.0875,491,119.39,75.2557,80.9374,55
946,410.2414,23794,119.6375,497,119.41,75.2716,80.7969,58
947,414.5455,22800,120.525,487,119.42,75.3858,80.7206,55
948,414.4545,22795,119.7125,505,120.63,74.9614,80.8764,55
949,402.0364,22112,119.3,475,120.43,75.2147,81.0266,55
950,405.6667,23123,120.225,510,118.59,74.8705,80.8182,57
951,403.2727,22180,118.8875,500,119.18,74.935,80.794,55
952,404.4,22242,119.4125,467,119.22,75.0456,80.5265,55
953,403.8182,22210,120.2375,482,120.84,74.6571,80.8359,55
954,398.3393,22307,119.35,485,120.58,74.6525,80.5866,56
955,404.9455,22272,120.1625,477,120.02,74.4398,80.8131,55
956,399.9455,21997,120.1375,493,120.1,74.677,80.5516,55
957,400.0714,22404,119.7625,473,119.17,74.0787,80.5554,56
958,399.6607,22381,119.025,528,120.58,74.8074,80.826,56
959,395.7091,21764,120.025,450,119.51,74.6799,80.6962,55
960,397.0909,21840,120.3625,488,120.98,74.3141,80.5129,55
961,401.3818,22076,118.8,478,120.44,74.9361,80.7139,55
962,398.3818,21911,118.95,465,119.67,74.7114,80.1747,55
963,401.4,22077,119.1875,511,119.64,74.8391,80.8502,55
964,393.1273,21622,119.05,471,119.89,75.005,81.072,55
965,394.9636,21723,118.8625,467,119.83,74.4934,80.8244,55
966,394.7241,22894,119.575,505,120.85,74.3486,80.571,58
967,397.7636,21877,121.3,478,120.87,74.7224,80.8197,55
968,396.5636,21811,119.825,447,119.92,74.7331,80.6866,55
969,398.6727,21927,120.175,474,119.89,74.6574,80.6973,55
970,399.3091,21962,119.675,495,119.39,75.0802,80.8506,55
971,389.0727,21399,117.825,452,119.71,74.5514,80.8531,55
972,392.8364,21606,120.3,447,119.97,74.5853,80.7964,55
973,390.0364,21452,120.525,482,120.15,74.7187,80.7852,55
974,392.25,21966,118.2875,468,119.53,74.485,80.82,56
975,392.4464,21977,119.875,483,119.87,74.7958,80.987,56
976,382.7759,22201,119.45,515,120.34,74.5232,80.5405,58
977,392.5273,21589,118.5375,479,119.45,74.7269,80.8919,55
978,386.8909,21279,119.55,463,119.84,74.5912,80.5504,55
979,384.2143,21516,120.125,444,120.87,74.7069,80.5224,56
980,387.9455,21337,118.6375,454,119.81,74.5596,80.7117,55
981,382.1964,21403,120.25,473,121.01,74.2672,80.6979,56
982,384.2321,21517,121.175,450,122.03,74.4992,80.7492,56
983,380.6964,21319,120.1,486,119.18,74.3603,80.5944,56
984,391.2679,21911,119.4625,493,120.26,74.5912,80.7801,56
985,385.7818,21218,117.85,437,119.47,74.8493,80.8417,55
986,386.6429,21652,118.4125,465,119.22,74.4592,80.7693,56
987,386.25,21630,119.15,461,119.75,74.9867,80.8273,56
988,383.0179,21449,120.1125,465,119.79,74.041,80.4854,56
989,384.9818,21174,119.4625,468,118.92,74.782,80.8892,55
990,388.2,21351,119.925,441,119.7,74.6557,80.5177,55
991,381.5172,22128,118.2125,451,120.3,74.5826,80.5386,58
992,378.2182,20802,119.475,456,118.79,74.5416,80.7566,55
993,380.2143,21292,119.6625,462,120.87,74.7117,80.7667,56
994,390.4286,21864,120.5375,465,119.58,74.7448,80.6578,56
995,389.1786,21794,119.0375,501,119.29,74.5837,80.3234,56
996,400.1273,22007,120.5,489,121.83,74.5874,80.7367,55
997,396.3276,22987,118.475,472,118.25,74.809,80.424,58
998,397.8727,21883,119.8875,471,119.36,74.5967,80.2318,55
999,408.8182,22485,118.0125,461,118.92,74.5956,80.6333,55
1000,409.1636,22504,122.0125,463,121.27,74.986,80.673,55
1001,406.0182,22331,121.6,492,121.08,74.9187,80.9386,55
1002,402.3091,22127,118.3625,485,119.85,74.7543,80.1428,55
1003,403.0893,22573,118.6125,534,120.41,74.5654,80.6257,56
1004,399.5091,21973,120.0375,478,121.03,75.2012,80.5537,55
1005,395.9474,22569,120.125,452,120.71,74.5935,80.3787,57
1006,394.8545,21717,119.8375,477,120.79,75.0201,80.5219,55
1007,393.4182,21638,120.175,461,119.47,74.4849,80.6169,55
1008,399.5179,22373,117.9875,463,119.77,74.7397,80.3341,56
1009,397.8545,21882,120.8125,504,120.34,74.858,80.4434,55
1010,394.4727,21696,120.0375,474,120.19,74.4059,80.3088,55
1011,396.7455,21821,119.3,471,119.86,75.0489,80.7959,55
1012,390.0893,21845,118.975,459,119.46,74.7909,80.2439,56
1013,392.4182,21583,119.6125,466,119.88,74.7672,80.3611,55
1014,389.8364,21441,120.25,469,121.26,74.9209,80.5664,55
1015,397.0909,21840,119.8125,475,120.67,74.7939,80.3723,55
1016,390.193,22241,121.6125,454,120.76,74.7555,80.6833,57
1017,390.1636,21459,120.6375,492,121.18,74.9055,80.5208,55
1018,394.0714,22068,120.1125,455,119.77,75.0058,80.5637,56
1019,385.5965,21979,118.7875,474,119.45,74.9003,80.4534,57
1020,386.5818,21262,119.3375,479,118.65,75.061,80.3355,55
1021,383.8621,22264,119.8125,500,119.99,75.3843,80.4109,58
1022,383.4545,21090,118.8375,473,119.31,74.9122,80.5569,55
1023,381.6,20988,119.7,466,119.42,75.3493,80.635,55
1024,381.6842,21756,118.1625,466,119.85,75.1261,80.6408,57
1025,387.8909,21334,120.4125,489,120.07,75.1076,80.565,55
1026,385.0536,21563,119.0375,467,120.69,74.6579,79.9749,56
1027,390.9273,21501,119.125,442,120.64,74.8991,80.227,55
1028,391.3273,21523,118.825,468,120.29,75.6497,80.7972,55
1029,394.3036,22081,118.775,469,119.4,75.2686,80.5352,56
1030,389.3273,21413,119.325,459,119.07,75.3827,80.4517,55
1031,389.8,21439,119.7875,471,119.34,74.9991,80.5736,55
1032,389.4107,21807,119.775,466,120.18,75.4824,80.3687,56
1033,387.4821,21699,120.0375,448,119.41,75.3205,80.5421,56
1034,392.5636,21591,119.5375,469,118.51,75.5013,80.5966,55
1035,392.6364,21595,119.7375,433,119.38,75.7737,80.6531,55
1036,392.625,21987,120.125,467,121.25,75.6698,80.6285,56
1037,392.0727,21564,121.375,463,121.54,75.3259,80.5164,55
1038,389.8545,21442,119.5,468,120.85,75.1847,80.5709,55
1039,389.6379,22599,119.125,441,120.04,75.611,80.4488,58
1040,393.5455,21645,119.875,457,120.65,75.6537,80.4592,55
1041,395.0545,21728,118.9875,461,119.17,75.5437,80.5155,55
1042,402.6,22143,119.6875,482,119.89,75.4509,80.6743,55
1043,398.1607,22297,118.65,480,118.7,76.0571,80.6267,56
1044,399.2909,21961,118.8625,479,118.9,75.4705,80.4446,55
1045,384.8276,22320,119.0625,453,119.32,75.1029,80.5361,58
1046,399.6727,21982,119.025,465,119.78,75.7929,80.6403,55
1047,394.3818,21691,118.45,458,120.09,75.3805,80.5854,55
1048,399.2364,21958,119.725,472,119.03,75.9887,80.5694,55
1049,397.875,22281,120.4125,464,119.59,75.7763,80.6996,56
1050,402.5455,22140,118.7875,457,119.92,76.072,80.6052,55
1051,402.8421,22962,119.2375,473,119.79,75.9305,80.6672,57
1052,406.9474,23196,121.05,456,120.62,76.0785,80.5659,57
1053,408.1273,22447,119.2375,477,119.12,75.6055,80.4397,55
1054,413.6364,22750,119.925,476,119.39,75.7007,80.5537,55
1055,399.875,22393,119.625,467,119.85,76.175,80.9827,56
1056,396.4737,22599,118.4625,519,120.55,75.8046,80.5115,57
1057,401.2,22066,118.5125,475,120,75.689,80.3731,55
1058,396.8036,22221,119.825,467,120.26,75.6796,80.5674,56
1059,391.0727,21509,119.3,490,120.19,75.519,80.6141,55
1060,394.7636,21712,120.25,475,119.93,75.4833,80.5113,55
1061,392.1818,21570,119.1125,459,120.46,75.4068,80.4489,55
1062,384.6545,21156,120.25,450,119.65,75.6794,80.5865,55
1063,382.4643,21418,119.775,427,119.83,75.9315,80.7379,56
1064,384.25,21518,120.9875,452,121.65,75.351,80.2899,56
1065,381.7321,21377,120.025,455,119.62,75.4692,80.6637,56
1066,391.8246,22334,119.275,466,119.72,75.5302,80.5526,57
1067,391.0357,21898,119.825,477,120.57,75.8272,80.7323,56
1068,397.9455,21887,119.4125,443,119.06,75.6855,80.6568,55
1069,404.0536,22627,120.1375,482,118.85,75.4626,80.3379,56
1070,398.0909,21895,118.825,473,120.61,75.4214,80.2698,55
1071,401.7455,22096,119.5375,477,120.2,75.4785,80.6272,55
1072,400.1071,22406,120.25,460,120.81,75.5951,80.4091,56
1073,404.9818,22274,119.8875,485,118.51,76.1873,80.779,55
1074,398.4909,21917,119.375,483,118.65,75.749,80.6787,55
1075,397.3273,21853,118.4375,472,119.18,75.8396,80.3645,55
1076,396.7818,21823,119.8375,492,120.65,75.6212,80.6663,55
1077,392.4727,21586,118.1625,477,119.42,75.6804,80.4822,55
1078,391.8214,21942,119.075,458,119.01,75.3338,80.8558,56
1079,397.9091,21885,119.675,467,120.59,75.9011,80.7358,55
1080,393.7455,21656,119.9875,442,120.72,75.5289,80.2748,55
1081,392.4545,21585,119.375,446,118.28,75.6395,80.7383,55
1082,389.7857,21828,119.6375,471,120.2,75.7648,80.4279,56
1083,383.9273,21116,118.7375,435,120.35,75.7934,80.4395,55
1084,388.125,21735,120.7875,473,120.36,75.7731,80.875,56
1085,389.2909,21411,120.5375,448,120.71,75.9054,80.6718,55
1086,387.4364,21309,120.5875,436,120.09,75.1822,80.6349,55
1087,391,21505,120.5875,443,119.06,75.5093,80.523,55
1088,387.0526,22062,119.35,447,120.1,75.2865,80.4722,57
1089,389.2182,21407,120.05,448,118.64,75.8795,80.465,55
1090,383.5439,21862,117.875,445,119.35,75.9355,80.5536,57
1091,384.9655,22328,120.1,456,120.24,75.9509,80.4543,58
1092,385.6491,21982,118.8,474,119.73,75.6301,80.5514,57
1093,382.6,21043,118.7625,459,118.85,75.3063,80.5788,55
1094,382.0364,21012,120.625,456,121.38,75.4389,80.6267,55
1095,378.0909,20795,119.9125,449,120.83,75.2714,80.5481,55
1096,375.875,21049,119.3,443,121.71,75.5168,80.5566,56
1097,372.3929,20854,119.05,425,119.64,75.8353,80.6413,56
1098,377.0364,20737,118.95,452,119.23,74.9804,80.3729,55
1099,368.1579,20985,119.275,435,120.44,75.187,80.632,57
1100,368.386,20998,119.7125,417,118.48,76.0519,80.4576,57
1101,370.4182,20373,119.625,464,119.42,75.1161,80.5869,55
1102,366.5455,20160,118.6625,417,119.31,75.6206,80.5206,55
1103,372.0182,20461,119.575,450,118.77,74.8033,80.3784,55
1104,369.4912,21061,117.925,453,120.82,74.8553,80.1051,57
1105,370.7091,20389,119.8375,441,118.95,75.7158,80.4813,55
1106,363.6545,20001,118.2,439,119.1,75.2178,80.5144,55
1107,366.8727,20178,118.5875,442,118.88,74.6078,80.4588,55
1108,367.4909,20212,121.0875,444,121.21,74.8231,80.4115,55
1109,362.2909,19926,119.775,447,119.86,75.0438,80.4078,55
1110,371.0727,20409,119.45,478,120.19,75.0868,80.7082,55
1111,367.9825,20975,121.0375,434,120.24,75.4515,80.6001,57
1112,368.4545,20265,119.7125,448,119.55,75.1676,80.6282,55
1113,369.6545,20331,118.575,436,120.21,75.3516,80.307,55
1114,369.7636,20337,118.2,447,119.7,75.145,80.7076,55
1115,368.4483,21370,120.175,440,120.71,75.129,80.7029,58
1116,372.4364,20484,119.9,464,120.11,74.8024,80.8182,55
1117,369.6727,20332,120.7125,461,119.72,75.2821,80.8614,55
1118,370.1818,20360,119.9125,450,120.8,75.1639,80.5608,55
1119,372.0877,21209,119.4125,449,121.52,75.0688,80.5709,57
1120,372.0727,20464,120.65,445,121.03,74.7318,80.9877,55
1121,371.3818,20426,119.0125,479,118.42,74.9197,80.3818,55
1122,363.0545,19968,119.7875,465,120.18,74.8241,80.6642,55
1123,370.6727,20387,119.3875,469,121.53,75.4874,80.9975,55
1124,370.4909,20377,118.8875,463,120.13,75.1272,80.8526,55
1125,368.7857,20652,120.7,486,120.27,75.4494,80.9294,56
1126,371.7818,20448,120.9375,429,120.62,74.6304,80.4974,55
1127,374.5,20972,118.4,434,120.19,74.6024,80.5369,56
1128,371.9636,20458,119.5,448,119.37,74.2668,80.2846,55
1129,371.0545,20408,119.025,432,120.04,75.0759,80.8943,55
1130,373.7321,20929,118.6125,467,119.97,74.9054,80.6453,56
1131,378.1053,21552,119.0125,476,120.34,74.7919,80.7296,57
1132,377.7544,21532,119.2625,462,119.59,74.8109,80.4996,57
1133,382,21010,119.3125,443,120.8,75.5129,80.7589,55
1134,377.2545,20749,119.575,468,118.76,74.6462,80.4446,55
1135,377.0536,21115,119.375,463,119.96,74.8307,80.2577,56
1136,379.0182,20846,118.65,463,119.79,74.9372,80.5038,55
1137,380.2182,20912,117.825,455,119.18,74.7586,80.7753,55
1138,376.5614,21464,120.1125,454,120.53,75.1097,80.1338,57
1139,379.6909,20883,120.0125,470,119.65,74.4149,80.7006,55
1140,375.7273,20665,118.875,449,119.45,74.9371,80.6084,55
1141,374.8909,20619,118.1125,461,117.96,75.1962,81.0261,55
1142,375.6,20658,120.6375,433,119.71,74.848,80.4528,55
1143,376.1071,21062,119.4625,453,120.15,75.0203,80.191,56
1144,373,20888,117.4875,448,118.84,75.6051,80.5706,56
1145,373.8182,20560,120.0875,431,118.1,74.9311,80.483,55
1146,374.5714,20976,119.4875,480,119.75,74.8696,80.6393,56
1147,374.1786,20954,120.7125,443,120.95,74.8746,80.549,56
1148,371.5273,20434,119.2125,429,120.27,75.0573,80.5094,55
1149,365.5263,20835,118.65,440,120.87,75.4277,80.6686,57
1150,361.1091,19861,119.5375,443,118.64,75.2439,80.7996,55
1151,368.5273,20269,118.1125,439,120.27,75.2632,80.3402,55
1152,368.6364,20275,118.825,457,119.47,74.8779,80.3341,55
1153,365.9455,20127,120.05,441,120.25,74.7423,80.6522,55
1154,364.8909,20069,118.95,419,119.85,74.8438,80.4918,55
1155,365.2727,20090,119.925,456,121.04,74.9585,80.6634,55
1156,366.6,20163,119.225,434,119.39,74.9873,80.7633,55
1157,361.6491,20614,120.1375,438,119.87,75.2937,80.5856,57
1158,364.2727,20035,120.6375,463,119.83,74.9955,80.2842,55
1159,364.7091,20059,119.8625,442,119.79,75.1603,80.2776,55
1160,362,19910,119.7625,407,119.32,75.0328,80.726,55
1161,358.2,19701,119.1375,432,119.94,74.4352,80.6581,55
1162,357.6364,19670,120.7875,431,119.93,74.7377,80.0459,55
1163,361.9091,19905,118.975,420,119.38,74.9617,80.3797,55
1164,361.0545,19858,118.925,420,119.52,75.2125,80.4845,55
1165,364.6727,20057,118.7375,435,120.11,75.0164,80.5238,55
1166,367.25,20566,118.5125,429,119.95,74.0017,80.416,56
1167,359.3036,20121,120.3875,411,119.46,75.2798,80.4072,56
1168,363,19965,119.4125,427,119.32,74.2255,80.4101,55
1169,362.8727,19958,119.5875,439,120.43,74.7547,80.1245,55
1170,365.5,20468,118.475,449,120.05,75.1927,80.6344,56
1171,362.1964,20283,120.2,430,120.15,74.7232,80.3106,56
1172,363.8393,20375,118.3375,486,119.62,74.6238,80.3713,56
1173,365.5536,20471,119.525,486,120.13,74.8249,80.3047,56
1174,369.3393,20683,118.8,461,119.27,74.8254,80.4201,56
1175,368.5357,20638,120.025,431,119.36,74.2523,80.3143,56
1176,368.9455,20292,118.525,473,118.65,75.232,80.7248,55
1177,370.5091,20378,119.15,447,120.94,74.7447,80.1995,55
1178,367.5536,20583,119.475,422,119.53,74.9758,80.8215,56
1179,372.6,20493,119.3125,459,120.49,75.1183,80.6098,55
1180,368.7679,20651,119.9875,438,119.6,74.5559,80.4327,56
1181,362.1273,19917,118.3375,451,119.54,74.7647,80.408,55
1182,368.2545,20254,117.7875,430,118.97,74.4567,80.4055,55
1183,365.9649,20860,121.0875,436,120.1,74.7908,80.6337,57
1184,371.2857,20792,118.4375,450,119.32,74.4168,80.3445,56
1185,371.8364,20451,118.4625,443,118.92,74.5168,80.5977,55
1186,367.6182,20219,118.9625,448,120.08,75.4837,80.5009,55
1187,368.75,20650,119.7,487,121.16,74.413,80.2968,56
1188,374.1455,20578,119.9875,434,120.04,74.3616,80.1346,55
1189,373.6909,20553,118.5875,458,118.36,74.4754,80.2577,55
1190,382.5818,21042,118.6375,459,120.82,74.4325,80.7197,55
1191,379.6727,20882,119.2375,448,119.62,74.5677,80.2484,55
1192,380.5455,20930,118.5125,452,118.78,74.7646,80.4618,55
1193,380.8571,21328,119.925,454,120.85,74.3399,80.1908,56
1194,387.3571,21692,120.675,491,121.19,74.7834,80.4513,56
1195,392.9091,21610,118.875,475,119.26,74.6322,80.5424,55
1196,392,21560,120.025,459,121.02,74.796,80.699,55
1197,392.8393,21999,117.8875,448,118.53,75.1244,80.8069,56
1198,394.6786,22102,120.575,480,120.1,74.4505,80.2721,56
1199,395.8596,22564,119.0125,458,118.03,74.92,80.7087,57
1200,399.1786,22354,119.85,470,119.36,74.5902,80.3392,56
1201,390.3818,21471,120.3,471,120.39,75.1865,80.6841,55
1202,393.5636,21646,120.4125,484,120.98,74.7989,80.7465,55
1203,385.2,21186,120.85,453,120.19,74.3844,80.4933,55
1204,386.0727,21234,119.7125,444,120.1,74.6942,80.3224,55
1205,388.3455,21359,119.35,477,120.7,75.1099,80.9062,55
1206,391.9818,21559,118.6,484,120.48,74.7774,80.7179,55
1207,388.5636,21371,119.075,468,119.44,74.4318,80.7345,55
1208,400.9643,22454,118.4625,475,119.52,75.0995,80.2622,56
1209,402.9107,22563,119.7125,492,119.32,74.8156,80.4146,56
1210,409.2857,22920,119.7,471,119.4,74.7576,80.8493,56
1211,415.625,23275,120.975,489,119.86,74.9091,80.5214,56
1212,418.2143,23420,120.9875,502,121.72,74.9797,80.5275,56
1213,417.6786,23390,120.3125,507,120.63,74.9563,80.4589,56
1214,415.9636,22878,120.8125,499,121.05,75.0877,80.8001,55
1215,430.3393,24099,121.7625,509,122.14,74.837,80.5014,56
1216,420.7857,23564,120.05,495,119.62,74.8815,80.5572,56
1217,427.8727,23533,119,489,120.07,74.988,80.6523,55
1218,417.3818,22956,119.5625,501,120.48,74.7936,80.5839,55
1219,417.2727,22950,118.825,496,118.1,74.7147,80.6082,55
1220,420.8571,23568,119.0625,502,119.45,74.921,80.5866,56
1221,410.9464,23013,118.4375,472,119.29,74.9039,80.6041,56
1222,404.4545,22245,120.825,503,120.27,74.7035,80.7697,55
1223,407.1818,22395,120.15,512,120.53,75.0636,80.5935,55
1224,416.6545,22916,118.2875,486,120.13,74.7541,80.4859,55
1225,414.3818,22791,121.45,498,121.34,74.6629,80.4498,55
1226,412.3818,22681,119.925,481,120.44,74.524,80.3759,55
1227,407.4364,22409,120.425,489,121.82,75.0163,80.5711,55
1228,412.4909,22687,119.175,497,119.98,74.8564,80.5336,55
1229,408.25,22862,120.2,476,120.18,74.8071,80.694,56
1230,409.6545,22531,120.975,468,120.53,74.5598,80.4231,55
1231,399.9091,21995,118.95,470,119.97,74.2791,80.3035,55
1232,396.9655,23024,119.7625,477,120.64,74.9385,80.6108,58
1233,392.1091,21566,118.6875,452,119.46,74.9986,80.5722,55
1234,394.0364,21672,119.1375,486,120.06,75.0385,80.8712,55
1235,393.8182,21660,120.075,456,121.27,75.0441,80.6305,55
1236,383.1552,22223,120.5125,454,121.03,74.7114,80.7398,58
1237,384.3273,21138,120.9875,472,120.39,75.238,80.652,55
1238,386.2545,21244,119.2875,426,119.76,75.0046,80.6496,55
1239,387.8036,21717,120.1,483,119.61,74.348,80.4386,56
1240,382.3051,22556,120.15,448,119.63,75.0058,80.5137,59
1241,386.5455,21260,120.6875,462,120.32,75.3034,80.6608,55
1242,383.4138,22238,120.15,452,119.95,75.0338,80.5495,58
1243,386.7636,21272,121.5375,462,119.93,74.5623,80.1885,55
1244,390.7091,21489,119.725,446,120.45,74.3872,80.2909,55
1245,384.4386,21913,119.5,446,120.45,75.6853,80.7504,57
1246,387,21285,118.8375,458,119.9,74.8468,80.9021,55
1247,388.2727,21355,120.05,441,120.01,74.7747,80.6746,55
1248,382.3818,21031,118.8625,444,120.3,75.0949,80.8306,55
1249,386.2545,21244,119.35,480,118.6,74.9557,80.6759,55
1250,382.2679,21407,120.0875,488,120.58,75.0153,80.5523,56
1251,387.5636,21316,120.025,453,121.18,74.6516,80.4111,55
1252,395.9273,21776,119.1625,466,118.77,74.9564,80.6355,55
1253,402.7931,23362,120.1125,502,118.52,74.5119,80.4024,58
1254,397.8214,22278,121.85,473,121.85,74.2374,80.1278,56
1255,399.3273,21963,119.0875,454,118.85,74.8727,80.6864,55
1256,404.6607,22661,120.175,480,119.43,74.4981,80.3365,56
1257,399.2321,22357,119.0625,470,120.09,75.2132,80.6777,56
1258,400.6545,22036,119.275,456,120.79,75.4511,80.4554,55
1259,399.6909,21983,121.3,480,120.25,74.7701,80.3755,55
1260,399.6182,21979,118.2,493,119.02,74.1781,80.2856,55
1261,400.6182,22034,118.9,474,119.85,74.9195,80.6009,55
1262,392.8182,21605,119,464,120.63,75.0154,80.5754,55
1263,394.7857,22108,119.5,479,118.02,74.5575,80.679,56
1264,393.8214,22054,118.5625,480,120.01,75.1636,80.6776,56
1265,389.3818,21416,118.45,458,118.39,74.876,80.8006,55
1266,396.9107,22227,121.6625,490,120.36,74.9649,80.646,56
1267,399.3636,21965,118.4,511,120.03,74.4287,80.2609,55
1268,402.8,22154,119.4,477,119.73,74.5208,80.531,55
1269,396.1818,21790,120.1125,476,121.06,74.6187,80.6043,55
1270,398.9643,22342,118.8625,469,119.52,74.4022,80.4472,56
1271,399.4364,21969,118.95,467,119.19,74.3935,80.7609,55
1272,402.4643,22538,119.8375,487,119.56,74.405,80.4007,56
1273,404.1091,22226,120.175,460,119.01,74.3316,80.4158,55
1274,399.4909,21972,119.9125,473,118.77,74.097,80.2723,55
1275,403.8421,23019,118.5,473,119.28,74.5579,80.3567,57
1276,399.7636,21987,121.1875,459,120.48,74.3764,80.5773,55
1277,398.2727,21905,119.1125,453,119.1,74.6331,80.3769,55
1278,395.3636,21745,119.475,478,118.97,74.6095,80.7878,55
1279,389.6909,21433,119.775,462,120.48,73.8604,80.169,55
1280,392.7679,21995,118.1375,490,119.65,74.2033,80.2934,56
1281,391.0877,22292,120.4625,476,121.86,74.5742,80.4945,57
1282,390.1818,21460,117.875,514,120.28,73.8293,80.3171,55
1283,385.8909,21224,120.175,456,121.01,74.6579,80.5256,55
1284,385.0727,21179,118.8625,472,118.43,74.1363,80.3783,55
1285,391.4909,21532,119.55,485,118.47,73.919,80.2572,55
1286,391.4643,21922,119.2125,449,120.23,74.1212,80.6155,56
1287,388.0175,22117,119.975,453,119.7,74.2451,80.2335,57
1288,385.5536,21591,119.4375,452,119.36,74.1509,80.4784,56
1289,391.3158,22305,120.1625,473,120.72,74.6835,80.9189,57
1290,388.3036,21745,119.55,474,121.22,74.4056,80.5573,56
1291,387.5636,21316,118.775,478,119.88,74.2993,80.673,55
1292,383.9643,21502,119.175,430,119.65,74.3876,80.57,56
1293,376.0727,20684,118.7375,448,119.05,73.9717,80.6747,55
1294,384.0545,21123,120.2,448,119.6,74.2433,80.9019,55
1295,377.3448,21886,117.9375,454,118.81,74.0923,80.4246,58
1296,380.5818,20932,118.875,468,119.45,73.8706,80.229,55
1297,376.0182,20681,118.4,456,119.98,73.9773,80.6218,55
1298,375.3818,20646,119.7125,442,120.07,73.9416,80.2494,55
1299,372.3455,20479,118.0625,426,119.76,74.1953,80.7835,55
1300,374.8182,20615,120.6625,455,120.39,73.7869,80.6855,55
1301,372.7321,20873,118.2,448,119.49,73.2521,80.4781,56
1302,366.4182,20153,117.8875,436,120.59,73.3476,79.9564,55
1303,371.7455,20446,119.0875,458,120.81,73.5578,80.6315,55
1304,367.6727,20222,119.7625,439,120.15,73.3027,80.4004,55
1305,367.7818,20228,121.3,443,120.04,73.5354,80.476,55
1306,359.2182,19757,119.7875,432,120.42,73.944,80.8001,55
1307,363.8421,20739,118.925,432,119.66,74.0955,80.4705,57
1308,370.2909,20366,118.7375,463,119.19,73.8738,80.6562,55
1309,369.8727,20343,119.025,436,119.62,73.9204,80.5075,55
1310,364.4035,20771,120.8875,449,119.89,74.1854,80.8941,57
1311,364.5273,20049,119.375,445,119.29,73.3305,80.7796,55
1312,369.9636,20348,117.8125,424,119.09,73.9413,80.6123,55
1313,368.2909,20256,118.5125,443,119.34,73.5476,80.3962,55
1314,372.9818,20514,120.225,439,121.91,73.6629,80.775,55
1315,371.6727,20442,118.525,449,119.08,74.327,80.8618,55
1316,368.6545,20276,120.5125,447,120.73,73.902,80.6668,55
1317,372.75,20874,119.8875,450,119.77,74.1563,80.7414,56
1318,374.1636,20579,120.6625,429,120.68,74.0359,80.4844,55
1319,372.8545,20507,120.425,470,120.86,73.7723,80.6524,55
1320,375.6545,20661,119.5625,463,119.79,73.2806,80.3354,55
1321,374.1091,20576,120.5,432,120.53,73.6422,80.3817,55
1322,373.0545,20518,121.0625,441,120.13,74.0588,80.7137,55
1323,366.2143,20508,118.2,420,119.13,73.2873,80.6272,56
1324,366.9273,20181,120.8625,443,119.55,73.974,80.6743,55
1325,368.0727,20244,120.4,440,120.88,73.8569,80.4214,55
1326,372.625,20867,119.775,449,120.07,73.7132,80.2132,56
1327,371.0526,21150,119.075,446,121.07,73.5907,80.4107,57
1328,373,20515,120.05,443,118.98,73.5282,79.8146,55
1329,375.5636,20656,118.725,470,119.26,73.5696,80.2177,55
1330,371.5179,20805,117.775,481,119.47,73.7796,80.4909,56
1331,370.8448,21509,119.1625,445,120.28,73.9145,80.1939,58
1332,380.3571,21300,118.4875,459,119.53,73.2274,80.1755,56
1333,371.4035,21170,119,440,120.08,73.3117,80.364,57
1334,367.9636,20238,119.0625,440,121.06,73.5374,80.0434,55
1335,372.8909,20509,118.2125,426,121.02,73.7405,80.7946,55
1336,362.2909,19926,117.6875,421,119.71,73.7898,80.2986,55
1337,367.0545,20188,119.6125,438,120.13,73.2364,80.6689,55
1338,362.4909,19937,119.1125,426,119.41,73.5111,80.1662,55
1339,362.0727,19914,118.675,421,120.21,73.3682,80.1823,55
1340,361.5636,19886,120.7,444,119.91,73.9438,80.5548,55
1341,361.4643,20242,118.2625,449,118.93,73.153,80.5713,56
1342,359.6364,19780,119.7625,432,119.25,73.8019,80.4621,55
1343,371.3273,20423,118.1,435,119.67,73.5323,80.4071,55
1344,371.7818,20448,119.5625,462,121.38,73.6467,80.0985,55
1345,370.4286,20744,120.6125,437,120.29,73.2275,80.6462,56
1346,363.8214,20374,118.5125,436,119.13,73.6547,80.3791,56
1347,360.0175,20521,119.4,432,120.37,73.0218,80.5618,57
1348,366.2241,21241,119.65,438,118.96,73.3295,80.2791,58
1349,360.5714,20192,117.7875,429,119.91,73.9184,80.4996,56
1350,362.4821,20299,118.7625,441,119.89,73.5173,80.5502,56
1351,363.4545,19990,119.1375,441,119.72,73.6442,80.5436,55
1352,356.7143,19976,119,468,120.66,73.3385,80.2033,56
1353,358.7455,19731,118.4,428,119.64,73.2086,80.3645,55
1354,362.7857,20316,119.2375,453,119.72,74.0223,80.7198,56
1355,361.6545,19891,119.675,428,119.62,73.5149,80.5347,55
1356,358.9455,19742,118.8125,417,120.16,73.4442,80.4141,55
1357,362.1455,19918,117.9625,433,119.08,72.6641,80.2646,55
1358,356.25,19950,118.6625,431,119.69,73.3304,80.4728,56
1359,362.9107,20323,119.4,444,120.4,73.5043,80.0864,56
1360,364.2,20031,119.025,449,120.66,73.5,80.6935,55
1361,361.1818,19865,117.475,428,119.91,73.1693,80.2127,55
1362,360.6364,19835,119.3125,434,118.94,73.3189,80.5423,55
1363,361.5636,19886,119.0625,421,119.62,73.0488,80.2842,55
1364,353.0545,19418,118.2,416,119.83,73.4358,80.5796,55
1365,359.6964,20143,118.4875,426,118.34,73.5998,80.2444,56
1366,360.4821,20187,118.9375,435,119.65,72.9815,79.9751,56
1367,363.7018,20731,118.9125,458,120.08,73.4626,80.7231,57
1368,361.2545,19869,119.225,431,119.48,73.3657,80.3529,55
1369,361.6786,20254,119.275,434,121.35,73.4336,80.1221,56
1370,362.3091,19927,118.1125,449,118.96,73.1475,80.7175,55
1371,364.0182,20021,120.2375,427,120.04,73.5131,80.1122,55
1372,368.7857,20652,118.6875,431,118.76,73.5646,80.4157,56
1373,362.5536,20303,119.725,423,118.89,73.7763,80.432,56
1374,368.0182,20241,120.1375,449,119.85,73.6182,80.5856,55
1375,362.2364,19923,119.6,421,120.27,73.6091,80.8711,55
1376,368.0364,20242,119.075,415,119.74,73.4504,80.2239,55
1377,365.1607,20449,119.5375,428,118.93,73.1353,80.4631,56
1378,364.0909,20025,118.525,455,118.74,73.4885,80.413,55
1379,364.1429,20392,120.3,438,119.95,73.5979,80.4013,56
1380,356.7679,19979,118.925,412,118.8,73.4987,80.6122,56
1381,362.0714,20276,120.95,449,120.68,73.4811,80.466,56
1382,366.5273,20159,118.725,438,119.01,73.3603,80.5983,55
1383,356.6727,19617,119.2,405,120.01,73.6011,80.7572,55
1384,363.3036,20345,119.0375,430,119.79,72.9813,80.1968,56
1385,363.5357,20358,118.375,426,119.52,72.8862,80.2901,56
1386,359.7759,20867,118.8875,435,119.22,73.5193,80.2938,58
1387,364.9636,20073,118.4875,417,121.13,72.9271,80.1528,55
1388,366.4286,20520,120.1125,444,120.67,73.2338,80.3993,56
1389,366.4821,20523,119.725,447,120.13,73.4493,80.5791,56
1390,361.8182,19900,118.5,429,119.62,73.4465,80.3874,55
1391,367.3818,20206,119.0375,424,119.8,73.2291,80.3232,55
1392,363.6545,20001,119.3125,418,120.33,73.134,80.2592,55
1393,365.7636,20117,118.75,441,119.14,73.1273,80.45,55
1394,367.7895,20964,118.2125,472,118.92,73.4544,80.3915,57
1395,368.5273,20269,119.4875,429,120.13,73.2613,80.3475,55
1396,369.8364,20341,118.675,437,120.23,73.7832,80.6378,55
1397,362.5455,19940,119.1625,428,120.14,73.6142,80.2534,55
1398,370.8727,20398,118.975,446,120.58,73.5592,80.4509,55
1399,368.1091,20246,119.5375,426,119.43,73.428,80.2615,55
1400,366.2909,20146,119.9875,411,120.7,73.5801,80.2404,55
1401,374.0182,20571,119.4125,447,120.25,73.7845,80.4646,55
1402,366.9455,20182,119.5875,439,119.63,73.3338,80.0989,55
1403,376.5091,20708,118.4625,442,120.76,73.4253,80.1581,55
1404,368.3273,20258,118.4125,440,120.42,73.0938,80.1867,55
1405,370.0364,20352,118.4875,455,119.6,73.4319,80.2325,55
1406,365.7273,20115,118.5875,430,119.27,73.5533,80.5828,55
1407,364.4576,21503,120.2875,441,119.05,73.228,80.2445,59
1408,369.6607,20701,119.2125,445,119.32,73.3546,80.5643,56
1409,368.5893,20641,118.425,434,121.3,73.2644,80.4673,56
1410,371.0364,20407,119.625,419,120.51,73.1991,80.2874,55
1411,371.6842,21186,120.775,453,119.82,73.5059,80.7776,57
1412,376.9273,20731,119.05,433,120.21,73.2526,80.4718,55
1413,369.7544,21076,119.375,432,119.46,72.7124,80.0842,57
1414,372.4545,20485,118.6125,432,118.49,72.9995,80.3003,55
1415,375.6727,20662,117.575,429,118.89,73.2166,80.6005,55
1416,376.0526,21435,118.5375,447,119.52,73.466,80.6273,57
1417,379.9286,21276,118.0125,444,120.58,72.702,80.3737,56
1418,375.6545,20661,118.075,430,119.44,72.7809,80.3681,55
1419,369.9298,21086,118.725,444,120.18,72.8484,79.8609,57
1420,375.9091,20675,117.025,437,118.88,73.4446,80.3054,55
1421,366.5455,20160,119.1625,429,119.21,73.7807,80.5347,55
1422,367.7636,20227,119.8875,435,119.87,73.2166,80.5214,55
1423,367.5273,20214,120.775,421,120.38,72.3681,80.3842,55
1424,366.5893,20529,119,431,119.53,73.2086,80.4179,56
1425,366.4364,20154,119.25,418,118.34,72.727,80.6438,55
1426,361.6909,19893,119.075,412,120.02,72.7988,80.6367,55
1427,356.0357,19938,117.9,446,119.61,72.1268,80.5945,56
1428,366.5273,20159,119.475,449,119.83,72.3594,80.7385,55
1429,364.0909,20025,118.075,426,119.55,71.8355,80.8391,55
1430,360.6,19833,118.1875,419,118.9,72.179,80.8587,55
1431,364.4107,20407,120.9,412,118.9,71.9055,80.5991,56
1432,366.9455,20182,118.8625,437,119.25,71.7125,80.3745,55
1433,363.75,20370,119.1625,434,119.57,71.2303,80.4182,56
1434,358.8909,19739,119.6,426,120.62,71.2563,80.7685,55
1435,355.6,19558,120.2625,430,121,70.7985,80.872,55
1436,363.5636,19996,119.4375,430,120.71,71.1944,80.9453,55
1437,356.4667,21388,118.3875,415,119.4,71.1593,80.9345,60
1438,355.9818,19579,118.35,399,118.32,70.8763,81.1735,55
1439,356.4909,19607,119.1,441,118.91,70.5583,80.9751,55
1440,359.8214,20150,119.25,434,120.24,70.8131,81.1855,56
1441,358.3091,19707,119.1375,418,119.14,70.4456,80.6104,55
1442,356.6364,19615,119.5,437,120.31,70.472,81.4194,55
1443,354.2545,19484,118.975,410,119.67,70.1404,80.5524,55
1444,358.5893,20081,119.8625,416,118.49,70.0637,81.1658,56
1445,357.0893,19997,119.5375,430,119.33,70.5966,81.0187,56
1446,358.3455,19709,118.8125,447,118.56,70.3638,80.9175,55
1447,362.6607,20309,118.325,408,119.49,70.2913,80.6388,56
1448,358.4483,20790,119.2,426,119.52,69.944,80.9752,58
1449,367.7273,20225,118.2125,449,119.54,70.1087,80.9984,55
1450,363.1273,19972,118.85,456,119.02,70.2889,81.354,55
1451,375.3036,21017,119.6625,465,118.57,70.2504,81.0643,56
1452,369.614,21068,118.6625,427,118.81,70.1513,80.8992,57
1453,372.9273,20511,118.05,430,120.54,70.0108,81.3129,55
1454,371.25,20790,119.2625,439,119.78,70.4706,81.0968,56
1455,376.4107,21079,118.775,432,120.12,70.0174,80.8345,56
1456,374.1273,20577,118.7375,440,119,69.894,80.9573,55
1457,375.3273,20643,118.775,451,119.56,70.8698,81.7716,55
1458,372.5455,20490,119.0625,434,119.97,69.8144,81.31,55
1459,375.7818,20668,118.875,454,119.06,70.1852,81.2964,55
1460,380.6,20933,119.5,441,120.35,70.3093,81.5423,55
1461,380.6364,20935,120.375,448,119.56,69.9885,81.1402,55
1462,387.9821,21727,119.775,468,120.99,70.3836,81.5495,56
1463,388.5273,21369,119.775,448,118.85,69.9624,81.0738,55
1464,394.6364,21705,118.2875,504,118.96,69.9561,81.0441,55
1465,384.2909,21136,119.8,462,119.4,70.0486,81.1338,55
1466,380.7719,21704,120.0625,453,120.18,69.872,81.0797,57
1467,378.6182,20824,120.1375,450,119.38,70.3299,81.6455,55
1468,380.4464,21305,119.925,460,119.29,69.3536,81.1371,56
1469,378.4,20812,120.875,419,120.21,70.3254,81.448,55
1470,371.2545,20419,118.8625,415,120.12,70.3287,81.4651,55
1471,373.2727,20530,118.275,426,119.73,69.8344,81.4206,55
1472,374.3091,20587,119.6,437,119.61,70.0524,81.2979,55
1473,372.7091,20499,119.425,436,121.63,69.952,81.1229,55
1474,372.8036,20877,120.25,423,119.19,69.5382,81.1679,56
1475,374.5818,20602,117.775,440,119.44,69.863,81.5037,55
1476,367.6727,20222,118.525,441,119.89,69.6579,81.2713,55
1477,362.0877,20639,119.9375,423,119.14,69.5042,81.4775,57
1478,368.1636,20249,118.5625,436,119.91,69.337,81.3801,55
1479,363.5536,20359,119.3125,412,119.88,69.3206,81.2405,56
1480,365.375,20461,120.0375,408,120.85,69.618,81.1905,56
1481,367.0364,20187,119.1,436,119.53,69.2092,81.062,55
1482,370.2727,20365,118.975,430,120.11,69.7554,81.674,55
1483,361.8929,20266,118.1375,417,119.81,69.3024,81.376,56
1484,363.4211,20715,117.9875,444,119.15,69.3344,81.4513,57
1485,368.3393,20627,120.65,445,121.01,69.4882,81.5884,56
1486,369.9636,20348,118.725,416,119.96,69.4569,81.2957,55
1487,369,21402,118.5625,428,118.41,68.8735,81.2432,58
1488,365,20075,118.2375,417,119.12,69.1837,81.0836,55
1489,371.5536,20807,118.8,432,118.84,69.3969,81.5386,56
1490,370.4286,20744,118.5125,429,120.67,69.4471,81.3926,56
1491,375.1091,20631,120.6625,455,121.26,69.2685,81.4599,55
1492,375.9286,21052,119.9875,442,119.03,69.5057,81.4111,56
1493,374.8182,20615,121.55,434,120.36,69.1576,81.3262,55
1494,376.4545,20705,119.075,436,120.21,69.3063,81.1085,55
1495,378.9273,20841,120.3875,434,120.1,69.2851,81.4723,55
1496,372.0526,21207,119.975,502,120.54,69.04,81.6847,57
1497,373.2321,20901,119.5,441,119.22,69.252,81.3474,56
1498,372.7818,20503,119.2,449,120.09,69.4208,81.547,55
1499,368.7818,20283,120.3875,425,119.03,69.2902,81.3185,55
1500,371.7818,20448,118.925,433,119.13,69.3611,81.8136,55
