1,393.2581,48764,115.4875,552,115.32,117.2634,51.4728,124
2,389.879,48345,114.825,536,115.54,117.5284,51.3711,124
3,389.8548,48342,113.6,535,114.91,117.4629,51.1284,124
4,388.2734,49699,114.7,535,115.74,117.4282,51.5546,128
5,386.24,48280,114.3,547,115.13,117.6097,51.2133,125
6,390.129,48376,114.725,554,115.08,117.368,51.474,124
7,391.688,48961,113.8,528,114.91,117.442,51.4679,125
8,388.2381,48918,113.3625,538,115.18,117.4599,51.4339,126
9,388.3871,48160,114.0875,540,115.52,117.4551,51.4363,124
10,391.3548,48528,114.9375,543,114.54,117.4868,51.3337,124
11,389.874,49514,114.825,528,116.3,117.4072,51.7591,127
12,386.127,48652,112.9875,555,114.28,117.6297,51.4902,126
13,388.6349,48968,114.15,582,115.48,117.5793,51.6987,126
14,390.7097,48448,113.6125,534,115.59,117.5454,51.4488,124
15,390.9355,48476,114.225,526,114.75,117.512,51.4343,124
16,390.9274,48475,113.7625,545,114.56,117.3384,51.7743,124
17,386.4524,48693,113.4875,549,116.09,117.6435,51.2202,126
18,391.6508,49348,113.45,593,114.27,117.6036,51.2726,126
19,388.2177,48139,114.0625,541,115.54,117.4991,51.6229,124
20,390,48360,113.8,527,115.86,117.8361,51.2541,124
21,391.5,48546,114.1875,534,114.19,117.4189,51.193,124
22,388.1613,48132,113.15,534,114.33,117.7923,51.1215,124
23,392.5242,48673,114.75,534,116.03,117.6465,51.1015,124
24,392.2661,48641,113.9,568,115.26,117.4863,51.4153,124
25,387.8548,48094,114.2875,570,114.61,117.8227,51.1044,124
26,386.8145,47965,115.2875,551,116.09,117.2305,51.7166,124
27,384.5476,48453,113.05,549,115.89,117.8113,51.241,126
28,385.379,47787,113.75,528,114.74,117.6156,51.389,124
29,386.4762,48696,113.275,542,114.43,117.8357,50.9607,126
30,385.9435,47857,114.3375,547,115.33,117.8973,51.1723,124
31,384.2063,48410,112.975,528,115.56,117.6444,51.2719,126
32,383.754,48353,113.125,531,115.8,117.7864,50.9691,126
33,386.8413,48742,114.075,548,115.51,117.5742,51.4711,126
34,390.8065,48460,115.45,572,116.25,117.7988,51.1826,124
35,384.9032,47728,115.1125,555,115.39,117.5968,51.3373,124
36,382.0448,51194,114.6375,596,115.06,117.625,51.6272,134
37,387.6774,48072,114.325,555,115.71,117.7472,51.1829,124
38,390.3871,48408,114.0875,551,114.29,117.6841,51.5432,124
39,385.6613,47822,113.35,540,115.92,117.774,51.3693,124
40,384.928,48116,113.75,537,115.3,117.5666,51.6536,125
41,386.5161,47928,114.5375,527,116.29,117.4085,51.436,124
42,383.1339,48658,113.525,543,114.22,117.9994,51.2354,127
43,384.648,48081,114.2,509,114.73,117.646,51.3347,125
44,385.0916,50447,114.025,541,114.78,118.0133,51.3275,131
45,390.5,48422,113.975,534,115.15,117.7364,51.226,124
46,384.2403,49567,112.8375,523,115.2,117.5576,51.4899,129
47,384.9194,47730,115.4,537,115.9,117.7841,51.2462,124
48,382.9609,49019,113.775,530,114.73,117.5561,51.511,128
49,388.2823,48147,114.95,508,115.45,118.0171,51.0406,124
50,383.5806,47564,115.45,538,116.5,117.9964,51.316,124
51,387.424,48428,114.925,537,115.69,117.8887,51.0781,125
52,389.3306,48277,115.6375,524,116.35,117.9428,51.2974,124
53,385.5081,47803,113.525,508,114.64,117.8388,51.259,124
54,384.4016,48819,113.525,535,115.87,117.6976,51.5065,127
55,382.119,48147,115.1375,568,115.03,117.8729,51.1713,126
56,385.0565,47747,114.475,560,114.87,117.4524,51.6978,124
57,381.8016,48107,113.425,565,115.9,117.9008,51.4009,126
58,384.1069,50318,114.5625,548,115.34,117.9438,51.3223,131
59,384.6,48075,114.6,527,115.01,118.0135,50.9028,125
60,388.25,48143,114.5625,535,114.68,117.8102,51.1902,124
61,383.6032,48334,114.1,531,115.11,117.9104,51.5945,126
62,381.1905,48030,114.1125,535,115.22,118.0108,51.163,126
63,382.32,47790,114.7375,562,114.47,118.0232,50.9187,125
64,379.616,47452,113.7125,539,114.74,118.0567,51.1832,125
65,383.9516,47610,113.3625,518,115.75,117.9146,51.329,124
66,381.381,48054,113.675,547,114.72,117.7569,51.4109,126
67,384.5242,47681,113.7875,547,115.22,117.8483,51.3935,124
68,379.7109,48603,113.775,525,115.6,117.7543,51.3922,128
69,382.136,47767,113.3625,555,114.36,118.1633,50.9107,125
70,382.937,48633,114.6125,517,115.79,118.0105,51.2866,127
71,379.5891,48967,113.7625,525,115.31,118.0959,51.3079,129
72,384.536,48067,113.6375,547,113.8,117.9655,51.0624,125
73,384.056,48007,112.7375,523,114.54,118.1209,51.1301,125
74,378.872,47359,115.6125,538,115.16,118.2385,51.2802,125
75,384.8468,47721,114.075,526,114.63,118.0345,51.1603,124
76,386.2258,47892,114.075,545,115.19,118.1288,51.1024,124
77,385.48,48185,114.2,534,116.76,118.1073,50.9718,125
78,383.168,47896,113.6875,519,115.73,118.1072,51.3285,125
79,382.8306,47471,114.75,539,115.48,118.2646,51.1672,124
80,381.4841,48067,114.975,514,116.1,118.1721,50.9822,126
81,385.28,48160,114.05,534,114.94,118.3329,51.1762,125
82,384.6172,49231,113.9875,551,114.3,118.2,51.3485,128
83,380.752,47594,113.4125,519,114.64,118.2209,50.9031,125
84,382.184,47773,115.575,514,116.36,118.3109,51.1804,125
85,383.224,47903,114.25,534,115.17,118.3783,51.1075,125
86,382.136,47767,115.5375,542,116.27,118.3451,50.8659,125
87,383.272,47909,113.2,525,114.72,118.3366,50.9262,125
88,381.3871,47292,114,500,114.98,118.1794,51.0481,124
89,382.4677,47426,113.6125,534,115.02,118.3644,51.1697,124
90,380.0806,47130,114.8125,542,115.56,118.3216,50.7415,124
91,379.3906,48562,114.8375,522,115.31,118.0758,51.2822,128
92,382.224,47778,114.2,517,115.41,118.3667,51.1797,125
93,376.797,50114,114.1125,519,114.78,118.3583,51.2312,133
94,381.1855,47267,113.15,527,115.88,118.4238,51.0957,124
95,381.304,47663,113.775,564,114.79,118.343,51.1783,125
96,378.872,47359,114.2625,502,114.46,118.339,51.2206,125
97,380.0403,47125,113.95,530,114.84,118.3346,51.0998,124
98,382.119,48147,114.3875,518,115.22,118.316,51.1039,126
99,382.3175,48172,112.975,529,115.13,118.2341,51.3741,126
100,379.768,47471,113.175,520,114.71,118.3717,51.0207,125
101,380.7016,47207,115.4,510,115.8,118.3233,51.1709,124
102,384.2258,47644,114.125,525,116.9,118.3306,51.1872,124
103,385.7177,47829,113.6625,526,115.48,118.5315,50.9963,124
104,383.0323,47496,113.8625,509,116.56,118.3435,51.2745,124
105,380.776,47597,115.05,537,116.4,118.5542,50.8555,125
106,384.6774,47700,113.3375,545,114.85,118.4526,51.0555,124
107,378.5512,48076,112.85,511,114.62,118.4562,51.0064,127
108,379.664,47458,114.2375,511,115.27,118.7962,50.9169,125
109,380.9113,47233,114.3375,571,115.28,118.5736,50.9602,124
110,383.6855,47577,114.1375,543,115.4,118.5391,51.2643,124
111,378.752,47344,115.1375,525,114.81,118.5534,51.2139,125
112,385.032,48129,114.1625,528,114.71,118.4443,51.4704,125
113,378.5645,46942,115,504,114.83,118.6435,50.8662,124
114,382.6694,47451,113.525,560,114.85,118.8262,50.806,124
115,379.544,47443,114.1,531,115.18,118.8354,50.8872,125
116,380.856,47607,114.025,522,115.78,118.5139,51.2267,125
117,379.504,47438,114.7375,511,115.03,118.3142,51.4915,125
118,383.7903,47590,113.5,509,115.73,119.0274,50.8694,124
119,378.4762,47688,115.4,524,114.92,118.2765,51.2987,126
120,377.296,47162,115.225,507,115.78,118.9419,50.7577,125
121,379.0079,47755,114.375,521,115.84,118.6276,51.3052,126
122,378.3672,48431,112.6875,570,114.68,118.7145,51.0469,128
123,383.2903,47528,116.2,533,116,118.8112,51.2279,124
124,382.0887,47379,114.8625,522,115.22,118.7546,50.9716,124
125,381.552,47694,115.9125,526,115.65,118.5993,50.9561,125
126,381.121,47259,114.175,513,115.44,118.7732,50.8276,124
127,374.9194,46490,114.4375,511,114.68,119.2529,50.2997,124
128,379.176,47397,113.25,498,115.47,119.0018,50.7612,125
129,380.5081,47183,113.7125,523,114.59,119.013,51.0883,124
130,379.5645,47066,115.2,578,115.07,118.7379,51.1819,124
131,375.0394,47630,114.2625,502,115.73,118.9791,50.8765,127
132,381.6935,47330,115.8125,540,117.08,118.9631,50.9079,124
133,378.1349,47645,114.2875,518,114.89,118.9721,51.0335,126
134,383.121,47507,113.8,529,114.79,119.109,50.9108,124
135,377.656,47207,112.9375,503,114.94,118.9366,50.8117,125
136,381.392,47674,113.7125,523,115.12,119.0166,50.9931,125
137,376.6825,47462,114.4375,512,114.46,119.0579,51.1853,126
138,377.0726,46757,113.0875,519,114.97,119.2569,50.8166,124
139,382.7698,48229,112.8625,577,114.48,118.9485,51.2397,126
140,377.9531,48378,113.825,534,114.15,119.1961,51.0675,128
141,377.992,47249,114.475,526,114.36,119.2318,50.6241,125
142,380.879,47229,115.775,521,116.65,119.3041,50.4162,124
143,377.2283,47908,113.7,539,115.78,119.229,50.9644,127
144,381.4435,47299,114.5,535,115.31,119.256,50.7917,124
145,379.5873,47828,114.3375,534,115.03,118.9075,51.2089,126
146,378.9692,49266,113.9375,515,114.83,119.4619,50.4999,130
147,376.6614,47836,113.625,530,115.03,119.0381,51.0687,127
148,375.9318,49623,114.5,531,114.93,119.3109,51.1309,132
149,378.6774,46956,114.45,523,115.63,119.1039,51.1095,124
150,381.1129,47258,115.0875,523,115.04,119.6316,50.4347,124
151,378.5887,46945,114.3,525,115.14,119.2891,50.887,124
152,380.928,47616,113.6,519,116.18,119.3997,50.8007,125
153,380.5887,47193,115.475,526,116.38,119.3237,50.8257,124
154,381.4841,48067,114.8125,518,115.34,119.5534,50.6596,126
155,379.6825,47840,115.225,527,114.78,119.3771,50.9798,126
156,380.879,47229,113.975,513,115.07,119.2285,50.9039,124
157,379.9921,47879,114.4625,533,116.74,119.4639,50.6793,126
158,377.736,47217,114.5125,552,114.85,119.4698,50.8535,125
159,381.8306,47347,115.0625,536,116.5,119.1445,50.8293,124
160,378.627,47707,114.275,507,115.48,119.5885,50.6474,126
161,375.8387,46604,113.975,522,114.59,119.4037,50.5095,124
162,377.584,47198,114.6625,528,115.67,119.6904,50.4016,125
163,381.6532,47325,113.7875,511,115.74,119.5298,50.7735,124
164,379.6774,47080,113.8875,525,115.68,119.4143,51.1753,124
165,378.4127,47680,114.3375,548,115.72,119.4428,50.8602,126
166,384.9839,47738,113.725,569,115.1,119.3513,50.7625,124
167,379.7984,47095,114.1625,529,114.92,119.7056,50.3941,124
168,379.0472,48139,114.5125,516,115.55,119.6949,50.7708,127
169,381.0081,47245,113.9,529,114.39,119.7969,50.2037,124
170,377.2576,49798,113.9875,508,115.12,119.6436,50.8055,132
171,380.688,47586,114.725,512,114.09,119.6684,50.7829,125
172,379.9113,47109,114.65,516,115.11,119.7707,50.7538,124
173,382.3145,47407,114.825,557,115.57,119.9261,50.5911,124
174,379.3629,47041,114.125,533,115.09,119.8259,50.7501,124
175,377.488,47186,113.9375,549,116.76,119.647,50.8162,125
176,377.3952,46797,113.775,494,115.17,119.3797,50.9382,124
177,379.7661,47091,114.8,512,115.31,119.7767,50.5773,124
178,383.1032,48271,114.0625,531,116.54,119.9575,50.7867,126
179,378.3548,46916,113.95,530,115.68,119.9667,50.5236,124
180,376.6452,46704,113.8125,546,115,119.7446,50.6769,124
181,375.4516,46556,114.15,543,115.97,119.989,50.348,124
182,382.128,47766,113.5625,535,114.65,119.589,50.9761,125
183,384.576,48072,114.2875,523,115.17,119.7894,50.7415,125
184,376.2422,48159,115.15,512,115.76,119.7518,50.861,128
185,375.8016,47351,113.4875,505,115.69,119.9423,50.4991,126
186,377.0157,47881,114.475,522,114.5,119.8306,50.9409,127
187,377.3306,46789,115.275,495,115.24,119.7892,50.6881,124
188,377.576,47197,115.3375,554,115.43,120.1696,50.2087,125
189,371.5625,47560,114.5375,506,115.39,119.5835,51.1137,128
190,378.872,47359,114.6,518,117.89,120.1319,50.595,125
191,377.168,47146,116.575,515,115.88,119.5795,50.8805,125
192,374.224,46778,115.4875,537,115.45,119.8994,50.4934,125
193,380.2097,47146,114.4625,540,114.74,119.9867,50.4172,124
194,374.3871,46424,113.2125,524,115.21,119.8913,50.9261,124
195,380.0242,47123,114.0625,536,114.64,119.9242,50.5883,124
196,377.896,47237,113.5375,533,114.62,119.8433,50.3786,125
197,375.5806,46572,113.625,496,113.63,120.0322,50.7486,124
198,377.0873,47513,114.725,517,114.33,119.6545,50.8773,126
199,377.2903,46784,113.375,532,114.72,119.9663,50.3535,124
200,374.6452,46456,113.925,514,114.29,119.858,50.7895,124
201,370.0763,48480,113.9375,523,115.88,119.99,50.6718,131
202,376.84,47105,113.4875,549,114.02,120.0398,50.4573,125
203,375.2937,47287,114.8375,498,114.23,120.1993,50.9095,126
204,375.1048,46513,114.025,516,115.71,120.0418,50.8346,124
205,373.129,46268,114.5875,515,115.3,120.1047,50.5263,124
206,379.6935,47082,112.3375,524,114.86,120.1888,50.3168,124
207,375.0403,46505,114.0875,540,114.39,119.9284,50.6251,124
208,374.4762,47184,113.9,504,114.94,120.0272,50.3998,126
209,373.656,46707,114.0625,529,114.61,120.3363,50.576,125
210,380.5323,47186,114.35,547,114.93,120.0276,51.0193,124
211,375.8145,46601,114.975,517,114.62,120.1482,50.4978,124
212,377.3871,46796,113.5875,520,114.82,119.9756,50.5212,124
213,372.3016,46910,114.05,509,113.78,120.4668,50.5353,126
214,375.768,46971,114.3125,520,115.38,120.0974,50.7005,125
215,377.1855,46771,112.65,521,115.3,120.4118,50.3371,124
216,377.2063,47528,113.725,542,113.91,120.2083,50.4953,126
217,373.5726,46323,113.125,488,114.63,120.0357,50.5368,124
218,376.5317,47443,115.675,501,115.75,120.2339,50.5486,126
219,369.0602,49085,113.5375,526,116.02,120.1366,50.8491,133
220,368.7704,49784,114.9125,534,114.69,120.3823,50.906,135
221,369.9621,48835,113.3,507,114.79,120.1652,50.7157,132
222,377.904,47238,113.2875,513,115.41,120.3729,50.3665,125
223,373.7177,46341,113.0625,517,114.48,120.3111,50.3964,124
224,372.84,46605,114.2,536,116.08,120.5957,50.143,125
225,375.0968,46512,114.7875,524,114.65,120.3958,50.4322,124
226,376.8548,46730,114.6375,508,115.46,120.2409,50.5051,124
227,377.6667,47586,114.5,515,115.37,120.3356,50.9193,126
228,377.9758,46869,114.3125,511,115.58,120.0902,50.3834,124
229,375.6613,46582,113.825,523,114.93,119.978,50.6735,124
230,376.5645,46694,115.975,499,114.93,120.318,50.414,124
231,375.8492,47357,113.6,533,114.71,120.2148,50.4427,126
232,370.0315,46994,113.925,547,114.97,120.1027,50.8862,127
233,371.16,46395,113.775,510,113.64,120.4511,50.5088,125
234,373.0081,46253,114.0375,532,114.69,120.7757,49.9409,124
235,371.408,46426,113.4875,512,115.14,120.2402,50.7147,125
236,377.2823,46783,113.4375,498,115.41,120.2917,50.4813,124
237,374.6129,46452,113.05,508,115.36,120.3994,50.4,124
238,375.6532,46581,113.575,528,114.89,120.5165,50.429,124
239,376.312,47039,114.45,506,115.2,120.2401,50.6763,125
240,373.168,46646,114.0625,503,115.14,120.2223,50.5363,125
241,371.3492,46790,113.325,531,114.89,120.4549,50.2841,126
242,370.6694,45963,114.6,525,114.5,120.3282,50.7212,124
243,375.3226,46540,113.925,513,116.03,120.4634,50.5594,124
244,374.3629,46421,114.2625,571,114.79,120.3993,50.3455,124
245,370.1969,47015,114.75,511,114.69,120.3211,50.8551,127
246,373.176,46647,113.7625,525,114.88,120.3405,50.6866,125
247,374.1048,46389,113.375,503,114.59,120.2655,50.5493,124
248,372.3411,48032,113.775,510,114.78,120.3225,50.6714,129
249,371.629,46082,114.9,515,114.91,120.5346,50.2385,124
250,369.1452,45774,115.15,533,115.1,120.1001,50.3544,124
251,370.392,46299,114.55,535,115.02,120.2782,50.6396,125
252,372.1746,46894,113.9625,529,114.39,120.2373,50.3745,126
253,370.7087,47080,113.2,493,115.58,120.4591,50.2343,127
254,375.3145,46539,113.4875,496,115.6,120.0229,50.8226,124
255,374.121,46391,114.225,494,115.95,120.4303,50.2004,124
256,368.685,46823,114.9,487,116.22,120.5448,50.5029,127
257,372.9365,46990,115.025,550,116.96,120.6626,50.2946,126
258,375.4032,46550,114.2875,513,115.5,120.26,50.4881,124
259,369.4032,45806,113.9,499,116.09,120.614,50.2832,124
260,373.72,46715,113.2125,532,115.05,120.8204,50.1997,125
261,373.3307,47413,114.475,524,114.72,120.5222,50.1443,127
262,369.9274,45871,113.925,529,114.16,120.3133,50.7344,124
263,372.4444,46928,113.4,500,114.83,120.1913,50.711,126
264,372.3306,46169,113.65,539,114.01,120.6622,49.8723,124
265,368.168,46021,115.05,507,115.63,120.3125,50.738,125
266,372.56,46570,113.725,510,115.31,120.6712,50.3489,125
267,373.7302,47090,112.7375,503,115.23,120.2958,50.4528,126
268,373.136,46642,113.0125,507,115.51,120.617,50.1793,125
269,369.456,46182,114.15,536,115.01,120.7677,50.0989,125
270,368.968,46121,112.9375,499,115.54,120.5809,50.5125,125
271,368.5806,45704,114.3375,546,114.96,120.6827,50.0909,124
272,368.0472,46742,115.0375,520,116.3,120.6353,50.1183,127
273,370.5403,45947,113.625,509,114.67,120.5433,50.4769,124
274,371.68,46460,113.1125,532,115.05,120.9637,49.9031,125
275,371.5118,47182,113.4125,519,115.5,120.6072,50.4073,127
276,368.912,46114,113.525,499,114.71,120.733,49.98,125
277,373.3871,46300,113.2875,534,114.35,120.6085,50.3381,124
278,372.456,46557,112.825,532,114.64,120.5966,50.252,125
279,371.352,46419,113.45,517,114.36,120.7661,50.1976,125
280,370.28,46285,113.6,501,114.67,120.5202,50.404,125
281,370.3307,47032,114.2625,545,113.9,120.7254,50.4066,127
282,367.5645,45578,114.2375,518,115.38,120.7545,50.4102,124
283,373.5645,46322,114.3875,519,114.6,120.7338,50.2511,124
284,368,45632,113.2625,519,115.34,121.0984,50.1343,124
285,369.7339,45847,113.8125,525,115.64,120.7378,50.0456,124
286,373.9194,46366,113.325,490,115.59,120.8674,50.2538,124
287,373.1371,46269,113.8125,534,114.89,120.6802,50.4743,124
288,369.312,46164,113.9875,522,115.08,120.9648,50.2299,125
289,372.4113,46179,112.7125,520,115.02,120.7492,50.5423,124
290,369.9286,46611,113.925,488,114.24,120.6696,50.3468,126
291,370.6667,46704,115.6625,514,116.11,121.0905,50.263,126
292,372.2097,46154,115.025,532,114.61,120.8358,50.4328,124
293,371.584,46448,113.625,507,115.05,120.8768,50.0902,125
294,367.1069,48091,113.7875,522,113.98,120.8352,50.2723,131
295,372.112,46514,113.0875,521,115.61,121.0996,50.3199,125
296,369.088,46136,113.225,479,114.97,120.7548,50.7334,125
297,370.528,46316,113.05,511,114.59,121.0551,50.0372,125
298,369.1575,46883,113.625,521,115.16,121.0036,50.344,127
299,374.6935,46462,113.8125,514,114.71,121.1489,49.933,124
300,368.256,46032,112.6625,511,114.58,121.0395,50.1392,125
301,370.5403,45947,112.625,497,113.88,120.9622,50.1139,124
302,370.6613,45962,113.65,514,114.96,121.1555,49.9774,124
303,364.1185,49156,113.325,505,115.07,120.9338,50.3987,135
304,369.8629,45863,114.5375,516,115,120.9539,49.9012,124
305,368.264,46033,114.975,506,114.53,120.9237,50.0743,125
306,370.464,46308,113.1625,493,116.04,121.134,50.2025,125
307,368.121,45647,113.825,523,114.88,121.0034,50.0616,124
308,371.832,46479,113.9375,509,114.65,121.0675,50.0082,125
309,366.328,45791,113.725,501,114.5,121.0391,50.0844,125
310,366.376,45797,114.1375,504,114.51,121.1782,50.0173,125
311,363.6746,45823,112.7875,509,115.52,120.9195,50.0683,126
312,367.7903,45606,112.5,505,114.42,120.9562,50.2491,124
313,366.5565,45453,114.3875,528,115.44,121.0926,50.1522,124
314,367.9921,46367,114.775,505,115.1,120.8515,49.9988,126
315,366.7381,46209,113.7,511,114.48,121.0766,49.8656,126
316,368.0317,46372,113.6875,506,114.25,121.0545,49.8662,126
317,369.6694,45839,113.125,510,114.08,120.7861,50.0586,124
318,370.8306,45983,113.5375,497,114.17,120.9411,50.0527,124
319,369.9839,45878,114.2625,499,114.61,121.1977,50.2776,124
320,362.9845,46825,114,499,114.52,120.7791,50.4322,129
321,367,46609,113.4375,528,113.84,121.0261,50.1855,127
322,370.3952,45929,114,516,114.2,121.0583,49.8848,124
323,364.7852,49246,113.2375,545,115.51,121.1251,50.4111,135
324,367.056,45882,114.425,491,114.89,121.0173,50.1107,125
325,365.384,45673,113.0625,486,115.08,121.0851,50.065,125
326,368.4127,46420,113.825,513,114.41,121.0503,50.2301,126
327,368.3175,46408,114.6625,531,114.81,120.9563,50.3989,126
328,366.92,45865,113.3375,506,114.8,121.1409,49.9987,125
329,370.4516,45936,113.4125,516,114.71,121.0033,50.1764,124
330,365.48,45685,114.6375,499,114.65,121.0012,50.1758,125
331,370.0242,45883,114.3375,503,114.95,121.2618,49.7751,124
332,369.1508,46513,114.675,509,115.14,121.2656,49.9234,126
333,370.0317,46624,114.3,531,115.25,121.0658,50.2631,126
334,369.1855,45779,114.2875,519,114.19,121.0299,49.9217,124
335,368.7097,45720,114.2875,522,113.58,120.9349,49.9677,124
336,370.904,46363,113.2125,509,113.44,120.989,49.9945,125
337,364.0551,46235,113.9625,496,115.55,121.1543,49.8893,127
338,366.9032,45496,113.425,523,115.16,121.2238,49.9953,124
339,368.568,46071,112.6125,515,115.22,121.2176,49.8867,125
340,366.872,45859,114.4625,500,114.65,121.1254,50.0508,125
341,366.879,45493,113.1125,515,115.16,121.1892,49.6682,124
342,363.7016,45099,113.675,504,115.3,121.3624,49.8288,124
343,366.6694,45467,113.475,477,113.96,121.142,50.224,124
344,366.1746,46138,114.725,497,115.39,121.1844,50.1996,126
345,369,45756,113.7375,494,115.01,121.1366,49.8772,124
346,369.6562,47316,113.25,511,115.43,121.319,50.2229,128
347,369.127,46510,113.85,510,115.48,121.0579,49.8632,126
348,370,46250,113.8,492,115.15,121.049,50.2446,125
349,364.1429,45882,113.55,496,114.87,121.0843,50.1146,126
350,364.6129,45212,114.5,512,115.49,121.5948,49.6919,124
351,366.7823,45481,113.95,491,114.75,121.106,49.9902,124
352,366.3065,45422,113.2625,493,114.18,120.9039,50.3401,124
353,365.184,45648,113.7,482,116.36,121.1682,49.9662,125
354,365.816,45727,113.55,512,114.18,121.2647,49.8205,125
355,363.315,46141,115.1375,517,115.44,121.4665,49.8781,127
356,366.664,45833,113.7875,490,115.07,121.071,50.4089,125
357,363.2097,45038,114.625,478,114.02,120.9544,49.9517,124
358,367.379,45555,114.1625,517,115.11,121.0756,50.4069,124
359,364.2419,45166,113.9,510,114.46,121.2844,50.0088,124
360,364.9524,45984,114.4,509,113.91,121.3931,49.8532,126
361,365.4365,46045,114.625,514,115.1,121.2983,49.9918,126
362,366.0565,45391,113.6125,536,115.03,121.2995,49.81,124
363,361.4844,46270,114.1,473,114.53,121.3724,50.0414,128
364,367.2742,45542,114.95,506,114.81,121.0496,50.1987,124
365,369.4032,45806,113.05,505,115.15,121.1679,49.8771,124
366,371.5323,46070,113.8875,501,115,121.1183,49.783,124
367,366.9764,46606,113.325,508,114.48,121.1655,49.9712,127
368,365.8468,45365,114.8875,479,113.66,121.2901,49.6689,124
369,367.36,45920,113.3125,477,115.21,121.1474,50.1525,125
370,365.2742,45294,115.4375,527,116.03,121.1499,50.3059,124
371,365.1832,47839,114.75,528,114.05,120.9832,50.5058,131
372,364.6452,45216,113.5375,510,115.93,121.5765,49.6444,124
373,370.952,46369,114.5625,498,114.34,121.4645,49.9139,125
374,364.5,47385,114.0125,512,114.5,121.2646,50.1969,130
375,367.9758,45629,114.05,488,117.45,121.1316,49.8342,124
376,367.264,45908,113.925,508,114.45,121.4991,49.5673,125
377,360.936,45117,114.0375,515,113.59,121.4383,49.5645,125
378,361.3386,45890,114.125,513,114.73,121.378,50.1666,127
379,366.872,45859,116.425,506,116.32,121.3167,49.9816,125
380,359.9524,45354,113.875,508,116.11,121.2313,49.9804,126
381,368.568,46071,113.825,503,115.52,121.1422,50.1605,125
382,364.4173,46281,113.175,514,114.57,121.4103,50.1699,127
383,358.188,47639,114.075,481,114.65,121.1853,50.2663,133
384,364.9839,45258,114.0125,496,115.43,121.2966,50.1109,124
385,366.4,45800,114.725,500,114.58,121.3029,49.7666,125
386,362.1923,47085,113.8625,529,115.57,121.2703,49.805,130
387,368.0794,46378,113.1,527,114.86,121.0959,50.1467,126
388,367.7258,45598,113.4,490,114.89,121.4886,49.9066,124
389,368.0565,45639,114.5,499,114.98,121.2122,49.8482,124
390,362.1969,45999,113.875,510,115.66,121.4551,49.8062,127
391,365.712,45714,113.55,522,115.6,121.4202,49.9406,125
392,361.5512,45917,113.8375,498,115.27,121.5104,50.0272,127
393,360.9552,48368,114.825,488,115.27,121.4495,49.9601,134
394,363.5968,45086,113.4125,502,114.36,121.2589,49.9721,124
395,364.9291,46346,114.8125,518,114.94,121.5881,49.7077,127
396,362.2742,44922,114.2625,497,115.62,121.2909,49.7706,124
397,360.088,45011,114.3375,489,113.97,121.2672,49.6249,125
398,365.8871,45370,112.5375,509,115.6,121.2143,49.9163,124
399,360.36,45045,113.825,490,114.87,121.5643,49.9322,125
400,363.392,45424,114.2875,510,114.46,121.5902,49.7451,125
401,362.296,45287,112.825,502,115.3,121.2335,49.8752,125
402,359.155,46331,114.1875,517,113.62,121.3148,50.0797,129
403,362.9677,45008,114.1125,503,113.93,121.6016,49.8694,124
404,358.5512,45536,113.6125,506,114.06,121.3592,49.8027,127
405,363.2339,45041,113.4375,506,114.17,121.4761,50.0232,124
406,359.4844,46014,113.95,509,113.97,121.4571,49.9264,128
407,363.104,45388,113.7625,505,114.01,121.621,49.5142,125
408,359.7258,44606,113.9375,471,114.48,121.5055,50.076,124
409,358.4,44800,113.925,499,115.22,121.4462,50.0007,125
410,358.9435,44509,115.075,492,114.82,121.3067,49.8065,124
411,362.4603,45670,113.8,500,114.25,121.4856,49.5909,126
412,361.56,45195,112.8875,488,115.27,121.5933,49.9497,125
413,358.0859,45835,112.425,486,114.44,121.2734,50.3913,128
414,357.536,44692,113.6625,483,114.12,121.5188,49.9847,125
415,361.0645,44772,114.25,486,113.72,121.2079,49.8607,124
416,359.0323,44520,113.85,477,115.53,121.6922,49.3231,124
417,357.8425,45446,114.15,501,114.76,121.4772,49.8116,127
418,360.6299,45800,114.7625,482,113.72,121.6324,49.6531,127
419,362.7258,44978,114.5625,493,115.03,121.7223,49.5001,124
420,363.5512,46171,114.025,520,114.7,121.3877,49.9078,127
421,361.0887,44775,114.25,492,115.25,121.4942,49.8198,124
422,358.5238,45174,116.125,484,114.81,121.7359,49.5623,126
423,364.7177,45225,114.65,498,116.42,121.7442,49.7415,124
424,360.08,45010,114.9125,496,116.58,121.2976,49.7581,125
425,366.0159,46118,112.625,504,114.74,121.4086,49.9165,126
426,361.5484,44832,113.7875,487,114.26,121.5432,49.6607,124
427,362.9355,45004,114.7125,487,114.53,121.4329,49.4876,124
428,359.824,44978,114.0625,469,115.36,121.2827,50.174,125
429,365.888,45736,114.7125,509,114.71,121.441,50.046,125
430,363.0161,45014,113.7375,493,114.11,121.3137,50.0995,124
431,362.25,44919,114.125,511,114.86,121.4749,49.3824,124
432,359.5,44578,114.6375,487,113.87,121.2194,49.873,124
433,359.2063,45260,114,492,115.35,121.0844,50.1873,126
434,364.8629,45243,113.65,516,115.46,121.3371,49.7861,124
435,362.696,45337,113.275,516,114.75,121.2962,50.0614,125
436,364.2258,45164,113.8875,462,115.13,121.437,49.6136,124
437,362.2403,46729,115.125,473,115.43,121.6765,49.9122,129
438,364.9194,45250,114.675,492,115.23,121.0518,50.0989,124
439,364.7097,45224,112.9875,479,115.12,121.3894,49.8784,124
440,361.5887,44837,114.275,482,115.36,121.3452,49.8651,124
441,360.8952,44751,113.5375,486,115.78,121.4015,50.102,124
442,354.1094,45326,114.125,489,115.18,121.2594,49.9514,128
443,361.5234,46275,114.1875,475,114.96,121.572,49.8136,128
444,361.992,45249,112.8375,521,113.6,121.5404,49.8937,125
445,359.8016,45335,114,489,114.21,121.386,49.9978,126
446,359.5403,44583,114.075,475,115.82,121.2572,49.6231,124
447,361.1935,44788,114.5375,500,114.8,121.6909,49.6023,124
448,360.7778,45458,114.225,500,115.96,121.689,49.5426,126
449,360.872,45109,113.75,500,114.69,121.5408,49.5576,125
450,361.496,45187,113.6,511,115.26,121.3107,49.7988,125
451,357.232,44654,114.175,513,114.91,121.3322,50.0426,125
452,356.8271,47458,113.675,474,114.63,121.2819,50.1853,133
453,360.8065,44740,113.925,500,115.16,121.2765,50.0678,124
454,351.9237,46102,114.1625,500,114.67,121.1772,49.6139,131
455,359.7177,44605,113.4375,491,114.56,121.1959,50.1434,124
456,358.875,45936,113.775,485,115.38,121.6546,49.7062,128
457,357.9141,45813,113.225,479,115.18,121.3547,49.8465,128
458,361.9685,45970,113.925,504,115.27,121.4271,49.7645,127
459,357.0602,47489,113.7375,482,114.19,121.3751,50.0947,133
460,357.3306,44309,114.225,478,114.77,121.5923,49.6286,124
461,358.5323,44458,113.0625,493,114.89,121.4867,49.4552,124
462,362.0159,45614,113.95,484,114.43,121.5394,49.542,126
463,359.0769,46680,114.475,484,116.5,121.4085,49.8839,130
464,361,47291,113.5875,475,115.81,121.7085,49.6112,131
465,356.7266,45661,113.3875,510,115.34,121.1878,49.8343,128
466,358,44750,113.325,479,114.81,121.5408,49.5764,125
467,355.6508,44812,113.725,491,115.16,121.3098,49.4701,126
468,357.687,46857,114.2375,494,115.23,121.5942,50.1004,131
469,358.5726,44463,115.175,487,114.85,121.5537,49.6761,124
470,357.6587,45065,113.4625,484,114.74,121.6218,49.6362,126
471,359.5403,44583,113.7875,482,114.68,121.2191,50.0154,124
472,355.4046,46558,114.15,508,114.16,121.4564,49.9853,131
473,360.3306,44681,113.95,520,115.18,121.7691,49.5775,124
474,361.936,45242,113.1125,536,114.96,121.3141,49.6173,125
475,356.4567,45270,113.0125,495,114.63,121.7055,49.6447,127
476,358.68,44835,113.5375,467,114.28,121.4137,49.4791,125
477,359.6129,44592,112.9875,492,114.53,121.4827,49.7271,124
478,359.744,44968,113.3125,521,115.39,121.5832,49.6153,125
479,358.024,44753,113.9375,515,114.04,121.3964,49.8704,125
480,355.1371,44037,114.4125,486,114.41,121.551,49.5546,124
481,357.4683,45041,114.5,479,113.83,121.6119,49.7544,126
482,355.3968,44780,112.85,516,113.66,121.4112,49.6598,126
483,358.375,45872,113.7125,496,114.52,121.3269,49.7048,128
484,357.648,44706,112.9375,463,114.21,121.3124,49.7374,125
485,357.216,44652,113.15,501,114.78,121.4236,49.4308,125
486,360.4206,45413,113.2125,532,114.68,121.5154,49.6264,126
487,353.9677,43892,112.6375,477,113.71,121.4296,49.7196,124
488,359.0806,44526,112.7375,492,114.67,121.6542,49.3259,124
489,355.5263,47285,114.125,497,116.28,121.3796,49.9121,133
490,357.8492,45089,113.5625,467,114.1,121.5455,49.7433,126
491,351.3806,47085,113.5125,476,114.23,121.2578,50.0568,134
492,359.264,44908,112.775,490,114.48,121.5144,49.5456,125
493,356.4839,44204,112.6125,485,115.34,121.6528,49.4623,124
494,354.1339,44975,114.4125,489,115.33,121.4032,49.8135,127
495,355.8,44475,114.2875,491,113.73,121.7328,49.3072,125
496,354.968,44371,114.3125,478,114.4,121.4905,49.5862,125
497,354.704,44338,113.3875,484,114.09,121.2308,50.3092,125
498,359.2661,44549,113.6875,510,115.04,121.6695,49.4321,124
499,354.6694,43979,114.3625,491,115.54,121.5679,49.7978,124
500,356.9219,45686,114,481,114.65,121.4424,49.6948,128
501,355.379,44067,113.95,472,115.84,121.6009,49.6764,124
502,355.119,44745,114.025,489,114.9,121.4707,49.9539,126
503,355.4094,45137,113.375,475,115.03,121.5993,49.6504,127
504,353.72,44215,113.275,513,114.15,121.7203,49.6085,125
505,351.704,43963,114.1375,486,114.13,121.6019,49.384,125
506,349.3071,48903,113.925,470,114.54,121.2945,50.3198,140
507,349.568,43696,113.425,474,114.43,121.5921,49.8525,125
508,354.8583,45067,115.0875,533,115.44,121.6382,49.6748,127
509,353.1452,43790,112.5375,484,114.77,121.659,49.6169,124
510,354.3692,46068,112.95,496,115.18,121.4066,49.8919,130
511,355.16,44395,113.275,495,114.8,121.8469,49.4829,125
512,351.688,43961,112.3875,470,113.65,121.68,49.6528,125
513,351.6129,43600,114.975,464,116.02,121.7736,49.397,124
514,357.8548,44374,112.6125,467,114.93,121.6273,49.7321,124
515,355.3468,44063,112.9,484,114.74,121.6873,49.3072,124
516,355.5484,44088,114.05,495,114.92,121.8227,49.6213,124
517,353.4444,44534,112.9375,474,114.49,121.4865,49.5014,126
518,348.875,44656,112.9875,489,114.81,121.5689,49.8534,128
519,356.3968,44906,114.1625,486,114.16,121.586,49.8037,126
520,356.9677,44264,113.55,502,114.9,121.6318,49.6545,124
521,349.4318,46125,113.3125,471,115.17,121.5316,49.8084,132
522,352.8661,44814,113.075,470,114.9,121.5505,49.8017,127
523,350.2177,43427,112.95,511,115.11,121.5318,49.716,124
524,352.8,44100,112.1625,463,114.68,121.4704,49.5713,125
525,352.1111,44366,112.525,483,114.62,121.848,49.619,126
526,356.2016,44169,113.0125,482,115.48,121.218,49.7763,124
527,354.5748,45031,113.6375,495,114.38,121.6742,49.2996,127
528,353.4841,44539,113.075,479,113.65,121.5533,49.5788,126
529,350.7402,44544,113.7625,474,113.87,121.4957,49.704,127
530,351.9032,43636,113.5375,508,115.09,121.5569,49.6297,124
531,355.712,44464,114.0875,479,113.71,121.439,49.7274,125
532,350.552,43819,113.8625,486,114.27,121.8319,49.0945,125
533,351.456,43932,112.85,482,115.6,121.5162,50.0409,125
534,353.7016,43859,114.05,474,113.98,121.5716,49.6169,124
535,351.2016,43549,114.35,490,114.56,121.5317,49.6321,124
536,353.712,44214,113.4,478,114.62,121.7127,49.6309,125
537,353.7419,43864,113.3,493,115,121.5487,49.4171,124
538,350.25,43431,113.6875,459,115.03,121.856,49.4084,124
539,353.4435,43827,113.4875,483,112.93,121.6868,49.8862,124
540,352.7402,44798,113.65,492,114.99,121.497,49.9051,127
541,352.2903,43684,113.525,466,115.13,121.8126,49.4089,124
542,349.2258,43304,112.4625,494,114.52,121.5428,49.6631,124
543,348.0806,43162,112.8125,496,113.9,121.895,49.3539,124
544,348.9,45357,113.2375,466,114.66,121.6512,49.7463,130
545,353.664,44208,113.3125,468,115.1,121.8201,49.209,125
546,351.1746,44248,114.1125,467,114.43,121.9006,49.1191,126
547,351.8306,43627,113.475,485,114.76,121.5638,49.8508,124
548,352.1032,44365,114.4375,491,114.72,121.6886,49.602,126
549,346.1811,43965,113.6125,457,114.98,121.5398,49.7546,127
550,348.8421,46396,113.3125,464,113.91,121.5799,50.0466,133
551,348.8651,43957,114.3,491,114.77,121.6076,49.4151,126
552,354.6429,44685,113.5,500,114.67,121.4533,50.0471,126
553,351.1532,43543,113.4625,483,113.85,121.8043,49.5345,124
554,349.9922,45149,114.0375,483,115.05,121.4707,49.825,129
555,350.936,43867,113.075,486,115.62,121.5811,49.7983,125
556,352.824,44103,112.4875,461,115.07,121.5931,49.8037,125
557,350.9435,43517,114.075,462,115.24,121.6533,49.7607,124
558,346.5385,45050,113.9625,456,114.66,121.9215,49.4482,130
559,353.1452,43790,112.675,497,114.74,121.5955,49.5192,124
560,349.9435,43393,114.425,473,114.65,121.6565,49.9182,124
561,350.224,43778,113.6125,471,115.65,121.6485,49.6813,125
562,350.126,44466,113.2,483,115.91,121.6279,49.6006,127
563,347.1163,44778,113.4,460,114.65,121.6851,49.5902,129
564,347.5317,43789,113.975,498,113.36,121.7573,49.5141,126
565,350.0323,43404,113.6625,471,113.6,121.7391,49.4495,124
566,351.8306,43627,113.3,483,114.18,121.5068,49.4606,124
567,349.0317,43978,113.55,463,113.52,121.8218,49.5489,126
568,350.8629,43507,113.9625,487,113.81,121.3741,49.8496,124
569,351.9435,43641,113.125,472,114.17,121.6033,49.586,124
570,352.7097,43736,112.5125,478,113.94,121.7735,49.3126,124
571,347.7008,44158,113.95,489,114.13,121.7008,49.7223,127
572,349.3906,44722,114.85,464,115,121.8514,49.6562,128
573,348.5,43214,114.0125,474,113.23,121.4371,49.6982,124
574,350.6774,43484,113.1125,448,114.08,121.7783,49.1103,124
575,345.2836,46268,113.6125,459,113.81,121.9273,50.0679,134
576,347.1508,43741,113.8625,501,115.18,121.751,49.6153,126
577,353.064,44133,113.575,467,114.95,121.728,49.5458,125
578,350.104,43763,114.125,488,115.5,121.5662,49.8958,125
579,350.2339,43429,112.975,481,115.56,121.5652,49.636,124
580,345.7339,42871,113.625,452,114.61,121.6779,49.4514,124
581,349.1129,43290,113.3375,482,114.7,121.8046,49.4702,124
582,349.254,44006,112.6,485,115.5,121.7867,49.2884,126
583,348.7823,43249,113.25,490,114.35,121.6694,49.5145,124
584,347.5504,44834,113.95,454,114.02,121.7394,49.444,129
585,344.6825,43430,113,461,114.25,121.5648,49.6995,126
586,346.4921,43658,113.7,468,114.29,122.041,49.3881,126
587,346.3889,43645,113.55,468,114.38,121.7423,49.6998,126
588,346.6532,42985,112.8,479,113.89,121.8058,49.4367,124
589,347.44,43430,112.8125,497,114.67,121.6927,49.8352,125
590,345.5726,42851,113.15,460,114.47,121.698,49.7854,124
591,344.512,43064,113.2375,467,115.12,121.8423,49.312,125
592,346.619,43674,112.4375,460,115.55,121.6842,49.8126,126
593,347.424,43428,113.5125,448,115.32,121.6812,49.5327,125
594,346.5547,44359,113.65,509,114.69,121.5658,49.4846,128
595,345.6048,42855,113.45,459,114.52,121.9477,49.4527,124
596,345.8571,43578,113.625,469,114.74,121.5783,49.826,126
597,348.528,43566,114.0375,459,114.39,121.6566,49.5255,125
598,352.4032,43698,112.225,488,114.87,121.585,49.3731,124
599,348.68,43585,113.4375,441,115.03,121.4736,49.4548,125
600,347.44,43430,112.375,481,114.76,121.7317,49.7465,125
601,348.2742,43186,113.3375,479,114.05,121.7328,49.4329,124
602,349.2903,43312,112.9375,467,113.92,121.7768,49.1278,124
603,346.8819,44054,113.4125,480,115.12,121.442,49.7036,127
604,347.312,43414,113.4,460,114.82,121.8822,49.4673,125
605,346.121,42919,113.425,475,115.8,121.7699,49.5466,124
606,345.0781,44170,112,465,114.08,121.5132,49.9198,128
607,346,43596,113.5125,488,115.61,121.8428,49.42,126
608,346.0242,42907,113.65,485,114.02,121.604,49.2032,124
609,347.5873,43796,113.5125,475,115.2,121.8221,49.3209,126
610,345.871,42888,113.5375,460,114.57,121.6436,49.7549,124
611,345.1532,42799,113.1375,492,113.98,121.5727,49.7295,124
612,348.6984,43936,112.85,460,113.94,121.5725,49.777,126
613,344.1615,44741,113.2,477,114.38,121.7575,49.4348,130
614,345.536,43192,114.05,449,113.71,121.8154,49.4791,125
615,350.128,43766,113.475,482,114.21,121.6268,49.6498,125
616,344.5484,42724,113.9,471,114.43,121.7563,49.377,124
617,343.2656,43938,113.6,453,113.55,121.8195,49.4697,128
618,350.3629,43445,113.7625,471,115.74,121.4788,49.6548,124
619,344.4355,42710,113.1875,450,115.04,121.6563,49.4868,124
620,344.8306,42759,113.575,452,114.17,121.4319,49.7427,124
621,346.584,43323,113.625,452,114.08,121.8145,49.4564,125
622,350.4597,43457,113.825,477,114.21,121.6337,49.5524,124
623,346.3952,42953,112.0625,471,114.12,121.6647,49.4184,124
624,345.1811,43838,113.3125,471,114.35,121.7101,49.6811,127
625,345.629,42858,113.7,488,114.48,121.5412,49.4224,124
626,346.4016,43993,114.45,456,113.6,121.6504,49.7813,127
627,344.7939,45168,112.5625,458,113.95,121.5859,49.7414,131
628,346.5565,42973,114.8875,506,114.17,121.6372,49.4305,124
629,346.304,43288,114.6125,468,115.21,121.8884,49.3189,125
630,347.1048,43041,113.1,474,114.94,121.793,49.457,124
631,346.7903,43002,113.4125,473,114.75,121.6543,49.6777,124
632,345,43815,112.4625,482,114.99,121.6877,49.5236,127
633,350.064,43758,113.225,471,114.58,121.7176,49.4485,125
634,346.7258,42994,113.5125,469,115.36,121.7032,49.2357,124
635,346.9839,43026,113.125,461,113.82,121.7934,49.3422,124
636,345.0887,42791,113.3,477,115.5,121.5755,49.7194,124
637,344.3307,43730,114.45,446,114.66,121.8961,49.3913,127
638,346.0081,42905,112.7875,453,113.78,121.5918,49.3305,124
639,341.5512,43377,114.9625,463,114.78,121.5924,49.8221,127
640,344.8306,42759,113.6,468,114.55,121.8451,49.0895,124
641,346.424,43303,112.525,489,114.71,121.9927,48.9861,125
642,342.2016,42433,113.3,463,114.99,122.0501,49.196,124
643,345.2,43150,113.7875,478,114.4,121.8463,49.3032,125
644,342.5397,43160,113.925,465,114.65,121.8505,49.5664,126
645,341.8387,42388,113.1625,451,115.08,121.6269,49.6123,124
646,343.4435,42587,113.1875,482,114.14,121.8076,49.1607,124
647,345.7097,42868,112.475,482,114.75,121.8983,49.2385,124
648,343.7846,44692,112.6,461,113.51,121.9462,49.3555,130
649,346.373,43643,113.8125,502,114.93,121.9717,49.0888,126
650,345.3306,42821,112.4,474,113.92,121.949,49.1867,124
651,341.4516,42340,113.5125,466,114.5,122.0406,49.2926,124
652,345.2016,42805,112.6875,452,114.42,121.731,49.2829,124
653,340.4331,43235,113.675,445,114.49,121.8053,49.3085,127
654,342.2143,43119,114.4,419,114.39,121.8761,49.5526,126
655,341.5556,43036,113.475,474,113.17,121.6787,49.4256,126
656,343.4524,43275,114.25,469,114.41,121.7948,49.5458,126
657,339.6378,43134,112.725,437,113.65,121.4662,49.9101,127
658,339.6074,45847,113.9,462,114.82,121.5283,49.991,135
659,342.1811,43457,113.3375,468,114.89,121.7646,49.2919,127
660,337.558,46583,113.125,476,114.44,121.8088,49.7822,138
661,341.088,42636,113.1875,454,114.66,121.7302,49.3146,125
662,340.4274,42213,114.55,458,114.92,121.8613,49.3243,124
663,343.1328,43921,113.4375,461,114.4,121.3487,49.5232,128
664,343.032,42879,113.6875,458,114.06,121.4881,49.3296,125
665,341.4113,42335,112.5625,441,115.65,121.7471,49.0019,124
666,343.4435,42587,112.7,451,113.63,121.3655,49.5149,124
667,345.8145,42881,113.15,456,114.4,121.7594,49.042,124
668,344.4113,42707,112.35,454,115.91,121.4342,49.4663,124
669,342.4113,42459,113.65,485,114.13,121.557,49.0438,124
670,344.2823,42691,114.5625,447,114.07,121.154,49.4561,124
671,341.68,42710,112.4,445,115.12,121.5904,49.3527,125
672,342.0159,43094,112.625,469,113.57,121.1589,49.5074,126
673,342.952,42869,113.875,464,113.99,121.481,49.4448,125
674,334.1407,45109,113.4875,443,114.04,121.4844,49.7962,135
675,341.9919,42407,112.5875,462,114.53,121.5183,49.5278,124
676,343.944,42993,113.2,461,114.59,121.1386,50.0516,125
677,343.44,42930,114.1625,472,115.04,121.4223,49.5081,125
678,341.0484,42290,112.8625,460,115.17,121.5982,49.1796,124
679,342.2823,42443,112.9875,477,114.4,121.6795,49.055,124
680,342.1613,42428,112.85,434,114.75,121.494,49.4752,124
681,343.984,42998,112.9,484,114.22,121.6058,49.2247,125
682,336.874,42783,114.05,451,115.53,121.3189,49.2639,127
683,339.7222,42805,113.2875,448,113.85,121.6739,49.6315,126
684,339.4444,42770,113.175,457,115.08,121.7526,49.6421,126
685,340.5403,42227,112.4,457,114.79,121.1459,49.7923,124
686,342.7661,42503,114.0125,470,114.94,121.8766,48.8877,124
687,342.7339,42499,113.1125,478,114.79,121.6244,49.1142,124
688,341.9206,43082,112.725,498,114.45,121.8832,48.8709,126
689,340.7165,43271,113.9375,470,114.11,121.5281,49.3323,127
690,342.4516,42464,114.1875,456,113.44,121.6685,49.2161,124
691,337.2302,42491,113.1875,463,114.29,121.7521,49.3813,126
692,339.8333,42819,113.2375,479,114.13,121.7061,49.4489,126
693,340.576,42572,114.65,466,114.7,121.7653,49.1811,125
694,338.848,42356,113.5875,432,113.9,121.5924,49.3548,125
695,339.0236,43056,114.875,448,115.02,121.4189,49.4446,127
696,337.736,42217,112.875,476,113.74,121.5542,49.266,125
697,343.8065,42632,112.875,454,114.52,121.3957,49.488,124
698,339.4365,42769,113.9625,452,114.35,121.6923,49.1318,126
699,340.5242,42225,113.625,452,115.09,121.6268,49.3321,124
700,341.1371,42301,113.075,469,114.57,121.7857,49.3582,124
701,341.9677,42404,112.85,450,114.58,121.6879,49.3097,124
702,340.944,42618,114.2375,458,115.34,121.8921,49.1193,125
703,345.008,43126,113.4125,462,113.91,121.5745,49.2536,125
704,341.5238,43032,114.6375,448,115.35,121.4609,49.177,126
705,338.8095,42690,113.4,467,115.61,121.725,49.1232,126
706,338.248,42281,113.7375,462,114.9,121.3453,49.1751,125
707,340.2177,42187,113.375,441,114.68,121.4602,49.2269,124
708,341.2823,42319,113.5375,478,113.54,121.6783,49.3272,124
709,344.8468,42761,113.2125,455,115.45,121.4513,49.3635,124
710,333.016,41627,113.9,456,113.68,121.3985,49.3021,125
711,340.384,42548,113.6625,457,114.76,121.6543,49.0973,125
712,339.4113,42087,113.275,459,114.05,121.6061,49.1248,124
713,341.1429,42984,114.9375,464,115.09,121.2389,49.2444,126
714,339.968,42496,114.375,431,114.88,121.4695,49.4576,125
715,338.5081,41975,113.8125,454,114.25,121.156,49.5746,124
716,338.112,42264,113.35,446,114.95,121.4085,49.4955,125
717,340.336,42542,115.05,457,115.62,121.3033,49.0653,125
718,338.1532,41931,113.75,466,114.21,121.6108,49.1645,124
719,335.8016,42311,113.1,452,113.66,121.3708,49.4443,126
720,340.0556,42847,112.9875,473,114.39,121.3923,49.6227,126
721,338.871,42020,112.7375,461,113.15,121.6117,49.0637,124
722,337.7953,42900,113.4125,470,115,121.3486,49.4226,127
723,334.8605,43197,113.9125,468,115.74,121.3535,49.4845,129
724,336.1032,42349,113.1875,468,114.41,121.3472,49.5311,126
725,335.25,41571,112.475,445,114.74,121.4807,49.441,124
726,337.8906,43250,112.5375,447,113.53,121.3473,49.5652,128
727,336.4113,41715,113.1625,468,114.63,121.0621,49.4556,124
728,336.8906,43122,113.75,434,113.9,121.178,49.5695,128
729,339.9677,42156,114.9,466,115.75,121.4919,49.4776,124
730,338.12,42265,113.4375,482,114.56,121.3618,49.1153,125
731,334.424,41803,113.3125,451,114.65,121.2744,49.5109,125
732,336.1935,41688,112.3125,447,113.79,121.3424,49.6257,124
733,336.8306,41767,112.9375,440,113.89,121.0875,49.6702,124
734,335.0556,42217,113.8,447,114.86,121.0441,49.7287,126
735,336.896,42112,113.625,440,114.09,121.0958,49.7935,125
736,333.9435,41409,112.6375,434,114.15,121.1014,49.463,124
737,330.3643,42617,114.5125,439,115.7,120.9826,49.9549,129
738,340.8871,42270,112.55,427,113.92,121.1402,49.5925,124
739,337.976,42247,113.925,462,113.83,121.6449,49.4429,125
740,338.5806,41984,114.1,470,115.73,121.2045,49.5225,124
741,334.3387,41458,112.925,469,114.33,121.3462,49.0173,124
742,335.629,41618,112.3125,445,113.29,121.1199,49.5798,124
743,335.4444,42266,113.1125,449,113.32,121.4406,48.865,126
744,335.9764,42669,112.0125,446,113.02,121.5293,49.4981,127
745,334.0923,43432,113.05,466,114.15,121.4916,49.8165,130
746,335.6439,44305,112.65,445,114.27,121.3298,49.3965,132
747,332.5591,42235,113.1375,442,114.52,121.5769,49.2087,127
748,336.2339,41693,113.0625,447,114.13,121.2933,49.1401,124
749,333.4341,43013,111.9375,452,114.4,121.5375,49.5535,129
750,336.8548,41770,112.425,460,113.7,121.3276,49.5423,124
751,336.1774,41686,113.4625,466,115.17,121.4755,49.5961,124
752,336.1855,41687,112.6625,457,113.58,121.3607,49.3034,124
753,337.056,42132,114.6875,441,114.35,121.4484,49.6528,125
754,331.32,41415,112.625,442,115.06,121.5684,49.4246,125
755,332.0556,41839,112.4625,426,113.94,121.2499,49.7079,126
756,332.875,42608,113.0375,458,113.86,121.0715,50.005,128
757,335.0952,42222,113.8875,447,116.05,121.4536,49.6115,126
758,333.3629,41337,113.8,460,115.19,121.6042,49.3113,124
759,334.881,42195,112.8875,430,112.71,121.313,49.6819,126
760,337.1532,41807,112.825,458,114.57,121.3735,48.9917,124
761,333.754,42053,112.6,448,114.23,121.3501,49.3996,126
762,334.629,41494,112.6,428,113.5,121.3699,49.5434,124
763,337.176,42147,113.5,426,114.65,121.6612,49.3028,125
764,335.6512,43299,113.3,468,114.61,121.1411,49.6272,129
765,334.1935,41440,112.325,443,113.98,121.0843,49.5346,124
766,334.4646,42477,113.6875,416,114.56,121.3094,49.269,127
767,333.2835,42327,113.275,465,115.07,121.5711,49.3069,127
768,335.648,41956,113.775,467,114.56,121.5611,49.0473,125
769,335.7823,41637,112.65,460,113.75,121.2366,49.3918,124
770,332.4488,42221,112.975,447,113.89,121.0525,49.724,127
771,332.944,41618,113.2875,469,114.54,121.3637,49.2115,125
772,334.0806,41426,111.7625,450,114.91,121.4138,49.1742,124
773,335.52,41940,112.6625,485,114.09,121.2243,49.5684,125
774,332.9597,41287,113.0125,421,114.09,121.401,49.4257,124
775,335.1532,41559,114.6375,434,113.2,121.079,49.4504,124
776,329.2362,41813,112.85,431,114.31,121.4881,49.1576,127
777,331.2756,42072,113.2375,431,114.84,121.268,49.2118,127
778,333.5242,41357,112.275,453,114.05,121.3003,49.5732,124
779,333.4758,41351,112.8,452,114,121.4368,49.0004,124
780,334.616,41827,113.3125,436,113.42,121.1518,49.4394,125
781,333.6378,42372,112.3625,450,113.62,121.575,49.2783,127
782,330.6048,40995,112.975,437,114.09,120.9637,49.6735,124
783,331.3952,41093,112.8125,440,113.83,121.2146,49.3124,124
784,332.4127,41884,112.6875,451,114.35,121.2182,49.3998,126
785,324.097,43429,114.1,406,114.12,121.0506,49.9381,134
786,332.008,41501,112.225,430,114.29,121.1754,49.4076,125
787,334.504,41813,111.6875,448,114.74,121.4367,49.3697,125
788,332.984,41623,112.9375,451,114.47,121.3156,49.5745,125
789,334.328,41791,114.0375,433,113.96,121.6844,49.462,125
790,332.7016,41255,114.65,465,114.83,121.1996,49.5753,124
791,330.8,41350,113.5875,416,113.21,121.5593,49.1306,125
792,334.8226,41518,113.875,470,114.29,121.2841,49.5731,124
793,327.9435,40665,113.0375,440,113.82,121.6485,48.9653,124
794,332.584,41573,113.55,428,114.04,121.46,49.6129,125
795,328.5952,41403,113.625,417,115.83,121.271,49.5283,126
796,330.2419,40950,113.4875,429,113.41,121.3346,49.2609,124
797,329.9274,40911,112.3875,434,115.09,121.2186,49.1528,124
798,329.6935,40882,113.175,423,113.37,121.4572,49.3236,124
799,330.0703,42249,113.1,432,113.86,121.3089,49.8796,128
800,327.8372,42291,113.5625,423,114.33,121.2285,49.5968,129
801,327.24,40905,112.3,453,114.34,121.3189,49.3836,125
802,330.1452,40938,113.725,465,113.57,121.3854,49.3457,124
803,327.8333,41307,112.075,443,114.37,121.097,49.6925,126
804,329.5748,41856,113.65,443,114.91,121.4198,49.5706,127
805,329.4524,41511,112.4625,470,114.14,121.0915,49.5816,126
806,327.7339,40639,112.775,450,113.95,121.6356,49.3779,124
807,329.0923,42782,112.8625,451,113.72,121.1073,49.8954,130
808,330.1048,40933,114.275,436,113.33,121.2287,49.5782,124
809,327.856,40982,114.475,433,115.16,121.2382,49.4097,125
810,329.424,41178,112.8875,424,113.65,121.5232,49.4379,125
811,327.9154,42629,113.1875,433,113.54,121.0365,49.5851,130
812,329.64,41205,113.225,462,113.16,120.9956,49.5332,125
813,331.856,41482,112.4375,429,115.29,121.2213,49.5807,125
814,329.1429,41472,112.75,432,115.17,121.4897,49.1726,126
815,331.2326,42729,113.2625,442,114.02,121.3892,49.3777,129
816,327.856,40982,113.4875,413,113.4,121.4383,48.9468,125
817,326.3387,40466,112.2,432,113.23,121.6711,49.0189,124
818,327.9127,41317,112.775,458,113.4,121.2195,49.4576,126
819,329.2937,41491,112.5875,428,112.94,121.3652,49.6928,126
820,328.848,41106,112.6875,438,114.02,121.2753,49.2153,125
821,325.4091,42954,112.5125,446,112.81,121.513,49.3124,132
822,331.952,41494,113.025,448,114,121.0801,49.739,125
823,328.832,41104,112.875,451,113.75,121.4003,49.3518,125
824,329.2742,40830,114.6875,430,114.13,121.0401,49.3632,124
825,330.5726,40991,113.575,441,113.82,121.2743,49.205,124
826,329.64,41205,112.85,429,114.03,121.2786,49.2889,125
827,328.2742,40706,114.3125,422,113.7,121.1495,49.462,124
828,330.8145,41021,112.45,450,114.4,121.1611,49.6813,124
829,330.8504,42018,113.375,472,114.26,121.3063,49.5344,127
830,328.9113,40785,112.9375,429,113.51,121.1224,49.5958,124
831,325.2,40650,113.0875,429,113.93,120.8864,49.6199,125
832,327.6774,40632,113.0125,448,113.6,121.4025,49.3049,124
833,330.1094,42254,114.5375,420,114.58,121.0676,49.6757,128
834,328.6154,42720,111.9875,434,113.02,121.065,49.7241,130
835,329.0242,40799,113.5875,423,114.77,121.1096,49.4156,124
836,331.2339,41073,112.5125,468,113.6,121.0576,49.7352,124
837,328.2016,40697,112.6875,433,114.6,121.1584,49.797,124
838,329.6532,40877,112.1625,430,114.57,121.3345,49.4065,124
839,328.64,41080,112.95,434,114.32,121.3668,49.1306,125
840,333.5565,41361,113.4125,417,115.44,121.067,49.5851,124
841,332.552,41569,113.5625,439,115.1,121.3073,49.5296,125
842,326.536,40817,112.425,440,115.33,121.1825,49.2218,125
843,330.7638,42007,112.15,458,113.32,121.197,49.4231,127
844,330.456,41307,113.625,462,113.66,121.0992,49.8096,125
845,326.5806,40496,112.275,423,115.31,121.0285,49.6009,124
846,331.9839,41166,113.6875,434,114.68,121.2265,49.4229,124
847,332.2581,41200,113.65,449,114.79,120.9703,49.1453,124
848,328.1385,42658,113.75,428,113.64,121.1957,49.3337,130
849,329.592,41199,112.75,429,114.16,121.4943,49.2251,125
850,329.3387,40838,113.475,445,113.99,121.0439,49.3763,124
851,331.48,41435,113.1125,482,114.54,121.7206,49.0587,125
852,329.7097,40884,112.7625,422,113.53,121.1745,49.5228,124
853,329.7903,40894,114.3,437,114.19,121.4728,49.3266,124
854,327.4961,41592,113.6375,435,113.63,120.9284,49.6706,127
855,330.5161,40984,112.3125,407,114.79,120.9304,49.4669,124
856,327.88,40985,113.8,410,115.36,121.3326,49.1361,125
857,331.254,41738,112.9,422,113.67,121.1408,49.2602,126
858,327.9516,40666,113.4875,412,113.62,121.2296,49.4466,124
859,332.879,41277,112.35,457,114.01,121.083,49.4353,124
860,327.7578,41953,113.175,432,114.32,121.1257,49.8643,128
861,330.224,41278,113.55,440,113.66,121.1134,49.4379,125
862,330.912,41364,112.95,408,114.29,121.1344,49.5309,125
863,328.136,41017,112.5625,435,113.98,121.1245,49.6336,125
864,325.0153,42577,112.3875,434,114.15,121.3744,49.4472,131
865,329.4048,41505,113.7,405,115.35,121.2668,49.3454,126
866,324.621,40253,112.1375,416,114.58,121.2785,49.5316,124
867,329.8387,40900,112.9375,420,113.64,121.2869,49.2302,124
868,328.992,41124,113.275,441,114.03,121.2184,49.2797,125
869,329.08,41135,113.125,414,114.07,121.2568,49.2086,125
870,328.6457,41738,112.7375,430,114.45,121.28,49.4213,127
871,330.3468,40963,113.7,426,113.94,121.2629,49.2711,124
872,325.3175,40990,112.8875,432,113.74,121.0259,49.4131,126
873,327.896,40987,113.275,410,114.82,121.1562,49.177,125
874,327.952,40994,112.1375,430,114.28,121.0645,49.0505,125
875,327.7339,40639,113.125,443,112.6,121.0362,49.5891,124
876,325.7742,40396,113.65,410,114.12,121.3456,49.0485,124
877,330.2419,40950,112.45,420,114.73,120.9937,49.2852,124
878,321.3359,41131,112.8375,435,113.88,121.0825,49.2702,128
879,328.5081,40735,113.4375,405,114.77,121.0206,49.7973,124
880,330.4597,40977,112.5,453,114.65,121.134,49.4228,124
881,324.6484,41555,111.5625,398,114.4,120.7492,49.8916,128
882,327.127,41218,112.3125,420,113.83,121.2706,49.483,126
883,329.0873,41465,112.9,459,113.98,121.2875,49.3367,126
884,326.75,41824,112.8,425,113.59,121.2902,49.2653,128
885,321.8898,40880,113.075,412,114.89,120.6909,49.6212,127
886,329.096,41137,113.175,429,114.42,120.9347,49.5595,125
887,323.0484,40058,112.2375,420,114.61,121.1137,49.6057,124
888,325.48,40685,113.4125,435,113.73,120.9444,49.4635,125
889,322.9683,40694,113.3,469,114.57,121.2511,49.301,126
890,323.24,40405,113.075,415,113.87,120.7895,49.6224,125
891,325.072,40634,113.65,419,113.48,121.3205,49.3564,125
892,326.28,40785,113.125,430,114.04,121.0037,49.1745,125
893,324.88,40610,112.625,417,114.54,120.9836,49.3534,125
894,327.879,40657,113.3375,431,114.47,121.1561,49.1698,124
895,326.5565,40493,113.8125,431,114.82,121.012,49.3864,124
896,327.0645,40556,112.75,418,114.39,120.9451,49.6695,124
897,321.376,40172,113.25,446,113.97,121.4516,49.644,125
898,322.3226,39968,113.3875,416,114.39,121.2395,49.2115,124
899,323.1935,40076,113.325,432,114.73,120.9021,49.404,124
900,324.5556,40894,113.025,419,113.3,121.1031,49.4704,126
901,317.4234,43487,113.2,444,114.55,121.4965,49.4678,137
902,323.155,41687,112.7875,415,113.62,121.0706,49.6749,129
903,319.9841,40318,111.8,414,114.61,120.9729,49.609,126
904,324.464,40558,112.9125,450,114.24,121.3587,49.078,125
905,324.0726,40185,112.9125,436,114.6,121.1271,49.359,124
906,323.3629,40097,114.2125,444,114.1,121.0614,49.8997,124
907,324.944,40618,114.9625,424,115.25,121.3608,49.2643,125
908,322.9921,40697,112.6125,435,113.08,121.1421,49.6324,126
909,323.3828,41393,113.3125,434,114.51,120.9642,49.4295,128
910,320.5081,39743,113.2625,399,114.85,121.3078,49.3348,124
911,322.312,40289,113.175,448,113.6,121.1044,49.5279,125
912,322.3333,40614,112.5,413,113.89,121.5198,49.3273,126
913,323.192,40399,112.5625,419,113.76,121.0943,49.4082,125
914,324.127,40840,113.2875,440,114.72,121.2806,49.6593,126
915,321.7903,39902,113.175,400,113.58,121.0998,49.5382,124
916,326.8952,40535,114.1625,418,114.32,121.2424,49.0636,124
917,323.6825,40784,113.45,392,113.52,121.0978,49.5952,126
918,325.096,40637,112.5,402,115.11,121.3501,49.5649,125
919,322.544,40318,113.9,424,114.34,120.9635,49.1675,125
920,322.8629,40035,112.4375,411,114.41,120.9188,49.6715,124
921,325.9194,40414,112.0375,457,113.86,121.1556,49.4751,124
922,325.4758,40359,112.475,442,114.26,121.303,49.4047,124
923,322.5038,42893,112.15,409,114.77,121.2579,49.2046,133
924,325.9113,40413,113.5375,400,114.22,121.2444,49.242,124
925,321.5116,41475,113.4125,419,114.8,121.5811,49.1603,129
926,323.5669,41093,113.25,420,113.47,121.3994,49.442,127
927,326.584,40823,112.3125,423,114.19,121.319,49.5312,125
928,322,41216,113.05,400,113.89,121.352,49.2918,128
929,325.048,40631,113.5,452,114.11,121.4286,49.3966,125
930,326.9113,40537,112.5125,422,114.59,121.2492,49.2816,124
931,326.2,40775,113.5,418,114.32,121.1761,49.4741,125
932,325.0154,42252,113.6,439,114.13,121.2352,49.1669,130
933,324.9032,40288,113.175,441,113.84,121.5568,49.0166,124
934,322.6,40325,113.625,405,114.46,121.0114,49.4157,125
935,324,41472,112.8375,438,114.63,121.3522,49.256,128
936,324.5565,40245,112.7125,435,114.81,121.0392,49.2224,124
937,321.832,40229,112.6375,421,113.78,121.2886,49.502,125
938,322.8,41964,112.8875,414,113.8,121.1335,49.2709,130
939,326.2636,42088,113.6625,428,113.6,121.2394,49.6922,129
940,321.6032,40522,113.375,420,114.57,121.2658,49.5474,126
941,324.4597,40233,112.375,418,114.19,121.3752,49.0098,124
942,326.4435,40479,112.7875,447,114.03,121.2923,49.1159,124
943,328.232,41029,112.35,436,114.43,121.1609,49.071,125
944,320.6032,40396,114.125,417,113.42,121.3645,49.0992,126
945,325.3306,40341,112.9375,429,113.57,121.322,48.9013,124
946,323.352,40419,114.025,441,114.12,121.3652,49.4342,125
947,323.5806,40124,112.675,409,113.3,121.3052,48.7752,124
948,322.416,40302,112.525,413,113.77,121.2719,49.0269,125
949,323.3065,40090,112.675,410,114,121.4405,49.2498,124
950,321.168,40146,113.0125,416,115.02,121.1423,49.3963,125
951,322.48,40310,113.925,421,114.12,121.5831,49.0139,125
952,322.3468,39971,114.275,419,114.71,121.4303,49.2212,124
953,321.456,40182,113.375,430,113.81,121.3661,49.2013,125
954,321.5954,42129,113.275,450,114.41,121.251,49.6907,131
955,324.4141,41525,112.4625,427,113.57,121.3151,49.2728,128
956,320.7752,41380,112.475,414,114.02,121.1591,49.3737,129
957,324.592,40574,113.775,435,114.86,121.1565,49.4869,125
958,322.4016,40945,113.4375,416,114.27,121.5858,49.3356,127
959,323.752,40469,113.375,432,113.77,121.1533,49.4855,125
960,323.6452,40132,112.6125,433,114.01,121.4258,49.3847,124
961,326.0645,40432,113.675,429,113.89,121.0899,49.0898,124
962,321.0161,39806,112.65,432,114.41,121.1962,49.0984,124
963,322.7778,40670,111.8875,417,114.77,121.2565,49.2791,126
964,320.7402,40734,113.0375,416,113.73,121.2249,49.2023,127
965,325,40950,112.6875,425,115.01,121.1626,49.0738,126
966,322.1587,40592,113.275,410,113.67,121.4493,49.0863,126
967,324.1532,40195,114.3125,412,115.06,121.4229,49.54,124
968,320.3203,41001,113.475,418,114.94,121.4795,49.4754,128
969,320.6429,40401,113.0125,418,115.02,121.2299,49.4344,126
970,322.24,40280,113.6625,406,114.03,121.3742,49.0707,125
971,320.5968,39754,113.3875,434,113.84,121.1898,49.5277,124
972,323.848,40481,112,411,113.62,121.2779,49.404,125
973,321.3438,41132,112.6375,430,114.98,121.4149,49.4523,128
974,322.629,40006,112.3375,443,113.92,121.3935,49.0577,124
975,321.9147,41527,113.2375,432,114.07,121.4859,49.2413,129
976,321.8992,41525,114.15,425,114.11,121.2554,49.1299,129
977,321.744,40218,113.1875,406,113.54,121.2341,49.4785,125
978,321.456,40182,113.4125,439,114.54,121.363,49.2885,125
979,317.8702,41641,112.7125,414,113.63,121.5659,49.1457,131
980,320.8306,39783,113.875,401,113.82,121.5141,49.1195,124
981,317.9302,41013,113.675,431,114.23,121.539,49.0138,129
982,320.2097,39706,112.9125,400,113.42,121.104,49.2597,124
983,322.7188,41308,113.3125,439,114.73,121.2837,49.3035,128
984,326.6774,40508,112.8625,417,114.11,121.4255,49.1439,124
985,321.3065,39842,112.85,391,113.3,121.3402,48.9816,124
986,320.264,40033,112.1,421,114.75,121.2544,49.0894,125
987,319.4844,40894,113.0375,416,114.17,120.9704,49.7017,128
988,317.7903,39406,112.1,392,114.27,121.5334,49.1471,124
989,319.0397,40199,113.9125,429,114.54,121.1382,49.2745,126
990,319.7302,40286,113.0625,397,114.82,121.4425,49.0718,126
991,321.944,40243,112.1375,439,113.68,121.249,49.1492,125
992,321.0565,39811,112.6,413,113.88,121.3412,49.086,124
993,321.6929,40855,112.1125,451,113.71,121.3148,49.2158,127
994,321.0476,40452,112.875,415,114.5,121.5633,49.0164,126
995,318.72,39840,112.8875,441,113.25,121.3718,49.5353,125
996,315.5968,39134,112.5625,387,114.02,121.3161,49.3749,124
997,316.3385,41124,112.1625,427,114.78,121.1341,49.535,130
998,318.4574,41081,112.25,412,114,121.2233,49.2664,129
999,319.2937,40231,112.925,402,113.88,121.274,49.288,126
1000,320.152,40019,112.35,402,113.12,121.5994,49.2255,125
1001,318,39432,113.675,396,113.96,121.3564,48.7928,124
1002,317.9194,39422,112.0125,391,115.85,121.4589,49.4457,124
1003,318.7143,40158,113.525,401,112.71,121.2073,49.6771,126
1004,320.36,40045,112.9,413,113.15,121.2388,49.715,125
1005,314.36,39295,113.4125,396,115.26,121.5745,48.9497,125
1006,321.379,39851,113.0625,413,114.15,121.1447,49.1815,124
1007,313.6371,38891,112.7375,433,114.06,121.3358,48.9006,124
1008,317.3226,39348,111.9125,409,114.32,121.2292,49.1951,124
1009,317.5565,39377,111.9125,402,113.58,121.3513,49.2238,124
1010,320.379,39727,113.0125,398,113.25,121.4208,49.1062,124
1011,316.0945,40144,112.725,389,114.24,121.385,49.5955,127
1012,319.568,39946,113.7125,413,114.51,121.3938,49.0932,125
1013,319.381,40242,112.45,415,114.88,121.4672,49.1134,126
1014,319.1048,39569,112.0375,426,113.56,121.3231,49.3297,124
1015,316.608,39576,112.775,419,113.6,121.2731,48.892,125
1016,313.5242,38877,112.2625,408,113.34,121.6257,49.0151,124
1017,313.7581,38906,114.1875,396,113.23,121.7537,49.1014,124
1018,318.871,39540,113.525,428,113.88,121.499,49.3309,124
1019,315.9274,39175,112.9125,411,113.27,121.3347,49.451,124
1020,314.2812,40228,112.6125,413,113.93,121.1651,49.3714,128
1021,316.6613,39266,112.8625,416,113.87,121.5015,49.0315,124
1022,316.4,39550,112.3875,387,113.74,121.4545,49.4147,125
1023,316.48,39560,113.575,424,114.1,121.4453,49.2994,125
1024,314.5403,39003,114.925,411,115.41,121.6804,49.125,124
1025,315.8065,39160,113.825,429,114.78,121.3491,49.2043,124
1026,314.0234,40195,112.55,413,112.97,121.1858,49.2804,128
1027,314.9055,39993,113.1625,404,113.74,121.3131,48.9998,127
1028,317.621,39385,112.7,419,114.26,121.4761,49.1542,124
1029,318.381,40116,112.8125,420,114.24,121.4532,48.9518,126
1030,316.4758,39243,113.6,419,115.47,121.2061,49.3792,124
1031,317.8871,39418,112.25,407,113.52,121.4879,48.5248,124
1032,316.1032,39829,112.85,410,112.74,121.182,49.2245,126
1033,317.648,39706,111.8375,438,114.48,121.1759,49.2439,125
1034,317.144,39643,112.9125,406,114.96,121.3544,48.8921,125
1035,317.8468,39413,113.7,406,114.01,121.691,48.9153,124
1036,317.6111,40019,112.8125,412,113.97,121.4264,48.899,126
1037,314.168,39271,111.85,407,114.43,121.1469,49.3574,125
1038,312.1527,40892,113.075,421,114.98,121.1129,49.4766,131
1039,313.2984,38849,112.825,394,114.06,121.0079,49.3559,124
1040,311.448,38931,112.175,417,113.49,121.1101,49.0569,125
1041,311.6279,40200,112.4875,380,114.42,121.0766,49.4299,129
1042,313.9921,39877,111.85,403,114.2,121.363,49.257,127
1043,314.5984,39954,113.2625,422,113.79,121.4561,49.113,127
1044,313.3629,38857,112.525,406,115.02,121.3926,49.0285,124
1045,315.9841,39814,113.1625,403,114.01,121.5286,48.9937,126
1046,316.0645,39192,112.925,410,114.85,121.053,49.4341,124
1047,316.272,39534,113.1125,408,113.44,121.5522,49.0536,125
1048,314.912,39364,113.625,400,114.31,121.4554,49.3004,125
1049,314.2381,39594,113.2625,409,114.07,121.218,49.1723,126
1050,310.664,38833,113.425,420,114.17,121.3744,49.3305,125
1051,316.0565,39191,112.9125,393,113,121.514,49.0964,124
1052,311.5403,38631,113.2125,417,114.31,121.4045,48.9926,124
1053,317.5794,40015,112.5,399,114.4,121.4756,49.2114,126
1054,315.4683,39749,112.3,396,113.89,121.2669,49.2478,126
1055,313.1371,38829,112.6375,408,114.32,121.2731,49.3983,124
1056,314.624,39328,114.175,439,113.3,121.5075,48.9066,125
1057,311.3145,38603,113.075,387,113.63,121.419,48.8981,124
1058,315.0323,39064,113,391,115.29,121.5771,49.2728,124
1059,314.6349,39644,112.5875,432,112.66,121.4294,49.2195,126
1060,312.5081,38751,112.225,412,114.12,121.1113,49.2142,124
1061,311.616,38952,113.0625,401,114.34,121.0979,49.0209,125
1062,307.6746,38767,112.4125,375,114.29,121.3189,49.5359,126
1063,312.9597,38807,113.125,405,113.27,121.549,48.9993,124
1064,312.984,39123,112.325,412,112.92,121.1019,49.6128,125
1065,312.3629,38733,112.525,408,114.85,121.4865,48.975,124
1066,309.2791,39897,112.8875,396,112.56,121.5046,49.3626,129
1067,313.832,39229,112.8875,398,114.12,121.4631,49.0626,125
1068,314.2419,38966,113.4875,417,113.93,121.8211,48.7547,124
1069,316.4516,39240,113.6125,422,114.08,121.1015,49.1784,124
1070,312.879,38797,113.175,436,112.79,121.2596,49.2421,124
1071,313.4355,38866,112.3875,394,112.91,121.5289,49.0501,124
1072,308.7953,39217,113.55,396,113.16,121.3032,49.1077,127
1073,310.6797,39767,113.225,388,114,121.3661,49.0803,128
1074,313.056,39132,112.55,396,113.47,121.0029,49.2943,125
1075,312.4851,41873,114.6125,401,114.94,121.328,49.2722,134
1076,309.4274,38369,112.8,404,113.22,121.2908,49.474,124
1077,312.584,39073,112.6125,406,113.77,121.5392,49.147,125
1078,311.5794,39259,114.55,402,114.25,121.3477,49.155,126
1079,309.432,38679,112.4,410,114.16,121.2834,49.2732,125
1080,312.7661,38783,112.875,396,113.81,121.8862,48.9896,124
1081,316.0887,39195,111.3375,406,112.75,121.335,48.9918,124
1082,309.68,38710,112.3375,388,113.31,121.6059,49.2878,125
1083,309.496,38687,112.9375,418,114.07,121.2485,49.3862,125
1084,311.3571,39231,112.7875,396,113.72,121.424,48.7885,126
1085,309.0429,43266,113.1875,399,113.87,121.107,49.7704,140
1086,312.872,39109,112.7,397,113.44,121.6223,49.3914,125
1087,311.264,38908,112.125,399,113.17,121.1678,48.7426,125
1088,311.192,38899,112.6375,381,113.91,121.365,49.0426,125
1089,309.0484,38322,113.6,390,114.54,121.4245,49.1237,124
1090,311.9032,38676,112.5875,421,113.59,121.5452,49.4706,124
1091,309.126,39259,112.7625,385,112.58,121.1919,49.3764,127
1092,310.4762,39120,112.4875,379,114.55,121.6724,49.0953,126
1093,312.768,39096,113.3875,398,114.23,121.2526,48.9484,125
1094,314.6032,39640,112.3625,409,114.31,121.5759,49.1651,126
1095,307.9921,39115,112.7375,394,113.4,121.3372,49.778,127
1096,313.0323,38816,112.3,396,113.8,121.1699,49.2475,124
1097,310.4609,39739,113.6,400,114.15,121.3024,49.363,128
1098,308.25,39456,112.875,393,114.2,121.4239,49.668,128
1099,310.6905,39147,112.6375,392,113.72,121.0915,49.2036,126
1100,307.848,38481,113.4375,397,113.84,121.4506,49.0939,125
1101,310.0787,39380,112.475,413,114.04,121.3538,48.9187,127
1102,311.2823,38599,111.7875,390,113.4,121.5635,49.1292,124
1103,309.248,38656,113.5875,397,114.3,121.0869,49.3321,125
1104,312.254,39344,112.525,390,113.2,121.43,49.0359,126
1105,306.6532,38025,112.55,389,113.96,121.2254,49.0859,124
1106,311.3065,38602,114.2125,391,112.73,121.0974,49.4172,124
1107,308.8031,39218,113.05,396,113.74,121.2971,49.0973,127
1108,308.9291,39234,112.45,397,113.62,121.723,49.0384,127
1109,311.7619,39282,113.8875,397,113.37,121.2031,49.4393,126
1110,312.04,39005,113.2625,396,115.11,121.2159,49.6122,125
1111,309.6746,39019,113.8125,387,113.39,121.5766,49.0951,126
1112,308.1746,38830,112.875,381,113.22,121.8289,48.7728,126
1113,307.371,38114,112.0125,397,113.59,121.2681,49.1814,124
1114,312.0887,38699,113.4,396,114.78,121.0348,49.1337,124
1115,309.512,38689,112.8875,374,114.02,121.2001,49.4185,125
1116,311,38875,112.8375,404,112.3,121.1203,49.2875,125
1117,310.336,38792,113,389,113.5,121.3284,49.2861,125
1118,310.912,38864,112.2125,415,114.28,121.3004,49.1468,125
1119,309.3871,38364,112.3,416,113.21,121.3471,49.2307,124
1120,309.4435,38371,113.4625,406,114.93,121.3426,49.2831,124
1121,308.5323,38258,112.8125,386,113.24,121.4538,49.214,124
1122,307.9538,40034,112.125,390,113.17,121.0226,49.4027,130
1123,307.6825,38768,113.025,373,114.63,121.1613,49.1022,126
1124,307.5565,38137,111.625,416,113.56,121.4201,49.0589,124
1125,310.3937,39420,112.2375,385,113.46,121.1088,49.4026,127
1126,308.2742,38226,112.7375,413,114.73,121.1435,49.4577,124
1127,308.384,38548,113.925,389,113.86,121.1546,49.2845,125
1128,308.621,38269,112.95,365,113.39,121.1005,49.6601,124
1129,310.832,38854,111.2875,388,113.46,121.3498,48.9239,125
1130,311.1371,38581,113.875,379,113.82,120.9879,49.1232,124
1131,309.3387,38358,112.9125,398,113.49,120.7047,49.7211,124
1132,307.0317,38686,112.7,392,114.22,121.329,49.1976,126
1133,308.896,38612,112.7125,401,114.16,121.3691,48.925,125
1134,311.6532,38645,112.6875,390,114.22,121.2913,49.1053,124
1135,308.304,38538,112.55,391,114.29,121.2887,49.101,125
1136,309.9597,38435,113.325,398,114.51,121.001,49.3449,124
1137,307.144,38393,112.4875,408,113.81,121.2114,49.0783,125
1138,306.8952,38055,113.0625,404,114.02,121.3068,49.2016,124
1139,306.5547,39239,112.95,378,113.32,121.4132,48.8552,128
1140,308.0565,38199,112.45,381,113.45,121.2761,49.3542,124
1141,307.4231,39965,112.9,387,114.6,121.2154,49.2927,130
1142,308.3387,38234,112.975,386,113.46,121.3952,49.1288,124
1143,307.1694,38089,112.725,392,114.1,121.4207,49.1918,124
1144,307.592,38449,113.6375,400,114.22,121.1747,49.1084,125
1145,309.792,38724,113.225,413,114.42,121.4094,49.1943,125
1146,308.3175,38848,112.4375,383,113.72,121.4751,49.3875,126
1147,308.2143,38835,113.05,389,114.88,121.0196,49.2105,126
1148,306.9683,38678,112.4,374,113.56,120.9738,49.1175,126
1149,308.129,38208,112.1625,393,113.09,121.1046,48.8569,124
1150,309.0556,38941,112.525,398,114.17,121.2022,49.5235,126
1151,304.616,38077,112.025,398,114.43,120.7967,49.3566,125
1152,308.8065,38292,112.5,405,113.84,121.0939,48.9644,124
1153,307.8413,38788,112.5875,379,114.09,121.3742,48.6873,126
1154,306.264,38283,111.925,403,114.02,121.5809,49.2547,125
1155,305.1984,38455,111.775,376,113.65,121.3226,49.4262,126
1156,308.8065,38292,113.425,383,114.22,121.0481,49.1967,124
1157,307.3307,39031,112.6,392,113.82,121.2556,48.9013,127
1158,307.264,38408,112.3875,373,113.18,121.1202,49.2622,125
1159,306.92,38365,113.025,373,114.01,121.3686,49.1285,125
1160,304.7339,37787,112.775,381,113.75,121.5988,48.9638,124
1161,308.4032,38242,112.1625,402,113.53,121.1952,49.4781,124
1162,308.4688,39484,111.6125,393,113.27,121.2193,48.9618,128
1163,307.0391,39301,112.0125,394,113.58,121.1148,49.4696,128
1164,305.328,38166,113.2375,370,113.81,121.182,49.0753,125
1165,305.5159,38495,113,381,113.16,121.5292,49.299,126
1166,306.4961,39538,114,372,114.16,121.2899,49.0163,129
1167,307.6825,38768,112.4125,369,114.14,121.2962,49.3909,126
1168,307.592,38449,113.2,374,113.81,121.2395,49.2164,125
1169,306.9365,38674,113.15,388,113.77,121.2561,48.8918,126
1170,304.504,38063,112.1,393,113.64,121.1024,49.097,125
1171,305.2742,37854,111.9625,389,114.56,121.4335,49.0773,124
1172,309.7016,38403,111.8125,398,113.77,121.2549,49.1162,124
1173,306.2969,39206,112.8875,387,114.53,121.2081,49.4275,128
1174,306.0157,38864,112.3375,411,113.28,121.2726,49.4285,127
1175,304.1024,38621,112.7,397,115.17,121.2539,49.1386,127
1176,305.0726,37829,112.3125,389,114.27,121.1125,48.9619,124
1177,307.368,38421,113.0125,374,113.59,121.2507,49.1512,125
1178,305.8306,37923,113.65,392,114.59,121.5258,49.282,124
1179,305.371,37866,113.2,368,112.7,121.4555,49.1872,124
1180,304.1591,40149,114,411,115.64,121.3791,49.5231,132
1181,306.1575,38882,112.1375,373,113.6,121.2271,49.262,127
1182,306.056,38257,111.5125,391,114.23,121.6967,48.7373,125
1183,303.1769,39413,113.2875,384,114,121.4904,49.0061,130
1184,303.4921,38240,111.8125,373,114.07,121.5177,48.8439,126
1185,303.6905,38265,113.0125,382,113.13,121.1811,48.7616,126
1186,304.9921,38734,112.2375,406,113.84,121.5502,48.9413,127
1187,301.3684,40082,112.575,365,112.94,121.7006,49.1149,133
1188,303.9839,37694,112.4375,392,113.89,121.5313,48.7903,124
1189,304.4355,37750,113.2125,369,113.73,121.4668,48.9681,124
1190,303.816,37977,112.5,374,113.93,121.3729,49.0835,125
1191,302.536,37817,113.1875,373,113.95,121.4261,48.848,125
1192,304.6429,38385,112.925,399,113.66,121.3608,49.1603,126
1193,304.4016,38659,112.7875,377,113.22,121.7388,49.1552,127
1194,306.6429,38637,112.125,378,112.92,121.3728,48.8668,126
1195,301.5504,38900,111.75,377,114.45,121.526,49.581,129
1196,303.3387,37614,112.6625,394,113.24,121.5854,48.8205,124
1197,303.5433,38550,112,366,113.04,121.4164,49.2575,127
1198,304.447,40187,111.7,388,113.89,121.422,48.9407,132
1199,301.7581,37418,112.475,392,114.31,121.2698,48.9279,124
1200,304.9274,37811,112.275,382,113.11,121.4779,49.1839,124
1201,304.2258,37724,112.2125,390,113.63,121.5214,48.7604,124
1202,305.4264,39400,112.8125,384,112.74,121.6252,48.7782,129
1203,306.8359,39275,111.7875,398,113.77,121.2454,49.4343,128
1204,300.7638,38197,112.2,374,113.9,121.2059,49.1073,127
1205,302.3095,38091,112.6625,407,114.18,122.1219,48.8718,126
1206,304.4839,37756,111.725,383,113.03,121.3428,48.7157,124
1207,301.7857,38025,111.8875,371,113.97,121.6135,48.8374,126
1208,306.12,38265,110.475,382,114.26,120.9541,49.088,125
1209,303.832,37979,112.75,378,113.22,121.4066,49.2584,125
1210,300.5354,38168,112.575,382,112.12,121.2212,49.3112,127
1211,303.7258,37662,112.975,382,111.81,121.7462,48.8921,124
1212,303.208,37901,111.8375,381,114.12,121.4259,49.5809,125
1213,306.808,38351,113.6,389,114.08,121.7061,49.0666,125
1214,307.2581,38100,112.125,369,114.33,121.427,49.2442,124
1215,303.621,37649,112.2,368,114.24,121.4569,48.9513,124
1216,302.4921,38114,111.8375,384,114.62,121.0814,49.0987,126
1217,302.496,37812,113.0625,372,112.78,121.2381,49.1212,125
1218,305.1371,37837,113.3,378,113.78,121.3374,49.1871,124
1219,305.2063,38456,112.975,398,113.58,121.2431,49.2707,126
1220,306.216,38277,112.8875,394,114.65,121.7318,48.7661,125
1221,305.0078,39346,112.7875,379,114.04,121.2858,49.0389,129
1222,304.0714,38313,111.2,386,113.92,121.7897,48.8473,126
1223,303.627,38257,112.65,381,113.83,121.5328,48.9332,126
1224,305.2097,37846,112.6875,386,114.86,121.4727,49.0575,124
1225,305.88,38235,112.3875,390,113.25,121.3733,49.0191,125
1226,306.2339,37973,112.05,384,112.9,121.2959,49.1828,124
1227,303.6532,37653,113.7,392,113.63,121.6619,49.1873,124
1228,302.2835,38390,113.525,360,112.72,121.555,49.1615,127
1229,305.6111,38507,112.25,369,113.89,121.7041,48.7816,126
1230,304.848,38106,113.025,397,115.07,121.1665,49.374,125
1231,303.272,37909,113.3625,372,115.5,121.6859,49.0711,125
1232,303.7874,38581,113.4625,393,114.31,121.4595,49.4312,127
1233,304.0887,37707,111.975,386,114.27,121.169,49.1042,124
1234,301.4194,37376,112.5875,369,114.07,121.2014,49.033,124
1235,300.4385,39057,112.4125,380,113.62,121.7766,49.2853,130
1236,303.6935,37658,113.575,369,113.42,121.082,49.2359,124
1237,300.448,37556,112.4625,382,113.97,121.4389,49.105,125
1238,303.7937,38278,113.35,373,114.15,121.8163,49.0275,126
1239,300.8226,37302,114.475,366,114.57,121.4381,49.1148,124
1240,301.5403,37391,111.9875,381,113.72,121.3469,48.9747,124
1241,303.36,37920,111.9375,374,114.16,121.555,49.0788,125
1242,303.629,37650,112.675,384,113.03,121.719,48.7332,124
1243,300.8,37600,112.3625,366,114.13,121.1793,48.798,125
1244,298.6212,39418,112.5625,400,113.36,121.4337,48.9437,132
1245,298.6875,38232,112.35,360,112.66,121.3517,49.1498,128
1246,303.384,37923,112.8875,371,113.41,121.4382,49.1948,125
1247,302.976,37872,112.9,379,114.45,121.7246,49.2219,125
1248,297.7907,38415,112.525,384,113.67,121.2274,49.0594,129
1249,302.648,37831,111.95,380,113.62,121.6187,48.8152,125
1250,300.504,37563,112.125,401,113.73,121.451,49.3009,125
1251,303.0645,37580,111.85,394,114.26,121.3343,48.7683,124
1252,300.814,38805,113.0875,383,113.53,121.1689,49.6234,129
1253,299.3543,38018,112.2375,402,112.67,121.7219,48.8743,127
1254,302.619,38130,112.1,398,113.87,121.0355,49.4796,126
1255,300.8333,37905,112.95,383,113.36,121.6262,49.3849,126
1256,301.4,37675,113.75,384,115.97,121.4543,48.8529,125
1257,300.2857,37836,112.125,365,113.62,121.4801,48.8416,126
1258,299.4841,37735,112.425,392,114.62,121.7154,49.1603,126
1259,300.4762,37860,112.6125,374,114.25,121.5947,49.1689,126
1260,300.6452,37280,112.5125,386,114.04,121.1146,49.0323,124
1261,300.7339,37291,111.9625,372,114.59,121.4028,49.2623,124
1262,298.968,37371,112.575,373,113.92,121.4505,49.6942,125
1263,301.75,37417,112.375,400,115.34,121.2839,49.1619,124
1264,296.7008,37681,112.3125,372,114.01,121.9365,48.7559,127
1265,300.3492,37844,111.75,384,113.81,121.3853,49.0744,126
1266,297.864,37233,113.55,370,112.96,121.9191,48.969,125
1267,303.4252,38535,113.5125,383,114.36,121.3121,49.7222,127
1268,301.8871,37434,112.1375,380,113.58,121.686,49.2203,124
1269,300.24,37530,111.3125,420,113.06,121.2296,49.0488,125
1270,300.8605,38811,112.475,380,114.8,121.2253,48.9586,129
1271,299.6457,38055,113.95,377,114.09,121.2178,49.2923,127
1272,302.3548,37492,112.375,368,114.49,121.4112,49.1439,124
1273,300.1349,37817,112.8875,379,115.03,121.9856,48.7812,126
1274,299.5781,38346,112.6,372,113.64,121.2619,49.2141,128
1275,299.7795,38072,111.55,387,113.73,121.8291,48.361,127
1276,298.5317,37615,111.8,373,114.13,121.5999,49.0318,126
1277,300.696,37587,112.2375,439,113.75,121.6669,48.9188,125
1278,297.8504,37827,112.5125,357,114.35,121.333,49.2171,127
1279,299.879,37185,112.725,371,113.14,121.4768,48.8271,124
1280,300.4048,37851,111.8125,371,112.86,121.5174,48.9043,126
1281,298.8065,37052,112.575,373,114.79,121.1569,49.2216,124
1282,299.568,37446,112.15,367,112.98,121.4627,48.9641,125
1283,299.9841,37798,111.5875,381,113.74,121.3824,48.8743,126
1284,299.5081,37139,111.7125,408,112.56,121.4353,48.7652,124
1285,302.0645,37456,112.45,372,113.98,121.4121,49.0276,124
1286,300.3254,37841,112.475,366,113.66,121.2619,48.9982,126
1287,301.8548,37430,111.8875,375,113.7,121.3941,48.984,124
1288,297.7857,37521,112.4625,376,114.37,121.6393,49.0509,126
1289,299.616,37452,112.0875,374,112.95,121.469,48.9354,125
1290,299.5512,38043,111.675,374,112.75,121.4926,49.2165,127
1291,300.5,39065,112.45,392,113.84,121.3528,49.2002,130
1292,303,37875,113.75,381,113.84,121.7707,48.7276,125
1293,299.1774,37098,113.0875,358,113.71,121.2025,49.1984,124
1294,299.2362,38003,112.5,396,113.14,121.6586,48.8936,127
1295,297.874,37830,112.575,369,113.8,121.3588,49.0253,127
1296,298.6299,37926,112.5875,391,113.2,121.5375,49.0958,127
1297,299.845,38680,112.8375,382,113.4,121.6642,49.0079,129
1298,295.8203,37865,112.35,354,113.14,121.2661,49.3945,128
1299,294.448,36806,112.55,358,112.62,121.107,49.472,125
1300,299.2903,37112,113.8375,362,112.85,121.4342,49.2191,124
1301,296.6693,37677,112.025,366,113.34,121.7894,49.109,127
1302,294.871,36564,111.9875,381,114.07,121.3996,49.0836,124
1303,295.4697,39002,113.45,375,113.95,121.4533,49.0475,132
1304,301.128,37641,112.6625,360,114.25,121.6253,49.4301,125
1305,300.8387,37304,111.6375,386,113.46,121.6791,49.2498,124
1306,302.8145,37549,113.2625,375,113.26,121.1985,49.014,124
1307,297.672,37209,111.95,397,114.27,121.6221,48.9505,125
1308,293.096,36637,111.4125,347,113.74,121.8041,48.6201,125
1309,293.8939,38794,112.4875,385,113.72,121.3501,49.3102,132
1310,302.0242,37451,112.0375,378,113.53,121.4057,49.1874,124
1311,298.1102,37860,112.9,380,113.66,121.3725,48.9885,127
1312,298.416,37302,111.3,369,112.82,121.4313,48.9509,125
1313,298.9603,37669,111.8125,366,113.19,121.7766,49.1463,126
1314,298.232,37279,113.4375,384,114.22,121.6029,49.0018,125
1315,297.9435,36945,112.375,353,113.58,121.7104,48.9901,124
1316,294.8077,38325,112.3125,359,114.07,121.1637,49.1704,130
1317,298.1085,38456,112.5,364,112.66,121.6391,48.9611,129
1318,295.24,36905,112.575,368,113.37,121.5881,49.1836,125
1319,298.2143,37575,112.3625,381,113.09,121.6821,49.1443,126
1320,298.4919,37013,112.1625,382,113.22,121.6548,48.7172,124
1321,300,37500,112.7,387,115.3,121.4227,49.1494,125
1322,297.129,36844,113.075,375,113.72,121.7417,48.8104,124
1323,295.9524,37290,112.6375,353,113.87,121.4857,49.0697,126
1324,299.6452,37156,112.3875,374,113.55,121.6047,48.8426,124
1325,296.9055,37707,111.65,392,114.4,121.8531,48.9702,127
1326,293.2578,37537,111.7375,362,113.61,121.7194,48.9163,128
1327,294.7121,38902,112.4625,376,113.95,121.0116,49.1032,132
1328,295.0938,37772,112.1625,355,114.38,121.3646,49.1116,128
1329,296.871,36812,112.825,380,114.43,121.5925,49.0805,124
1330,296.2302,37325,113.5,362,113.53,121.6662,49.1009,126
1331,296.2188,37916,111.4875,370,113.65,121.5782,48.7734,128
1332,296.3468,36747,112.0625,375,113.61,121.667,48.7132,124
1333,298.3629,36997,112.125,359,112.98,121.4854,48.924,124
1334,299.5081,37139,112.5625,386,114.59,121.6966,48.8357,124
1335,295.368,36921,112.7,359,113.57,121.5415,49.3667,125
1336,297.0079,37423,112.6625,370,113.74,121.611,49.2461,126
1337,296.496,37062,111.925,373,113.35,121.6726,49.0552,125
1338,295.2992,37503,112.25,373,114.07,121.2832,49.016,127
1339,294.5556,37114,112.375,363,113.93,121.3623,49.002,126
1340,296.504,37063,112.6,352,113.03,121.4229,49.3209,125
1341,294.7402,37432,112.55,382,114.52,121.2655,49.3538,127
1342,294.4839,36516,112.5625,362,113.68,121.379,49.0591,124
1343,294.5806,36528,112.1,405,112.87,121.313,49.2698,124
1344,297.24,37155,111.05,371,113.95,121.7732,48.6271,125
1345,296.5078,37953,112.925,350,114.15,121.5177,49.0995,128
1346,298.3548,36996,112.375,404,114.62,121.7249,48.8137,124
1347,296.0323,36708,113.325,348,114.39,121.8244,48.5444,124
1348,298.1328,38161,111.5,377,113.95,121.2576,49.1127,128
1349,295.48,36935,112.4875,365,113.57,121.5624,49.4886,125
1350,295.754,37265,112,374,114.17,121.8062,48.3823,126
1351,296.3387,36746,112.775,350,113.05,121.1177,48.9921,124
1352,297.648,37206,112.625,354,114.1,121.5391,48.9701,125
1353,297.874,37830,112.35,357,114.97,121.5787,48.8254,127
1354,294.952,36869,112.3,359,113.28,121.4802,48.5742,125
1355,297.7344,38110,112.8625,361,113.32,121.3401,49.0028,128
1356,295.0465,38061,113.1,361,113.6,121.7022,48.9885,129
1357,293.4851,39327,112.325,377,112.49,121.5107,49.0876,134
1358,297.5591,37790,112.4125,369,112.72,121.3826,49.3848,127
1359,294.6349,37124,112.85,380,114.92,121.8794,48.773,126
1360,296.9194,36818,112.5125,361,113.18,121.2924,49.3074,124
1361,297.2283,37748,113.6875,373,114.53,121.5635,49.2106,127
1362,296.2823,36739,112.2375,374,114.32,121.4706,48.7031,124
1363,300.4762,37860,112.925,352,113.43,121.3467,49.0517,126
1364,294.0455,38814,113.1,371,112.58,121.0909,49.406,132
1365,293.064,36633,112.3875,346,112.93,121.4229,48.9532,125
1366,292.9055,37199,111.9,369,112.9,121.4428,48.785,127
1367,296.312,37039,112.35,354,112.48,121.6455,48.9757,125
1368,294.2381,37074,111.8125,379,113.89,121.1265,48.9085,126
1369,296.0394,37597,111.375,375,113.98,121.5389,48.9517,127
1370,294.8095,37146,111.125,367,112.61,121.2957,48.7858,126
1371,295.4274,36633,112.45,387,114.19,121.3859,49.1924,124
1372,294.9848,38938,112.65,382,113.95,121.6158,49.2152,132
1373,291.0157,36959,112.1375,364,114.11,121.2255,49.2365,127
1374,293.4488,37268,112.0875,360,115.52,122.0029,48.8527,127
1375,291.2126,36984,113.075,379,113.11,121.4825,48.9786,127
1376,294.3468,36499,112.6125,349,113.73,121.4776,49.1075,124
1377,295.619,37248,111.9875,371,113.93,121.5335,49.115,126
1378,293.568,36696,112.425,373,114.47,121.8877,48.7768,125
1379,294.624,36828,112.9375,376,113.76,121.7056,49.1063,125
1380,295.254,37202,111.7625,357,113.28,121.6512,48.9196,126
1381,293.4113,36383,112.6375,359,113.34,121.3867,48.9597,124
1382,294.64,36830,112.8125,362,114.7,121.5773,48.5585,125
1383,291.9015,38531,111.775,364,112.79,121.1209,49.4943,132
1384,295.2661,36613,112.825,361,115.34,121.3552,49.1589,124
1385,293.904,36738,112.3625,364,113.01,121.8662,48.9811,125
1386,291.8889,36778,113.9375,365,113.76,121.5854,48.8325,126
1387,291.7419,36176,111.7,366,113.68,121.7554,48.895,124
1388,296.4597,36761,112.2375,361,113.87,121.8811,48.7627,124
1389,291.7656,37346,113.2125,376,113.29,121.8407,48.4467,128
1390,293.6532,36413,112.7625,352,114.12,121.7341,49.0117,124
1391,294.6452,36536,113.2125,365,114.89,121.6647,48.9403,124
1392,290.5556,36610,112.0125,345,114.49,121.4427,48.8113,126
1393,293.8065,36432,112.1625,363,112.89,121.9588,48.689,124
1394,294.1429,37062,112.575,358,112.19,121.3637,49.1311,126
1395,291.8504,37065,113.2,353,114.24,121.2672,49.0832,127
1396,292.7874,37184,113.625,370,113.9,121.6191,48.6986,127
1397,293.3175,36958,112.425,357,113.72,121.23,49.269,126
1398,292.2756,37119,112.2125,345,113.56,121.6469,49.1463,127
1399,293.2984,36369,112.85,366,113.56,121.2782,48.9923,124
1400,295.176,36897,112.2,378,114.32,121.7415,49.015,125
1401,290.1825,36563,112.9625,343,113.38,121.7637,48.9698,126
1402,292.8661,37194,113.2875,360,113.99,121.2453,49.1661,127
1403,293.68,36710,111.4625,363,113.15,121.1879,48.9658,125
1404,292.2578,37409,112.1375,366,113.09,121.5758,49.3203,128
1405,293.4597,36389,112.7625,375,113.76,121.9274,48.8248,124
1406,292.7795,37183,112.175,376,113.98,121.5854,48.5954,127
1407,290.5969,37487,113.475,360,114.06,121.7152,48.9026,129
1408,292.1111,36806,112.05,346,112.7,121.3596,49.4281,126
1409,294.4846,38283,112.275,360,114.16,121.3772,49.512,130
1410,292.0077,37961,113.0875,359,113.61,121.7058,48.8547,130
1411,293.129,36348,111.9625,369,113.56,121.2352,49.0212,124
1412,293.2143,36945,111.7,371,113.65,121.2579,49.2381,126
1413,293.824,36728,112.65,355,114.23,121.494,48.6759,125
1414,292.6371,36287,112.625,351,113.2,121.7722,49.0366,124
1415,294.619,37122,113.6125,367,113.76,121.4688,49.0406,126
1416,291.871,36192,112.05,359,112.98,121.4549,49.3714,124
1417,294.16,36770,113.2375,361,114.25,121.1634,49.3217,125
1418,292.3145,36247,111.725,374,114.08,121.7479,49.1522,124
1419,295.936,36992,112.8625,362,113.99,121.5346,49.3322,125
1420,294.408,36801,113.3125,352,115.47,121.3486,48.8596,125
1421,292.5323,36274,112.1875,369,112.99,121.5252,49.0621,124
1422,293.0887,36343,112.125,352,113.62,121.851,48.8762,124
1423,294.464,36808,112.9625,360,112.92,121.6317,49.0499,125
1424,291.408,36426,112.2375,384,113.05,121.3728,49.4408,125
1425,296.2581,36736,112.175,378,113.62,121.3235,49.5098,124
1426,292.544,36568,112.3375,363,113.15,121.7683,48.9677,125
1427,294.192,36774,112.05,361,113.85,121.5864,49.3047,125
1428,294.0556,37051,111.7625,373,113.9,121.0867,49.2471,126
1429,294.2903,36492,112.8375,361,114.75,121.4448,48.9079,124
1430,292.944,36618,111.45,354,113.16,121.48,48.5749,125
1431,292.072,36509,112.7,373,113.19,121.7456,49.2833,125
1432,290.381,36588,112.4625,382,114.04,121.11,49.0738,126
1433,294.4435,36511,113.2125,354,114.54,121.5938,48.8057,124
1434,292.7177,36297,111.1625,363,112.79,121.4946,49.2222,124
1435,292.3306,36249,113.5625,351,115.08,121.6285,49.3153,124
1436,291.936,36492,113.9375,371,113.63,121.4669,49.1063,125
1437,291.0394,36962,113.525,347,112.93,121.5225,49.1581,127
1438,291.008,36376,113.0125,365,113.19,121.3215,49.2616,125
1439,292.0726,36217,112.525,350,112.74,121.6885,48.7442,124
1440,291.6154,37910,112.775,351,114.8,121.5804,49.5046,130
1441,289.8462,37680,111.675,357,113.76,121.7227,48.8946,130
1442,293.992,36749,113.0375,359,114.11,121.819,49.4613,125
1443,294.1935,36480,114,373,114.94,121.2933,49.0717,124
1444,288.4113,35763,113.3,341,114.33,121.7751,48.8523,124
1445,291.0397,36671,112.175,363,113.96,121.9738,48.9999,126
1446,295.2823,36615,113.5875,379,113.83,121.7612,48.7702,124
1447,289.1129,35850,112.4875,350,113.62,121.9542,48.5503,124
1448,291.8333,36771,112.3,349,113.53,121.6754,48.6974,126
1449,295.1732,37487,112.1125,377,112.88,121.7062,49.1689,127
1450,292.9839,36330,112.1,350,113.5,121.8799,49.2713,124
1451,291.7177,36173,113.6625,349,113.42,121.4066,49.0377,124
1452,292.2222,36820,112.0625,373,114.11,122.0145,48.8908,126
1453,291.1181,36972,112.425,353,113.44,121.4045,49.6193,127
1454,291.8661,37067,112.325,352,113.99,121.5803,49.1282,127
1455,290.9127,36655,112.6875,347,113.95,121.5931,48.9037,126
1456,292.8065,36308,111.4375,351,114.29,121.7215,48.8828,124
1457,293.0403,36337,112.5,356,113.36,121.6577,48.6068,124
1458,291.8651,36775,112.625,351,113.88,121.8335,48.9461,126
1459,293.7177,36421,113.35,347,112.49,121.446,49.0871,124
1460,291.7143,36756,112.025,353,113.5,121.7773,49.1242,126
1461,290.7339,36051,112.05,351,113.77,122.2193,48.5199,124
1462,291.464,36433,112.1125,345,113.51,121.7301,48.7074,125
1463,292.2339,36237,114.425,353,114.71,121.8196,48.5458,124
1464,291.6532,36165,113.9125,349,113.81,121.7273,48.9014,124
1465,293.8692,38203,114.1,349,113.82,121.5451,49.1823,130
1466,288.4032,35762,112.2125,350,114.03,121.992,48.9057,124
1467,289.4677,35894,112.725,360,113.47,121.5994,48.8708,124
1468,291.9355,36200,112.45,355,113.94,121.81,49.0102,124
1469,288.848,36106,113.275,346,113.07,121.4105,48.8206,125
1470,290.168,36271,111.35,375,112.97,121.5094,49.1414,125
1471,287.871,35696,112.2875,347,114.23,121.9942,48.9642,124
1472,289.8898,36816,111.55,361,113.27,121.9093,49.0243,127
1473,288.9919,35835,111.925,351,114.38,121.9694,49.0798,124
1474,288.3538,37486,112.55,362,113.49,122.007,49.0414,130
1475,289.272,36159,112.9125,355,114.05,122.068,48.5845,125
1476,290.528,36316,113.175,361,113.82,121.7434,49.2273,125
1477,287.2177,35615,113.2375,351,114.75,122.1467,48.3659,124
1478,289.8065,35936,111.825,345,112.83,121.7743,48.667,124
1479,288.3701,36623,113.0875,358,112.77,122.222,48.5893,127
1480,289.28,36160,112.5,348,113.78,121.689,49.1361,125
1481,288.1429,36306,112.0375,355,114.65,122.0472,48.8613,126
1482,289.6111,36491,111.2875,347,113.16,121.9468,49.207,126
1483,285.4122,37389,111.425,339,113.29,121.6249,49.0708,131
1484,288.0534,37735,112.1375,376,114.21,121.4502,49.1813,131
1485,289.2742,35870,111.5375,367,114,121.8234,48.541,124
1486,285.5197,36261,111.2875,368,113.71,121.7685,49.3516,127
1487,289.8871,35946,113.175,378,115.82,121.9817,49.1685,124
1488,289.064,36133,112.2875,351,112.96,121.5677,49.5392,125
1489,286.5081,35527,111.875,345,113.47,121.6566,49.2157,124
1490,288.2992,36614,112.3375,366,114.42,121.5756,49.2561,127
1491,285.3651,35956,112.5625,351,113.85,121.4832,48.8275,126
1492,286.5984,36398,111.825,349,113.29,121.6681,48.7584,127
1493,288.4194,35764,114.3,379,114.02,121.5149,48.9358,124
1494,287.378,36497,112.125,356,113.82,121.6749,48.8145,127
1495,289.0161,35838,112.4625,356,113.37,121.8939,49.2009,124
1496,287.7177,35677,112.9625,346,113.68,122.0051,48.8681,124
1497,289.1694,35857,111.5375,356,113.41,121.4128,49.2298,124
1498,288.096,36012,112.3375,369,113.79,121.6983,49.1341,125
1499,287.744,35968,112.725,357,114,121.9011,49.254,125
1500,289.328,36166,112.6,336,113.59,121.8124,48.9366,125
