1,298.1631,96903,125.7875,472,125.67,126.5035,64.9402,325
2,298.2599,97531,125.85,493,126.26,126.1991,65.0563,327
3,301.684,98349,126.6625,506,124.4,126.1069,65.2728,326
4,299.0031,97475,126.15,470,126.1,126.213,65.1384,326
5,301.9085,99026,126.7375,528,126.72,126.0921,65.3503,328
6,298.6809,98266,126.3625,477,126.03,125.9191,65.4338,329
7,297.5982,97017,125.9,483,127.33,126.0291,65.4152,326
8,298.9479,97457,125.55,501,125.38,126.0204,65.3827,326
9,298.6881,97671,126.9,484,126.1,126.2186,65.109,327
10,297.3598,97534,125.8625,465,125.56,126.4268,64.9638,328
11,298.1346,97490,124.9,492,125.88,126.0689,65.294,327
12,300.0336,98111,126.6625,465,126.63,126.282,65.1737,327
13,298,98042,123.45,488,124.54,125.921,65.4241,329
14,300.247,98481,127.7125,498,125.54,126.0475,65.4268,328
15,300.8246,97768,125.3875,474,125.54,126.2589,65.0572,325
16,297.7591,97665,125.8,509,125.66,126.1974,65.1684,328
17,301.1656,98180,127.125,466,127.3,126.179,65.1608,326
18,301.0398,98440,127.6375,479,126.96,126.1923,65.1497,327
19,299.689,98298,127.35,495,126.04,126.1209,65.3277,328
20,299.9662,97489,126.3875,502,125.1,126.1788,65.5636,325
21,296.135,96540,126.4375,470,124.37,126.3801,64.8823,326
22,297.4356,96964,124.9625,503,126.49,126.1921,65.3313,326
23,297.5468,98488,126.1625,482,126.08,126.0634,65.2746,331
24,297.6024,97316,126.4875,496,125.41,126.4205,65.2407,327
25,295.8242,97622,126.0625,486,124.65,126.0449,65.5414,330
26,296.5826,98762,125.7,456,124.94,126.3967,65.2609,333
27,297.6626,97038,124.5875,491,124.61,126.0816,65.2066,326
28,296.6,96395,125.025,470,125.5,126.3565,65.2971,325
29,294.5396,96609,126.1125,476,124.83,126.5323,65.2496,328
30,293.9235,96113,127.65,484,125.75,126.3979,65.1723,327
31,294.4098,96272,125.375,489,124.82,126.3596,65.1689,327
32,295.1994,96235,127.625,540,125.4,126.3935,65.074,326
33,294.2646,95636,126.375,483,126.21,126.3168,65.2924,325
34,292.2754,97620,125.8,542,124.41,126.2462,65.0976,334
35,293.0518,96121,125.3625,453,124.91,126.3801,65.2065,328
36,294.6954,95776,125.7,475,127.42,126.1564,65.407,325
37,292,95484,126.15,487,124.02,126.5282,65.1424,327
38,295.9294,96473,127.5125,494,125.11,126.5058,64.9871,326
39,295.6147,96666,125.4,509,125.4,126.1946,65.2414,327
40,295.6879,97577,127.0875,516,125.89,126.1433,65.2562,330
41,296.3476,97202,126.0625,537,125.55,126.333,65.1828,328
42,297.0486,97729,125.1,466,124.94,126.1401,65.525,329
43,297.8511,97993,125.75,458,125.1,126.5088,64.9485,329
44,298.3323,97853,125.3,487,127.15,126.6163,64.881,328
45,302.3628,99175,125.1,496,127.04,126.4608,65.1963,328
46,299.9538,97485,126.6875,499,125.15,126.2917,65.2274,325
47,300.6431,97709,124.475,529,125.75,126.1307,65.3503,325
48,297.9787,98035,124.8875,480,125.46,126.311,65.1182,329
49,298.6798,98863,125.4375,485,126.1,126.3493,65.3298,331
50,295.0389,98543,124.2625,500,124.44,126.2571,65.4082,334
51,297.8278,98581,126.075,475,124.58,126.1918,65.4369,331
52,295.6147,96666,125.775,474,123.77,126.4193,65.2759,327
53,295.0272,97654,125.95,454,125.93,126.3527,65.308,331
54,299.211,97842,126.1,490,124.75,126.3983,65.0744,327
55,296.4756,97244,126.775,493,126.36,126.1892,65.4336,328
56,292.4985,98572,125.9625,465,123.71,126.0257,65.6063,337
57,295.5562,97238,126,483,126.18,126.2739,65.3125,329
58,295.594,99024,125.8125,468,124.67,126.3573,65.4101,335
59,296.68,96421,124.675,511,124.69,126.4347,65.2817,325
60,299.1636,98724,125.1,483,124.84,126.3463,65.3059,330
61,296.5305,97262,126.025,503,124.99,126.3301,65.2307,328
62,296.3445,97201,125.2875,495,125.01,126.4885,65.0242,328
63,295.1799,96819,126.625,464,125.23,126.657,64.9777,328
64,298.8201,98013,126.3625,491,126.55,126.5498,64.9003,328
65,298.8308,97120,126.4625,465,126.59,126.4055,65.2389,325
66,301.0122,98431,124.3,473,125.21,126.5323,65.2225,327
67,296.8497,96773,125.95,489,123.95,126.518,65.1195,326
68,297.9448,97130,124.425,489,123.68,126.4072,65.1902,326
69,299.2147,97544,124.4375,465,125.28,126.7706,65.2376,326
70,297.1368,97758,125.1625,494,125.44,126.6022,65.169,329
71,296.2073,97156,127.6125,490,125.76,126.8658,64.7229,328
72,297.7325,97954,125.1375,477,125.39,126.5691,65.1848,329
73,298.9235,97748,127.5875,467,125.76,126.447,65.151,327
74,296.7713,97341,124.8,500,123.7,126.5529,64.9684,328
75,295.9217,98246,125.8375,471,125.23,126.5935,65.0785,332
76,295.148,97694,124.475,504,126.41,126.5328,65.1635,331
77,294.8758,97309,126.675,482,126.5,126.4177,65.102,330
78,293.3556,96514,125.7875,476,125.79,126.3629,65.1399,329
79,293.0062,95227,124.9625,475,126.26,126.7283,64.9407,325
80,293.4404,95955,126.0125,472,124.08,126.5238,65.1197,327
81,296.1662,96254,126.5875,502,126.68,126.6961,64.9662,325
82,294.4543,96581,123.3625,477,125.49,126.8421,64.9262,328
83,293.6982,96333,125.325,451,124.43,126.6135,65.1107,328
84,294.8769,95835,124.375,457,124.29,126.8162,64.7453,325
85,292.2232,95557,125.825,487,125.05,126.5993,64.8049,327
86,292.503,95941,124.575,513,124.89,126.5474,65.2113,328
87,294.3578,96255,128.25,473,125.96,126.6803,64.8288,327
88,292.8277,95169,124.6375,471,124.96,126.8274,64.8765,325
89,292.4985,95062,124.85,471,124.4,126.7563,64.8421,325
90,291.8693,96025,127.7125,469,125.92,126.6202,64.9978,329
91,291.1824,95799,125.75,470,125.84,126.6408,64.8877,329
92,291.9485,96343,123.625,499,124.33,126.6905,65.0648,330
93,290.6442,94750,126.175,471,124.98,126.7353,64.9281,326
94,292.939,96084,126.3,474,125.34,126.7524,64.8503,328
95,289.6907,96467,123.6375,491,124.88,126.7057,65.0449,333
96,290.9693,94856,125.4,471,124.92,126.6968,64.9964,326
97,288.8598,94746,124.4,469,123.47,126.7936,65.0075,328
98,290.0274,95419,124.3,459,123.71,126.6852,64.9149,329
99,290.6284,96198,124.9625,479,124.99,126.6881,64.6762,331
100,289.2289,96024,126.2,464,125.73,126.4823,65.0274,332
101,289.3404,95193,123.7375,475,123.67,126.6459,65.0657,329
102,290.0331,96291,124.125,478,124.09,126.8043,64.8199,332
103,291.0831,94602,125.475,448,125.24,126.6021,65.2159,325
104,289.9362,95389,126.3375,503,125.83,126.6776,64.8989,329
105,289.6942,94730,124.9875,511,124.24,126.5954,65.1882,327
106,289.1442,94261,125.2875,463,124.48,126.7646,65.0623,326
107,288.5509,96376,124.6375,451,125.21,126.6496,64.91,334
108,292.4832,95642,126.5625,476,125.58,126.9574,64.7178,327
109,288.6982,94693,124.1875,454,124.5,126.9021,64.9269,328
110,288.7462,94420,124.025,452,125.27,126.7427,65.072,327
111,288.156,94227,124.7875,453,123.44,126.7081,65.0052,327
112,287.9758,95032,124.5125,485,124.08,126.652,64.9657,330
113,286.4371,95670,123.5,462,124.35,126.6593,64.9532,334
114,290.1166,94578,124.425,474,124.59,127.0005,64.733,326
115,285.3313,93018,123.4875,463,124.5,126.8491,64.9206,326
116,290.3018,95219,123.7125,498,122.97,126.7952,65.0293,328
117,289.423,95799,125.0125,478,122.69,126.8896,65.0429,331
118,291.7569,94821,125.0375,476,125.84,126.7511,64.9079,325
119,289.8436,94489,125.475,463,125.31,126.7762,65.0474,326
120,286.1333,94424,125.075,475,123.43,126.8609,64.9103,330
121,288.2699,93976,123.925,511,125.93,126.8144,64.7292,326
122,287.7652,94387,123.625,447,125.68,126.5571,65.2388,328
123,285.3938,92753,125.0625,452,124.14,126.9204,64.9216,325
124,287.5368,93737,124.5,481,123.74,126.8596,64.9668,326
125,287.0062,93277,125.475,484,125.01,126.6898,64.9266,325
126,289.578,94692,125.7125,481,125.59,126.6888,65.1114,327
127,286.592,93429,123.95,472,124.26,126.74,65.0698,326
128,286.2675,94182,124.8375,477,123.69,127.1683,64.8727,329
129,287.7798,94104,124.225,478,123.33,126.9734,64.9732,327
130,286.3872,93935,123.775,446,122.92,126.9926,64.8934,328
131,286.1651,93576,125.475,486,124.21,126.8231,64.9216,327
132,287.273,93651,125.1375,483,125.2,126.8727,65.0651,326
133,288.2831,93692,126.275,480,125.54,126.6993,64.9447,325
134,287.8369,95274,124.5875,480,123.97,126.9258,64.9117,331
135,286.5662,93134,123.4125,484,124.76,126.5425,65.1,325
136,286.5091,93975,126.5125,500,125.19,126.9818,64.963,328
137,287.1646,94190,124.9875,518,126.7,127.1824,64.6229,328
138,288.4185,93736,124.6125,452,124.3,127.0145,64.65,325
139,288.4421,94609,124.7625,477,122.83,126.9393,64.731,328
140,287.69,94650,124.55,493,124.71,127.0141,64.884,329
141,288,94176,124.85,485,122.83,127.0142,64.6916,327
142,288.315,94279,123.3625,483,124.51,127.1814,64.6963,327
143,288.5352,94351,123.45,470,124.14,126.7899,65.0463,327
144,284.4515,93869,125.75,524,123.34,126.994,65.0613,330
145,285.5305,93654,123.575,468,123.54,127.0512,64.7982,328
146,285.7199,94859,124.325,491,123.3,126.9221,64.9104,332
147,282.3988,93474,123.825,458,124.09,126.9048,65.1406,331
148,286.6006,94005,124.3625,459,125.16,126.9778,65.1005,328
149,286.0462,92965,123.6625,453,122.94,126.9699,65.2177,325
150,285.9818,94088,124.3125,498,124,126.9827,64.9494,329
151,286.1815,93009,125.8,453,125.08,126.951,65.1075,325
152,286,92950,125.55,468,125.45,126.7751,65.1547,325
153,285.0183,93486,125.9875,446,124.3,126.905,64.9379,328
154,284.454,92732,123.275,450,122.93,126.9563,64.804,326
155,284.48,92456,122.625,433,123.38,126.9845,64.8815,325
156,281.2205,93084,123.5625,463,123.82,126.9832,65.3892,331
157,285.0554,92643,123.925,460,124.26,127.2245,64.6953,325
158,283.7933,93368,124.2,471,124.2,127.0033,65.0954,329
159,285.9633,93510,125.3875,441,123.78,127.0803,65.0369,327
160,282.7761,92185,124.425,463,124.18,127.0149,64.8493,326
161,283.6098,93024,124.3125,458,123.45,127.0132,65.0303,328
162,283.7515,93638,125.175,444,125.12,127.0337,65.0816,330
163,283.5107,92708,123.5375,448,122.77,126.9291,64.9548,327
164,284.1437,92915,124.15,470,124.05,127.1822,64.9645,327
165,283.0398,92554,126.075,480,125.93,127.1279,65.0325,327
166,282.5485,93241,122.4375,452,123.9,127.1766,64.7522,330
167,284.9275,94311,124.175,494,125.09,127.1815,64.9611,331
168,281.75,93541,124.2375,462,125.07,126.979,65.1114,332
169,281.5291,92060,123.375,458,124.16,126.9746,64.9673,327
170,284.7182,93957,124.5,457,124.44,126.9012,64.8943,330
171,282.7718,94163,124.1,461,124.96,126.9354,64.9852,333
172,283.6829,93048,124.7375,437,124.63,127.1635,64.9766,328
173,282.263,92300,124.1375,464,124.02,127.0434,65.2738,327
174,284.3374,93547,123.1125,496,122.19,127.3059,64.7597,329
175,282.2966,92311,123.725,441,122.51,127.2811,64.9233,327
176,282.3769,92902,123.95,463,123.61,127.1176,64.891,329
177,282.2185,91721,123.4125,441,124.06,126.9663,64.938,325
178,283.0396,92837,123.925,458,124.11,126.9619,65.0632,328
179,282.7599,93028,123.75,472,124.71,127.127,64.8545,329
180,285.9508,92934,123.525,469,124.51,127.1727,64.7117,325
181,284.1074,92619,124.8625,473,124.71,127.4033,64.8443,326
182,283.0727,93414,124.175,460,124.03,127.1075,64.9677,330
183,285.5667,94237,125.2125,457,125.39,127.0733,65.0065,330
184,281.7818,92988,124.85,448,123.31,126.9127,65.0396,330
185,281.5484,96008,123.75,455,123.68,126.8409,65.112,341
186,283.747,93069,123.775,485,123.23,127.1369,64.9097,328
187,284.7025,92813,122.25,468,123.71,127.1816,64.958,326
188,284.0489,92884,123.075,472,123.37,126.9385,65.2079,327
189,282.0816,93369,125.0875,453,122.61,127.0297,64.7703,331
190,282.3563,94307,124.3125,479,123.96,126.8325,65.2054,334
191,280.9311,93831,124.975,460,122.71,127.1161,65.1095,334
192,280.3503,93637,124.05,467,121.8,127.0014,65.2179,334
193,282.6361,92422,125.1375,475,123.16,127.0663,64.933,327
194,281.5535,92068,123.025,472,123.3,127.3017,64.8272,327
195,285.0798,92936,123.125,441,122.5,127.2822,64.9411,326
196,283.5244,92996,125.625,501,125.78,127.0248,65.1175,328
197,281.7264,92688,124.7375,432,123.93,127.0676,64.9989,329
198,281.9909,92775,124.0125,462,125.36,127.2015,65.0535,329
199,280.8471,91837,124.55,449,123.53,127.048,65.0027,327
200,282.4834,93502,125.7125,440,124.42,127.0466,64.946,331
201,285.1687,92965,123.0625,478,123,127.2209,64.8654,326
202,283.6086,92740,123.3,451,123.33,127.2716,64.7768,327
203,282.6949,93572,123.5125,500,125.03,127.2124,64.8554,331
204,280.5793,92030,123.85,494,124.61,127.2964,64.9262,328
205,282.4646,91801,124.45,450,124.08,127.1633,64.9673,325
206,280.535,92296,122.675,445,123.97,127.2067,64.7251,329
207,283.2239,92331,122.8875,469,123.47,127.3899,64.8323,326
208,282.5305,92670,124.375,436,124.91,127.1808,64.8327,328
209,284.9538,92610,124.15,493,123.12,127.221,64.7231,325
210,282.0092,91653,123.55,453,123.57,127.4444,64.5794,325
211,280.875,92127,124.4125,468,124.03,127.5698,64.8797,328
212,281.5382,92063,123.15,436,124.49,127.158,64.9503,327
213,282.4604,92647,123.9625,454,123.74,127.2854,64.9099,328
214,284.4141,92719,122.7,487,122.95,127.0814,64.9847,326
215,282.3415,92608,124.75,465,125.16,127.2738,64.7034,328
216,283.8976,94254,125.5875,450,125.48,127.0946,64.9391,332
217,283.2523,92057,123.0125,506,124.24,127.5683,64.4911,325
218,282.4498,92926,124.6625,462,124.93,127.5613,64.5106,329
219,284.3374,93547,124.4875,434,123.98,127.2111,65.0802,329
220,282.6353,92987,124.2,447,122.37,127.2623,64.918,329
221,285.0948,93226,123.4125,489,123.61,127.1825,64.9197,327
222,282.8338,91921,123.2125,464,122.52,127.3549,64.8164,325
223,281.4152,92867,123.85,465,123.99,127.2437,64.917,330
224,283.1963,92322,124.375,462,124.41,127.3042,64.7811,326
225,283.3171,92928,123.5375,462,124.34,127.1104,65.0382,328
226,281.5366,92344,123.925,505,124.21,127.3495,64.9322,328
227,282.4646,91801,123.0625,460,124.66,127.5275,64.5996,325
228,282.7903,93038,123.675,473,123.36,127.4124,64.7389,329
229,284.253,93235,125.0125,469,125.06,127.2753,64.7907,328
230,282.7295,93018,122.25,488,123.07,127.1601,64.8604,329
231,282.6809,93002,124.85,495,124.08,127.3214,64.7302,329
232,286.6341,94016,124.0875,484,125.31,127.4181,64.7138,328
233,284.8742,92869,123.5625,474,123.84,127.4601,64.7487,326
234,284.2669,92671,124.0875,460,123.19,127.3273,64.8195,326
235,285.4985,92787,124.9875,488,124.56,127.5509,64.4885,325
236,283.9451,93134,122.7375,468,124.16,127.4285,64.894,328
237,282.9572,92527,123,470,123.78,127.4309,64.8986,327
238,284.2813,92960,123.9875,514,124.41,127.4958,64.6684,327
239,284.135,92628,122.825,503,124.59,127.5053,64.9995,326
240,285.7301,93148,123.6875,441,122.41,127.2709,64.9293,326
241,281.2538,91970,122.8,455,122.45,127.3808,64.7654,327
242,282.8708,91933,124.025,452,122.9,127.6575,64.4625,325
243,282.9939,92822,124.3125,463,124.07,127.4784,64.74,328
244,284.1788,93779,123.3,469,122.83,127.8114,64.431,330
245,282.5933,92408,123.8875,466,123.32,127.231,64.7445,327
246,279.9426,92661,124.5375,443,123.6,127.3731,64.9218,331
247,282.1963,91996,122.95,461,123.25,127.5512,64.5877,326
248,281.3091,92832,122.85,459,122.61,127.5229,64.734,330
249,283.0273,93399,123.0625,454,123.16,127.3971,64.9244,330
250,282.2266,93417,124.3625,492,124.09,127.3079,64.8699,331
251,281.2783,91978,123.4375,485,122.59,127.6342,64.5083,327
252,281.9969,92213,125.325,436,123.45,127.4411,64.7087,327
253,283.6687,92476,122.875,488,122.46,127.302,64.9,326
254,280.5631,91183,123.2,448,122.97,127.5061,64.6826,325
255,281.5866,92642,123.375,464,123.35,127.565,64.513,329
256,281.1754,91382,124.775,438,123.25,127.4721,64.907,325
257,281.2369,91402,123.7625,440,123.39,127.5809,64.7798,325
258,282.2975,92029,124.05,464,123.77,127.4783,64.694,326
259,280.3617,92239,122.175,449,123.19,127.5646,64.8095,329
260,280.7292,91237,123.7375,465,124.58,127.5118,64.6906,325
261,281.2736,92539,123.8125,465,123.19,127.2117,65.1864,329
262,281.1723,91381,123.425,519,124.03,127.7179,64.2708,325
263,280.3433,93915,123.05,494,121.64,127.2246,64.8425,335
264,281.3515,92846,123.1,454,122.44,127.4185,64.7091,330
265,282.5579,92679,122.9625,479,123.22,127.5762,64.7405,328
266,280.3058,91660,123.3875,461,123.6,127.5756,64.603,327
267,281.247,92249,122.4,424,122.25,127.5281,64.7503,328
268,279.9113,91531,124.95,481,123.81,127.4066,64.8429,327
269,283.1166,92296,122.2875,487,122.22,127.4698,64.6563,326
270,279.3584,92747,122.725,429,122.98,127.5651,65.0119,332
271,279.8359,92066,124.3875,464,123.44,127.4389,64.7353,329
272,279,92349,123.6125,457,122.92,127.3846,64.955,331
273,281.2092,91393,122.9625,455,123.31,127.5785,64.7282,325
274,278.2317,91260,124.5625,449,123.32,127.4253,64.6568,328
275,281.3606,92849,124.9,467,123.26,127.5607,64.8379,330
276,280.1582,93853,124.025,483,121.64,127.416,64.6275,335
277,280.4286,92261,124.1875,449,124.07,127.6652,64.697,329
278,281.8689,92453,122.35,476,123.18,127.6491,64.5061,328
279,278.5378,92196,124.625,443,122.51,127.4352,64.9238,331
280,280.0123,91284,122.1625,456,122.67,127.4473,64.6912,326
281,279.2205,92422,122.375,470,123.35,127.6234,64.5785,331
282,281.4677,91477,122.9625,453,124.57,127.7411,64.6631,325
283,279.9849,92675,122.5625,445,123.03,127.4685,64.6361,331
284,281.5457,92347,122.4,466,122.76,127.7378,64.4442,328
285,281.3119,91989,123.4125,461,123.36,127.6525,64.6963,327
286,280.4092,91133,123.8625,450,121.59,127.8598,64.2723,325
287,278.7727,91995,121.4125,445,123.14,127.5746,64.7152,330
288,278.7976,92282,121.8625,451,123.21,127.8066,64.5442,331
289,280.6042,92880,124.6,456,123.07,127.5228,64.6012,331
290,279.5269,93362,123.0625,428,122.89,127.9285,64.2096,334
291,282.0153,92219,122.925,463,121.76,127.6918,64.5411,327
292,280.6193,92885,123.4125,448,122.46,127.5925,64.5065,331
293,281.8689,92453,123.9875,449,122.82,127.865,64.3743,328
294,279.7683,91764,123.3125,462,121.82,127.4949,64.5341,328
295,280.9292,91302,122.5,472,122.64,127.6225,64.824,325
296,281.7676,92138,124.2,454,124.08,127.8457,64.5423,327
297,280.5153,91448,122.275,463,123.03,127.8604,64.331,326
298,282.2378,92574,124.575,461,123.27,127.7403,64.6136,328
299,281.945,92196,123.625,470,123.07,127.7938,64.6418,327
300,284,92868,124.6375,468,123.55,127.721,64.7005,327
301,282.6647,93562,124.125,452,123.8,127.6551,64.6618,331
302,280.4238,91979,122.975,431,122.84,127.6152,64.5805,328
303,281.8154,91590,124.075,461,122.69,127.5735,64.8365,325
304,282.6012,92128,123.1375,444,123.2,127.8257,64.637,326
305,281.4187,93431,123.3625,477,122.48,127.6172,64.7392,332
306,278.2681,92385,123.0125,434,123.48,127.716,64.6509,332
307,280.7362,91520,123.775,470,124.79,127.8975,64.7156,326
308,279.3891,91919,122.7,446,122.05,127.7266,64.8274,329
309,281.5276,91778,123.225,450,124.29,127.9513,64.6053,326
310,282.2985,91747,124.8875,449,123.52,127.8884,64.5688,325
311,280.4354,93385,124.6875,491,123.05,128.0366,64.4991,333
312,280.5471,92300,123.0625,445,122.82,127.6354,64.7534,329
313,282.0214,92221,123.1375,434,122.95,127.982,64.7063,327
314,280.814,92107,124.525,502,122.15,127.8772,64.8888,328
315,278.9613,93731,124.225,439,123.15,127.9211,64.7697,336
316,279.4878,91672,122.625,472,124.48,128.016,64.7648,328
317,280.2985,91097,121.4625,472,121.82,127.7954,64.7639,325
318,281.3769,92573,125.1625,464,122.73,127.8205,64.4269,329
319,281.2215,91397,123,473,122.46,128.284,64.487,325
320,280.5552,91461,123.3875,442,120.82,128.1001,64.6273,326
321,281.3681,91726,121.9,445,123.06,128.2636,64.583,326
322,279.7898,93170,123.475,462,123.51,128.3373,64.4489,333
323,282.2209,92004,124.1,493,124.33,128.5713,64.3382,326
324,280.5321,91734,123.2375,502,121.77,128.336,64.4822,327
325,280.9723,91316,123.75,461,121.62,128.4112,64.5381,325
326,283.945,92850,123.2,524,121.89,128.6925,64.1676,327
327,281.3473,93970,123.5625,473,122.5,128.7339,64.3246,334
328,282.7485,92176,122.2625,487,123.96,128.9834,64.3064,326
329,281.1951,92232,123.6375,463,123.13,128.926,64.5278,328
330,280.945,91869,122.875,455,123.22,128.9594,64.3411,327
331,280.3595,92799,124.2375,464,122.05,129.0614,64.3252,331
332,282.3282,92039,123.9125,479,122.77,129.2054,64.2879,326
333,282.1402,92542,123.95,473,122.53,128.9853,64.5736,328
334,281.0299,94145,125.4875,439,124.1,128.9489,64.3626,335
335,280.1295,93003,122.0375,473,122.17,129.3526,64.4273,332
336,280.4073,92254,124.2375,465,121.6,129.4261,63.9503,329
337,279.9641,93508,122.7875,480,121.26,129.0781,64.2503,334
338,281.0488,92184,124.4,472,123.75,129.2801,64.1206,328
339,283.5291,92714,122.9,464,122.06,129.5901,63.8406,327
340,279.1557,93238,124.2875,481,122.07,129.0728,64.3212,334
341,282.1718,91988,123.9875,490,123.78,129.1794,64.3052,326
342,279.2348,91589,122.9375,499,122.44,129.2882,64.2622,328
343,281.8585,91604,121.7375,479,122.02,129.3404,64.344,325
344,281.1621,91940,123.8125,524,121.69,129.3151,64.1508,327
345,282.0308,91660,124.1,454,121.36,129.3953,64.2354,325
346,283.7785,92228,124.125,475,123.35,129.4831,64.1936,325
347,279.4308,90815,123.8875,437,123.36,129.321,64.2374,325
348,281.9482,92479,122.6125,480,123.06,129.4648,64.1428,328
349,279.9063,92649,122.8625,496,123.97,129.4395,64.0516,331
350,281.0152,92173,122.425,485,121.66,129.5915,64.0307,328
351,279.9633,91548,123.2,463,122.68,129.5298,64.3085,327
352,278.7868,92836,122.6125,463,123.62,129.3707,64.2949,333
353,284.0123,92588,124.1375,477,124.47,129.3441,64.4019,326
354,285.3129,93012,122.6875,483,123.87,129.5299,64.0704,326
355,281.16,91377,123.0625,515,122.74,129.4697,64.287,325
356,280.7523,91806,123.975,465,121.47,129.6445,63.9738,327
357,281.1804,91946,123.8625,473,122.9,129.6223,64.0425,327
358,281.197,92795,123.05,475,122.53,129.5859,64.2753,330
359,281.6444,92661,124.075,467,123.35,129.6316,64.1726,329
360,281.8598,92450,124.2,469,123.1,129.6034,64.1875,328
361,282.5,92095,122.975,476,122.58,129.8383,63.8735,326
362,278.9167,93716,123.7375,493,123.66,129.4766,64.0931,336
363,279.5625,93933,124.325,453,123.19,129.6053,64.2878,336
364,280.9727,92721,123.55,460,121.8,129.784,63.9462,330
365,281.3537,92284,122.7,472,122.39,129.6354,64.1607,328
366,282.3926,92060,123.1625,487,122.71,129.8669,63.9071,326
367,282.5092,92098,122.2125,460,123.4,129.6768,63.9064,326
368,283.5793,93014,124.2,472,123.48,129.905,63.9168,328
369,281.3761,92010,122.6125,509,122.84,129.7835,63.993,327
370,280.0151,92965,123.6875,457,123.21,129.9029,63.854,332
371,282.2844,92307,122.8375,487,122.27,129.8782,64.2252,327
372,280.7669,91530,122.6375,493,121.86,129.9021,64.1692,326
373,281.7348,92409,121.8125,463,122.65,129.8271,63.8635,328
374,281.3598,92286,123.9875,469,122.45,129.7645,64.2793,328
375,280.8606,92684,122.725,469,122.61,129.8378,64.1937,330
376,279.1155,91829,123.9,449,122.62,129.8298,64.0605,329
377,281.9477,91633,123.75,488,123.39,129.7181,63.9705,325
378,280.0213,91847,123.725,449,121.98,129.5753,64.2096,328
379,283.4465,92687,124.7125,465,122.69,129.7138,64.1117,327
380,283.2246,92048,122.475,479,122.97,130.1223,63.7308,325
381,280.8012,91822,122.2625,450,122.92,130.0638,63.8236,327
382,280.0123,91284,121.55,483,121.15,130.101,64.0398,326
383,282.6687,92150,124.825,484,123.34,130.0372,64.0222,326
384,280.5697,92588,122.325,474,122.8,129.7618,64.0582,330
385,279.8705,92917,123.7375,493,122.19,129.7116,64.2655,332
386,280.7812,92377,124.275,461,122.12,129.8884,64.1099,329
387,283.5846,92165,122.6125,486,123.68,129.8878,64.0679,325
388,280.7121,92635,123.0375,491,122.49,130.0555,63.8511,330
389,282.0031,92215,122.1375,462,122.72,130.2274,63.5013,327
390,280.7546,91526,123.2375,488,123.38,130.1721,63.6322,326
391,282.8585,91929,123.975,513,124.34,129.8345,64.1866,325
392,279.459,91942,123.475,472,122.23,130.0014,63.9243,329
393,280.0398,91573,123.7,489,122.71,129.9888,64.0543,327
394,281.8654,92170,123.0125,464,121.33,129.9459,64.0942,327
395,281.7744,92422,124.6,434,123.81,129.8257,63.9774,328
396,279.3636,92190,122.075,483,123.13,129.8388,64.2019,330
397,279.1804,91292,123.525,479,121.91,130.0382,63.7028,327
398,281.8497,91883,121.7375,479,121.97,129.6745,64.0282,326
399,281.4067,92020,123.0125,499,121.91,130.2438,63.8007,327
400,279.3645,92749,121.2,449,122.33,129.9367,64.229,332
401,280.3222,92226,121.7875,482,122.95,130.001,63.9526,329
402,280.3982,92251,123.7125,475,122.91,130.1579,63.8797,329
403,281.2462,91405,122.9875,484,122.28,130.1232,63.9605,325
404,280.9212,92704,123.1125,541,122.58,130.0285,63.9745,330
405,280.2554,91083,122.975,497,123.3,129.6983,64.0022,325
406,280.0823,91867,125.475,491,121.57,130.1909,63.9612,328
407,282.6779,92153,125.0125,446,123.51,129.9803,63.9555,326
408,278.3246,95187,123.1125,481,121.99,129.8374,64.0804,342
409,279.0061,92072,124.0625,464,122.09,130.0506,63.9012,330
410,280.9138,91297,123.075,451,122.11,129.9228,64.0891,325
411,281.4532,93161,123.15,451,123.21,130.0091,64.0269,331
412,281.5675,91791,123.0375,503,123.08,129.9527,63.9708,326
413,280.865,91562,123.1875,486,122.05,129.8642,64.2073,326
414,280.3939,92530,123.6625,472,122.8,129.6335,64.3552,330
415,282.2454,92012,123.375,476,123.54,129.9878,63.925,326
416,281.9394,93040,123.025,441,121.12,129.8096,64.1907,330
417,279.6748,92013,121.8,479,121.88,130.0728,64.2213,329
418,279.6198,93393,124.375,439,122.05,130.1084,63.9622,334
419,281.3678,92570,123.85,470,121.85,129.9868,64.1328,329
420,279.924,92095,123.675,459,122.32,129.8101,64.2985,329
421,282.1467,94237,122.9,471,122.48,129.831,64.1134,334
422,280.6647,92900,122.7125,488,122.74,129.9131,64.3418,331
423,282.7631,91898,122.6,469,123.19,130.084,63.9087,325
424,280.7432,92926,123.1375,455,122.45,129.9902,64.2155,331
425,281.5583,91788,122.3,474,123.46,129.9365,64.1343,326
426,281.8742,91891,122.5125,445,123.26,130.3211,63.6777,326
427,279.4955,92513,122.925,455,121.11,129.9449,64.3058,331
428,283.6177,92743,124.3,466,123.77,129.9285,64.0761,327
429,280.1446,93008,124.125,465,121.96,130.0189,64.164,332
430,281.6465,93225,123.5875,471,123.18,130.112,64.0158,331
431,282.7138,91882,122.25,450,121.78,129.9677,64.1906,325
432,280.1939,92464,122.35,448,124.27,130.2464,63.8308,330
433,280.5262,91171,123.0375,461,122.56,130.2009,63.9592,325
434,281.2918,92545,122.8375,462,121.76,130.0424,63.9162,329
435,282.0831,91677,123.325,442,122.62,130.3498,63.6472,325
436,282.8116,93045,126.0875,451,122.56,130.1236,63.8716,329
437,281.9878,92492,122.4125,478,122.93,130.284,63.8402,328
438,281.1061,92765,122.975,467,124.12,130.1605,63.9753,330
439,282.1707,92552,124.85,507,124.1,130.2287,63.8809,328
440,283.9477,92283,121.925,499,123.47,130.2347,63.8203,325
441,280.9419,91868,122.1875,454,120.95,130.0965,63.971,327
442,281.2988,92266,121.6625,443,122.34,130.249,63.9627,328
443,279.8997,92087,123.275,450,120.94,130.1697,63.8517,329
444,282.3681,92052,123.675,456,124.15,130.1975,63.5935,326
445,279.7454,91197,123.7875,445,122.93,130.3199,63.9345,326
446,280.9969,91324,123.475,464,122.51,130.3661,63.7219,325
447,281.4462,91470,122.0625,455,122.94,130.2936,63.788,325
448,281.5491,91785,122.0625,474,122.46,130.3286,63.8782,326
449,278.9219,92881,121.275,472,121.46,130.1813,63.9146,333
450,283.2975,92355,122.9,459,122.65,130.4322,63.656,326
451,281.3914,92015,121.75,494,122.49,130.3634,63.7655,327
452,278.3839,93537,123.875,467,121.49,130.534,63.7438,336
453,281.4892,91484,123.6625,448,124.14,130.5082,63.7257,325
454,281.1043,91640,122.025,442,122.51,130.2357,64.0158,326
455,281.0854,92196,122.4625,485,122.49,130.3501,64.0032,328
456,280.6564,91494,123.175,460,123.2,130.3103,64.2018,326
457,279.6433,91723,122.8375,457,122.72,130.2442,64.0628,328
458,281.2973,93672,123.9625,475,121.69,130.0768,64.0999,333
459,281.3323,92277,123.875,478,122.73,130.2558,63.9618,328
460,282.3385,91760,124.1875,485,122.62,130.1579,64.0366,325
461,283.2036,93174,123.125,453,120.89,130.1252,63.7525,329
462,281.2774,92259,125.0125,476,123.5,130.3597,63.7562,328
463,281.0488,92184,124.1875,457,123.37,130.54,63.6712,328
464,280.8545,92682,123.525,477,123.17,130.2841,64.2559,330
465,281.8899,92178,125.3625,457,121.94,130.4103,63.9604,327
466,280.7939,92662,124.1375,496,121.78,130.1944,63.9512,330
467,281.3077,91425,121.9875,462,121.87,130.4256,63.8022,325
468,280.5289,92294,123.2,450,122.44,130.2729,64.0168,329
469,278.253,91267,123.45,469,122.59,130.2193,64.0218,328
470,280.2892,91094,122.7625,452,122.71,130.3948,63.6745,325
471,281.0365,92461,122.5,439,122.44,130.2828,63.9241,329
472,281.2853,91699,122.6625,457,123.04,130.3149,63.9548,326
473,280.3,92499,122.9375,474,123.33,130.187,64.0906,330
474,278.9424,92051,120.9,473,121.73,130.3554,64.0326,330
475,280.2128,92190,124.925,445,121.44,130.3867,63.8369,329
476,278.3842,94929,122.4625,457,122.6,130.1529,64.0709,341
477,280.8681,91563,124.275,464,123,130.3457,63.9536,326
478,281.6768,92390,122.5625,469,122.82,130.4695,63.6205,328
479,280.814,92107,123.175,460,121.68,130.3937,63.8887,328
480,279.3636,92190,123.975,456,121.26,130.2275,63.9109,330
481,280.3183,93346,123.4625,452,122.15,129.9901,64.367,333
482,279.189,91574,123,476,122.39,130.5886,63.5857,328
483,278.397,91871,123.075,459,123.34,130.3246,64.0184,330
484,280.8061,92666,123.275,490,121.63,130.3596,63.7277,330
485,281.4482,92315,122.475,472,121.46,130.3488,63.7889,328
486,279.5688,91419,121.4875,446,121.75,130.4796,63.6012,327
487,280.6847,93468,122.55,455,122.52,130.2808,64.1176,333
488,279.4373,91376,122.7875,453,122.6,130.4638,63.6781,327
489,280.1656,91334,124.9875,485,123.39,130.7068,63.7499,326
490,281.4462,91470,125.1125,486,123.06,130.5353,63.8301,325
491,279.8859,93202,122.4875,469,121.6,130.5372,63.7277,333
492,280.6647,92900,122.5375,485,123.8,130.3584,63.7708,331
493,278.4485,91888,122.725,455,122.15,130.2796,63.9406,330
494,279.3628,91631,123.2375,443,122.99,130.4776,63.8803,328
495,281.4387,91749,123.9625,457,122.88,130.5059,63.7602,326
496,280.0695,92703,123.2875,513,122.72,130.3774,63.9836,331
497,279.7939,92332,123.0875,461,121.69,130.4559,63.8815,330
498,278.9727,92061,122.9625,464,123.38,130.5955,63.7292,330
499,279.1216,91831,122.625,465,122.96,130.1999,64.0169,329
500,280.4465,91706,122.8875,479,122.54,130.6956,63.6627,327
501,279.578,91422,124.1375,447,124.21,130.5828,63.8623,327
502,280.1921,91903,121.6875,478,121,130.5099,64.0394,328
503,277.7706,90831,122.7,465,122.24,130.679,63.977,327
504,280.2446,91640,121.875,459,121.35,130.6274,63.7253,327
505,279.6902,91179,124.3125,479,121.26,130.4695,63.7272,326
506,281.1261,93615,123.1125,450,122.9,130.3967,63.9499,333
507,278.3678,91583,122.35,455,121.14,130.6356,63.8607,329
508,278.9816,90948,122.5875,466,123.11,130.3804,63.8294,326
509,280.9018,91574,121.2375,457,122.64,130.1404,63.8297,326
510,281.2744,92258,123.0625,465,122,130.6372,63.6186,328
511,280.7879,92660,123.8,445,122.7,130.5859,63.6419,330
512,279.681,91176,123.3,460,123.03,130.5067,63.7374,326
513,278.6939,91969,122,458,122.43,130.6753,63.5057,330
514,280.8313,91551,122.625,459,122.68,130.2898,63.958,326
515,280.4817,91998,123.525,494,121.8,130.6622,63.9095,328
516,279.5382,91409,122.725,438,122.9,130.6561,63.8851,327
517,281.1262,91366,122,504,122.74,130.7016,63.7901,325
518,281.4134,92585,123.025,451,122.54,130.432,63.7465,329
519,280.6615,91215,123.95,449,122.45,130.6575,63.4885,325
520,279.1581,91843,122.15,436,122.32,130.6155,63.626,329
521,278.0212,91747,123.475,474,122.79,130.6233,63.7506,330
522,281.7462,92131,122.8625,470,123.42,130.4745,63.8496,327
523,280.8049,92104,121.25,455,121.91,130.414,63.7318,328
524,278.7896,91443,120.8,458,123.01,130.7179,63.5891,328
525,276.4713,91512,122.2,438,122.06,130.6147,63.9768,331
526,280.8165,91827,122.0375,461,122.94,130.6908,63.6788,327
527,280.4103,92255,122.775,454,120.93,130.7455,63.8001,329
528,281.3374,91716,123.025,459,122.15,130.6189,63.7428,326
529,279.3129,91056,123.1125,460,121.92,130.6366,63.7846,326
530,280.0523,91017,122.175,488,122.13,130.6671,63.6803,325
531,280.7855,92940,122.625,495,122.56,130.7396,63.626,331
532,280.0951,91311,123.4125,448,121.92,130.6581,63.7175,326
533,280.7638,91529,125,458,123.05,130.8023,63.7748,326
534,282.4665,92649,124.1875,475,122.14,130.4377,63.9306,328
535,279.6375,92560,123.95,482,123.66,130.5652,63.3943,331
536,280.3976,91690,122.6375,483,122.18,131.0544,63.2429,327
537,280.2092,91068,123.6375,441,122.67,130.7199,63.4654,325
538,280.9021,91855,122.025,465,121.45,131.1154,63.3192,327
539,277.9634,91172,123.7375,461,121.3,130.5543,63.7219,328
540,278.6054,92497,123.175,461,121.42,130.5145,64.0211,332
541,279.253,91595,122.1375,470,121.96,130.7663,63.7054,328
542,279.7754,90927,123.3375,472,122.88,130.789,63.6522,325
543,278.8511,91742,123.525,468,123.15,130.7618,63.7466,329
544,281.1788,92789,122.2875,480,121.08,130.6887,63.5405,330
545,281.8727,93018,121.675,473,121.45,130.8513,63.7077,330
546,280.9116,92139,122.125,454,122.23,130.8569,63.4722,328
547,278.4685,92730,123.5625,471,121.09,130.4704,63.7952,333
548,279.3093,93010,122.4375,481,123.17,130.552,63.7283,333
549,280.9294,91583,123.3,461,121.95,131.0494,63.6143,326
550,280.76,91247,123.9125,466,121.75,130.8782,63.8852,325
551,280.3865,91406,122.875,465,123.05,130.8093,63.8574,326
552,280.7914,91538,121.4,456,122.8,130.8775,63.4487,326
553,279.3538,90790,123.5625,446,122.64,130.5328,63.7315,325
554,280.0856,91588,123.55,460,121.96,131.0992,63.2247,327
555,279.597,92267,123,468,122.04,130.759,63.5108,330
556,278.872,93701,122.1125,449,121.34,130.8291,63.7604,336
557,280.4462,91145,123.325,486,122.45,131.0171,63.2652,325
558,280.0942,92151,123.175,453,122.09,130.6726,63.7174,329
559,279.0091,91794,122.85,456,121.93,130.6475,63.5866,329
560,283.7104,93057,124.2125,458,123.49,130.8822,63.6254,328
561,281.4031,91456,124.125,442,121.86,130.9081,63.7698,325
562,282.9663,92247,123.7,480,122.73,130.986,63.6182,326
563,279.0426,91805,122.5875,464,122.41,130.6603,63.9654,329
564,279,91791,123.3875,460,121.08,130.7092,63.6986,329
565,281.5566,92069,123.05,476,121.19,130.9596,63.6643,327
566,280.9264,91582,123.625,467,120.67,131.0095,63.5338,326
567,279.7104,93703,121.9,494,123.31,130.7246,63.6176,335
568,278.097,91772,122.0125,453,123.55,131.0101,63.6026,330
569,280.0795,91586,122.5625,452,122.78,130.9829,63.5028,327
570,278.0843,92324,121.4375,477,122.33,130.9896,63.6452,332
571,280.1718,91336,123.725,462,122.06,131.014,63.5496,326
572,279.2416,91312,122.0375,461,121.3,130.8717,63.6986,327
573,279.4557,91382,122.8875,467,121.87,131.0656,63.4606,327
574,279.422,91371,123.0125,456,122.67,130.9852,63.4656,327
575,280.3505,92796,122.8125,462,121.11,130.926,63.5205,331
576,279.9294,91257,121.5875,466,122.1,130.906,63.6484,326
577,278.2362,95435,122.9375,482,123.38,130.8463,63.682,343
578,279.6494,91725,121.1625,469,122.95,130.92,63.4075,328
579,280.9576,92716,122.3375,458,121.36,130.7847,63.6607,330
580,279.8384,91787,124.55,460,122.2,130.9206,63.5945,328
581,280.9574,92435,123.725,458,123.77,131.2745,63.4634,329
582,281.3456,92000,123.325,444,121.87,131.0805,63.346,327
583,281.4407,92594,123.0875,475,123.36,130.6573,63.968,329
584,279.5331,92805,122.2875,443,121.14,130.8858,63.6016,332
585,279.4585,90824,123.6375,445,121.47,130.6816,63.5438,325
586,279.2182,92142,123.3125,482,121.06,130.6914,63.4667,330
587,280.4726,91995,123.1625,444,123.23,130.9532,63.5785,328
588,278.2394,91819,122.6,438,122.17,131.0134,63.5287,330
589,281.1651,91941,124.7125,443,121.95,130.7229,64.0687,327
590,279.7339,91473,124.2875,433,123.01,130.9268,63.5514,327
591,282.6031,91846,122.85,452,123.35,131.0876,63.464,325
592,281.6067,92367,123.5125,499,123.83,130.7059,63.7194,328
593,280.3015,91098,121.25,441,122.32,130.9578,63.5005,325
594,281.37,92008,123.4125,455,123.11,131.0659,63.4124,327
595,278.8528,90906,123.025,456,122.84,130.9344,63.7117,326
596,281.4164,92586,124.55,474,123.9,130.8718,63.5433,329
597,278.0671,91206,122.7875,465,124,130.7899,63.7629,328
598,280.5385,91175,122.875,451,122.29,131.2124,63.3934,325
599,281.6453,92098,123.7125,444,122.54,131.0333,63.6661,327
600,281.4498,92597,122.6875,466,123.9,131.1484,63.5056,329
601,279.2147,91024,123.925,466,123.05,131.3674,63.2645,326
602,280.4601,91430,120.7875,454,121.35,131.04,63.5724,326
603,279.5586,93093,124.1,462,122.59,130.8546,63.9095,333
604,279.2364,92148,122.5375,499,120.69,130.8947,63.9835,330
605,279.5415,90851,122.125,471,122.03,130.8997,63.4195,325
606,280.6727,92622,122.2125,503,122.63,130.9313,63.5206,330
607,278.9511,91217,123.425,448,121.67,130.9556,63.6815,327
608,280.2892,91094,122.1125,448,121.26,131.1017,63.4881,325
609,280.0576,92419,123.95,462,123.53,130.8432,63.6352,330
610,280.6972,91788,121.675,483,121.24,131.0116,63.4924,327
611,280.2121,92470,121.8375,444,123.29,130.8245,63.7662,330
612,279.228,91866,122.825,474,123.16,131.1559,63.2793,329
613,280.5323,91173,121.9875,440,120.78,131.0979,63.3852,325
614,280.061,91860,122.9125,446,121.95,131.18,63.3456,328
615,279.3495,91906,123.8,438,121.75,130.9827,63.6145,329
616,280.546,91458,122.45,472,122.18,130.9798,63.6124,326
617,279.9146,91812,121.9625,437,122.92,131.176,63.5136,328
618,279.5015,93074,122.6875,455,122.51,130.9234,63.6933,333
619,280.7138,91232,121.5875,464,122.18,131.3435,63.4454,325
620,280.1754,91057,123.0375,492,121.94,131.0086,63.5786,325
621,280.0723,92984,121.7625,461,121.18,131.1299,63.5816,332
622,278.6472,90839,123.475,451,122.96,131.1952,63.3864,326
623,279.0778,93212,122.55,442,121.09,130.9151,63.6111,334
624,281.5354,91499,122.275,443,122.26,130.9353,63.3214,325
625,280.2638,91366,121.7125,468,121.37,131.1346,63.5058,326
626,282.0061,93062,121.825,473,120.85,131.0831,63.3113,330
627,280.9939,92166,122.0375,438,120.93,130.964,63.6265,328
628,280.3242,92507,122.7375,476,121.28,130.7806,63.775,330
629,281.6123,91524,122.4375,463,122.64,130.9943,63.5806,325
630,282.5031,92096,122.9625,449,121.47,130.9682,63.6259,326
631,279.4062,90807,121.125,415,121.92,131.19,63.4373,325
632,280.1364,92445,122.2,451,122.06,131.1039,63.5639,330
633,281.7805,92424,123.875,448,122.64,130.9569,63.4287,328
634,277.5452,92145,123.5625,464,121.79,130.9878,63.9074,332
635,280.1835,91620,122.275,457,121.91,131.1871,63.374,327
636,279.2675,91879,122.65,457,121.98,130.964,63.587,329
637,280.5108,91166,122.3375,451,121.66,131.0911,63.5649,325
638,277.7199,92203,122.6875,443,122.22,131.008,63.5443,332
639,279.362,91072,121.4375,441,121.44,131.3751,62.9865,326
640,277.7264,91372,122.2875,445,121.7,131.1374,63.6621,329
641,280.259,93046,122.9625,454,122.27,131.0821,63.6988,332
642,278.7662,90599,120.9,445,122.51,131.2413,63.637,325
643,279.5675,91139,121.3,457,121.57,131.1768,63.4009,326
644,278.4634,91336,122.7,443,122.48,131.0058,63.3181,328
645,279.4509,91101,122.0625,444,121.37,131.2521,63.3313,326
646,278.0245,90914,122.1375,443,121.4,131.2435,63.3722,327
647,277.2523,92325,123.425,445,121.4,130.9287,63.5561,333
648,280.1754,91057,123,450,121.93,131.0797,63.4882,325
649,280.6338,91206,121.9125,439,122.1,131.2867,63.3737,325
650,279.6402,91722,122.75,472,120.97,131.2174,63.2227,328
651,279.589,91146,121.1625,463,122.12,131.2516,63.2048,326
652,278.4123,90484,121.7,450,122.91,131.2146,63.1546,325
653,279.2145,92420,121.6,435,121.8,131.0879,63.2074,331
654,279.6858,92576,122.6,463,122.37,131.2461,63.514,331
655,278.231,91538,121.825,460,121.81,131.0818,63.5283,329
656,282.8185,91916,120.7,460,121.76,131.1923,63.1653,325
657,280.682,91783,122.2875,486,121.3,131.0832,63.5987,327
658,280.7143,92355,123.925,451,123.81,131.4404,63.3423,329
659,279.4199,92488,122.325,458,122.53,131.2511,63.5206,331
660,282.8232,92766,123.65,462,123.97,131.0882,63.5652,328
661,278.1078,92888,123.8,460,120.73,131.1332,63.4324,334
662,280.32,91104,122.4375,437,123.14,131.432,63.0269,325
663,279.6061,92270,124.3875,460,122.15,131.3025,63.2891,330
664,279.3506,91627,121.7125,450,121.48,131.1778,63.3893,328
665,279.7354,90914,122.275,465,121.6,131.5021,63.1603,325
666,281.2936,91983,122.0625,459,122.33,131.3635,63.5268,327
667,281.3526,92565,121.45,488,121.59,131.2347,63.3474,329
668,280.5671,92026,121.9375,445,122.19,131.2136,63.3349,328
669,279.6737,92572,121.5375,484,121.57,131.1778,63.3568,331
670,279.2239,91027,122.4,466,120.9,131.0541,63.4479,326
671,282.0492,91666,122.5,432,123.23,131.3957,63.0624,325
672,279.7667,92323,122.125,466,122.22,131.0517,63.5909,330
673,281.9662,91639,122.1875,448,123.67,131.5896,63.1643,325
674,281.2333,92807,123.8875,441,124.51,131.1485,63.3919,330
675,281.3252,91712,121.9375,450,122.1,131.218,63.3375,326
676,281.8899,92178,122.7375,457,122.68,131.491,62.9926,327
677,279.5335,91687,122.025,462,122.52,131.3377,63.3172,328
678,280.2966,91657,123.35,448,122.57,131.1949,63.617,327
679,280.614,92322,121.2125,445,122.84,131.224,63.39,329
680,278.4185,90486,121.8625,473,121.31,131.3332,63.3031,325
681,280.7676,91811,121.4625,459,120.72,131.3511,63.452,327
682,278.7681,92551,123.6125,474,122.22,131.3938,63.1416,332
683,279.4738,90829,122.55,450,121.45,131.3184,63.1351,325
684,279.6951,91740,124.15,449,122.62,131.3239,63.4776,328
685,280.7278,91798,121.3375,461,122,131.3108,63.4885,327
686,279.7969,90934,123.1625,450,124.66,131.1303,63.4945,325
687,278.6939,91969,122.7,459,120.95,131.0557,63.3908,330
688,278.7791,90882,123.0875,437,121.92,131.3996,63.3422,326
689,277.8097,91955,122.7125,434,120.89,131.2758,63.2484,331
690,279.9292,90977,121.425,445,122,131.6203,63.2362,325
691,279.3424,92183,123.3625,472,121.75,131.1944,63.357,330
692,278.2246,90423,122.3375,452,120.68,131.4547,63.3922,325
693,277.227,90376,121.9375,457,121.14,131.6059,63.3695,326
694,281.6534,91819,123.1875,448,122.72,131.3395,63.1133,326
695,280.3969,91129,123.1625,469,121.66,131.5133,63.4209,325
696,278.7446,90592,123.0375,451,121.16,131.4494,63.461,325
697,280.0677,91022,121.8,463,122.64,131.4093,63.2719,325
698,278.006,92020,122.9125,468,121.71,131.4985,63.3299,331
699,278.903,92038,122.2125,463,122.7,131.5071,63.0634,330
700,282.125,92537,123.05,483,123.17,131.6424,63.0654,328
701,280.3242,91666,123.6625,438,122.95,131.3546,63.2681,327
702,282.3098,92033,123.3375,455,122.98,131.4401,63.3037,326
703,279.878,91800,123.275,446,121.68,131.2038,63.5032,328
704,278.9508,90659,121,453,121.95,131.6071,63.19,325
705,280.3424,92513,123.275,467,122.59,131.2293,63.5788,330
706,278.997,93185,124.525,455,122.84,131.7176,63.2785,334
707,279.0335,91523,122.775,436,121.82,131.4242,63.0073,328
708,280.5508,91179,121.9875,457,121.5,131.4026,63.5302,325
709,279.6411,91163,121.925,435,120.8,131.4012,63.3278,326
710,279.5292,90847,121.2875,452,122.46,131.6634,63.0927,325
711,279.1424,92117,122.825,452,121.56,131.3753,63.6175,330
712,279.8834,91242,121.575,450,122.62,131.4426,63.2836,326
713,280.0488,91856,121.5,453,121.26,131.3236,63.3644,328
714,278.2273,91815,123.6875,442,121.69,131.2764,63.3879,330
715,278.6116,91106,121.4625,448,122.22,131.4801,63.0487,327
716,281.6185,91526,124.075,464,121.39,131.3747,63.3527,325
717,281.5427,92346,123.8125,464,121.26,131.3638,63.6393,328
718,281.316,91709,121.5875,443,124.61,131.6115,63.3384,326
719,280.203,92467,124.725,448,124.1,131.5528,63.1456,330
720,281.3647,92569,121.475,444,121.64,131.224,63.2925,329
721,280.2333,92477,123.9875,469,122.84,131.27,63.4339,330
722,278.56,90532,122.8875,442,122.58,131.3763,63.3291,325
723,280.3773,91403,123.1375,454,122.12,131.6712,63.1199,326
724,277.9387,90608,122.6125,417,121.73,131.3284,63.1232,326
725,280.4657,93956,122.2125,440,121.69,131.474,63.5211,335
726,280.5848,92593,123.2375,450,122.09,131.575,63.036,330
727,281.3476,92282,123.2875,438,123.19,131.2491,63.1166,328
728,279.6411,91163,122.775,440,120.6,131.3025,63.294,326
729,279.988,92956,122.8125,493,123.58,131.5102,63.3217,332
730,279.6372,94797,122.475,453,121.99,131.2741,63.3208,339
731,279.2356,92427,120.875,443,120.16,131.3093,63.4117,331
732,280.8092,91263,121.825,461,120.25,131.3172,63.3472,325
733,278.577,92209,123.1875,439,121.99,131.4818,63.3018,331
734,280.3473,93636,122.4625,452,122.48,131.1847,63.2879,334
735,281.128,92210,122.1375,468,121.53,131.4566,63.1951,328
736,280.3354,91109,121.4125,449,121.74,131.4028,63.3327,325
737,282.1254,92255,122.7375,455,122.43,131.5687,63.3218,327
738,280.2333,92477,122.825,454,121.23,131.3575,63.1484,330
739,281.5521,91786,122.7875,467,121.95,131.6747,63.0448,326
740,278.8994,91479,121.6625,463,121.46,131.6397,63.0416,328
741,279.5474,91412,122.075,451,122.36,131.4086,63.3024,327
742,278.4985,93854,121.6625,449,120.62,131.3035,63.3129,337
743,279.855,92632,122.0375,440,121.46,131.6894,62.925,331
744,280.6881,91785,122.45,435,121.57,131.7073,63.1527,327
745,279.1477,90723,123.775,433,121.84,131.2922,63.4152,325
746,279.2853,93002,121.8875,457,122.21,131.6165,63.214,333
747,281.7492,93259,123.5875,458,123.04,131.5491,63.1069,331
748,282.6656,92149,124.9875,453,121.87,131.47,63.0405,326
749,279.8116,92058,122.4375,448,121.78,131.5934,62.9817,329
750,279.1463,91560,121.725,450,122.32,131.6886,63.1171,328
751,278.4264,92716,122.9625,440,120.66,131.6531,63.261,333
752,280.7349,93204,122.5375,452,121.68,131.5437,63.2956,332
753,277.632,93562,121.1875,461,122.61,131.6858,63.0822,337
754,280.3015,91098,123.25,455,120.59,131.4253,63.0948,325
755,280.2317,91916,123,453,121.05,131.6282,63.0751,328
756,279.0642,91254,120.575,446,121.19,131.3506,63.4469,327
757,281.4092,91458,122.6875,455,120.27,131.6259,63.1549,325
758,278.7914,90886,123.3875,465,120.76,131.8965,62.7718,326
759,279.8899,91524,122.4875,447,122.33,131.413,63.3235,327
760,279.9631,90988,123.575,481,122.47,131.4835,63.19,325
761,280.3233,92787,123.9625,486,123.16,131.4548,63.2939,331
762,277.9277,92272,120.7875,437,122.43,131.5289,63.0491,332
763,279.5579,91695,123.6125,455,120.64,131.733,63.2889,328
764,279.018,92913,122.225,432,120.93,131.3433,63.4057,333
765,277.4485,91558,122.825,450,121.78,131.6567,63.2872,330
766,279.526,91405,121.5125,453,121.45,131.7476,62.9477,327
767,279.0767,90979,122.175,454,122.1,131.6135,63.0507,326
768,278.682,91129,122.5125,440,122.09,131.379,63.2454,327
769,279.1216,91831,121.9375,442,121.82,131.5734,63.3748,329
770,277.9695,91174,124.0125,484,121.42,131.5716,63.1898,328
771,279.6817,93134,121.825,469,122.14,131.517,63.231,333
772,278.6717,91683,123.6375,440,120.57,131.6329,63.246,329
773,278.5521,90808,123.2875,446,120.43,131.6986,63.172,326
774,278.1815,90409,123.95,441,121.47,131.4824,63.0849,325
775,278.6963,90855,122.65,438,122.67,131.4019,63.2831,326
776,277.6503,90514,121.2875,456,122,131.518,63.1482,326
777,279.9909,91837,122.7625,454,122.05,131.5757,63.2281,328
778,279.5951,91148,122.775,445,121.96,131.6535,63.1372,326
779,279.1788,92129,123.4,475,123.38,131.4397,63.2313,330
780,278.3969,90479,122.4,440,121.88,131.5367,63.4103,325
781,277.1261,92283,123.025,464,121.01,131.6289,63.0267,333
782,280.4404,91704,122.8625,482,122.82,131.5134,63.2485,327
783,278.9033,92317,122.65,431,121.06,131.4919,63.6329,331
784,280.8277,91269,123.125,449,122.66,131.6762,63.1835,325
785,278.9612,93452,122.85,465,121.81,131.3673,63.1058,335
786,278.6554,90563,122.4125,450,121.5,131.7552,62.7481,325
787,276.4149,92599,122.825,461,122.37,131.5763,63.3114,335
788,278.423,92158,121,438,121.06,131.6328,63.1999,331
789,278.383,91588,123.3,441,120.83,131.4909,63.1495,329
790,278.0182,91468,122.75,444,121.03,131.6222,63.243,329
791,277.2553,91217,122.5,439,121.27,131.7288,62.9896,329
792,280.2431,91079,122.6125,451,123.24,131.4743,63.3373,325
793,278.1468,90954,121.9875,433,120.95,131.6421,63.2628,327
794,281.0884,92197,123.4875,496,121.62,131.7897,63.0332,328
795,280.6483,91772,123.7625,454,121.66,131.5879,63.2732,327
796,279.8215,90942,124.6375,447,123.18,131.8839,63.2888,325
797,280.2049,91627,122.225,454,122.46,131.6058,63.1125,327
798,279.5754,90862,123.275,452,121.53,131.6751,63.0077,325
799,278.2024,92085,124.6,440,123.04,131.5045,63.174,331
800,280.3731,91682,121.8375,459,121.19,131.6822,63.2191,327
801,279.4618,91384,123.25,476,123,131.5922,63.1826,327
802,277.617,91336,122.6875,446,121.74,131.7169,63.2828,329
803,280.6062,91197,121.175,453,121.92,131.7761,63.1595,325
804,276.2758,91171,123.5,441,120.88,131.7418,63.0288,330
805,279.2423,91033,122.95,440,119.92,131.8651,63.1751,326
806,277.5562,91316,123.8375,438,121.19,131.8261,63.2055,329
807,279.797,92333,121.925,471,121.78,131.3722,63.3089,330
808,278.2287,91259,121.975,457,121.48,131.7088,62.9515,328
809,279.997,92119,122.35,438,123.1,131.7604,63.0085,329
810,279.3837,92476,121.9875,440,120.86,131.7979,63.077,331
811,275.769,90728,122.0375,451,120.76,131.5753,63.4211,329
812,278.9517,92333,123.8625,432,122.91,131.5571,63.1473,331
813,277.7927,91116,124.875,449,122.25,131.6295,63.2885,328
814,276.625,90733,121.3875,427,121.31,131.7163,62.761,328
815,278.3037,90727,121.5875,448,121.88,131.846,63.1518,326
816,278.8482,93693,123.825,470,121.45,131.428,63.3154,336
817,279.0578,91810,122.4625,458,121.65,131.6519,62.8114,329
818,276.8632,91088,123.3,481,122.01,131.5773,63.3344,329
819,279.8277,90944,124.075,445,122.24,131.5276,63.3915,325
820,278.6485,91954,124.175,462,123.89,131.5814,63.1269,330
821,276.48,89856,122.8125,451,121.94,131.6996,63.1695,325
822,277.4127,92101,122.9625,450,121.99,131.9012,62.9722,332
823,277.0274,90865,120.475,439,120.16,131.7645,62.9753,328
824,274.7485,92865,121.95,449,122.33,131.5585,63.4246,338
825,278.4909,91345,122.425,476,121.96,131.7468,62.9547,328
826,277.29,91783,122.0875,443,120.96,131.7278,63.1508,331
827,276.1731,92518,124.2125,424,122.65,131.5271,62.9094,335
828,277.7325,91374,121.725,435,122.27,131.3213,63.2816,329
829,280.0369,91012,122.475,454,121.81,132.0837,62.7312,325
830,277.4697,91565,122.525,458,121.69,131.637,63.0463,330
831,276.0736,90000,123.4,440,121.41,131.7294,63.0249,326
832,280.2538,91643,121.7375,450,120.99,131.8414,62.9763,327
833,278.0821,91489,121.6625,446,121.62,131.6459,63.4263,329
834,278.9179,91764,121.6,443,121.24,131.4385,63.2083,329
835,277.9485,91723,122.8375,440,121.57,131.7965,62.9705,330
836,277.2783,90670,120.7625,474,123.11,131.7581,63.1811,327
837,275.5533,93137,123.5375,440,121.76,131.6018,63.2688,338
838,279.0699,91814,120.8,438,121.14,131.7806,63.1404,329
839,277.816,90568,121.725,434,120.69,131.8349,63.1623,326
840,277.8632,91417,121.2,445,120.91,131.6496,62.9671,329
841,279.25,91594,123.925,449,121.46,131.7423,63.1439,328
842,275.614,90677,122.525,444,121.67,131.533,63.1229,329
843,278.3761,91029,122.575,456,121.89,131.8034,63.0876,327
844,275.9699,91622,123.5375,437,120.02,131.5649,63.2868,332
845,278.3879,91868,122.025,432,122.64,131.7977,63.1199,330
846,277.8323,91129,122.475,490,122.65,131.6329,63.0325,328
847,278.9512,91496,122.25,418,122.6,131.8112,63.0159,328
848,277.0418,92809,123.3625,434,120.66,131.6232,63.0122,335
849,277.9815,90344,122.325,428,120.71,131.6757,63.3245,325
850,277.5319,91308,122.25,442,121.47,131.7113,63.0096,329
851,276.9455,91392,122.65,456,121.62,131.8874,62.7831,330
852,278.5815,90539,121.8375,445,121.62,131.794,62.733,325
853,278.8138,92845,123.6375,443,121.25,131.6069,62.9983,333
854,277.8685,90863,123.8125,436,122.82,131.8344,62.8861,327
855,275.4848,90359,122.2125,426,122.08,131.5849,63.1867,328
856,279.3282,91061,122.725,431,121.67,131.5232,63.125,326
857,277.6918,91916,123.125,440,122.14,131.5176,63.1672,331
858,279.8742,91239,121.8625,467,121.52,131.713,63.1555,326
859,277.2493,93433,122.6,444,121.98,131.5251,63.2798,337
860,276.2364,91158,122.4875,439,121.91,131.6263,62.8527,330
861,279.0862,90703,122.025,458,122.26,131.6195,63.1008,325
862,279.4758,92227,121.525,468,122.52,131.6936,63.267,330
863,276.9511,90563,123.1,455,120.34,131.5049,63.2376,327
864,279.8123,90939,122.125,478,121.75,131.8339,62.9485,325
865,277.7545,91659,121.9375,470,121.35,131.902,62.8403,330
866,275.6209,92333,121.7125,444,121.65,131.855,62.8876,335
867,275.9692,89690,122,450,121.3,131.8864,62.9258,325
868,281.181,91665,121.275,440,123.35,131.7433,63.1835,326
869,277.3354,90966,123.3875,441,121.76,131.7432,63.1362,328
870,277.4177,90993,121.8125,440,121.54,131.8285,63.0362,328
871,279.7339,91473,122.8,446,121.76,131.7229,63.0808,327
872,278.9305,92326,121.1375,454,120.61,131.943,62.9985,331
873,276.6949,91586,121.4875,447,122,131.6656,62.9817,331
874,277.581,90769,122.2125,453,121.54,131.9512,62.9019,327
875,278.1061,91775,122.7375,441,121.55,131.915,63.1169,330
876,279.9668,92669,122.425,442,122.05,131.4945,63.265,331
877,277.4369,90167,122.8375,428,122.1,131.8729,63.0029,325
878,279.5616,93094,122.1,457,121.39,131.8651,63.0025,333
879,279.6411,91163,122.8625,442,120.5,131.7948,63.2917,326
880,280.6257,93729,122.875,457,122.36,131.8176,63.0976,334
881,280.9512,92152,123.225,457,122.78,131.9807,63.1206,328
882,280.9847,91601,121.6375,463,122.75,131.9307,63.0744,326
883,281.046,91621,123.8,455,121.75,131.5914,63.4714,326
884,280.0554,91018,123.675,446,121.54,131.952,62.821,325
885,279.6319,91160,121.6625,469,121.19,131.7359,62.9007,326
886,279.71,92584,120.675,435,122.47,132.0596,62.6822,331
887,278.8258,92849,121.625,439,121.45,131.8728,63.0152,333
888,279.2705,91880,123.3875,454,120.71,132.012,62.7941,329
889,279.9759,92952,122.3,436,123.3,131.6775,63.1478,332
890,279.7945,91213,122.9375,449,121.46,131.8498,62.9376,326
891,279.0828,90981,121.7875,434,119.94,131.8743,62.7675,326
892,279.408,91087,122.0875,457,122.6,132.1589,62.9627,326
893,276.9878,90852,124.125,431,120.9,131.7475,63.0454,328
894,279.8677,90957,121.4375,446,122.55,131.8274,62.8092,325
895,278.8262,91455,123.7625,454,121.27,131.7048,63.1061,328
896,279.6615,90890,121.9625,448,121.23,131.6778,63.1546,325
897,279.4177,91649,123.125,454,122.11,131.7543,63.2039,328
898,278.2703,92664,122.3,467,120.59,131.6977,63.1876,333
899,279.538,91968,123.125,462,121.1,131.9835,63.1389,329
900,278.3769,91586,122.125,430,121.45,131.9713,62.8557,329
901,278.3723,90471,121.8,450,121.52,131.976,63.0693,325
902,277.2844,90672,122.95,465,120.89,131.9697,62.8646,327
903,278.8349,91179,121.1125,490,121.48,131.9652,63.141,327
904,279.7822,91209,122.5375,446,121.05,131.8704,62.9702,326
905,279.84,90948,121.8625,466,121.8,131.9065,63.3562,325
906,279.0669,91813,121.975,437,121.33,131.5936,62.9444,329
907,277.3739,91256,121.7125,456,122.82,131.9933,62.8605,329
908,277.9369,92553,122.925,470,121.17,131.9756,63.233,333
909,280.9723,91316,121.775,442,122.5,131.7551,63.1531,325
910,280.0492,91016,123.0875,437,122.6,131.7919,62.8563,325
911,278.7348,91425,122.5375,474,122.14,131.6809,63.1118,328
912,278.5872,91098,121.975,483,120.22,131.6961,63.2188,327
913,278.462,91614,121.625,444,121.62,131.6929,63.056,329
914,279.2831,90767,122.025,446,122.48,131.7495,62.7957,325
915,280.6892,91224,122.6125,462,120.56,131.7947,62.9729,325
916,279.0276,90963,121.6875,440,121.39,132.0836,62.9338,326
917,278.2699,90716,120.925,465,122.72,131.4972,63.1588,326
918,279.5352,91408,124.1875,451,121.12,131.8478,62.8765,327
919,277.9179,91435,121,443,122.71,131.9033,62.9166,329
920,279.535,91967,123.125,447,121.83,132.1785,62.5311,329
921,279.2644,91878,123.5125,442,121.81,131.9819,62.8118,329
922,277.4985,91852,121.6125,432,121.74,132.0768,63.1031,331
923,278.7676,91157,121.275,464,122.05,131.8899,63.0403,327
924,278.4128,91041,121.8125,447,120.58,132.0003,63.0057,327
925,279.4172,91090,121.8,437,119.62,131.9039,62.7133,326
926,277.9634,91172,122.125,432,121.45,131.9371,63.088,328
927,278.3201,91289,121.5,435,121.94,131.8574,63.1027,328
928,278.3091,91842,121.9625,449,121.33,131.9827,63.0508,330
929,280.9018,91574,122.2625,443,121.81,131.941,63.1537,326
930,279.8624,91515,122.7375,449,122.89,131.9229,62.9578,327
931,278.003,91185,122.7,441,121.86,131.8772,62.7164,328
932,277.0273,91419,121.3625,456,120.47,131.9401,62.6597,330
933,278.0092,90909,120.875,468,120.9,132.1416,62.6601,327
934,279.1009,91266,122.4875,455,121.38,131.936,63.0405,327
935,278.5798,90817,122.1,450,121.07,132.0683,62.6392,326
936,277.3724,92365,122.25,432,120.72,131.8263,63.1404,333
937,276.1606,91133,122.075,425,121.54,131.7218,63.0506,330
938,279.0856,91261,122.3875,440,122.46,132.0592,62.8192,327
939,277.2317,90932,121.7625,445,122.04,132.0811,62.8977,328
940,278.3028,91005,121.675,453,122.55,131.8804,62.9102,327
941,279.5723,90861,120.3875,471,120.89,131.8319,62.8238,325
942,276.4776,92620,120.7375,442,123.03,131.9539,62.8642,335
943,277.003,90857,121.65,439,121,132.0819,62.903,328
944,278.1277,91504,121.875,448,120.9,131.7229,62.9998,329
945,277.9939,91460,121.5375,437,120.96,132.0097,63.0188,329
946,277.6615,90240,123.1125,456,122.65,132.1441,62.7579,325
947,279.2722,91322,124.325,443,122.92,132.1141,62.728,327
948,276.3879,91208,121.475,443,121.08,131.9931,62.8801,330
949,277.6503,90514,123.1625,421,121.72,132.2085,62.6365,326
950,278.4601,90778,122.8625,441,120.88,132.0883,62.8034,326
951,277.4431,90169,121,460,121.82,131.9545,62.9553,325
952,276.9367,91943,123.1,432,122.16,132.0725,62.8142,332
953,276.5796,92101,123.175,456,122.2,132.0939,63.0998,333
954,275.8919,91872,123.15,445,121.63,131.9088,62.8063,333
955,277.1262,90066,123.8125,422,121.37,131.9254,62.9868,325
956,278.24,90428,122.4125,454,120.16,132.1252,62.8658,325
957,277.6697,90798,122.4125,455,121.94,131.9703,62.9496,327
958,279,91512,122.3,477,122.21,132.0136,62.8595,328
959,280.6123,91199,123.15,450,121.22,132.1811,62.7577,325
960,280.72,91234,122.675,463,121.94,132.0852,62.735,325
961,278.2492,91544,120.9875,469,122.27,132.2493,62.8231,329
962,279.6933,91180,123.2625,426,123.54,131.9476,62.9669,326
963,280.8282,91550,123.3,458,122.28,132.3071,62.3565,326
964,277.0121,91414,121.75,457,121.16,131.9067,62.9231,330
965,278.5123,90795,121.325,444,121.04,132.0256,62.986,326
966,277.7553,91937,121.6375,436,121.89,131.9638,62.9355,331
967,279.4325,91095,122.225,432,123.33,132.1777,62.6864,326
968,277.1738,90913,120.9625,423,121.03,132.0865,62.7462,328
969,280.3077,91100,122.625,440,122.08,132.1213,62.8595,325
970,281.32,91429,122.05,453,122.08,131.9483,62.722,325
971,278.5818,91932,121.8375,436,121.25,131.882,62.9677,330
972,277.7048,92198,122.525,433,121.23,131.8014,63.0295,332
973,278.4665,91337,122.0875,423,121.29,132.0499,62.7083,328
974,276.3423,92022,122.125,460,121.51,131.8361,63.2427,333
975,275.4006,90056,121.5375,436,121.6,132.2323,62.9301,327
976,278.9754,90667,121.7625,433,121.84,131.9204,63.0304,325
977,277.5532,91315,122.4375,468,120.25,132.4157,62.7341,329
978,279.7447,92036,122.275,431,122.86,132.3062,62.7154,329
979,280.2896,91935,123,457,122.76,132.1501,62.6271,328
980,280.5169,91168,121.7625,442,119.92,132.1558,62.6519,325
981,278.5382,91082,124.0125,459,122.53,132.0427,62.9557,327
982,280.3364,91670,122.5,446,121.44,132.011,62.5963,327
983,276.4294,90116,122.5875,441,121.23,132.2734,62.6238,326
984,278.3558,90744,124.125,454,121.82,132.1895,62.9434,326
985,277.9419,90887,122.625,432,122.87,132.2551,62.6354,327
986,277.72,90259,123.2875,458,121.42,132.0652,62.6663,325
987,276.7034,90482,120.5,429,120.68,132.1873,62.754,327
988,277.9786,90899,122.5125,461,122.55,131.9693,63.0826,327
989,276.2425,92265,122.825,456,122.66,131.8752,63.1155,334
990,275.8636,91035,122.675,440,121.67,132.1775,63.0407,330
991,277.0368,90314,122.65,449,120.38,132.193,62.8856,326
992,278.1503,90677,122.925,443,121.29,132.0191,63.0141,326
993,275.841,90200,121.125,424,121.77,132.045,62.8813,327
994,277.5684,91320,122.575,455,122.38,132.3709,62.6539,329
995,278.0246,90358,122.225,451,122.47,132.0384,62.7345,325
996,274.7939,90682,121.3125,424,122.38,132.0511,62.8735,330
997,278.9879,92066,122.975,467,121.85,132.05,62.9629,330
998,276.6985,89927,120.675,479,121.03,131.9453,62.8148,325
999,277.8135,90845,120.05,470,121.57,131.9317,62.9007,327
1000,274.6958,91199,122.275,445,121.19,132.2449,62.7013,332
1001,276.9356,90281,121.7625,440,121.86,131.9567,62.9633,326
1002,276.5535,90433,121.925,444,122.1,132.1816,62.6095,327
1003,276.8436,90251,122.0875,445,120.93,132.171,62.9913,326
1004,277.6677,90242,121.8125,449,120.95,132.2385,62.6752,325
1005,278.2954,90446,119.3625,436,120.68,132.2933,62.7211,325
1006,275.5775,90665,122.725,436,121.8,132.3146,62.6271,329
1007,278.0337,90639,122.1,449,120.5,132.0629,62.8564,326
1008,276.8807,90540,122.75,443,122.34,132.2193,62.5883,327
1009,277.3593,92638,122.8125,446,120.67,132.0903,62.8682,334
1010,279.4448,91099,121.525,448,121.66,132.2786,62.6421,326
1011,277.4177,90993,119.625,446,122.03,132.3915,62.8068,328
1012,278.8926,90919,121.4125,447,122.3,132.2471,62.7563,326
1013,276.9727,91401,122.0625,425,122.17,132.1455,62.9047,330
1014,278.0338,90361,123.05,434,121.27,132.4034,62.7703,325
1015,274.994,91848,120.0375,430,121.21,132.277,62.7872,334
1016,276.8389,91080,123.825,458,121.92,132.2084,62.7849,329
1017,276.5394,91258,122.3125,430,123.44,132.4796,62.2785,330
1018,276.7676,90503,121.4,432,120.89,132.3749,62.5411,327
1019,277.5015,90743,120.9125,458,121.3,132.4478,62.8108,327
1020,278.3385,90460,121.4625,431,121.82,132.4863,62.504,325
1021,276.5045,92076,121.075,452,120.99,132.2289,62.8684,333
1022,274.8257,89868,121.0375,445,121.06,132.442,62.8183,327
1023,275.2538,90008,123.025,478,121.83,132.545,62.4946,327
1024,278.2661,90993,122.1625,448,122.79,132.4227,62.8197,327
1025,276.2673,91997,121.9125,430,121.61,132.6588,62.6162,333
1026,276.6738,90749,124.1125,437,122.32,132.5945,62.4561,328
1027,277.6055,90777,120.85,453,120.2,132.6968,62.5841,327
1028,275.8701,91313,120.975,449,120.43,132.7166,62.6268,331
1029,276.0798,90002,123.375,455,120.55,132.4885,62.4021,326
1030,275.6656,89867,122.725,445,121.16,132.6789,62.5775,326
1031,277.9969,90349,122.1375,446,121.51,132.721,62.3501,325
1032,274.6073,90895,121.275,444,121.26,132.4473,62.7363,331
1033,275.3374,89760,120.55,439,122.01,132.6285,62.7068,326
1034,278.6159,91386,122.6125,437,121.54,132.8787,62.3215,328
1035,275.9877,89696,122.775,454,120.93,132.8426,62.6144,325
1036,276.8196,90520,122.05,450,120.81,133.0978,62.4522,327
1037,276.9939,91131,121.8,428,121.02,133.0028,62.3747,329
1038,275.8237,90746,121.925,453,121.88,133.0041,62.4724,329
1039,275.3212,90856,121.8875,449,120.19,132.7706,62.6523,330
1040,272.783,93019,121.05,433,121.67,132.9261,62.868,341
1041,276.5805,90995,121.7125,446,120.28,133.2898,62.4609,329
1042,277.6463,91068,122.4375,468,123.09,133.0812,62.5398,328
1043,275.3591,92796,122.1375,436,121.36,133.3136,62.3133,337
1044,277.9451,91166,122.3875,445,122.29,133.111,62.3384,328
1045,276.9297,90556,121.75,463,121.23,132.9822,62.6886,327
1046,275.703,90982,121.6625,450,121.05,133.2296,62.7447,330
1047,277.7086,90533,121.7,457,120.47,133.3843,62.4063,326
1048,276.6036,92109,123.0875,437,121.52,133.3075,62.633,333
1049,276.6831,89922,122.5125,448,122,133.38,62.4111,325
1050,274.4877,89483,121.9,437,120.76,133.2552,62.4092,326
1051,276.3495,90919,121.1125,465,122.5,133.4598,62.5409,329
1052,278.4154,90485,121.5125,451,119.97,133.4834,62.1619,325
1053,277.8221,90570,122.2375,432,122.49,133.5091,62.5184,326
1054,274.5443,89776,121.2625,462,121.09,133.4392,62.68,327
1055,277.5474,90758,121.15,447,120.8,133.39,62.755,327
1056,275.488,92013,121.2875,436,120.44,133.607,62.422,334
1057,274.5749,91708,121.65,440,120.41,133.335,62.5221,334
1058,276.1939,91144,120.9875,436,122.02,133.5146,62.5004,330
1059,276.3951,90934,121.7875,451,121.73,133.4359,62.3736,329
1060,277.1945,91197,124.4375,439,121.09,133.5182,62.334,329
1061,275.5242,90923,120.4375,430,120.65,133.5206,62.4355,330
1062,277.103,91444,121.5875,433,120.95,133.4522,62.4634,330
1063,277.0152,91138,122.0875,450,121.67,133.6565,62.3754,329
1064,277.5828,90492,123.2375,432,122.2,133.7905,62.2222,326
1065,276.3926,90104,121.55,444,120.46,133.6657,62.0048,326
1066,274.3353,92451,121.2625,475,120.59,133.6754,62.4831,337
1067,277.155,91184,122.1625,440,120.62,133.5236,62.3776,329
1068,276.6018,91002,121.325,446,120.61,133.7295,62.1474,329
1069,275.2606,90836,121.7375,432,121.29,133.9831,62.1489,330
1070,276.31,90906,122.925,448,121.31,133.7793,62.2288,329
1071,275.7584,90173,121.7125,457,120.43,133.5625,62.6753,327
1072,275.3598,90318,123.8375,432,121.44,133.8048,62.1039,328
1073,276.2853,90069,122.1625,457,120.51,133.6418,62.5572,326
1074,275.5823,90391,120.925,443,120.8,133.6704,62.2735,328
1075,276.9152,91382,123.2125,435,121.57,133.4777,62.2429,330
1076,274.1662,90749,121.9875,455,119.87,133.7611,62.4645,331
1077,278.8037,90890,122.5875,466,120.82,134.0696,62.1699,326
1078,276.6024,90449,121.2125,446,121.73,133.8387,62.1718,327
1079,274.3231,89155,121.35,441,121.68,133.8171,62.1759,325
1080,277.9758,92010,123.2625,451,122.05,133.7704,62.4741,331
1081,277.1692,90080,120.925,449,121.23,133.6223,62.3779,325
1082,276.9144,90551,120.5,463,121.13,133.7462,62.5384,327
1083,275.4523,89522,122.5875,437,121.06,134.1267,62.0503,325
1084,274.3435,90259,122.2625,462,121.1,133.5483,62.6019,329
1085,277.8049,91120,122.1,440,120.89,133.6203,62.5604,328
1086,276.4648,90404,123.125,457,120.62,133.9983,62.0324,327
1087,275.8394,91027,122.4,433,122.23,133.8156,62.285,330
1088,277.1104,90338,120.7,456,120.35,133.9768,62.5394,326
1089,276.8471,90529,122,462,120.81,134.1284,61.9668,327
1090,274.3201,89977,120.7,440,120.77,133.7566,62.1094,328
1091,274.9275,91001,121.9125,465,122.47,133.8129,62.5407,331
1092,272.1012,91426,122.4375,432,121.09,133.6981,62.3244,336
1093,278.0644,90649,121.85,456,121.2,134.1586,62.2114,326
1094,274.9847,89920,122.75,434,120.69,133.9836,62.2308,327
1095,279.8092,90938,121.675,454,120.23,134.1072,62.0442,325
1096,277.0183,90585,122.7,476,120.87,133.7373,62.5735,327
1097,274.9969,89649,122.0625,441,120.8,134.1303,62.0908,326
1098,278.6892,90574,121.5125,447,120.58,134.0464,62.3811,325
1099,276.3242,90358,123.4,463,121.36,134.2619,62.053,327
1100,276.727,90213,122.4125,449,121.33,134.2064,61.8914,326
1101,273.7078,90871,122.325,443,120.98,133.9143,62.4068,332
1102,273.397,90221,121.5,471,121.43,133.9601,62.2721,330
1103,275.476,92009,122.2625,436,120.63,134.0463,62.3103,334
1104,276.4923,89860,121.4125,443,121.49,133.9484,62.2671,325
1105,274.7477,90392,123.625,455,121.36,133.9005,62.3448,329
1106,275.6018,90673,121.8375,447,121.49,134.2172,61.9268,329
1107,278.6391,91115,121.3125,447,120.64,134.1277,62.0497,327
1108,275.686,90425,122.225,449,120.43,134.003,62.2185,328
1109,277.0092,90028,121.7125,443,121.15,133.9997,62.0389,325
1110,276.4333,91223,122.25,448,121.04,134.0361,62.1162,330
1111,275.6964,92634,123.85,455,122,133.8474,62.3961,336
1112,278.3465,91576,121.6,474,121.24,133.995,62.3738,329
1113,277.6062,90222,122.0875,451,121.52,134.1544,61.9847,325
1114,277.6208,90782,121.825,454,123.31,134.0363,62.2135,327
1115,276.4316,90946,123.0125,438,121.12,134.2441,62.0779,329
1116,273.6299,91666,122.0875,421,120.62,134.0557,62.1892,335
1117,275.6707,90420,121.9125,452,121.66,134.0786,62.3009,328
1118,276.526,90424,122.6875,452,121.4,133.95,62.0641,327
1119,274.5359,91695,122.025,434,121.94,133.9867,62.5924,334
1120,275.727,89887,121.6625,438,122.03,134.1648,61.8689,326
1121,277.4421,91001,119.9375,461,122.26,133.9958,62.3959,328
1122,275.9339,91886,122.4,448,120.31,134.0526,62.158,333
1123,276.4085,90662,122.825,446,121.5,134.1264,62.2509,328
1124,276.4554,89848,121.8375,448,120.96,134.2324,61.9795,325
1125,275.8212,91021,122.1625,452,119.88,133.9786,62.3004,330
1126,275.5443,90103,123.7125,442,120.18,133.8982,62.2663,327
1127,277.6062,90222,121.35,469,119.92,133.9353,62.4335,325
1128,275.9725,90243,123.9125,470,121.9,133.7472,62.2366,327
1129,273.9233,92860,122.3625,430,120.56,134.154,62.4788,339
1130,272.8408,90856,122.85,430,121.2,134.1274,61.9771,333
1131,275.6463,90412,123.225,433,120.18,134.1344,62.3641,328
1132,276.159,90304,121.925,455,121.32,134.1512,61.8798,327
1133,274.6979,90925,120.5875,444,121.57,134.2248,62.2586,331
1134,276.5938,89893,121.5625,431,120.68,134.0225,62.1354,325
1135,276.6492,89911,120.775,457,120.97,134.078,62.2215,325
1136,277.6074,90500,123.3375,451,121.5,134.2245,62.0113,326
1137,274.5457,90051,121.175,467,121.43,134.0241,62.1666,328
1138,274.0788,90446,121.4,433,120.23,134.2011,62.1007,330
1139,275.2883,89744,121.9875,453,121.46,134.113,62.2632,326
1140,274.7237,91483,122.6875,438,121.51,134.1819,62.1759,333
1141,274.8807,89886,122.8,444,122.53,134.29,62.058,327
1142,277.1104,90338,121.1875,449,120.89,134.2898,61.865,326
1143,276.3631,89818,120.525,462,120.81,134.217,62.0769,325
1144,277.7209,90537,122.95,449,120.37,133.9886,62.1698,326
1145,275.7952,91564,121.225,428,120.01,134.1169,62.2477,332
1146,277.3872,90983,121.7125,452,121.31,134.1886,62.2283,328
1147,276.2857,90898,122.925,438,121.34,134.3192,62.0441,329
1148,278.8187,92289,122.6625,449,123.36,134.4585,62.0326,331
1149,276.8061,91346,124.6875,450,121.18,134.1975,62.1106,330
1150,276.2596,93652,122.7,460,121.42,134.004,62.0563,339
1151,277.7951,90839,122.575,463,120.98,134.0529,62.1232,327
1152,279.2766,91882,122.7875,466,121.16,134.154,62.0038,329
1153,277.1003,91166,122.1625,451,121.21,134.1762,62.2608,329
1154,277.9367,92275,123.2,472,121.02,134.2981,61.9997,332
1155,277.3902,90984,122.9625,438,122.28,134.3269,62.0715,328
1156,276.7636,91332,123.325,462,120.95,134.1686,62.2247,330
1157,277.3556,91250,123.125,444,122.65,134.1587,61.8437,329
1158,276.4299,90669,121.8625,445,121.05,134.0224,62.1099,328
1159,279.4172,91090,123.85,450,119.61,134.1102,61.9193,326
1160,275.7229,91540,122.4875,434,122.03,134.1283,62.1471,332
1161,274.4411,90840,121.9625,446,119.79,134.3022,62.1786,331
1162,275.2952,91398,123.4625,456,122.21,134.1233,62.0393,332
1163,277.8985,90317,122.0625,426,122.49,134.3521,62.2127,325
1164,272.8319,92490,121.325,438,122.77,134.114,62.0404,339
1165,275.7606,91001,121.7625,443,121.39,134.2451,62.0038,330
1166,274.7636,90672,121.9875,465,120.29,134.3778,62.248,330
1167,274.6817,91469,121.6875,431,122.36,134.384,61.9089,333
1168,277.5244,91028,121.025,462,121.04,134.3616,61.9425,328
1169,277.0491,90318,120.5125,470,121.52,134.3696,61.8225,326
1170,276.6566,91850,121.4875,438,121.46,134.312,62.0967,332
1171,274.8364,90696,122.025,458,121.97,134.179,62.0706,330
1172,277.9515,91724,123.8875,445,122,134.6048,61.8937,330
1173,277.0305,90866,121.425,464,120.5,134.2233,62.132,328
1174,275.4679,90078,122.1625,441,120.7,134.2445,61.8828,327
1175,276.1879,91142,121.75,442,121.44,134.31,61.7246,330
1176,275.1307,90518,121,436,121.11,134.2323,62.3411,329
1177,276.6677,90747,120.675,429,121.46,134.1606,62.1146,328
1178,277.7256,91094,123.0875,435,119.84,134.3104,61.8652,328
1179,277.8988,90595,120.95,442,121.24,134.3734,62.0084,326
1180,273.8293,91459,121.5,475,120.57,134.3329,61.8307,334
1181,273.893,89563,120.975,432,121.26,134.5104,62.0684,327
1182,276.7,94078,122.65,428,123.6,134.2564,62.0353,340
1183,276.5505,90432,121.65,435,121.08,134.1936,62.1776,327
1184,276.7156,90486,123.8125,457,121.28,134.3636,61.7873,327
1185,277.716,91924,122.2125,445,120.88,134.5006,61.9519,331
1186,275.9055,90497,120.8125,441,120.94,134.3208,61.7702,328
1187,277.8492,90301,121.8,459,121.81,134.4859,61.8924,325
1188,277.911,90599,121.0375,438,120.74,134.2404,61.8641,326
1189,274.4167,92204,122.5375,435,121.74,134.3102,62.2852,336
1190,278.2018,90972,121.45,480,121.18,134.422,61.782,327
1191,275.9508,89684,122.5125,444,121.36,134.4132,61.9182,325
1192,275.6636,90142,122.6,441,121.08,134.4953,61.9336,327
1193,276.2875,90346,121.15,436,122.12,134.2729,62.2926,327
1194,275.7676,90176,120.8125,454,120.96,134.6501,61.7682,327
1195,275.4557,90074,120.6125,470,119.83,134.1382,62.1963,327
1196,275.6909,90978,122.425,447,121.55,134.5155,62.0355,330
1197,273.4924,89979,121.65,430,120.82,134.4013,61.8126,329
1198,276.3927,91486,122.225,474,121.08,134.4292,62.0885,331
1199,277.8769,90310,123.1625,436,122.82,134.3932,62.1361,325
1200,275.0985,89407,122.1875,440,121.48,134.4841,61.5262,325
1201,276.5706,90162,121.3125,443,122.83,134.3235,61.9634,326
1202,274.4687,91947,121.4375,456,120.72,134.3803,62.1253,335
1203,276.9541,90564,121.7,439,120.7,134.3615,62.0221,327
1204,276.9292,90002,120.325,455,121.37,134.204,61.9005,325
1205,276.5354,89874,122.125,460,121.17,134.6829,61.9159,325
1206,278.0336,90917,122.4625,453,122.99,134.6481,61.7761,327
1207,274.8343,91245,120.675,440,121.24,134.4208,61.966,332
1208,275.0367,89937,119.675,433,121.45,134.2917,62.0942,327
1209,276.1394,91126,121.9,439,121.53,134.8283,61.8029,330
1210,277.4909,91017,121.075,423,121.23,134.2954,61.8594,328
1211,276.2301,90051,120.775,449,121.44,134.4148,62.2833,326
1212,277.3313,90410,121.8875,432,120.71,134.2799,61.9938,326
1213,272.2874,92850,122.45,421,120.74,134.3425,62.4038,341
1214,277.2822,90394,121.975,486,121.39,134.3384,61.9769,326
1215,276.3661,92859,122.4,434,120.89,134.3581,61.7113,336
1216,276.8615,89980,121.3,426,121.22,134.6393,61.8758,325
1217,273.864,90649,121.5,435,120.61,134.29,62.0765,331
1218,274.3193,91074,121.775,423,121,134.3333,61.9484,332
1219,274.5213,90043,119.5875,463,120.99,134.5172,61.6667,328
1220,274.97,91565,123,436,121.83,134.6688,61.6533,333
1221,275.5736,89837,121.3375,437,121.49,134.4504,61.8592,326
1222,275.2006,90541,122.7,436,121.77,134.3229,62.2337,329
1223,277.5199,90749,122.375,444,121.99,134.3441,61.8442,327
1224,275.6235,91507,122.9,443,121.02,134.5328,62.0172,332
1225,273.3958,90494,122.6625,441,121.93,134.4552,61.9909,331
1226,275.0549,90218,120.0875,449,120.92,134.3667,62.0661,328
1227,277.1088,91723,123.7,434,120.78,134.2285,62.0381,331
1228,276.5413,90429,123.0375,445,120.97,134.4314,61.9621,327
1229,273.3403,91569,120.525,435,121.01,134.4894,61.908,335
1230,274.8673,93180,124.05,427,121.1,134.3571,62.2466,339
1231,274.6928,91198,121.975,438,121.6,134.3845,62.115,332
1232,276.2195,90600,123.5125,449,122.57,134.4047,62.0892,328
1233,275.5291,90098,121.9625,461,121.79,134.6489,61.8748,327
1234,273.8284,92554,120.8875,454,120.71,134.5151,62.0773,338
1235,275.4264,89789,122.6,435,122.08,134.6626,61.8302,326
1236,279.3282,91061,121.6,477,120.66,134.6804,61.5855,326
1237,275.0488,90216,121.525,446,120,134.5861,62.0174,328
1238,275.1782,91084,122.2625,460,121.28,134.501,61.8953,331
1239,277.1718,90358,122.4,446,121.88,134.6362,61.9651,326
1240,275.3405,89761,120.85,436,120.41,134.7657,61.6954,326
1241,277.3969,90154,122.625,440,121.69,134.4806,61.9065,325
1242,274.5242,90593,121.5875,467,121.94,134.5596,61.9089,330
1243,273.6136,92755,120.55,442,120.93,134.0974,62.3758,339
1244,274.9207,90174,122.7125,488,122.16,134.4578,61.9351,328
1245,276.865,90258,121.1875,438,121.34,134.4953,61.5803,326
1246,276.0492,89716,121.3375,452,121.36,134.5927,61.7344,325
1247,274.1994,90760,123.65,434,122.74,134.4187,61.9942,331
1248,273.5359,91361,120.7125,429,121.44,134.5481,61.8972,334
1249,275.0091,90203,120.4125,430,121.5,134.6373,61.9519,328
1250,271.3735,92267,121.5375,420,121.47,134.4276,61.9405,340
1251,274.4492,89196,120.8625,443,120.69,134.3774,61.7651,325
1252,276.1354,89744,120.55,449,120.99,134.6468,61.8143,325
1253,273.7295,90057,120.9625,441,120.86,134.5858,61.697,329
1254,275.3293,90308,123.15,449,122.49,134.7263,61.9898,328
1255,272.8973,90329,122.4875,473,122.42,134.6945,61.5464,331
1256,273.5616,91096,121.525,445,121.16,134.3839,62.0305,333
1257,274.7814,91777,123.3625,468,120.29,134.6936,62.2056,334
1258,276.9052,90548,124.175,430,121.4,134.4817,61.9055,327
1259,274.5693,91157,122.175,448,122.18,134.6409,61.6745,332
1260,275.9569,89686,120.5375,473,120.43,134.5152,62.0931,325
1261,274.4162,91655,123.25,430,123.53,134.4676,62.2781,334
1262,274.012,91246,120.8,441,121.43,134.4953,62.1051,333
1263,274.6242,90626,122.325,435,120.51,134.6555,61.8846,330
1264,273.2289,90712,121.8875,425,120.5,134.2824,62.0436,332
1265,272.7301,88910,122.6125,424,120.31,134.515,61.6897,326
1266,274.5938,89243,120.5125,421,119.19,134.5319,62.016,325
1267,275.3,90849,122.1375,433,121.81,134.7281,61.6027,330
1268,275.7515,89895,122.2625,451,122.13,134.8649,61.6134,326
1269,273.5392,90815,122.3,438,121.96,134.6241,62.0755,332
1270,276.2215,89772,121.575,443,121.65,134.7083,61.8087,325
1271,274.8811,90161,122.2625,427,120.55,134.7131,61.9749,328
1272,276.9908,90299,121.725,443,120.27,134.4774,61.8809,326
1273,273.1321,90953,121.525,450,121.45,134.7616,61.8703,333
1274,274.7309,89837,121.9,434,120.85,134.4889,61.7811,327
1275,275.2553,90559,121.3375,435,121.64,134.5809,61.9406,329
1276,271.797,91052,120.95,441,120.98,134.5039,62.1172,335
1277,274.7645,89848,121.8,432,121.41,134.6265,61.6475,327
1278,273.0806,91482,123.75,453,122.34,134.5447,61.8935,335
1279,272.7853,88928,121.8375,436,120.74,134.4592,61.7848,326
1280,273.055,89289,122.5,455,121.18,134.566,62.131,327
1281,273.0365,89829,121.3375,427,121.26,134.2645,62.0431,329
1282,273.0765,89296,121.8625,452,121.39,134.7823,61.8089,327
1283,274.4724,89478,121.0625,443,122.4,134.8468,61.6867,326
1284,275.0585,89394,121.9,427,122.15,134.7161,61.5804,325
1285,272.3474,90147,121.8375,439,122.02,134.3863,62.152,331
1286,276.7362,90216,123.675,447,122.57,134.8517,61.6709,326
1287,271.4882,92306,121.8,425,120.8,134.4181,62.1453,340
1288,273.8896,89288,121.275,458,121.42,134.7894,62.0123,326
1289,274.1835,89658,122.6375,429,120.7,134.7555,61.8614,327
1290,272.3631,91514,121.1625,447,120.55,134.4758,62.1808,336
1291,276.4615,89850,121.5875,448,121.84,134.8333,61.8145,325
1292,272.7492,90280,121.7625,449,120.48,134.7116,61.9063,331
1293,274.8049,90136,121.5125,473,121.6,134.6628,61.6017,328
1294,271.9421,89197,121.8625,440,121.98,134.7302,61.937,328
1295,273.8323,89817,122.7625,450,121.04,134.7153,61.8908,328
1296,274.5576,90604,121.875,427,120.04,134.7483,61.6496,330
1297,273.8991,89565,121.875,429,120.84,134.6545,61.6181,327
1298,273.3244,91837,121.25,448,121.29,134.4922,61.912,336
1299,275.8344,89922,121.0125,415,120.06,134.5419,61.9613,326
1300,276.2492,89781,121.3125,443,122.22,134.8407,61.7873,325
1301,274.4128,89733,122.8625,442,121.2,134.6159,62.0196,327
1302,274.6515,90635,123.05,443,121.27,134.716,61.9134,330
1303,274.2394,90499,121.275,451,121.61,134.845,62.1307,330
1304,274.1446,91016,121.2875,438,122.25,134.6082,62.0972,332
1305,274.6657,90365,122.2375,438,120.91,134.9736,61.8021,329
1306,275.6215,89577,121.575,454,122.88,134.8228,61.8764,325
1307,273.9027,90114,121.2,456,122.11,134.7535,61.8981,329
1308,272.8889,90872,122.2125,444,121.27,134.6082,62.379,333
1309,272.7311,90274,122.625,433,121.55,135.0728,61.8004,331
1310,273.6177,89473,122.4125,447,122.3,134.7556,62.057,327
1311,275.3313,89758,123.0125,432,122.3,134.6925,61.8729,326
1312,274.9694,89915,121.45,461,120.51,134.7177,61.8995,327
1313,274.5061,90038,121.2,451,120.99,134.8094,62.2418,328
1314,273.4709,89425,121.5,421,121.43,134.8288,61.8001,327
1315,275.9878,90800,121.725,446,123.42,134.8812,61.6937,329
1316,274.0862,89078,121.925,451,122.17,134.7282,61.8311,325
1317,271.1626,88399,122.05,407,121.71,134.5924,62.0791,326
1318,274.3144,91621,123.5625,438,121.34,134.737,61.956,334
1319,274.862,89605,121.325,452,120.02,134.9239,61.975,326
1320,273.8865,89287,121.6875,438,120.6,135.0112,61.5916,326
1321,274.9264,89626,124.3375,433,121.91,135.0146,61.7909,326
1322,271.3917,91459,122.2625,431,121.14,134.6132,62.3291,337
1323,272.5891,90227,121.6375,436,121.66,134.8379,62.018,331
1324,271.2874,90610,121.9,428,120.95,134.618,62.0713,334
1325,276.3394,90363,121.9625,438,121.04,134.9025,61.6213,327
1326,274.4316,90288,121.5,429,120.17,134.6915,62.0579,329
1327,273.1108,88761,120.775,431,121.74,134.588,61.9891,325
1328,275.4615,89525,121.2125,454,121.46,134.8441,61.8576,325
1329,273.4585,88874,121.3125,488,121.32,134.5911,61.9071,325
1330,274.1385,89095,120.85,445,121.14,134.8137,61.9898,325
1331,274.5183,90042,122,435,121.52,134.5819,62.1533,328
1332,273.9508,89034,121.5375,431,122.06,134.7918,61.5855,325
1333,274.1727,90477,120.425,457,120.8,134.7414,62.1044,330
1334,273.8135,89537,122.15,429,121.61,134.6872,61.7205,327
1335,274.6585,89264,121.775,445,121.29,134.8265,61.923,325
1336,272.5106,89656,120.3,434,121.33,134.6104,61.9321,329
1337,273.8949,91207,122.575,434,122.44,134.518,62.3149,333
1338,272.0361,90316,122.775,431,121.12,134.8495,61.9588,332
1339,271.8848,89722,120.9625,445,121.8,134.664,61.9239,330
1340,273.0122,89821,120.4,428,122.01,134.8207,61.8891,329
1341,273.1006,89577,121.0875,462,121.69,134.856,61.8392,328
1342,273.8497,89275,121.525,438,121.55,134.948,62.0156,326
1343,274.6453,89809,122.5375,452,122.1,134.9713,61.6789,327
1344,275.211,89994,122.725,448,120.88,134.6931,61.9178,327
1345,272.3896,88799,122.2375,441,121.15,134.7671,61.9098,326
1346,274.4755,89479,121.4625,448,121.95,134.8205,61.7679,326
1347,273.6798,90588,122.025,445,121.35,135.026,61.5409,331
1348,273.9448,89306,122.725,467,121.52,134.8525,62.0528,326
1349,275.1319,89693,121.9625,430,122.1,134.9717,61.5859,326
1350,272.9726,89535,121.825,420,122.66,134.9094,61.8851,328
1351,274.845,90424,123.7875,447,121.36,134.8372,61.9225,329
1352,275.0153,89930,121.0375,454,121.32,134.792,61.9108,327
1353,273.0211,90370,120.6125,433,121.69,134.7662,62.1732,331
1354,274.1545,90471,124.5375,475,121.01,134.9634,61.8027,330
1355,273.2178,89069,122.0375,435,121.29,134.7705,61.8851,326
1356,273.8079,89809,122.0125,435,120.92,134.8402,61.786,328
1357,273.9632,89312,120.85,426,120.43,134.8625,61.731,326
1358,276.1159,90566,123.7125,428,122.02,134.7381,61.7918,328
1359,272.5872,89136,121.1125,432,121.09,134.7706,61.8685,327
1360,275.7169,89608,121.775,441,122.62,134.7522,61.7331,325
1361,274.3231,89155,122.4125,429,121.93,134.9622,61.6143,325
1362,273.8558,89277,121.8625,467,121.38,134.9166,61.8182,326
1363,271.35,92259,120.8625,438,120.3,134.6699,61.945,340
1364,274,90694,122.1125,446,119.84,134.6595,61.8756,331
1365,273.2796,89909,121.5625,443,120.9,134.8122,61.7419,329
1366,274.1713,89654,122.15,443,121.8,134.7056,61.7926,327
1367,275.1818,90810,123.1625,428,121.98,134.9012,61.9697,330
1368,272.2349,90382,122.0625,431,122.13,134.9798,61.8428,332
1369,273.2364,90168,121.725,435,120.11,134.9604,61.9819,330
1370,272.8739,90867,121.9625,425,121.66,134.8426,61.9236,333
1371,274.3662,89169,122.1625,462,121,134.8543,61.9227,325
1372,273.5015,90529,122.7875,438,120.05,134.5985,61.9861,331
1373,274.0153,89603,121.0125,444,121.59,134.701,61.9176,327
1374,275.2362,89727,121.6,428,121.26,134.9474,61.9683,326
1375,271.1026,92446,122.125,429,120.4,134.5835,62.0042,341
1376,272.6168,91054,120.4625,426,121.08,134.7652,61.9141,334
1377,273.311,89646,122.525,459,121.17,134.6454,61.9709,328
1378,274.419,89735,122.075,455,123.12,134.9151,61.8899,327
1379,274.526,89770,121.925,469,119.99,134.8361,61.8431,327
1380,274.7791,89578,122.55,456,121.96,134.8183,61.9375,326
1381,275.0552,89668,121.625,439,121.76,134.7581,61.9992,326
1382,273.878,89832,120.9875,467,120.77,135.1092,61.3459,328
1383,275.2523,90558,122.55,439,120.81,134.9264,61.9656,329
1384,273.4455,90237,122.1375,434,120.55,134.9723,61.887,330
1385,275.8133,91570,120.55,470,122.39,134.8738,62.157,332
1386,276.4632,90127,122.675,473,120.86,134.7912,61.8982,326
1387,274.8731,90983,121.825,441,121.78,135.1958,62.0569,331
1388,273.8489,90644,122.3875,444,120.42,134.8339,61.6101,331
1389,273.9788,90413,121.775,448,120.63,134.7985,61.7973,330
1390,274.9369,91554,122.2375,471,120.68,134.893,61.7574,333
1391,274.7945,89583,120.65,441,120.02,134.8037,61.6904,326
1392,274.7446,89292,121.1375,456,121.27,134.9728,61.8098,325
1393,275.9724,89967,122.225,455,119.58,134.8268,61.8005,326
1394,273.5183,89714,122.2875,476,121.91,135.0301,61.8739,328
1395,272.1078,90884,121.9125,450,120.04,134.8489,61.9191,334
1396,274.4862,89208,122.6375,448,121.11,134.8806,61.823,325
1397,273.3033,91010,121.875,435,120.54,135.058,61.6995,333
1398,274.592,89517,122.2875,465,122.03,134.7886,61.7651,326
1399,273.8196,89539,122.9375,468,120.68,134.8698,61.9032,327
1400,276.4123,89834,122.65,449,122.16,134.7856,61.8502,325
1401,275.273,89739,122.2625,455,121.57,134.7567,62.0371,326
1402,274.9572,89911,121.8125,437,121.05,134.9117,61.9825,327
1403,276.1682,90307,121.825,447,120.2,134.7258,61.838,327
1404,274.1288,89366,121.575,442,120.51,134.8981,62.0187,326
1405,273.5399,89174,122.8875,445,120.78,134.8879,61.7128,326
1406,275.6646,89591,120.75,437,118.84,134.9254,61.538,325
1407,273.2627,91543,121.9375,423,120.64,134.8351,62.0612,335
1408,273.7644,90616,121.0625,439,121.5,134.9393,61.4299,331
1409,272.5061,88837,121.6625,435,121.09,134.7252,61.9609,326
1410,271.8606,89714,121.3375,439,120.83,134.971,61.6775,330
1411,273.1692,90419,120.8375,447,121,134.8459,61.7241,331
1412,274.3877,89176,121.95,442,121.81,134.6885,61.8495,325
1413,271.985,90843,122.8375,449,121.26,134.9338,61.8735,334
1414,272.3474,90147,122.35,452,121.66,134.7192,62.1128,331
1415,273.2085,90432,121.7125,449,121.94,134.6467,62.1394,331
1416,272.6413,89699,122.1125,478,121.71,135.0203,61.7324,329
1417,273.8123,88989,121.3,482,119.03,134.9823,61.791,325
1418,273.2,90156,121.8375,437,121.69,134.8515,61.9972,330
1419,276.7003,90481,123.75,435,122.56,134.6547,61.9506,327
1420,272.997,90635,120.75,433,119.79,135.0445,61.7489,332
1421,272.8598,89498,121.3625,440,121.23,134.7863,61.8937,328
1422,271.982,90570,121.25,445,120.99,134.8057,61.7545,333
1423,274.3405,89435,121.85,433,121.57,134.7959,61.8651,326
1424,273.5872,89463,121.1625,434,121.46,135.0016,61.6353,327
1425,274.2827,90239,123.3,476,121.69,134.8323,61.6448,329
1426,275.635,89857,123.3125,446,122.49,135.0823,61.5403,326
1427,274.8834,89612,123.325,449,122,134.6146,62.2385,326
1428,273.5168,89440,122.1,433,120.83,134.8848,61.9179,327
1429,275.9785,89969,123.375,427,120.24,134.688,61.8399,326
1430,274.1564,89375,122,446,120.6,134.8912,61.8567,326
1431,273.6492,88936,120.825,429,120.48,135.0693,61.7278,325
1432,273.9415,89031,121.55,426,120.79,135.0046,61.6771,325
1433,275.6,89570,122.0375,447,121.35,135.045,61.6904,325
1434,273.9574,90132,121.6875,441,120.97,135.0231,61.6133,329
1435,274.6708,89268,121.325,452,121.38,134.7467,61.825,325
1436,273.7622,89794,122.7125,436,121.64,134.6318,61.7579,328
1437,274.2523,89132,121.625,423,119.46,135.0766,61.644,325
1438,273.1799,89603,121.4625,409,121.03,134.9786,61.8525,328
1439,272.5994,89140,121.2,428,122.09,135.0257,61.757,327
1440,270.9249,90218,121.425,427,120.63,134.969,61.7531,333
1441,273.9085,89842,122.475,458,120.59,134.8703,61.7855,328
1442,274.0369,89062,123.3375,413,122.06,134.7543,61.8031,325
1443,276.1468,90300,121.825,446,122.57,135.068,61.7022,327
1444,273.9362,90125,122.7125,429,120.99,134.9215,61.5649,329
1445,271.8133,90242,121.925,460,121.87,134.7632,62.0716,332
1446,273.203,91523,123.525,430,122.23,134.7814,61.8556,335
1447,274.2669,89411,123.15,441,122.81,134.8901,61.7254,326
1448,271.1033,89193,120.825,436,122.48,134.7097,61.7863,329
1449,272.9511,89255,119.7375,428,121.5,134.819,61.7249,327
1450,276.4923,89860,121.6,436,121,134.9704,61.5722,325
1451,274.1468,89646,122.35,474,120.28,135.026,61.5237,327
1452,274.2454,89404,122.8,427,121.97,134.9975,62.121,326
1453,274.0277,89059,121.6375,431,122.1,135.0638,61.5806,325
1454,270.8055,89095,121.475,420,121.35,134.8515,61.8515,329
1455,273.68,88946,121.1375,433,120.88,135.1082,61.5351,325
1456,272.2054,90100,121.475,439,122.19,134.8661,61.9854,331
1457,271.4911,91764,119.2375,440,121.16,134.6838,61.8789,338
1458,270.2308,91338,122.35,422,121.86,134.8426,61.7076,338
1459,272.4024,90710,122.15,440,120.09,134.7507,61.9146,333
1460,273.1355,90681,123.9,432,121.79,134.7589,61.9156,332
1461,272.1682,88999,122,433,121.08,134.9488,61.8626,327
1462,272.619,91600,121.4875,450,121.63,134.9297,61.8312,336
1463,271.1935,91121,122.425,448,123.17,135.1465,61.6531,336
1464,272.6024,89141,120.6625,429,120.44,135.0392,61.6513,327
1465,269.9467,91242,121.425,425,121.26,134.9892,62.0438,338
1466,273.4679,89424,122.125,444,121.61,135.1057,61.7708,327
1467,271.7768,88871,122.1,425,120.64,134.9636,61.8763,327
1468,271.2879,89525,120.925,446,120.82,134.6578,61.6466,330
1469,272.68,88621,122.5625,428,121.82,135.1712,61.7095,325
1470,272.1077,88435,122.4,479,120.71,134.9248,61.658,325
1471,273.3761,89394,121.2875,428,120.56,134.9912,61.6942,327
1472,270.3609,91382,121.75,434,120.69,135.0323,62.0398,338
1473,271.7774,89143,122.4,412,121.17,135.0329,61.9529,328
1474,271.9878,89484,122.8875,451,121.39,134.8738,61.9497,329
1475,271.0572,89991,123.0125,422,121.75,134.9579,61.7454,332
1476,274.4969,89486,121.5375,437,121.22,135.0728,61.6597,326
1477,273.7914,89256,122.475,427,120.9,134.9301,61.6889,326
1478,269.526,93256,121.2125,456,121.23,134.546,62.2974,346
1479,275.9323,89678,123.7875,435,122.62,134.7315,62.0085,325
1480,272.2349,90382,123.0375,461,121.77,135.1306,61.6657,332
1481,272.1104,91157,121.85,428,121.11,134.7069,62.1429,335
1482,272.8838,89233,123.6125,418,120.2,134.9284,61.9039,327
1483,272.8144,91120,121.725,452,122.09,134.6383,62.2215,334
1484,270.1175,89679,121.175,424,122.25,134.9196,61.717,332
1485,271.1642,90840,121.3625,438,121.14,134.692,62.2008,335
1486,270.9325,88324,120.8,435,121.23,135.1314,61.5358,326
1487,273.541,89995,120.675,427,121.85,134.74,61.915,329
1488,272.432,90175,121.5875,424,121.61,134.9943,61.9467,331
1489,272.696,89717,120.6,472,121.08,135.2429,61.7342,329
1490,273.7591,89793,121.7125,437,119.92,135.0507,61.6716,328
1491,272.2141,89014,121.05,437,121.2,135.0298,61.6119,327
1492,270.6677,89591,122.375,431,121.34,134.8843,61.8938,331
1493,274.7477,89293,122.7625,437,120.89,135.0817,61.8104,325
1494,269.8624,88245,122.3,428,120.86,135.1169,61.7912,327
1495,271.8338,89977,121.6,437,120.56,134.9081,61.9653,331
1496,270.2583,89996,120.7,429,121.75,134.9435,62.0515,333
1497,271.9723,88391,124.6625,442,121.42,135.1156,61.571,325
1498,272.9238,89519,121.325,425,121.98,134.8714,61.7729,328
1499,269.8723,88788,120.325,440,121.19,134.7789,62.0092,329
1500,272.9049,88967,122.8125,442,121.7,134.9776,61.6398,326
