1,648.5253,140730,125.725,1071,122.34,151.5082,37.6067,217
2,650.8387,141232,125.6625,1055,124.02,151.5903,37.5545,217
3,659.055,143674,124.875,1081,124.75,151.4609,37.7024,218
4,662.1382,143684,123.9,1116,123.4,151.3624,37.7436,217
5,664.4608,144188,125.3625,1001,123.03,151.5,37.6641,217
6,670.9401,145594,127.5,1058,122.58,151.3838,37.8211,217
7,670.0323,145397,125.1625,1086,123.33,151.7986,37.5877,217
8,670.9404,146265,126.5,1074,123.67,151.4228,37.7885,218
9,675.4147,146565,124.5625,1107,122.85,151.561,37.7627,217
10,671.788,145778,126.125,1124,123.56,151.4768,37.7846,217
11,666.6055,145320,125.175,1041,123.8,151.5146,37.7285,218
12,666.871,144711,123.6875,1089,123.99,151.5626,37.7946,217
13,661.7926,143609,124.5625,1042,122.74,151.4842,37.8405,217
14,664.6267,144224,126.6,1065,122.38,151.5253,37.7859,217
15,656.9587,143217,126.6,1046,122.37,151.5604,37.7908,218
16,652.7294,142295,124.8375,1041,122.07,151.5186,37.654,218
17,642.8848,139506,126.1625,1044,123.42,151.4742,37.6386,217
18,649.4424,140929,124.8625,1019,123.26,151.5649,37.659,217
19,645.6636,140109,127.45,1048,122.55,151.469,37.7474,217
20,640.3871,138964,126.1625,1052,123.64,151.6465,37.6568,217
21,636.156,138682,125.5,1033,122.82,151.5037,37.6557,218
22,629.7005,136645,125.7625,1043,122.39,151.4347,37.7842,217
23,639.0553,138675,126.65,1026,124.92,151.6218,37.6699,217
24,640.1751,138918,125.35,1028,122.76,151.3886,37.764,217
25,640.9355,139083,127.2875,1015,124.27,151.5089,37.7185,217
26,635.3364,137868,125.425,1002,123.72,151.3983,37.7159,217
27,637.3871,138313,125.25,1063,121.39,151.6072,37.6645,217
28,639.9954,138879,126.2375,1050,123.46,151.6502,37.5589,217
29,645.5484,140084,124.7,1025,124.45,151.4167,37.7253,217
30,633.9124,137559,123.8,1004,123.88,151.6861,37.5342,217
31,635.3318,137867,125.0375,1020,122.35,151.3237,37.7879,217
32,641.0645,139111,124.0625,1066,123.18,151.4847,37.7447,217
33,643.5991,139661,125.4875,1013,124.05,151.4502,37.7345,217
34,650.0323,141057,124.0875,1066,121.97,151.3463,37.7282,217
35,640.7419,139041,123.0375,1075,121.89,151.6044,37.5456,217
36,645.6359,140103,126.65,1055,122.34,151.5403,37.7105,217
37,647.9032,140595,125.875,1024,123.79,151.6476,37.6592,217
38,647.0415,140408,125.5125,1060,121.67,151.5399,37.7025,217
39,644.6452,139888,125.35,1043,122.29,151.5495,37.7267,217
40,641.871,139286,125.5875,1032,122.74,151.678,37.5437,217
41,643.8295,139711,126.425,1009,124.56,151.4531,37.7999,217
42,638.1514,139117,124.625,1038,122.56,151.7238,37.5766,218
43,638.4885,138552,125.125,1025,121.46,151.3337,37.8316,217
44,632.659,137287,123.8125,1051,122.69,151.4987,37.8431,217
45,628.5668,136399,124.425,1031,122.88,151.7082,37.4789,217
46,638.7788,138615,123.525,1023,122.93,151.5482,37.7329,217
47,641.5207,139210,124.2875,1018,121.88,151.5873,37.679,217
48,640.765,139046,124.0625,1070,124.09,151.5057,37.6279,217
49,641.47,139199,124.8625,1024,123.22,151.6287,37.5232,217
50,649.7936,141655,125.575,1083,124.23,151.5229,37.672,218
51,650.9447,141255,125.35,1047,122.75,151.5713,37.6821,217
52,655.2581,142191,123.55,1065,123.02,151.5647,37.6249,217
53,650.0922,141070,125.3375,1029,124.38,151.5232,37.599,217
54,658.5321,143560,125.125,1027,122.8,151.6087,37.6667,218
55,663,143871,125.55,1118,122.49,151.419,37.7196,217
56,668.4009,145043,124.025,1068,121.69,151.6816,37.6354,217
57,671.4147,145697,125.85,1092,121.55,151.4328,37.7184,217
58,677.3502,146985,123.9,1114,121.19,151.5125,37.6511,217
59,678.6359,147264,122.875,1045,121.46,151.5278,37.7168,217
60,686.2028,148906,124.75,1093,122.43,151.5622,37.6249,217
61,681.6175,147911,125.7,1089,122.17,151.5243,37.7261,217
62,678.1152,147151,126.1375,1046,121.91,151.4263,37.7048,217
63,671.7097,145761,124.1,1075,121.58,151.7045,37.6594,217
64,668.8525,145141,124.8,1085,121.61,151.4578,37.6864,217
65,666.5207,144635,123.5,1084,122.34,151.5559,37.5729,217
66,662.4194,143745,126.1,1050,121.32,151.3791,37.8254,217
67,655.6774,142282,124.85,1048,125.13,151.5341,37.6332,217
68,651.1198,141293,126.0125,1016,124,151.2921,37.7108,217
69,649.3945,141568,123.9875,1070,121.34,151.4963,37.7286,218
70,653.47,141803,125.2125,1007,121.98,151.736,37.5819,217
71,660.1244,143247,127.05,1072,122.44,151.5332,37.6393,217
72,664.8433,144271,127.5375,1094,123.94,151.6001,37.672,217
73,670.4266,146153,126.175,1038,122.96,151.6092,37.6515,218
74,680.3364,147633,124.6625,1161,122.21,151.5992,37.5937,217
75,688.1475,149328,125.6,1114,121.92,151.5268,37.6954,217
76,687.5576,149200,123.8625,1165,122.5,151.4988,37.6704,217
77,694.8341,150779,124.7125,1143,121.94,151.7883,37.5307,217
78,696.7281,151190,124.825,1168,123.31,151.5589,37.6721,217
79,697.2028,151293,125.3875,1148,122.99,151.6596,37.6091,217
80,697.3594,151327,124.1,1147,122.36,151.7383,37.558,217
81,695.3041,150881,124.05,1119,121.6,151.58,37.6283,217
82,685.5734,149455,125.95,1088,123.95,151.6171,37.5847,218
83,684.8387,148610,124.8625,1119,121.15,151.5485,37.5981,217
84,686.3257,149619,126.075,1105,122.94,151.7578,37.5004,218
85,687.9124,149277,125.1625,1135,122.63,151.5576,37.5977,217
86,689.9631,149722,124.9125,1131,122.51,151.6408,37.5317,217
87,700.553,152020,124.2125,1093,121.97,151.6208,37.6304,217
88,702,153036,122.9375,1205,123.14,151.578,37.5846,218
89,706.447,153299,125.4875,1172,122.27,151.5184,37.6963,217
90,700.2442,151953,126.0125,1108,121.67,151.6833,37.5966,217
91,694.1152,150623,123.7125,1157,120.99,151.7409,37.4791,217
92,692.2258,150213,125.65,1157,122.77,151.7166,37.5185,217
93,691.8295,150127,123.8125,1160,121.57,151.6226,37.6327,217
94,689.7512,149676,125.8125,1157,123.52,151.7952,37.4711,217
95,679.0642,148036,124.3125,1149,122.74,151.8348,37.3412,218
96,678.2535,147181,124.1125,1135,121.4,151.9359,37.2617,217
97,676.2765,146752,126.05,1114,123.39,151.6392,37.4643,217
98,670.1014,145412,125.7625,1107,122.49,152.142,37.2153,217
99,660.9309,143422,126.4125,1104,123.41,151.7581,37.3988,217
100,649.7097,140987,125.475,1034,122.46,151.9844,37.266,217
101,644.8802,139939,125.1625,1074,120.87,151.7994,37.3847,217
102,641.318,139166,124.8375,1092,122.13,152.0015,37.2075,217
103,638.6468,139225,124.75,1052,123.29,151.94,37.3114,218
104,635.6313,137932,125.0875,1042,122.65,151.815,37.3833,217
105,639.4679,139404,123.825,1085,121.65,152.0533,37.1862,218
106,640.9677,139090,122.625,1088,123.44,151.7609,37.3901,217
107,644.3548,139825,125.225,1079,122.03,151.8181,37.3593,217
108,643.6959,139682,124.9,1100,122.51,151.8146,37.4033,217
109,632.1613,137179,124.6375,1095,121.58,151.9872,37.2744,217
110,628.8991,137100,123.7375,1060,122.22,151.6613,37.4516,218
111,624.0691,135423,124.275,1023,122.71,151.9692,37.2672,217
112,612.8157,132981,123.4875,975,121.13,151.702,37.4533,217
113,610.7018,133133,123.6125,993,121.11,151.8095,37.2877,218
114,610.4516,132468,126.5125,1032,122.96,151.8405,37.3693,217
115,617.6912,134039,126.5375,1017,123.03,151.9224,37.3462,217
116,613.3364,133094,123.4625,1055,119.53,151.8009,37.3947,217
117,607.5596,132448,124.45,976,122.3,151.7729,37.3601,218
118,606.7558,131666,125.35,978,123.12,151.9828,37.3651,217
119,604.8986,131263,125.0375,974,122.41,151.9926,37.267,217
120,599.2535,130038,126.05,983,121.91,151.7899,37.4191,217
121,587.1376,127996,123.375,940,121.25,151.7433,37.3914,218
122,585.726,128274,125.3125,964,121.4,151.6397,37.233,219
123,580.6912,126010,125.075,974,121.66,151.4426,37.1009,217
124,569.7926,123645,123.9375,909,121.93,151.6905,37.238,217
125,565.2339,123221,123.475,898,121.45,151.6774,37.5676,218
126,556.1835,121248,125.875,976,122.51,151.7505,37.3972,218
127,562.129,121982,124.375,965,123.53,151.7311,37.3823,217
128,557.8018,121043,125.4,888,120.54,151.7501,37.468,217
129,554.0917,120792,124.0375,921,121.38,151.7979,37.3898,218
130,551.1751,119605,125.2375,947,124.32,151.9223,37.4386,217
131,550.6498,119491,125.55,883,122.78,151.6419,37.726,217
132,538.8349,117466,123.8,870,122.05,151.7965,37.4706,218
133,537.4037,117154,125.0125,922,121.47,151.8435,37.4086,218
134,536.6697,116994,123.3375,890,120.92,151.7004,37.3519,218
135,531.8111,115403,123.2125,882,121.29,151.841,37.37,217
136,529.6468,115463,125.0625,844,123.85,151.6704,37.4101,218
137,525.3733,114006,123.725,878,120.85,151.6781,37.4014,217
138,518.7534,113607,123.5625,822,121.53,151.6935,37.4357,219
139,517.871,112378,124.6125,838,122.6,151.5794,37.6255,217
140,519.1651,113178,123.65,844,122.13,151.845,37.3798,218
141,516.7972,112145,123.45,847,122.35,151.6229,37.4433,217
142,518.2673,112464,125.15,828,122.1,151.588,37.6305,217
143,514.5945,111667,123.3,847,123.04,151.667,37.5807,217
144,516.6438,113145,125.6875,858,122.03,151.7291,37.491,219
145,515.7327,111914,124,800,122.48,151.797,37.4334,217
146,506.9908,110017,124.625,799,120.64,151.6024,37.4686,217
147,517.9078,112386,124.6875,843,120.34,151.9182,37.3387,217
148,506.2694,110873,123.9625,791,121.28,151.5705,37.2091,219
149,503.6009,109785,123.6375,825,121.31,151.3603,37.161,218
150,508.9495,110951,123.0375,815,121.19,151.5562,37.3469,218
151,508.1751,110274,124.9625,812,122.14,151.8728,37.3431,217
152,514.8433,111721,124.5,860,121.97,151.8742,37.3342,217
153,507.3578,110604,124.5,807,120.39,151.6765,37.4629,218
154,505.9401,109789,123.6,848,120.93,151.9487,37.2997,217
155,502.7281,109092,125.2375,775,122.16,151.6908,37.5247,217
156,497.5622,107971,124.0875,803,121.02,151.6619,37.4782,217
157,494.4885,107304,124.1625,831,122.99,151.8132,37.4288,217
158,489.9816,106326,124.85,763,121.69,151.7392,37.4366,217
159,489.0046,106114,123.4625,765,120.59,151.5322,37.5257,217
160,487.6959,105830,123.425,754,121.37,151.4527,37.7278,217
161,484.4747,105131,123.1875,805,121.76,151.7582,37.3641,217
162,483.4201,105869,124.6,779,122.79,151.4619,37.655,219
163,486.871,105651,125.075,752,122.5,151.6567,37.4424,217
164,486.2294,105998,124.9,792,123.35,151.8234,37.4157,218
165,487.0369,105687,123.6125,816,120.61,151.6832,37.5297,217
166,483.0968,104832,122.625,755,121,151.5276,37.5469,217
167,481.5806,104503,124.75,763,121.91,151.6898,37.5068,217
168,478.4793,103830,123.9,747,121.11,151.6895,37.4987,217
169,476.4793,103396,125.5375,743,121.26,151.5168,37.6358,217
170,474.945,103538,123.625,732,122.13,151.4776,37.5798,218
171,476.0737,103308,123.3875,742,121.57,151.3061,37.7912,217
172,475.5023,103184,124.45,768,121.49,151.5522,37.5819,217
173,480.5138,104752,124.8625,736,122.3,151.3711,37.7175,218
174,475.7569,103715,123.675,739,122.06,151.5895,37.6688,218
175,478.1972,104247,123.625,740,121.58,151.5836,37.7222,218
176,475.5229,103664,123.35,739,121.47,151.5513,37.6048,218
177,476.5438,103410,123.2125,735,121.44,151.4858,37.6502,217
178,472.7294,103055,125.975,733,122.36,151.6445,37.5877,218
179,468.4817,102129,123.8,735,120.44,151.6867,37.5167,218
180,466.6712,102201,122.25,704,120.17,151.6222,37.6044,219
181,463.8756,100661,123.4375,688,122.65,151.6584,37.5634,217
182,467.9493,101545,126.75,714,122.74,151.6288,37.4614,217
183,461.0046,100499,125.375,715,121.29,151.6672,37.5638,218
184,463.3963,100557,126.4125,709,123.2,151.7438,37.4446,217
185,459.5183,100175,124.45,737,121.37,151.758,37.5239,218
186,456.7143,99107,123.35,726,120.45,151.5238,37.7026,217
187,459.1429,99634,123.15,714,120.99,151.6012,37.6599,217
188,455.8295,98915,125.6875,706,123.27,151.4157,37.7306,217
189,458.8525,99571,123.3875,726,120.93,151.7686,37.3425,217
190,454.0734,98988,124.075,685,121.42,151.5371,37.6431,218
191,454.7696,98685,124.4375,713,122.52,151.7976,37.3597,217
192,452.2166,98131,123.825,723,121.34,151.6444,37.6345,217
193,449.555,98003,124.75,691,122.01,151.8775,37.5148,218
194,452.5853,98211,122.9,707,121.09,151.5356,37.6747,217
195,457.9495,99833,123.675,712,120.5,151.955,37.3224,218
196,458.2294,99894,123.225,737,119.86,151.6286,37.5358,218
197,458.8157,99563,124.625,728,121.99,151.6171,37.4285,217
198,461,100037,123.65,735,121.69,151.705,37.58,217
199,460.4429,100837,123.975,714,122.54,151.6259,37.6286,219
200,461.8018,100211,123.475,713,120.9,151.757,37.5458,217
201,464.553,100808,123.625,694,121.68,151.7292,37.4871,217
202,471.9539,102414,122.5875,747,121.05,151.6326,37.7168,217
203,473.5864,104189,124.7,806,120.58,151.8426,37.346,220
204,477.8111,103685,125.6125,736,121.92,151.6044,37.581,217
205,480.0872,104659,123.95,753,120.11,152.0187,37.3237,218
206,478.9032,103922,123.6,742,120.81,151.7644,37.2971,217
207,482.3119,105144,123.6375,794,122.07,151.798,37.4366,218
208,478.6164,104817,122.1375,770,120.85,151.4241,37.1435,219
209,482.4862,105182,121.6125,773,121.74,151.5203,37.1788,218
210,480.7373,104320,123.1875,836,122.07,152.035,37.2979,217
211,479.5115,104054,125.35,782,122.53,151.933,37.305,217
212,481.5806,104503,123.125,763,120.11,151.9268,37.3348,217
213,476.2673,103350,123.0375,759,120.23,151.8258,37.4189,217
214,477.8387,103691,124.5875,755,121.51,151.8588,37.3241,217
215,474.9217,103058,123.3,753,121.77,151.8327,37.3805,217
216,469.4424,101869,124.4875,732,122.83,151.6234,37.4318,217
217,462.79,101351,123.0875,718,121.02,151.8931,37.4024,219
218,465.5229,101484,123.0625,705,121.9,151.7178,37.5489,218
219,461.9309,100239,124.1375,702,121.41,151.6684,37.4402,217
220,464.7051,100841,124.4125,765,119.65,151.8838,37.4011,217
221,460.3456,99895,123.8375,737,121.12,151.7675,37.5214,217
222,463.5596,101056,124.4625,712,120.78,151.7863,37.4822,218
223,463.3226,100541,123.7125,730,122.01,151.8901,37.3401,217
224,467.078,101823,123.225,770,120.61,152.0352,37.2256,218
225,462.318,100323,122.725,727,121.47,151.9235,37.3043,217
226,465.6037,101036,123.4,721,121.12,151.9232,37.2738,217
227,469.9493,101979,124.175,775,121.48,151.821,37.4591,217
228,466.447,101219,124.875,724,120.55,151.7914,37.3714,217
229,467.6697,101952,124.15,732,121.94,151.8375,37.3338,218
230,472.6774,102571,124.575,780,122.53,151.8843,37.3785,217
231,475.2903,103138,123.7375,732,121.64,151.8003,37.3555,217
232,485.9124,105443,123.875,760,120.92,151.9528,37.3928,217
233,481.4931,104484,125.525,760,122.17,151.9734,37.2443,217
234,483.726,105936,122.2,782,122.09,151.8809,37.4231,219
235,482.711,105231,124.25,778,121.35,151.993,37.3132,218
236,479.9217,104143,125.525,800,122.28,151.7737,37.3581,217
237,481.8479,104561,121.7375,721,120.54,151.9343,37.2796,217
238,485.4608,105345,123.55,781,122.56,152.0464,37.3056,217
239,480.1009,104662,126.2375,722,121.56,151.8839,37.322,218
240,480.8853,104833,124.3625,776,121.29,151.844,37.4538,218
241,479.1613,103978,123.9125,739,121.97,151.8032,37.4717,217
242,471.711,102833,122.4875,709,121.77,151.6518,37.3531,218
243,471.8249,102386,124.3875,732,121.03,151.8841,37.4245,217
244,464.7926,100860,124.325,778,120.55,151.7155,37.4186,217
245,458.7808,100473,124,714,121.47,151.9609,37.2602,219
246,461.9862,100251,125.5,736,120.6,151.7509,37.5835,217
247,460.576,99945,124.1125,723,119.62,151.6783,37.5488,217
248,458.4055,99474,125.0375,710,122.2,151.8419,37.4681,217
249,454.7706,99140,123.075,696,120.36,151.5587,37.6711,218
250,455.7189,98891,123.75,703,119.4,151.8646,37.5364,217
251,453.6667,99353,125.2625,702,120.09,151.6027,37.6143,219
252,457.6804,100232,122.8625,693,121.88,151.5585,37.5883,219
253,455.5899,98863,123.6625,750,121.38,151.8334,37.477,217
254,459.4654,99704,124.625,722,120.96,151.7404,37.4604,217
255,460.5714,99944,122.4,746,120.82,151.8185,37.4649,217
256,456.7064,99562,123.7375,724,119.91,151.813,37.492,218
257,454.6376,99111,123.5875,711,122.1,151.7526,37.4167,218
258,450.1889,97691,122.4875,737,120.38,151.7013,37.4707,217
259,442.5388,96916,124.2,688,120.52,151.8777,37.3659,219
260,449.576,97558,125.3,690,121.3,151.7575,37.5004,217
261,445.2857,96627,125.2875,713,121.1,151.9591,37.4426,217
262,441.4009,95784,123.525,718,121.23,151.7112,37.5893,217
263,442.1279,96826,125.1875,686,122.58,152.0285,37.4079,219
264,442.5622,96036,123.5125,705,123.41,151.9406,37.4366,217
265,441.2661,96196,123.9375,693,120.39,151.9388,37.28,218
266,437.9541,95474,124.3625,688,120.42,151.7361,37.3721,218
267,436.1972,95091,122.6625,679,119.74,151.9156,37.3803,218
268,437.6347,95842,121.975,689,119.2,151.7663,37.4204,219
269,437.6728,94975,123.175,726,120.13,151.9487,37.4162,217
270,436.8545,96108,122.825,693,120.2,152.1269,37.2216,220
271,437.7235,94986,124.2125,723,121.12,151.7418,37.5061,217
272,434.7202,94769,122.7375,652,120.96,152.1273,37.2904,218
273,437.3825,94912,123.125,734,120.9,152.0876,37.3782,217
274,440.9725,96132,123.7875,680,122.1,151.8646,37.3972,218
275,438.7972,95219,123.325,673,120.87,152.0581,37.2116,217
276,437.5605,97576,126.1875,713,122.18,151.7625,37.437,223
277,441.6881,96288,123.5375,676,119.95,152.1807,37.2684,218
278,439.8402,96325,124.45,728,120.51,152.0346,37.3261,219
279,445.4055,96653,124.6,716,120.14,151.9487,37.3559,217
280,448.0046,97217,124.9,741,121.54,151.9557,37.2835,217
281,452.1009,98558,122.75,698,121.91,151.7789,37.4592,218
282,453.7455,99824,124.075,744,122.09,151.9448,37.5566,220
283,452.844,98720,123.3375,709,120.12,152.0299,37.583,218
284,457.5392,99286,124.55,741,120.84,152.2523,37.2029,217
285,453.4083,98843,123.55,707,121.59,151.8748,37.4758,218
286,453.2091,99706,124.2125,734,122.62,151.8898,37.3113,220
287,459.8756,99793,123.6625,718,120.47,152.198,37.1303,217
288,459.7477,100225,125.3125,714,120.82,152.053,37.29,218
289,457.4709,102016,124.3,705,122.43,151.9291,37.3685,223
290,461.8303,100679,123.6125,732,121.32,151.7722,37.3399,218
291,463.3991,101021,121.6125,722,119.73,152.0605,37.2029,218
292,462.9724,100465,123.2,722,119.81,151.9929,37.2233,217
293,461.8433,100220,121.9,760,121.33,151.971,37.3427,217
294,462.4055,100342,122.8625,707,120.65,151.8905,37.4464,217
295,462.7569,100881,124.9375,735,121.14,152.0101,37.2359,218
296,460.4128,100370,124.9625,754,119.95,151.9984,37.1713,218
297,458.4591,100861,122.75,737,120.23,151.8962,37.3265,220
298,458.0184,99390,124.2,736,120.61,152.1704,37.2649,217
299,460.2949,99884,125.7375,715,122.01,152.0214,37.1768,217
300,453.344,98829,123.6,725,122.4,152.1145,37.1459,218
301,456.894,99146,124.2125,695,121.74,152.0535,37.1786,217
302,451.6164,98904,123.675,750,120.85,152.2174,37.1125,219
303,449.5806,97559,126.5,712,121.11,152.0504,37.1638,217
304,452.1014,98106,123.6875,700,119.54,152.0309,37.1794,217
305,447.3687,97079,124.2375,725,120.16,152.0358,37.3302,217
306,447.8664,97187,123.4125,690,122.42,152.1944,37.1126,217
307,448.6682,97361,122.3375,702,120.17,151.9215,37.3002,217
308,439.6147,95836,123.475,715,120.87,152.1355,37.1659,218
309,440,95920,124.125,707,120.46,152.1856,37.203,218
310,439.2581,95319,122.9875,709,119.79,152.1618,37.1204,217
311,435.8986,94590,124.65,691,121.39,152.1538,37.1914,217
312,432.7005,93896,122.9875,689,120.86,151.98,37.338,217
313,434.7972,94351,122.675,732,121.36,151.978,37.1849,217
314,434.6881,94762,121.8,690,121.06,151.8266,37.4104,218
315,434.6682,94323,123.2375,655,121.13,151.8087,37.3291,217
316,437.8756,95019,122.5375,678,120.34,151.873,37.4491,217
317,443.5392,96248,123.4625,702,120.01,152.164,37.1541,217
318,439.129,95291,124.2375,686,120.56,151.7491,37.2831,217
319,439.5346,95379,122.125,671,120.34,151.7894,37.4893,217
320,438.3502,95122,123.0375,702,119.7,151.9855,37.3716,217
321,428.8402,93916,122.4,662,120.88,151.7894,37.4013,219
322,434.789,94784,124.825,663,121.24,151.9007,37.3445,218
323,432.5413,94294,122.9,732,120.25,152.0202,37.1142,218
324,437.0737,94845,124.0375,691,120.37,151.9529,37.1924,217
325,436.8899,95242,122.6625,710,120.18,151.6779,37.5232,218
326,435.4633,94931,122.9625,689,119.55,151.8156,37.3609,218
327,440.8028,96095,124.775,699,121.79,151.9184,37.3549,218
328,439.0596,95715,124.8,688,119.95,152.1136,37.0802,218
329,439.8387,95445,122.825,701,121.23,152.0085,37.3112,217
330,438.1244,95073,122.6,744,120.87,151.7659,37.5946,217
331,434.9539,94385,122.35,690,121.44,151.902,37.3311,217
332,435.4247,95358,122.65,679,119.96,152.0255,37.2596,219
333,435.5346,94511,124.4625,687,120.35,151.7588,37.3427,217
334,434.9682,95693,122.2375,664,120.55,151.9902,37.2946,220
335,436.9087,95683,124.175,696,118.7,151.7357,37.5544,219
336,434.4266,94705,122.15,688,121.48,152.094,37.3393,218
337,437.3624,95345,125.1,676,120.92,151.6334,37.4716,218
338,434.1935,94220,122.6,685,119.98,151.7579,37.3755,217
339,435.2857,94457,123.65,683,122.63,151.8074,37.4482,217
340,432.2212,93792,123.6125,715,120.67,151.84,37.3647,217
341,430.8571,93496,125.2,692,121.11,151.8753,37.3157,217
342,429.4541,93621,122.525,663,119.02,151.8732,37.3734,218
343,430.8111,93486,123.375,723,120.76,151.7707,37.3514,217
344,427.7512,92822,122.2375,645,120.61,151.8754,37.4607,217
345,426.9171,92641,124.5,674,121.84,152.0161,37.2842,217
346,425.1864,93541,125.6125,663,121.35,151.7842,37.3758,220
347,427.788,92830,122.75,717,121.05,152.1319,37.2107,217
348,425.0876,92244,124.875,676,122.52,151.8144,37.3473,217
349,425.3548,92302,124.3625,666,122.17,152.1802,37.0364,217
350,425.4839,92330,125.8,683,121.55,151.9989,37.2309,217
351,423.0829,91809,124.3,668,121.8,151.7215,37.5571,217
352,421.0461,91367,123.8875,639,119.83,151.907,37.4007,217
353,416.8618,90459,123.8375,637,119.84,151.9079,37.4989,217
354,420.553,91260,124.125,670,121.58,151.9811,37.3223,217
355,417.5484,90608,124.35,652,120.89,152.0052,37.3355,217
356,415.1055,90493,124.3,624,120.04,152.0101,37.2426,218
357,419.6147,91476,123.5125,645,122.54,151.6298,37.532,218
358,417.6774,90636,125.3375,611,121.47,151.8404,37.43,217
359,416.8848,90464,123.95,664,121.38,151.945,37.2449,217
360,420.6083,91272,123.4875,653,120.25,151.718,37.2823,217
361,418.1198,90732,123.5625,630,119.63,152.1336,37.2584,217
362,418.3227,92031,123.1125,635,120.06,151.9397,37.313,220
363,421.1521,91390,123.775,663,120.62,151.857,37.3451,217
364,421.3761,91860,122.675,649,119.38,151.782,37.4018,218
365,426.2949,92506,124.975,685,120.7,151.902,37.5491,217
366,427.0963,93107,122.6875,711,121.63,151.8086,37.2539,218
367,423.0922,91811,123.9625,691,120.62,151.7762,37.4324,217
368,419.6313,91060,122.7,673,121.32,151.9449,37.2038,217
369,419.1835,91382,122.475,625,121.09,151.7634,37.4618,218
370,418.6682,90851,120.8625,642,119.11,151.7801,37.2938,217
371,420.3272,91211,124.4,675,121.15,151.8318,37.3576,217
372,417.6636,90633,124.475,646,121.67,151.9129,37.289,217
373,417.2831,91385,122.6125,627,120.35,152.088,37.3312,219
374,412.3409,90715,123.1375,636,120.41,151.7426,37.4284,220
375,415.3318,90127,123.2375,653,121.32,152.038,37.3252,217
376,420.8991,91756,124.5875,662,121.75,152.0025,37.2822,218
377,419.867,91531,123.0375,642,121.68,151.9903,37.2546,218
378,419.3364,90996,123.5625,670,119.85,151.9938,37.2157,217
379,421.5708,92324,122.4125,671,120.39,151.9461,37.2927,219
380,422.4495,92094,123.2125,692,120.47,151.9418,37.1429,218
381,421.2752,91838,122.3375,650,119.95,151.9217,37.2423,218
382,424.8848,92200,124.3375,692,120.79,152.1177,37.1527,217
383,421.367,91858,122.3,651,119.25,151.9713,37.2603,218
384,424.8018,92182,122.9125,634,121.13,152.0475,37.2975,217
385,424.6267,92144,125.2375,652,120.92,152.0779,37.2207,217
386,426.0913,93314,124.375,688,119.36,152.2045,36.9146,219
387,423.3516,92714,122.475,659,120.01,151.9888,37.2333,219
388,420.3105,92048,124.05,635,120.41,151.9905,37.2688,219
389,423.53,91906,122.45,644,120.11,151.9524,37.2723,217
390,419.8073,91518,122.9625,651,120.21,152.1897,37.1574,218
391,421.0323,91364,124.775,664,121.35,152.0434,37.1877,217
392,419.9725,91554,122.65,670,120.06,151.9949,37.1242,218
393,418.8894,90899,123.275,688,121.16,151.9476,37.229,217
394,416.2055,91149,124.5125,658,121.59,152.1261,37.1705,219
395,415.3349,90543,123.5375,635,121.32,152.0626,37.2439,218
396,412.9908,90032,123.325,656,119.91,152.0451,37.3074,218
397,408.2385,88996,122.45,617,121.08,151.9627,37.173,218
398,407.2818,89602,122.1875,657,120.31,152.1192,37.2243,220
399,404.9401,87872,123.4875,614,121.53,151.8546,37.3439,217
400,407.977,88531,122.4375,631,121.19,152.0808,37.2104,217
401,406.765,88268,123.8,646,121.09,151.9264,37.1429,217
402,405.8894,88078,123.9,622,121.35,151.7679,37.5839,217
403,402.6199,88979,123.8875,642,121.55,152.0615,37.1826,221
404,401.1507,87852,123.3,613,120.99,151.706,37.3293,219
405,401.2719,87076,123.2125,606,121.55,152.1391,37.1825,217
406,400.6193,87335,122.5,643,120.1,151.9011,37.3446,218
407,400.3303,87272,123.9,611,119.68,151.9195,37.3537,218
408,404.765,87834,122.3,625,121.07,152.1311,37.2165,217
409,401.5622,87139,122.7125,628,119.88,151.7659,37.4434,217
410,401.344,87493,122.4,635,120.29,151.9769,37.3816,218
411,403.3073,87921,123,596,121.33,152.048,37.2422,218
412,401.0596,87431,123.625,649,121.44,152.055,37.2912,218
413,400.3825,86883,122.7,628,119.98,151.7606,37.2928,217
414,398.0968,86387,123.0375,596,119.87,152.0472,37.1249,217
415,399.9358,87186,123.925,643,120,151.9208,37.2482,218
416,397.4101,86238,123.65,590,119.44,151.7317,37.3495,217
417,400.6743,87347,122.075,646,119.61,151.9077,37.2,218
418,396.5318,87237,122.6625,615,119.52,152.1324,37.2437,220
419,396.3733,86013,121.3,612,120.34,151.928,37.4308,217
420,398.0459,86774,122.525,636,120.47,152.2178,37.1175,218
421,400.7078,87755,124.175,608,120.83,152.0211,37.2308,219
422,400.9495,87407,123.625,591,121.23,152.1766,37.2389,218
423,398.1667,88393,123.6125,612,121.16,151.8469,37.4774,222
424,400.1972,87243,124.0625,625,120.3,152.2656,36.9311,218
425,402.8073,87812,123.0125,633,121.28,151.8424,37.2441,218
426,401.7051,87170,123.75,609,120.46,151.8809,37.3323,217
427,401.9908,87634,122.0625,625,120.7,151.9336,37.5097,218
428,401.8986,87212,123.85,606,119.65,151.8441,37.4464,217
429,403.4384,88353,123.3,619,120.47,151.7825,37.4016,219
430,400.8203,86978,125.3375,605,121.17,151.9726,37.2781,217
431,399.659,86726,122.7125,600,119.39,151.7388,37.4482,217
432,400.424,86892,124.675,650,121.25,152.2378,36.8838,217
433,399.5115,86694,123.1875,611,120.64,151.8483,37.395,217
434,398.7604,86531,122.5375,622,121.22,151.9531,37.3497,217
435,402.1193,87662,125.6125,597,120.67,151.8351,37.4205,218
436,401.106,87040,121.3875,630,119.79,152.1103,37.2183,217
437,400.1422,87231,122.4875,619,120.64,151.7511,37.3672,218
438,397.3409,87415,124.0125,601,120.62,151.9922,37.402,220
439,402.1606,87671,121.5125,597,119.25,151.9063,37.3182,218
440,400.7235,86957,122.825,583,120.6,152.0706,37.2398,217
441,403.8618,87638,122.3,676,120.42,152.1836,37.0517,217
442,400.1233,87627,123.15,681,120.1,151.8572,37.4315,219
443,404.7661,88239,123.4875,659,120.67,151.9666,37.3544,218
444,406.9677,88312,123.2375,605,120.74,151.9822,37.373,217
445,405.2028,87929,122.8875,649,119.44,152.1152,37.1575,217
446,406.8618,88289,124.375,607,120.83,151.8465,37.3287,217
447,402.0138,87237,123.9,612,119.83,152.2535,37.2459,217
448,402.9309,87436,123.4125,605,121.16,151.8755,37.3827,217
449,398.1613,86401,121.7125,601,120.17,151.9554,37.2331,217
450,400.7294,87359,123.1875,606,121.86,151.8167,37.5094,218
451,398.3687,86446,121.5125,611,118.63,152.1123,37.2133,217
452,395.3,86966,122.7625,653,119.92,151.9013,37.2686,220
453,401.553,87137,122.75,620,120.55,152.1517,37.1722,217
454,400.9585,87008,121.375,634,120.56,151.995,37.2502,217
455,399.894,86777,123.175,624,120.34,151.9306,37.4595,217
456,404.7798,88242,120.9375,598,120.32,152.0207,37.3619,218
457,397.2422,88585,122.125,601,118.95,152.1562,37.2521,223
458,405.8894,88078,122.075,632,119.82,152.0398,37.5526,217
459,405.6376,88429,123,614,121.18,152.0011,37.3252,218
460,406.8341,88283,122.7875,599,120.33,152.0399,37.3829,217
461,407.2488,88373,124.1125,614,120.19,151.9878,37.2417,217
462,406.9404,88713,122.0125,627,120.25,151.805,37.5218,218
463,406.7534,89079,122.7,619,119.63,152.0177,37.3757,219
464,408.8311,89534,123,626,119.3,151.9958,37.3066,219
465,404.9955,89504,122.6,648,119.72,151.9322,37.253,221
466,409.5642,89285,122.8375,638,120.86,152.1366,37.276,218
467,407.8082,89310,120.8375,638,120.09,152.0395,37.1888,219
468,410.6789,89528,122.2375,662,120,152.2625,37.2162,218
469,410.379,89873,123.0375,653,118.9,152.125,37.1777,219
470,407.2217,89996,123,615,120.67,152.2377,37.0929,221
471,411.6267,89323,124.7125,612,120.46,152.1195,37.0103,217
472,410.7982,89554,122.7375,646,118.65,151.9436,37.5159,218
473,412.235,89455,123.85,642,120.13,152.1675,37.2894,217
474,412.4009,89491,122.6375,617,119.36,152.0842,37.2753,217
475,412.7327,89563,123.875,627,119.34,152.2375,37.0249,217
476,409.0776,89588,122.4,598,118.99,152.0491,37.2771,219
477,408.9543,89561,122.9,635,120.03,152.1353,37.1228,219
478,411.8986,89382,122.4,618,120.48,152.1005,37.2746,217
479,406.85,89507,124.075,667,120.85,152.0081,37.5011,220
480,408.2715,90228,124.45,658,121.9,152.1019,37.3104,221
481,410.8853,89573,123.025,636,119.95,151.8299,37.4174,218
482,408.1336,88565,123.75,606,119.92,151.9927,37.292,217
483,406.3825,88185,122.875,611,119.94,151.9498,37.3126,217
484,408.6544,88678,125.0375,616,121.87,152.4328,37.0537,217
485,406.0413,88517,121.95,609,121.28,152.2083,37.2602,218
486,408.3917,88621,123.1875,669,119.31,152.1648,37.0881,217
487,406.6452,88242,124.5125,628,121.92,152.3641,37.2753,217
488,406.1797,88141,124.825,635,119.82,152.2099,37.1706,217
489,400.7227,88159,120.9,644,119.91,152.2735,37.1053,220
490,402.1468,87668,124.2625,612,121.95,152.0921,37.1568,218
491,403.576,87576,123.3375,608,120.25,151.9091,37.2827,217
492,401.1142,87844,125.15,594,120.33,152.0699,37.1513,219
493,402.6758,88186,124.0625,608,120.88,152.0832,37.2185,219
494,404.0548,88488,121,612,119.86,151.9453,37.3035,219
495,406.6697,88654,123.4875,625,119.83,152.2211,37.2878,218
496,405.5459,88409,123.2125,646,120.25,152.4154,37.1843,218
497,404.1521,87701,123.325,646,118.9,152.1519,37.1054,217
498,404.1864,88921,122.6625,596,119.54,152.3708,37.2648,220
499,397.9539,86356,121.85,658,119.88,152.2222,37.0338,217
500,403.6129,87584,123.525,623,120.05,152.2047,37.3012,217
501,403.0731,88273,122.3625,589,120.19,152.1162,37.2742,219
502,405.6972,88442,123.0125,610,120.52,152.106,37.1637,218
503,404.4318,88975,123.2625,594,120.14,152.2395,37.052,220
504,405.8853,88483,123.5125,594,120.05,152.2596,37.3728,218
505,406.0091,88916,122.3,631,119.12,152.1843,37.1834,219
506,403.8018,87625,122.625,617,120.29,152.1674,37.1501,217
507,405.7604,88050,122.5,640,120.92,152.3602,37.1275,217
508,401.0737,87033,121.8625,669,119.82,152.1461,36.9971,217
509,402.2511,88093,122.975,612,120.35,152.4035,36.9756,219
510,404.4009,87755,122.4125,611,120.32,152.1515,37.0368,217
511,402.156,87670,124.45,587,119.23,152.0581,37.2593,218
512,402.6147,87770,123.25,640,120.19,152.1767,37.1722,218
513,398.5688,86888,123.075,641,119.74,152.3626,37.1209,218
514,401.2018,87462,122.9875,610,119.05,152.3414,37.0848,218
515,403.9589,88467,123.0625,616,121.08,152.0526,37.0323,219
516,398.6682,86511,121.95,597,118.57,152.3001,37.1127,217
517,399.8073,87158,123.7125,593,121.1,152.1859,37.1942,218
518,399.3607,87460,124.9625,615,121.06,152.1513,37.2114,219
519,399.6651,87127,123.55,605,122.19,152.0394,37.2173,218
520,402.7189,87390,122.15,627,120.45,152.3124,37.1289,217
521,400.8341,86981,124.925,596,121.51,152.1627,37.356,217
522,404.0553,87680,123.6625,626,119.69,152.4124,37.0932,217
523,404.4495,88170,122.9375,635,120.79,152.408,37.0594,218
524,405.3211,88360,124.875,607,120.83,152.5634,36.997,218
525,406.023,88107,125.2875,622,121.51,152.1754,37.1338,217
526,405.0688,88305,124.15,629,121.34,152.2955,37.1122,218
527,401.0461,87027,121.9125,641,120.79,152.4369,37.0743,217
528,400.7339,87360,124.7125,600,121.23,152.5052,36.8522,218
529,397.3773,87423,122.9625,617,121.71,152.4716,37.0842,220
530,394.7604,85663,124.5,594,122.01,152.3643,37.2055,217
531,398.3502,86442,122.9875,611,119.32,152.5116,36.9466,217
532,397.7523,86710,123.05,607,120.07,152.3951,37.022,218
533,399.5023,87491,123.7375,602,121.3,152.5384,37.1054,219
534,399.7763,87551,124.2625,636,120.62,152.5171,36.8024,219
535,399.4541,87081,121.4,626,119.45,152.376,37.0895,218
536,395.5882,87425,125.6375,589,121.05,152.4106,36.9484,221
537,394.4521,86385,121.8,616,120.76,152.3871,36.9185,219
538,399.922,87183,121.0625,592,119.92,152.7447,36.8311,218
539,396.6313,86069,123.3875,634,118.04,152.5653,37.0919,217
540,394.2385,85944,122.9125,608,119.86,152.2947,37.1225,218
541,394.5714,85622,123.6375,664,118.87,152.5848,36.8494,217
542,395.6083,85847,122.3,596,121.33,152.5897,37.0127,217
543,393.6682,85426,124.3125,599,120.26,152.4582,36.9638,217
544,394.0543,87086,121.85,585,119.72,152.3167,37.0276,221
545,397.1284,86574,122.6875,640,119.75,152.6225,37.0124,218
546,395.7591,87067,121.2875,622,119.56,152.3458,37.0192,220
547,395.6789,86258,124.0125,613,119.85,152.6751,36.7587,218
548,392.5068,85959,122.3125,608,119.57,152.4174,37.0314,219
549,392.7523,85620,123.05,586,119.59,152.4079,36.9654,218
550,393.9816,85494,121.2625,588,120.7,152.5478,36.8046,217
551,391.8914,86608,122.0125,585,120.11,152.3909,37.111,221
552,392.5853,85191,123.5,586,120.52,152.7473,36.7252,217
553,392.5753,85974,123.5375,606,120.1,152.3369,37.0865,219
554,392.5853,85191,125.0875,609,120.85,152.427,37.0938,217
555,390.9539,84837,124.425,601,120.66,152.4467,37.1686,217
556,392.5955,86371,124.0625,606,121.13,152.4686,36.8889,220
557,388.1935,84238,123.575,577,121.75,152.6774,36.8965,217
558,390.1324,85439,123.65,580,121.15,152.3411,37.067,219
559,386.8914,85503,125.1,606,119.88,152.4811,36.7915,221
560,387.1376,84396,124.5,567,119.83,152.4571,36.9701,218
561,389.871,84602,123.1125,599,120.27,152.4674,36.8602,217
562,386.3653,84614,123.1375,574,120.17,152.4369,36.883,219
563,389.6129,84546,121.7375,583,120.79,152.3403,37.0403,217
564,388.8525,84381,124.25,572,120.9,152.8287,36.9494,217
565,389.7706,84970,124.65,575,120.97,152.3588,36.9351,218
566,392.5899,85192,122.475,595,119.21,152.7989,36.7461,217
567,398.1233,87189,123.2625,614,121.63,152.3922,36.9007,219
568,399.1382,86613,123.6875,615,119.88,152.4113,36.9491,217
569,396.5346,86048,122.2875,584,118.87,152.4909,36.8757,217
570,397.9124,86347,123.6125,580,119.01,152.581,36.7936,217
571,395.3073,86177,121.1125,620,119.36,152.7326,36.7739,218
572,394.6697,86038,121.0125,598,119.89,152.5158,36.9768,218
573,393.1773,86499,122.4375,619,119.38,152.3683,36.8722,220
574,391.8037,85805,120.5,586,119.4,152.5287,37.0592,219
575,392.2248,85505,124.4,586,120.07,152.707,36.7717,218
576,391.0688,85253,123.2125,622,119.41,152.5778,36.9027,218
577,392.1835,85496,123.3125,579,119.39,152.6496,36.9188,218
578,390.0091,85412,121.475,570,119.78,152.2303,37.0515,219
579,392.7773,86411,123.3875,585,120.37,152.5298,36.8364,220
580,391.4495,85336,122.45,627,120.41,152.5383,36.9652,218
581,386.4977,83870,122.1625,593,119.94,152.4513,37.0099,217
582,387.9217,84179,123.0625,593,119.72,152.7212,36.9845,217
583,387.6193,84501,121.65,574,120.31,152.7298,36.8404,218
584,387.6575,84897,124.2625,580,119.75,152.6694,36.8346,219
585,386.1284,84176,122.9625,582,120.29,152.6365,36.6921,218
586,382.4598,85671,122.6125,558,119.13,152.5281,36.9033,224
587,384.0987,85654,122.475,598,119.28,152.6703,36.741,223
588,385.1789,83969,122.3125,615,120.59,152.2446,37.1923,218
589,387.1429,84010,123.775,615,121.55,152.6227,36.7539,217
590,390.0829,84648,122.625,593,121.39,152.5911,36.6815,217
591,390.9862,84844,123.125,594,120.53,152.4879,36.693,217
592,389.2304,84463,121.725,590,119.31,152.5408,37.042,217
593,388.2339,84635,124.2125,590,120.64,152.4498,36.9127,218
594,388.3744,85054,123.525,616,121.72,152.5721,37.1071,219
595,390.5069,84740,123.325,617,121.17,152.4858,36.9047,217
596,388.9954,84412,122.3625,592,118.57,152.5067,36.8368,217
597,389.1835,84842,124.6125,557,120.39,152.6908,36.9268,218
598,387.2146,84800,123.2,604,120.41,152.5186,36.9654,219
599,389.8082,85368,125.0875,591,120.5,152.4292,37.0633,219
600,389.3041,84479,122.9625,572,119.26,152.4574,37.0003,217
601,389.212,84459,122.775,568,119.57,152.4976,36.9131,217
602,392.3991,85543,123.025,568,118.09,152.3603,37.0991,218
603,392.1005,85870,123.65,593,120.01,152.3004,37.1732,219
604,387.1797,84018,122.975,556,119.87,152.7287,36.8961,217
605,386.5068,84645,121.925,583,120.14,152.3826,37.0261,219
606,386.5826,84275,123.425,603,119.76,152.8934,36.8024,218
607,391.445,85335,123.2125,619,119.37,152.5481,36.8397,218
608,384.1972,83755,122.1625,561,121.37,152.5195,36.9254,218
609,385.137,84345,123.7,571,120.06,152.5337,36.9198,219
610,388.9908,84800,122.125,590,121,152.6136,36.6535,218
611,386.9124,83960,123.3875,585,120.5,152.4035,36.9781,217
612,382.6866,83043,122.3875,575,119.93,152.5914,36.9493,217
613,385.5091,84812,123.2,581,119.69,152.2478,37.1282,220
614,384.7032,84250,123.9,561,120.23,152.794,36.5878,219
615,382.4566,83758,120.65,616,118.62,152.6819,36.8329,219
616,385.576,83670,122.2375,580,120.15,152.4636,36.9319,217
617,387.6682,84124,123.1625,580,121.39,152.6946,36.5893,217
618,383.21,83923,122.85,575,120.71,152.5842,36.9236,219
619,385.1553,84349,123.3625,585,120.59,152.5532,36.8309,219
620,388.656,84727,122.4125,593,119.91,152.6235,36.8601,218
621,388.9447,84401,121.375,562,119.88,152.8409,36.8125,217
622,383.4064,83966,123.875,553,119.99,152.6096,36.8308,219
623,386.1751,83800,122.6375,600,118.82,152.7677,36.6872,217
624,393.0138,85677,122.4375,584,120.29,152.7213,36.9505,218
625,394.4194,85589,121.7875,568,121.43,152.4956,37.0144,217
626,393.4147,85371,123.8,582,118.15,153.1473,36.6671,217
627,395.576,85840,122.6375,662,118.83,152.2678,37.0465,217
628,398.2995,86431,121.6375,621,121.24,152.6298,36.7357,217
629,396.5566,87639,122.3625,572,119.07,152.7246,36.7963,221
630,403.3502,87527,124.2125,611,119.35,152.6935,36.8969,217
631,404.0138,87671,122.3625,621,120.3,152.8867,36.5934,217
632,401.6498,87158,123.3375,622,120.64,152.8473,36.6083,217
633,400.9404,87405,121.475,638,122.15,152.7228,36.7917,218
634,397.7602,87905,121.45,576,119.91,152.7051,36.8245,221
635,396.7615,86494,123.525,620,121.01,152.8044,36.6958,218
636,392.6773,86389,120.8875,580,120.4,152.9573,36.6238,220
637,394.0599,85511,122.925,604,119.21,152.3832,37.0284,217
638,392.8065,85239,123.9,588,119.79,152.8122,36.5859,217
639,394.0318,86687,122.35,570,120.72,152.3267,36.9302,220
640,393.106,85304,122.2,580,119.13,152.8544,36.6594,217
641,392.156,85490,122.225,592,119.91,152.6876,36.8463,218
642,393.2811,85342,122.3125,594,118,152.7033,36.8436,217
643,391.1697,85275,121.8375,614,119.61,153.0607,36.8294,218
644,393.7327,85440,123.8,580,121.12,152.903,36.8191,217
645,388.6514,84726,121.7625,576,119.26,153.0184,36.5503,218
646,391.4545,86120,124.4875,604,119.75,152.5927,36.9164,220
647,395.9217,85915,123.225,569,121.26,152.7457,36.8682,217
648,398.8303,86945,122.525,598,119.37,152.7641,36.706,218
649,396.5806,86058,124.35,606,120.35,152.7785,36.9497,217
650,390.5917,85149,122.5375,590,120.17,152.8721,36.8261,218
651,394.6835,86041,123.1125,594,120.28,152.8296,36.5656,218
652,394.8618,85685,121.7,589,120.51,152.7915,36.8071,217
653,393.1468,85706,123.525,606,121.02,152.9022,36.6146,218
654,394.2028,85542,122.5125,588,121.4,152.7263,36.7668,217
655,391.8219,85809,122.95,601,120.38,153.0967,36.5382,219
656,393.5253,85395,122.3125,579,118.92,152.769,36.7953,217
657,392.8624,85644,122.4375,588,121.19,152.9075,36.649,218
658,390.3881,85495,123.8125,576,120.6,152.8154,36.8128,219
659,392.3955,86327,123.175,593,121.03,152.8057,36.7196,220
660,392.4101,85153,123.5375,595,121.08,153.0206,36.6165,217
661,392.9045,86439,121.6625,610,119.17,152.781,36.5863,220
662,392.1651,85492,121.975,602,121.1,152.9172,36.6219,218
663,397.0046,86547,122.05,636,119.82,152.789,36.6868,218
664,392.1198,85090,122.525,584,119.92,153.0326,36.7175,217
665,398.3761,86846,123.65,621,120.47,152.7863,36.7496,218
666,391.7431,85400,121.65,583,120.2,152.8919,36.6704,218
667,391.9633,85448,122.975,595,121.06,152.6399,36.7877,218
668,389.5321,84918,122.4,590,119.49,152.7259,36.9863,218
669,387.9589,84963,123.125,562,120.04,152.7621,36.691,219
670,388.1937,86179,122.7125,575,119.57,152.8897,36.6278,222
671,387.8493,84939,123.3875,596,120.91,153.178,36.7607,219
672,389.5945,84542,121.55,596,120.74,152.9838,36.3536,217
673,385.8072,86035,122.925,583,120.19,152.858,36.7474,223
674,385.3303,84002,123.425,574,119.38,153.1288,36.6544,218
675,383.4208,84736,121.7625,606,120.12,152.8963,36.5937,221
676,386.0645,83776,122.6625,568,119.04,152.8802,36.747,217
677,386.2294,84198,122.525,581,119.94,152.951,36.646,218
678,387.8479,84163,123.1625,616,120.04,153.241,36.3733,217
679,383.9,84458,121.2,590,118.4,152.9628,36.5908,220
680,385.9909,84918,124.2875,579,121.26,152.9232,36.5397,220
681,387.1429,84010,122.0625,590,120.33,152.9622,36.4955,217
682,385.5069,83655,121.9625,572,120.76,153.0509,36.4909,217
683,382.5434,83777,122.8875,562,120.2,152.7153,36.8652,219
684,378.7162,84075,121.1375,557,120.1,153.0778,36.6063,222
685,379.3973,83088,122.5,570,118.75,153.0314,36.5556,219
686,383.9078,83308,122.5625,570,119.11,153.0154,36.605,217
687,382.7352,83819,124.5,571,120.59,153.0268,36.6557,219
688,379.9817,82836,124.3375,550,120.73,153.021,36.5994,218
689,380.9539,82667,123.3875,542,120.47,152.8548,36.7085,217
690,377.3119,82254,123.3125,554,120.63,152.7837,36.7433,218
691,376.6018,83229,121.875,552,119.42,152.9609,36.6477,221
692,380.4424,82556,123.3125,577,121.71,152.6816,36.8427,217
693,378.7189,82182,122.15,579,119.93,152.7847,36.6911,217
694,374.5367,81649,121.1375,565,119.87,153.025,36.6523,218
695,379.5115,82354,121.8625,567,119.97,152.8566,36.7963,217
696,380.5161,82572,123.425,606,120.84,152.9293,36.6949,217
697,378.3456,82101,122.175,557,119.1,152.9245,36.5864,217
698,381.5438,82795,123.45,551,121.01,153.0287,36.4801,217
699,379.8387,82425,123.1125,550,120.82,153.1112,36.7124,217
700,380.9355,82663,123.05,601,120.96,153.1128,36.6292,217
701,379.7512,82406,122.2375,579,118.77,153.2578,36.6198,217
702,378.5806,82152,124.5125,537,120.63,152.9793,36.7696,217
703,382.5596,83398,124.3125,564,121.5,153.0379,36.7326,218
704,377.6438,82704,122.175,549,120.78,152.9987,36.5856,219
705,378.5747,83665,122.8625,522,118.52,152.9049,36.6938,221
706,375.2304,81425,121.675,545,120.24,152.9563,36.3838,217
707,374.0691,81173,122.7375,567,120.6,153.019,36.6223,217
708,375.945,81956,123.7625,550,120.63,152.8367,36.6999,218
709,376,81592,122.5125,547,120.5,152.884,36.6215,217
710,376.6267,81728,122.8375,537,120.94,152.8043,36.621,217
711,375.4358,81845,121.9,538,120.6,153.0508,36.6335,218
712,375.2146,82172,122.825,571,120.52,153.0678,36.6843,219
713,375.8899,81944,121.85,549,118.83,152.7067,36.8001,218
714,378.682,82174,122.525,541,119.54,153.0707,36.4636,217
715,376.7558,81756,124.4875,576,120.93,152.5775,36.2792,217
716,375.5668,81498,122.0125,544,119.94,152.7287,36.6769,217
717,375.8624,81938,121.0375,559,119.79,152.7562,36.5405,218
718,373.9321,82639,122.775,555,119.14,152.7547,36.6722,221
719,376.7156,82124,123.1875,578,121.09,152.929,36.7502,218
720,374.6484,82048,121.9625,529,120.55,153.0682,36.7424,219
721,379.8756,82433,123.2375,569,121.75,152.9514,36.711,217
722,375.9409,82707,121.4375,553,119.89,153.0883,36.5716,220
723,377.3624,82265,124.225,569,121.08,152.982,36.5243,218
724,375.2202,81798,123.2,570,121.31,152.8656,36.8084,218
725,373.968,81899,124.2125,587,120.62,153.0625,36.5929,219
726,378.2903,82089,123.65,560,120.45,152.9209,36.7609,217
727,374.6866,81307,121.6,551,118.53,153.06,36.552,217
728,373.5766,82934,124.5875,547,120.74,152.84,36.6589,222
729,374.0275,81538,122.4125,546,119.02,152.7738,36.6953,218
730,372.3213,82283,121.3875,564,120.45,152.7936,36.8501,221
731,373.5872,81442,123.2,559,120.82,153.2161,36.4916,218
732,374.6682,82427,122.5875,548,121.23,152.9646,36.4768,220
733,372.9312,81299,121.4375,584,120.25,152.8523,36.8144,218
734,373.6743,81461,122.3875,545,119.8,152.8191,36.6476,218
735,371.9725,81090,123.975,554,120.28,153.1524,36.6296,218
736,373.1705,80978,122.675,575,119.63,152.8125,36.897,217
737,373.8028,81489,120.85,589,119.55,153.0844,36.5535,218
738,373.318,81010,124,540,120.8,152.826,36.7308,217
739,372.47,80826,122.4125,574,119.71,152.7663,36.6646,217
740,373.4312,81408,122.725,537,120.77,152.9364,36.7408,218
741,372.5069,80834,122.85,550,120.35,153.1958,36.4182,217
742,373.1357,82463,122.5875,530,120.86,153.0577,36.6872,221
743,369.8688,81741,122.8375,563,119.52,152.9009,36.4711,221
744,374.653,82049,122.7625,538,120.13,153.0377,36.7345,219
745,370.2127,81817,123.025,533,119.7,152.9977,36.4465,221
746,372.977,80936,121.975,582,118.67,152.9241,36.7262,217
747,372.344,81171,122.7375,563,122.42,153.02,36.3788,218
748,368.7032,80746,122.825,535,120.74,152.8953,36.8098,219
749,368.7182,81118,121.2375,529,120.22,152.9793,36.9095,220
750,372.5321,81212,123.8125,558,120.92,152.8154,36.7216,218
751,372.6239,81232,124.4375,537,120.35,153.2419,36.5571,218
752,371.4055,80595,122.45,540,119.65,153.0754,36.5673,217
753,371.7798,81048,122.4625,568,121.78,153.1426,36.6368,218
754,371.3687,80587,122.325,546,120.5,153.0087,36.6505,217
755,369.8552,81738,124.85,538,121.6,152.8207,36.8257,221
756,370.7844,80831,123.2375,523,120.31,153.0945,36.676,218
757,367.4725,80109,124.225,513,119.34,152.9961,36.8891,218
758,369.7032,80965,123.875,535,119.71,152.841,36.6823,219
759,366.3991,81707,122.65,555,120.06,152.8242,36.5839,223
760,372.1606,81131,122.275,549,121.03,153.099,36.6802,218
761,369.8295,80253,122.375,586,119.76,153.0726,36.5371,217
762,372.3041,80790,121.6125,535,120.13,153.0127,36.4444,217
763,371.2212,80555,124.2,556,119.77,153.0415,36.7991,217
764,368.7834,80026,124.325,519,121.6,153.0841,36.579,217
765,368.5917,80353,122.65,542,120.21,153.1386,36.5454,218
766,371.7051,80660,122.9625,536,119.35,153.1899,36.575,217
767,370.4839,80395,125.1625,546,121.22,153.1057,36.7626,217
768,367.7032,80527,123.35,531,120.81,153.1157,36.6104,219
769,367.8091,80918,123.4875,536,122.09,153.0025,36.6158,220
770,368.3227,81031,122.9875,552,120.6,153.1074,36.5215,220
771,369.659,80216,122.925,520,120.55,152.905,36.6372,217
772,369.1336,80102,123.6375,524,119.79,153.1672,36.6547,217
773,367.656,80149,122.075,539,120.17,153.1101,36.6839,218
774,368.9078,80053,122.9375,514,119.41,153.0736,36.7351,217
775,366.9234,81457,122.7375,547,120.23,152.5521,36.6753,222
776,367.2318,80791,122.825,554,120.42,153.1931,36.4642,220
777,368.6912,80006,123.2375,554,120.71,152.7506,36.8697,217
778,367.2589,82266,123.025,548,120.27,153.0953,36.6177,224
779,367.2719,79698,124.1125,548,121.81,153.2421,36.4296,217
780,366.0046,79423,123.0375,581,119.96,153.0335,36.7151,217
781,367.9263,79840,122.3,520,118.89,152.9331,36.6976,217
782,362.977,78766,122.2375,550,120.83,153.0872,36.4985,217
783,366.8128,80332,124.8125,535,120.44,152.9302,36.5181,219
784,363.3456,78846,121.1875,516,119.99,153.119,36.6351,217
785,364.5734,79477,124.0875,573,121.51,153.1122,36.4551,218
786,364.6682,80227,121.875,532,120.58,153.1008,36.806,220
787,364.1855,80485,123.425,523,122.29,153.0919,36.4954,221
788,364.8904,79911,122.3625,518,118.99,153.3392,36.466,219
789,362.6912,78704,123.25,525,120.17,153.2957,36.4122,217
790,365.0553,79217,123.525,518,119.31,153.1563,36.3059,217
791,364.3257,79423,122.1375,510,120.18,153.029,36.7431,218
792,363.7788,78940,123.5625,515,120.59,153.107,36.5445,217
793,360.9404,78685,121.675,531,120.46,153.1791,36.4532,218
794,362.1629,80038,123.175,545,119.05,153.2684,36.4641,221
795,362.8661,81282,123.575,522,118.99,153.1599,36.4702,224
796,365.6129,79338,124.325,508,120.69,153.426,36.4419,217
797,364.9954,79934,121.95,519,119.72,153.2254,36.489,219
798,363.2018,79178,122.3,520,119.18,153.1247,36.6191,218
799,364.2896,80508,124.375,529,120.19,152.9983,36.8274,221
800,363.3032,80290,124.9625,542,120.61,152.9033,36.5687,221
801,363.1284,79162,122.075,557,119.04,153.2448,36.4133,218
802,363.7838,80760,124.85,513,120.06,153.0376,36.6283,222
803,362.344,78991,122.6125,560,118.71,153.4566,36.361,218
804,360.3964,80008,123.05,505,119.6,153.2869,36.3969,222
805,362.4654,78655,122.7625,513,119.6,153.0953,36.772,217
806,362.7248,79074,123.1375,519,120.12,153.3276,36.2329,218
807,363.5069,78881,123.2625,537,120.18,153.0758,36.532,217
808,363.3045,79927,123.05,535,120.87,153.3867,36.3893,220
809,361.8303,78879,121.95,515,119.24,153.3044,36.381,218
810,363.0553,78783,122.0875,530,120.6,153.3397,36.1288,217
811,363.4101,78860,123.025,526,120.01,153.4113,36.3102,217
812,363.1475,78803,121.4625,518,119.43,152.9637,36.6685,217
813,364.1843,79028,122.175,517,119.32,153.1624,36.3812,217
814,364.9032,79184,124.3,588,120.19,153.113,36.7518,217
815,362.0365,79286,123.575,508,120.25,153.3572,36.3465,219
816,362.2569,78972,122.1875,510,121.05,153.3196,36.443,218
817,360.367,78560,121.9625,505,119.76,152.7603,36.7312,218
818,364.3836,79800,123.25,535,119.4,153.1912,36.4653,219
819,362.867,79105,122.2,518,121.67,153.229,36.6242,218
820,360.9725,78692,122.05,515,119.37,153.4967,36.5829,218
821,364.5505,79472,122.3,524,119.36,153.2427,36.3948,218
822,362.1613,78589,122.6375,493,121.2,153.1316,36.7281,217
823,359.2627,77960,121.8375,512,119.92,153.1568,36.5141,217
824,360.1751,78158,124.05,513,118.92,153.2702,36.6723,217
825,361.8853,78891,121.225,512,119.27,153.1752,36.4826,218
826,361.1982,78380,122.2125,529,119.09,153.2601,36.3243,217
827,359.2409,79033,123.975,554,118.9,153.2204,36.7463,220
828,359.8899,78456,122.8125,534,119.14,153.2179,36.5394,218
829,360.9541,78688,123.1,509,120.96,153.6943,36.0206,218
830,360.8559,80110,122.3375,517,119.26,153.2246,36.4283,222
831,364.5826,79479,123.2375,552,120.54,153.0346,36.2534,218
832,364.267,80503,120.875,508,120.03,153.0953,36.0737,221
833,363.8909,80056,120.9625,552,120.86,153.0537,36.4276,220
834,361.8858,79253,122.175,512,119.85,152.9855,36.5579,219
835,360.4128,78570,122.8375,512,119.53,153.2154,36.4147,218
836,365.4608,79305,123.3125,525,122.08,153.1193,36.6682,217
837,363.3607,79576,122.7625,506,119.45,153.3166,36.5709,219
838,364.1743,79390,120.8125,527,119.46,153.623,36.4049,218
839,361.633,78836,122.0625,509,120.2,153.2662,36.4885,218
840,363.5023,79607,123.175,524,119.39,153.2444,36.5336,219
841,361.4591,79521,123.1875,517,121.98,153.2122,36.3095,220
842,363.894,78965,121.35,506,120.17,153.2953,36.4917,217
843,365.0457,79945,124.2125,537,120.66,153.4248,36.415,219
844,360.8479,78304,123.175,519,119.47,153.0646,36.3655,217
845,357.8182,78720,121.65,484,120.57,153.4126,36.4399,220
846,361.8311,79241,123.05,517,120.7,153.3921,36.2416,219
847,359.659,78046,123.975,522,119.26,153.2785,36.6102,217
848,358.4587,78144,122.8375,483,119.78,153.532,36.3848,218
849,360.1416,78871,122.1875,515,119.83,153.4503,36.603,219
850,361.6037,78468,123.3125,518,120.8,153.4151,36.447,217
851,362.7397,79440,122.6,507,119.9,153.2221,36.3805,219
852,361.9182,79622,122.875,530,119.64,153.0103,36.7118,220
853,361.1,79442,123.1375,531,119.68,153.531,36.3062,220
854,360.9174,78680,123.325,511,121.78,153.0366,36.5295,218
855,362.2182,79688,123.2,505,119.87,153.2645,36.57,220
856,362.2844,78978,122.4125,515,122.19,153.1843,36.4823,218
857,358.9729,79333,123.1,509,119.77,153.3372,36.3024,221
858,360.0731,78856,124.375,504,120.76,153.405,36.4591,219
859,361.8955,79617,122.2875,512,120.54,153.4172,36.5146,220
860,361.3548,78414,124.4875,516,121.22,153.3418,36.4237,217
861,361.2798,78759,123.225,524,119.99,152.9921,36.8358,218
862,359.1514,78295,121.325,511,119.72,153.6012,36.4209,218
863,362.2374,79330,123.7875,503,120.94,153.1971,36.5582,219
864,362.4286,78647,123.7875,525,121.24,153.3739,36.2099,217
865,358.4682,78863,123.2625,524,122.51,153.3779,36.1736,220
866,359.0459,78272,122.575,547,120.73,153.3114,36.5668,218
867,358.0913,78422,122.6375,515,120.6,153.4085,36.2856,219
868,363.5253,78885,122.4,513,119.62,153.4825,36.1098,217
869,358.8295,77866,123.2,512,120.54,153.5096,36.3181,217
870,362.1193,78942,122.65,517,118.95,153.2268,36.6443,218
871,360.8682,79391,123.9625,526,121.02,153.4654,36.3623,220
872,357.3045,78607,122.225,501,119.93,153.4211,36.4448,220
873,359.9447,78108,124.7125,501,120.05,153.285,36.5735,217
874,356.552,78798,122.225,533,120.13,153.1657,36.444,221
875,362.0367,78924,124.1125,503,122.25,153.4882,36.0721,218
876,358.7143,77841,123.55,508,121.34,153.2285,36.2124,217
877,361.2477,78752,122.2125,510,119.25,153.6608,36.5148,218
878,361.3122,79850,122.6,545,119.34,153.246,36.3741,221
879,359.3165,78331,123.7375,505,121.33,153.2487,36.4187,218
880,361.7569,78863,123.375,491,120.52,153.3603,36.3854,218
881,361.2955,79485,123.025,509,120.92,153.282,36.4623,220
882,359.3211,78332,123.025,519,120.07,153.4052,36.4421,218
883,359.4037,78350,122.325,511,120.65,153.4057,36.5516,218
884,359.819,79520,121.3,532,119.15,153.3692,36.2105,221
885,356.5023,77361,122.5625,495,120.43,153.4148,36.429,217
886,360.9679,78691,122.3625,535,120.03,153.0894,36.4289,218
887,358.555,78165,122.3625,491,119.5,153.2636,36.5962,218
888,358.5438,77804,123.65,479,119.78,153.378,36.3577,217
889,356.8082,78141,122.9875,510,120.69,153.3662,36.4347,219
890,356.9128,77807,122.9,515,120.45,153.4655,36.2333,218
891,355.6109,78590,122.45,509,120.18,153.1252,36.3455,221
892,361.318,78406,124.2,524,121.21,153.4021,36.188,217
893,358.2018,78088,124.6,491,120.45,153.1769,36.3784,218
894,359.4083,78351,123.575,516,120.69,153.4844,36.432,218
895,358.0783,77703,122.45,528,120.9,153.4021,36.5594,217
896,354.2775,80421,123.925,502,119.45,153.4657,36.3728,227
897,359.9724,78114,122.3625,502,120.23,153.6982,36.2211,217
898,360.133,78509,123.35,507,120.47,153.2845,36.4774,218
899,359.1147,78287,123.25,511,120.43,153.5034,36.3533,218
900,358.7419,77847,123.525,522,121.16,153.291,36.3956,217
901,357.4429,78280,123.175,517,118.93,153.5263,36.2201,219
902,355.5138,77502,123.375,496,119.92,153.3749,36.5247,218
903,357.3733,77550,121.5125,513,119.76,153.3665,36.3732,217
904,356.1789,77647,121.8,513,119.9,153.4834,36.3396,218
905,358.5642,78167,124.1625,505,119.83,153.5088,36.2716,218
906,359.5434,78740,122.3875,537,119.77,153.4938,36.4653,219
907,357.0275,77832,122.425,506,118.9,153.2331,36.3004,218
908,355.1818,78140,123.8375,516,120.61,153.5016,36.4128,220
909,354.3028,77238,122.5375,490,119.96,153.4881,36.5952,218
910,357.0955,78561,122.6125,494,120.55,153.6221,36.3974,220
911,355.1193,77416,123.6875,486,120.04,153.5947,36.2838,218
912,356.1584,78711,123.575,514,120.63,153.1322,36.4068,221
913,354.6835,77321,122.075,488,121.13,153.2444,36.4418,218
914,357.8111,77645,124.9375,492,121.07,153.6373,36.227,217
915,354.5853,76945,122.9375,501,120.81,153.5024,36.1977,217
916,355.8584,77933,123.3,509,121.7,153.4418,36.3934,219
917,357.4332,77563,123.6625,513,119.63,153.4222,36.5468,217
918,356.9263,77453,122.075,523,120.9,153.5648,36.1278,217
919,355.8624,77578,123.2125,540,120.98,153.3224,36.5317,218
920,357.7352,78344,122.0875,525,120.03,153.368,36.1114,219
921,357.6073,78316,121.875,507,120.2,153.6213,36.121,219
922,355.3575,78534,121.7375,489,120.63,153.4134,36.5073,221
923,355.0046,77746,124.5,491,119.57,153.6523,36.3422,219
924,355.4208,78548,122,514,120.68,153.2047,36.5711,221
925,356.3687,77332,121.575,513,118.96,153.6754,36.2539,217
926,354.8037,77702,123.2125,531,119.86,153.4304,36.4955,219
927,355.7098,79679,121.6,476,121.13,153.2385,36.411,224
928,360.0783,78137,122.9375,494,121.58,153.3148,36.3989,217
929,358.6651,78189,124.65,518,119.53,153.848,36.056,218
930,356.2857,77314,121.1875,513,119.3,153.3762,36.3005,217
931,355.8288,78994,125.05,518,121.24,153.4951,36.1896,222
932,355.8416,78641,122.9875,500,119.92,153.4101,36.4423,221
933,356.4194,77343,124.125,489,121.16,153.6353,36.0802,217
934,355.9013,79366,123,527,120.51,153.4856,36.3066,223
935,359.0365,78629,123.1125,490,118.96,153.3745,36.3536,219
936,352.7644,79372,120.425,519,119.81,153.5333,36.5131,225
937,355.7727,78270,121.7125,510,118.84,153.2073,36.5767,220
938,354.8904,77721,123.0375,498,119.84,153.7245,36.369,219
939,352.8559,78334,122.325,487,119.95,153.3665,36.2906,222
940,354.8532,77358,122.0125,492,119.11,153.56,36.4872,218
941,355.8018,77209,123.1625,478,119.31,153.7871,36.3606,217
942,354.5342,77643,124.7875,507,119.47,153.432,36.5377,219
943,354.9862,77032,122.625,503,118.69,153.7872,36.2269,217
944,354.0321,77179,122.3875,481,120.69,153.4021,36.3476,218
945,355.3578,77468,122.2875,514,120.58,153.6841,36.493,218
946,352.1889,76425,122.4,474,119.41,153.6213,36.1489,217
947,354.7936,77345,122.0875,511,119.4,153.2826,36.5336,218
948,353.0457,77317,122.325,488,120.95,153.6834,36.245,219
949,356.1014,77274,123.0125,514,120.25,153.5644,36.1812,217
950,355.3257,77461,123.525,503,120.9,153.8842,36.0359,218
951,351.5899,76295,122.75,501,120.49,153.639,36.2466,217
952,352.9862,76951,121.975,499,119.67,153.3809,36.4203,218
953,355.8578,77577,124.225,503,121.9,153.603,36.313,218
954,355.4818,78206,123.4125,499,119.79,153.4074,36.5301,220
955,352.2159,79953,123.2875,498,118.96,153.4346,36.4444,227
956,352.8493,77274,121.8,495,118.72,153.5711,36.1644,219
957,355.0642,77404,122.725,503,119.2,153.7234,36.3345,218
958,354.922,77373,123.0125,470,119.94,153.5992,36.2627,218
959,352.5668,76507,121.85,479,119.31,153.7251,36.2297,217
960,353.5275,77069,121.35,485,120.1,153.6469,36.4569,218
961,355.4424,77131,123.7375,516,119.34,153.6823,36.2329,217
962,357.4566,78283,122.525,482,119.61,153.6761,36.2695,219
963,355.5388,77863,122.85,510,118.58,153.4379,36.0706,219
964,354.4864,77987,121.325,482,118.52,153.6814,36.4605,220
965,356.3349,77681,122.1,483,121.67,153.458,36.3881,218
966,355.2765,77095,121.125,501,118.88,153.5962,36.1631,217
967,354.0229,77177,122.25,491,119.99,153.377,36.397,218
968,352.8219,77268,121.95,485,119.85,153.7381,36.035,219
969,354.3562,77604,122.025,514,120.69,153.7317,36.4214,219
970,356.6652,78823,121.5625,513,120.31,153.2816,36.6214,221
971,354.9091,78080,124.05,481,121.09,153.8295,35.9883,220
972,354.4654,76919,121.0375,481,119.33,153.5001,36.2625,217
973,355.2018,79210,124.0125,499,121.33,153.7314,36.1829,223
974,352.0731,77104,124.3125,492,120.46,153.6368,36.1704,219
975,352.2765,76444,122.4875,483,120.15,153.9096,36.292,217
976,353.0229,76959,122.85,487,120.18,153.7294,36.1523,218
977,354.2581,76874,121.525,478,120.38,153.6687,36.4624,217
978,353.6621,77452,121.85,526,120.61,153.6542,36.2894,219
979,354.6651,77317,120.725,490,120.73,153.3775,36.5257,218
980,349.6335,77269,122.125,494,120.1,153.6353,36.1722,221
981,351.6773,77369,123.025,481,119.21,153.8027,36.2934,220
982,353.2706,77013,122.05,476,120.07,153.5006,36.3965,218
983,355.9954,77607,123.6,513,120.75,154.0483,36.1178,218
984,349.2172,77177,121.975,500,120.67,153.6824,36.4098,221
985,351.3014,76935,124.0375,510,120.55,153.7045,36.1307,219
986,352.7647,77961,122.675,487,119.65,153.5521,36.3158,221
987,354.5753,77652,121.9875,481,119.19,153.5061,36.268,219
988,353.344,77029,121.525,507,121.35,153.8318,36.2038,218
989,354.8433,77001,123.125,499,119.79,153.7911,36.2607,217
990,351.8249,76346,122.4125,481,119.3,153.79,36.2519,217
991,352.0092,76386,122.15,469,119.67,153.6726,36.374,217
992,359.1198,77929,122.1625,505,120.01,153.5315,36.2813,217
993,353.7982,77128,122.3,494,118.49,153.9588,36.0484,218
994,354.7281,76976,122.2125,493,120.16,153.5778,36.4135,217
995,356.9631,77461,121.8625,480,119.51,153.6209,36.3316,217
996,353.5161,76713,122.575,498,119,153.5568,36.514,217
997,355.656,77533,122.45,525,120.34,153.7266,36.2928,218
998,356.8203,77430,121.6,514,119.2,153.9305,36.1756,217
999,356.5668,77375,123.275,495,120.26,153.8703,36.2384,217
1000,356.0917,77628,123.6,506,120.38,154.065,36.0473,218
1001,356.0909,78340,123.7375,509,119.41,153.7346,36.3155,220
1002,359.9263,78104,122.8875,488,120.46,153.5959,36.3987,217
1003,355.4839,77140,121.0375,503,119.2,153.8894,36.1238,217
1004,356.9771,77821,121.6875,527,121.34,154.053,36.3109,218
1005,356.9032,77448,121.65,491,119.61,153.9666,36.022,217
1006,359.8664,78091,122.975,479,120.09,153.6967,36.3588,217
1007,356.7982,77782,122.6375,491,120.2,153.8009,36.1849,218
1008,357.5459,77945,122.55,487,120.16,153.9764,36.2628,218
1009,358.212,77732,122.0625,518,120,153.5099,36.3591,217
1010,355.5023,77855,122.2875,522,119.33,153.7252,36.3618,219
1011,356.6376,77747,122.1,498,120.84,153.6039,36.2042,218
1012,357.7189,77625,121.0625,493,120.24,153.7311,36.5064,217
1013,353.7168,79940,123.525,485,120.97,153.7591,36.092,226
1014,356.3891,78762,122.7125,484,118.4,153.7055,36.1449,221
1015,357.5853,77596,123.4,490,121.89,153.8441,36.1458,217
1016,357.4101,77558,123.425,477,119.35,153.7433,36.4173,217
1017,358.5642,78167,122.2625,487,120.59,153.6647,36.4309,218
1018,354.7443,77689,121.475,518,120.18,153.517,36.3733,219
1019,357.5656,79022,122,490,118.48,153.7898,36.4376,221
1020,356.8065,77427,123.6125,504,121.05,153.7012,36.355,217
1021,358.5714,77810,121.8875,481,119.31,153.531,36.4277,217
1022,355.0872,77409,123.7125,505,121.38,153.7607,36.3057,218
1023,354.9078,77015,122.6375,498,120.83,154.1971,35.991,217
1024,353.6728,76747,121.25,539,119.03,153.8438,36.3894,217
1025,356.789,77780,122.7375,463,120.62,153.4973,36.4093,218
1026,356.8858,78158,123.1625,484,120.77,153.7889,36.2049,219
1027,354.8545,78068,123.7375,515,121.4,153.9765,36.0624,220
1028,351.3108,77991,122.3625,499,119.66,153.6632,36.3903,222
1029,352.9037,76933,124.125,491,120.1,153.6739,36.442,218
1030,357.4147,77559,123.3625,484,121.08,153.6496,36.555,217
1031,356.2773,78381,122.9625,496,120.5,153.8157,36.182,220
1032,357.9309,77671,122.2125,535,119.95,153.6609,36.4257,217
1033,351.4381,79425,125.1375,509,120.33,153.258,36.3199,226
1034,356.032,77971,122.55,490,120.57,153.8312,36.3864,219
1035,357.1468,77858,121.8125,515,120.12,153.5665,36.4673,218
1036,353.2557,77363,121.8625,485,119.72,153.6186,36.4388,219
1037,353.9908,77170,122.625,497,118.68,153.4679,36.7803,218
1038,353.0548,77319,122.425,519,118.66,153.9872,36.2436,219
1039,354.9401,77022,123.6375,491,120.8,153.6355,36.4179,217
1040,353.2192,77355,121.3625,487,119.66,153.7582,36.3536,219
1041,352.6055,76868,123.45,476,120.78,153.5697,36.5017,218
1042,353.447,76698,122.4375,475,119.73,153.5205,36.5366,217
1043,355.3636,78180,121.55,480,118.96,153.6319,36.3301,220
1044,353.8904,77502,124.7125,494,120.46,153.6906,36.1697,219
1045,350.2523,77756,121.725,483,121.2,153.8311,36.1881,222
1046,352.6849,77238,122.9125,486,120.51,154.0779,36.0646,219
1047,354.7169,77683,123.925,476,117.92,153.5703,36.5313,219
1048,354.2877,77589,121.9625,526,120.17,153.6174,36.3191,219
1049,351.8349,76700,122,481,119.73,153.6629,36.4028,218
1050,356.2009,78008,123.75,497,120.53,154.0946,36.4007,219
1051,349.058,78189,121.9375,490,119.51,153.604,36.1934,224
1052,353.3394,77028,122.675,499,118.47,153.4546,36.3757,218
1053,350.0877,79820,123.05,484,118.53,153.6303,36.3872,228
1054,353.1789,76993,122.625,480,120.01,153.5069,36.382,218
1055,354.4344,78330,120.95,512,121.12,153.5898,36.2629,221
1056,354.5734,77297,122.675,488,121.24,154.0539,36.1592,218
1057,350,76650,122.95,480,119.87,153.7312,36.3846,219
1058,353.0323,76608,123.1,495,120.61,153.4979,36.6918,217
1059,352.5471,78618,121.6125,467,119.36,153.7431,36.193,223
1060,352.8756,76574,123.025,484,119.66,153.628,36.3674,217
1061,348.8211,76043,123.05,465,119.67,153.2909,36.5141,218
1062,350.2627,76007,123.95,492,118.74,153.5683,36.3299,217
1063,350.6164,76785,121.075,496,119.92,153.6818,36.2273,219
1064,351.8664,76355,123.5375,490,119.57,153.7788,36.3825,217
1065,352.1227,77467,123.425,483,121.35,153.8813,36.4022,220
1066,352.9677,76594,123.325,492,119.93,153.8506,36.1471,217
1067,349.5273,76896,123.2125,490,119.67,153.7483,36.1201,220
1068,353.4562,76700,123.85,509,120.38,153.9829,36.0418,217
1069,354.1651,77208,123.9,490,120.73,153.8727,36.0046,218
1070,352.6368,78638,122.825,475,119.11,153.8874,36.2434,223
1071,350.0459,76310,121.3125,478,120.88,153.7511,36.3309,218
1072,349.8578,76269,121.75,506,118.72,153.6706,36.3622,218
1073,353.3105,77375,123.85,510,120.42,153.7485,36.221,219
1074,349.5242,79342,121.825,499,119.63,153.5584,36.2065,227
1075,352.3853,76820,121.4625,482,120.38,153.7503,36.3267,218
1076,352.4358,76831,121.95,504,119.72,153.7076,36.306,218
1077,349.9816,75946,121.025,487,120.15,153.8658,35.9905,217
1078,348.2907,79062,124.35,480,121.3,153.7766,36.282,227
1079,349.2018,76126,122.7,471,119.1,153.913,36.0743,218
1080,353.0369,76609,122.6,503,119.84,153.8328,36.2233,217
1081,351.1106,76191,123.225,471,120.2,153.7868,36.2709,217
1082,351.4885,76273,121.475,475,120.22,153.8067,36.2658,217
1083,355.3991,77477,122.775,473,120.48,153.7284,36.2892,218
1084,351.7477,76681,123.05,494,119.77,153.9711,36.3368,218
1085,353.7397,77469,122.8625,524,120.34,153.8828,36.2815,219
1086,351.8128,77047,123.3875,507,120.61,153.8216,36.1311,219
1087,350.2603,76707,122.7375,490,120.34,153.9105,36.1795,219
1088,349.8767,76623,123.325,483,120.62,153.4907,36.4474,219
1089,348.8539,76399,122.3,503,119.51,153.7364,36.1159,219
1090,347.7281,75457,123.2125,474,118.76,153.9673,36.3414,217
1091,348.0783,75533,123.025,458,118.88,153.7915,36.3523,217
1092,348.9136,76761,121.6875,519,119.82,153.9607,36.1028,220
1093,352.6376,76875,124.0875,466,120.22,153.7866,36.2592,218
1094,348.9083,76062,123.075,471,121.29,153.4534,36.4075,218
1095,347.9266,75848,122.8875,484,121.3,153.8683,36.3119,218
1096,347.1279,76021,121.5,483,119.55,154.0847,36.1751,219
1097,345.5475,76366,122.95,496,119.68,153.8346,36.2043,221
1098,348.0541,77268,123.325,484,121.16,153.6581,36.7432,222
1099,345.9178,75756,122.5,498,119.14,153.8775,36.1094,219
1100,351.0413,76527,123.475,460,120.64,153.618,36.4145,218
1101,349.8394,76265,121.5375,503,119.59,153.7696,36.3779,218
1102,348.5183,75977,124.3,463,120.19,154.0879,36.2247,218
1103,348.9541,76072,121.55,471,119.14,153.7201,36.0115,218
1104,349.5392,75850,123.2875,472,121.06,153.7905,36.3361,217
1105,348.81,77087,120.775,512,120.88,153.7931,36.4146,221
1106,347.2982,75711,121.9125,484,119.7,153.6773,36.3006,218
1107,348.3514,77334,122.175,463,119.68,153.6857,36.5608,222
1108,346.1864,76161,124.15,464,121.11,153.6284,36.2881,220
1109,347.3829,77119,122.325,492,119.92,153.9016,36.2349,222
1110,349.7018,76235,121.175,483,118.29,153.5801,36.4333,218
1111,347.8479,75483,121.7375,515,119.55,153.842,36.5993,217
1112,344.0315,76375,121.5375,486,118.44,153.696,36.36,222
1113,346.4147,75172,122.0125,487,120.02,153.702,36.4945,217
1114,345.1963,75598,123.05,471,119.8,153.7906,36.5074,219
1115,347.7465,75461,120.8375,463,118.09,153.8846,36.295,217
1116,349.367,76162,122.2875,495,118.56,153.8991,36.2902,218
1117,350.235,76001,122.0375,478,121.33,153.7259,36.1815,217
1118,345.968,75767,123.0625,477,120.01,153.7603,36.1663,219
1119,345.589,75684,123.1875,466,119.43,153.5415,36.3367,219
1120,347.1106,75323,122.025,467,119.19,153.8271,36.3988,217
1121,345.4147,74955,120.2125,504,120.13,153.8389,36.423,217
1122,344.2627,74705,123.525,474,119.07,153.4806,36.6374,217
1123,343.1651,74810,122.375,470,119.6,153.913,36.496,218
1124,346.8945,75623,123.175,462,119.55,153.5659,36.3685,218
1125,344.3151,75405,121.9625,454,118.99,153.9251,36.0339,219
1126,345.2581,74921,122.3375,480,119.55,153.758,36.1483,217
1127,345.1409,75931,122.4,475,119.14,153.7817,36.2292,220
1128,345.8063,76769,123.3875,501,120.04,153.5237,36.4658,222
1129,348.1009,75886,121.7125,458,119.85,153.543,36.5079,218
1130,346.2903,75145,123.4,483,119.46,153.6745,36.0304,217
1131,344.945,75198,121.45,465,120.11,153.5239,36.4193,218
1132,344.6318,75819,124.125,459,120.02,153.6573,36.3059,220
1133,347.2166,75346,121.875,465,118.8,153.6502,36.3954,217
1134,343.509,76259,122.8625,481,120.35,153.7671,36.3406,222
1135,343.8203,74609,122.8,464,120.27,153.7357,36.3848,217
1136,344.1889,74689,123.3375,455,120.79,153.6945,36.3467,217
1137,343.8063,76325,122.2625,455,119.02,153.6119,36.5224,222
1138,344.5727,75806,122.2,460,119.77,153.8072,36.2782,220
1139,342.5963,74686,124.05,458,120.62,153.4843,36.1986,218
1140,341.8018,75880,121.575,461,118.85,153.8761,36.0358,222
1141,346.1101,75452,124.4,512,120.26,153.7926,36.1161,218
1142,341.7169,74836,121.625,454,118.89,153.7128,36.1533,219
1143,342.7773,75411,121.3375,464,119.71,153.9993,36.3701,220
1144,343.2627,74488,123.275,467,119.09,153.7704,36.2501,217
1145,341.8899,74532,122.95,474,120.83,153.7238,36.308,218
1146,342.2785,74959,123.9625,451,120.18,153.9239,36.2513,219
1147,342.0181,75586,122.3125,441,119.39,153.8766,36.3884,221
1148,340.553,73900,120.75,439,121.03,153.8773,36.1638,217
1149,342.8532,74742,121.1625,457,119.61,153.6417,36.2387,218
1150,340.8571,73966,121.9125,470,119.53,154.0004,36.0971,217
1151,337.0461,73139,122.875,459,119.53,153.7385,36.3349,217
1152,344.0553,74660,123.2625,476,121.26,153.9725,36.1208,217
1153,345.341,74939,123.1375,489,120.6,153.8019,36.1936,217
1154,339.945,74108,123.525,468,119.24,153.8211,36.4607,218
1155,343.4201,75209,124.3,497,120.4,153.9553,36.2887,219
1156,339.9862,74117,122.825,491,118.46,154.0547,36.4256,218
1157,340.129,73808,122.7375,466,120.22,153.7584,36.3551,217
1158,346.1889,75123,122.775,489,119.85,153.6771,36.1046,217
1159,344.0594,75349,121.4125,468,120.46,153.4388,36.1961,219
1160,343.4332,74525,120.9375,442,120.09,154.0261,36.0167,217
1161,338.4389,74795,122.0125,470,119.03,153.91,36.2851,221
1162,342.6682,74359,123.325,461,121.23,153.857,36.2975,217
1163,341.5046,74448,120.7375,460,119.85,153.6403,36.6148,218
1164,339.789,74074,122.7,474,120.82,153.6086,36.037,218
1165,340.1514,74153,123.425,449,119.42,153.6586,36.3589,218
1166,340.1091,74824,122.2625,450,121.06,153.8911,36.21,220
1167,345.7189,75021,122.2,495,119.58,154.0272,36.2174,217
1168,340.032,74467,122.2875,468,119.48,153.7896,36.1572,219
1169,342.4566,74998,121.525,465,118.96,153.8477,36.1573,219
1170,339.1009,73924,122.2,495,118.73,153.711,36.4977,218
1171,339.8091,74758,121.3125,475,118.43,153.6579,36.2959,220
1172,339.0229,73907,123.4875,469,119.15,153.9901,36.2146,218
1173,337.0409,74149,122.4,447,120.54,153.7222,36.2934,220
1174,339.6941,74393,123.1,452,121.02,153.8576,36.3625,219
1175,337.8349,73648,122.4,442,118.69,153.8111,36.1419,218
1176,339.9459,75468,122.2,476,119.29,153.9442,36.2294,222
1177,338.9171,73545,122.375,453,121.01,153.8598,36.3475,217
1178,341.2156,74385,121.45,477,119.36,153.8914,36.2823,218
1179,339.3073,73969,123.2125,474,119.14,153.7617,36.184,218
1180,339.2339,73953,122.4,453,119.43,153.6787,36.4792,218
1181,338.0922,73366,121.825,461,119.4,153.8387,36.2045,217
1182,338.5182,74474,122.975,438,120.77,153.6134,36.2764,220
1183,338.1336,73375,121.725,451,118.75,153.9713,36.1639,217
1184,337.9136,74341,122.8,452,119.97,153.9934,36.3314,220
1185,336.9355,73115,122.225,479,118.91,153.7799,36.1082,217
1186,337.1538,74511,123.175,469,121.14,153.7992,36.6247,221
1187,339.2661,73960,123.0875,473,121.22,153.6605,36.4256,218
1188,338.1152,73371,121.625,442,119.18,153.7538,36.1778,217
1189,337.4147,73219,122.4875,461,119.08,153.7,36.2287,217
1190,337.3288,73875,123.6375,447,119.71,153.9121,36.2489,219
1191,338.7327,73505,123.1375,446,118.17,153.5733,36.1576,217
1192,334.8028,72987,122.8125,460,119.35,153.8548,36.3096,218
1193,336.7982,73422,122,476,118.61,153.8356,36.441,218
1194,334.8733,74007,123.2,450,121.31,153.8716,36.4276,221
1195,336.659,73055,121.8375,462,118.46,154.0309,36.4501,217
1196,337.6774,73276,120.8875,463,118.7,153.5282,36.8417,217
1197,336.9498,73792,122.2625,479,118.6,153.9671,36.1682,219
1198,335.7091,73856,123.775,448,120.22,153.4624,36.756,220
1199,337.633,73604,122.4,461,119.58,153.8038,36.1901,218
1200,336.212,72958,121.5,477,119.05,154.1378,36.0505,217
1201,335.6009,73161,122.1125,479,119.21,153.7061,36.3711,218
1202,336.9495,73455,122.0375,461,118.91,154.0629,36.0739,218
1203,339.6959,73714,124.3,449,119.78,153.7971,36.2946,217
1204,336.1147,73273,121.6375,451,119.3,153.6064,36.3991,218
1205,337.1826,73843,123.4625,464,119.42,153.7997,36.6798,219
1206,337.6866,73278,122.5,454,120.99,153.8209,36.2064,217
1207,339.0276,73569,122.7125,467,119.55,153.9029,36.377,217
1208,339.7717,74410,122.075,457,120.71,153.9288,36.3209,219
1209,338.3394,73758,121.575,455,119.61,154.2364,36.1385,218
1210,336.8402,73768,122.6125,451,120.89,153.5831,36.5058,219
1211,337.0543,74489,122.9875,482,118.97,153.9904,36.2744,221
1212,340.1651,74156,121.4375,475,118.36,154.1479,36.3028,218
1213,342.8664,74402,123.85,442,120.58,153.7546,36.5536,217
1214,341.1651,74374,121.75,468,119.11,154.1297,36.1904,218
1215,345.3899,75295,120.9875,451,118.86,153.688,36.2235,218
1216,346.2615,75485,122.125,484,118.47,154.3608,35.9298,218
1217,343.2581,74487,122.5,456,119.26,153.9195,36.2989,217
1218,345.1324,75584,122.0875,456,119.7,153.8552,36.5866,219
1219,341.8807,74530,121.7375,441,118.95,154.0411,36.0045,218
1220,344.1351,76398,121.875,464,119.05,153.6916,36.0531,222
1221,344.9863,75552,123.3625,451,120.17,153.8966,36.4884,219
1222,342.3318,74286,122.0625,463,118.49,153.7738,36.4579,217
1223,343.844,74958,122.775,482,121.15,154.31,35.8502,218
1224,340.157,75855,122.25,465,119.9,153.7894,36.2839,223
1225,343.8486,74959,122.1125,483,119.85,154.0133,36.4754,218
1226,337.576,73254,123.075,442,120.95,153.6251,36.3697,217
1227,343,74774,124.075,461,120.87,153.9043,36.3113,218
1228,342.4793,74318,122,461,118.73,153.911,36.1936,217
1229,341.3242,74750,122.8125,454,120.16,153.9059,36.2632,219
1230,339.0727,74596,121,452,118.9,153.8175,36.3202,220
1231,339.4521,74340,122.4875,439,120.34,153.9131,36.4608,219
1232,342.0922,74234,122.4125,440,119.5,154.1563,36.0931,217
1233,341.3134,74065,122.55,441,120.26,153.7235,36.5844,217
1234,342.4954,74664,123.1125,465,120.42,153.8978,36.2889,218
1235,340.6697,74266,122.4625,449,118.08,153.8948,36.2781,218
1236,339.8311,74423,120.95,480,120.29,153.6409,36.3013,219
1237,342.4562,74313,122.75,444,119.51,153.9768,36.0421,217
1238,340.4977,74569,123.25,452,119.98,153.892,36.3692,219
1239,341.8416,75547,121.4625,478,119.7,153.9785,36.3709,221
1240,339.5367,74019,121.95,443,118.4,153.9127,36.4193,218
1241,339.4654,73664,121.4875,463,119.01,153.9707,36.2468,217
1242,341.5046,74448,121.9,458,118.6,153.6431,36.5365,218
1243,342.0184,74218,121.5125,490,118.29,154.0235,36.1506,217
1244,337.7928,74990,124.4875,439,120.02,153.8641,36.4304,222
1245,339.6406,73702,121.925,447,119.7,153.8241,36.2072,217
1246,338.9862,73560,121.375,453,120.13,153.928,36.3866,217
1247,338.1244,73373,122.45,457,119.18,153.7696,36.2947,217
1248,336.8909,74116,123.0625,446,119.35,153.7923,36.4284,220
1249,335.1651,73066,121.4875,499,119.59,153.4469,36.6713,218
1250,336.7032,73738,122.5,473,118.65,154.0852,36.2892,219
1251,340.0092,73782,124.125,443,119.85,153.6837,36.1658,217
1252,338.7604,73511,123.2125,462,119.83,153.7697,36.3013,217
1253,337.2727,74200,123.2875,442,119.76,153.6511,36.3458,220
1254,340.6313,73917,121.9125,453,119.3,154.0031,36.4686,217
1255,338.1937,75079,121.4375,459,119.21,153.8242,36.3629,222
1256,344.894,74842,122.6375,447,120.72,153.5774,36.4269,217
1257,337.8507,74665,121.6125,449,119.26,153.6744,36.3527,221
1258,339.13,75626,123.5375,471,118.75,153.7355,36.4633,223
1259,340.0505,74131,122.75,468,118.31,153.7025,36.4712,218
1260,337.5688,73590,122.65,473,119.2,153.8745,36.3488,218
1261,338.5845,74150,122.8375,461,119.18,153.8449,36.4464,219
1262,334.3909,73566,122.475,439,119.86,153.8914,36.1059,220
1263,337.0734,73482,122.175,439,119.59,153.5671,36.4087,218
1264,336.2719,72971,122.0875,445,118.98,153.8281,36.4452,217
1265,336.9587,73457,122.425,447,120.78,154.0632,36.5127,218
1266,338.8211,73863,123.5875,444,119.21,153.7704,36.3082,218
1267,335.3184,74776,121.8375,453,120.26,153.9343,36.25,223
1268,340.1613,73815,122.2875,453,119.77,153.9894,35.8539,217
1269,338.4344,74794,123.4625,472,118.68,153.5145,36.0515,221
1270,336.1757,74631,123.05,452,120.27,153.7632,36.1861,222
1271,339.3073,73969,122.0875,440,118.33,153.9532,36.2147,218
1272,334.5708,73271,122.275,436,120.89,153.7184,36.389,219
1273,336.2385,73300,121.3625,489,119,153.6001,36.304,218
1274,339.621,74377,123.325,435,120.02,153.751,36.5061,219
1275,338.2661,73742,124.025,451,121.2,153.5129,36.464,218
1276,338.344,73759,122.45,443,119.14,153.7613,36.3658,218
1277,337.0411,73812,122.75,465,120.45,153.4093,36.3511,219
1278,338.4201,74114,122.6625,436,119.85,153.601,36.4806,219
1279,337.7018,73619,122.15,460,120.15,153.8484,36.4223,218
1280,335.4055,72783,122.975,449,118.73,153.6915,36.1151,217
1281,335.3687,72775,122.6875,437,119.06,153.9449,36.3136,217
1282,337.8778,74671,123.3,468,118.6,153.7748,36.2388,221
1283,337.553,73249,120.8625,452,119.33,153.9223,36.1976,217
1284,337.3425,73878,122.3375,443,120.4,153.7767,36.5223,219
1285,336.6774,73059,121.825,468,120.23,153.7964,36.2123,217
1286,335.7281,72853,121.45,423,119.03,153.5803,36.3513,217
1287,335.8479,72879,122.3375,446,118.45,153.8347,36.4196,217
1288,338.8756,73536,123.5125,447,120.55,153.8981,36.1135,217
1289,336.4795,73689,122.3125,451,119.15,153.5299,36.2043,219
1290,341.7696,74164,122.5125,462,121.02,153.7364,35.7785,217
1291,336.3139,74998,121.925,450,120.07,153.6064,36.0255,223
1292,336.2844,73310,123.6625,429,119.94,153.7284,36.4326,218
1293,336.8009,74433,121.8875,441,120.29,153.864,36.2372,221
1294,339.1935,73605,123.35,425,120.93,153.8958,36.1697,217
1295,336.5811,74721,123.5375,450,121.09,153.6552,36.1269,222
1296,336.3853,73332,121.95,456,120.1,153.6094,36.5366,218
1297,335.2044,75421,122.4,425,121.18,153.7523,36.255,225
1298,335.2949,72759,122.75,462,119.77,153.5518,36.3509,217
1299,333.84,75114,122.8125,472,121.04,153.5735,36.2951,225
1300,336.6959,73063,122.9,427,121.56,153.7505,35.9616,217
1301,335.3182,73770,123.3625,455,119.36,153.5347,36.1671,220
1302,335.8157,72872,121.875,455,119.89,153.9169,36.2123,217
1303,336.6091,74054,122.8125,453,121.22,153.8033,35.8786,220
1304,338.318,73415,122.85,439,119.85,153.9496,36.1425,217
1305,334.2212,72526,123.4375,439,119.94,154.0043,36.1377,217
1306,337.3272,73200,123.3,449,118.88,153.8661,36.3836,217
1307,337.1514,73499,122.45,434,118.22,154.0716,36.1413,218
1308,336.2949,72976,123.3875,440,121.26,153.7123,36.4055,217
1309,334.4189,74241,120.7125,438,119.88,153.8732,36.1851,222
1310,336.0783,72929,121.3375,452,118.96,154.0811,36.1401,217
1311,336.9401,73116,123.0875,458,121.18,153.884,36.1358,217
1312,336.8341,73093,121.275,451,119.2,153.9552,35.9243,217
1313,338.8455,74546,122.1125,447,120.1,153.6933,36.4679,220
1314,335.977,72907,123.8375,447,118.58,154.0675,36.0802,217
1315,335.0856,74389,122.7125,450,119.12,153.7996,36.3323,222
1316,336.5045,74031,122.75,432,120.51,153.5087,36.2422,220
1317,334.3455,73556,121.975,466,119.56,153.7197,36.4528,220
1318,336.0183,73588,122.0625,436,118.21,153.8711,36.132,219
1319,338.1889,73387,121.2875,438,118.39,153.9335,35.9117,217
1320,335.6652,74182,122.2125,436,120.02,153.9099,36.1142,221
1321,334.5342,73263,121.925,428,118.87,153.7595,36.3598,219
1322,334.2569,72868,123,429,119.6,153.8675,36.2259,218
1323,336.3088,72979,121.2625,448,119.64,154.0578,36.2535,217
1324,336.9498,73792,123.1625,433,120.28,154.0393,36.3267,219
1325,333.85,73447,122.3125,440,119.7,153.8875,36.2401,220
1326,333.8933,75126,123.5125,450,119.4,154.0071,36.3148,225
1327,336.5092,73359,123.175,431,120.83,153.9553,36.2976,218
1328,332.3945,72462,121.5,431,120.12,153.7838,36.289,218
1329,333.5229,72708,120.8625,435,119.71,154.1071,35.7066,218
1330,332.3836,72792,122.2125,438,118.69,154.0106,35.9709,219
1331,334.0138,72815,121.1,437,117.51,153.8569,35.9826,218
1332,332.8111,72220,122.0125,431,119.14,153.8184,36.404,217
1333,334.1045,73503,121.4125,432,120.09,154.0615,36.2568,220
1334,332.1031,74059,122.875,440,120.08,153.6116,36.4374,223
1335,333.0136,73263,122.3375,429,119.36,154.2138,36.2706,220
1336,332.3151,72777,122.925,412,120,153.5636,36.6127,219
1337,330.558,74045,122.6,457,118.14,153.8814,36.334,224
1338,331.8807,72350,120.2,462,118.95,154.1369,35.9157,218
1339,331.1972,72201,122.0625,422,120.25,153.794,36.5093,218
1340,332.5367,72493,122.6125,431,120.35,153.8112,36.2136,218
1341,332.9955,73259,124.9375,450,120.26,154.108,36.2328,220
1342,333.9633,72804,123.775,430,120.1,153.7891,36.3074,218
1343,333.1005,72949,122.925,454,119.17,154.1807,36.138,219
1344,336.1106,72936,122.8625,438,119.44,153.8682,36.3979,217
1345,334.0502,73157,121.45,457,121.23,153.8621,36.4784,219
1346,333.8394,72777,121.9875,439,119.09,154.01,36.3374,218
1347,332.4409,73137,122.6125,417,119.5,153.4861,36.5262,220
1348,333.3242,72998,120.0125,438,118.98,153.9906,36.5309,219
1349,333.8265,73108,121.45,443,118.46,153.4177,36.3641,219
1350,337.0922,73149,121.225,428,118.51,153.9676,36.1876,217
1351,338.1797,73385,121.5875,447,119.41,154.0463,36.439,217
1352,339.5576,73684,123.3375,438,120.4,153.403,36.4363,217
1353,336.1963,73627,121.3125,448,119.07,153.9137,36.3438,219
1354,336.7294,73407,123.9,431,120.6,153.4493,36.3539,218
1355,336.1892,74634,121.8625,442,119.14,153.8728,36.3385,222
1356,334.2857,72540,121.825,466,120.12,153.9039,36.2634,217
1357,335.4194,72786,122.3125,436,119.44,154.2233,36.2944,217
1358,336.1261,74620,123.5625,428,119.72,153.6828,36.1973,222
1359,334.2432,74202,122.4125,450,119.59,153.7329,36.2677,222
1360,333.8716,72784,122.05,444,118.97,153.8612,36.3626,218
1361,335.0276,72701,122.0125,463,119.87,153.8462,36.4717,217
1362,335.274,73425,121.7375,436,118.44,153.6419,36.5911,219
1363,334.2523,72867,123.5375,443,119.27,153.9011,36.3505,218
1364,334.3857,74568,124,453,120.15,153.6881,36.4189,223
1365,329.894,71587,121.4625,444,119.06,153.9285,36.2823,217
1366,333.0275,72600,122.025,452,118.69,153.4574,36.4749,218
1367,335.0818,73718,121.95,435,119.29,153.9166,36.2631,220
1368,333.1818,73300,122.45,432,119.79,153.6371,36.2532,220
1369,333.589,73056,121.95,439,118.37,153.9408,36.1435,219
1370,336.0507,72923,123.775,449,121.56,154.0101,35.8873,217
1371,332.6468,72517,121.8,431,119.7,153.6614,36.2693,218
1372,334.7511,73980,123.15,459,120.91,153.7982,36.5023,221
1373,331.9361,72694,120.275,421,118.45,153.665,36.622,219
1374,335.2615,73087,123.175,448,120.42,153.6729,36.6177,218
1375,333.8864,73455,122,435,120.52,153.6505,36.0163,220
1376,332.6927,72527,121.975,452,120.19,153.8185,36.4119,218
1377,332.1521,72077,122.7875,429,119.97,153.9122,36.0357,217
1378,333.3303,72666,122.725,472,120.67,153.3742,36.2541,218
1379,331.2949,71891,122.2875,431,118.56,153.6161,36.56,217
1380,330.7936,72113,121.975,421,119.37,153.7624,36.4217,218
1381,330.4064,72359,122.3125,422,119.36,153.8516,36.5745,219
1382,329.1131,72734,120.2875,438,119.38,153.7001,36.2524,221
1383,331.3562,72567,121.8625,435,120.5,153.8784,36.3364,219
1384,328.5183,71617,123.35,421,120.85,153.7217,36.3859,218
1385,331.2202,72206,123.6375,431,119.54,153.6979,36.195,218
1386,329.6996,73523,123.8375,431,120.01,153.6964,36.1869,223
1387,327.3575,72346,122.875,419,121.04,153.7112,36.1562,221
1388,328.3455,72236,120.9375,417,119.31,153.5049,36.5508,220
1389,328.5115,71287,122.9875,434,120.36,153.598,36.584,217
1390,328.8249,71355,122.8625,443,120.13,153.8614,36.4509,217
1391,329.4358,71817,122.0125,423,118.62,153.9354,36.0042,218
1392,325.638,71966,121.825,423,118.12,153.418,36.8801,221
1393,327.7169,71770,121.75,438,119.18,153.6538,36.2162,219
1394,328.6895,71983,122.0125,437,119.85,153.9208,36.4139,219
1395,327.3779,71041,122.4375,418,120.06,153.7905,36.6916,217
1396,325,71175,122.7125,433,119.48,153.7821,36.4827,219
1397,327.1982,71002,122.15,427,119.23,153.5666,36.3055,217
1398,324.4793,70412,121.3875,415,118.43,153.7314,36.2889,217
1399,324.8959,71802,121.4625,438,119.44,153.6495,36.3377,221
1400,323.9406,70943,122.55,406,119.38,153.851,36.361,219
1401,325.4608,70625,122.9625,436,120.04,153.8135,36.4221,217
1402,324.6804,71105,123.0625,439,120.54,153.7385,36.5527,219
1403,325.4101,70614,122.4125,415,119.69,153.5164,36.5436,217
1404,324.3871,70392,122.075,424,120.1,153.837,36.2346,217
1405,322.2973,71550,122.3125,412,119.78,154.1091,36.4204,222
1406,323.276,71444,124.3125,424,119.4,153.5199,36.2803,221
1407,324.5545,71402,121.6,434,120.05,153.8604,36.4836,220
1408,323.8636,71250,122.8125,429,118.9,153.886,36.5017,220
1409,323.9227,71263,122.075,413,118.71,154.0403,36.0874,220
1410,324.347,71032,121.025,424,119.15,153.6494,36.4254,219
1411,323.5434,70856,122.0125,414,119.7,154.0854,36.1697,219
1412,324.0461,70318,121.525,454,119.02,153.9908,36.1393,217
1413,322.3333,72525,123.2375,404,119.34,153.6349,36.5568,225
1414,326.4747,70845,123.0625,431,119.93,153.6393,36.3362,217
1415,325.9217,70725,122.075,423,119.09,153.8427,36.5304,217
1416,323.4358,70509,122.5125,419,118.99,153.9125,36.3405,218
1417,326.5668,70865,125.025,417,119.51,153.3212,36.6066,217
1418,322.6743,70343,121.675,413,119.18,153.9879,36.1745,218
1419,323.3594,70169,122.3125,403,119.52,154.0286,36.3819,217
1420,322.424,69966,124.425,413,119.25,153.594,36.4982,217
1421,323.6606,70558,124.225,430,120.42,153.7328,36.1817,218
1422,320.8493,70266,120.3875,407,118.49,153.6483,36.466,219
1423,323.3682,71141,121.725,429,119.06,153.8751,36.1984,220
1424,324.867,70821,121.625,454,119.12,153.9919,36.5284,218
1425,321.8165,70156,124.6875,404,119.36,154.2047,36.3508,218
1426,324.4,71368,120.775,404,118.63,153.8224,36.2824,220
1427,326.212,70788,123.8125,451,120.44,154.0529,36.225,217
1428,324,70956,121.9,410,119.41,153.9235,36.0121,219
1429,324.0457,70966,120.9,408,119.51,153.7738,36.2261,219
1430,323.1797,70130,123.6875,432,119.57,153.8697,36.5186,217
1431,322.1935,69916,120.7875,427,119.66,153.7103,36.3353,217
1432,325.4839,70630,122.0875,432,118.86,154.0044,36.1839,217
1433,324.8807,70824,123.425,437,120.08,153.7288,36.5989,218
1434,321.3032,71008,122.225,416,121.13,154.1164,36.3692,221
1435,325.6406,70664,123.225,439,120.36,154.0747,36.0945,217
1436,324.5734,70757,123.125,427,118.73,154.1029,36.0351,218
1437,322.2811,69935,122.075,407,120.09,154.0901,36.1391,217
1438,323.3578,70492,123.8625,439,119.79,153.8068,36.5234,218
1439,322.7123,70674,122.05,405,119.82,153.7866,36.5765,219
1440,324.3665,71685,122.1875,424,120.81,153.9172,36.7405,221
1441,323.5227,71175,121.5,413,118.86,154.2381,36.2307,220
1442,325.105,71198,123.425,417,118.3,153.8395,36.6109,219
1443,324.0273,71286,123.8,424,118.99,153.9024,36.4129,220
1444,324.1273,71308,122.5875,418,119.67,153.815,36.3157,220
1445,322.8486,70381,122.0625,435,120.65,153.7153,36.5005,218
1446,321.5909,70750,122.925,409,119.2,153.918,36.3282,220
1447,323.6866,70240,122.2,424,118.6,153.9517,36.2702,217
1448,325.5069,70635,122.625,429,120.11,153.4089,36.3062,217
1449,320.1937,71083,122.9875,412,120.02,154.2569,36.5381,222
1450,323.6452,70231,121.6875,433,120.13,153.3926,36.4413,217
1451,324.6221,70443,122.375,430,120.62,154.1455,35.9968,217
1452,322.036,71492,121.5625,404,119.28,153.5719,36.2535,222
1453,322.9545,71050,122.1625,404,119.67,153.8789,36.5405,220
1454,321.7306,70459,123.8,417,118.86,153.5349,36.5876,219
1455,322.4932,70626,122.7875,424,119.12,153.9531,36.2906,219
1456,324.023,70313,123.525,412,118.3,153.7,36.5042,217
1457,322.1475,69906,123.1,424,119.46,153.8345,36.2419,217
1458,321.2212,69705,121.4,399,118.96,154.0156,36.2552,217
1459,322.0413,70205,122.2875,419,119.81,153.5981,36.3274,218
1460,323.4364,71156,121.8,423,119.57,153.7767,36.7169,220
1461,321.3516,70376,121.5625,420,119.07,154.2145,36.2817,219
1462,323.9355,70294,122.9375,401,119.14,153.8164,36.3692,217
1463,320.9593,70932,121.7,442,119.01,153.708,36.7115,221
1464,321.9725,70190,123.0875,412,119.71,153.8052,36.2976,218
1465,320.212,69486,122.825,414,119.41,153.5917,36.5135,217
1466,322.7169,70675,123.25,411,118.42,153.768,36.199,219
1467,321.7752,70147,121.9875,405,118.73,153.6623,36.7209,218
1468,321.0818,70638,122.8625,417,119.5,153.6009,36.6914,220
1469,320.1239,69787,122.275,407,119.69,153.7418,36.1902,218
1470,320.1239,69787,123.0875,425,119.03,153.7745,36.4531,218
1471,320.5484,69559,121.8875,410,119.64,153.9382,35.8976,217
1472,321.0822,70317,121.075,407,119.55,154.0188,36.5554,219
1473,323.8578,70601,123.4,413,119.06,153.9656,36.1846,218
1474,317.8341,68970,122.6,404,118.67,153.7559,36.509,217
1475,320.9908,69976,122.5125,420,119.22,153.8765,36.4691,218
1476,320.9585,69648,122.675,419,121.26,153.8856,36.3402,217
1477,322.1935,69916,121.4125,418,118.39,153.5924,36.34,217
1478,318.7327,69165,121.425,429,118.87,154.0013,36.5606,217
1479,319.9677,69433,122.2125,409,120.43,153.8507,36.3568,217
1480,320.1403,70751,120.2125,411,118.98,153.9387,36.3746,221
1481,319.3955,70267,121.4375,407,119.62,153.9334,36.5859,220
1482,319.8333,71003,121.925,445,119.67,153.5996,36.6111,222
1483,316,70468,121.25,439,119.34,153.8334,36.3029,223
1484,318.1614,70950,121.825,406,120.55,153.8015,36.2732,223
1485,321.1,70642,123.175,396,119.3,153.8191,36.3583,220
1486,317.5227,69855,123.1375,414,119.38,153.9118,36.5055,220
1487,318.0599,69019,122.8125,408,118.07,153.7946,36.3208,217
1488,316.1136,69545,122.275,407,118.48,153.4529,36.6987,220
1489,317.0271,70063,121.9125,396,118.11,153.7464,36.6088,221
1490,319.633,69680,122.125,404,119.73,153.6791,36.4424,218
1491,319.9217,69423,121.0875,412,120.17,153.5734,36.6562,217
1492,321.3108,71331,123.225,421,119.98,154.0055,36.5212,222
1493,320.4189,71133,123.175,403,118.97,154.0195,36.5129,222
1494,321.553,69777,122.0375,427,118.71,153.8563,36.2709,217
1495,322.8486,70381,121.8125,409,120.88,153.278,36.3988,218
1496,321.267,71000,121.0375,445,119.96,153.9276,36.285,221
1497,321.8721,70490,121.1875,418,120.51,154.1292,36.4895,219
1498,320.8848,69632,122.1625,405,119.97,153.7964,36.6101,217
1499,323.3486,70490,123.5125,411,120.29,153.8843,36.5426,218
1500,318.2986,70344,120.6625,414,118.51,153.928,36.2558,221
