1,213.1925,79734,135.0375,318,134.3,76.9516,45.4337,374
2,212.9843,81573,135.225,329,134.9,77.4574,44.9412,383
3,212.1492,81041,134.9375,340,133.52,77.2521,44.9515,382
4,210.8895,82036,135.7375,327,133.42,77.676,45.1297,389
5,210.4741,81243,135.1875,321,133.55,77.2699,44.805,386
6,212.3773,80491,135.8125,339,133.36,77.3669,45.1113,379
7,210.5366,80425,133.7375,336,135.43,77.5323,44.8991,382
8,207.8273,97471,135.7375,327,134.42,73.1455,44.8099,469
9,210.7583,82828,136.5375,350,135.25,77.4377,44.9658,393
10,212.3273,81746,136.025,338,135.58,76.9509,44.588,385
11,210.7552,80930,134,329,135.63,77.0518,45.0047,384
12,212.2573,80021,135.4625,335,133.37,77.4021,45.2964,377
13,211.3947,80330,134.4125,337,135.7,77.1727,44.7853,380
14,213.4706,79838,134.15,340,134.1,77.3075,45.0136,374
15,213.3467,80005,136.1875,336,133.73,77.0108,44.7663,375
16,212.68,79755,134.6375,334,133.93,77.3604,45.0807,375
17,211.5953,81041,133.3625,334,135.07,77.1909,44.7115,383
18,212.1352,83157,135.1625,331,133.76,77.3353,45.3023,392
19,211.6596,79584,134.925,318,133.44,77.3169,45.1222,376
20,212.2665,80449,135.5125,320,132.93,76.9654,45.1197,379
21,212.8194,81297,135.5375,339,135.73,76.9517,44.605,382
22,211.7943,81329,133.3875,342,133.15,77.2033,44.9463,384
23,213.5239,80285,135.4625,387,133.33,77.0583,44.8481,376
24,213.6237,81177,133.9625,352,133.97,77.4627,44.676,380
25,211.6354,81268,133.0375,329,131.97,77.8441,45.0965,384
26,212.9476,81346,134.5125,338,133.98,77.0902,44.9221,382
27,211.2618,80702,133.7375,320,133.76,77.734,44.8885,382
28,211.7066,82989,134.9,338,133.89,77.5218,45.0632,392
29,211.8093,82182,136.125,341,134.47,77.7659,45.1047,388
30,211.5399,79539,135.775,324,134.25,77.3776,44.6564,376
31,211.5707,80820,135.1125,333,133.38,77.8353,45.0708,382
32,212.6273,81011,136.65,365,134.26,77.0232,45.2567,381
33,211.81,80276,135.05,326,132.19,77.3125,45.4654,379
34,211.1387,79177,135.0125,329,133.58,77.2765,44.9262,375
35,212.9601,80073,135.4875,328,134.14,77.5771,45.2705,376
36,212.9278,79635,134.8125,319,133.4,77.2038,44.5824,374
37,211.199,81734,134.875,333,135.25,77.4367,45.3471,387
38,211.7177,80241,135.9875,335,132.96,77.4515,45.1832,379
39,211.0882,78947,136.1125,339,134.11,77.1588,45.119,374
40,211.4399,82673,133.7,334,132.25,77.1681,44.9998,391
41,209.7684,79712,134.6125,345,133.78,77.0759,44.6045,380
42,212.4548,79883,135.6125,326,134.6,77.1366,44.8927,376
43,213.6436,80330,135.5375,336,134.3,77.2102,44.7614,376
44,211.5926,79982,135.075,345,133.81,76.6642,44.5085,378
45,212.304,79614,135.725,340,133.25,77.0073,45.2121,375
46,211.7388,80249,136.5125,322,135.18,76.5438,44.6524,379
47,211.7421,80462,134.2625,319,133.39,76.9876,44.8348,380
48,211.3805,82227,135.1125,323,135.01,77.1736,45.1695,389
49,211.5729,81244,134.125,319,133.96,77.227,45.1154,384
50,211.0421,80196,134.85,328,134.34,77.0565,44.8439,380
51,211.8316,79225,134.1125,377,134.53,77.1253,44.9252,374
52,212.7349,81052,136.6,333,133.24,77.1022,44.8556,381
53,212.7664,81064,137.325,337,131.87,77.0433,45.305,381
54,209.4712,80018,134.35,321,134.82,77.0615,44.6762,382
55,210.6719,80266,135.35,338,133.61,77.2044,45.1896,381
56,210.7493,80717,134.675,326,133.2,77.0138,45.0671,383
57,212.8112,80017,133.2375,325,133.3,77.099,44.686,376
58,211.9013,79463,135.7875,331,134.96,76.8341,45.0949,375
59,211.0317,79981,134.1,334,134.36,77.3741,45.1848,379
60,211.3368,81576,135.3625,335,134.36,76.6919,44.8466,386
61,211.1037,79375,136.8,340,134.23,77.0602,45.122,376
62,212.1266,80396,135.4875,341,134.25,77.393,44.8314,379
63,211.6805,81497,134.925,342,134.23,77.3929,45.0151,385
64,213.1263,80988,134.875,348,135.19,76.896,45.2375,380
65,211.4924,83328,135.9375,341,134.96,77.1648,45.1942,394
66,212.2245,81282,134.65,350,135.09,76.6226,44.7568,383
67,213.8496,81049,134.075,329,133.73,77.4882,44.8746,379
68,212.8877,79620,133.8375,315,134.1,77.3793,45.4501,374
69,209.9116,90262,135.6375,333,133.97,73.7264,44.4594,430
70,212.7857,80433,133.7875,325,133.41,77.072,44.9102,378
71,211.7394,79614,134.25,315,132.72,76.9457,44.6518,376
72,214.1043,80075,135.6875,341,133.81,77.215,45.1301,374
73,211.5233,81648,135.4625,333,133.82,77.3675,45.2321,386
74,212.4512,80519,135.7875,324,134.45,77.4753,44.8894,379
75,213.3545,80648,135.175,355,134.14,77.0074,45.0195,378
76,212.2213,79583,134.5875,325,133.53,76.43,44.4257,375
77,212.5266,79910,135.0875,319,134.3,77.4147,45.0194,376
78,212.1941,79785,136.75,317,134.23,76.9828,45.0745,376
79,209.1058,83015,135.3875,334,133.88,76.8835,45.1217,397
80,213.032,79887,134,329,134.93,76.9544,44.859,375
81,211.4357,80557,137,322,132.86,77.4295,44.7531,381
82,213.3439,80644,136.2375,370,134.31,76.894,44.8223,378
83,212.2679,80025,134.725,323,134.25,77.1704,45.0659,377
84,209.3728,83121,135.85,345,133.5,77.2173,44.9086,397
85,207.5033,93584,135.0375,334,134.45,73.3765,44.9176,451
86,213.029,80738,132.9125,346,133.02,76.8035,44.4547,379
87,210.8688,80341,135.05,351,134.3,77.0612,44.7545,381
88,212.199,82121,134.7,321,134.86,77.3899,45.2344,387
89,211.5532,81448,135.1,325,133.99,77.3864,44.8446,385
90,211.984,79494,134.9625,338,134.26,76.9579,44.8557,375
91,211.4141,81183,134.1875,332,134.25,77.3421,44.9653,384
92,211.8556,79234,132.825,348,133.86,77.0754,45.0266,374
93,211.9868,80555,136.1125,324,133.58,77.318,44.6745,380
94,210.852,82654,134.6125,351,134.58,76.6156,44.9209,392
95,213.056,79896,134.35,330,134.78,77.186,44.5949,375
96,213.6658,79911,136.3875,332,132.63,76.6117,44.79,374
97,211.0864,80635,133.875,320,133.28,76.8587,45.1722,382
98,212.6325,81013,132.9375,344,133.18,77.3223,45.1516,381
99,211.9286,80109,136.425,343,133.95,77.3175,45.0197,378
100,212.5395,80765,135.6,339,133.36,77.1842,45.2374,380
101,210.1403,80904,134.625,350,134.04,77.2081,45.0102,385
102,212.1467,79555,135.6375,338,133.91,76.5028,44.951,375
103,211.6197,79569,133.875,353,134.61,76.9389,44.811,376
104,212.9064,79627,135.6625,350,133.4,76.9057,45.2772,374
105,212.9413,79853,134.75,328,134.06,77.2394,44.8044,375
106,210.9948,80811,133.5,335,132.49,77.26,44.9674,383
107,210.5609,82961,134.5375,329,133.52,77.2324,45.0724,394
108,213.5106,80707,135.45,335,133.56,77.1502,45.0367,378
109,214.0507,80269,135.1125,343,133.71,77.22,44.9005,375
110,211.9974,80559,133.7375,331,133.96,77.2913,44.9185,380
111,210.8915,81615,134.6625,324,133.47,77.4853,44.7987,387
112,212.0846,82713,133.825,326,134.07,77.1726,45.2438,390
113,211.9947,79710,134.1625,337,133.4,77.156,44.7992,376
114,212.6423,81442,135.0875,344,134.05,76.9965,45.1031,383
115,211.1227,79171,134.275,322,133.99,77.2669,45.0322,375
116,212.845,82371,134.9,331,133.45,77.1842,44.8549,387
117,210.4974,80831,135.8,341,134.24,76.8803,44.7565,384
118,212.1806,81053,134.9,359,133.18,76.8847,45.0153,382
119,210.8005,82423,134.025,345,131.96,77.1975,44.7644,391
120,212.3852,80494,134.8375,344,133.61,76.9742,44.9208,379
121,212.9339,80489,135.9,356,134.97,77.1426,44.8284,378
122,212.208,79578,137.1875,319,132.9,77.1798,45.1042,375
123,210.0102,82744,133.4625,344,134.47,76.4795,44.9453,394
124,212.6408,82292,133.8625,337,133.67,76.833,44.9923,387
125,210.3384,83294,136.45,358,134.55,77.1446,44.7236,396
126,212.117,79756,135.625,343,134.31,76.9667,45.0168,376
127,212.3653,79637,135.3,353,134.05,76.8144,44.9692,375
128,212.6872,79545,134.8625,320,134.86,76.8056,44.779,374
129,211.9072,79889,134.05,318,134.01,76.5347,44.9058,377
130,212.5778,80567,135.875,319,134.58,77.299,44.8761,379
131,212.7789,80856,135.3,339,134.39,77.1281,45.1162,380
132,211.4644,80145,135.3125,328,133.04,77.1432,45.3778,379
133,211.5895,80404,133.7375,332,134.13,77.1912,44.805,380
134,212.6872,79545,134.0125,325,133.13,76.2374,44.9318,374
135,210.125,80688,135.575,334,133.2,77.3144,44.7148,384
136,210.3031,81177,134.5875,316,133.73,77.0066,44.8549,386
137,211.7368,80460,133.55,335,134.83,77.3851,45.1805,380
138,212.4855,80532,133.6375,342,134.04,76.8452,44.9905,379
139,210.2219,80515,134.1125,357,133.13,77.2027,45.0528,383
140,211.0838,80634,135.7,344,132.75,77.5667,45.3551,382
141,212.7968,80650,134.4125,325,132.38,76.8935,44.8533,379
142,212.8907,79834,133.925,328,133.47,76.3008,45.1651,375
143,210.1176,82156,135.775,344,132.58,76.7237,44.6945,391
144,210.5051,82939,135.8125,334,134.75,76.8963,45.1175,394
145,210.6927,80906,134.9625,326,133.41,77.0223,45.085,384
146,212.9335,80063,135.425,332,133.73,77.176,45.2378,376
147,211.3055,80930,136.7625,340,133.76,77.2098,45.018,383
148,209.272,80779,136.0625,333,134.53,77.0542,45.14,386
149,212.8883,80046,135.425,322,134.76,76.8974,44.9668,376
150,211.936,79476,136.4,319,132.76,77.1921,45.1225,375
151,212.0526,80580,132.95,337,132.86,77.1576,44.8325,380
152,211.958,80756,136.55,343,135.48,76.9479,44.9228,381
153,211.3422,79676,134.25,333,134.45,76.7726,44.6149,377
154,211.3128,79031,136,326,135.61,76.9827,44.523,374
155,210.312,82232,135.175,332,133.1,77.1166,44.9512,391
156,209.7959,81191,136.1375,322,133.13,76.8363,45.1266,387
157,211.3826,80114,134.2875,322,133.47,76.788,44.5355,379
158,209.8232,79523,135.2875,315,134.73,76.9336,45.0326,379
159,211.0989,78951,136.8,332,135.41,76.6539,44.679,374
160,209.9607,80205,133.8125,319,134.58,77.2242,45.0232,382
161,211.0952,79794,136.0375,320,133.2,77.2315,45.1536,378
162,210.5622,81277,135.575,331,133.79,76.7751,45.1127,386
163,211.0396,79984,135.9125,370,134.65,76.8915,44.7863,379
164,210.5593,81697,132.6375,325,133.51,77.1927,45.2645,388
165,210.7995,79893,135.95,332,134.75,77.0873,44.8729,379
166,210.3974,79951,136.2875,321,133.87,77.039,44.9186,380
167,211.6613,79373,136.5,329,133.71,76.6407,44.7924,375
168,212.4191,80082,134.85,345,135.13,76.8312,44.852,377
169,212.9545,79645,134.7,344,133.68,77.1149,45.2846,374
170,212.6658,81451,135.3125,324,132.35,77.0139,44.8803,383
171,214.0902,83067,137.3,351,132.45,77.0265,44.9759,388
172,214.2653,80778,134.625,326,134.22,77.132,44.9109,377
173,215.7106,83480,137.3375,329,134.17,77.1486,45.2457,387
174,214.545,81098,132.9875,333,133.98,76.5453,44.4335,378
175,216.7627,81286,136.525,346,133.29,77.1923,44.6701,375
176,216.1,82118,134.7875,366,132.86,76.6301,44.6308,380
177,218.8987,82087,135.3,370,134.09,76.7913,44.8157,375
178,219.7333,82400,135.475,352,135,76.6901,44.4286,375
179,219.1953,83075,134.4875,367,132.38,76.6369,45.0156,379
180,218.9602,82548,133.275,355,133.2,76.3471,44.5134,377
181,220.8478,84143,134.2,349,133.35,76.6036,44.8002,381
182,218.2202,84233,135.2125,353,134.37,76.9862,44.6785,386
183,217.8298,81904,133.525,351,134.75,76.7556,44.8231,376
184,219.1406,82616,134.3375,345,133.77,76.9882,44.8978,377
185,218.384,81894,135.35,344,132.78,76.538,44.765,375
186,218.1037,82007,134.3375,336,133.9,76.5563,44.457,376
187,216.5065,82922,136.15,341,134,76.848,44.4432,383
188,216.4226,82457,134.35,337,132.67,76.8443,44.8313,381
189,216.8734,82195,135.1125,340,133.77,77.0048,44.933,379
190,216.8325,84131,135.5875,367,133.08,76.959,44.8529,388
191,215.0939,84747,134.525,344,134.61,77.19,44.8023,394
192,215.6615,82814,135.1375,331,134.27,76.8846,45.0923,384
193,214.7251,82025,136.5125,341,133.77,77.2703,44.5515,382
194,213.1872,83143,134.9875,316,132.52,77.0791,44.8013,390
195,213.9793,82596,135.7125,352,135.07,76.9766,44.8709,386
196,214.4053,81474,136.7,346,134.44,76.7447,44.5672,380
197,214.6292,82203,135.6375,341,133.9,76.8061,44.7065,383
198,214.1309,81798,134.875,322,135.2,76.8031,45.1904,382
199,215.4259,81431,133.75,334,131.82,76.3999,44.5323,378
200,214.2316,81408,134.7875,327,135.36,76.7032,44.6163,380
201,212.4555,81158,134.725,330,132.68,76.658,45.0471,382
202,212.2583,82993,134.8375,338,134.01,76.4904,44.5587,391
203,214.6667,80500,135.425,342,133.83,77.2404,45.1418,375
204,213.8213,80183,132.825,367,134.27,77.076,44.8891,375
205,212.8478,81095,133.7125,340,133.89,77.0256,44.8902,381
206,213.0923,80762,136.1625,342,134.71,76.6113,44.8127,379
207,213,79662,133.9125,324,132.65,77.0714,44.938,374
208,211.4727,81417,135.3875,339,132.5,76.9315,44.9141,385
209,210.7028,83649,135.1375,338,133.91,76.384,44.6445,397
210,212.9687,81567,135.3,342,134.47,76.9976,44.908,383
211,213.7268,80575,135.2625,342,132.7,76.9527,44.7835,377
212,213.2527,80183,135.225,332,133.28,76.6441,44.9846,376
213,213.1895,81012,133.55,340,133.35,77.0653,45.0772,380
214,212.4245,81571,135.1125,334,133.94,77.1155,44.9516,384
215,210.3516,80775,134.475,349,133.88,76.873,44.7566,384
216,212.2891,80033,135.2625,332,133.55,76.7675,44.8165,377
217,212.1593,81257,134.1875,346,135.42,76.4282,44.6934,383
218,213.3369,79788,135.5625,346,133.31,76.882,44.7601,374
219,212.6,80788,135.325,340,133.27,77.4619,45.1107,380
220,211.484,79095,133.95,320,132.58,77.0224,44.8826,374
221,211.1305,80863,135.6125,348,133.72,77.0168,45.3158,383
222,211.5366,80807,136.525,349,133.49,76.8562,44.9119,382
223,211.9453,81387,135.875,318,135.43,76.7662,44.7925,384
224,210.3437,81403,134.3375,320,132.87,76.6033,44.6912,387
225,213.7701,79950,133.6375,336,134.2,76.8838,45.1673,374
226,210.2617,81161,135.3125,341,133.3,76.9184,45.146,386
227,211.5493,79331,134.3,325,134.29,76.7782,45.3306,375
228,211.7253,79397,135.475,347,133.61,76.7261,45.0083,375
229,211.6263,80418,135.45,329,133.51,76.2545,44.6276,380
230,212.5065,81390,135.825,318,131.73,76.8201,44.9689,383
231,210.8855,82878,134,351,132.59,76.763,44.6992,393
232,212.7273,79560,136.85,339,135.55,76.8688,44.7644,374
233,212.9947,80512,135.2875,342,134.29,76.7841,44.9397,378
234,211.723,80243,135.7625,340,133.77,77.1118,44.6576,379
235,210.0434,82337,135.8375,329,132.99,77.1548,45.0949,392
236,212.5455,81830,134.4,350,134.44,76.8574,44.551,385
237,213.6438,80971,135.55,337,134.57,76.5604,44.5117,379
238,212.3476,79418,132.675,327,133.74,77.0328,45.2196,374
239,213.2213,79958,135.275,335,132.78,76.578,44.6193,375
240,211.064,79149,133.625,332,132.88,76.6844,44.9479,375
241,211.9974,80559,134.15,341,134.19,76.5837,44.4973,380
242,211.5614,81028,134.6625,354,136.12,76.6517,44.9825,383
243,210.1371,82794,134.275,335,133.86,76.9556,44.9602,394
244,212.1932,81270,134.4625,323,135.39,76.7142,44.7657,383
245,211.0394,80406,135.1625,341,134.1,77.0601,44.9844,381
246,211.8235,79222,135.0375,325,134,76.8039,44.7376,374
247,211.1094,81066,135.9375,330,133.62,76.9054,44.6825,384
248,210.7672,88733,133.5,324,132.81,73.3973,44.6008,421
249,212.9251,79634,134.7375,334,133.47,77.0226,44.6895,374
250,209.559,81728,134.3125,329,134.47,76.7929,44.8487,390
251,212.4011,79438,133.3625,351,131.83,76.9172,45.04,374
252,212.0709,80799,134.4875,330,134.78,76.8059,45.035,381
253,213.0053,79664,132.85,320,134.42,76.9993,45.1574,374
254,212.2026,81698,134.75,332,133.4,77.0588,44.9498,385
255,213.0989,79699,135.1,330,132.09,76.7209,45.1425,374
256,212.3089,81102,135.25,330,133.3,76.6906,44.7854,382
257,214.1013,80288,134.075,367,134.21,76.8009,44.8416,375
258,214.3095,81009,133.775,317,133.62,77.1694,44.7036,378
259,214.4987,80866,135,349,134.28,77.1677,44.9862,377
260,214.3617,80600,135.2375,331,133.01,76.521,44.375,376
261,213.6114,82454,136.25,336,133.34,76.9603,45.0783,386
262,214.0561,80057,133.5125,337,133.97,76.603,44.6134,374
263,213.3963,80237,135.7125,340,135.13,76.3903,44.7128,376
264,213.5224,80925,135.1875,324,133.78,76.6754,44.7964,379
265,212.7789,80856,134.8,354,133.29,76.4852,44.4067,380
266,212.824,79809,134.65,347,134.47,76.4038,44.6527,375
267,211.9588,82240,134.25,337,133.77,76.8511,44.884,388
268,212.1701,82322,133.1625,355,134.31,77.0824,44.7349,388
269,209.5394,82349,136.65,337,132.14,76.6543,45.116,393
270,213.0633,80751,134.3375,337,134.49,77.066,45.0266,379
271,214.3708,82104,134.9125,342,134.72,77.021,45.0715,383
272,212.6684,80814,135.1125,338,133.53,76.9331,45.0711,380
273,212.9031,81329,135.4,332,134.03,76.5146,44.9753,382
274,212.7202,82110,136.125,354,134.62,76.9605,44.7294,386
275,211.7229,84054,134.2875,327,134.07,76.2807,44.8227,397
276,214.5916,81974,133.9375,361,133.49,77.0353,45.0198,382
277,214.8646,82508,135.4875,360,133.21,76.7033,44.6957,384
278,214.6214,82200,133.925,374,133.96,76.8836,44.7105,383
279,214.0151,85178,133.8875,344,134.8,76.6045,44.8486,398
280,215.1867,80695,135.6375,335,133.33,76.4551,44.8937,375
281,215.639,80649,136.725,331,134.66,76.8246,45.0093,374
282,215.9525,81846,136.35,328,133.88,76.8884,45.0167,379
283,214.0711,81347,136.4875,340,134.11,76.7682,45.295,380
284,215.1316,81750,136.675,339,133.99,76.7043,45.1524,380
285,214.1291,84581,135.025,336,134.05,77.0981,44.9815,395
286,216.3963,81365,134.55,372,134.08,76.6981,44.914,376
287,216.3263,82204,136.0125,344,132.96,76.8272,44.8094,380
288,212.1621,85077,134.6125,342,133.56,76.3155,44.9392,401
289,214.7684,81612,136.45,348,133.26,76.6563,44.592,380
290,213.6596,80336,134.4,324,132.25,76.1284,44.7548,376
291,214.3501,80810,135.2375,345,133.59,76.4239,44.5583,377
292,215.382,81199,134.6,344,135.17,76.4519,44.949,377
293,215.3482,82263,135.3875,325,135.06,76.6716,44.8988,382
294,213.2789,81046,134.2875,329,133.91,76.3774,44.7646,380
295,212.3,89166,135.025,352,132.88,72.9002,44.5234,420
296,213.0495,81811,135.15,326,134.27,76.3749,44.6872,384
297,213.256,79971,134.7375,358,134.13,76.2988,44.8441,375
298,214.7433,80314,134.7125,332,136.15,76.6877,44.7635,374
299,214.3895,81468,134.3625,331,134.23,76.4473,44.7985,380
300,213.4883,82193,134.6125,333,133.79,76.2503,45.0902,385
301,214.2823,81213,134.1,330,134.12,76.7616,44.8556,379
302,214.5796,82184,134.1375,353,134.43,76.6558,44.7267,383
303,213.87,80629,133.5,360,132.59,76.6626,44.8261,377
304,214.0134,80041,134.775,363,134.79,76.0685,44.4751,374
305,212.7026,80827,133.9125,317,134.87,76.1271,44.6512,380
306,214.9655,81042,135.7125,330,134.06,76.5397,44.967,377
307,214.9388,80817,136,341,133.8,76.1054,44.802,376
308,213.3246,81490,135.2125,332,134.49,75.8853,44.8567,382
309,212.5895,80784,135.4625,337,133.72,76.6279,45.2943,380
310,214.6096,80264,134.6625,335,133.53,76.4514,44.5739,374
311,214.4415,80630,135.975,329,133.8,76.0415,45.0716,376
312,212.0456,83758,134.4125,351,134.32,76.2214,44.6914,395
313,214.4111,80833,134.075,343,135.16,76.2249,44.8447,377
314,213.1811,81222,135.5875,360,133.45,76.3665,44.9001,381
315,213.5366,81571,136.6625,323,134.03,76.3865,44.7351,382
316,214.5893,80471,135.9125,333,134.74,75.7473,44.7663,375
317,213.0682,81179,133.85,310,132.15,76.3826,44.9051,381
318,213.9576,80662,134.375,356,133.68,76.1848,44.7245,377
319,214.9761,80831,135.075,339,133.9,76.5288,44.5516,376
320,214.3075,80151,136.3125,336,133.87,76.017,44.8066,374
321,214.2225,81833,133.95,345,136.12,76.4873,45.0648,382
322,213.3202,81275,132.9625,327,133.34,76.269,44.6238,381
323,214.8927,82089,134.6,321,132.54,76.0613,45.205,382
324,212.1208,82515,134.9125,319,133.21,76.7943,45.1875,389
325,214.1217,80938,135.8125,324,135.07,76.3311,44.6738,378
326,213.1928,82932,134.75,336,133.17,76.1885,45.077,389
327,212.9897,82427,133.8125,338,134.83,76.3883,44.682,387
328,213.2122,80381,134.9625,340,133.11,76.2204,44.873,377
329,212.8635,81101,135.1125,334,133.97,75.8299,44.8083,381
330,213.0342,80953,134.375,328,132.36,76.6018,44.8644,380
331,212.288,79608,134.5875,320,133.78,76.1501,44.9592,375
332,213.1339,81204,136.625,340,134.56,76.201,44.2429,381
333,212.7872,80008,135.9625,333,134.23,75.8495,44.8388,376
334,212.8209,79595,135.3125,348,132.41,75.8431,44.8052,374
335,208.8092,95217,135.15,356,132.96,71.597,44.2665,456
336,211.7275,80033,135.625,324,134.76,76.1664,44.9929,378
337,212.6623,81875,134.3125,329,134.44,76.2488,44.653,385
338,212.2546,80020,134.875,348,134.1,76.3776,45.0928,377
339,211.7795,82594,135.1875,326,132.91,76.0918,44.6294,390
340,213.3069,80630,136.1625,331,133.79,76.2063,44.6579,378
341,212.0258,82266,134.5875,332,132.93,76.4686,44.8238,388
342,213.6313,80539,135.3625,334,133.32,76.2974,44.6072,377
343,212.5079,80328,136.95,336,134.6,75.9413,44.963,378
344,212.2593,80234,135.4875,331,135.16,75.837,44.6021,378
345,207.6329,98418,134.625,311,133.41,71.782,44.736,474
346,213.6897,80561,133.0875,343,131.94,76.1589,44.6675,377
347,212.1164,80180,134.0125,338,133.97,76.4755,45.0784,378
348,210.7507,79453,136.9125,323,134.07,76.2025,44.8774,377
349,210.2422,80733,134.6375,326,134.06,76.2033,44.6296,384
350,211.5452,79541,135.6375,327,135.15,76.0483,44.4451,376
351,210.2985,82437,134.8875,337,132.61,76.2555,44.6816,392
352,209.7221,80743,134.8375,327,134.83,75.7611,45.1421,385
353,211.754,79196,136.4125,325,133.76,76.0849,44.8857,374
354,211.2696,80705,135.4125,332,134.25,76.446,44.9978,382
355,211.2839,81133,133.75,325,133.83,75.9266,44.794,384
356,213.0185,80734,135.525,332,133.2,75.7414,44.7851,379
357,211.5736,81879,135.525,344,134.95,76.3961,44.6436,387
358,211.3803,79479,134.925,338,133.39,76.256,44.7175,376
359,211.3182,79033,135.7125,317,133.64,75.9599,44.5375,374
360,211.6729,79589,135.7,326,133.49,75.4827,44.5504,376
361,211.8883,81577,134.6875,329,133.09,76.5557,45.0406,385
362,210.8793,80345,136.2625,329,133.32,75.789,44.6791,381
363,212.7698,80427,133.4625,334,132.13,76.2407,44.5485,378
364,211.6613,79373,134.25,345,135.95,76.4346,45.0542,375
365,211.2348,80058,136.35,329,134.89,75.9395,44.5282,379
366,210.7778,79674,133.7375,330,132.46,75.8834,44.3976,378
367,209.718,80322,135.8625,322,135.69,75.88,44.6353,383
368,207.2573,91815,134.3625,328,133.2,71.4018,44.0877,443
369,210.1429,79434,135.1125,340,134.66,75.6958,44.776,378
370,210.7889,79889,132.9375,337,132.29,76.1226,44.8579,379
371,211.2053,80258,135.925,335,134.64,76.5012,45.0817,380
372,210.6084,80663,133.3125,320,134.1,75.8577,44.6392,383
373,211.1538,79605,136.0375,339,134.55,76.4698,45.0386,377
374,210.0131,80015,136.075,313,134.21,76.3991,44.785,381
375,207.3687,93938,133.875,348,132.51,71.9392,44.5362,453
376,211.391,79483,133.5875,332,133.81,76.1857,44.8328,376
377,210.9682,79535,135.15,329,132.54,76.3179,44.9086,377
378,212.119,80181,136.225,328,134.5,76.0973,44.8933,378
379,211.0773,79154,137.85,328,135.36,76.2211,44.8345,375
380,211.0343,79982,134.4625,337,134.39,76.589,44.9013,379
381,210.7968,78838,135.85,349,134.45,76.1605,45.1502,374
382,209.9344,79985,135.075,319,134.14,76.3244,44.8281,381
383,209.5902,81321,134.8125,323,133.73,76.4067,45.0546,388
384,210.5868,80023,134.2375,328,134.81,76.3114,44.6172,380
385,208.2828,81022,134.75,336,133.68,75.633,44.4674,389
386,211.382,79691,132.7,332,133.49,76.0375,44.8787,377
387,209.9579,79784,136.975,331,131.84,76.1392,44.6884,380
388,210.2493,79264,134.9125,346,134.45,76.2371,44.8389,377
389,209.895,79970,134.1875,338,133.14,75.9992,45.1533,381
390,209.5862,79014,134.8875,333,134.61,76.6271,44.9259,377
391,210.6078,81084,134.9125,312,133.15,76.6462,44.915,385
392,209.9685,79998,134.3625,334,133.95,75.8835,44.6306,381
393,209.5462,79418,135.0875,329,133.83,75.9181,44.7869,379
394,209.7016,80106,133.1625,320,132.4,75.9027,44.7201,382
395,208.5232,80907,135.0375,333,132.73,75.868,44.9356,388
396,210.4777,80192,134.325,317,133.69,76.3172,44.7003,381
397,209.1984,79077,135.125,344,133.35,75.7127,44.7534,378
398,211.1828,80883,136.35,328,134.81,76.1041,45.1693,383
399,208.7209,80775,136.2875,331,133.02,76.8668,44.8513,387
400,209.9707,78739,135.9375,330,134.56,75.7836,44.4105,375
401,211.3024,79661,135.2,339,131.88,76.0752,44.4433,377
402,209.9108,79976,135.8875,329,134.87,76.416,45.1918,381
403,209.876,79543,135.375,318,134.03,75.7693,44.963,379
404,210.0465,81288,133.6625,327,134.35,76.3697,44.6864,387
405,209.9003,79972,135.1,319,132.59,76.5852,45.2569,381
406,211.5294,79112,133.4125,323,136.31,76.7368,45.1981,374
407,211.3421,80310,134.525,326,134.29,75.6362,45.076,380
408,210.1247,79217,134.3375,326,133.82,76.2482,44.8654,377
409,210.7995,78839,133.475,335,133.04,76.1552,44.8306,374
410,206.7841,83334,134.15,317,133.37,76.1717,44.922,403
411,209.5864,80062,135.075,331,133.6,76.2204,44.8556,382
412,210.5781,80862,135.1875,335,132.9,76.1916,45.1611,384
413,209.6958,79265,134.3875,319,135.14,76.2584,44.9132,378
414,211.4218,79706,136.125,337,134.93,76.1831,44.9173,377
415,209.3846,78938,135.8875,318,133.71,76.2987,44.8453,377
416,210.5957,79184,133.9125,343,132.99,75.76,44.523,376
417,209.2139,81175,134.3625,332,132.69,76.444,45.0136,388
418,210.1099,80262,135.0125,329,132.97,76.2646,44.6397,382
419,210.2553,79897,133.65,335,133.93,75.598,44.8579,380
420,210.2703,80113,136,318,133.19,76.2374,44.6397,381
421,209.8146,80359,135.3375,329,133.15,75.8254,44.8871,383
422,207.7834,82490,134.125,324,133.29,76.4301,45.0797,397
423,209.4973,78771,134.075,344,133.69,76.275,45.0135,376
424,209.8747,80382,134.6375,331,130.97,75.905,44.7402,383
425,208.7294,80987,136.3125,329,133.92,76.435,45.0712,388
426,211.1636,80031,134.975,321,133.41,76.2699,44.9024,379
427,209.3617,78720,135.225,318,133.75,75.9419,44.636,376
428,208.8831,80420,134.9875,315,134.45,76.0872,45.1103,385
429,209.1047,79878,134.6875,322,134.65,75.9179,44.6828,382
430,210.5157,80417,134.3875,326,134.41,76.1397,44.7444,382
431,208.9081,79594,134.95,361,135.28,75.4392,44.8467,381
432,210.1751,79236,134.725,330,134.02,75.9105,44.7593,377
433,209.7154,78853,136.3625,326,133.47,75.6965,44.595,376
434,210.1337,78590,134.425,338,133.76,75.721,44.6336,374
435,209.8346,81206,135.6,341,133.83,76.2511,45.1465,387
436,208.3714,80223,134.925,332,133.58,76.0672,44.7488,385
437,210.0391,80655,135.4,313,134.88,75.5931,44.7583,384
438,210.139,78592,135.475,329,133.7,76.0335,45.1192,374
439,208.2057,79951,135.2875,350,134.53,75.737,44.8488,384
440,209.1172,80301,135.925,332,134.06,75.7542,44.8684,384
441,208.7455,82037,135.2875,323,133.02,75.9808,44.7715,393
442,209.2109,80337,135.3375,315,134.17,75.9568,44.8025,384
443,208.2708,79976,135.85,333,132.97,76.0189,44.7078,384
444,211.4415,79502,133.9625,334,132.04,75.4909,44.5751,376
445,209.1117,78626,135.775,331,134.78,76.0939,45.446,376
446,209.377,78307,134.6875,331,134.16,75.7444,45.0731,374
447,209.2196,79085,134.425,316,136.15,75.9282,44.7447,378
448,208.5064,81526,134.2125,337,132.57,75.5904,44.8889,391
449,207.2005,79565,134.5125,302,132.92,75.5796,44.887,384
450,207.5855,80128,133.85,330,133.08,76.303,45.1794,386
451,209.1753,81160,134.575,323,133.05,76.0918,45.3486,388
452,205.9023,82155,134.925,325,134.58,75.7798,45.0166,399
453,208.7979,78508,134.8625,340,134.08,75.4569,44.7359,376
454,207.319,81891,134.4625,326,133.76,76.0723,44.9441,395
455,208.6649,79084,133.975,325,134.82,75.9031,45.0145,379
456,207.931,78390,133.725,338,132.92,76.3582,44.8295,377
457,208.467,79009,133.8375,319,134.02,75.6686,44.8383,379
458,209.2732,78896,135.175,312,133.32,76.0829,45.183,377
459,208.7968,79134,135.2625,337,133.78,75.7581,44.7828,379
460,207.5885,79714,134.9375,321,134.28,75.622,45.2086,384
461,208.4068,79403,133.9625,337,132.98,75.6337,45.0749,381
462,208.6338,80324,132.925,320,132.5,75.7761,44.7757,385
463,209.1147,78418,133.45,349,131.67,76.0641,44.7268,375
464,207.0765,78482,135.575,334,134.3,75.9878,44.526,379
465,209.0366,79852,135.4625,334,133.27,75.6218,44.7757,382
466,208.3071,79365,135.3,330,132.84,75.3634,44.6453,381
467,207.3551,79417,134.2125,311,133.54,75.6826,44.9553,383
468,207.7815,80827,134.3625,322,133.13,75.3397,44.867,389
469,207.8359,79809,135.075,321,132.14,75.4986,44.7827,384
470,208.0053,78834,135.9625,324,134.52,75.8362,44.6904,379
471,209.0239,78593,135.5375,316,133.96,76.297,44.7821,376
472,208.3893,81897,134.65,325,133.24,72.1455,44.4631,393
473,209.064,78399,136.3625,332,133.47,75.6572,44.8917,375
474,208.3789,80851,134,335,134.08,75.948,45.0401,388
475,209.136,78426,133.9125,314,134.35,75.6294,45.0327,375
476,209.1273,78841,133.9625,319,132.79,75.5515,44.962,377
477,207.643,79112,133.65,322,133.36,75.9972,45.0097,381
478,206.3789,80075,133.1125,321,132.59,75.9942,44.6934,388
479,208.8519,78946,134.575,337,133.2,75.5322,44.6799,378
480,209.492,78769,134.425,317,133.79,75.8381,44.7824,376
481,209.2831,79109,135.35,334,133.37,75.6304,44.9328,378
482,206.8979,79035,135,353,133.19,75.6638,44.5432,382
483,208.7546,79118,133.4875,322,134.5,75.5887,45.041,379
484,208.6138,78856,134.6875,306,131.84,76.1192,45.0718,378
485,208.8984,78128,135.375,318,132.19,76.3209,44.9867,374
486,208.9069,78549,133.95,345,134.4,75.9492,44.8611,376
487,207.7539,79362,134.6875,328,133.32,75.4126,44.9542,382
488,208.5348,77992,133.6,320,133.03,75.581,44.7469,374
489,206.2487,79612,134.8875,309,133.21,75.8475,44.5919,386
490,208.1667,79936,133.8,313,133.45,75.7745,44.866,384
491,206.9898,81140,133.5125,319,132.76,75.7905,44.977,392
492,206.3594,79242,136.275,303,132.29,75.47,45.2069,384
493,208.5342,79243,133.7125,316,132.41,75.798,44.9213,380
494,207.5106,78024,134.7,318,134.66,76.2912,45.1475,376
495,206.3714,79453,134.125,331,132.98,75.3962,44.7491,385
496,210.7813,79043,133.35,326,134.35,75.8254,44.9551,375
497,208.7474,79324,134.8125,321,131.82,75.8988,44.5611,380
498,208.8886,78751,134.025,319,130.98,75.9262,44.8784,377
499,207.7177,78725,133.575,329,133.84,75.9538,44.8707,379
500,209.1432,78847,132.825,323,132.72,75.7237,44.6061,377
501,206.836,78184,132.6875,319,134.27,76.1935,44.8991,378
502,207.2894,80221,134.65,319,133.5,75.6766,45.3154,387
503,206.4156,79470,134.125,305,132.2,75.9617,45.0375,385
504,207.6483,79114,135.725,329,134.16,75.4686,44.9613,381
505,207.252,78134,133.6125,321,133.26,75.4782,44.6892,377
506,208.2953,80402,133.15,331,133.82,75.8588,44.8882,386
507,208.4406,78999,135.7375,337,132.58,75.87,44.5857,379
508,207.6446,78282,135.45,309,133.44,75.9319,44.4731,377
509,207.9594,81936,133.1375,327,131.12,75.4627,44.9448,394
510,208.9412,78144,134.0375,319,133.05,75.5316,44.6869,374
511,208.1723,79730,136.5625,334,134.38,75.8355,44.9468,383
512,206.7632,78570,133.5,322,133.43,76.0076,44.8902,380
513,206.3926,77810,134.9,330,133.88,75.6904,44.9689,377
514,206.1421,81220,133.3375,327,132.99,75.5999,45.2021,394
515,207.8228,78557,134.1,325,133.17,75.6294,45.0475,378
516,206.6036,79749,132.5625,315,132.39,76.1741,45.2483,386
517,206.2193,77126,132.2,317,133.89,75.7704,44.6889,374
518,206.2005,79181,133.6875,322,134.19,75.7838,44.6061,384
519,205.9267,78664,132.7875,322,134.47,76.111,45.0388,382
520,208.9813,78368,133.7625,322,132,75.8067,45.014,375
521,208.0026,79457,133.9,335,132.94,75.6112,45.0538,382
522,205.8041,80881,134.3125,311,134.29,76.2661,44.6377,393
523,208.1158,79084,134.45,317,133.72,75.0069,44.5478,380
524,206.4529,78865,134.4,326,134.92,75.6972,44.6753,382
525,207.188,79353,133.95,321,133.24,75.8969,44.8319,383
526,206.7054,79995,134.225,321,133.03,76.0818,44.9171,387
527,206.8042,79206,133.1125,334,133.24,75.9558,44.998,383
528,208.9305,78140,135.9125,324,134.34,75.8976,44.8759,374
529,208.0735,79276,133.2625,315,132.99,75.842,44.9551,381
530,206.7232,79175,134.0875,315,132.45,75.6782,44.9232,383
531,210.4011,78690,132.4,317,132.15,75.7257,45.0534,374
532,207.3265,81272,133.1125,327,133.3,75.8942,44.8995,392
533,206.4084,78848,134.1875,300,133.9,75.8033,45.0762,382
534,206.7109,77930,135.0625,331,131.31,75.8312,44.7576,377
535,207.329,80029,132.8625,324,133.45,75.9316,44.9877,386
536,206.8987,79656,134.7,334,133.99,76.0034,44.9874,385
537,208.0241,77801,134.725,305,131.61,75.0828,44.7004,374
538,206.3102,77160,134.6625,316,134.19,75.5703,44.6645,374
539,207.6126,79308,135.8,321,131.94,75.9697,45.2136,382
540,204.4261,81566,134.6625,318,133.14,75.2711,44.8407,399
541,208.1283,77840,136.125,305,134.82,75.6632,45.0114,374
542,205.5876,79768,132.7,312,133.39,75.362,44.9496,388
543,207.472,77802,135.025,330,133.25,75.3873,45.0398,375
544,209.3404,79340,133.375,320,133.52,75.5087,45.0335,379
545,207.6444,77659,134.025,326,133,76.2971,45.355,374
546,205.3388,87885,133.175,313,133.79,72.1719,44.9062,428
547,207.0206,80324,134.1375,332,132.73,75.6427,44.3768,388
548,208.2213,78083,132.65,338,132.82,75.5382,44.7038,375
549,207.3219,78575,134.325,301,131.94,75.858,44.8086,379
550,206.7889,78373,134.5875,320,133.2,75.9511,45.0115,379
551,208.608,78228,134.4375,336,132.69,75.1325,44.3386,375
552,207.2711,78763,133.2,312,132.81,76.055,45.3363,380
553,207.1797,79557,133.775,311,134.02,75.895,44.9157,384
554,207.9706,77781,132.9125,316,132.7,75.5616,44.7913,374
555,208.1553,79099,135.85,312,131.69,75.5338,44.4511,380
556,207.6693,79122,133.9625,312,133.86,76.0297,45.0528,381
557,208.0709,79275,133.925,314,133.1,76.2604,44.8049,381
558,206.8877,77376,135.25,330,134.2,75.5421,44.8916,374
559,206.7723,78987,135.7875,307,133.23,75.6346,44.5583,382
560,206.8947,78620,131.525,311,132.79,75.278,45.0849,380
561,207.1741,78519,135.4125,306,133.92,75.5916,44.6815,379
562,206.3879,78221,132.4,324,132.86,76.2027,45.0476,379
563,208.008,77795,133.9625,333,132.14,75.2864,44.9021,374
564,207.1321,79953,132.5,334,130.9,75.6757,44.6723,386
565,206.9037,77382,133.15,333,133.85,75.64,44.9662,374
566,206.7325,79592,133.9625,328,132.14,76.042,44.8271,385
567,207.4479,79660,134.1625,307,132.33,75.8539,44.7705,384
568,207.7937,78546,135.425,333,134.29,75.53,44.7621,378
569,205.664,77741,135.85,321,133.95,75.5523,44.9647,378
570,206.8658,78609,134.3375,323,134.02,75.806,45.2755,380
571,207.8707,78783,135.5875,320,131.99,75.9983,44.8651,379
572,208.2899,78317,135.4625,338,132.98,75.7111,44.6541,376
573,207.6859,79336,134.8875,323,133.81,75.672,44.8177,382
574,207.8613,79403,134.725,352,133.47,75.3659,44.5572,382
575,207.5868,78883,133.925,315,133.35,75.648,45.0867,380
576,207.2526,79585,136.025,314,134.04,75.6299,44.9831,384
577,207.6123,77647,133.95,335,134.94,75.8844,44.7195,374
578,207.122,78085,133.925,319,132.54,75.8785,44.748,377
579,207.2474,79583,134.8,315,134.7,75.6191,44.6103,384
580,205.544,79340,134.1125,309,132.81,75.6357,45.1076,386
581,205.5276,78306,134.9125,300,132.93,75.6126,44.7459,381
582,206.7166,77312,135.375,320,131.85,75.9583,45.242,374
583,205.5729,78940,133.2875,313,132.72,75.5426,44.8684,384
584,205.3948,79077,133.575,306,133.26,75.2333,44.8555,385
585,207.0677,79514,135.1375,321,132.76,75.8931,44.6315,384
586,206.0711,78307,132.6375,313,134.39,75.8579,45.1978,380
587,206.7303,81245,133.75,322,132.02,75.7475,44.8723,393
588,207.3958,78603,134.7,319,132.27,75.7254,44.7185,379
589,207.344,77754,135.5875,324,132.04,75.5773,44.6056,375
590,207.7834,77711,134.725,312,135.17,75.9179,44.6534,374
591,207.3947,77773,134.2875,301,131.66,75.4927,44.8602,375
592,208.0132,78629,135.1125,327,135.42,75.804,44.9025,378
593,206.3333,78613,133.5,308,132.16,76.0678,45.1777,381
594,206.9388,77809,133.625,317,132.7,75.9667,44.6631,376
595,207.0637,78063,134.475,313,132.85,75.9329,44.6989,377
596,206.4847,80942,134.3,358,133,75.3861,44.8703,392
597,208.2057,79951,134.475,341,133.1,75.2543,44.4888,384
598,207.7394,78110,133.95,308,133.36,75.6734,44.9767,376
599,205.1875,78792,132.9625,320,132.29,76.0878,44.8108,384
600,207.8918,78791,135.275,340,134.63,76.1017,44.9496,379
601,204.9081,78070,134.0125,308,133.98,75.7916,44.9008,381
602,205.0844,80188,133.45,314,133.33,75.5421,45.078,391
603,205.9257,77634,134.4,305,132.46,75.8854,45.0438,377
604,206.4613,77423,133.85,306,132.34,75.524,44.7352,375
605,206.9421,78638,133.9625,303,134.67,75.9505,44.8436,380
606,206.4456,81546,137.475,340,133.75,76.0845,45.0026,395
607,205.1818,81252,134.05,316,135.76,75.5645,44.8486,396
608,207.8496,78775,135.1375,322,132.96,75.7057,44.8877,379
609,206.7855,80026,135.5,321,132.49,75.6183,44.8141,387
610,206.6796,79985,135.1875,339,132.2,75.8004,44.7177,387
611,207.5813,77843,135,310,133.6,75.8424,45.0653,375
612,207.3228,78990,135.9375,320,133.09,75.5778,44.4921,381
613,207.0954,80353,132.525,342,132.1,75.5086,44.7553,388
614,207.2857,78354,134.4,326,132.5,75.3333,44.7752,378
615,206.7323,78765,133.3375,309,132.8,75.3246,44.6686,381
616,205.6198,78958,135.4625,312,133.17,75.4622,44.9926,384
617,205.5901,78741,132.7375,310,131.99,75.9969,44.9322,383
618,207.385,77562,133.4,321,132.66,74.846,44.6004,374
619,207.0822,78070,134.775,311,131.58,75.7845,44.7237,377
620,207.8422,77733,133.975,308,131.29,75.1651,44.6833,374
621,208.4908,79435,132.8375,306,132.1,75.5699,45.1757,381
622,206.9288,78426,135.45,323,132.26,75.2478,45.0929,379
623,207.2164,78535,132.075,331,133.02,75.8495,44.7449,379
624,208.4116,78988,135.55,319,133.6,75.6953,44.9758,379
625,206.8005,79825,135.2,302,132.66,75.6573,44.8599,386
626,206.1478,78130,134.3375,309,133.05,75.6057,44.7576,379
627,207.2016,79151,134.575,337,134.05,75.5601,44.8061,382
628,207.191,78111,135.0375,306,132.02,75.3464,45.2347,377
629,208.2679,78517,134.6875,351,132.49,75.3871,45.0379,377
630,207.5134,77610,133.4875,331,133.01,75.7511,44.9612,374
631,207.8848,79412,133.875,335,133.73,75.6533,44.9295,382
632,207.9225,77763,133.85,318,133.58,75.2345,44.6289,374
633,208.4456,78584,134.3375,323,133.11,75.4073,44.5487,377
634,206.5849,79122,133.7375,326,133.08,75.6652,45.3149,383
635,207.8048,77719,133.6625,321,131.75,75.72,44.9433,374
636,208.0851,78240,134.0375,323,132.96,75.4894,45.2746,376
637,207.5979,78472,134.025,305,132.49,75.7482,44.5904,378
638,205.9665,79915,134.3,324,133.68,75.6831,44.76,388
639,208.1888,78279,135.05,321,132.7,75.9468,45.2782,376
640,206.9263,78632,135.5875,308,132.84,75.6883,44.7162,380
641,205.3342,81723,134.1125,319,132.95,75.3905,44.6788,398
642,207.1804,80386,132.325,311,133.01,75.8423,45.1698,388
643,206.8564,77778,133.025,312,133.43,75.4698,44.4568,376
644,207.0997,78905,133.425,329,132.71,75.4206,45.0385,381
645,206.2354,77957,133.8875,312,133.09,75.7102,44.756,378
646,206.401,79258,135.25,327,132.3,75.6824,45.479,384
647,208.3826,78977,133.9625,331,134.09,75.7347,45.2128,379
648,206.8021,80446,132.35,315,132.58,75.7937,45.3909,389
649,208.3128,77909,134.7,300,132.86,75.8455,45.2798,374
650,208.5733,79675,133.3,320,131.97,75.7493,44.8154,382
651,208.6373,80534,133.1375,323,133.74,75.6517,44.974,386
652,207.1772,78313,135.5375,319,134.06,75.8789,44.9025,378
653,207.9153,78592,133.4875,315,132.57,75.5226,44.6322,378
654,207.8836,78580,134.0375,311,132.18,75.5663,44.8615,378
655,206.1564,80401,134.3875,306,132.38,75.6899,44.9474,390
656,207.7979,79171,133.975,332,134.06,74.9587,44.5353,381
657,208.1862,78278,135.05,317,133.17,75.6454,44.8741,376
658,207.4935,79470,134.9125,311,133.73,75.7152,44.9388,383
659,206.9818,79688,134.05,318,132.72,75.8235,45.1012,385
660,206.5323,79928,133.125,324,134.59,75.5143,44.3302,387
661,206.8819,78822,133.55,322,133.19,75.0496,44.9074,381
662,208.232,78087,133.2875,334,131.18,75.4099,44.7207,375
663,207.5065,80305,135.875,313,133.6,75.3,44.9907,387
664,208.008,78003,135.3875,332,133.18,75.4206,44.4385,375
665,207.5118,79062,136.5125,328,135.02,75.8123,44.9946,381
666,206.6087,80784,134.025,327,133.15,75.6407,44.801,391
667,207.8259,78766,134.85,318,133.07,75.391,44.9853,379
668,208.2646,78724,132.3375,313,132.29,75.5341,45.027,378
669,208.746,78906,134.4,336,132.85,75.646,44.5029,378
670,207.0909,79730,134.825,306,134.78,75.3268,44.7558,385
671,207.7947,77923,133.8625,311,133.48,75.3318,44.6038,375
672,208.5119,78609,136.85,318,132.59,75.5213,44.9778,377
673,208.3422,78545,133.6625,333,132.14,75.6267,44.765,377
674,207.9478,79644,133.325,323,132.21,75.9872,44.9531,383
675,206.8877,79238,134.3875,325,133.31,75.7428,44.97,383
676,208.9362,78560,134.25,327,133.8,75.8494,44.9636,376
677,208.2642,80390,135.075,323,132.24,75.7122,44.7221,386
678,208.0838,79488,134.85,303,133.53,75.6525,44.8257,382
679,206.1088,79558,133.9625,302,131.92,75.8811,45.1866,386
680,206.9845,79896,133.8,322,133.36,75.1528,44.8274,386
681,207.8697,78159,133.7125,312,132.62,75.5072,44.5666,376
682,206.7173,77519,135.0125,317,134.27,76.1684,45.1713,375
683,207.1532,79754,134.6125,322,132.83,75.5486,44.7966,385
684,206.8021,79412,135.5125,314,134.17,75.1289,45.0356,384
685,208.1774,80981,134.475,343,132.12,76.0912,45.1506,389
686,207.9135,81710,134.0375,305,134.14,75.4036,44.9115,393
687,208.911,79804,133.075,325,132.34,75.6443,45.0879,382
688,208.1709,81603,135.5375,318,133.63,75.9313,45.0126,392
689,210.4342,79965,132.325,327,133.32,75.4689,44.6492,380
690,210.0239,79179,134.725,314,131.88,75.444,44.92,377
691,208.9545,78149,132.875,334,133.63,75.4416,44.924,374
692,208.6455,78868,134.8375,317,134.49,75.567,44.8786,378
693,208.2242,80791,135.475,341,133.02,75.6667,45.0934,388
694,207.5366,79279,134.45,311,132.1,75.8503,44.5028,382
695,208.5763,79259,133.9375,312,131.83,75.721,44.6706,380
696,208.044,80305,134,318,133,76.0086,44.8216,386
697,206.9195,79664,135.35,337,132.12,75.9309,45.106,385
698,206.0703,79131,134.8875,325,132.49,75.4966,44.9946,384
699,206.9127,78213,133.8875,318,132.21,75.8382,44.9149,378
700,207.7868,78959,133.8375,317,133,75.9079,45.3078,380
701,207.7585,79156,134.975,315,132.77,75.26,44.5967,381
702,205.798,80467,135.1875,316,133.86,75.3457,44.8769,391
703,207.824,77934,133.2,315,133.87,75.6889,45.0907,375
704,206.564,79114,135.75,311,132.7,75.7719,44.8973,383
705,207.696,77886,134.4625,317,133.14,75.6871,44.6827,375
706,206.5429,79519,134.75,305,133.75,75.7936,45.2162,385
707,207.3138,77950,133.325,308,134.28,75.578,44.959,376
708,206.7545,80014,134.425,319,132.68,75.9335,45.3152,387
709,208.8503,78110,133.85,321,133.9,75.595,44.6268,374
710,206.8472,79843,133.325,348,132.82,75.4374,44.6772,386
711,208.0373,78014,134.6,322,132.83,75.6307,45.0596,375
712,206.2924,79010,135.7,334,133.38,75.2777,44.9174,383
713,205.6071,80598,135.575,307,133.31,75.3914,45.2484,392
714,207.5503,78454,135.8625,309,132.61,75.4745,45.1558,378
715,208.1632,79102,132.9875,319,132.45,75.3628,44.6543,380
716,206.0284,79733,134.375,332,134.45,75.7773,44.9476,387
717,207.6345,79524,133.575,308,133.95,75.4623,45.1917,383
718,204.8278,79678,136.2375,317,134.78,75.5388,45.0932,389
719,207.8537,78153,134.2625,314,131.01,75.4085,44.7441,376
720,207.3205,80855,135.6625,335,133.2,75.7561,44.9012,390
721,208.2231,79333,132.5625,306,132.96,75.3044,44.6961,381
722,207.7234,78104,135.325,318,131.04,75.8677,45.1808,376
723,207.7914,77714,137.125,319,132.86,76.1317,44.7514,374
724,207.7448,80605,135.6625,327,134.11,75.6168,45.097,388
725,207.7321,78315,134.175,326,133.83,75.8892,45.0149,377
726,207.3387,77752,133.9375,317,131.18,75.6615,44.8179,375
727,207.2467,78132,134.5375,318,134,75.2745,44.6386,377
728,207.96,77985,134.875,329,132.9,75.2957,44.9626,375
729,206.1584,79371,134.45,315,133.95,75.488,45.1025,385
730,207.2242,80403,133.9,311,134.49,75.9515,44.9368,388
731,206.1319,78124,133.6,334,131.69,75.3592,44.6696,379
732,206.1414,78746,135.2625,315,133.42,75.39,44.7191,382
733,207.2623,79796,133.1375,331,134.29,75.5103,44.5374,385
734,208.0187,78007,134.1,310,132.42,75.4335,44.5519,375
735,206.4145,79676,133.2125,309,133.37,75.6596,44.8132,386
736,207.4763,78841,135.7,324,131.55,75.5878,44.6967,380
737,207.8267,77935,133.4375,304,132.97,76.0829,45.2383,375
738,206.5359,80549,133.1875,319,133.26,75.0207,45.1046,390
739,206.7033,80821,134.2875,324,133.13,75.7343,44.894,391
740,208.1624,80767,135.375,335,134.09,75.937,45.118,388
741,207.357,79003,134.95,320,132.48,75.9627,44.8554,381
742,208.4037,77943,133.9375,327,133.54,75.6569,45.0585,374
743,207.826,80013,134.7375,335,133.88,75.8837,45.1384,385
744,205.6813,79393,134.1,318,131.78,75.8127,45.0369,386
745,208.4553,79213,133.925,325,133.56,75.3899,44.5882,380
746,207.3906,79638,133.75,340,134.16,75.3361,44.956,384
747,208.984,78578,136.075,327,133.66,75.6012,44.8396,376
748,209.144,78429,134.1375,326,134.69,75.6549,45.1187,375
749,209.248,79305,134.825,327,133.62,75.4632,44.7023,379
750,208.8347,78313,133.6375,333,132.35,75.9044,44.5742,375
751,208.3766,80225,133.9875,301,133.6,76.033,45.1175,385
752,209.2048,78661,134.7,316,133.33,75.3886,44.6301,376
753,207.8251,79597,134.4375,325,131.94,75.841,45.5885,383
754,209.5561,78374,137.4625,323,134.85,75.4598,44.7836,374
755,207.6016,78681,133.95,306,132.64,76.025,45.3001,379
756,210.1847,79660,133.7625,324,132.26,75.414,44.7326,379
757,207.3802,79634,132.225,326,132.41,75.4366,44.8928,384
758,208.5703,78631,135.2,307,133.52,75.7331,45.1391,377
759,208.8602,79158,134.925,324,133.98,75.9205,44.927,379
760,207.732,80600,134.3,327,132.94,75.8465,45.0734,388
761,206.5144,78682,134.125,317,133.43,75.4379,44.9336,381
762,208.8962,82514,135.85,320,133.53,75.4409,44.7203,395
763,209.1534,79060,133.375,322,132.75,75.9159,45.1564,378
764,207.8417,78772,133.85,319,134.11,75.4994,45.4125,379
765,208.5979,79893,135.1,325,132.59,75.4365,44.8641,383
766,207.5773,80540,132.275,315,131.28,75.2576,45.0952,388
767,207.6215,81180,135.7125,313,132.47,75.5714,44.7093,391
768,208.2918,78526,135,324,132.88,75.7933,45.288,377
769,208.4297,78578,134.725,310,132.53,75.5101,44.621,377
770,207.7789,80826,134.9125,344,131.58,75.7233,45.0814,389
771,208.7763,79335,134.3875,330,133.63,75.8098,44.7641,380
772,208.0579,79062,134.8,314,132.98,76.0372,44.987,380
773,208.4225,77950,133.3125,351,132.48,75.5319,44.811,374
774,206.8568,82329,134.4125,314,132.25,75.9826,44.6965,398
775,209.5813,78593,132.75,309,132.26,75.7845,44.881,375
776,209.5199,78989,136.1,321,131.89,76.0437,45.3188,377
777,209.4133,78530,136.075,330,133.47,75.8223,45.0537,375
778,209.7435,80122,135.45,323,133.29,75.7709,44.6247,382
779,208.8508,79781,135.5125,328,133.71,75.9419,45.1162,382
780,208.2507,79760,135.05,336,133.47,75.8559,45.0727,383
781,208.5413,78203,136.375,339,132,75.615,44.7041,375
782,208.0802,77822,133.875,315,133.86,75.3511,45.0401,374
783,209.3651,79140,135.475,326,134.28,75.625,45.0592,378
784,208.9441,78563,135.275,334,133.45,75.7083,45.1243,376
785,210.5187,78734,133.9375,320,131.99,75.8781,44.353,374
786,209.9263,79772,134.0875,319,132.16,75.8003,44.9538,380
787,209.0212,79010,135.6875,321,132.92,75.7318,44.8352,378
788,209.5171,79826,135.525,327,133.26,75.6181,44.9157,381
789,208.9606,79614,134.35,324,132.14,75.7419,45.3676,381
790,208.883,78540,134.9875,328,132.07,75.3069,44.5677,376
791,202.6749,98500,134.525,328,134.36,71.1023,44.8376,486
792,208.4813,77972,134.4875,337,135.33,76.049,45.0211,374
793,209.7401,79072,135.4625,360,132.84,75.355,44.8093,377
794,208.9208,79181,134.725,324,132.71,75.4514,45.2303,379
795,207.2699,80628,134.1375,319,132.88,75.023,44.6641,389
796,208.8182,78098,133.3875,311,133.62,75.4404,44.8866,374
797,207.3229,79612,135.4875,338,132.43,75.4937,45.1539,384
798,208.4672,79426,135.5375,319,132.38,75.5125,44.9989,381
799,207.4226,79028,132.7375,307,132.21,75.6185,44.9924,381
800,207.974,80070,134.55,318,134.04,75.9761,44.89,385
801,208.7712,81212,135.4375,314,132.38,75.8186,45.2382,389
802,206.2333,80431,135.4,328,131.11,75.79,44.7576,390
803,208.4483,78585,133.325,329,132.86,75.6669,44.9658,377
804,207.359,77967,134.4375,328,133.5,75.5311,44.8764,376
805,206.4041,80704,133.35,327,132.75,75.4726,44.6834,391
806,206.7558,79601,136.675,316,132.36,75.3494,45.4755,385
807,209.1473,80940,133.6375,336,133.25,75.2149,44.8818,387
808,208.0584,78438,133.4,315,132.79,75.5992,44.7123,377
809,206.8702,81300,134.5625,323,133.78,75.7505,44.8474,393
810,207.3497,80037,134.675,323,131.67,75.5873,44.7681,386
811,209.0936,78201,134.6625,328,132.3,75.7555,45.155,374
812,207.7798,78333,133.4,327,132.98,75.5348,44.8408,377
813,208.7018,79098,134.6375,324,134.9,75.891,45.0558,379
814,208.1596,78268,134.6375,319,133.82,75.3879,44.837,376
815,207.706,79136,132.1625,342,133.42,75.5311,44.8921,381
816,207.1765,77484,133.475,319,131.82,75.4938,44.6998,374
817,206.7665,81466,136.9875,329,133.37,75.2304,44.794,394
818,207.2532,80207,133.4625,326,130.61,75.6524,45.0596,387
819,207.4252,79029,133.725,330,130.96,75.7597,44.7501,381
820,207.7473,78113,135.0625,316,133.54,75.2533,44.8805,376
821,206.8862,78203,133.7875,325,132.08,75.5303,45.001,378
822,206.6042,79336,133.6125,306,132.73,75.4479,45.0059,384
823,207.7056,78305,133.0125,317,132.16,75.6841,44.6772,377
824,206.7786,79403,133.05,325,132.87,75.4161,44.9407,384
825,206.3601,79655,133.625,311,130.61,75.0671,45.1868,386
826,205.5605,78113,133.8125,307,134.16,75.6109,44.9791,380
827,206.3411,79235,133.5125,313,133.14,75.5124,44.9292,384
828,207.0211,78461,135.425,313,133.38,75.2211,44.8997,379
829,206.4613,77423,132.8875,326,132.55,75.7009,44.7664,375
830,205.8016,78822,136.2,335,132.67,75.2857,45.3597,383
831,207.5316,78862,133.45,316,132.63,75.3031,44.914,380
832,205.165,80835,134.425,305,131.76,75.647,45.1442,394
833,207.7639,78327,132.825,301,131.97,75.3209,44.6837,377
834,206.81,78381,134.8125,335,131.29,75.2153,44.8057,379
835,206.3529,77176,132.575,303,133.23,75.6139,44.7066,374
836,207.8854,79828,134.4625,326,132.31,75.679,45.3154,384
837,206.2354,81463,134.9,315,133.91,75.0934,44.7828,395
838,208.3723,78348,132.5375,331,132.27,75.1951,44.9278,376
839,207.8856,78165,135.2125,324,132.84,75.4598,45.2394,376
840,207.4403,78205,134.4125,309,131.66,75.2248,44.879,377
841,204.8765,82975,134.525,336,134.51,75.612,45.4706,405
842,206.0053,77664,135.3125,328,133.46,75.0465,44.9119,377
843,207.5947,78886,133.975,311,132.6,75.0387,44.9078,380
844,205.8708,79672,132.475,326,133.56,75.4269,45.0318,387
845,205.8842,78236,133.925,312,132.41,75.1938,45.0897,380
846,207.6897,78299,133.8375,334,131.99,75.3281,44.7123,377
847,206.568,77463,134.8625,321,134.12,75.3178,44.8344,375
848,207.0635,78270,133.85,329,132.74,75.4137,44.7114,378
849,207.7704,78745,135.4625,309,132.83,75.3865,45.2276,379
850,206.8976,78828,134.1375,310,132.63,75.576,45.0396,381
851,207.0183,79081,135.2,310,132.54,75.2381,45.0887,382
852,206.0963,77080,136.2,307,130.98,74.9351,44.5558,374
853,205.4814,77261,133.0125,354,132.21,75.3549,44.8336,376
854,206.984,77619,132.65,337,132.94,75.532,45.0571,375
855,204.8368,79067,133.35,310,132.2,75.2526,44.8536,386
856,204.7652,81087,131.85,314,132.99,75.8847,45.3353,396
857,204.7181,76974,132.725,320,134.26,75.2627,44.6241,376
858,206.5512,78696,134.125,315,133.81,75.8289,44.6821,381
859,205.3737,78042,133.8875,322,132.04,75.6337,45.0638,380
860,205.9713,78887,134.5375,316,132.47,75.132,44.8622,383
861,206.7184,78553,133.8375,306,134.24,75.524,45.1054,380
862,206.2553,77552,135.375,313,133.4,75.4754,44.935,376
863,204.2918,77018,134.025,324,132.64,75.4027,44.9539,377
864,205.3449,76799,135.575,303,132.52,75.6149,45.0296,374
865,207.0907,77659,132.7375,319,133.01,75.2933,44.8523,375
866,205.0737,77928,133.925,301,131.88,75.4974,44.9809,380
867,205.8786,78028,135.5875,324,130.7,75.2445,45.0612,379
868,205.8229,79036,133.9875,315,133.63,75.431,45.3245,384
869,207.3122,78364,134.4375,307,133.76,75.1498,45.0503,378
870,205.0668,76695,133.4625,314,132.7,75.3465,45.2031,374
871,205.7005,78989,133.3625,308,132,75.2295,44.6642,384
872,205.0795,79981,132.4375,339,133.37,75.4135,45.3166,390
873,204.7959,80280,134.925,320,133.74,75.5951,45.4275,392
874,205.2513,78406,135.05,324,131.94,75.3544,44.7487,382
875,205.2368,77990,132.9,304,131.03,75.4165,44.9278,380
876,205.4987,78295,133.9125,325,131.39,74.8461,44.8287,381
877,205.2602,80462,133.325,325,132.11,75.2853,44.9995,392
878,204.0236,77937,134.325,298,131.99,75.5515,45.3193,382
879,204.2398,80062,134.3125,324,132.49,75.4295,45.1424,392
880,205.0287,78526,135.6625,324,133.03,75.62,45.2152,383
881,204.4482,78917,134.175,324,132.17,75.5244,44.8532,386
882,206.8904,77377,133.4375,310,132.25,75.1288,44.8445,374
883,205.7646,77779,133.2625,322,132.4,75.4297,44.7937,378
884,206.87,77990,133.8375,302,133.86,75.0495,44.77,377
885,206.2698,77970,134.975,298,131.64,74.7994,44.5613,378
886,206.1631,77105,133.8125,315,130.72,75.4626,44.5687,374
887,205.7684,78192,134.1,327,130.74,75.0329,45.1112,380
888,205.9171,77013,131.1375,306,131.23,75.4686,44.9619,374
889,203.2879,80502,134.775,325,132.84,75.0331,44.7042,396
890,205.3662,79066,134.15,311,132.44,75.476,45.1711,385
891,205.1237,79588,134.0625,316,132.22,74.9385,44.9773,388
892,205.6941,77341,133.65,314,132.74,75.3221,45.2593,376
893,204.179,79834,134.3875,326,133.05,75.252,44.535,391
894,206.1114,77704,133.775,307,132.23,75.376,45.065,377
895,205.3516,78855,135.7625,328,132.67,75.5825,45.2267,384
896,205.8422,76985,134.05,309,132.07,75.5538,44.5787,374
897,205.5403,79133,133.85,313,132.2,75.6829,45.2289,385
898,205.4858,79523,132.3375,321,130.96,74.9716,44.6559,387
899,204.0781,78366,134.7,324,132.02,75.5553,45.0832,384
900,200.9674,92445,135.35,306,132.63,71.2743,44.6451,460
901,205.2161,78803,133.85,332,131.78,75.7493,45.1694,384
902,205.7566,77776,135.95,335,133.82,75.2455,45.0505,378
903,206.0904,77490,133.8375,307,132.41,75.4217,45.134,376
904,205.8693,77201,134.9125,327,132.74,75.004,44.9207,375
905,205.0453,76892,134.3,317,131.26,75.0161,45.2617,375
906,205.1413,76928,134.25,302,133.22,75.7447,45.2093,375
907,206.2299,77130,134.4625,309,132.9,75.7944,44.9991,374
908,205.5026,78091,135.6375,303,131.37,74.9565,44.9555,380
909,205.1689,77759,131.35,321,133.34,75.1995,44.7767,379
910,203.6005,78997,134.3375,318,132.79,75.1905,45.1634,388
911,203.0402,80810,132.35,319,131.92,75.6648,45.3417,398
912,204.6528,78996,136.25,313,131.74,75.1402,45.1989,386
913,205.5535,76877,135.25,316,132.49,75.37,45.1031,374
914,204.4083,79106,135.7625,305,133.47,75.5097,45.1014,387
915,205.1126,78353,134.4125,312,132.72,75.3241,44.5898,382
916,204.1724,76973,133.625,301,134.32,75.3794,44.6513,377
917,205.0133,77290,133.9,325,133.04,74.8448,44.6079,377
918,206.6021,78922,135.925,318,133.41,75.2955,44.6598,382
919,206.5,77231,131.9875,312,132.92,74.8932,44.7301,374
920,206.7995,78377,132.7125,325,132.11,75.5513,45.2943,379
921,205.6614,77740,134.1375,312,133.14,75.5578,45.1324,378
922,206.5241,77240,132.7,308,132.7,75.0498,45.1665,374
923,205.6444,76911,133.1125,316,132.12,75.1134,45.3971,374
924,205.4354,77860,132.9375,320,131.03,75.1803,44.6535,379
925,205.3333,78848,135.9125,316,131.57,75.3782,44.8041,384
926,204.7598,78423,133.675,309,131.69,75.1477,44.3038,383
927,205.4188,78470,133.7625,311,131.91,75.2893,44.9753,382
928,206.1326,77712,134.3,314,132.55,75.1248,44.9798,377
929,205.9213,78456,132.875,315,132.3,75.5002,45.0481,381
930,205.3556,76803,131.5625,322,133.97,75.9153,45.0794,374
931,204.3828,78483,133.4375,324,131.29,75.391,45.5468,384
932,205.2428,78608,133.5375,322,133.27,75.5227,45.1578,383
933,203.7303,80066,133.675,306,131.37,75.6811,44.9692,393
934,205.484,76851,133.1875,306,132.02,75.4415,45.1613,374
935,205.4973,77267,135.1625,317,132.42,75.3323,44.5976,376
936,204.2781,80077,133.5625,304,133.04,75.9897,45.1092,392
937,204.1606,78806,132.6875,328,133.04,75.4527,44.9148,386
938,204.8837,79290,132.2,327,131.83,75.534,44.9442,387
939,204.5536,80185,131.7625,309,131.73,75.137,44.8807,392
940,205.7351,79208,133.625,327,132.46,75.3107,45.0097,385
941,205.435,77449,134.975,314,132.48,75.2476,45.0183,377
942,204.589,78153,134.45,306,133.26,75.4507,44.9114,382
943,204.8553,77845,133.425,346,132.14,75.1302,45.117,380
944,205.4468,79097,133.0125,315,129.97,75.2103,45.1593,385
945,204.7207,76975,132.7,316,130.52,75.1679,44.825,376
946,204.2196,87406,133.75,300,132.85,70.3933,44.4351,428
947,203.1662,77000,132.1,334,131.76,75.0853,44.9797,379
948,204.9441,77059,132.15,317,131.4,75.1141,44.9047,376
949,206.5455,77248,134.375,319,131.88,75.3838,44.6955,374
950,204.9447,77879,133.625,313,134.28,75.7276,45.0073,380
951,207.958,79232,132.975,321,131.76,75.0938,45.0193,381
952,206.1622,77517,133.0125,310,130.49,75.4822,44.633,376
953,207.1203,77463,133.475,315,132.79,75.1754,45.1963,374
954,205.1179,79996,133.3625,309,133.5,75.3297,45.0006,390
955,203.8782,80328,134.5,321,133.49,75.2921,44.9192,394
956,205.9947,77454,134,314,130.85,75.4773,45.1235,376
957,206.9278,77391,132.125,307,132.01,75.1602,44.7317,374
958,204.084,77756,133.25,327,131.6,75.2187,44.9586,381
959,205.2275,77576,132.425,310,132.12,75.3971,45.2587,378
960,204.9289,77873,134.275,329,133.13,74.955,45.394,380
961,204.8389,80092,133.3375,313,132.17,75.4879,45.0241,391
962,206.6597,79564,133.5125,323,131.61,74.722,45.2431,385
963,206.2068,78771,133.4,331,132.33,74.3609,44.7254,382
964,206.3957,77192,133.1375,310,131.03,75.4582,45.0195,374
965,203.6744,78822,134.2375,309,132.16,74.5182,45.0698,387
966,205.8602,78021,133.3,305,131.88,75.1088,45.0658,379
967,205.6534,77737,135.475,340,131.63,74.9938,44.9742,378
968,205.362,78859,134.075,325,131.35,74.8409,44.8473,384
969,204.5466,78955,134.225,321,132.84,74.6224,44.9925,386
970,205.7299,76943,132.5,317,132.21,74.8104,44.9895,374
971,205.9191,78867,132.6375,319,130.72,74.1708,44.8736,383
972,203.5452,81011,133.1125,325,130.5,74.6588,44.9973,398
973,203.6804,79028,133.0625,307,130.72,74.7573,44.9429,388
974,204.8644,77029,134.725,315,132.3,75.0938,45.2613,376
975,204.1172,78381,132.7125,338,131.29,74.6389,45.0263,384
976,204.9103,77661,133.875,321,132.96,74.6646,45.2949,379
977,203.6342,77381,132.8,308,132.09,75.0409,45.2646,380
978,204.5873,77334,134.2125,309,131.69,74.7426,44.9994,378
979,205.9091,77010,135.225,308,133.46,74.0068,44.7744,374
980,203.2539,78456,134.5625,317,130.99,74.6343,45.2037,386
981,204.5851,79379,133.35,320,132.9,74.6416,45.2318,388
982,205.5251,77894,132.625,318,132.16,74.9377,45.122,379
983,206.2686,77557,134.4125,311,132.09,74.7333,44.9315,376
984,205.6164,77723,134.0625,327,130.79,74.8528,45.3051,378
985,203.7378,79254,133.85,320,131.9,74.5166,45.1116,389
986,204.8822,78265,134.425,326,132.19,74.7728,44.708,382
987,203.8982,78093,133.7,316,133,74.8084,45.2769,383
988,204.8408,77225,134.3875,309,132.78,74.7762,45.0064,377
989,204.3629,80519,133.4,317,131.16,74.1621,45.3432,394
990,204.5223,77923,134.6625,310,132.11,74.8756,45.0858,381
991,202.8906,77910,130.7875,307,129.53,74.5369,45.2599,384
992,205.9737,78270,132.0375,328,132.9,74.2212,44.7215,380
993,204.8586,78256,132.875,317,132.61,74.2688,45.0348,382
994,204.312,76617,131.6625,318,131.68,74.6579,44.832,375
995,204.3625,79497,133.4875,310,131.79,74.24,44.7395,389
996,204.4894,76888,133.1125,304,130.88,74.6456,44.8929,376
997,204.2105,81480,131.525,317,130.47,74.467,45.0369,399
998,204.9603,77475,133.6125,317,132.47,75.4416,44.9815,378
999,205.7566,77776,133.125,303,132.37,74.2428,45.121,378
1000,204.4138,77064,133.25,309,132.2,74.178,45.1328,377
1001,204.6834,77575,134.7875,312,132.51,74.0283,44.6915,379
1002,205.1828,78585,133.2,315,133.6,74.3837,45.2242,383
1003,205.1029,77734,134.525,321,132.85,74.8812,45.1602,379
1004,203.1023,79413,133.1125,310,130.54,74.6444,45.1521,391
1005,204.4987,78732,133.3625,309,131.73,74.8293,44.8788,385
1006,205.6101,77515,133.45,317,131.75,74.2515,45.0889,377
1007,204.2021,77801,134.4125,315,133.73,74.422,45.0326,381
1008,206.7253,77522,133.7625,312,131.31,74.6212,45.1787,375
1009,203.4734,76506,134.3,305,132.61,74.3898,44.9939,376
1010,204.2098,78825,133.1,323,131.7,74.6309,45.4995,386
1011,203.0747,78793,134.7625,298,133.65,74.4335,45.2449,388
1012,201.4362,78963,133.6625,299,131.31,74.5009,45.1827,392
1013,205.008,76878,133.7875,309,131.35,74.6763,45.4031,375
1014,202.1954,87955,132.525,313,131.64,70.0153,44.7009,435
1015,205.5979,79772,131.875,339,130.25,74.5046,45.0016,388
1016,201.7367,79686,132.6375,310,130.12,74.3055,45.1595,395
1017,203.6233,76766,132.95,308,131.5,74.2103,44.9837,377
1018,204.9204,77255,134.4875,301,132.78,74.2448,45.2641,377
1019,203.9427,78314,132.6375,309,131.57,74.8698,45.1655,384
1020,204.9842,77894,133.7875,317,131.66,74.4452,44.9685,380
1021,204.0368,77534,135.3125,317,131.62,74.4928,45.3285,380
1022,203.9206,77082,135.4,304,132.9,74.571,44.8248,378
1023,206.6684,77294,134.8125,338,132.22,74.2341,45.1725,374
1024,204.552,76707,132.95,312,132.77,74.4281,44.7768,375
1025,204.5368,77724,132.9625,336,130.28,74.4772,44.8337,380
1026,203.9744,79754,132.0625,312,130.8,73.9399,44.9537,391
1027,205.8995,77830,132.35,334,133.62,74.4701,45.1079,378
1028,205.0214,76678,133.4,332,133.12,74.3468,45.0353,374
1029,203.1457,80852,133.875,304,131.6,74.6094,45.2705,398
1030,204.0418,78148,133.325,313,134.09,73.9944,44.8142,383
1031,204.2876,77425,133.3625,330,130.65,74.4224,44.7382,379
1032,204.3886,78894,132.3875,302,131.45,73.9626,45.1491,386
1033,203.3979,77698,133.0875,298,132.06,74.3137,44.7556,382
1034,205.2068,78389,133.0125,309,131.33,74.5017,45.3353,382
1035,203.6301,79823,133.9625,309,132.34,73.9655,45.1465,392
1036,204.3493,76631,132.9375,314,130.2,74.8012,44.7872,375
1037,204.6021,78158,134.4,315,131.61,74.4715,45.1274,382
1038,203.217,81490,132.8125,320,131.7,74.3279,45.3129,401
1039,204.4204,78293,132.9375,311,132.95,74.8367,44.8882,383
1040,205.1227,78562,134.3875,338,132.86,74.3987,45.1174,383
1041,205.0337,79143,131.375,301,131.36,73.9927,45.0076,386
1042,203.3579,80123,132.575,341,132.15,74.879,45.3186,394
1043,203.7079,77409,132.6375,305,130.55,74.302,45.0779,380
1044,204.88,76830,133.4375,316,132.33,74.5841,45.0643,375
1045,202.9591,79357,132.6125,315,131.87,74.5493,45.3888,391
1046,205.0714,77517,131.95,313,133.53,74.4902,45.1992,378
1047,203.057,78380,134,319,131.58,74.2934,45.3976,386
1048,203.9387,76477,133.7375,297,132.44,74.4825,44.8081,375
1049,203.7786,78251,133.525,302,131.76,73.9997,45.1688,384
1050,205.3873,77431,132,306,132.69,74.6282,45.2241,377
1051,203.9817,78125,132.625,292,132.5,74.6647,45.053,383
1052,204.7179,79840,132.7875,303,130.54,74.8765,45.272,390
1053,204.0919,77759,133.9125,330,132.34,74.3804,45.0308,381
1054,205.867,77406,133.675,314,132.04,74.6445,45.0964,376
1055,204.4212,79111,132.1625,290,131.94,74.2111,45.3732,387
1056,203.0437,78984,131.9125,312,129.38,74.3306,45.121,389
1057,203.5974,79403,132.275,310,132.04,74.4574,45.0434,390
1058,203.7896,78459,134.575,324,130.2,74.5458,45.1892,385
1059,204.7613,77195,131.7375,305,132.42,74.1171,45.2246,377
1060,204.2929,77427,135.125,315,132.68,74.6122,45.3366,379
1061,204.1601,77785,133.8,320,132.29,74.586,45.2418,381
1062,204.9288,77668,134.3375,314,131.3,74.434,45.0068,379
1063,204.1806,77997,134.225,333,131.36,74.4834,44.9544,382
1064,205.0897,79985,132.8125,301,133.18,74.3586,45.0545,390
1065,204.0799,79183,133.55,315,130.87,74.0984,44.8972,388
1066,204.9169,78893,135.5875,301,133.59,74.5425,45.0703,385
1067,204.1926,77389,135.3,314,132.19,74.4898,45.121,379
1068,204.9482,79110,133.4125,322,132.12,74.5724,45.2188,386
1069,203.5617,80814,132.4375,315,132.32,73.9622,45.2701,397
1070,204.9574,77064,130.675,303,131.61,74.3748,44.7802,376
1071,203.9483,78928,136.725,319,132.48,74.2601,45.0047,387
1072,204.1473,79005,132.325,313,132.4,74.589,45.2916,387
1073,203.9793,78736,132.1,313,131.29,74.0527,45.1968,386
1074,203.8442,78480,134.9125,313,133.42,73.7676,45.1365,385
1075,203.5433,77550,132.6375,322,132.74,74.2663,44.7717,381
1076,203.1785,77411,133.325,321,131.87,74.5693,45.1126,381
1077,203.1714,78221,133.425,306,131.84,74.2951,45.1364,385
1078,204.8209,76603,133.65,321,133.08,73.968,44.8968,374
1079,203.7234,76600,131.8875,319,132.15,74.046,44.5824,376
1080,204.6569,76951,132.9,305,131.6,74.3651,45.3638,376
1081,203.0384,79388,132.55,305,131.36,74.5142,45.1542,391
1082,204.9363,77261,133.9625,314,131.27,74.5042,45.0814,377
1083,204.4326,80342,133.575,302,132.46,74.1373,45.193,393
1084,203.9158,77488,133.8625,304,130.85,74.8064,45.5034,380
1085,204.7032,76559,133.55,304,132.46,74.3724,45.4377,374
1086,205.1604,76730,133.2625,318,132.51,74.4722,45.095,374
1087,204.6852,77371,132.9375,332,130.91,74.1707,44.8509,378
1088,204.8396,76610,131.925,311,131.58,74.2116,44.765,374
1089,203.3795,79318,132,313,131.05,74.1599,44.8632,390
1090,205.0919,78140,131.85,312,132.31,74.4389,45.0442,381
1091,205.0814,78136,132.4375,310,131.34,74.9716,45.5122,381
1092,204.6047,78159,132.3375,312,131.23,74.1843,45.119,382
1093,204.2766,76808,131.2375,304,132.06,74.4818,45.0808,376
1094,202.7183,78452,132.95,307,132.5,74.0644,44.9765,387
1095,203.7468,78850,132.525,305,130.95,74.0946,45.0597,387
1096,204.504,77098,132.225,321,131.63,73.7693,44.9118,377
1097,205.1737,77966,133.7875,323,133.05,74.5187,45.4675,380
1098,202.4321,81985,132.3625,307,132.28,74.211,45.0501,405
1099,203.7533,76815,133.0375,315,130.26,74.6242,44.9107,377
1100,203.8203,78267,132.925,310,131.48,74.1837,45.1454,384
1101,203.6127,80427,133.175,321,131.62,74.8013,45.6507,395
1102,204.0796,76938,134.3375,315,132.82,74.2579,45.4562,377
1103,203.1286,77392,134.2125,307,132.13,74.0561,45.0571,381
1104,204.183,79223,135.125,330,134.06,74.1871,45.2468,388
1105,203.2636,78663,133.1125,301,132.03,74.1817,44.8633,387
1106,204.2242,79239,131.7625,324,132.94,74.117,45.061,388
1107,203.5066,77536,133.75,313,131.73,74.2855,45.2544,381
1108,205.5421,78106,133.575,305,132.31,73.9861,44.799,380
1109,205.664,77124,133,335,132.66,73.8202,44.9045,375
1110,204.0899,77146,132.825,308,132.68,73.9903,45.0513,378
1111,203.9761,76695,132.225,323,132.45,74.5991,45.2078,376
1112,199.9185,90763,131.8125,317,131.79,69.6814,44.5494,454
1113,204.1164,77156,132.6875,314,131.85,73.9821,45.3488,378
1114,203.9173,78916,132.8875,306,130.99,73.8795,45.2789,387
1115,202.1624,79652,133.7375,310,132.44,74.4333,45.5632,394
1116,198.2628,96554,134.4875,309,132.72,69.113,44.7884,487
1117,204.8827,76831,133.5125,320,132.43,74.0872,44.9221,375
1118,203.4764,82001,132.475,322,133.91,71.4241,44.8686,403
1119,202.4127,79953,132.775,314,131.79,74.5138,44.9963,395
1120,204.6613,76748,132.5125,317,132.48,74.2724,45.3506,375
1121,204.2068,78007,133.7125,312,130.81,74.4682,44.9734,382
1122,204.408,76653,132.7625,305,130.96,74.0486,44.9376,375
1123,204.1451,77371,134.5875,300,132.55,74.1975,45.0996,379
1124,203.3549,78495,133.675,312,132.45,74.4299,45.2192,386
1125,204.5253,76697,131.7125,304,130.27,74.8366,45.4247,375
1126,203.9868,77515,134.2,327,132.43,74.594,45.1172,380
1127,205.1872,76740,133.2625,309,131.31,74.3213,44.5506,374
1128,205.3803,77223,132.7125,308,135.6,74.7536,45.6542,376
1129,203.6332,77177,134.275,299,133.13,74.1794,44.9792,379
1130,203.4301,78524,132.975,304,131.81,74.3276,44.9608,386
1131,202.3101,78294,133.4125,309,132.08,74.1978,45.094,387
1132,202.9738,77536,133.6125,307,132.18,74.4012,44.593,382
1133,205.2373,76964,132.8125,306,133.27,74.5709,44.94,375
1134,202.9367,76913,131.3375,305,131.62,73.8577,44.6747,379
1135,204.1615,78398,131.3125,304,132.17,74.0827,44.9365,384
1136,203.137,78614,132.3125,326,132.37,74.421,45.3431,387
1137,202.2821,78890,134.25,316,132.14,74.0329,44.9977,390
1138,200.4595,96421,132.0625,315,131.79,68.7942,44.6505,481
1139,203.4316,77304,132.2,300,132.57,74.192,44.8337,380
1140,203.6895,77402,132.5625,312,132.42,74.393,44.8351,380
1141,203.4872,79767,132.375,323,133.16,74.8212,45.305,392
1142,203.8571,77058,134.0125,320,132.49,73.6162,45.3645,378
1143,204.0105,77524,131.675,333,131.49,74.7226,45.2214,380
1144,203.1624,78827,132.5375,314,132.32,74.4564,44.8244,388
1145,199.9436,92174,133.225,310,131.09,68.9581,44.8164,461
1146,203.4519,78329,133.1,301,132.91,74.0997,45.2141,385
1147,204.3701,77865,133.3,316,131.25,73.911,45.2978,381
1148,204.5155,78943,132.7875,307,133.27,74.3582,45.1473,386
1149,202.3907,78730,134.0125,306,132.62,73.638,44.4073,389
1150,205.1458,78776,133.4,315,131.68,74.4247,45.1098,384
1151,204.8915,77449,134.5875,312,133.03,74.3913,44.6955,378
1152,205.1061,77325,131.85,292,132.6,74.2853,45.2325,377
1153,201.3432,81544,132.9625,307,132.44,73.8748,45.3945,405
1154,204.8753,78877,133.5,304,132.49,74.2083,44.908,385
1155,204.1008,76946,132.95,306,131.07,73.8501,44.7549,377
1156,203.8372,78885,132.5875,318,132.54,73.8976,44.99,387
1157,204.4854,77091,133.725,305,131.98,74.3933,45.5925,377
1158,203.6257,77785,134.1125,296,131.73,74.5014,45.3011,382
1159,204.0796,76938,133.1,326,131.85,74.411,45.0991,377
1160,202.5541,76768,133.6,332,133.29,73.4278,45.0515,379
1161,203.0709,77370,132.2125,301,132.02,74.1876,45.7529,381
1162,202.7662,78065,134.0375,304,132.88,74.2943,45.3994,385
1163,204.6233,77143,132.175,328,131.3,73.8929,45.2564,377
1164,201.9846,78774,130.8625,298,131.93,74.186,45.2275,390
1165,202.9524,76716,134.3625,303,132.26,73.902,44.5172,378
1166,203.9233,77083,134.275,311,131.78,73.6201,44.6821,378
1167,204.1064,76744,133.6125,326,132.28,73.1824,44.4829,376
1168,202.448,75918,132.3,299,133.36,74.1835,45.2372,375
1169,204.1504,77373,133.9625,304,132.63,74.2287,45.3201,379
1170,203.9193,78305,133.975,328,132.23,74.5062,45.1363,384
1171,204.5829,76514,134.2,316,132.2,73.9265,45.1207,374
1172,203.885,76253,132.2125,312,132.2,74.0355,45.0383,374
1173,204.564,78348,135.175,330,131.78,73.4879,45.0733,383
1174,202.0921,76795,134.8375,307,132.77,74.3902,45.1514,380
1175,203.5831,77158,133.9375,328,132.28,73.774,44.8433,379
1176,203.0394,77358,134,307,131.17,73.8998,44.9269,381
1177,204.2427,77408,133.3125,331,131.73,74.0025,44.7989,379
1178,204.2395,77611,133.4625,310,131.84,74.2139,45.1376,380
1179,204.3228,77234,134.1125,296,131.39,73.9038,45.0009,378
1180,203.6267,76360,132.7875,296,132.27,74.4719,45.4539,375
1181,203.6349,76974,133.35,307,133.47,74.0898,45.2621,378
1182,205.3077,77401,134.5375,302,132.01,73.3333,44.8622,377
1183,202.3546,79323,132.7875,297,132.18,74.1392,45.2331,392
1184,203.3057,78476,132.0875,320,132.88,74.1104,45.1477,386
1185,203.9021,77075,133.3,298,133.8,73.4704,45.1474,378
1186,203.4357,77509,132.7875,313,130.93,73.8227,45.0702,381
1187,203.1749,77816,132.025,307,131.77,74.0506,44.9513,383
1188,203.565,76744,133.675,301,131.25,74.1416,45.3148,377
1189,202.6534,76603,133.45,326,130.9,73.9724,45.1776,378
1190,202.8237,77073,132.8625,306,130.84,74.3256,44.8764,380
1191,203.3021,78068,132.3125,313,131.52,73.678,45.1133,384
1192,204.0899,77146,135.4,308,132.19,74.1624,45.1796,378
1193,203.6923,76792,134.5125,306,132.87,74.1714,44.9127,377
1194,201.9293,77137,133.0875,308,131.54,74.1979,45.5703,382
1195,203.7963,77035,134.9125,317,132.17,74.3866,45.4718,378
1196,204.1011,76742,135.5625,313,131.43,73.847,45.476,376
1197,202.3385,77698,132.4375,338,131.19,73.8376,45.4885,384
1198,200.0179,89608,134.325,338,132.95,69.1627,44.8029,448
1199,204.336,76626,132.65,293,132.22,74.2696,44.8714,375
1200,203.8228,77045,132.9375,300,132.37,73.7127,45.1407,378
1201,203.7328,77011,133.15,316,130.67,74.0631,44.7275,378
1202,203.6052,78388,133.55,314,131.59,73.966,44.9824,385
1203,203.1176,75966,133.5875,301,131.51,73.9177,45.3217,374
1204,203.3868,77287,132.8875,304,131.68,74.0599,44.6166,380
1205,202.4304,77126,134.6625,312,132.66,74.0218,44.8087,381
1206,202.6624,79241,134,319,132.41,73.7271,45.0874,391
1207,202,77770,133.9,301,132.23,74.0178,44.6871,385
1208,203.5039,78756,133.6125,305,131.35,74.5922,45.6612,387
1209,203.2126,77424,132.5375,296,131.77,74.0268,44.7928,381
1210,204.512,76692,132.9875,329,132.94,73.8996,44.9871,375
1211,202.4427,79560,133.5,339,132.04,73.16,45.1242,393
1212,202.6501,77615,133.65,301,133.9,73.694,45.1239,383
1213,203.8747,78084,132.6625,313,132.55,73.8618,45.2198,383
1214,202.7857,76653,133.05,310,131.43,73.6691,45.1418,378
1215,202.8501,78503,131.9125,325,132.07,73.9,45.2423,387
1216,203.8084,77651,131.875,315,131.74,73.7114,45.3891,381
1217,204.0053,76910,133.3125,316,131.84,73.8149,44.6647,377
1218,202.9973,76327,132.775,312,132.33,73.5648,44.8565,376
1219,203.3168,77667,132.775,296,131.57,73.558,45.0337,382
1220,203.2606,76426,134.175,300,132.41,73.2884,44.9792,376
1221,202.2949,78895,131.85,302,132.79,74.1817,45.2997,390
1222,202.8189,77274,131.6,315,132.21,73.8291,44.6981,381
1223,203.042,77359,131.6625,303,131.88,73.644,45.766,381
1224,203.5445,77754,134.0375,311,133.18,74.2786,44.6885,382
1225,199.0634,94157,133.8,299,132.89,69.0416,44.8877,473
1226,203.5366,77751,132.8,306,132.03,73.7877,44.8729,382
1227,204.5729,77124,133.2,320,131.76,73.7026,45.1642,377
1228,204.1356,76755,133.1,312,131.51,73.5746,45.3539,376
1229,202.7216,78656,133.85,316,132.55,74.2228,45.1577,388
1230,203.0237,76946,135.4625,315,132.36,73.7239,45.0123,379
1231,203.4267,76285,133.3125,291,131.47,73.7976,45.0492,375
1232,202.801,77470,133.2875,307,130.09,73.5226,44.6787,382
1233,203.5419,77753,132.15,306,132.47,73.7351,45.1276,382
1234,203.1554,78418,131.7875,300,131.18,74.1627,45.0476,386
1235,201.4458,79974,133.275,312,132.35,74.4754,45.2413,397
1236,203.5607,78778,133.675,313,133.21,73.6954,45.0786,387
1237,202.781,76854,134.6375,299,132.8,74.1827,45.3295,379
1238,202.9797,79974,134.2125,313,131.91,74.1782,45.4781,394
1239,203.822,77860,132.0625,319,132.78,73.1452,44.9153,382
1240,204.608,76728,133.05,313,132.41,73.8073,45.2162,375
1241,204.873,77442,133.725,311,132.03,73.7516,45.0564,378
1242,203.4792,78136,131.2125,314,132.17,73.3552,44.972,384
1243,203.2249,76819,134.3125,303,131.45,73.8089,45.3407,378
1244,201.5865,80433,131.35,302,132.22,74.3511,45.2381,399
1245,203.5627,76336,133.4875,296,131.58,73.8401,44.9355,375
1246,203.021,77351,132.6875,302,130.64,73.6693,45.3502,381
1247,203.1102,77385,133.2875,328,132.13,74.3291,45.1032,381
1248,201.5612,79012,133.4625,310,134.44,73.6178,44.9895,392
1249,202.5053,76952,133.3375,294,132.01,73.5239,45.0936,380
1250,203.0424,76547,132.325,316,131.66,73.9897,45.1887,377
1251,202.4053,76914,134.35,300,132.03,73.5199,44.8498,380
1252,202.0077,78985,131.8875,295,132.21,73.7174,45.3111,391
1253,202.8377,77484,131.825,296,131.95,74.1598,45.179,382
1254,203.3747,77079,132.4875,332,131.69,74.6901,45.491,379
1255,201.5678,78813,132.7375,315,131.26,72.9147,45.2006,391
1256,203.45,77311,132.1,304,131.53,74.2938,45.0732,380
1257,200.7545,78495,133.025,302,130.43,73.5072,45.1603,391
1258,200.9405,87811,131.5625,321,129.81,68.8043,45.0666,437
1259,196.9425,102804,131.9,302,130.91,67.0168,44.8881,522
1260,202.4737,76940,131.675,313,131.73,73.8787,44.6844,380
1261,203.1791,75989,132.725,327,133.32,73.4772,45.4913,374
1262,202.0482,79607,132.6375,304,132.57,73.2868,45.0862,394
1263,201.6708,81475,132.25,314,132.99,73.4285,45.0621,404
1264,197.7988,98306,133.1,307,132.2,68.8469,45.1291,497
1265,198.1148,94897,132.4375,308,131.8,67.6737,44.8923,479
1266,203.4517,77922,131.7,330,131.71,73.896,45.1191,383
1267,202.7995,77875,133.3375,285,131.52,73.7339,44.6786,384
1268,201.7333,78676,133.1875,307,132.2,73.8321,45.702,390
1269,202.9532,78137,132.025,310,130.52,74.1566,45.0346,385
1270,201.0997,76619,132.6625,283,133.29,73.7641,45.1237,381
1271,202.094,77402,132.3625,302,131.81,74.0385,45.3717,383
1272,202.21,77042,133.6,300,132.73,73.8911,45.5381,381
1273,199.7857,81113,131.3375,309,130.51,73.8155,45.2702,406
1274,202.2116,76436,133.25,283,131.27,73.9707,45.0741,378
1275,202.2632,76860,134.05,285,131.25,73.7576,45.3483,380
1276,204.4415,76870,132.2625,297,132.01,74.2854,45.1384,376
1277,203.6772,76990,132.4125,295,132.03,74.1255,45.0236,378
1278,201.9273,77742,132.3125,301,133.28,74.0612,45.1128,385
1279,203.0397,76749,132.6375,312,130.29,74.0411,45.745,378
1280,203.9652,76283,133.4125,287,133.32,73.4006,44.8654,374
1281,200.5632,90454,132.325,297,132.5,68.8222,45.0485,451
1282,203.1395,77193,134.6875,305,134.47,73.7505,44.7805,380
1283,201.8868,76717,132.1875,300,133.15,73.4383,45.0077,380
1284,203.2299,76008,134.9875,309,132.45,73.3544,45.0084,374
1285,203.5662,78373,132.0125,315,130.35,73.7443,45.3802,385
1286,203.0026,76938,133.25,306,132.92,73.93,45.1069,379
1287,201.1536,77243,132.225,325,132.78,73.7373,45.0273,384
1288,201.562,76392,134.4875,322,133.02,73.7059,45.0538,379
1289,202.6958,76619,132.5,306,131.47,73.7581,45.1202,378
1290,204.1676,76767,131.325,310,132.66,73.5631,45.096,376
1291,200.4122,88983,131.9375,308,132.23,68.7487,44.7124,444
1292,202.7639,76442,133.425,304,133.44,73.2798,45.0282,377
1293,201.202,79676,134.8625,337,133.53,73.7827,45.307,396
1294,198.9933,89348,132.2375,323,131.04,69.9093,44.8892,449
1295,202.3943,77517,131.5,293,131.29,73.1434,44.9612,383
1296,202.1893,79056,131,303,131.92,74.0528,45.5005,391
1297,203.7813,76418,132.4625,301,131.52,73.4209,44.8682,375
1298,202.3553,79728,132.6125,304,133.15,73.8066,45.1687,394
1299,202.8504,77286,134.2875,308,131.6,73.0794,44.8643,381
1300,202.3394,77496,133.0375,312,131.25,74.1658,45.1533,383
1301,201.2358,77677,131.525,306,132.08,72.627,44.8721,386
1302,198.8092,82307,132.9125,314,131.77,73.2805,44.8365,414
1303,202.7021,76216,132.65,295,131.33,73.9863,45.1016,376
1304,201.9635,77554,131.9,333,132.31,73.6898,45.1363,384
1305,200.6904,79072,132.1,299,133.26,74.4056,45.2808,394
1306,202.095,76594,133.275,305,131.9,73.7774,45.3438,379
1307,201.3954,78947,131.1125,302,132.26,73.3821,45.1428,392
1308,202.6929,77226,132.675,296,130.77,73.6782,44.9711,381
1309,202.9683,76722,132.9125,296,132.46,73.5184,45.3017,378
1310,201.267,76884,131.6875,321,133.08,73.5595,44.8539,382
1311,203.752,76407,132.7375,311,132.13,72.9843,44.9627,375
1312,202.1406,77622,133.0875,295,132.6,74.1936,45.2604,384
1313,202.138,77621,134.5875,314,133.77,73.4175,44.998,384
1314,203.0969,77583,133.45,307,132.53,73.6079,45.4131,382
1315,200.9714,77374,133.6875,294,132.1,74.1094,45.2771,385
1316,202.322,77287,131.9875,299,133.14,73.2179,44.9105,382
1317,200.3037,76516,131.5625,313,131.05,73.9062,44.744,382
1318,202.8232,76870,133.2625,322,133.3,72.9737,45.3573,379
1319,201.0158,76386,132.1375,296,130.46,74.2424,45.1577,380
1320,202.9813,76118,133.0875,305,131.05,73.7618,45.0475,375
1321,198.1097,93904,133.375,336,132.13,68.8723,45.2274,474
1322,201.3446,77115,133.15,291,131.98,73.9792,45.2653,383
1323,201.4433,78160,132.85,295,131.64,74.2937,45.5948,388
1324,202.5949,79012,133.175,295,131.5,73.3735,44.9774,390
1325,202.4776,76739,134.5,302,134.13,73.5957,45.0008,379
1326,200.5945,79636,133.0125,308,131.66,73.9078,45.1771,397
1327,201.6947,76644,133.425,305,132.71,73.2705,45.0183,380
1328,200.2054,88691,131.875,305,131.4,68.7576,44.8228,443
1329,202.5211,76958,130.9625,306,132.06,73.9335,45.1564,380
1330,203.3723,76468,133.3375,314,130.97,73.9472,44.8429,376
1331,201.7263,78875,132.275,324,131.44,73.587,45.2463,391
1332,202.5053,76142,132.7625,301,131.39,73.5123,45.1895,376
1333,203.2084,77016,131.375,304,130.77,72.8029,44.9771,379
1334,202.6711,76407,132.075,311,132,73.8859,45.0795,377
1335,202.1398,76611,131.75,306,132.99,73.252,45.2433,379
1336,203.4358,76085,133.1625,318,131.98,73.671,45.2738,374
1337,201.9636,77756,134.225,306,133.08,73.6797,45.0821,385
1338,202.5851,76172,132.925,327,130.06,73.4913,45.2998,376
1339,202.8016,76659,132.9625,295,133.2,73.6877,45.1638,378
1340,201.313,79116,132.4,311,130.68,73.209,44.8206,393
1341,203.2083,78032,130.9875,302,130.49,73.5634,45.2599,384
1342,202.709,76624,133.775,308,133.66,73.4995,45.1736,378
1343,203.6516,76573,131.875,297,130.99,73.9889,45.2093,376
1344,199.4733,89763,133.4375,307,131.99,69.6872,44.8085,450
1345,202.9548,76311,133.15,297,132.32,73.5612,45.0072,376
1346,201.6436,78641,133.6125,299,130.94,73.5539,45.3573,390
1347,203.5066,76722,131.7625,309,130.34,73.0555,44.8566,377
1348,202.6992,76823,132.975,317,132.13,73.8652,45.1853,379
1349,202.84,76065,134.7375,310,132.4,73.617,44.7793,375
1350,201.5476,78402,131.6375,315,132.98,74.1337,45.2488,389
1351,202.0132,76563,133.1125,300,132.02,73.0222,45.0399,379
1352,202.1839,78043,130.35,304,131.44,73.796,45.291,386
1353,200.1561,82064,134.225,297,133.14,74.01,45.1099,410
1354,202.9005,77508,134.5,303,134.21,73.6524,45.4841,382
1355,202.7306,78254,132.05,299,135.06,73.4118,44.7603,386
1356,200.7008,78474,131.6125,294,131.18,73.2754,45.2083,391
1357,199.815,90716,133.4625,313,131.63,68.6258,45.1051,454
1358,202.4737,76940,130.175,328,130.51,73.7661,45.0871,380
1359,201.5927,77210,133.7875,297,133.37,73.5809,45.5447,383
1360,202.1794,76626,133.4125,308,133.72,73.7497,45.0586,379
1361,200.6352,78649,133.2875,304,131.9,73.3523,44.9929,392
1362,201.8329,76091,131.7875,286,131.8,73.3881,45.3978,377
1363,201.9948,78374,132.825,311,132.78,73.7672,45.1739,388
1364,201.6412,79245,132.1,305,132.6,73.021,44.7263,393
1365,199.3028,91480,133.65,292,130.86,68.2636,44.8171,459
1366,202.6544,76806,131.9875,315,131.83,73.4698,44.8779,379
1367,201.5428,75377,134.8625,293,131.76,73.6349,45.2724,374
1368,201.1496,76638,132.55,285,131.49,74.0976,45.554,381
1369,200.7809,77903,133.3875,298,132.52,73.5951,45.5406,388
1370,201.5104,77380,132.625,307,130.48,74.0022,45.1769,384
1371,199.8354,78935,133.1,296,132.24,74.1128,45.1692,395
1372,201.902,80357,131.6375,318,131.75,73.8243,45.297,398
1373,201.101,79636,133.2125,305,132.08,73.5267,44.8091,396
1374,201.9261,76530,134.55,304,132.93,73.3006,45.1026,379
1375,202.562,76771,133.6875,319,132.11,73.6528,45.292,379
1376,203.5467,76330,133.475,300,132.59,73.6423,44.9777,375
1377,201.5796,77205,133.175,306,133.3,73.4374,44.824,383
1378,201.0648,77611,132.7625,289,131.76,73.6116,45.287,386
1379,200.1209,91055,132,299,131.51,68.4614,44.7625,455
1380,201.9045,76118,133.825,294,133.45,73.3337,44.9177,377
1381,201.0795,78421,132.8,301,132.36,73.7068,45.7148,390
1382,197.6519,93687,132.9125,287,131.33,69.4887,45.0584,474
1383,200.9974,77183,134.575,299,132.93,73.6172,45.3,384
1384,202.4626,75721,134.1125,304,132.12,73.6659,44.8557,374
1385,203.1597,77607,132.6125,312,132.07,73.6915,45.5858,382
1386,202.321,76275,133.8,300,131.22,73.2661,44.6468,377
1387,203.0926,76769,133.65,303,131.89,74.2083,45.1733,378
1388,200.7671,79303,133.625,298,131.89,73.3909,45.4717,395
1389,202.024,75759,133.2375,307,133.33,73.6552,45.4268,375
1390,203.2406,76012,133.375,302,133.67,73.3971,45.1537,374
1391,203.1102,77385,133.55,290,132.18,73.4265,45.2788,381
1392,203.1813,76193,131.9,295,131.39,73.4493,44.7997,375
1393,202.1609,76619,134.225,310,133.63,73.3995,44.8408,379
1394,202.5462,76765,133.4625,297,131.25,72.6944,44.8534,379
1395,202.7612,77252,134.225,297,134.59,73.543,45.5025,381
1396,202.8016,77673,133.8875,303,131.84,73.6289,45.2047,383
1397,202.9545,75905,135.75,294,132.79,73.414,45.3404,374
1398,198.9784,92326,133.625,293,131.48,68.0604,44.7082,464
1399,203.1785,77411,131.4875,297,131.22,73.3661,45.2341,381
1400,204.568,76713,133.2125,308,131.47,72.559,44.8333,375
1401,202.5928,78606,132.6875,294,132.47,73.3973,45.3361,388
1402,201.2005,80279,134.9625,312,132.68,73.4213,45.364,399
1403,201.9661,77555,134.1125,289,133.04,73.0573,44.9924,384
1404,202.7538,79074,132.475,326,131.88,73.3939,45.0665,390
1405,201.7922,77690,132.7625,304,132.67,73.6732,44.936,385
1406,203.7139,83319,132.2875,292,131.45,68.4391,44.8069,409
1407,203.4737,77320,130.9375,313,130.8,73.5196,45.3675,380
1408,202.237,77659,132.3125,302,132.07,73.4734,45.2598,384
1409,203.1802,77818,132.3125,318,132.5,73.6206,44.5989,383
1410,202.5809,76373,132.85,308,131.04,72.8395,45.521,377
1411,203.7719,76822,134.4,311,133.43,73.7508,45.1544,377
1412,197.7794,95923,132.1125,310,132.64,69.1303,45.3824,485
1413,197.4427,98129,131.9,306,132,66.7415,44.9301,497
1414,201.537,76181,131.9375,301,131.46,73.5839,45.0976,378
1415,202.3603,77504,132.8,315,130.69,73.0992,45.2659,383
1416,201.5145,76374,132.4875,293,130.91,73.1819,44.9876,379
1417,200.9667,78377,134.7125,294,132.66,73.2528,45.2268,390
1418,202.4372,77331,133.4875,295,133.02,73.6215,45.1012,382
1419,202.6184,76995,133.225,333,131.08,73.6724,45.4979,380
1420,202.2918,76264,132.1,293,131.67,73.5985,44.9923,377
1421,201.856,77109,133.7125,302,132.67,73.7925,45.3913,382
1422,202.9844,78149,132.4,305,131.48,73.6534,45.47,385
1423,200.1754,79870,132.5625,297,131.88,73.698,45.4086,399
1424,198.5746,90550,132.3625,324,133.2,68.7054,44.9549,456
1425,203.0132,76739,132.575,304,132.4,73.6969,45.2193,378
1426,199.9413,78377,133.1875,297,131.7,73.4545,45.4662,392
1427,195.7018,100395,133.8625,286,131.53,68.4622,45.416,513
1428,200.9086,76948,132.2375,306,132.21,73.6543,45.6916,383
1429,201.984,75946,133.3875,313,132.13,72.8429,44.7233,376
1430,200.5784,78025,133.5,298,132.29,73.4585,45.3224,389
1431,202.8165,76259,131.0875,294,131.24,73.3628,45.3282,376
1432,202.9739,77739,132.525,304,131.86,73.8106,45.2873,383
1433,202.6074,76383,134.725,298,132.41,72.7259,44.9466,377
1434,201.322,76905,132.95,309,130.86,72.9258,44.971,382
1435,202.2834,75654,132.425,311,132.93,73.7455,45.3359,374
1436,200.6777,79067,132.775,303,133.16,72.646,45.2095,394
1437,201.2668,77689,133.925,304,132.55,73.4193,45.11,386
1438,201.1883,75848,133.525,306,132.77,73.1214,45.3267,377
1439,202.8504,77286,132.8625,325,131.52,73.3929,45.086,381
1440,202.1821,76627,131.775,295,131.69,73.525,45.0202,379
1441,201.6533,75620,133.0375,295,132.59,73.1759,45.0919,375
1442,202.2275,76442,133.05,315,132.94,73.368,45.0135,378
1443,201.5067,75565,131.85,303,129.99,73.5379,45.5215,375
1444,202.8665,77495,133.65,300,131.41,73.0055,45.3158,382
1445,200.5256,78205,132.3625,319,131.6,73.3105,45.1405,390
1446,202.3528,76287,135.0625,314,132.03,73.071,45.2995,377
1447,197.4815,95976,132.6875,310,131.66,68.3071,44.9668,486
1448,200.9375,80375,131.8375,295,131.43,72.8515,45.1407,400
1449,202.4514,77134,131.175,296,131.6,73.5291,44.9672,381
1450,202.0668,78604,134.3375,302,132.45,73.5697,45.1317,389
1451,201.5729,75993,132.25,328,132.54,73.1491,45.1471,377
1452,201.299,78104,132.775,298,131.27,73.2984,45.384,388
1453,197.6777,95676,134.6375,296,131.99,69.079,45.3506,484
1454,203.2021,76404,130.6,298,130.31,73.0006,44.8683,376
1455,201.5074,82215,132.9875,295,132.03,69.7117,44.9512,408
1456,202.5224,76756,133.2,312,131.37,72.9362,45.2723,379
1457,201.389,80757,132.9125,305,131.93,70.0053,44.8655,401
1458,200.1436,75254,131.8625,293,130.73,73.1452,44.9675,376
1459,201.138,77237,131.875,294,130.67,72.6337,44.9495,384
1460,201.9476,77144,131.3,296,130.12,73.6729,45.2866,382
1461,202.2421,76852,132.65,310,132.54,73.1187,44.7624,380
1462,201.5926,76202,131.8125,299,130.87,73.0602,45.3266,378
1463,202.6684,76406,132.05,302,132.26,73.2928,45.1669,377
1464,202.1561,76415,131.3625,305,131.64,73.4145,45.2506,378
1465,197.6766,92908,130.9875,308,133.07,68.9455,45.0199,470
1466,201.1351,77437,132.075,294,131.99,73.6789,44.8887,385
1467,197.6486,87756,134.2375,301,130.95,69.869,44.8008,444
1468,200.8449,75116,132.5125,288,132.35,73.8525,45.1294,374
1469,200.3211,76122,133.9625,331,132.26,73.5728,45.6937,380
1470,200.1066,78842,133.625,311,131.78,73.4932,45.314,394
1471,201.2853,75482,133.55,299,134.45,73.1562,45.4532,375
1472,200.904,75339,132.6375,304,131.78,73.1635,45.0593,375
1473,195.4179,93996,133.4375,293,132.82,67.8904,44.8218,481
1474,200.4757,78386,132.3375,287,132.47,73.2834,45.5274,391
1475,201.0079,76785,133.8125,289,132.09,73.1891,44.9922,382
1476,199.9062,76764,133.675,299,132.41,73.4487,45.708,384
1477,201.6931,76240,133.25,289,132.14,73.4211,45.0672,378
1478,198.0501,79022,133.7875,280,132.7,73.3449,45.4013,399
1479,200.7354,75878,132.0125,284,132.16,72.8438,45.4139,378
1480,198.8519,85904,133.25,296,131.97,68.2929,44.992,432
1481,199.6256,77854,132.8125,323,132.22,72.6592,45.0318,390
1482,201.6561,76226,131,306,131.02,73.3943,45.5507,378
1483,200.2275,75686,132.6125,292,132.21,73.1072,45.4192,378
1484,200.7585,76489,133.25,300,132.05,73.1114,45.6685,381
1485,199.7356,76299,132.3,281,130.9,73.0723,45.0909,382
1486,200.4974,76189,132.3,299,132.03,73.2755,45.2839,380
1487,199.9948,76798,132.7875,297,132.41,73.5338,45.2946,384
1488,199.3455,76150,131.875,293,131.34,73.5694,45.0992,382
1489,201.2937,76089,132.35,291,131.77,72.9671,44.9344,378
1490,200.9947,75574,131.8,309,131.43,73.7335,45.3309,376
1491,198.6397,86011,132.1625,296,131.83,68.5767,44.7173,433
1492,200.7547,75283,130.8,299,131.22,73.4133,45.1544,375
1493,202.0824,75983,131.775,299,132.64,72.576,45.1599,376
1494,200.7619,75888,133.2,317,131.71,73.1338,45.2489,378
1495,201.0479,75594,133.575,312,132.01,72.8989,44.9964,376
1496,200.2016,76477,131.2125,324,131.93,73.196,44.8944,382
1497,200.2442,77094,131.8125,285,131.2,72.9702,45.5558,385
1498,197.0235,92207,132.475,308,132.52,67.9969,45.1459,468
1499,195.9799,97402,131.6375,296,131.97,66.2443,45.0159,497
1500,200.1847,75870,130.575,309,130.78,73.0475,44.8465,379
