1,175.8049,36040,125.325,226,124.92,74.332,40.8718,205
2,172.9217,39772,125.7,218,124.87,74.6728,40.6063,230
3,173.4907,37474,125.725,216,124.9,73.9908,40.97,216
4,173.3171,35530,127.4625,211,125.75,74.9909,41.0007,205
5,173.0599,37554,125.2125,221,125.11,73.4715,40.6852,217
6,172.0323,37331,125.55,214,124.15,73.6228,41.0432,217
7,172.3043,39630,127.8,216,126.08,74.9191,40.9946,230
8,173.3881,37972,125.1125,219,124.33,74.28,40.202,219
9,171.7355,41560,126.3375,222,124.29,74.6879,40.4291,242
10,170.5505,37180,126.475,226,124.6,73.2924,40.7829,218
11,171.6898,37085,125.5,219,123.55,74.9496,41.3389,216
12,174.4734,36116,125.375,226,125.52,74.2877,41.5493,207
13,171.8802,37298,123.8625,219,123.57,75.1048,40.6433,217
14,171.2372,36816,124.9625,218,124.6,73.9617,40.2675,215
15,172.1898,37193,127.8625,218,125.2,74.7034,40.7937,216
16,171.1031,38156,123.8875,221,123.48,74.4137,41.0052,223
17,170.9144,37943,126.1625,212,125.12,74.127,41.1219,222
18,171.0617,38831,124.6,220,124.2,73.6639,40.4153,227
19,171.8538,36433,125.7625,214,124.83,74.2188,40.6257,212
20,171.2254,36471,125.3375,208,124.35,74.0596,41.4171,213
21,172.1712,38222,124.575,221,124.41,73.9226,40.3641,222
22,170.7615,37226,127.3375,208,123.77,74.1668,41.228,218
23,172.6087,35730,125.125,209,124.58,74.5507,40.9518,207
24,170.9537,36926,123.925,206,123.67,74.0369,41.2794,216
25,172.0274,37674,126.125,209,125.05,73.6886,41.1962,219
26,171.9862,37493,125.575,222,124.1,74.0904,41.8543,218
27,173.2654,36559,124.2125,213,124.62,73.7783,40.4964,211
28,173.2248,37763,127.9,213,124.91,74.6398,41.3062,218
29,173.0278,37374,126.975,224,126.06,74.3409,41.228,216
30,173.7018,37867,125.2125,217,124.65,74.1785,40.6983,218
31,173.1653,40867,124.2125,216,123.63,74.0083,41.5277,236
32,174.9112,37431,122.675,219,123.35,73.2008,41.2888,214
33,175.5566,37218,126.625,231,124.54,73.8229,40.3209,212
34,176.8815,37322,126.4625,220,124.66,72.8297,40.8741,211
35,178.966,36867,126.45,219,123.76,73.7777,42.315,206
36,178.9369,39724,125.3375,235,124.94,72.9527,41.5408,222
37,180.9535,38905,125.275,225,124.96,73.8309,40.8828,215
38,182.7067,38003,125.875,221,124.94,73.801,41.7546,208
39,185.5071,39142,124.7875,236,125.22,73.5674,41.1198,211
40,186.9854,38519,126.2,237,125.73,73.7926,41.8317,206
41,188.8606,39283,125.7375,263,124.87,73.3465,42.0053,208
42,189.4663,39409,124.725,241,124.39,73.9801,41.2394,208
43,188.2957,43308,126.65,268,124.65,74.0831,41.7854,230
44,188.9227,41563,125.275,252,124.99,73.1769,41.2967,220
45,188.1854,38578,127.175,235,125.21,73.2458,41.7043,205
46,187.1256,40232,125.525,237,125.28,73.4366,41.9289,215
47,187.2067,38939,125.925,237,125.9,73.4348,41.3289,208
48,184.555,38572,127.55,232,125.64,72.9386,41.1071,209
49,184.8618,40115,127.475,226,124.92,73.3896,41.9938,217
50,182.8904,40053,125.8625,244,125.17,73.5118,41.06,219
51,182.1509,38616,127.1625,229,125.14,73.0385,41.8085,212
52,181.4737,37928,124.625,221,124.85,73.171,41.2703,209
53,182.1699,37527,126.075,215,124.14,73.0154,41.3539,206
54,181.8531,38371,124.9125,230,123.89,73.2076,41.3955,211
55,185.2429,38901,125.8,255,124.07,72.9047,41.7454,210
56,185.4245,39310,126.9875,259,125.57,73.651,42.4779,212
57,183.9587,40103,124.55,234,124.73,73.0401,41.7647,218
58,185.319,38917,123.9125,242,124.04,73.6449,42.0151,210
59,184.7416,38611,125.7125,235,125.75,73.585,42.9194,209
60,186.4104,39519,124.0625,240,125.31,73.064,41.7716,212
61,186.599,38626,125.2625,235,124.86,73.3187,41.8174,207
62,186.9856,39080,124.6125,235,124.37,72.9604,42.1486,209
63,187.0049,38336,127.4,232,123.92,72.9582,41.8021,205
64,185.8381,39026,127.5375,231,125.46,73.0673,41.5676,210
65,186.2184,38361,125.3375,238,124.75,73.2194,41.7164,206
66,186.2356,38737,125.0375,237,125.31,73.0338,42.0791,208
67,185.1327,39063,126.4375,232,126.26,72.9865,41.9366,211
68,182.1455,38797,127.225,230,125.2,73.0251,42.4182,213
69,183.2379,37747,126.6125,231,125.34,72.675,42.1364,206
70,181.4612,37381,125.0875,239,123.55,73.466,42.6506,206
71,180.3623,37335,125.875,220,125.36,72.7352,42.1558,207
72,179.9282,37605,127.175,233,124.86,73.304,42.0477,209
73,176.5263,40248,125.45,216,125.41,73.2635,42.2789,228
74,176.7729,36592,124.8,213,124.35,73.1542,41.7598,207
75,176.6667,38690,125.775,241,125.69,73.1257,42.5464,219
76,175.9954,38367,124.55,217,125.26,72.4335,42.3398,218
77,174.3208,36956,126.4,214,124.97,73.0513,42.136,212
78,176.2038,37179,125.2,238,125.05,73.0103,41.5198,211
79,174.7313,39664,125.9625,222,125.92,72.8738,41.9208,227
80,176.1304,36459,126.6125,233,125.62,73.1288,43.2219,207
81,174.9252,37434,123.975,216,124.05,72.1649,41.6919,214
82,175.5139,37911,125.825,213,125.59,72.7407,42.541,216
83,173.0837,39290,124.8,202,125.32,73.2078,41.7866,227
84,172.9543,37877,124.125,211,124.37,72.6302,41.8809,219
85,174.5071,36821,124.2,216,124,72.9152,42.2346,211
86,173.1622,38442,126.95,212,124.86,73.5988,42.3249,222
87,172.8,38016,126.0125,215,125.37,72.5688,42.6247,220
88,172.367,37576,124.625,210,123.82,73.1967,42.964,218
89,171.6438,39993,123.9875,211,124.53,73.5692,42.8603,233
90,173.8599,35989,126.0375,228,125.8,73.2203,42.4914,207
91,171.2811,37168,125.1125,214,124.52,73.1194,42.1623,217
92,174.5874,35965,125.0375,217,124.39,72.7613,43.0177,206
93,171.4714,38924,125.1375,220,123.62,72.59,42.8219,227
94,171.8018,38140,123.3625,229,123.7,73.8584,43.2052,222
95,171.4716,39267,124.4,216,124.55,73.3532,42.3318,229
96,170.7965,38600,123.3,222,123.18,72.8048,41.9578,226
97,171.1071,38328,126.1125,212,124.64,72.875,40.9607,224
98,172.5525,37789,126.625,218,125.1,73.4357,43.2725,219
99,171.1028,36616,124.7,217,125.27,73.8533,42.6848,214
100,171.9019,36787,124.6375,224,124.51,72.5425,42.7035,214
101,170.8698,36737,125.7375,206,125.58,72.5382,42.404,215
102,171.1292,35766,127.0625,213,124.37,72.907,42.131,209
103,170.277,36269,124.425,224,123.69,73.324,42.7225,213
104,170.0239,35535,123.475,220,123.75,73.318,42.294,209
105,169.8657,36691,123.625,218,124.13,72.2578,43.3145,216
106,170.4387,36133,123.9625,202,124.6,72.1903,41.8479,212
107,170.0543,37582,126.2375,222,124.17,73.0455,42.8057,221
108,167.9076,39962,124.6125,213,124.64,73.1523,42.3067,238
109,168.9955,37179,125.9875,202,125.71,72.2407,42.4438,220
110,170.0694,36735,125.325,206,123.67,73.0113,42.8515,216
111,169.1374,35688,125.5625,201,124.88,72.3747,41.5351,211
112,169.8173,35322,128.3125,217,126.52,72.5719,43.6591,208
113,170.6095,35828,123.875,206,124.34,73.2468,42.9407,210
114,170.229,36429,125.8875,211,125.36,72.2209,42.6631,214
115,170.3301,35599,123.35,213,124.4,72.0477,42.2336,209
116,170.467,36139,126.4,213,126.07,72.7634,43.2638,212
117,172.4714,36219,126.1625,208,125.33,72.2058,42.8105,210
118,170.4537,34943,125.4875,209,125.17,72.0227,42.9332,205
119,170.8199,36043,126.125,204,125.71,72.3983,43.5385,211
120,171.7512,35896,124.3,206,124.6,73.0608,42.9344,209
121,168.97,39370,124.0625,213,125.38,72.829,42.6831,233
122,169.6239,36978,126.075,207,124.77,72.0644,43.4036,218
123,170.4387,36133,124.7875,217,124.16,72.4507,42.9435,212
124,170.9617,35731,125.8625,215,124.87,73.1296,42.9415,209
125,170.0667,35714,124.375,215,124.42,72.6829,42.3108,210
126,170.3636,35606,125.1625,215,124.65,72.3872,42.8492,209
127,169.3661,37938,125.5625,218,124.59,73.2978,43.3972,224
128,168.816,35789,125.9875,205,125.62,72.5936,41.4898,212
129,168.7248,36782,126.15,208,124.16,72.7663,43.4817,218
130,169.0423,36006,124.6625,211,124.69,72.4924,42.6885,213
131,168.0705,38152,125.325,200,124.72,72.8537,43.7741,227
132,167.4518,38179,123.35,210,124.11,72.1393,43.1328,228
133,168.5388,36910,125.4125,198,125.3,73.5002,43.4405,219
134,168.8365,35118,124.275,208,125.29,73.0097,42.994,208
135,167.3761,39166,124.0375,204,124.42,73.1815,42.6192,234
136,169.2379,34863,124.2,211,124.99,72.4344,42.0237,206
137,168.5308,35560,127.6,205,125.54,72.5014,43.1382,211
138,167.2837,35966,125.85,205,125.18,72.9043,43.685,215
139,167.1514,36439,125.05,195,126.26,72.0546,42.8998,218
140,168.6759,36434,126.175,204,125.72,72.8272,42.4813,216
141,167.5116,36015,125.4625,207,123.66,72.5411,42.6859,215
142,166.6143,34989,125.4,219,125.75,72.2557,43.1188,210
143,168.7361,36447,124.1625,210,124.15,72.3557,42.9619,216
144,167.4218,35326,123.8375,213,123.82,72.2152,42.582,211
145,166.4342,37947,125.7625,210,124.78,74.0288,42.4042,228
146,169.1019,34835,123.4125,200,123.61,72.8826,43.4147,206
147,168.892,35974,126.65,206,125.62,73.235,42.3955,213
148,166.758,36520,124.8,201,123.7,72.4249,42.6208,219
149,165.9038,39651,125.5375,204,124.87,74.0785,42.4019,239
150,168.3756,34517,124.5,205,125.5,72.699,42.48,205
151,167.5714,37536,124.9625,200,124.52,72.9492,43.0143,224
152,168.0913,34963,125.8125,211,124.81,73.3433,42.4181,208
153,169.8438,38045,123.95,224,123.63,73.6936,42.5633,224
154,167.6545,36884,125.0375,203,124.62,72.7516,43.1507,220
155,167.5681,35692,125.7875,207,124.01,74.4511,44.0124,213
156,166.6502,37163,121.7,213,123.06,72.1586,42.1266,223
157,167.0586,39927,125.7375,202,123.64,73.7161,42.635,239
158,167.8843,36263,124.5375,200,124.35,73.7958,43.2915,216
159,167.1629,36943,122.1625,203,124.21,72.8247,43.0805,221
160,167.4976,35007,125.8875,201,125.26,72.1276,42.3725,209
161,166.0089,37186,126.4375,204,124.4,73.4839,43.0687,224
162,167.1925,35612,124.0375,196,123.8,72.0428,42.626,213
163,167.6743,36553,124.925,223,125.93,73.2193,42.2374,218
164,167.1822,37616,124.5,206,124.45,72.8065,42.0965,225
165,166.7559,35519,125.575,205,124.54,72.6072,42.823,213
166,168.2176,36335,123.8125,212,124.19,73.2052,43.6613,216
167,167.5227,36855,123.8125,204,124.37,74.0587,44.3676,220
168,168.1505,34639,124.4,199,125.89,73.0279,42.8399,206
169,166.746,42020,124.5375,207,124.23,73.7625,42.5009,252
170,169.4198,35917,125.5375,205,125.5,72.5394,43.494,212
171,168.5829,35571,124.475,205,124.57,71.9689,42.0858,211
172,171.3131,36661,126.275,215,124.69,72.4489,42.315,214
173,171.0769,35584,126.4625,198,124.8,72.9496,42.8205,208
174,169,37180,125.1625,205,124.22,73.0193,42.5915,220
175,169.4663,35249,123.4875,207,124.22,73.1212,43.4576,208
176,170.6731,35500,123.9125,219,123.98,72.643,42.4666,208
177,169.0338,34990,124.0625,201,124.6,72.3121,42.5534,207
178,169.2039,34856,124.775,217,124.22,73.7892,42.8337,206
179,168.4932,36900,124.35,206,124.16,72.5526,42.1664,219
180,169.6117,34940,126.2,210,126.35,72.9531,42.1161,206
181,170.1707,34885,126.95,204,125.3,73.2993,42.6873,205
182,167.5364,36858,124.7,214,124.68,72.4568,42.3117,220
183,168.7094,39478,125.9625,206,124.64,73.3984,42.3408,234
184,168.7887,35952,124.5,205,125.04,73.1708,41.8185,213
185,168.3097,38038,123.6375,204,123.04,73.1109,41.795,226
186,170.4093,36638,124.9,207,124.14,73.5203,42.6391,215
187,168.7273,38976,123.6875,204,123.21,72.3828,42.5601,231
188,171.447,37204,125.25,220,124.52,72.8864,42.6671,217
189,170.0995,37592,126.025,205,125.6,73.2865,42.2851,221
190,170.5225,37856,126.825,204,126.33,73.21,43.0892,222
191,171.1745,36289,124.1,217,124.03,72.5559,43.0353,212
192,174.3366,35739,124.7875,217,125.53,73.375,42.8855,205
193,173.3398,35708,124.2875,206,124.42,72.5817,42.0685,206
194,172.5596,37618,125.8,215,125.53,72.49,42.7967,218
195,174.1429,37789,125.6875,226,124.69,73.1728,42.0969,217
196,172.25,37206,125.3375,223,124.18,73.6479,42.572,216
197,172.7972,36633,124.675,228,124.68,72.1108,42.1394,212
198,173.6245,39760,126.975,217,125.4,73.5296,42.0455,229
199,172.6861,38509,124.8125,232,124.8,72.5523,42.3734,223
200,174.0909,36385,125.4875,212,124.03,72.562,42.3804,209
201,173.4978,39037,125.1625,218,123.65,72.9228,42.7373,225
202,171.9136,37821,124.7875,213,123.96,73.1467,42.8065,220
203,173.3206,36224,123.9875,209,124.18,73.7389,42.9932,209
204,173.976,36187,124.5625,225,124.93,73.3878,42.5113,208
205,176.2083,38061,124.075,228,124.87,73.9001,43.3428,216
206,176.8937,36617,124.4125,222,124.55,72.6451,42.5807,207
207,175.0293,35881,124.9125,221,125.06,72.7854,42.5783,205
208,174.1376,37962,125.275,217,125.14,73.7796,43.9143,218
209,172.3425,37743,124.625,215,125.45,73.1002,41.4911,219
210,173.5142,36785,125.375,229,124.28,72.7072,42.1334,212
211,172.1268,35286,124.8625,214,124.09,72.4654,42.6114,205
212,172.3568,36712,123.9375,209,123.24,73.4104,43.4112,213
213,173.2308,36032,123.775,215,124.35,72.2023,44.1975,208
214,172.0186,36984,122.7375,207,124.43,73.1455,42.3192,215
215,170.6325,39928,125.7625,203,124.78,73.645,43.1143,234
216,169.6087,39010,123.4375,221,125.76,73.5674,42.3894,230
217,172.237,36342,124.0625,221,123.32,72.6561,43.0158,211
218,169.9301,38914,125.3375,207,125.1,72.3905,42.1197,229
219,171.5865,35690,126.675,234,124.67,73.1933,41.6065,208
220,169.81,37528,125.7,204,124.86,73.1433,43.9996,221
221,170.0533,41493,123.75,224,125.02,73.3387,42.0251,244
222,168.2918,43251,124.4875,213,124.1,75.0447,42.1183,257
223,169.1187,37037,123.5875,198,124.46,72.4657,41.7662,219
224,169.8389,35836,125.0375,211,123.86,73.0636,41.6452,211
225,168.784,35951,124.4375,214,123.79,72.9177,42.6082,213
226,170.1292,35557,125.3,204,124.7,73.2625,42.2741,209
227,170.0773,39628,124.2875,205,123.47,72.9682,43.2034,233
228,171.4259,37028,126.4625,228,124.85,73.3465,42.1478,216
229,170.7759,39620,124.1625,210,123.46,72.8968,42.2278,232
230,172.5972,36418,125.4875,217,124.17,73.1146,42.3952,211
231,171.81,37970,124.0375,206,123.7,73.2441,44.325,221
232,172.1204,37178,123.575,207,124.25,72.7958,42.0878,216
233,171.708,38806,125.325,223,124.88,73.1394,43.0869,226
234,171.7354,38297,125.3,204,124.68,73.715,43.1203,223
235,171.3223,36149,122.9375,202,124.02,73.4289,42.3015,211
236,171.2341,35103,123.825,224,124.14,72.8884,41.3823,205
237,171.881,36095,127.3875,213,124.91,73.5942,42.7521,210
238,170.6991,36871,124.65,211,124.4,72.9771,42.2404,216
239,170.2705,35246,125.4,214,123.45,72.1579,42.2231,207
240,171.5991,36379,125.6125,220,122.97,72.9331,42.7675,212
241,169.0782,41086,125,212,123.45,73.4231,43.0332,243
242,169.4954,36611,123.1,213,123.6,73.1624,42.8074,216
243,170.881,35885,122.8875,206,123.13,73.6984,42.6064,210
244,169.7845,39390,124.3625,213,124.76,73.4609,43.3595,232
245,170.0791,36567,124.4125,213,124.6,73.1492,42.1676,215
246,169.7885,35316,126.05,213,123.95,73.7382,42.8101,208
247,169.6121,39350,123.275,197,123.98,73.2443,42.633,232
248,167.8028,36581,123.575,213,124.56,72.0942,42.3455,218
249,167.9664,39976,124.75,198,125.66,73.2231,42.868,238
250,169.9263,36874,124.1125,205,124.7,73.0284,43.2222,217
251,167.9189,37278,123.225,203,124.1,72.3957,42.4614,222
252,167.2996,37977,126.0875,213,123.84,73.2488,43.1577,227
253,167.8761,37940,124.425,202,123.93,73.5133,42.2536,226
254,167.9159,35934,124.975,205,124.24,72.9258,42.2886,214
255,169.2903,36736,126.45,196,124.41,73.4433,41.647,217
256,170.2933,35421,123.6375,204,123.95,72.7751,42.2835,208
257,167.6564,38058,126.8125,206,126.04,73.0208,41.3507,227
258,167.9775,37291,125.075,199,124.04,73.3467,42.8838,222
259,168.1455,35815,123.9,197,124.59,72.7202,42.1158,213
260,167.8287,36251,123.75,208,123.07,72.9299,43.2018,216
261,167.5741,36196,123.225,200,124.51,73.895,42.7874,216
262,166.5438,36140,124.725,210,124.18,74.0733,42.3035,217
263,166.026,38352,123.2625,200,124.31,74.0945,41.5795,231
264,168.1875,34983,122.6375,203,122.51,73.6694,42.2853,208
265,167.0144,34906,124.275,203,123.99,73.0334,41.9816,209
266,167.0825,34419,124.0875,196,123.94,72.7308,43.0445,206
267,167.6267,36375,124.3375,195,125.11,73.9454,41.659,217
268,167.7183,35724,125.0625,202,124.15,72.3835,42.3557,213
269,166.3147,41745,124.25,202,123.6,74.7985,42.4902,251
270,166.4454,39614,123.225,201,123.38,72.8508,42.1602,238
271,167.1308,39610,124.9125,212,123.95,74.3372,42.399,237
272,166.7235,36179,124.975,196,124.75,74.1909,42.4209,217
273,167.861,37433,125.4625,204,125.12,73.2392,42.7356,223
274,167.8439,34408,122.375,199,124.09,73.461,42.8503,205
275,167.4561,38180,123.1875,199,125.04,74.5986,41.8531,228
276,168.289,36687,123.025,210,123.65,73.5517,42.346,218
277,167.7596,34894,124.35,196,124.34,73.4747,41.9564,208
278,168.7512,35269,123.925,213,123.76,73.3187,43.1347,209
279,169.2419,36387,123.0625,215,124.01,73.6095,42.178,215
280,169.2706,36901,125.4,200,125.13,73.1209,41.9433,218
281,169.271,36224,124.8375,218,124.11,74.3039,43.0463,214
282,169.9038,35340,123.4125,212,124.34,72.6702,41.9471,208
283,169.1925,36038,125.7375,214,124.4,73.7193,42.1274,213
284,170.1689,37267,125.775,201,124.39,73.7127,41.9319,219
285,171.5646,35857,125.85,213,125.96,73.1654,42.1765,209
286,169.8364,37364,125.675,204,126.28,73.494,41.436,220
287,173.1805,35502,125.1375,203,124.45,72.6008,42.1496,205
288,171.8883,35409,125.1375,204,123.8,73.6834,42.7972,206
289,171.3333,35980,125.6125,201,124.71,73.0061,41.9757,210
290,172.3555,36367,123.7625,214,124.2,72.6047,42.3624,211
291,171.8293,35225,125.4125,204,124.46,72.4168,41.83,205
292,172.4391,39661,125.5875,218,123.74,74.3859,41.5745,230
293,174.7706,38100,124.075,214,125.23,73.7237,41.8476,218
294,173.2605,37251,124.9375,205,124.66,72.4412,42.0851,215
295,174.1991,39369,126.675,212,125.14,73.0227,42.1681,226
296,175.6216,38988,124.175,210,124.64,73.4405,41.9239,222
297,174.0427,40726,126.5625,220,124.65,73.9469,42.5863,234
298,173.8111,37717,125.875,206,125.49,73.4427,42.2555,217
299,173.8714,36513,126.275,221,125.61,73.6261,41.8635,210
300,175.2818,38562,124.7125,213,124.2,74.244,42.6409,220
301,174.5721,36311,123.3625,216,124.9,73.5148,42.6851,208
302,174.72,39312,124.1875,219,124.51,73.3327,41.9612,225
303,176.6432,37625,124.9875,218,124.95,73.3062,42.9305,213
304,176.8571,39616,123.7,217,126,73.8589,41.6992,224
305,177.4266,38679,125.075,223,124.81,73.3919,41.9537,218
306,180.3558,37514,125.3625,217,123.64,73.0068,42.6658,208
307,180.1802,40000,123.7125,224,124.32,73.6709,42.293,222
308,179.3524,37664,124.3875,223,124.29,72.9873,41.5958,210
309,179.9252,38504,125.1625,221,123.81,72.7123,41.2481,214
310,178.5498,37674,127.3375,221,125.15,73.4631,42.4471,211
311,179.9052,37960,125.3125,226,123.75,72.8104,42.838,211
312,181.4769,39199,122.65,234,123.5,72.7278,41.7815,216
313,180.7588,41213,125.3875,224,124.95,74.0488,42.4421,228
314,182.1757,40443,122.325,225,123.32,72.8343,42.0786,222
315,184.5604,38204,126.6375,225,124.12,72.8387,41.6426,207
316,186.009,41294,124.7125,235,124.25,73.2803,42.3656,222
317,188.0452,41558,126.15,243,125.43,73.1749,42.1934,221
318,188.4279,40512,124.3125,228,124.06,72.8032,42.0492,215
319,189.4348,39213,125.825,244,124.45,73.6612,42.1869,207
320,189.1143,39714,124.5875,226,124.41,72.4361,42.1282,210
321,187.0364,41148,127.5625,225,125.37,72.7634,43.1036,220
322,189.372,39200,124.8625,234,123.78,72.847,42.1818,207
323,189.4198,40157,125.4375,238,124.34,72.5905,42.062,212
324,191.8095,40280,126.9,239,124.67,72.4105,42.4143,210
325,190.4417,39231,126,228,124.63,73.5204,42.1205,206
326,191.5829,40424,124.125,230,124.74,72.7816,42.723,211
327,191.7202,41795,125.4125,245,125.26,72.8607,42.5291,218
328,192.8426,41654,124.5,243,125.1,72.9749,41.8859,216
329,190.7217,40433,128.3,245,126.98,73.4792,41.9616,212
330,191.3081,40366,124.6,239,124.72,73.4133,42.6701,211
331,191.5024,40024,123.1,237,123.98,73.4951,41.6727,209
332,191.5687,40421,123.325,235,122.89,73.1525,42.2554,211
333,193.7707,39723,126.8625,238,125.44,73.131,42.2965,205
334,193.1304,39978,125.575,253,124.92,73.6317,42.1683,207
335,192.8357,39917,124.2125,231,123.51,73.3332,42.368,207
336,190.7193,43484,123.6875,240,123.36,72.8574,41.3708,228
337,189.375,39390,127.4625,228,124.88,72.8825,41.9223,208
338,189.434,40160,127.1,231,125.47,72.7625,42.4316,212
339,189.7005,39268,124.85,237,123.68,72.2365,42.2141,207
340,189.4692,39978,125.9,231,124.92,72.9566,41.5097,211
341,191.4976,40023,125.7125,225,125.42,72.8609,42.0976,209
342,191.6195,39282,126.1,232,124.23,73.1588,41.969,205
343,190.5409,41919,125.0125,232,123.76,73.9851,42.299,220
344,192.0455,42250,124.4875,236,123.39,72.2902,41.4678,220
345,195.7056,41881,124.6875,251,123.11,72.2733,42.2646,214
346,197.1796,40619,126.2625,242,123.76,72.9879,42.0608,206
347,197.6908,40922,125.8875,245,123.98,73.0912,42.6385,207
348,197.7,41517,122.7125,269,123.56,72.6762,42.5706,210
349,197.9217,42949,123.7375,238,123.21,73.25,42.5412,217
350,201.2207,42860,125.825,276,126.18,73.2942,42.2771,213
351,200.649,41735,124.1125,241,123.27,73.0334,42.484,208
352,201.0583,41418,124.075,248,123.87,72.9011,42.7337,206
353,201.1887,42652,126.1125,258,125.02,72.7335,42.2976,212
354,200.0849,42418,124.8125,271,124.19,73.0738,42.2381,212
355,199.7905,41956,125.6375,250,125.26,72.9063,41.9501,210
356,197.7048,41518,126.2625,240,125.26,73.0811,41.2086,210
357,197.7751,41335,125.7375,244,124.87,73.4017,42.807,209
358,196.7109,41506,124.2,240,123.95,72.7226,42.0614,211
359,194.3412,41006,125.8125,257,125.81,72.557,41.7455,211
360,197.4348,40869,125.325,239,124.71,72.674,42.4978,207
361,195.6942,40313,125.8625,236,125.26,72.6733,41.9406,206
362,195.8389,41322,125.3,234,123.79,72.9318,42.0281,211
363,194.6481,42044,126.2875,270,125.19,73.1337,42.5608,216
364,193.8341,39736,124.2,240,124.4,73.0813,41.886,205
365,192.4047,41367,125.075,245,123.89,73.0527,42.0569,215
366,190.2922,41674,125.05,226,123.94,73.6187,41.7925,219
367,191.7368,40073,125.675,236,125.42,72.8032,42.3622,209
368,187.3,39333,125.3125,232,124.38,72.1482,41.8488,210
369,185.1739,42590,125.85,235,124.22,73.4725,41.7123,230
370,182.8355,42235,124.25,223,124.33,74.1484,41.3263,231
371,184.2455,41271,125.3625,227,125,73.2186,41.2483,224
372,182.0814,40240,126.3375,224,125.32,73.7833,42.9198,221
373,183.2464,37932,124.8125,220,124.29,73.5451,41.9157,207
374,181.3192,38621,123.9375,216,123.99,72.383,41.7813,213
375,181.226,37695,125.775,220,124.64,73.346,41.6639,208
376,180.0405,39969,124.9125,218,124.23,73.7163,41.8229,222
377,180.866,37801,123.3,241,123.39,73.1477,41.417,209
378,178.3493,37275,124.9875,235,124.09,73.7565,40.7873,209
379,176.2575,41068,124.4125,215,123.49,73.3753,41.5553,233
380,175.9624,37480,124.9375,205,124.63,73.8801,40.8527,213
381,175.7971,36390,125.6,216,124.54,73.8126,42.1582,207
382,176.3883,36336,124.4875,211,124.61,74.0747,41.9242,206
383,174.6948,37210,123.5875,208,123.83,73.261,40.1327,213
384,173.5,35741,127.4125,216,124.77,74.1849,41.9597,206
385,170.75,40980,125.1125,204,125.18,73.2166,40.7002,240
386,173.6063,38367,126.3125,208,125.52,73.2685,41.5442,221
387,172.3136,40666,126.4375,212,124.88,74.122,40.7265,236
388,173.893,37387,124.85,209,124.28,74.5305,41.7435,215
389,174.7419,37919,125.125,208,124.97,74.1595,42.0094,217
390,174.6321,37022,123.225,217,123.27,74.6723,41.0366,212
391,174.5374,39620,125,210,123.6,74.5411,40.8626,227
392,173.7182,38218,124.6875,224,124.24,74.5698,40.7272,220
393,174.4186,37500,123.8125,218,123.78,74.7537,41.3633,215
394,172.886,39418,124.4,204,124.07,74.352,40.732,228
395,172.1298,35803,124.1,207,124.04,74.6747,39.6864,208
396,171.0599,37120,125.675,211,124.31,73.5837,40.3216,217
397,169.7229,39206,126.325,213,124.11,75.1533,40.4373,231
398,171.9662,35597,124.575,210,124.21,73.9523,40.539,207
399,170.8714,41180,126.3875,218,124.74,75.3353,40.4571,241
400,172.0244,35265,124.7375,212,124.32,74.5503,40.7432,205
401,171.657,35533,124.425,200,123.92,73.4855,41.1875,207
402,170.528,36493,124.0375,201,123.09,74.7594,41.259,214
403,169.6759,36650,123.6375,210,123.36,75.4745,39.8067,216
404,169.9614,35182,123.8,204,123.39,74.6793,41.3115,207
405,171.0631,35239,124.6875,195,124.21,75.0206,40.9298,206
406,169.3091,37248,123.525,207,124.11,74.715,40.5144,220
407,168.4306,36381,123.875,206,124.09,74.6163,40.4372,216
408,169.0145,34986,125.2625,201,123.77,74.7787,39.7952,207
409,172.1058,35798,125.225,205,124.37,74.8145,39.7373,208
410,172.4953,36914,125.35,231,124.3,74.0242,39.9064,214
411,174.3909,38366,124.35,219,123.21,75.235,40.4138,220
412,173.1621,43810,124.5125,222,123.78,76.6349,40.1169,253
413,175.8773,38693,123.3375,212,122.74,75.5128,39.3581,220
414,176.5354,39897,125.8875,218,125.52,76.6531,39.0099,226
415,178.8995,37390,124.8125,227,123.99,75.7078,39.6577,209
416,180.2644,37495,124.1625,234,124.35,76.0483,39.4296,208
417,179.4038,37316,123.175,209,123.64,75.9738,39.5449,208
418,180.5577,37556,123.9,215,123.73,76.3018,39.1721,208
419,182.2762,38278,125.0375,222,124.33,75.6578,39.363,210
420,184.156,40146,123.6875,233,123.06,76.078,39.3149,218
421,182.4065,39035,124.1875,229,124.17,75.4115,39.3074,214
422,182.318,39563,125.9875,221,124.99,75.7187,38.7793,217
423,182.165,37526,125.1875,225,123.58,75.5709,39.7171,206
424,179.103,41731,125.175,211,125.35,75.8758,39.2854,233
425,180.9156,40706,125.35,221,124.24,75.1846,39.4513,225
426,181.4327,37738,125.6625,219,124.93,74.5432,39.8951,208
427,180.6875,37583,124.8625,208,124.23,74.806,40.528,208
428,179.9955,40319,124.2,228,124.45,75.2844,41.0538,224
429,178.8227,39341,125.475,221,125.04,74.7864,40.3305,220
430,176.8131,37838,125.9,213,124.5,74.1362,39.3371,214
431,177.0942,39492,125.8875,208,124.65,75.246,40.9719,223
432,176.7867,37302,124.5125,224,124.34,74.7132,40.5815,211
433,175.8721,38516,124.3,206,124.37,74.3642,41.2522,219
434,174.8545,38468,126.0875,212,125.02,74.2229,40.3126,220
435,174.4104,36975,124.4625,212,123.99,74.9591,39.737,212
436,175.9346,37650,124.9625,220,123.98,74.7429,40.1063,214
437,176.6377,36564,124.4,209,123.09,74.7988,40.925,207
438,177.6268,37124,125.2375,226,124.74,74.8321,41.2055,209
439,176.2,37002,123.9375,218,123.6,74.4715,41.1645,210
440,177.1729,37915,124.8,206,123.76,74.3591,39.9196,214
441,177.5755,37646,125.1,240,123.44,74.9966,40.0379,212
442,175.7465,38137,126.9375,210,125.61,74.6672,40.7852,217
443,176.6,37086,126.15,220,125.16,73.9765,41.5559,210
444,176.8846,36792,124.4,215,123.9,74.7357,41.3196,208
445,178.0787,38465,124.5375,218,123.5,74.1961,41.2516,216
446,179.8578,37950,125.5,215,124.99,74.2134,41.063,211
447,180.8889,37444,125.0375,209,124.33,73.1744,42.0056,207
448,180.381,37880,124.25,219,123.54,73.648,40.9871,210
449,180.5231,38993,125.025,222,123.67,74.2689,40.7907,216
450,181.2673,39335,125.6625,210,124.61,73.785,40.7617,217
451,181.4909,39928,124.4625,223,123.82,73.8482,40.8142,220
452,182.8182,38209,124.5375,221,123.15,74.5611,40.8957,209
453,183.1667,39564,124.675,227,124.05,73.8715,40.5681,216
454,181.7411,40710,125.825,223,124.35,73.7761,40.9543,224
455,183.8894,38249,123.725,222,122.99,73.3758,40.2872,208
456,182.4204,41227,125.475,222,124.13,74.0387,40.5597,226
457,183.628,38011,124.7,220,124.23,73.6092,41.3447,207
458,183.8433,39894,124.7625,213,124.48,73.948,41.3808,217
459,182.8636,40230,124.925,229,123.72,73.8538,40.91,220
460,183.6849,40227,125.125,231,123.51,73.7628,40.9762,219
461,181,40544,125.1875,223,123.72,73.7462,42.1267,224
462,180.5166,38089,124.7125,224,124.22,73.6412,40.9625,211
463,179.7945,39375,125.025,212,123.73,73.6854,40.9051,219
464,179.1935,38885,124.6125,224,123.18,73.5072,40.9049,217
465,176.8649,39264,124.4625,219,122.98,73.8014,41.0136,222
466,175.3594,38053,124.6375,207,123.95,74.5623,41.2146,217
467,177.0333,37177,125.1,216,124.35,73.932,40.2191,210
468,174.8302,37064,125.325,208,123.44,73.2117,41.0302,212
469,175.9187,36767,125.925,211,123.35,74.2121,41.7898,209
470,172.9907,37366,122.6,207,122.75,73.587,40.9949,216
471,173.5481,36098,126,208,124.82,74.2867,41.1183,208
472,172.2573,35485,124.5625,205,123.85,73.7784,41.5967,206
473,169.8558,36519,124.975,206,122.97,73.5398,41.8197,215
474,168.5525,36913,124.75,220,123.54,74.3207,42.6302,219
475,169.2791,36395,123.375,204,124.05,73.9775,40.765,215
476,171.2927,35115,124.725,213,123.2,73.9348,41.3223,205
477,168.1602,34641,124.3125,200,123.77,72.9097,42.655,206
478,169.8788,39242,124.6625,202,124.98,73.7967,41.5972,231
479,169.2054,37902,123.775,199,123.5,74.1871,40.8728,224
480,169.9273,37384,124.125,207,123.57,72.3683,40.9268,220
481,168.1567,36490,124.9625,221,123.56,73.5759,41.367,217
482,169.009,37689,125.2,202,124.22,74.6422,41.6903,223
483,167.0405,41259,124.525,201,125.22,74.5214,42.0924,247
484,167.1574,36106,122.775,199,124.05,73.413,40.9357,216
485,167.1866,34942,126.175,203,124.71,74.058,42.7288,209
486,168.4348,34866,123.8875,200,124.53,73.2209,41.9323,207
487,167.2454,36125,125.7375,196,124.05,74.6224,41.7772,216
488,165.0302,38287,123.8875,193,124.46,74.3244,42.0209,232
489,166.1082,38371,124.375,194,124.11,73.856,41.1223,231
490,163.6936,38468,125.3125,192,123.36,74.0382,41.7708,235
491,165.9862,36185,125.35,196,125.16,75.5181,42.651,218
492,164.9282,34470,123.4625,198,124.69,73.6143,41.7048,209
493,163.7837,34067,123.2625,190,122.7,74.2362,40.0103,208
494,164.3377,37962,124.3625,202,123.16,75.0487,41.9531,231
495,162.246,40886,123.2625,192,124.92,74.0777,42.6715,252
496,164.3435,37799,124.7875,197,124.26,74.425,41.6612,230
497,160.8583,38606,124.1375,193,124.62,75.0244,43.0817,240
498,162.2968,35543,122.2,192,122.71,74.3469,41.0478,219
499,162.9737,37158,124.3375,195,124.06,74.3456,42.2081,228
500,162.6038,34472,124.5125,190,124.47,73.9089,40.9371,212
501,163.0278,35214,125.5125,187,124.13,74.5008,41.7338,216
502,163.5024,33845,123.6875,189,124.02,73.4193,40.988,207
503,160.9628,34607,125.6,189,124.23,74.9416,39.3643,215
504,160.6288,36784,125.975,191,123.3,73.0165,40.7824,229
505,161.1185,33996,124.8375,183,123.55,74.029,41.2961,211
506,161.5297,35375,125.65,193,124.51,75.3757,42.6369,219
507,161.9776,36121,122.25,202,122.7,73.7814,40.3982,223
508,161.1568,38033,124.6125,202,122.33,74.3395,42.0188,236
509,161.3636,35500,121.725,191,122.04,74.8108,41.007,220
510,160.2124,41495,124.825,193,124.11,76.3392,43.0096,259
511,163.0585,33427,122.55,197,123.84,75.0314,41.6165,205
512,161.8846,33672,123.3875,203,124.64,73.4561,41.8327,208
513,162.1171,33234,123.75,189,124.05,74.3354,40.897,205
514,160.8779,34267,123.8,186,122.73,74.7543,40.6822,213
515,162.1881,35357,123.9875,191,123.59,74.1684,41.9037,218
516,162.1531,33890,124.2375,192,123.61,73.6464,41.569,209
517,159.7982,36434,124.4375,188,124.11,73.1279,42.4504,228
518,161.3915,37927,124.725,187,125.03,75.7831,43.3723,235
519,162.1712,36002,122,197,123.67,76.1214,42.0804,222
520,161.8097,36569,122.4125,188,123.48,74.3667,40.8214,226
521,161.6087,33453,124.475,191,124.1,74.8024,41.4277,207
522,162.7824,35161,124.525,192,123.93,75.5019,40.6929,216
523,162.7368,37104,123.225,196,123.52,75.0046,41.4915,228
524,162.6971,33841,124.7625,189,124.29,73.4757,41.8097,208
525,161.2459,39344,124.4125,197,124.12,75.358,43.5678,244
526,162.0881,36794,121.1,194,123.56,73.5046,43.0693,227
527,162.3524,34094,123.45,187,123.36,73.6632,41.6471,210
528,163.3333,33810,123.8625,191,123.66,73.5444,41.7277,207
529,162.5622,37877,124.9625,189,123.98,75.8323,41.6602,233
530,163.8558,34082,122.4125,194,122.91,74.0223,42.5382,208
531,163.5405,36306,123.2875,200,123.48,72.5517,41.648,222
532,163.466,33674,123.5,186,122.8,73.144,41.6306,206
533,161.8279,34793,123.9375,194,123.61,74.0255,40.4657,215
534,162.634,38219,124.775,198,123.98,74.5127,42.6041,235
535,164.4525,36344,124.1125,192,124.21,73.1609,42.335,221
536,163.3139,36419,123.6375,197,122.85,74.5873,42.0094,223
537,163.6878,33556,124.7375,199,123.44,73.6523,42.195,205
538,162.9904,34065,125.0625,202,124.14,73.8549,43.4256,209
539,163.5166,34502,123.1875,196,122.86,74.5343,42.2907,211
540,163.4266,35627,121.6625,191,122.24,72.7723,42.3057,218
541,162.9369,33565,124.75,192,122.82,73.7988,43.399,206
542,163.7078,35852,124.3375,195,123.53,73.2187,42.4139,219
543,164.3957,37811,125.25,211,124.35,74.5331,42.745,230
544,164.1117,33807,122.9875,204,123.26,74.0242,42.3573,206
545,164.325,39438,123.9375,205,124.09,74.421,42.2487,240
546,164.6087,34074,122.8875,195,122.86,73.6559,41.5045,207
547,164.0508,41997,124.775,215,123.24,75.6626,42.3131,256
548,164.0721,36424,122.5125,193,123.16,73.8243,41.2455,222
549,164.1561,33652,123.9,206,123.08,74.2299,41.0691,205
550,165.0561,35322,124.3625,188,123.86,73.9154,41.7588,214
551,162.8122,39889,124.4125,190,123.5,75.5369,43.419,245
552,162.7939,37117,122.375,190,123.55,74.7028,41.6463,228
553,162.2301,36664,124.35,181,123.83,74.7948,41.0487,226
554,161.6405,39117,123.775,185,123.36,74.6624,41.5736,242
555,162.1145,36800,124.0375,196,123.56,72.7014,42.689,227
556,161.4525,35681,123.125,189,123.99,73.4103,42.3982,221
557,160.2636,35258,123.1625,191,122.86,74.3092,42.0562,220
558,162.7773,35811,122.725,191,122.76,75.3746,40.8566,220
559,161.1726,36425,123.2875,187,123.8,73.4938,41.5261,226
560,160.7759,38747,123.9375,186,123.61,74.789,40.988,241
561,161.7727,35590,124.075,186,123.48,74.1631,42.5681,220
562,161.2899,33387,122.55,194,122.73,74.0848,41.1711,207
563,162.2683,33265,124.0125,193,124.22,74.0996,41.4946,205
564,159.8652,36769,123.975,196,123.58,74.0821,41.6643,230
565,161.2392,33699,122.7125,186,122.82,72.7956,42.8361,209
566,161.6916,36704,123.9625,191,123.73,74.5592,42.1971,227
567,161.7062,34120,123.075,185,123.12,74.0103,41.6642,211
568,160.8534,37318,123.75,188,123.29,74.8187,42.5126,232
569,161.3913,33408,122.3875,197,123.74,74.1264,41.4646,207
570,161.7281,35095,123.925,188,123.62,75.031,42.4785,217
571,161.1981,34174,122.6375,184,122.98,74.5288,42.2474,212
572,162.7387,36128,123.8375,197,124.14,75.7269,41.9666,222
573,160.0694,34575,122.7625,187,123.79,73.3189,42.5218,216
574,162.278,36188,122.175,200,123.07,73.9692,41.1443,223
575,161.2601,35961,123.7875,192,122.94,73.48,41.2151,223
576,161.9812,34502,125.1375,206,123.1,75.4719,42.5469,213
577,160.08,40020,122.85,183,123.03,75.9671,40.8277,250
578,160.771,34405,121.1375,193,121.26,72.6666,42.6706,214
579,160.3269,33348,123.2375,195,122.6,73.6241,40.4195,208
580,159.8547,47317,125.2875,194,123.23,76.2156,41.8436,296
581,161.6498,35078,122.6375,187,123.53,74.6745,42.4218,217
582,160.6577,35666,124.1875,195,124.06,73.9101,40.4865,222
583,161.8578,34152,124.25,187,122.9,74.4474,42.2185,211
584,160.6587,33417,123.9875,181,123.99,74.3075,41.0103,208
585,160.2,34443,123.775,200,123.72,73.7039,40.1763,215
586,160.8883,33143,126.125,195,124.67,74.8576,40.9968,206
587,159.9079,36459,124.3,196,124.36,75.2548,40.8418,228
588,162.0097,33374,124.65,188,124.4,74.3648,41.4504,206
589,161.351,39531,124.525,191,123.6,76.1574,40.7884,245
590,158.7165,40314,121.9125,190,123.18,73.8115,40.9348,254
591,159.9365,40304,124.7625,199,123.88,75.3121,41.1737,252
592,160.8406,33294,123.6125,186,123.37,73.616,42.6677,207
593,159.4894,37480,123.25,189,123.63,74.3799,41.6205,235
594,160.8536,38444,124.5,193,124.32,74.9441,41.2744,239
595,159.5755,33830,124.6125,193,123.25,76.9626,41.7397,212
596,159.2857,44600,122.225,188,123.72,75.9897,42.0093,280
597,160.5402,35961,124.8375,186,125.28,74.1417,42.4606,224
598,160.2929,38310,122.5,188,123.37,74.4469,41.5494,239
599,160.2227,33807,123.5875,184,123.18,74.266,42.6112,211
600,159.8908,36615,124.025,188,124,74.4177,42.4663,229
601,160.0455,38731,125.375,192,124.46,75.7414,41.6524,242
602,158.9292,35918,122.525,185,123.31,73.9579,42.2764,226
603,160.1442,33310,124.925,195,124.28,75.1286,41.6976,208
604,161.087,33345,124.225,197,124.66,73.5623,42.4919,207
605,159.0437,36421,124.8625,187,124.08,73.6535,42.295,229
606,160.2788,33338,122.4,187,122.81,73.7569,42.1805,208
607,160.5342,35157,124.5375,194,123.82,76.2991,41.6277,219
608,160.8558,33458,120.4875,182,121.76,74.2322,41.7101,208
609,161.4512,34712,124.4625,185,124.39,75.4476,43.5598,215
610,161.3623,33402,122.35,196,123.42,74.5607,41.6265,207
611,160.1262,32986,123.9,188,124.22,75.3283,40.7432,206
612,161.7403,37362,124.2,188,123.59,74.0285,42.4394,231
613,161.3785,34535,123.4125,187,123.72,74.4338,41.1948,214
614,161.3908,38411,124.4,186,123.45,75.3524,43.1107,238
615,161.1095,33833,122.575,197,122.66,76.204,40.8552,210
616,159.3444,43023,121.8125,191,122.88,76.4857,42.2685,270
617,160.8851,37808,122.75,185,123.19,75.9272,42.5168,235
618,160.8049,32965,122.675,184,124.4,74.663,41.0975,205
619,160.0847,37780,125.4625,198,124.77,74.9769,42.2857,236
620,161.8049,33170,123.075,199,123.2,75.0441,42.9077,205
621,160.109,42589,123.1625,202,123.79,75.6466,41.602,266
622,162.7707,33368,123.6125,186,123.71,74.9125,41.3085,205
623,161.0724,35597,122.275,183,122.81,74.6157,40.8365,221
624,160.1878,36683,123.7875,187,123.32,75.4327,42.0682,229
625,160.8869,35556,123.5,187,124.7,75.4321,41.7161,221
626,160.4475,35138,123.325,197,123.67,73.3376,40.6024,219
627,159.787,36751,124.15,186,123.26,74.8945,41.9176,230
628,159.7887,34035,123.0875,193,123.4,75.8862,41.6109,213
629,160.6697,35026,123.025,193,123.99,74.6263,41.0758,218
630,160.0137,35043,125.5625,190,124.52,74.3262,42.2535,219
631,161.1311,33193,123.225,190,123.25,73.565,42.2112,206
632,160.2049,39090,123.5625,197,122.58,75.8257,40.8776,244
633,160.2105,33484,122.35,192,122.21,75.4775,41.059,209
634,160.523,38365,123.775,182,124.25,76.4811,42.0033,239
635,159.9781,36475,122.7625,186,123.82,74.2608,41.9967,228
636,161.2,33046,123.45,190,124.34,73.7838,41.5208,205
637,159.9864,35357,123.0625,185,123.89,75.1301,40.0651,221
638,159.7911,35953,123.8625,185,123.47,74.6923,41.8406,225
639,161.1538,35615,122.775,188,123.11,75.5517,42.2643,221
640,160.3426,34634,122.5375,205,123.5,74.6183,39.5805,216
641,161.0179,35907,125.1625,192,123.49,75.5689,41.697,223
642,160.6927,32942,123.4125,195,124.46,73.6592,43.8648,205
643,160.8824,35555,123.4,183,122.95,74.7812,43.3137,221
644,162.347,35554,122.4625,188,123.42,74.887,41.006,219
645,160.6,41756,123.5,193,123.71,76.2294,39.7246,260
646,161.1255,38509,121.575,189,122.28,76.5549,42.1721,239
647,161.214,36918,122.3,194,124.13,74.3064,39.7251,229
648,162.8966,37792,125.225,184,123.54,75.2533,40.0272,232
649,162.5348,37383,124.025,195,124.06,75.1201,40.8932,230
650,163.4464,36612,123,194,122.82,75.7097,41.3918,224
651,160.6759,34706,122.4375,192,122.8,73.8101,40.3247,216
652,162.0594,35491,125.8,193,124.22,73.7999,41.8962,219
653,161.4867,36496,124.4875,184,124.7,76.7961,41.718,226
654,163.4293,33503,122.75,195,123.5,73.9874,41.9099,205
655,162.8679,34528,123.525,196,123.18,75.4969,40.1372,212
656,162.7183,34659,122.4875,186,122.67,74.3074,40.2428,213
657,162.6452,35294,124.65,193,123.95,75.3218,41.4764,217
658,162.1211,36153,123.5125,196,123.57,75.2379,41.8107,223
659,161.0781,41236,122.8,188,123.85,75.8713,41.1386,256
660,161.4957,37144,124.525,191,124.08,73.7974,41.0122,230
661,160.5534,40620,124.1625,188,123.57,74.1544,40.5664,253
662,161.2619,40638,123.3375,191,122.73,75.523,42.4008,252
663,163.3378,36261,123.1375,192,123.64,74.1893,41.5747,222
664,162.1637,36649,123.6125,192,123.58,72.6688,43.8472,226
665,164.1483,34307,123.35,193,122.6,73.1725,42.0599,209
666,162.2275,41368,124.725,202,124.03,74.5785,41.8189,255
667,162.9593,36014,124.475,191,124.28,75.1164,41.5714,221
668,163.024,33909,122.2875,193,122.65,74.3653,41.7441,208
669,163.5728,33696,123.2625,197,122.53,75.0058,41.8885,206
670,162.7992,39723,124.525,196,124.77,75.3965,40.44,244
671,161.5165,39087,123.725,186,123.15,74.7496,42.2607,242
672,163.1159,38006,123.8,190,123.51,75.5761,40.5941,233
673,161.0822,35277,122.55,187,122.86,77.0369,41.4221,219
674,161.8383,38032,122.675,185,123.85,74.556,40.9313,235
675,161.8978,36427,124.3,187,123.59,74.8062,41.5326,225
676,159.6793,37844,123.275,190,123.01,75.0984,41.0073,237
677,161.1469,39481,122.95,195,122.72,74.591,40.7537,245
678,160.3509,36560,124.15,193,123.63,74.8448,41.7398,228
679,160.3379,35114,123.6625,186,123.38,75.1121,40.3488,219
680,159.3502,44140,123.9,192,123.55,76.2592,41.3419,277
681,161.8592,34476,123.075,195,123.51,74.4135,40.3632,213
682,161.4829,33104,124.1375,194,123.23,73.9246,41.5817,205
683,163.3983,37745,124.3875,190,123.64,75.2437,43.1055,231
684,161.5728,33284,122.95,187,123.67,75.7599,40.572,206
685,163.726,34055,122.525,196,122.1,73.6799,41.1319,208
686,163,35860,123.225,194,121.82,74.6984,41.9542,220
687,161.7081,33797,122.6,192,122.9,72.8796,40.3986,209
688,161.8969,36103,125.6625,189,123.58,74.068,42.5158,223
689,161.3365,34042,122.7625,189,122.99,74.3383,41.6926,211
690,161.8008,38994,124.475,192,123.71,74.6322,43.194,241
691,161.3782,38408,122.825,192,123.73,74.6685,42.3761,238
692,162.5436,39173,123.1875,195,123.62,75.3156,42.8242,241
693,161.7251,34124,122.1875,198,123.51,74.4702,40.9759,211
694,161.0875,38661,124.525,199,123.92,75.0425,41.6549,240
695,163.3945,35620,122.025,189,123.11,74.0481,40.6859,218
696,162.4057,34430,124.825,192,123.85,73.6311,42.4688,212
697,163.7902,33577,124.4875,195,124.12,74.2387,41.2314,205
698,161.9042,38857,124.5625,210,123.67,73.9325,40.8368,240
699,162.1235,40693,123.6,189,122.61,75.8484,41.9577,251
700,161.2311,40469,123.4875,189,123.53,75.9616,41.8761,251
701,162.058,33546,122.8,193,123.61,72.5387,43.8058,207
702,164.3209,35329,124.425,192,123.19,74.9602,40.6819,215
703,162.4953,34449,124.5375,194,123.67,74.1309,41.9006,212
704,162.7758,36299,123.0875,191,123.53,74.8131,41.5458,223
705,161.9054,35943,124.1125,191,124.11,74.7126,40.7015,222
706,162.4414,36062,123.675,190,123.72,74.6441,41.9406,222
707,161.6493,34108,123.125,187,123.44,74.5996,40.4163,211
708,161.1142,35284,125.0625,197,123.58,73.1797,43.1032,219
709,160.0091,35202,121.925,185,122.37,75.0257,42.4451,220
710,159.7814,34353,122.875,191,123.59,73.7478,42.0855,215
711,158.1405,38270,122.95,182,122.09,73.7142,41.539,242
712,160.3131,34307,124.175,186,123.39,73.2059,42.7842,214
713,159.2535,34558,124.075,188,124.23,74.2454,41.7211,217
714,158.0164,38556,122.2375,179,122.26,73.7836,42.0324,244
715,160.3587,35760,124.1375,186,123.03,74.5455,41.5046,223
716,159.2488,33920,123.325,188,122.76,73.696,41.3576,213
717,158.7669,37469,124.3625,181,123.56,77.2191,42.0163,236
718,158.2603,38299,122.375,194,123.59,75.4683,41.1748,242
719,159.0534,32765,122.5375,185,122.52,74.0637,43.3194,206
720,159.1358,38670,123.375,181,124.54,76.0129,42.3025,243
721,159.3377,36329,122.8875,190,124.44,74.0358,42.151,228
722,160.8066,34091,122.5375,189,122.49,74.4109,41.1019,212
723,159.9685,35513,124.9375,183,123.13,73.9269,42.2592,222
724,159.453,37312,123.675,211,123.45,75.0953,41.5788,234
725,158.7353,37779,121.75,193,123.21,74.2519,41.8049,238
726,160.1147,34905,123.725,187,123.01,74.8405,40.1381,218
727,159.8739,35492,125.2375,191,124.77,74.0771,41.7573,222
728,160.9353,37337,124.45,193,124.6,74.6293,41.9027,232
729,160.2732,32856,124.4625,192,124.07,73.5693,43.0077,205
730,161.6377,33459,123.5875,190,123.74,75.322,42.4212,207
731,160.0664,36175,121.4,188,122.49,73.9509,43.0317,226
732,160.8803,37646,123.7125,188,122.73,74.7935,42.7817,234
733,159.9136,35181,123.9875,186,123.62,73.7552,42.1022,220
734,159.9163,36301,125.1375,193,124.2,75.6251,41.6337,227
735,158.1556,42702,122.6625,192,123.08,72.4311,41.6273,270
736,161.267,33221,124.15,186,123.06,74.4252,42.0159,206
737,160.0694,34575,123.275,193,122.85,74.6298,41.8371,216
738,159.0602,34357,122.575,195,123.01,73.8816,42.878,216
739,160.722,32948,123.05,187,123.18,74.7253,42.7878,205
740,160.8145,35540,123.75,200,123.88,75.0175,41.2177,221
741,160.3516,35117,124.6,182,124.62,77.6899,41.1416,219
742,159.4342,36351,122.2125,185,123.67,77.6446,39.732,228
743,158.4279,34062,123.0375,190,123.91,72.1946,42.5701,215
744,159.7299,33703,123.775,185,123.55,73.2381,43.4627,211
745,160.262,36700,123.55,186,124.29,74.9045,42.7767,229
746,160.0096,33282,123.8875,187,123.49,73.4369,42.1752,208
747,160.4183,33367,124.825,187,124.19,74.7358,42.529,208
748,159.0833,36271,123.0375,193,123.41,74.5522,43.9952,228
749,158.8578,33519,122.425,183,124.05,75.3686,43.8287,211
750,158.0687,36830,122.0375,189,124.14,72.881,45.0581,233
751,160.0136,35203,122.7625,183,123.43,73.5002,43.5782,220
752,159.2098,35663,122.675,191,124.41,74.0015,42.3675,224
753,158.8381,39233,123.5875,189,123.06,75.8043,43.4757,247
754,157.8512,33938,122.5875,181,123.74,72.3482,46.0159,215
755,158.6577,35222,122.425,191,122.41,72.5514,42.8842,222
756,157.1241,45566,123.1375,180,122.87,76.0768,42.5806,290
757,159.1434,39945,122.1125,182,123.69,75.5565,41.2835,251
758,159.1422,33579,124.125,189,124.82,73.1802,42.6924,211
759,157.9913,36180,122.0375,184,123.94,74.7349,42.6558,229
760,157.1814,37252,121.725,180,122.71,77.8058,43.3596,237
761,157.3686,43119,119.9125,194,121.79,74.926,44.0238,274
762,157.6798,35951,121.1625,186,121.29,74.3292,42.6333,228
763,157.537,40487,122.3875,197,122.21,74.1064,44.0287,257
764,157.2554,36326,122.5375,187,123.67,74.5402,41.3228,231
765,157.8038,32981,124.0375,193,123.56,74.5991,42.9923,209
766,157.4509,35269,121.85,193,122.79,72.6612,43.4619,224
767,157.2857,44040,123.4,191,122.7,74.8021,42.2665,280
768,157.278,37904,122.1625,189,122.52,76.5348,44.0493,241
769,157.749,38333,120.675,190,122.09,75.2524,42.9419,243
770,157.1802,34894,121.3,185,122.95,73.9054,43.9347,222
771,158.3829,35161,123.8375,179,123.36,73.9241,41.8675,222
772,157.2521,37426,124.7375,185,123.81,74.7081,43.3972,238
773,156.4528,33168,122.875,177,123.33,73.5141,43.1195,212
774,157.3571,35248,124.1125,186,123.96,73.9606,41.7089,224
775,157.0684,41309,122.9375,186,123.29,75.0395,43.2147,263
776,156.6875,32591,124.275,187,125.13,72.4781,41.6965,208
777,157.2273,34590,125.6875,181,125,75.1852,42.2094,220
778,157.014,33758,123.5,188,123.89,74.189,42.1062,215
779,157.7333,35490,122.7375,182,122.92,74.3431,44.6612,225
780,157.6528,34053,119.9,182,122.81,73.1495,41.1936,216
781,158.3221,32931,125,190,123.09,73.1515,44.229,208
782,157.8227,34721,122.9875,184,123.87,72.856,42.933,220
783,158.0861,33040,123.05,184,122.79,74.6634,44.1609,209
784,157.1171,34880,123.475,182,125.15,73.6704,41.9316,222
785,157.8341,35197,122.8875,185,122.23,75.0433,43.6262,223
786,159.1159,32937,121.55,193,122.45,74.916,43.7197,207
787,157.75,35336,122.6375,193,123.45,74.6275,41.0044,224
788,156.7198,36359,125.2625,185,124.74,74.0422,43.3155,232
789,158.9859,33864,123.8,186,124.56,73.4165,43.1872,213
790,157.991,35074,125.05,190,124.56,74.124,42.1116,222
791,156.075,43701,123.775,189,124.03,75.7584,45.6266,280
792,158.2837,32923,121.3,191,122.72,73.6177,42.6075,208
793,155.6364,41088,124.0375,186,123.65,73.0406,43.1641,264
794,157,32656,122.1,190,121.46,72.6273,42.4421,208
795,155.9283,34772,126.65,184,124.34,73.3325,41.3634,223
796,157.7029,37691,124.3,185,122.92,74.1296,42.1569,239
797,157.3981,33211,122.975,189,122.8,73.7923,43.9564,211
798,157.0748,33614,122.1625,185,123.15,75.1161,44.4675,214
799,156.9163,33737,121.15,186,122.74,75.5277,41.4113,215
800,156.807,35752,123.1375,183,122.89,73.7442,42.5593,228
801,156.0714,32775,124.4875,181,124.22,73.7178,43.0136,210
802,156.8578,33097,122.1,184,123.18,74.2092,44.6821,211
803,156.0952,32780,121.8125,180,123.36,73.8842,44.2868,210
804,156.4558,35359,123.925,187,123.81,73.8471,43.2361,226
805,157.7136,34697,123.45,189,123.29,73.8124,43.9096,220
806,155.5494,50398,122.4,186,123.44,75.1049,44.0599,324
807,157.9481,33485,120.4125,192,122.72,73.2413,43.6279,212
808,156.6396,34774,121.5125,176,124.37,75.4342,40.6454,222
809,155.7455,34264,124.7875,184,124.74,74.3068,42.8469,220
810,156.8527,35135,121.9,184,122.79,73.9353,43.4134,224
811,156.4958,36933,122.15,180,122.46,74.1512,43.4708,236
812,156.1553,32168,121.275,185,123.08,72.6219,45.4076,206
813,157.4402,36841,123.9375,181,122.31,74.8389,42.8883,234
814,155.4976,32499,122.875,182,123.03,73.8267,43.9994,209
815,156.391,41600,121.9625,185,122.85,74.7798,43.0756,266
816,155.0683,38612,123.4625,182,122.87,75.4467,43.63,249
817,157.0533,38321,121.225,190,123.35,74.534,43.29,244
818,155.7186,45937,122.3,179,123.48,75.6064,44.1758,295
819,156.8537,32155,121.775,183,123.48,75.9006,41.8154,205
820,157.1286,37868,123.0125,186,122.97,75.6818,44.5696,241
821,156.2714,42037,120.275,190,123.37,74.6702,41.4897,269
822,155.3712,35580,123.2375,187,123.54,73.1309,42.0288,229
823,156.0493,34799,124.925,190,123.53,74.841,42.2002,223
824,157.0909,38016,124.525,183,123.96,73.4368,44.8428,242
825,156.9316,36722,122.9375,181,123.45,73.3154,44.5482,234
826,155.4966,45094,122.875,185,123.39,73.8379,43.9749,290
827,156.9624,33433,121.275,181,122.75,73.4334,43.2444,213
828,156.5271,43358,122.775,180,122.68,75.8546,42.9193,277
829,156.5195,36156,122.125,183,122.47,75.896,46.133,231
830,156.6044,35236,120.3875,179,122.94,73.2485,44.5059,225
831,157.5413,38125,123.55,186,124.21,73.0453,42.1671,242
832,157.1111,33936,125.2375,185,124.58,72.8818,44.4602,216
833,157.1866,32852,124.6125,185,123.44,74.645,45.1427,209
834,155.7593,33644,121.8125,180,123.35,71.997,44.9402,216
835,156.0723,36677,122.1625,181,122.56,73.6084,42.8535,235
836,156.0126,37287,123.025,185,124.18,76.2819,42.1448,239
837,157.3052,33506,121.925,179,124.01,75.1616,42.1892,213
838,156.2323,39683,122.5875,180,123.38,73.8133,43.3114,254
839,156.4541,34107,123.7625,197,122.63,74.311,42.8293,218
840,156.8496,35448,121.725,182,122.04,74.6568,45.1882,226
841,156.0195,39941,121.5875,178,123.11,76.7111,43.7154,256
842,155.7227,34259,121.825,190,123.52,74.5542,44.2061,220
843,156.6093,33671,122.275,184,123.12,73.9682,44.2521,215
844,156.2585,36877,122.575,185,123.13,75.0172,44.4078,236
845,155.1983,36006,121.9625,177,122.5,74.4806,43.077,232
846,156.1622,34668,122.9875,180,123.89,73.6259,41.9639,222
847,157.2242,35061,123.8125,197,123.28,74.8585,44.0198,223
848,156.6585,32115,122.975,188,123.21,75.4066,43.0375,205
849,155.7913,32093,122.3875,176,123.01,73.5539,44.4254,206
850,156.6986,32750,122.9875,177,123.05,75.1917,43.7718,209
851,154.5242,35077,121.6875,176,123.58,74.1442,43.9531,227
852,155.7318,34261,121.4375,184,123.01,74.2275,41.9425,220
853,157.058,35181,121.9375,181,121.14,75.4184,44.2967,224
854,157.1382,34099,121.975,195,123.89,76.4709,43.0789,217
855,157,35953,122.4125,185,123.98,74.1551,43.1493,229
856,155.9457,43041,121.7125,185,123.12,75.02,44.9325,276
857,155.6983,37679,121.9125,187,123.28,77.0089,44.0576,242
858,156.1747,35764,118.45,175,121.35,75.7198,43.7113,229
859,156.3377,35645,121.4125,177,123.09,74.3644,41.7428,228
860,157.1957,36155,123.1125,184,122.86,75.3847,43.6887,230
861,156.5566,33190,121.7375,183,124.61,74.1434,42.6768,212
862,156.4518,35671,122.2375,181,122.31,75.617,43.0513,228
863,157.2258,34118,123.6,192,124.09,74.5551,41.1293,217
864,156.2676,33285,122.1,184,121.82,72.8989,44.3257,213
865,156.4529,34889,124.2625,190,123.08,74.2915,44.1771,223
866,156.0654,33398,122.825,177,123.34,73.8115,42.4339,214
867,156.2311,35152,123.0375,186,121.99,76.1551,41.6809,225
868,155.8333,40205,122.5375,177,123.59,75.264,41.9595,258
869,156.4291,43018,123.8,177,124.45,75.7289,43.6047,275
870,157.1643,32533,121.6375,177,121.47,75.0222,42.9909,207
871,155.615,33146,121.1875,180,122.08,73.2964,42.961,213
872,156.1566,38883,123.0625,191,122.79,74.787,41.7706,249
873,156.9075,35618,124.425,176,123.67,75.0915,41.852,227
874,157.0676,34869,122.6875,181,123.25,75.2462,42.6803,222
875,155.6098,47461,121.15,184,122.44,76.9512,43.9457,305
876,157.2279,33804,120.4625,179,123.14,75.9709,44.3654,215
877,157.4344,34793,122.5125,187,124.28,74.8674,41.7305,221
878,156.3901,34875,123.2375,181,122.6,74.3769,42.6996,223
879,155.7657,37228,122.9,180,123.71,72.7821,43.7728,239
880,156.0987,34810,122.25,179,123.48,76.579,40.9874,223
881,155.6745,39697,121.65,180,122.28,76.9326,42.4644,255
882,155.9874,37281,122.525,178,123,75.5948,44.6759,239
883,155.1344,47316,120.35,179,122.49,75.5245,43.9783,305
884,155.8123,43160,120.7375,188,122.13,78.9223,42.7626,277
885,156.481,32861,120.8,179,123.34,75.158,40.7457,210
886,157.2464,33179,123.425,189,123.48,74.7558,41.9929,211
887,156.5359,32716,122.7625,195,122.78,76.8466,41.3277,209
888,156.5494,39607,122.3875,190,122.67,75.6064,42.8967,253
889,156.6039,32417,122.35,191,123.42,73.6339,43.2428,207
890,157.1974,36627,123.4375,177,122.3,77.1231,45.8268,233
891,156.8589,38901,119.7625,184,124.86,75.2186,42.2279,248
892,156.3478,35960,122.4875,177,123.12,73.3707,43.4621,230
893,155.2271,49207,124.0375,186,123.57,75.6949,43.7593,317
894,155.2318,44862,119.725,177,121.95,76.6761,40.1915,289
895,156.2107,37803,123.475,179,122.96,74.3431,40.6044,242
896,155.1212,46071,123.8375,181,123.05,76.2028,41.3106,297
897,156.8038,32772,121.8375,191,121.73,73.9378,43.8343,209
898,156.6957,36040,121.4125,189,121.84,75.8107,41.3795,230
899,155.2762,37111,122.475,180,123.04,74.7285,42.6935,239
900,154.287,53229,122.1375,186,123.14,77.3289,43.9108,345
901,155.8423,34597,120.825,185,124.16,73.9466,40.9887,222
902,155.6125,37347,122.875,183,122.49,74.8281,43.2302,240
903,156.6154,42756,123.125,184,123.72,76.2439,43.0458,273
904,156.1138,38404,121.0875,187,122.69,75.4252,41.9085,246
905,155.8627,36316,123.075,180,123.69,73.0624,44.8499,233
906,156.5957,36017,122.4625,199,122.7,74.7188,42.6189,230
907,155.1434,38941,122.5125,181,123.46,77.4558,42.4943,251
908,154.457,39541,121.1625,180,123.23,74.9493,45.0157,256
909,154.9739,35644,122.875,177,122.86,75.1385,43.1257,230
910,156.2043,36708,121.1625,189,121.78,74.2518,41.2842,235
911,155.4858,38405,123.725,175,123.04,73.3525,42.5238,247
912,155.2805,38199,122.55,185,122.24,76.8357,43.7846,246
913,154.6738,36039,121.275,180,122.57,73.4682,42.5696,233
914,154.5727,34006,121.9375,177,123.04,73.4376,44.7086,220
915,154.6566,40984,121.75,190,123.65,73.8665,44.622,265
916,155.2734,39750,122,178,123.49,76.7778,43.4259,256
917,154.969,35023,121.15,185,122.88,74.7167,41.8788,226
918,155.2105,32439,123.9125,175,123.66,73.7137,42.6037,209
919,155.6518,38446,123.125,181,123.02,75.7125,43.3377,247
920,156.4648,40055,121.625,186,122.66,74.2961,44.205,256
921,157.0909,39744,123.525,188,122.94,74.401,44.1145,253
922,155.5242,35304,123.0625,177,123.85,73.8984,43.8733,227
923,155.0407,34264,122.8375,191,123.21,76.1202,43.5079,221
924,155,35340,122.725,179,124.52,77.6371,44.7136,228
925,155.8353,38803,120.925,178,122.35,75.7927,40.6293,249
926,156.5607,33504,123.2875,180,123.15,75.7843,42.5007,214
927,155.715,32233,121.8125,175,123.33,75.1128,46.7274,207
928,155.1713,38948,120.1375,184,122.74,73.1223,42.9802,251
929,156.6393,34304,121.65,184,121.48,74.4734,43.8571,219
930,155.4781,39025,122.7375,184,123.39,74.4702,42.7569,251
931,155.9209,39448,122.375,187,123.3,75.0091,44.0715,253
932,156.4196,35038,122.55,178,124.38,75.3748,45.1408,224
933,155.0986,33036,122.0625,186,123.86,73.0894,44.6391,213
934,154.3934,41995,121.5375,189,123.29,72.0102,41.954,272
935,155.649,38134,125.2,188,124.05,74.4172,42.6187,245
936,155.1471,36925,122.95,183,123.43,76.015,43.6474,238
937,155.1124,38623,120.5,178,122.66,74.0214,44.9093,249
938,155.1905,35849,121.5,181,123.24,74.9521,42.7384,231
939,154.251,39951,122.65,183,123.15,78.2607,42.3705,259
940,154.5721,35397,121.4375,181,124.03,75.3621,45.2455,229
941,154.8364,34064,120.95,184,122.46,74.1925,41.8541,220
942,154.363,43376,121.85,174,122.51,76.0945,43.1576,281
943,156.0391,39946,121.5625,182,123.33,76.4808,40.6203,256
944,155.4333,32641,120.5625,180,121.31,75.932,42.2266,210
945,155.8415,38337,122.2375,179,122.95,74.7382,42.9123,246
946,155.2881,36648,122.425,187,122.75,73.9125,43.3708,236
947,156.0047,33541,122.3125,193,122.63,73.8707,42.6974,215
948,155.8174,35838,122.85,177,122.11,72.3002,43.0977,230
949,155.3787,42263,122.6875,183,122.31,74.0507,43.3551,272
950,157.083,35972,121.925,182,122.49,74.4633,41.9157,229
951,154.2767,39032,124.9125,186,123.7,75.7525,42.7578,253
952,156.0653,38236,123.1125,191,123.81,75.5967,43.4301,245
953,155.8279,33503,122.025,179,123.35,72.9061,42.8996,215
954,155.2894,36493,122.65,183,122.89,75.4046,42.7915,235
955,155.298,38048,121.375,182,122.8,72.7304,45.2078,245
956,155.3381,32621,123.4,182,121.25,73.5021,43.4105,210
957,155.9084,39133,122.825,194,123.03,74.712,43.386,251
958,155.7419,33796,122.9125,177,122.92,76.8742,47.0632,217
959,154.8101,36690,121.0375,175,122.48,76.1062,42.2061,237
960,154.0219,42202,121.725,183,122.79,76.1215,41.3842,274
961,155.012,38598,122.75,177,123.09,74.0322,44.0685,249
962,154.6364,32319,120.875,191,122.59,76.1005,43.0734,209
963,155.5088,35456,119.9,180,121.6,74.6402,43.8563,228
964,154.4275,42622,121.875,191,123.18,74.6067,43.3325,276
965,154.6739,42690,123.3375,185,123.93,74.2692,43.0633,276
966,154.9171,33617,121.8625,181,123.1,73.6262,43.3701,217
967,155.2571,32604,122.7375,184,123.04,75.0633,43.0631,210
968,155.0314,34572,121.7125,180,122.39,75.1609,42.543,223
969,155.3303,34328,121.2875,184,122.64,78.5864,43.5812,221
970,156.0631,34646,120.925,182,122.97,74.3586,44.4274,222
971,154.6228,44686,121.85,182,122.53,74.8454,44.2306,289
972,155.0833,33498,121.5375,188,122.35,75.5187,42.7446,216
973,154.2863,39343,123.875,180,123.78,75.5066,42.9271,255
974,155.1542,35220,122.2625,178,123.26,72.7277,44.6768,227
975,154.3981,33350,121.85,181,121.53,74.4506,43.5363,216
976,155.3287,33551,120.9125,182,122.47,73.92,42.0884,216
977,155.8824,34450,122.4625,178,122.64,74.9296,43.1002,221
978,156.5659,32096,123.125,181,124.31,73.4425,43.5836,205
979,155.3619,32626,122.2375,186,122.99,74.3665,45.8408,210
980,156.0044,35257,120.55,180,122.83,75.0645,44.4676,226
981,155.7109,32855,121.925,180,123.27,73.9418,44.5598,211
982,154.1992,36391,122.45,183,123.32,72.6513,43.737,236
983,155.3333,32620,121.9625,180,122.3,76.0013,42.138,210
984,156.5253,33966,122.525,183,122.83,74.1602,43.7591,217
985,155.1415,31804,122.8,179,123.41,72.9853,43.2043,205
986,154.1891,36697,123.9875,176,122.36,75.3136,43.485,238
987,154.8894,33611,121.75,180,122.62,72.2941,42.9409,217
988,155.4808,32340,122.775,178,121.94,74.1614,45.1127,208
989,155.6184,32213,122.6375,193,123.23,74.4079,44.5471,207
990,155.9048,32740,121.1375,178,122.41,75.3939,43.2814,210
991,155.8479,33819,122.8375,185,122.78,74.6894,42.0246,217
992,154.2099,37473,122.575,182,122.83,74.0583,42.1582,243
993,155.1268,33042,124.475,177,123.86,72.738,44.5461,213
994,155.8846,36477,120.6625,180,121.83,74.7568,44.9534,234
995,154.2351,43957,121.35,179,122.56,74.5797,44.2632,285
996,156.0324,33703,122.45,181,123.45,74.9775,43.155,216
997,154.3276,35804,121.3625,178,122.08,74.0933,43.074,232
998,153.6344,42864,122.6125,177,123.87,76.4588,44.5859,279
999,155.0435,39226,120.65,181,121.91,74.2556,44.2853,253
1000,153.8497,44001,121.95,182,122.88,74.586,44.4185,286
1001,154.2857,39960,122.0125,172,122,76.1683,42.0075,259
1002,155.7073,31920,123.375,183,123.78,72.4452,41.7955,205
1003,155.5475,40909,123.825,177,123.1,73.9669,43.0527,263
1004,153.9641,38645,123.3625,192,122.84,74.013,43.0618,251
1005,155.4147,40097,122.0625,174,122.74,74.2705,43.6613,258
1006,156.816,33245,121.0875,185,123.07,74.3218,44.7484,212
1007,154.9419,37341,120.625,187,121.45,73.8244,44.6817,241
1008,154.7746,37765,122.2125,184,121.8,73.9718,45.4498,244
1009,154.7401,35126,122.2875,179,121.82,74.9917,41.614,227
1010,155.7467,35666,123.275,191,123.33,75.7499,43.1506,229
1011,155.5132,35457,121.1375,174,121.92,73.2514,45.0236,228
1012,156.0948,32936,121.625,180,123.04,73.6073,41.2876,211
1013,155.3318,32775,123.7,176,122.82,76.9098,43.1761,211
1014,154.7645,40084,122.825,179,124.62,74.6757,41.5541,259
1015,155.6606,34401,124.0625,178,123.56,76.9102,43.6118,221
1016,156.1495,33416,121.7125,178,122.89,73.0303,44.6295,214
1017,155.3447,32001,123.25,178,122.92,72.6382,43.9276,206
1018,155.8937,32270,121.9875,189,123.19,73.3318,48.5954,207
1019,155.7805,38322,120.65,184,124.01,73.4054,46.5934,246
1020,156.8037,34340,121.1125,178,122.91,74.026,43.3551,219
1021,157.5433,32769,123.5875,185,124.53,75.2611,43.2937,208
1022,156.9409,34527,122.6375,193,123.67,74.102,45.4382,220
1023,156.1408,33258,122.725,188,123.09,73.6807,43.6465,213
1024,156.0379,32924,122.25,183,123.2,74.6581,43.9774,211
1025,155.3436,35263,123.175,187,123.73,74.9928,45.6866,227
1026,156.6417,39787,120.65,188,122.96,75.8113,44.3542,254
1027,155.6415,32996,121.375,179,122.26,73.4444,42.7289,212
1028,155.6202,32369,122.75,176,122.05,73.8128,45.1549,208
1029,156.4105,35818,121.2625,184,122.26,74.6247,45.0021,229
1030,155.6766,41877,123,180,123.26,72.5916,44.0581,269
1031,156.1302,33568,123.25,179,122.9,73.815,46.1478,215
1032,156.7123,33223,121.3625,179,122.9,74.206,44.0757,212
1033,156.6923,32592,121.5875,183,122.11,73.0019,43.4843,208
1034,155.346,40856,123.4,181,123.93,73.74,42.473,263
1035,156.1435,32634,124.7375,187,123.01,72.8719,42.888,209
1036,155.159,43910,124.4625,178,124.89,75.1722,45.1624,283
1037,155.6971,42661,120.3125,196,122.54,75.4571,43.8013,274
1038,156.9713,32807,121.8875,190,123.04,73.1678,42.4191,209
1039,155.3871,38536,122.8,185,123.04,73.3886,43.1971,248
1040,155.4836,33118,124.15,179,122.75,72.369,46.801,213
1041,154.3512,37353,119.625,185,122.32,74.1206,43.8095,242
1042,156.2121,36085,123.375,188,124.78,74.2415,43.9506,231
1043,156.5213,33026,122.1,180,122.65,73.7004,43.7825,211
1044,155.5093,33279,121.375,181,122.97,73.761,45.01,214
1045,154.4704,44333,122.125,188,122.4,73.9569,43.8015,287
1046,155.379,34028,122.5,174,122.51,73.5288,43.1681,219
1047,154.2624,43502,123.525,177,123.33,76.0328,46.6156,282
1048,155.1818,40968,118.875,181,122.52,76.4077,44.9663,264
1049,156.2609,32346,121.5875,175,123.68,73.1366,46.2445,207
1050,155.3045,41311,121.25,182,122.75,75.0617,45.8597,266
1051,155.4183,32327,120.35,178,122.95,74.4081,43.4616,208
1052,154.3547,40904,120.7,176,121.3,75.187,42.4859,265
1053,155.1213,37074,121.675,180,122.3,73.0443,45.439,239
1054,154.6009,33703,121.475,184,123.23,75.1639,43.082,218
1055,153.9366,41255,120.65,186,121.5,73.4082,44.0519,268
1056,154.8448,35924,122.4,174,123.96,73.491,44.5214,232
1057,153.9208,40789,122.45,176,122.9,76.9832,44.4703,265
1058,155.2982,33855,121.9125,190,124.64,74.5536,40.8463,218
1059,152.8586,45399,124.975,184,123.49,74.7288,41.6977,297
1060,155.1729,33207,122.3875,178,122.78,73.7956,45.2846,214
1061,154.4231,32120,121.5875,177,123.29,73.755,42.2338,208
1062,153.2857,38628,124.2,181,123.01,71.8514,42.9793,252
1063,154.5286,32451,123.275,180,122.76,73.5818,43.3336,210
1064,152.7741,36513,121.2,173,121.97,72.7574,44.4815,239
1065,153.9631,37567,122.95,178,123.75,71.385,44.9021,244
1066,153.5859,34864,122.875,177,122.68,73.551,43.8844,227
1067,154.3062,32250,124.8375,180,124.02,74.1533,45.2877,209
1068,154.8745,35776,121.5,180,123.52,74.1788,44.5624,231
1069,154.4688,39544,120.575,177,122.07,73.1439,44.5107,256
1070,154.7702,38383,122.6625,186,122.45,73.8442,44.7307,248
1071,154.1055,33595,122.225,178,122.9,73.0992,45.722,218
1072,154.4414,34286,122.1625,171,123.9,73.8835,43.9744,222
1073,154.0381,32348,121.3125,179,121.92,74.2098,43.158,210
1074,155.1498,32116,124.275,180,124.11,73.767,42.2239,207
1075,154.5551,36475,123.4375,176,121.97,73.3608,44.5073,236
1076,154.6115,40199,120.6125,176,123.6,73.8907,45.6717,260
1077,154.56,38640,122.4625,175,123.76,75.0662,44.6293,250
1078,154.4279,35364,121,174,123.08,74.09,44.1956,229
1079,154.9954,33634,122.65,182,123.32,76.0172,43.8317,217
1080,153.7885,39985,120.1875,186,121.6,73.3234,43.1661,260
1081,154.4375,39536,124.0375,176,123.7,72.6649,44.5099,256
1082,155.2269,36944,121.825,190,123.31,71.4943,46.2548,238
1083,154.3897,32885,121.9625,176,121.8,73.7206,43.5111,213
1084,154.8472,35460,121.075,182,122.52,74.3779,41.9349,229
1085,153.7773,36599,123.05,179,123.22,75.1852,42.9368,238
1086,154.5024,32600,122.55,180,123.39,72.7117,45.7488,211
1087,154.2696,35482,122.6875,176,123.25,73.4052,43.6103,230
1088,153.5636,44687,123.075,178,123.11,74.805,42.0999,291
1089,154.439,31660,123.05,171,122.37,77.4811,45.1594,205
1090,154.0079,38964,119.3125,185,122.29,75.4418,43.1869,253
1091,154.7009,36200,121.7875,174,123.16,73.7991,45.765,234
1092,154.4398,33359,121.125,185,122.68,71.3845,46.3713,216
1093,153.5875,36861,121.3,174,122,72.233,46.5665,240
1094,154.3893,37671,121.3875,173,123.34,73.7861,44.9458,244
1095,155.7083,33633,121.8,194,122.96,74.4009,44.4743,216
1096,155.0558,33337,121.8875,189,123.1,74.8491,42.7246,215
1097,155.0291,31936,122.275,182,123.16,74.4785,44.4853,206
1098,153.9875,36957,122.8125,174,124.22,73.7194,45.4656,240
1099,153.832,39381,121.0625,189,121.91,74.029,44.3726,256
1100,153.7872,36140,123.2125,178,123.44,74.0371,43.7266,235
1101,153.9636,33872,121.8625,179,122.94,73.2682,43.9578,220
1102,154.1292,32213,121.0125,183,121.51,74.8256,41.6295,209
1103,155.7951,31938,122.8375,178,123.54,75.0418,44.9083,205
1104,153.9259,33248,119.8125,172,121.76,71.7487,45.55,216
1105,154.1617,36228,122.3,183,122.68,73.6836,44.8079,235
1106,155.1624,36308,122.7125,178,122.9,75.1052,44.252,234
1107,156.1304,39501,122.4375,186,122.74,77.038,45.0238,253
1108,154.1351,39921,119.2625,180,122.71,76.8048,43.8756,259
1109,153.6338,32724,120.5125,180,122.23,73.1121,44.1034,213
1110,155.8107,32097,121.6125,182,122.81,73.3105,42.3505,206
1111,154.1277,36220,121.775,187,121.56,73.6615,46.5202,235
1112,155.0131,35498,120.6125,186,124.56,74.1716,44.6113,229
1113,154.6542,33096,120.375,179,121.8,74.4701,45.8943,214
1114,154.693,35270,120.8875,178,122.77,74.5179,44.1336,228
1115,154.2268,41487,121.5875,186,123.24,73.5076,43.3327,269
1116,153.895,36627,123.2,182,123.53,75.4243,44.1352,238
1117,152.9483,35484,123.5875,179,124.47,76.8589,44.8309,232
1118,155.2629,38971,120.175,185,122.54,73.8353,47.3847,251
1119,152.8648,42955,121.5125,174,122.64,72.9698,45.3052,281
1120,153.8605,33080,122.6125,178,122.77,72.5251,47.5044,215
1121,154.6524,36034,120.85,184,123.14,73.1607,45.353,233
1122,153.9855,42500,122.4875,180,123.05,75.4717,43.6724,276
1123,154.9496,36878,122.025,182,122.49,77.4292,43.8931,238
1124,154.5297,33842,120.2375,174,122.17,74.0147,44.0164,219
1125,153.8468,34154,121.3,176,122.76,73.3727,44.2336,222
1126,154.5324,33379,124.05,177,123.89,74.9868,43.7212,216
1127,155.0936,36447,122.4375,177,122.12,74.9003,44.7057,235
1128,153.4894,36070,121.0375,174,122.62,75.3435,42.978,235
1129,154.2522,35478,122.4125,177,122.82,74.6777,43.3017,230
1130,154.3224,37809,122.1625,177,123.12,75.0893,46.4983,245
1131,153.8093,36299,120.325,179,122.58,72.621,47.4148,236
1132,154.7325,37600,122.0875,181,123.41,73.5732,44.7199,243
1133,153.2018,33398,122.0625,176,123.56,72.8936,45.5273,218
1134,155.3872,36516,120.95,186,122.09,73.2574,46.1419,235
1135,153.4464,34372,122.725,174,123.91,72.7978,44.7961,224
1136,154.4976,32599,122.8375,179,122.96,73.5591,43.1491,211
1137,153.75,34440,122.85,180,123.53,74.5655,44.7065,224
1138,154.8942,32218,122.6625,181,122.96,74.3722,43.6094,208
1139,153.3347,37107,121.575,182,122.87,73.2672,46.6683,242
1140,153.5171,31471,121.15,173,122.46,73.3597,44.1211,205
1141,152.656,43049,123.075,178,123.54,75.9361,44.8112,282
1142,152.2952,31982,121.9875,175,123.71,72.9877,44.9149,210
1143,152.8973,34249,122.975,181,123.04,72.512,43.9361,224
1144,154.5134,34611,122.375,191,123.37,75.0935,43.0552,224
1145,153.875,35699,122.7625,180,123.22,73.7867,43.5219,232
1146,153.8884,33086,121.625,179,121.99,73.5992,46.9574,215
1147,153.9017,36013,121.05,178,123.62,74.5611,44.1614,234
1148,153.4791,32998,120.9,182,122.2,73.4504,42.869,215
1149,154.2036,34079,122.65,182,123.57,74.3831,46.1433,221
1150,154.2523,34244,121.025,177,123.37,74.1142,44.4194,222
1151,152.4906,32328,121.5625,175,122.74,76.9693,43.5062,212
1152,154.0943,32668,121.225,180,122.18,78.7313,45.3105,212
1153,155.0942,34586,120.125,179,123.08,76.7818,43.5331,223
1154,154.3593,35657,121.8125,175,123.42,73.8449,46.237,231
1155,154.5963,33702,120.9375,181,121.63,72.3067,45.1802,218
1156,153.2407,33100,123.0875,177,124.09,71.295,46.5483,216
1157,153.4426,36059,121.1875,186,123.34,72.2737,46.0985,235
1158,153.0615,39796,120.7375,175,123.01,73.7988,46.1012,260
1159,153.1772,36303,122.6625,185,122.04,72.7213,48.2668,237
1160,153.124,37056,121.3125,183,123.23,73.4314,47.6838,242
1161,153.6637,34267,121.2375,178,123.3,74.1251,43.8098,223
1162,153.6906,34273,122.4,175,123.21,72.7812,45.5284,223
1163,154.2732,31626,122.1375,176,123.35,73.7471,44.3974,205
1164,153.5307,42528,121.8125,179,122.47,74.1753,46.4725,277
1165,152.5704,43330,120.9375,186,122.83,74.805,45.7573,284
1166,153.2387,34019,121.4,172,122.64,73.3144,42.2238,222
1167,152.9491,33037,123.7875,180,123.1,71.9704,41.1874,216
1168,152.5984,37997,124.95,175,122.44,71.8628,46.3441,249
1169,154.0591,33893,124.2875,178,122.08,75.2381,45.9629,220
1170,154.5063,36618,122.25,189,123.3,75.9392,42.5149,237
1171,152.645,46862,122.4625,179,122.32,75.9476,43.4635,307
1172,153.8333,32305,120.6375,184,121.9,72.5828,48.7559,210
1173,153.8651,33081,119.3375,186,122.19,72.0393,45.8491,215
1174,153.9606,39106,120.125,186,122.26,74.7676,44.0128,254
1175,153.711,33509,121.125,181,122.3,73.0236,43.1568,218
1176,154.2537,41340,122.7125,176,122.94,76.6504,45.2017,268
1177,154.1287,41923,120.0375,181,123.27,72.5764,44.2568,272
1178,154.9124,33616,122.5875,177,121.77,75.6892,45.2946,217
1179,153.917,40788,121.125,172,123.22,76.5768,43.9388,265
1180,153.794,46292,120.7125,181,122.25,75.9774,43.5758,301
1181,154.788,33589,121.875,187,122.77,73.8198,45.5584,217
1182,154.6223,36027,121.8625,184,122.12,74.7558,45.4234,233
1183,156.1211,34815,120.8625,179,122.02,74.5451,44.7233,223
1184,155.6561,34400,121.7125,173,122.77,74.2526,44.2822,221
1185,154.3739,36741,121.5875,175,122.63,74.7853,43.5643,238
1186,155.0877,47767,121.7125,185,122.12,74.9625,44.7172,308
1187,155.0421,33179,122.0125,177,121.22,73.646,44.9763,214
1188,155.1707,31810,122.875,189,123.9,74.144,43.3318,205
1189,154.0591,39131,122.1,182,121.93,73.7769,41.9976,254
1190,155.2095,32594,122.975,185,121.96,76.3804,43.4017,210
1191,152.7151,51465,121.2625,176,122.3,75.544,43.9734,337
1192,154.4292,35982,122.8125,175,122.54,73.667,45.0029,233
1193,155.4581,35289,122.5125,185,122.94,74.4341,45.2967,227
1194,153.953,49111,122.75,180,123.84,74.7768,45.6929,319
1195,155.4267,34971,120.8875,183,122.66,74.4229,47.5683,225
1196,155.0783,33652,118.925,186,121.86,72.2219,48.1684,217
1197,153.0954,36896,121.975,179,123.02,73.0711,43.7937,241
1198,153.6118,46698,121.7375,181,122.43,74.741,43.6121,304
1199,152.9761,38397,123.5875,184,123.87,73.3549,44.7264,251
1200,153.8721,33698,121.9125,181,123.76,71.7873,47.1283,219
1201,152.4583,32931,121.575,177,121.86,72.4308,44.773,216
1202,154.0277,38969,122.1375,190,122.91,74.9757,44.6232,253
1203,152.5014,54748,122.1625,182,123.15,76.7024,44.4969,359
1204,153.3448,48917,122.5125,178,123.36,74.3908,44.3318,319
1205,155.1422,34907,121.5875,183,122.74,73.3851,44.5617,225
1206,153.5459,33473,122.75,178,123.32,75.2775,44.0503,218
1207,151.7934,41136,120.3875,179,121.81,74.6853,44.8067,271
1208,154.9119,45699,119.7375,177,122.02,76.6824,44.9594,295
1209,152.9579,39922,120.15,182,121.9,75.6376,44.1968,261
1210,153.7488,32441,120.1125,184,122.64,71.2546,44.4571,211
1211,153.8841,31854,123.6375,187,124.18,73.3468,46.7607,207
1212,153.722,37047,120.6375,187,122.38,73.2842,43.6768,241
1213,153.9481,32637,120.775,183,122.47,74.6263,44.8053,212
1214,154.0082,37578,121.7375,185,122.88,72.942,45.9735,244
1215,153.241,47045,121.85,193,122.46,75.1481,47.4589,307
1216,153.3109,47833,120.5375,181,122.93,77.6516,43.7657,312
1217,153.4955,34383,120.8875,176,123.17,73.7894,45.1068,224
1218,153.306,41086,121.0125,184,122.11,72.1803,44.4704,268
1219,153.4793,33305,122.8375,178,122.8,75.0187,45.5342,217
1220,153.8106,40606,121.6875,175,123,74.6163,42.9171,264
1221,152.6697,33740,119.8,173,120.42,71.2694,45.1624,221
1222,154.0223,34501,123.0375,183,122.55,72.3637,46.5627,224
1223,154.7572,37606,120.35,181,122.01,73.5505,45.1946,243
1224,154.6542,33096,122.0875,181,122.73,73.9881,47.4026,214
1225,152.9064,45719,121.15,184,122.2,73.1033,46.6908,299
1226,153.1055,39195,121.2125,183,123.2,76.9292,45.4761,256
1227,152.8664,37758,121.15,178,122.98,75.0904,43.3318,247
1228,154.7962,32662,123.0875,183,123.6,75.0625,46.0785,211
1229,152.8262,46612,120.325,183,121.08,75.3172,45.8478,305
1230,153.5922,31640,119.725,176,122.14,72.2778,46.0242,206
1231,152.878,37608,121.825,174,122.24,74.1111,46.7945,246
1232,153.4932,33615,120.775,183,121.77,75.584,43.1048,219
1233,153.4387,32529,121.4375,187,122.8,72.9225,45.1136,212
1234,153.4933,34536,121.2875,175,121.44,73.3484,45.2928,225
1235,154,31570,121.375,184,122.6,73.8201,45.0919,205
1236,154.4495,33670,120.975,181,122.27,73.7584,42.8414,218
1237,154.0732,37902,122.7375,180,123.01,74.4076,42.5832,246
1238,153.7087,31664,121.575,182,122.04,73.3352,46.4811,206
1239,153.1992,39219,121.1125,191,123.67,74.4658,45.2851,256
1240,153.8932,36011,121.775,177,122.56,76.6337,44.8481,234
1241,153.6923,35964,121.1875,184,122.63,74.0043,45.9539,234
1242,154.0447,37895,120.45,181,122.45,75.2662,47.708,246
1243,154.0402,34505,119.3,177,122.82,72.4737,46.4511,224
1244,153.0658,37195,121.375,179,123.36,74.8359,45.1304,243
1245,152.5799,43943,122.7875,177,123.51,76.8013,45.1269,288
1246,152.6721,37252,121.2,179,122.42,74.3661,45.6529,244
1247,152.4149,42981,121.1,176,122.71,72.962,46.3553,282
1248,152.5916,39979,121.2625,178,122.11,77.6786,46.8502,262
1249,151.8172,44027,119.025,173,122.42,79.4184,43.5529,290
1250,154.1927,33614,121.3,171,122.6,75.7843,44.8455,218
1251,153.7488,31826,120.9125,175,123.05,74.7184,48.9328,207
1252,153.9531,32792,119.7,181,122.06,71.3317,46.0325,213
1253,154.2802,31936,121.725,181,122.8,72.6654,47.8389,207
1254,152.9752,37020,120.4375,173,122.56,72.5619,47.2408,242
1255,153.5165,37151,119.9375,180,123.6,74.4146,50.8151,242
1256,153.4507,32685,118.225,185,122.52,73.5709,46.8968,213
1257,153.3815,38192,121.5875,177,123.03,73.5967,44.9728,249
1258,154.1896,32534,120.7375,177,122.48,73.2516,45.7561,211
1259,153.6667,39185,120.7625,178,122.63,74.7752,46.8901,255
1260,151.5685,59718,121.1,177,122.56,74.8028,46.0146,394
1261,151.9524,47865,121.15,177,123.08,76.4712,44.58,315
1262,153.6393,37488,120.25,171,122.61,75.5953,44.8215,244
1263,152.4603,55648,120.75,182,121.75,75.9454,46.0475,365
1264,154.4676,33365,119.3,175,122.38,74.2971,44.826,216
1265,153.2257,34629,120.925,181,121.76,73.9265,46.0997,226
1266,153.7793,32755,122.275,199,122.62,74.9756,45.915,213
1267,153.4959,37146,120.375,195,121.84,75.5014,45.7977,242
1268,152.7434,34520,120.4,178,123.17,74.3431,46.6311,226
1269,153.6043,36097,121.4375,181,122.75,75.4806,45.2423,235
1270,153.1441,36142,120.6875,172,122.35,74.8444,46.0851,236
1271,152.4172,44201,121.9125,176,122.24,75.8531,47.4305,290
1272,152.75,39715,120.2125,177,123.6,73.5887,47.0978,260
1273,154.4439,34441,122.0125,184,124.03,74.6717,45.6657,223
1274,153.2476,31569,121.525,171,123.52,74.3978,42.724,206
1275,153.1844,43198,122.175,191,122.96,76.4996,43.5847,282
1276,153.2887,36636,119.275,175,121.47,72.2424,46.4415,239
1277,153.6777,32426,121.8125,172,121.7,72.7963,46.7732,211
1278,152.1498,43667,121.0875,178,122.97,76.7648,45.048,287
1279,153.3839,34358,120.125,177,122.32,74.6197,44.9706,224
1280,153.6535,35033,119.6625,173,121.92,73.5696,45.8406,228
1281,152.902,37461,121.8625,172,122.27,75.4734,43.1635,245
1282,152.5469,48815,121.05,178,122.05,76.1195,41.5652,320
1283,153.4297,39278,121.2875,175,122.42,75.2451,46.2726,256
1284,153.1598,33542,120.875,176,122.24,73.5614,46.1957,219
1285,153.1974,35695,120.575,177,122.91,76.6074,45.4983,233
1286,153.6388,34876,119.4,181,121.34,75.4608,46.8606,227
1287,152.7479,35743,118.65,182,121.89,72.6695,44.9877,234
1288,152.7352,33449,122.675,186,122.92,74.6844,43.8097,219
1289,154.3318,32564,121.975,185,122.76,73.8854,43.6208,211
1290,151.2266,58071,121.2,186,122.72,76.0281,42.1864,384
1291,152.8,32088,122.0125,174,122.57,72.4385,46.254,210
1292,154.3013,35335,121.6375,178,123.25,73.205,47.0791,229
1293,154.3162,36110,121.0125,184,121.12,72.794,45.0711,234
1294,154.5592,32612,122.4125,178,123.31,75.2939,42.3551,211
1295,155.327,32774,121.7375,182,122.32,73.9254,44.0206,211
1296,154.4695,43097,122.2875,184,122.15,72.0302,47.1451,279
1297,155.1195,38935,120.7625,180,122.59,71.7378,46.6669,251
1298,155.6948,33163,121,177,123.05,73.997,44.7827,213
1299,155.3,32613,121.9375,184,122.4,74.871,43.883,210
1300,153.518,51275,122.35,184,123.51,77.1007,44.5915,334
1301,154.368,35659,120.05,178,122.9,73.4373,46.1801,231
1302,153.8374,44459,120.6875,181,121.14,73.6111,46.2459,289
1303,153.1741,48403,120.5125,179,123.53,74.6998,47.339,316
1304,154.0437,38819,119.0375,184,123.39,75.6867,44.4231,252
1305,154.3456,45995,120.775,189,122.23,76.1742,43.9437,298
1306,154.2373,36400,119.2375,177,121.14,76.5924,43.5469,236
1307,152.0731,72843,120.25,182,122.87,76.5368,41.8669,479
1308,153.6955,33813,121.375,182,121.86,74.7094,48.6195,220
1309,154.24,34704,118.725,183,123.46,73.2286,46.4662,225
1310,152.919,32113,121.2625,176,122.07,73.8218,46.183,210
1311,153.5845,33635,122.5,175,123.09,73.923,49.0656,219
1312,153.2477,32795,120.5,173,122.49,72.7335,45.6612,214
1313,153.6213,36101,121.9,177,122.38,72.9899,45.017,235
1314,152.9429,37471,122.0375,174,123.06,75.0763,44.1961,245
1315,152.8121,43093,121.4125,180,122.55,75.4635,45.2038,282
1316,153.9958,36497,121.125,178,122.32,75.2366,46.8257,237
1317,152.0949,48062,120.1375,174,121.91,78.266,48.0828,316
1318,152.5955,47915,118.5125,181,122.68,77.2671,43.0888,314
1319,152.2827,36091,119.2625,176,120.42,75.1896,43.0006,237
1320,152.6987,36495,120.675,186,120.84,74.5278,45.4601,239
1321,152.6824,35575,119.7,182,121.7,74.1492,49.3244,233
1322,153.7696,35367,119.45,181,122.09,72.4612,46.3154,230
1323,152.2802,35329,121.1125,170,121.38,74.5716,46.8727,232
1324,152.5745,43026,120.3875,178,121.59,76.8593,43.9111,282
1325,153.7788,34754,120.2625,172,121.8,78.9088,42.075,226
1326,152.5248,36911,120.025,177,122.75,75.9973,44.6167,242
1327,152.3128,32138,120.65,175,123.21,72.494,47.9392,211
1328,152.25,35931,121.05,174,123.15,71.6604,46.4859,236
1329,151.3235,36015,122.875,180,122.57,72.7062,47.2717,238
1330,152.8661,34242,121.225,175,122.77,72.6093,48.398,224
1331,152.3304,35036,121.55,172,123.03,75.3274,43.5015,230
1332,152.5991,34640,122.6125,180,123.22,74.4642,44.1454,227
1333,150.248,57545,120.8125,177,122.04,74.7772,43.7489,383
1334,152.298,38836,120.9375,173,121.76,76.2992,45.4986,255
1335,151.9353,35249,119.5875,179,122.33,73.4306,45.2701,232
1336,151.1667,40815,120.35,183,121.21,73.6391,46.0522,270
1337,151.6962,44447,119.825,186,121.43,77.3498,45.0109,293
1338,152.8333,33012,120.3375,177,121.63,74.2714,43.2775,216
1339,152.5177,34469,123.1625,180,124.64,74.4232,44.7067,226
1340,150.3942,46923,120.2625,177,121.42,73.4957,46.3986,312
1341,152.4885,33090,121.075,175,122.43,73.4787,46.2912,217
1342,151.2642,40085,121.0875,179,122.32,74.6087,43.9574,265
1343,152.9875,36717,121.925,172,122.31,72.3515,46.3646,240
1344,151.6,46238,122.075,182,122.13,75.2039,48.8344,305
1345,152.2857,37310,119.725,185,122.06,73.5458,45.3839,245
1346,151.9359,42694,121.925,184,122.82,74.4335,45.0556,281
1347,152.0972,37568,121.7,184,121.77,76.6121,43.9114,247
1348,151.3582,42683,120.4125,175,121.76,77.847,43.3548,282
1349,151.3668,48286,121.55,179,121.99,77.5013,44.3339,319
1350,152.6019,31436,120.425,178,122.27,74.4517,43.5267,206
1351,151.7868,41286,121.9125,173,122.06,75.109,46.3258,272
1352,151.709,40658,119.8,171,123.49,74.2166,48.2375,268
1353,151.4205,42852,119.125,172,122.46,72.7689,45.012,283
1354,153.0293,31371,122.2125,183,122.35,74.392,44.2039,205
1355,152.9481,35331,121.625,179,123.27,74.2563,45.4601,231
1356,152.6806,40155,120.3625,185,121.34,75.1846,45.6218,263
1357,152.2523,33800,120.675,175,122.56,74.1827,47.3034,222
1358,151.6172,38814,118.8125,184,122.6,75.2745,46.6124,256
1359,151.0524,40331,119.4125,168,122.29,75.7401,43.6942,267
1360,150.7485,50350,120.4125,179,121.31,76.2448,46.7705,334
1361,151.5992,38203,119.2125,178,122.2,74.772,45.6218,252
1362,152.1911,37439,120.55,176,123.51,74.3553,46.5846,246
1363,152.5347,46218,120.025,184,120.88,73.8,45.6407,303
1364,151.659,46256,122.8625,181,122.65,75.1956,46.2063,305
1365,151.9225,39196,119.8625,176,122.63,72.9969,48.4712,258
1366,151.7098,33983,121.5125,176,122.51,73.0265,45.7423,224
1367,153.2857,35409,121.2125,179,122.3,74.958,43.7174,231
1368,152.8365,31790,121.825,175,122.83,73.966,46.855,208
1369,151.2136,31150,121.025,179,123.2,73.1146,47.4897,206
1370,150.5,47257,120.625,177,122.64,74.454,46.2678,314
1371,152.3699,33369,119.1,177,121.66,74.5789,45.1577,219
1372,154.0545,33892,120.25,181,121.75,73.5606,44.6584,220
1373,151.2802,38879,122.0625,172,123.68,74.1122,48.1987,257
1374,152.7188,34209,120.1,179,122.74,72.8917,43.6093,224
1375,152.547,43781,123.4125,175,123.52,74.0964,45.1154,287
1376,153.1542,32775,121.0625,183,122.52,72.6135,47.8802,214
1377,153.6919,32429,119.5125,187,122.05,73.4718,46.8554,211
1378,152.5366,31270,121.5125,180,121.59,73.6124,48.4566,205
1379,153.4232,36975,120.2125,178,121.6,73.87,46.716,241
1380,154.061,32815,120.525,175,123.13,75.1977,43.8926,213
1381,152.3123,43409,121.7,180,123.54,76.8723,44.8801,285
1382,152.7723,34221,121.2125,173,123.57,73.8244,48.5721,224
1383,153.8785,32930,120.8,183,122.37,71.9955,46.0504,214
1384,153.1609,35227,121.15,176,123.48,73.6612,44.7344,230
1385,153.1612,37065,122.2375,181,121.24,76.1995,44.6719,242
1386,154.2466,34397,118.8375,179,121.94,74.6275,46.0023,223
1387,151.3153,33592,122.5375,177,124.63,73.229,51.5441,222
1388,152.7368,31922,118.8375,173,123.38,72.5817,49.4046,209
1389,153.1298,31851,120.3,176,122.89,74.9861,44.7395,208
1390,152.6869,32675,122,176,122.45,70.5136,44.8388,214
1391,153.2524,31570,122.7,202,120.59,72.4152,47.6016,206
1392,153.4598,34375,121.9625,179,123.4,73.6944,46.4885,224
1393,152.9352,37775,121.525,179,123.48,75.2066,45.315,247
1394,151.175,54423,120.725,175,123.11,76.153,46.1122,360
1395,152.75,33605,119.075,175,122.27,72.5411,44.6379,220
1396,153.3556,34505,122.0125,183,122.15,75.2635,48.0314,225
1397,154.1911,34693,119.575,179,122.78,73.5331,47.2683,225
1398,153.0323,37952,121.625,174,122.42,72.7922,47.6642,248
1399,152.6504,37552,121.575,178,122.37,73.0532,45.3665,246
1400,152.4658,35677,121.9,182,123.28,69.6184,47.2587,234
1401,152.4557,36132,121.85,173,122.28,70.0496,49.9592,237
1402,152.0622,31781,121.05,177,122.8,71.359,48.5649,209
1403,152.8142,34536,120.95,174,122.92,73.7673,47.0614,226
1404,152.498,38582,120.45,176,122.61,72.3531,46.1796,253
1405,151.4185,47394,121.7375,178,123.47,72.2764,47.8798,313
1406,152.3063,43255,121.4875,180,123.32,72.61,49.0346,284
1407,152.9147,32265,121.3875,179,122.64,75.1092,46.6943,211
1408,152.8726,32409,119.7125,182,122.83,75.1465,46.9393,212
1409,153.1221,32615,120.775,176,124.4,73.0042,45.855,213
1410,151.8605,39180,121.7375,174,123.82,74.414,45.299,258
1411,153.2929,36637,120.5625,173,123.53,74.3488,47.8464,239
1412,152.1498,43667,118.7625,175,122.61,75.9347,48.5559,287
1413,152.3018,41883,119.025,176,121.95,75.8643,51.662,275
1414,151.6789,37313,117.85,177,122.17,71.48,48.2162,246
1415,153.281,32189,122.3,176,122.27,72.3045,49.2152,210
1416,152.1504,40472,120.9125,182,122.58,71.9085,45.6828,266
1417,152.2949,44927,122.05,172,122.45,74.8233,45.6983,295
1418,153.6466,35646,121.225,179,123.48,72.6978,47.0388,232
1419,150.5124,60506,122.525,177,123.9,73.8065,48.0025,402
1420,151.5182,37425,120.375,177,122.54,72.5167,46.8255,247
1421,151.7273,45063,119.575,180,122.34,71.5947,51.0691,297
1422,151.8622,38573,119.4,171,122.43,73.2144,49.0222,254
1423,151.7254,37021,120.1125,169,122.18,76.3562,45.1807,244
1424,151.1916,39461,119.925,181,121.42,76.7556,44.6711,261
1425,150.4578,46341,119.2625,174,122.36,76.3683,47.717,308
1426,151.6812,31398,120.4625,177,122.69,71.959,48.931,207
1427,151.29,40697,120.3,169,121.25,72.0498,49.8486,269
1428,153.4126,31603,119.725,176,124.06,73.4377,45.8915,206
1429,152.7237,39250,120.8875,177,123.89,72.8786,46.4961,257
1430,152.1019,31333,120.5,178,122.35,74.0181,45.8073,206
1431,152.2324,36688,119.6375,173,122.28,73.4406,47.085,241
1432,152.0844,34219,122.825,184,122.21,72.8095,44.8939,225
1433,151.8333,35529,122.825,173,121.95,71.117,49.429,234
1434,150.5,56287,120.675,172,123.13,71.9126,53.0606,374
1435,153.5707,31482,119.1375,175,123.69,70.9858,48.7706,205
1436,152.2589,34106,121.25,178,123.06,71.3875,47.8084,224
1437,152.7661,33303,121.7,180,123.65,73.918,44.6717,218
1438,152.0078,38762,121.5375,178,122.6,71.3199,45.6956,255
1439,153.3879,32825,122.3875,179,123.88,73.7053,46.0199,214
1440,151.5552,53499,121.7625,183,124.05,75.0793,45.4986,353
1441,152.3744,32151,120.6,184,121.35,74.4347,46.0498,211
1442,153.3571,34352,120.0875,176,122.21,71.4768,48.1296,224
1443,152.8689,31491,121.2125,179,122.85,70.8898,48.1811,206
1444,151.1827,45506,121.3875,176,122.12,75.6539,46.4542,301
1445,153.0442,34588,119.4125,178,122.28,73.2074,44.5396,226
1446,153.2545,34329,121.7625,178,123.58,73.0159,47.1012,224
1447,152.5907,36164,120.325,180,122.66,73.5249,45.3843,237
1448,152.6581,35722,122.6375,175,122.75,71.9615,44.9433,234
1449,152.2925,32286,122.6875,193,121.44,72.8692,44.9649,212
1450,152.831,43404,120.5,178,121.6,77.6315,44.1348,284
1451,151.4116,47089,121.075,180,123.01,75.79,47.7446,311
1452,153.3333,33580,120.6,181,122.43,72.9374,45.0598,219
1453,151.2148,40828,121.5125,177,121.16,73.3749,41.9026,270
1454,151.1713,43235,122.825,172,122.76,74.9866,44.119,286
1455,151.304,37826,121.8,175,122.33,72.6585,47.2535,250
1456,152.8369,43100,121.5875,178,122.94,73.4077,48.1108,282
1457,153.3321,40633,119.2625,180,123.31,75.0421,42.3367,265
1458,152.3285,41738,120.8625,183,121.72,79.1332,44.1159,274
1459,153.2212,34628,119.125,177,122.09,73.3831,46.2219,226
1460,153.4498,35140,120.15,175,122.63,72.8959,45.7603,229
1461,152.0965,34678,121.0875,175,122.22,74.8677,45.2845,228
1462,153.3319,36493,121.95,172,122.26,74.8943,43.89,238
1463,153.0049,31366,121.3,183,122.92,71.2525,45.4566,205
1464,153.5138,33466,122.2125,174,122.95,72.8489,46.4209,218
1465,151.4597,45135,121.7875,180,122.12,74.4831,43.7575,298
1466,152.6599,45340,121.025,178,121.53,76.9337,45.4558,297
1467,152.2465,32733,118.8,186,122.12,72.7153,43.1956,215
1468,152.1287,41379,122.8125,181,121.97,73.2537,43.6381,272
1469,152.8592,32559,121.7875,184,120.99,72.6258,44.7722,213
1470,153.3445,32049,121.6,179,121.55,75.2952,48.0554,209
1471,150.9799,44992,118.5125,174,122.09,75.7664,45.8519,298
1472,153.3662,32667,120.1875,177,122.22,73.6489,43.2814,213
1473,151.8376,35530,121.5125,181,122.19,75.9131,44.0753,234
1474,152.539,41033,120.8,175,122.63,74.0485,45.8469,269
1475,152.4556,37809,121.125,188,122.43,72.1851,44.4013,248
1476,150.975,48312,121.9625,185,122.63,75.1726,45.5096,320
1477,153.7568,34134,120.675,180,122.11,74.2862,47.3773,222
1478,151.2656,46136,119.4625,177,121.93,75.9069,45.5488,305
1479,152.8607,37298,120.1,180,123,74.7385,41.097,244
1480,152.2581,37760,122.6125,183,122.72,74.6121,44.7511,248
1481,150.7407,48840,121.4625,175,122.17,76.3386,46.2909,324
1482,152.8302,32400,119.05,183,122.94,73.3011,48.046,212
1483,152.8566,38367,119.7375,181,122.92,73.3332,45.067,251
1484,151.834,40236,121.4,175,122.82,73.1549,45.8369,265
1485,152.0048,31769,119.9625,178,122.05,74.5494,43.7675,209
1486,152.9654,39771,121.2375,178,122.28,73.7046,42.0339,260
1487,152.0664,36648,121.225,177,121.59,74.4921,43.6092,241
1488,151.7696,34907,122.3125,173,121.9,71.3609,47.565,230
1489,153.1822,32781,121.925,180,121.76,71.8432,43.8618,214
1490,152.5741,32956,123.35,182,122.33,73.3659,45.1967,216
1491,152.6575,33432,120.625,176,122.03,74.6634,45.5287,219
1492,152.5742,31888,120.45,175,122.77,75.3983,43.6833,209
1493,152.6278,34036,121.3375,175,122.13,74.2113,45.9377,223
1494,151.2379,34331,119.775,173,121.25,74.1321,47.5417,227
1495,151.6256,31993,119.025,176,122.39,74.1512,43.0236,211
1496,152.2672,35326,122.6125,174,122.68,73.5725,44.9815,232
1497,151.621,37602,120.1125,175,121.32,73.1448,48.7071,248
1498,152.5485,45612,119.8125,178,121.52,73.1751,47.6331,299
1499,152.3117,37621,119.3375,180,122.81,72.0604,45.5644,247
1500,151.4346,35890,120.425,176,121.77,71.6811,46.7332,237
