1,171.4404,33088,111.3,225,111.02,52.9609,54.9436,193
2,171.5464,33280,111.025,248,110.75,53.1029,54.9459,194
3,173.0829,33405,111.275,225,110.85,52.8423,54.6696,193
4,173.425,34685,110.475,232,110.29,53.1168,54.8492,200
5,172.2178,34788,110.975,223,111.02,53.3753,55.2537,202
6,172.1929,33922,111.0875,221,110.75,53.105,54.9369,197
7,172.7921,34904,109.875,228,110.16,52.7951,55.0395,202
8,172.1,34420,110.55,229,110.73,52.5241,55.1626,200
9,172.0101,34058,110.8,219,110.71,52.3769,54.502,198
10,173.2335,34127,111.275,231,111.53,53.0986,54.9455,197
11,173.3737,34328,111.2125,228,110.97,52.6966,54.8851,198
12,171.6507,35875,111.4125,221,110.93,52.9866,54.7253,209
13,173.2261,34472,110.7875,224,110.6,53.1617,55.1409,199
14,175.3005,33833,110.3625,246,110.27,52.7291,54.7475,193
15,174.4093,33661,110.7625,217,110.4,53.3917,55.3078,193
16,175.0518,33785,110.9875,238,110.89,52.4235,54.9671,193
17,175.1295,33800,110.75,226,111.15,53.2707,54.902,193
18,176.1186,34167,111.6,231,111.6,53.0766,54.5102,194
19,175.2995,34534,111.95,239,111.66,52.8466,55.1808,197
20,176.9536,34329,110.825,232,110.57,53.1428,55.0963,194
21,176.3544,36329,110.9,223,110.96,53.0023,54.7903,206
22,176.7716,34824,110.8125,225,110.9,52.8968,55.4843,197
23,178.7449,35034,110.8,232,110.35,52.9588,54.9093,196
24,180.433,35004,110.2625,236,110.04,53.2762,55.3582,194
25,180.0495,36370,110.4625,228,110.62,52.5767,54.6802,202
26,180.7668,34888,110.9875,241,110.46,52.9644,54.9622,193
27,179.9026,35081,110.4625,228,110.68,53.0219,54.8646,195
28,179.7306,34688,110.6125,227,110.38,52.5996,54.5509,193
29,177.9497,35412,110.725,241,110.51,53.1371,54.8962,199
30,179.4352,34631,111.3,236,110.9,53.0484,54.7216,193
31,179.3161,34608,111.7375,255,111.16,52.8577,54.4515,193
32,176.5128,34420,110.625,218,110.47,53.2246,54.7733,195
33,175.8154,34284,110.5125,229,110.38,53.0535,54.7017,195
34,174.3842,35400,111.2375,230,111.03,52.8561,54.9672,203
35,175.125,35025,111.3,234,110.76,53.197,54.8872,200
36,172.8454,35779,110.275,232,110.33,53.0948,54.4659,207
37,173.3402,33628,111.8625,228,111.29,52.9475,54.459,194
38,172.5505,34165,110.675,224,111.21,53.1455,55.1707,198
39,173.7688,34580,111,259,111.26,52.6817,55.0514,199
40,172.9343,34241,112.05,223,111.31,52.9307,54.8375,198
41,173.0739,35134,110.1125,220,110.2,53.3771,55.3704,203
42,172.1206,34252,110.2875,234,109.88,53.4008,55.0197,199
43,172.8535,34225,110.925,227,110.45,53.2465,54.6743,198
44,172.9265,35277,111.95,221,111.94,52.9743,54.8726,204
45,171.12,34224,110.3625,225,110.49,53.3835,55.1287,200
46,174.0104,33584,110.025,223,110.09,52.9296,54.6835,193
47,173.1939,33946,111.4375,225,111.72,52.974,54.7923,196
48,173.8601,33555,110.25,225,110.23,52.7496,54.546,193
49,172.98,34596,111.35,225,111.25,52.9784,54.7154,200
50,171.3622,33587,111.3375,222,110.94,52.573,54.7082,196
51,168.4804,34370,111.75,219,112.17,52.3062,54.803,204
52,169.3416,34207,110.85,219,110.87,52.8974,54.9802,202
53,171.0311,33009,110.8125,216,110.92,53.4656,55.1418,193
54,173.359,33805,111.2375,222,110.72,53.0405,55.1246,195
55,172.85,34570,109.9625,222,109.92,53.2837,55.197,200
56,171.1626,34746,111.5,222,110.77,53.2238,54.6496,203
57,172.5357,33817,111.4875,221,111.07,52.3078,54.6927,196
58,171.4195,35141,110.9375,217,110.8,53.2693,54.6736,205
59,172.5622,34685,111.1625,231,110.94,52.5838,54.373,201
60,173.9639,33749,111.325,235,111.36,52.7978,54.1955,194
61,174.18,34836,109.6875,222,109.48,53.0144,54.4799,200
62,172.7056,34023,109.3875,221,109.23,53.2224,54.7916,197
63,171.9749,34223,110.0875,225,109.99,53.2855,54.9736,199
64,174.0202,34456,109.975,227,110.05,53.1064,55.0588,198
65,172.913,35793,110.7875,223,110.77,53.4297,55.1226,207
66,173.9797,34274,111.0375,228,111.06,53.2403,55.1831,197
67,171.2629,33225,110.0125,219,109.96,53.4107,55.1399,194
68,170.7409,32953,109.8625,232,110.2,53.0497,54.323,193
69,170.0657,33673,109.55,222,109.95,52.9907,54.7139,198
70,169.8122,33453,109.4625,228,109.53,52.8616,54.4955,197
71,170.3692,33222,111.0625,227,111.08,53.365,55.0911,195
72,170.1854,34888,111.0125,214,111,53.4426,55.1628,205
73,168.9615,35144,110.15,231,110.24,53.0936,55.0625,208
74,172.0363,33203,110.25,234,110.48,52.9692,54.7032,193
75,170.6684,32939,111.4,222,110.85,53.1878,54.8076,193
76,169.4851,34236,111.6,214,111.11,52.8322,55.0325,202
77,171.4141,33940,110.6375,234,110.16,53.6617,54.8295,198
78,168.5517,34216,111.55,212,110.98,53.043,54.2099,203
79,170.8763,33150,111.225,218,110.88,53.1693,55.2475,194
80,170.3065,33891,111.5625,234,111.91,52.6973,54.9025,199
81,171.1777,33722,111.1875,212,110.9,52.8547,54.8051,197
82,168.9235,33109,110.8625,225,110.21,53.1797,54.9958,196
83,170.7366,35001,110.4875,225,110.18,53.6257,54.3861,205
84,170.3866,33055,111.075,226,111.15,53.4291,54.9798,194
85,169.3571,33194,110.0125,223,109.82,53.2232,54.8556,196
86,170.7727,33813,111.35,221,111.63,53.4344,54.3788,198
87,168.6473,34910,110.9125,217,110.99,52.9222,54.9445,207
88,170.8564,33317,110.425,227,110.1,53.6169,55.0417,195
89,170.2687,34224,110.0375,241,110.42,53.4779,55.1736,201
90,169.7333,33098,110.375,234,110.26,53.0163,54.7255,195
91,171.0829,33019,110.2625,225,110.19,52.6959,54.3407,193
92,170.5149,34444,109.9125,219,110.18,53.1337,54.7637,202
93,170.8051,33307,110.7,231,110.77,53.65,55.0145,195
94,170.1768,33695,110.4125,227,110.82,53.1031,54.2868,198
95,169.2312,33677,111.225,214,111.01,52.8383,54.6266,199
96,171.4205,33427,110.8875,223,110.6,53.1999,54.9419,195
97,169.6078,34600,110.2,218,110,52.778,54.5136,204
98,170.159,33181,111.2,225,111.17,54.0293,54.9246,195
99,170.0308,33156,110.2625,215,109.98,53.0487,54.241,195
100,170.8788,33834,111.05,219,110.76,52.9211,54.4218,198
101,169.1701,32819,110.3,217,110.38,53.5983,54.9953,194
102,169.4646,33554,110.725,215,110.6,53.3252,54.8223,198
103,169.7389,34457,110.2625,219,110.14,52.8711,55.0372,203
104,170.9794,33170,111.5625,224,110.94,53.4197,54.5063,194
105,170.8112,33479,110.2,222,110.55,53.6097,54.4412,196
106,170.7629,33128,110.575,220,109.94,53.2606,54.8275,194
107,170.8889,33836,110.425,239,110.18,53.8723,55.1867,198
108,170.0303,33666,111.55,247,111.23,53.4766,54.3782,198
109,171.3756,33761,111.175,222,111.34,53.4217,54.8354,197
110,170.8367,33484,111.6125,218,111.45,53.4588,54.4658,196
111,171.3316,33581,109.9125,224,110.01,53.7085,55.3089,196
112,170.658,32937,110.6375,220,110.18,53.641,54.3863,193
113,171.0553,34040,110.25,228,110.47,53.4008,55.0217,199
114,171.0758,33873,111.3875,226,111.2,52.9969,54.401,198
115,170.5821,34287,110.875,215,110.39,53.5991,54.6121,201
116,171.1058,35590,111.225,219,110.71,53.3793,54.6734,208
117,171.7282,33487,110.7875,234,110.54,53.2924,54.316,195
118,169.6219,34094,111.125,204,110.98,53.6041,54.6365,201
119,171.1422,34913,110.125,232,109.96,53.7587,55.3056,204
120,169.3382,35053,110.8,226,110.51,52.7811,54.1927,207
121,169.467,33385,112.25,217,112.1,53.1191,53.8234,197
122,168.995,33630,110.8625,227,111.13,54.0611,55.2655,199
123,170.6839,32942,111.2375,216,111.25,53.5195,54.8835,193
124,169.8041,32942,110.325,232,110.87,53.0764,54.5654,194
125,171.0415,33011,110.5625,231,110.2,53.368,54.5205,193
126,169.7727,33615,110.3125,211,110.16,53.6561,53.8515,198
127,170.8274,33653,110.3125,225,110.09,53.3338,54.2262,197
128,169.8367,33288,110.3375,212,110.4,53.7292,54.5983,196
129,171.8351,33336,108.8375,223,109.39,53.4618,55.1129,194
130,169.9948,32809,110.4375,220,110.53,53.9595,54.3909,193
131,167.8281,37090,111.675,227,110.99,53.9318,54.9233,221
132,170.8601,32976,111.3375,233,110.84,53.3602,54.3223,193
133,170.7092,33459,111.2625,215,110.99,53.065,54.3732,196
134,168.995,33968,110.95,213,110.38,53.2942,54.3305,201
135,170.8214,33481,110.0625,229,110.09,53.8368,54.7507,196
136,170.3878,33396,110.925,218,110.53,53.019,54.5671,196
137,168.75,33750,110.4125,216,110.49,54.0551,54.7672,200
138,168.8308,33935,110.325,219,110.56,53.4059,54.7597,201
139,170.0049,34681,110.275,217,110.21,54.2383,54.3977,204
140,171.6856,33307,111.6625,218,110.79,53.0786,54.1817,194
141,169.4461,34567,110.25,238,110.43,53.4087,53.9831,204
142,171.366,33245,109.75,224,110.02,53.3434,54.8185,194
143,168.9104,35809,111.325,220,111.34,53.6783,54.1277,212
144,168.6048,35407,109.4625,216,109.97,53.5469,54.6655,210
145,170.9639,33167,112.9,214,111.85,53.6637,54.9256,194
146,169.7462,33440,110.3,215,110.13,53.669,54.3897,197
147,169.7612,34122,110.4375,232,110.19,53.6639,54.6442,201
148,170.9409,34701,111.8125,232,111.08,53.8131,54.9969,203
149,170.35,34070,110.4375,225,110.13,52.9225,54.0934,200
150,170.5859,33776,110.8,222,110.59,53.9167,54.3435,198
151,171.0415,33011,110.9375,215,110.88,53.5028,54.4716,193
152,169.8705,32785,110.725,219,111,53.1285,54.2184,193
153,170.7245,33462,111.2,212,110.99,53.8979,54.366,196
154,171.2539,33052,111.1875,217,110.79,53.3759,54.2705,193
155,170.215,34043,111.55,233,111.66,53.2949,54.4505,200
156,170.3216,33894,110.7625,216,110.54,53.2861,54.2508,199
157,170.715,32948,110.9875,227,110.72,53.5202,54.3098,193
158,170.4527,34261,110.3125,232,110.22,53.4943,54.4498,201
159,170.5744,33262,110.725,227,110.49,53.4077,54.1749,195
160,171.6276,33639,110.7375,223,110.73,53.2699,54.05,196
161,171.398,34451,111.2625,212,111.16,53.7845,54.5197,201
162,170.8821,33322,111.5125,215,110.75,54.1714,54.9267,195
163,168.3578,34345,110.6375,217,110.16,53.7564,54.0616,204
164,170.2129,34383,110,211,109.66,52.8543,54.4142,202
165,169.8619,35671,110.7125,216,110.52,54.0142,53.946,210
166,171.5,33957,109.9,224,109.83,53.8656,54.5565,198
167,169.3382,34545,110.8875,231,110.67,53.8374,54.535,204
168,169.7766,33446,111.525,215,111.54,53.7229,54.0984,197
169,169.2613,33683,110.2875,216,110.52,53.748,54.0956,199
170,170.8454,33144,110.8375,215,110.87,53.348,54.1277,194
171,167.8093,36079,111.55,223,111.66,53.9378,54.4125,215
172,170.0918,35209,111.2,229,110.91,53.5631,53.9835,207
173,171.7565,33149,111.525,217,111.13,53.4808,54.1294,193
174,171.5271,34820,110.8625,224,110.33,53.7085,54.3408,203
175,169.9848,33657,110.35,222,110.25,53.8192,54.7118,198
176,170.3,34060,111.325,217,110.55,53.4917,54.0759,200
177,170.6888,33455,109.9625,226,109.98,53.0886,54.2616,196
178,169.9798,33656,111.1125,214,111.17,53.6511,54.5754,198
179,171.1582,33547,110.7375,223,109.9,53.7298,54.3564,196
180,169.9167,34663,112.1375,212,111.14,53.8207,54.788,204
181,168.44,33688,111.6375,212,111,53.299,54.1897,200
182,169.4103,33035,110.55,221,110.74,54.007,54.2516,195
183,171.4745,33609,111.325,216,111.2,53.6883,54.3014,196
184,171.9385,33528,111.9,223,112,54.0983,54.3994,195
185,172.4072,33447,112.7,222,112.44,53.5596,54.1896,194
186,170.7313,34317,110.3875,237,110.32,53.7942,54.4308,201
187,169.6583,33762,110.125,229,110.01,54.0074,54.0885,199
188,171.8621,34888,109.9125,223,110.02,53.5258,54.6824,203
189,170.9548,34020,110.9875,222,111.03,53.4653,53.9463,199
190,171.4061,33767,111.5625,223,111.46,53.73,54.2416,197
191,171.2915,34087,110.575,227,110.88,54.3549,54.0489,199
192,171.3941,34793,109.8375,245,110.3,53.9113,54.5897,203
193,170.7537,34663,111.2375,217,110.45,54.2699,54.6007,203
194,171.3568,34100,109.975,224,110.02,53.8762,53.8663,199
195,170.5463,34962,110.325,229,109.58,54.1747,54.2564,205
196,171.6816,34508,111.1375,212,110.24,53.6468,54.2592,201
197,171.5596,33111,111.7875,226,111.42,53.4948,53.9786,193
198,170.8182,33822,110.475,221,110.28,53.5355,54.1358,198
199,170.2,33189,111.2625,221,110.74,53.8287,54.584,195
200,171.7358,33145,110.8375,214,110.57,54.2187,54.501,193
201,170.9541,33507,110.9125,212,110.49,53.8831,54.2263,196
202,167.7343,34721,109.3125,218,109.06,53.9633,53.893,207
203,169.9948,32979,110.85,213,110.64,53.559,53.9076,194
204,170.0674,32823,110.3375,222,110.48,53.7911,54.1851,193
205,171.7563,33836,111.425,209,111.3,54.1117,54.1124,197
206,169.2985,34029,111.7625,217,111.55,54.4509,54.4754,201
207,170.1256,33855,110.875,220,110.58,53.6071,54.0379,199
208,170.634,33103,111.6,222,111.45,54.4684,53.4667,194
209,170.3469,33388,110.1125,218,110.29,53.6869,53.8845,196
210,173.035,34607,111.4875,234,110.98,54.0192,53.4413,200
211,169.781,35654,109.9125,208,110.63,53.9847,53.2576,210
212,169.4366,36090,110.3625,223,109.86,54.2863,53.693,213
213,170.2626,33712,110.25,220,110.42,54.1631,54.1345,198
214,169.7286,35643,110.25,226,109.85,54.4311,54.631,210
215,172.6919,34193,111.225,224,111.17,54.0225,54.1121,198
216,171.2613,34081,110.1625,212,110.11,53.4847,53.3699,199
217,172.8191,34391,109.4875,232,109.3,53.7271,54.1532,199
218,172.2769,33594,110.775,232,110.39,54.4725,54.508,195
219,170.6684,32939,111.4875,223,110.79,53.7386,53.5658,193
220,169.7941,34638,110.8625,212,111,54.1187,53.7484,204
221,168.1538,34976,109.7,228,109.26,54.3683,53.9929,208
222,171.1608,34061,111.5,217,111.59,53.8665,54.2668,199
223,171.8615,33513,110.3375,243,110.12,54.0011,53.5895,195
224,169.6256,34434,111.0875,219,110.8,53.8991,53.7917,203
225,169.361,34719,111.05,222,110.62,54.208,53.9138,205
226,169.0048,35153,111.2625,217,110.91,53.9045,53.8976,208
227,172.3351,33433,109.725,244,109.75,54.089,53.9075,194
228,171.285,34257,110.9125,209,110.39,54.4617,53.6683,200
229,171.4205,33427,110.1125,226,110.27,53.9872,53.6104,195
230,169.467,33385,109.8625,215,109.85,54.3264,54.8783,197
231,171.6218,33123,111.1625,237,110.71,54.2383,53.6898,193
232,170.2539,32859,110.65,242,109.98,53.8121,53.9997,193
233,170.1192,32833,111.475,218,111.34,54.3795,54.7515,193
234,172.3679,33267,111.8375,227,111.01,54.5126,53.6137,193
235,169.058,34995,110.8375,221,110.52,54.3396,53.9071,207
236,170.3238,35768,110.175,224,109.81,54.4175,53.3728,210
237,170.8426,33656,110.5875,227,110.38,54.479,53.8512,197
238,172.005,34573,111.275,244,111.1,54.2839,54.2152,201
239,170.0355,33497,110.5625,229,110.44,54.3887,53.4269,197
240,170.2424,33708,110.475,221,110.97,54.2562,54.2124,198
241,170.0498,34180,110.8,230,110.69,54.1717,53.2895,201
242,170.0258,32985,111.3375,221,111.11,53.8423,53.0281,194
243,169.7824,32768,111.3875,205,111.15,54.7173,53.9132,193
244,170.6158,34635,110.625,223,110.38,54.4593,54.1399,203
245,170.1846,33186,110.575,213,110.94,54.3252,53.501,195
246,171.8557,33340,110.9125,218,110.14,53.2926,54.0402,194
247,171.5909,33975,111.25,214,110.62,54.1447,53.6327,198
248,171.0515,33184,110.575,213,110.37,54.501,53.9453,194
249,170.8477,33657,111.4125,214,110.59,53.961,53.7659,197
250,171.3452,33755,109.95,213,109.81,54.3079,53.5779,197
251,168.8529,34446,110.3875,216,109.91,54.5614,54.1401,204
252,171.6425,33127,111.4625,206,110.57,54.8041,52.5344,193
253,171.1373,34912,111.3,230,111.33,54.9231,53.0304,204
254,171.9741,33191,110.675,219,110.47,54.382,52.731,193
255,171.335,34781,109.9875,225,109.75,55.0843,53.1388,203
256,169.1606,32648,111.7375,209,110.95,54.5364,53.9869,193
257,172.2539,33245,111.2125,211,110.33,55.0887,52.6692,193
258,170.0302,33836,110.1375,227,110.56,54.8799,53.1367,199
259,170.6748,35159,110.275,220,110.47,54.5402,53.0888,206
260,169.2111,33673,111.0875,216,110.2,54.5858,52.9299,199
261,169.5381,33399,111.1375,216,111.06,54.3868,52.6635,197
262,170.5408,33426,110.275,220,110.78,54.7268,52.9661,196
263,170.1692,34204,110.75,218,110.42,54.9709,53.2009,201
264,169.6682,37327,112.7375,215,112.93,55.0362,52.9996,220
265,168.625,35074,111.825,208,110.98,54.8692,52.9187,208
266,170.4439,34941,111.3125,219,111.34,55.1168,52.8317,205
267,170.102,33340,111.45,221,111.45,54.5975,53.5177,196
268,167.6683,34875,111.95,216,111.25,54.9235,52.8845,208
269,168.7311,35771,109.7,229,109.39,54.7714,52.6517,212
270,170.1907,33017,110.6125,221,109.97,54.5884,52.9757,194
271,170.0052,32981,110.4,209,109.98,54.6351,52.3527,194
272,168.6515,33393,110.9625,237,110.86,54.4836,53.223,198
273,169.0388,34822,110.2125,215,110.13,54.9789,53.4235,206
274,169.069,34321,110.35,241,110.23,54.5608,52.5601,203
275,170.2959,33378,110.325,223,110.56,54.9764,53.267,196
276,171.2113,33215,110.1125,217,109.96,54.7118,52.4375,194
277,168.472,36053,109.9125,220,110.17,54.6584,53.3022,214
278,169.3081,33523,110.6375,214,110.64,54.2603,52.3756,198
279,169.2778,33517,110.7625,219,110.41,54.9366,52.9195,198
280,169.3663,34212,111,221,110.99,54.8591,53.1904,202
281,169.165,33833,110.425,214,110.8,54.7867,53.1833,200
282,167.9811,35612,112.025,212,111.65,55.3198,53.3907,212
283,169.7662,34123,111.1,216,110.58,54.636,53.0108,201
284,171.3317,34609,111.8,218,111.41,54.8366,52.758,202
285,170.4133,33401,111.3625,216,110.96,55.212,53.3894,196
286,169.56,33912,111.2875,220,110.79,54.3403,52.2813,200
287,169.8934,33469,110.925,212,111.18,54.7893,52.713,197
288,171.886,33174,109.9625,222,109.35,55.1985,53.0714,193
289,170.0294,34686,110.75,216,110.52,54.8174,53.3132,204
290,168.3902,34520,111.175,215,111.01,54.7231,52.9491,205
291,170.0206,32984,111.3125,214,111.27,54.7353,52.8914,194
292,170.6345,33615,111.1625,218,110.89,54.4263,53.2415,197
293,169.8128,34472,110.4,220,109.96,54.1767,52.8173,203
294,169.555,33911,111.3375,229,111.03,54.6116,53.5583,200
295,170.5233,32911,110.0125,225,109.5,54.7062,52.7276,193
296,171.5155,33274,111.3125,226,110.43,54.8309,53.2232,194
297,169.2038,35702,109.5125,224,109.85,54.7563,53.3292,211
298,172.6943,33330,111.4,225,111.21,54.0341,52.444,193
299,169.29,33858,110.85,218,110.66,54.9515,53.6084,200
300,172.5126,34330,111.1375,221,110.56,54.4184,52.5062,199
301,170.8934,33666,109.8375,222,109.21,54.4895,53.2113,197
302,172.5,33810,109.9625,223,110.18,54.8851,52.5529,196
303,170.736,33635,111.0875,234,110.74,54.5704,52.999,197
304,171.3793,34790,109.9875,223,110.07,54.7774,53.3875,203
305,171.2769,33399,110.225,218,110.16,54.8009,52.8317,195
306,171.4872,33440,110.8125,239,110.27,54.7928,53.3581,195
307,171.2704,33569,110.95,225,110.48,54.8672,53.4216,196
308,171.5959,33118,110.2375,218,110.68,54.837,53.0211,193
309,170.604,34462,111.3,214,110.53,54.3755,52.8031,202
310,173.0561,33919,113.5125,220,113.52,54.3782,52.9848,196
311,170.7857,33474,110.1875,216,110.65,54.7593,53.1089,196
312,170.201,33019,110.1625,215,110.89,54.592,52.9929,194
313,172.1188,34768,110.7,235,110.62,54.7458,53.3899,202
314,173.5258,33664,111.6,227,111.22,54.5122,52.9016,194
315,173.0564,33746,110.15,225,110.2,54.9644,53.0629,195
316,170.2938,33037,110.6375,209,110.51,54.686,52.2721,194
317,172.4439,33799,111.3125,221,111.3,54.6415,52.8532,196
318,172.715,34543,110.1,221,110.9,54.5329,52.6925,200
319,172.4416,33971,110.125,238,110.29,54.7546,53.1128,197
320,172.5612,33822,112.275,231,111.59,54.8552,52.6644,196
321,171.4433,33260,111.675,221,110.83,54.3124,52.8146,194
322,172.404,34136,111.2,217,110.75,54.8846,53.4491,198
323,173.1804,33597,110.4875,234,110.27,54.4118,52.8196,194
324,174.4518,34367,111.4,216,111.44,54.8014,53.4035,197
325,173.456,33477,110.7625,220,110.15,54.5686,52.9805,193
326,172.2513,33589,111.3125,213,111.23,55.0455,53.7252,195
327,173.9184,34088,110.7375,229,110.03,54.5476,52.5726,196
328,172.9741,33384,110.275,214,109.93,54.3939,53.0614,193
329,173.596,34372,111.1125,229,110.93,54.918,53.0772,198
330,173.0876,33579,111.45,223,110.58,54.8278,53.1608,194
331,173.5381,34187,111.95,217,111.28,54.952,53.0741,197
332,171.8622,33685,111.75,224,111.54,54.7715,52.8785,196
333,171.5297,34649,109.825,224,109.48,55.476,53.5306,202
334,171.1929,33725,110.425,225,110.45,54.7399,53.0607,197
335,171.7919,33843,111.275,215,111.37,54.7328,53.2661,197
336,170.599,33608,110.5,214,110.59,54.7854,53.8001,197
337,171.335,34267,111.725,222,110.81,54.8195,52.734,200
338,171.8071,33846,111.025,223,111.03,55.1063,53.6161,197
339,172.7436,33685,112.0125,235,111.17,55.0565,53.0845,195
340,170.7857,33474,111.4125,225,110.79,55.329,53.1446,196
341,169.9223,32795,110.7375,206,110.93,55.2143,52.9854,193
342,171.0309,33180,110.7625,228,110.24,54.8098,53.3457,194
343,169.9314,34666,111.0125,216,110.79,54.6566,53.6109,204
344,172.2161,34271,112.25,217,111.8,54.7858,52.8782,199
345,172.3433,34641,110.175,221,110.04,54.7871,53.1317,201
346,171.9898,33710,110.575,217,110.07,54.7853,53.1282,196
347,172.8923,33714,110.325,227,110.94,54.1735,52.7444,195
348,170.8394,32972,111.025,223,110.59,54.6705,53.0359,193
349,169.9434,36028,111.8875,230,111.51,54.9985,53.3385,212
350,173.0153,33911,111.7375,223,111.69,54.72,52.8302,196
351,170.8196,33139,110.675,210,110.6,54.8107,52.9169,194
352,172.2908,33769,109.7875,218,109.87,54.7063,52.98,196
353,171.5396,34651,112,226,111.71,54.9519,53.0383,202
354,169.7981,35318,109.9,232,110.39,55.1336,53.6212,208
355,171.7113,33312,110,219,109.9,54.8833,53.102,194
356,171.14,34228,111.475,217,111.2,54.6807,52.7495,200
357,171.7231,33486,111.7375,224,111.14,54.8832,53.2505,195
358,170.702,33799,111.3625,220,111.14,55.0116,53.4757,198
359,171.0686,34898,110.725,214,110.72,54.5985,53.0066,204
360,171.6891,33136,110.8,229,110.24,55.0061,53.1753,193
361,170.3535,33730,110.0375,223,109.64,55.2024,53.3921,198
362,170.9697,33852,112.825,226,112.1,54.76,52.8005,198
363,171.8462,33510,111.175,215,110.69,54.6676,53.286,195
364,173.6256,33857,111.175,230,111.19,54.15,52.7436,195
365,169.0347,34145,110.4625,218,110.21,54.3419,53.1627,202
366,171.697,33996,111.0875,218,110.86,54.6894,53.2128,198
367,170.0155,32813,110.7,220,110.98,54.773,53.0504,193
368,170.4824,33926,110.5125,214,110.37,55.2748,53.1828,199
369,170.942,35385,110.7375,235,110.06,54.313,52.7914,207
370,171.6142,33808,110.3375,229,110.39,54.4362,52.9523,197
371,170.0306,33326,109.65,215,110.05,54.6146,53.0879,196
372,173.1134,33584,110.7625,217,110.24,54.8044,53.2167,194
373,170.7398,33465,111.15,220,111.07,54.744,53.5771,196
374,171.2822,34599,111.225,238,110.54,54.66,52.6946,202
375,170.9949,33344,111.2,215,110.75,54.6954,52.7247,195
376,171.3433,34440,110.1625,212,110.21,55.025,53.0971,201
377,173.7629,33710,110.375,250,109.95,54.9985,53.2653,194
378,172.2634,35314,111.0625,214,110.75,54.9496,52.8497,205
379,173.715,33527,110.3375,218,109.82,55.0537,52.3785,193
380,173.1827,34117,110.0625,223,109.99,54.9459,52.7538,197
381,171.5128,33445,110.875,223,110.57,55.2538,53.3264,195
382,170.8402,33143,110.2,210,110.09,54.7361,53.1826,194
383,171.7727,34011,110.25,215,110.3,54.6169,53.3614,198
384,172.2073,33236,110.8625,227,110.34,54.6717,52.8158,193
385,173.7358,33531,111.3375,229,111.3,55.2166,53.4539,193
386,174.1897,33967,111.8375,240,111.79,55.3807,53.5627,195
387,174.2624,35201,113.1375,230,111.72,54.9652,53.0299,202
388,172.654,36430,111.025,229,110.99,55.1436,53.541,211
389,173.2829,35523,110.9875,225,110.53,54.8604,52.9516,205
390,174.1753,33790,110.075,223,109.95,54.9234,53.151,194
391,172.768,33517,111.0125,221,110.22,55.1483,53.5008,194
392,174.3571,34174,110.8875,223,110.35,54.4282,52.6844,196
393,173.3282,33799,111.0875,218,110.8,54.8821,52.9865,195
394,173.9385,33918,109.7625,237,110.04,55.0205,52.7848,195
395,171.8762,36094,111.5625,221,110.94,55.1967,53.4847,210
396,172.4041,33274,111.4625,225,111.54,54.8316,52.8063,193
397,173.0149,34776,111.9375,216,111.65,54.8816,53.2298,201
398,171.7178,34687,110.9125,218,110.68,55.1257,53.4644,202
399,172.21,34442,110.6125,217,110.29,54.5828,53.2432,200
400,172.4179,34656,111.3125,222,110.42,54.9331,52.9215,201
401,173.405,34681,110.575,226,111.1,54.6525,53.4849,200
402,170.7647,34836,111.4375,218,111.47,55.2105,53.0271,204
403,171.7461,33147,110.8,218,111.26,54.4659,52.9616,193
404,172.9231,33720,110.7875,219,110.79,54.3393,53.3556,195
405,170.0732,34865,110.0125,215,109.69,55.0287,53.3725,205
406,171.0941,34561,111.2875,202,111.22,55.1021,52.9666,202
407,170.9747,33853,110.3,214,110.69,54.8842,52.9604,198
408,170.6078,34804,109.85,224,110.11,55.0618,53.4171,204
409,171.8505,33339,110.7875,218,110.64,55.0353,53.4065,194
410,170.595,34119,110.8375,226,110.24,54.9161,53.0647,200
411,173.75,34750,111.05,225,110.36,54.7818,52.8861,200
412,172.805,34561,110.8375,216,111.13,54.6909,53.4474,200
413,170.8051,33307,110.3,219,110.76,55.0535,53.3707,195
414,171.3571,33586,111.0375,213,110.74,54.5034,53.3015,196
415,172.4485,33455,110.0375,221,110.06,54.7747,53.4191,194
416,171.6256,33467,111.1875,229,111.01,55.1035,52.6974,195
417,169.8732,34824,110.7125,220,110.04,55.2931,53.1234,205
418,172.5758,34170,110.5,216,109.86,54.8643,52.9728,198
419,171.7927,33156,110.8875,240,110.55,54.8974,52.9455,193
420,171.9485,33358,110.025,215,109.85,54.6252,52.9729,194
421,170.595,34119,110.8375,209,110.14,54.698,53.213,200
422,171.9036,33865,110.6,225,110.51,54.1631,52.8797,197
423,171,34542,110.175,230,110.01,54.7239,52.8023,202
424,172.3838,34132,111.9875,216,112.77,54.4251,53.2239,198
425,172.4264,33968,111.6625,228,110.98,55.0408,53.3561,197
426,175.0933,33793,110.4375,226,109.88,55.2677,53.0227,193
427,172.4631,35010,110.275,214,110.15,54.7282,53.2888,203
428,174.2626,34504,110.5375,215,110.83,54.556,53.2786,198
429,174.8528,34446,111.3375,229,111.46,55.0064,53.7645,197
430,174.1347,33608,110.625,220,110.44,54.8754,53.1182,193
431,174.2124,33623,110.1375,219,110.11,54.8642,53.3388,193
432,173.5255,34011,110.2375,209,110.67,54.5337,53.4985,196
433,173.86,34772,109.225,229,109.61,54.7371,53.2978,200
434,174.9072,33932,110.85,225,110.68,54.9503,53.0462,194
435,170.863,37419,110.425,229,110.49,55.0085,53.7525,219
436,171.8137,35050,110.4,215,111,54.6493,53.152,204
437,170.9118,34866,110.8375,218,110.46,54.6777,52.9083,204
438,173.7098,33526,110.625,233,110.4,54.7483,53.0228,193
439,173.4845,33656,110.7125,227,109.9,54.9249,53.9516,194
440,170.6165,35147,110.525,234,110.79,54.6638,53.2661,206
441,172.0051,33885,110.35,215,110.31,54.635,53.5965,197
442,172.2718,33593,110.8625,227,110.58,54.171,52.985,195
443,173.1295,33414,109.8875,216,110.07,54.6399,53.6086,193
444,173.4949,34005,109.8125,216,110.08,54.937,52.8617,196
445,172.5255,33815,111.45,244,111.03,54.7054,53.0953,196
446,171.942,35592,111.275,225,111.18,55.1494,53.6196,207
447,173.7347,34052,110.3875,231,110.03,54.7217,53.2606,196
448,171.9286,33698,110.775,231,110.65,54.5729,53.078,196
449,173.0657,34267,111.125,234,110.95,54.94,53.4665,198
450,173.114,33411,111.075,222,110.8,54.422,53.1071,193
451,171.1117,33709,111.0625,217,111,55.2005,52.9623,197
452,171.1457,34058,110,213,110.02,55.3028,53.3664,199
453,173.8557,33728,111.15,224,111.14,54.5399,53.2952,194
454,174.5538,34038,111.675,236,111.31,54.483,53.0107,195
455,171.1117,33709,110.375,215,110.2,55.0353,53.435,197
456,171.3889,33935,109.8125,225,109.9,55.1719,53.1286,198
457,170.8291,33995,109.7625,219,109.45,54.5178,53.0833,199
458,171.6447,33814,111.425,226,110.36,54.3356,52.7918,197
459,171.2216,33217,111.5375,218,111.46,54.7382,53.702,194
460,170.8535,33829,110.4,216,109.64,54.4467,52.9959,198
461,170.1244,35556,111.4125,219,111.35,55.2674,53.0186,209
462,171.1333,33371,111.65,220,111.14,54.6203,53.1186,195
463,172.2576,34107,110.4,218,109.16,55.1755,53.2954,198
464,172.2995,33943,112.4125,224,111.71,54.5235,54.0154,197
465,173.4819,33482,111.2875,222,111.59,54.9722,53.4683,193
466,171.05,34210,110.6,225,110.32,54.6672,53.3413,200
467,172.9119,33372,111.05,223,111.11,54.4898,53.4642,193
468,173.7475,34402,111.45,226,111.44,55.4211,53.7654,198
469,170.0816,33336,110.7875,220,110.48,54.0887,53.1646,196
470,172.0804,34244,110.6875,216,110.1,54.7979,53.4426,199
471,172.3655,33956,109.1125,218,109.71,54.8243,53.0202,197
472,172.6919,34193,109.35,224,109.37,54.7467,52.9651,198
473,171.9433,33357,110.6625,221,110.31,54.7244,53.5019,194
474,171.2029,35439,110.525,212,110.86,54.8187,53.4038,207
475,171.7128,33484,109.8,219,109.6,54.9032,53.0886,195
476,170.7576,33810,111.475,222,111.78,54.5898,53.37,198
477,172.6804,33500,110.2375,231,109.88,54.6971,53.5505,194
478,172.6443,33493,111.1125,224,110.91,54.5281,53.1391,194
479,170.6582,33449,110.8625,245,110.19,54.8194,53.0787,196
480,172.4523,34318,111.125,244,110.68,54.867,52.9429,199
481,171.3608,33244,111.75,216,110.72,54.1891,53.3086,194
482,170.2146,34894,110.5875,217,110.38,54.5866,52.8428,205
483,171.067,33187,110.2375,210,110.5,54.773,53.7439,194
484,171.9482,33186,110.4125,227,110.13,54.9147,53.3347,193
485,173.6091,34201,110.8375,232,110.89,54.5231,53.443,197
486,172.3812,34821,110.2,217,110.28,54.8028,53.6745,202
487,170.0478,35540,110.2125,218,110.37,55.226,52.9983,209
488,172.0103,33370,110.3375,217,109.67,54.5076,53.3128,194
489,171.5707,33971,111.475,223,110.68,54.8389,53.3059,198
490,171,34200,110.6375,218,110.32,54.3763,53.6052,200
491,172.398,34652,111.125,211,110.91,54.8601,53.271,201
492,171.1134,33196,109.65,220,110.19,54.1872,53.0479,194
493,171.6768,33992,110.1125,212,109.89,54.2318,53.1778,198
494,170.0398,34178,109.6,233,110.09,54.9304,53.4724,201
495,172.9326,33376,109.7875,224,110.11,54.8004,53.2551,193
496,173.398,33986,110.8125,228,110.59,54.8814,53.4485,196
497,171.9235,33697,110.2375,219,109.8,54.9994,52.7602,196
498,170.9293,33844,110.3,223,110.42,54.6211,53.0627,198
499,172.4478,34662,111.1125,215,111.14,54.9093,53.9915,201
500,171.8154,33504,110.5625,219,110.3,54.4828,52.8155,195
501,170.6139,34464,111.1625,214,111.16,54.996,53.5732,202
502,172.1907,33405,111.0125,218,110.54,54.8255,53.1682,194
503,171.9639,33361,110.7,221,110.02,54.6561,53.5769,194
504,171.8205,33505,111.25,216,110.96,54.5897,53.206,195
505,170.5918,33436,109.875,214,109.58,54.7769,53.0372,196
506,171.2828,33914,111.5125,227,110.9,54.5484,52.6896,198
507,169.5637,34591,111.375,214,110.29,55.0746,53.3813,204
508,171.6294,33811,111.0125,218,110.63,54.9374,53.2156,197
509,171.0761,33702,110.7625,224,111.25,54.4322,53.701,197
510,170.0674,32823,110.6875,225,110.21,54.6096,53.0195,193
511,170.9899,34027,111.375,214,111.13,54.8859,53.06,199
512,170.7707,35008,111.125,219,109.82,55.1464,53.0457,205
513,168.8606,35123,109.775,218,110.19,54.4768,53.1616,208
514,169.9495,33650,110.625,219,111.16,54.8585,53.5128,198
515,170.0905,33848,111.5,205,110.82,54.9439,53.4994,199
516,170.4308,33234,110.925,207,110.24,54.8984,53.4958,195
517,168.9439,33113,111.0125,218,110.31,55.0799,53.518,196
518,168.5607,36072,110.9625,214,110.78,55.0629,52.9298,214
519,169.7129,35470,110.325,220,110.03,54.9293,53.472,209
520,170.7897,33304,109.825,220,109.78,54.5895,52.7395,195
521,170.2923,33207,111.025,218,110.36,54.8323,53.3085,195
522,170.3756,33564,110.3125,220,109.72,54.911,53.3414,197
523,168.4824,33528,109.3375,210,109.45,54.7698,53.2413,199
524,171.5876,33288,112.3,226,111.55,54.7822,53.3633,194
525,169.6049,34769,109.5,217,110.16,54.3292,53.4289,205
526,170.9643,33509,110.5625,213,110.17,54.8101,52.9447,196
527,169.2893,33350,110.3375,215,110.43,54.9171,53.0087,197
528,170.3282,33214,109.925,213,110.17,54.6422,53.3491,195
529,171.9745,33707,111.05,222,110.37,54.7526,53.5629,196
530,172.4197,33277,111.1375,237,110.62,54.6564,53.4141,193
531,170.2798,32864,109.5875,224,109.51,54.9318,53.5635,193
532,172.2591,33246,112.3,211,111.45,54.8179,53.0899,193
533,170.0969,33339,110.6375,217,110.39,54.9032,53.1624,196
534,169.0508,33303,111.025,212,110.47,54.7118,53.3171,197
535,168.8636,33435,110.575,203,110.64,55.2434,53.3266,198
536,171.3093,33234,111.225,217,111.55,54.8589,53.5084,194
537,170.6839,32942,109.8875,224,109.59,54.8278,53.3116,193
538,171.3077,33405,111.1,214,111,54.7387,53.4157,195
539,169.2857,34365,110.95,212,110.35,54.8881,53.4085,203
540,167.3932,34483,109.5375,222,109.71,54.7636,53.423,206
541,169.1515,33492,110.175,212,109.91,54.9227,53.4961,198
542,169.43,33886,110.6625,212,110.42,54.9588,53.982,200
543,169.2944,33351,110.9,216,110.52,55.0081,53.3265,197
544,168,34272,111.0125,211,110.46,55.1233,53.2834,204
545,170.5075,33931,110.1125,220,110.8,54.6903,53.4619,199
546,169.8308,34136,110.7875,228,110.41,55.2505,53.8916,201
547,170.6583,33961,109.85,210,109.79,54.9123,53.3865,199
548,170.3636,33732,111.125,211,110.95,54.8543,53.5402,198
549,168.9794,32782,110.45,221,110.09,54.8355,52.9601,194
550,169.1692,34003,110.9625,222,110.73,54.9789,53.4398,201
551,168.598,33551,110.875,218,110.15,55.1892,53.3991,199
552,168.7094,34248,110.725,225,110.34,54.9216,53.0757,203
553,166.5598,34811,110.0875,206,109.69,55.0012,53.4344,209
554,168.8,33760,110.2625,218,110.54,54.8529,53.361,200
555,169.7835,32938,109.8625,216,109.82,54.7849,53.7675,194
556,169.7115,35300,111.1625,225,111.48,54.741,53.1099,208
557,168.0199,33772,110.6875,210,110.8,54.801,53.3616,201
558,168.6436,34066,110.5375,208,110.13,54.5123,52.9057,202
559,168.1485,33966,110.3125,219,110.21,55.3121,54.0011,202
560,169.5026,33053,109.725,221,109.51,54.6383,53.2666,195
561,170.1443,33008,111.075,218,110.44,54.448,53.4765,194
562,168.1043,35470,110.0875,228,110.24,54.8185,52.8642,211
563,169.3938,32693,109.9375,233,109.85,54.7614,53.1453,193
564,168.8878,33102,110.4125,208,110.26,55.3073,53.7189,196
565,169.4615,33045,111.125,211,109.79,55.0529,53.5611,195
566,170.449,33408,111.2875,209,111.19,55.2358,53.7083,196
567,169.4461,34567,111.325,235,111.12,55.2149,52.8833,204
568,170.4923,33246,110.5375,220,110.19,54.8299,53.7158,195
569,169.62,33924,110.8375,218,110.63,54.9556,53.1309,200
570,168.9146,33614,112.4625,208,111.51,54.554,53.1076,199
571,170.7908,33475,110.3625,228,110.13,54.7783,53.2706,196
572,168.598,33551,110.5875,222,110.83,55.0223,53.6176,199
573,169.4433,34397,110.45,218,110.3,55.1478,53.8474,203
574,168.8079,34268,111.3625,230,110.32,54.9048,52.9774,203
575,169.761,34801,109.9375,233,109.42,54.5549,53.2799,205
576,169.2835,32841,111.0375,224,110.66,55.0188,53.2452,194
577,170.1186,33003,110.2125,214,110.61,54.3901,53.575,194
578,168.4601,35882,110.475,209,110.51,54.7694,53.8212,213
579,171.0311,33009,111.475,214,111.05,55.0023,53.4249,193
580,170.4356,34428,110.2625,224,110.06,54.6698,53.4054,202
581,170.545,34109,112.2375,225,110.83,54.7069,52.9955,200
582,172.5876,33482,111.475,226,111.87,54.8614,53.1266,194
583,169.4235,33207,109.9125,211,109.23,54.8102,54.074,196
584,168.701,32728,110.725,215,110.29,54.6526,53.8607,194
585,167.9604,33928,110.625,224,110.22,54.5774,53.2605,202
586,169.335,33867,110.6625,231,111.09,54.6687,53.5169,200
587,171.1786,33551,111.2875,226,111.22,54.8847,53.2182,196
588,170.7931,34671,110.1375,218,109.65,55.1588,53.66,203
589,170.899,33838,110.6625,226,110.79,54.9188,53.4256,198
590,170.89,34178,110.1625,235,109.94,54.8411,53.4888,200
591,171.5612,33626,110.9125,214,110.97,54.6891,53.4598,196
592,170.0308,33156,110.8125,214,110.4,54.9545,53.4028,195
593,169.9742,32975,110.275,213,110.15,54.8233,53.8749,194
594,170.4467,33578,110.1125,224,109.87,54.8333,53.6226,197
595,171.6224,33638,110.9875,213,110.78,55.4604,54.2944,196
596,170.9793,32999,111.0875,228,110.7,54.7086,53.6042,193
597,170.3005,32868,110.6625,214,110.58,54.6461,53.285,193
598,170.9796,33512,110.3,225,110.52,54.7309,53.2972,196
599,172.899,34234,111.7125,238,111,54.6103,53.5984,198
600,170.7462,33637,111,227,110.3,54.6199,53.9736,197
601,170.3503,33559,110.1625,210,110.37,54.9609,53.5077,197
602,171.1667,33891,111.2125,224,110.28,54.8815,54.1527,198
603,169.4677,34063,110.3125,215,110.29,54.5827,53.8256,201
604,169.3831,34046,110.0375,222,110.05,55.0394,53.6351,201
605,170.0464,32989,109.9625,219,109.77,54.1212,53.4202,194
606,168.4755,34369,110.575,219,110.68,54.893,53.46,204
607,170.2727,33714,111.4,242,110.76,54.6552,53.4089,198
608,171.3763,33247,112.3125,220,111.29,54.9475,53.9078,194
609,171.3231,33408,110.35,233,110.27,55.1381,53.1786,195
610,171.9444,34045,110.4625,215,110.56,54.4925,53.4234,198
611,171.5181,33103,111.1125,224,111.11,54.6302,53.6183,193
612,171.4406,34631,111.8,229,111.52,54.9197,53.3651,202
613,168.0939,35804,110.95,222,110.49,55.1469,53.996,213
614,170.3485,33729,109.8375,226,109.96,54.9873,53.3475,198
615,170.7908,33475,111.1875,222,110.42,54.3444,53.4004,196
616,168.7887,35952,110.725,221,110.65,54.652,53.3547,213
617,169.9897,32978,111.175,207,110.62,54.7597,53.883,194
618,171.0923,33363,110.5,227,110.16,54.5378,53.7539,195
619,171.2081,33728,111.1375,232,110.92,54.8066,53.3054,197
620,170.0846,34187,109.775,223,109.98,54.6512,53.605,201
621,170.2029,35232,111.5625,234,111.6,55.0173,54.0704,207
622,170.4796,33414,111.45,218,110.89,54.7787,53.245,196
623,171.2692,35624,111.4875,217,111.16,54.9095,53.4767,208
624,171.28,34256,110.475,225,109.86,54.5347,53.2203,200
625,169.9261,34495,110.35,214,110.44,54.8976,53.7358,203
626,171.365,34273,110.375,230,110.23,54.6062,53.8165,200
627,171.2216,33217,111.375,230,110.77,54.9008,53.7555,194
628,171.2902,33059,110.35,236,110.1,54.7727,53.3475,193
629,170.841,33314,111.15,213,110.1,54.9666,53.7215,195
630,172.6907,33502,111.3875,225,110.97,54.591,53.6929,194
631,170.6276,33443,110.375,219,110.22,54.7509,53.8493,196
632,170.195,34039,111.6375,220,111.19,54.6753,53.5094,200
633,170.4315,33575,109.9,219,109.79,55.0428,53.7244,197
634,170.3452,33558,110.4,237,110.36,54.9072,53.6165,197
635,170.2205,33193,110.475,211,110.19,54.798,53.9382,195
636,169.9849,33827,110.975,212,110.78,55.189,53.6405,199
637,169.9031,33301,111.0625,213,110.58,54.7401,53.872,196
638,169.4372,33718,110.925,223,110.34,55.4612,53.6285,199
639,168.8629,33266,110.3875,211,110.87,54.5917,54.1113,197
640,168.9845,32614,110.675,217,110.23,54.7294,53.3176,193
641,170.7259,33633,111.525,210,111.1,54.9267,53.4893,197
642,169.4631,34401,110.8125,217,110.43,54.9979,53.9898,203
643,168.2692,35000,111.75,229,110.93,55.2001,53.8393,208
644,169.298,33521,110.5125,220,109.97,54.5615,53.7192,198
645,169.205,33841,110.7,214,110.57,54.6029,53.3064,200
646,169.8325,33457,110.3375,226,110.15,54.5814,53.4933,197
647,169.9541,33311,110.55,210,110.21,54.6201,53.8829,196
648,167.9282,35097,111.375,215,111.22,55.0428,53.7057,209
649,170.104,34361,110.55,227,110.43,54.6387,54.3398,202
650,170.7202,32949,110.9125,221,110.26,54.7021,53.3662,193
651,169.4483,34398,110.575,216,109.71,54.8064,53.7554,203
652,170.1582,33351,110.2375,221,109.73,54.5991,53.679,196
653,169.9641,33143,109.4,217,110.14,54.5107,53.7783,195
654,171.4974,33442,110.7125,237,110.33,54.798,53.9627,195
655,170.4462,33237,110.8125,219,110.58,54.6305,53.5149,195
656,170.655,34131,111.4,233,111.16,54.8979,53.6928,200
657,170.1192,32833,109.475,215,109.64,54.9164,53.7747,193
658,168.9602,33961,110.5,209,109.7,54.182,53.3422,201
659,168.7538,33582,110.25,213,110.26,54.2811,53.8992,199
660,170.7214,34315,110.45,227,110.5,54.8121,53.7395,201
661,167.4591,36841,110.4875,221,110.37,54.9269,54.1545,220
662,169.4388,33210,111.7125,213,111.66,54.6314,53.1319,196
663,172.206,34269,111.225,221,111.7,54.7708,53.9408,199
664,169.21,33842,110.3625,227,109.83,54.9065,53.7616,200
665,170.057,32821,111.275,220,110.71,54.6345,53.97,193
666,169.5152,33564,110.7125,223,110.02,54.4607,54.0641,198
667,169.6443,32911,111.3125,212,110.74,54.7954,53.9984,194
668,170.695,34139,110.6375,219,110.52,54.5525,53.2833,200
669,169.8195,34813,111.3625,213,111.34,54.5246,53.6254,205
670,170.5787,33604,110.2125,217,110.02,54.9043,53.5214,197
671,169.4051,33034,110.425,220,109.47,54.7426,54.1664,195
672,168.2222,34822,110.2625,214,110.23,54.1759,53.9343,207
673,171.7513,33835,109.6625,216,110,54.8318,53.8533,197
674,172.399,34135,110.6625,225,110.08,54.5944,54.0672,198
675,171.8071,33846,110.225,223,109.82,54.9555,53.292,197
676,172.6567,34704,111.325,242,110.62,55.0855,54.0344,201
677,171.4826,34468,110.65,214,110.41,54.6035,53.5495,201
678,172.1399,33223,110.45,224,110.59,54.8853,54.1222,193
679,172.9146,34410,111.4375,215,111.17,55.1264,53.5273,199
680,172.0359,33547,110.7375,238,110.26,54.4938,53.4911,195
681,175.0619,33962,111.225,221,111.53,54.191,53.6378,194
682,172.8093,33525,110.475,219,109.98,54.6717,53.9941,194
683,171.3112,33577,110.625,224,110.68,54.4581,53.1651,196
684,172.0653,34241,110.5,212,109.88,55.0561,53.6863,199
685,170.885,34177,110.45,224,109.68,54.9161,53.5221,200
686,172.7513,33341,111.45,216,110.79,54.5917,53.7252,193
687,169.4279,34055,110.575,214,110.25,54.7499,53.9103,201
688,172.6974,33676,110.6375,220,110.91,54.5831,53.7016,195
689,171.9749,34223,111.875,214,111.85,55.0237,54.0443,199
690,170.6788,32941,110.7375,204,110.62,54.9368,53.7431,193
691,169.9592,33312,111.6625,226,111.17,54.6175,53.8943,196
692,168.8693,33605,110.8125,214,110.37,54.6414,53.6702,199
693,169.3301,34882,111,220,110.19,55.212,53.7387,206
694,169.5163,36446,110.9625,219,110.54,54.8268,54.5033,215
695,170.1408,35049,110.85,222,109.69,54.7864,53.5577,206
696,171.7817,33841,110.9875,218,111.35,54.4042,53.5239,197
697,171.9746,33879,110.9875,238,110.44,54.9961,53.9567,197
698,171.6062,33120,111.9,221,110.72,54.6076,53.4507,193
699,170.7959,33476,111.0375,220,110.72,54.7481,54.0411,196
700,170.8667,33319,110.6375,219,110.56,54.8311,54.0347,195
701,168.3673,33000,111.05,213,110.69,55.0281,53.6745,196
702,171.2383,33049,110.7125,219,110.59,54.7514,53.7128,193
703,168.6169,33892,110.75,218,110.23,54.467,53.4459,201
704,171.0446,34551,110.925,238,111,54.1873,53.1387,202
705,170.93,34186,110.4875,234,110.19,54.7569,53.8682,200
706,170.3731,32882,110.55,228,110.15,54.656,53.5484,193
707,170.7692,33300,110.8625,213,110.84,55.0577,54.1754,195
708,167.9949,33095,110.2,210,110.73,54.8401,53.2681,197
709,168.7477,36112,110.6625,214,110.25,54.1582,53.2813,214
710,168.9561,34636,110.65,214,111.22,54.9723,54.3851,205
711,169.555,33911,109.4875,209,109.29,54.6997,53.7812,200
712,167.561,34350,109.5625,212,109.54,55.1564,54.1416,205
713,168.6869,33400,110.525,212,110.29,54.8678,53.6164,198
714,169.051,33134,110.7,218,110.47,54.635,53.5011,196
715,169.1078,34498,110.775,205,111.11,55.4054,53.8895,204
716,168.4612,34703,110.975,212,110.37,54.9928,53.8382,206
717,168.7927,32577,110.975,208,110.49,54.2213,53.5902,193
718,168.9845,32783,111.1625,216,110.79,54.5274,53.874,194
719,168.6717,33397,110.9,216,110.48,55.0715,53.7705,198
720,169.1554,32647,111.075,217,110.53,55.2724,53.9821,193
721,167.7171,34382,111.3125,217,110.93,54.1715,53.6617,205
722,169.1364,33489,111.175,211,110.8,54.4271,53.7794,198
723,168.393,33847,109.9375,225,109.9,54.9669,53.6183,201
724,166.8911,33712,111.0125,205,110.28,54.3974,53.8112,202
725,168.2108,34315,110.3,229,110.04,54.9486,53.8083,204
726,168.5,34037,110.3125,214,110.24,54.8245,54.1703,202
727,169.9444,33649,109.65,232,109.81,54.9526,54.5913,198
728,168.5419,34214,110.7625,234,109.79,54.1545,53.842,203
729,169.267,34869,109.9625,211,109.91,54.5397,53.9986,206
730,168.8923,32934,110.2,225,109.85,54.7681,54.1607,195
731,168.6165,34735,110.2875,221,110.3,54.5992,54.1222,206
732,171.3886,33078,110.2125,226,109.28,54.7478,53.7904,193
733,170.4213,33573,111.1375,220,110.83,55.1098,54.0052,197
734,171.3182,33921,110.5875,217,109.81,54.5106,53.4746,198
735,168.6227,37097,110.55,223,110.39,54.1333,53.9628,220
736,171.1692,34405,110.7625,229,111.1,54.6446,54.2306,201
737,169.5099,34241,110.6875,235,109.98,54.7798,53.414,202
738,170.392,33908,110.375,219,110.04,54.4915,53.2906,199
739,170.8232,33823,110.1625,211,109.62,55.2388,54.077,198
740,167.3881,33645,111.35,216,110.83,54.6129,53.9947,201
741,169.9604,34332,110.625,215,110.79,54.6099,53.8831,202
742,170.4822,33585,110.625,230,110.39,54.5967,53.8786,197
743,170.4162,33572,110.4875,219,110.18,54.4655,54.0485,197
744,170.69,34138,109.9875,223,110.06,54.7071,54.1773,200
745,171.4677,34465,110.375,214,109.97,54.9817,54.1046,201
746,170.5423,34279,111.25,220,110.79,54.9853,53.624,201
747,170.2677,33713,111.225,214,110.48,54.8274,54.1321,198
748,170.2333,35749,110.3875,218,110.22,54.7845,54.2748,210
749,170.7887,33133,111.5875,211,111.25,54.431,53.7082,194
750,171.1188,34566,110.5375,218,110.35,54.7472,54.3278,202
751,171.4631,34807,110.575,220,110.04,54.8137,54.45,203
752,171.5446,34652,109.85,212,109.81,54.7513,53.8568,202
753,170.9588,33166,110.6125,212,110.28,54.6604,53.5952,194
754,169.734,34456,110.8375,220,110.41,54.6052,53.9401,203
755,171,33687,110.4875,222,109.59,55.1676,53.9175,197
756,170.8458,34340,110.0875,229,109.75,54.3842,53.703,201
757,171.7306,33144,109.8125,232,109.69,54.3671,53.8718,193
758,170.0922,35039,109.9875,216,109.96,54.8187,54.102,206
759,171.245,34249,110.275,209,110,54.7825,54.1149,200
760,171.3434,33926,110.15,213,109.8,54.4285,53.8256,198
761,170.1311,35047,109.7375,234,109.57,54.9378,54.1716,206
762,173.5816,34022,110.425,223,110.16,54.4211,53.7516,196
763,173.5,33659,111.4125,218,111.15,54.1861,53.3609,194
764,173.1856,33598,111.875,218,111.3,54.4497,54.2105,194
765,174.5,34202,111.375,220,111.1,54.9359,53.8262,196
766,172.4619,33975,110.975,218,110.91,54.2553,53.9718,197
767,173.0622,33401,110.1,221,109.87,54.7595,53.7848,193
768,170.7228,34486,110.1,212,110.14,54.5566,53.954,202
769,170.7538,33297,111.1125,223,110.31,54.9787,54.1908,195
770,171.21,34242,111.4625,242,111.43,54.7076,53.7993,200
771,172.1399,33223,109.65,225,109.08,54.2642,53.8629,193
772,171.1931,34581,111.525,214,111.04,54.7873,54.4184,202
773,169.8693,33804,111.3125,224,110.65,54.3072,54.0773,199
774,171.4876,34469,111.5125,240,111,53.9692,53.6721,201
775,172.47,34494,111.9625,217,111.54,54.3104,53.9968,200
776,172.3523,33264,111.0875,231,110.84,54.4006,54.269,193
777,170.3838,33736,110.8125,209,110.7,54.7135,53.7477,198
778,169.2732,32839,111.0375,218,110.6,54.5048,54.5009,194
779,169.9254,34155,110.8375,227,110.13,54.6978,54.3906,201
780,169.1422,34505,110.6625,212,109.94,54.482,53.8963,204
781,170.886,32981,110.1,220,110.15,55.1088,54.4898,193
782,170.1232,34535,111.75,223,110.99,54.67,54.2335,203
783,172.3814,33442,111.9625,233,111.4,54.4735,53.5404,194
784,169.4133,33205,110.5125,219,110.35,54.6373,53.7181,196
785,171.4192,33941,110.925,218,110.13,54.912,54.0361,198
786,170.955,34191,109.8875,220,109.94,54.5427,54.712,200
787,170.1675,33523,110.175,224,109.93,54.9146,54.395,197
788,170.3711,33052,110.1125,238,109.86,54.5129,53.9881,194
789,171.4822,33782,110.1125,214,109.92,54.4984,53.8552,197
790,171.6907,33308,110.05,217,110.35,54.4577,53.866,194
791,170.943,32992,110.625,214,110.02,54.1556,53.8846,193
792,169.7214,34114,110.575,219,110.73,54.5557,53.9496,201
793,170.1818,33696,110.1,212,109.49,54.3883,53.9669,198
794,170.6462,33276,110.9625,217,110.96,54.893,54.3469,195
795,170.759,33298,110.1375,224,109.68,54.5765,54.0512,195
796,170.8713,34516,111.5875,212,111.5,54.5593,54.1658,202
797,172.4093,33275,111.75,227,111.43,54.2049,53.7765,193
798,169.4821,33049,110.35,218,110.25,54.5559,54.0641,195
799,170.9747,33853,111.2875,212,110.71,55.0905,54.4369,198
800,169.3026,33014,110.45,212,110.16,54.1692,53.8423,195
801,169.7202,32756,109.8375,209,110.11,54.8497,53.7968,193
802,171.1744,33379,110.2375,228,109.44,54.77,54.3861,195
803,169.4493,35076,110.425,221,110.23,54.4189,54.4075,207
804,167.8122,33059,110.075,210,110.39,54.5438,53.8608,197
805,169.5051,33223,109.9,224,109.25,54.9158,54.3689,196
806,171.1813,33038,110.4,221,110.25,54.4237,54.1443,193
807,169.0505,33472,110.875,232,110.6,54.7557,54.2477,198
808,170.815,34163,111.625,214,111.19,54.4374,54.2794,200
809,170.4154,33231,110.4,215,110.35,54.7903,54.3541,195
810,170.5736,33603,109.85,226,109.88,54.7285,53.9811,197
811,169.2902,32673,110.45,237,110.39,54.5897,54.0998,193
812,171.3575,33072,110.9,218,110.29,54.786,54.2253,193
813,171.6071,33635,111.825,210,111.5,54.6829,54.5194,196
814,170.8358,34338,110.975,211,110.75,54.7212,53.8368,201
815,167.7115,34884,110.4375,215,109.78,54.935,54.0052,208
816,167.3088,36306,110.8125,222,109.84,54.188,53.5767,217
817,170.1077,33171,109.8875,234,109.69,54.6707,54.3047,195
818,169.3299,33358,111.0125,222,110.45,54.6936,54.3135,197
819,170.9645,33680,111.3875,221,110.73,54.5968,54.201,197
820,170.6818,33795,110.3875,222,110.1,54.4943,53.863,198
821,169.3235,34542,111.475,218,111.14,54.7799,53.9933,204
822,171.403,34452,111.1375,214,110.61,54.586,53.9246,201
823,169.6082,32904,111.225,224,110.59,54.3071,53.945,194
824,169.0561,33135,109.725,213,109.84,54.7402,54.2002,196
825,168.9091,33444,110.5125,215,110.3,54.3932,54.4774,198
826,169.4794,32879,110.3375,222,110.57,54.3921,53.898,194
827,169.352,33193,110.375,215,110.26,54.5859,53.5581,196
828,170.5282,33253,110.4,224,110.36,54.5734,54.2815,195
829,167.6963,35887,110.8625,219,110.61,55.053,54.2446,214
830,169.3093,32846,110.85,210,110.98,55.3298,54.7696,194
831,171.495,34299,110.25,225,109.45,54.6569,54.2943,200
832,170.4772,33584,112.2,242,111.85,54.608,54.2136,197
833,167.055,33411,111.1375,208,111.46,54.2278,53.9081,200
834,168.6219,33893,110.4125,223,110.38,55.2048,54.0129,201
835,170.1701,33013,111.125,209,110.68,55.0985,54.5549,194
836,168.4703,34031,110.4,213,110.34,55.206,54.2199,202
837,167.4537,34328,110.2375,205,109.95,54.1737,53.8617,205
838,168.9289,33279,109.6625,233,110.01,54.8132,55.057,197
839,169.3636,33534,110.55,215,110.08,55.0308,54.2451,198
840,171.0203,33691,112.3375,229,111,54.7797,54.2725,197
841,169.9492,33480,109.8375,227,109.86,54.6793,54.6911,197
842,170.0674,32823,110.525,219,110.9,54.8631,54.1089,193
843,169.0619,32798,111.075,213,110.53,54.1997,53.9516,194
844,168.8529,34446,110.3375,216,110.31,54.3644,54.2657,204
845,170.1641,33182,111.2375,223,110.55,54.9225,55.3504,195
846,169.799,33790,109.4375,223,109.55,54.8518,54.6181,199
847,170.0051,33491,110.2875,223,110.3,54.4163,54.1842,197
848,167.4976,34337,109.8375,215,109.84,55.0034,54.6567,205
849,169.1244,32641,110.9,215,110.09,53.9633,54.1314,193
850,168.3505,32660,110.0125,204,110.19,54.8187,54.424,194
851,168.97,33794,110.05,216,110.4,54.8592,54.3387,200
852,170.5276,33935,110.3125,228,110.29,54.5822,54.1165,199
853,169.797,34299,110.3875,215,110.23,54.8868,54.4294,202
854,168.0676,34790,110.1125,229,109.92,55.3168,54.081,207
855,170.1269,33515,110.95,213,110.81,54.3465,54.3275,197
856,170.104,34361,112.0125,213,111.52,55.053,54.8641,202
857,168.6061,33384,110.7125,216,110.91,54.211,54.9437,198
858,169.6031,32903,109.6625,215,109.23,54.9851,54.1998,194
859,170.8788,33834,109.85,222,109.82,54.4741,54.1766,198
860,169.0347,34145,109.8625,220,109.65,54.8912,54.6867,202
861,170.0615,33162,112.175,221,110.81,55.0095,54.7186,195
862,171.4694,33608,110.0625,236,109.87,54.6772,54.1705,196
863,170.1206,33854,111.35,209,110.41,54.5463,54.5687,199
864,170.4545,33750,110.8,211,110.48,54.4734,53.438,198
865,170.3109,32870,110.1625,220,110.13,54.6829,54.3088,193
866,167.8636,33237,110.9125,215,110.19,54.4988,54.363,198
867,168.8856,33946,110.4125,209,110.41,54.5792,54.834,201
868,171.4162,33769,110.575,226,109.82,54.7344,54.8674,197
869,169.2335,33339,110.975,219,110.36,54.6173,54.5887,197
870,169.3636,35397,110.6875,223,110.62,55.132,54.7031,209
871,168.61,33722,111.2,210,111.4,54.5586,54.375,200
872,168.4061,33176,110.25,212,110.16,54.3017,54.4226,197
873,171.4767,33095,110.2375,212,110.36,55.0488,54.1711,193
874,169.6429,33250,110.7125,210,110.23,54.4045,54.2678,196
875,169.4541,33213,109.9125,225,109.81,54.7896,54.1824,196
876,169.7574,34291,111.35,225,110.27,54.3943,53.9315,202
877,168.7806,33081,110.7,215,110.28,54.8777,54.6346,196
878,167.5708,35525,110.975,213,110.32,54.706,54.4769,212
879,170.4564,33239,111.3,214,110.46,54.723,54.2152,195
880,171.1917,33040,110.7875,228,110.25,54.266,54.5203,193
881,169.7526,32932,110.55,208,110.52,54.9253,54.6107,194
882,170.4772,33584,110.925,210,110.22,54.5311,54.1235,197
883,170.8821,33322,111.7375,224,111.56,54.7956,54.6182,195
884,169.1091,37204,112.45,218,111.41,54.5403,54.3502,220
885,170.3231,33213,110.55,218,110.53,54.5387,54.6131,195
886,168.3706,33169,111.25,204,110.75,55.105,54.6142,197
887,169.1891,34007,111.5125,207,110.37,54.9108,54.9687,201
888,168.7208,33238,109.575,224,109.75,54.2305,53.912,197
889,168.1546,34808,111.0375,209,110.54,54.8321,54.6669,207
890,169.6061,33582,110.6125,221,110.07,55.0987,54.4147,198
891,169.203,33333,111.4,211,111.11,54.8016,54.5982,197
892,169.7327,34286,111.35,215,110.74,54.8995,54.4693,202
893,167.0096,34738,111.35,207,110.67,54.8882,53.9695,208
894,171.4235,33599,111.275,222,110.95,54.6647,54.6964,196
895,170.2371,33026,110.8,206,110.04,54.8501,54.2904,194
896,171.601,33119,110.925,219,110.61,54.6935,54.576,193
897,172.7908,33867,111.1375,233,110.68,55.0367,54.1807,196
898,172.7268,33509,109.8,221,109.78,54.7008,54.0756,194
899,171.6821,33478,109.3625,208,109.58,54.8659,54.7098,195
900,171.2872,33401,109.575,208,109.42,54.4524,54.4434,195
901,171.8643,34201,110.225,220,110.25,54.3916,54.2406,199
902,172.6684,33843,110.35,226,110.02,54.7655,54.0636,196
903,172.1561,35292,110.7375,223,110.06,54.7322,54.1118,205
904,170.5248,34446,110.3625,212,109.97,54.4492,54.1444,202
905,170.995,34541,111.0875,223,110.51,54.9539,54.5886,202
906,171.7186,34172,111.8625,231,111.61,54.763,54.3817,199
907,171.32,34264,110.5125,217,109.94,54.6304,54.9265,200
908,169.9899,33658,110.1,221,109.66,54.177,54.7137,198
909,171.2591,33053,111.275,216,110.69,54.703,54.3923,193
910,169.419,35578,110.3125,217,110.78,54.3466,54.2132,210
911,169.2908,33181,110.55,239,110.36,54.6586,54.582,196
912,169.9095,33812,111.725,208,111.42,55.2373,54.507,199
913,171.5202,33961,111,223,111.2,54.6093,54.2912,198
914,170.5533,33599,111.075,229,110.64,54.2708,54.4896,197
915,170.6615,33279,110.025,219,109.86,54.8782,54.5051,195
916,168.0539,34283,110.3875,211,110.31,55.3394,54.8914,204
917,170.7602,33469,111.0375,212,110.38,54.8063,54.3037,196
918,169.8912,32789,110.8625,223,110.57,54.9092,54.4258,193
919,168.0721,34959,109.5375,210,109.91,54.8161,54.4001,208
920,168.8676,34449,112.2125,226,111.57,55.1629,54.6248,204
921,166.5,34299,110.325,234,110,54.8999,55.0249,206
922,169.4178,36086,111.9625,221,111.91,55.055,54.7815,213
923,169.8168,34303,110.5,227,110.35,54.9668,54.8162,202
924,168.645,33729,110.075,217,109.93,55.02,54.7084,200
925,168.3448,34174,109.2,226,108.93,54.8313,54.245,203
926,169.551,33232,110.05,228,109.49,54.9171,54.8244,196
927,168.5455,33372,111.275,216,110.41,54.7519,54.3796,198
928,169.3505,32854,110.2,209,110.31,54.708,54.8859,194
929,168.6718,32891,111.0875,216,110.41,54.5389,54.0539,195
930,168.3232,33328,110.6625,213,109.93,54.6146,54.0968,198
931,170.34,34068,112.1,226,111.38,55.0571,54.985,200
932,167.925,33585,111.7,218,111.28,54.8516,54.5784,200
933,169.6768,33596,111.45,216,110.61,54.7513,54.825,198
934,168.1762,32458,111.175,228,110.37,54.486,54.0226,193
935,170.3212,32872,109.575,220,109.35,54.519,54.1875,193
936,167.9029,34588,110.425,209,109.91,54.9546,54.7853,206
937,168.899,33442,109.9625,207,109.15,54.5133,54.78,198
938,169.601,32733,111.3,209,110.68,54.6683,54.5056,193
939,168.8214,33089,109.2,232,108.85,54.3438,54.2703,196
940,168.4718,32852,110.1875,216,110.21,54.3283,55.0122,195
941,168.2564,32810,109.5,217,109.66,54.9729,54.2176,195
942,168.7236,33576,110.7375,210,110.18,54.5666,54.4276,199
943,167,33567,109.8875,223,109.38,54.5977,54.4801,201
944,169.5152,33564,110.7375,213,109.96,54.6614,54.3089,198
945,166.9624,35563,110.4875,209,110.33,54.8834,55.2973,213
946,169.7121,33603,110,215,109.79,54.7206,54.7391,198
947,166.7525,33017,110.475,210,110.19,54.1284,54.5809,198
948,167.3284,34135,110.7625,214,110.18,55.2034,54.5113,204
949,168.9005,33949,109.7625,220,109.9,54.6584,54.4616,201
950,169.2261,33676,110.4875,235,110.52,54.3739,54.2616,199
951,168.1134,32614,110.125,211,110.04,54.6814,55.0247,194
952,170.2653,33372,111.0375,202,109.67,54.5381,54.7305,196
953,167.9495,33254,110.275,211,109.85,54.466,54.9402,198
954,168.0931,34291,111.45,215,111.05,54.7317,54.2441,204
955,168.7255,34420,110.5875,224,110.49,54.6602,54.75,204
956,170.4301,32893,110.3125,215,109.44,54.2789,54.2257,193
957,167.9307,33922,110.425,212,110.17,54.6008,54.3151,202
958,168.4359,32845,111.45,210,110.72,55.0882,54.5275,195
959,169.3827,33199,110.975,214,110.63,54.4512,54.5573,196
960,168.7462,33243,110.0875,234,109.78,55.0828,55.0519,197
961,168.6244,34568,110.675,221,109.71,54.7248,54.5246,205
962,167.5181,32331,110.425,216,109.99,54.482,54.5571,193
963,167.6734,33367,110.925,236,110.42,54.5194,54.1322,199
964,168.2071,33305,110.4125,212,110.15,54.893,54.7874,198
965,168.82,33764,110.0875,217,110.19,54.8208,54.3827,200
966,169.603,33751,110.5125,208,110.02,54.8645,54.2751,199
967,169.6734,33765,109.4625,225,109.21,54.829,54.7599,199
968,168.7889,33589,109.875,213,109.41,54.4548,54.4903,199
969,169.2073,32657,109.3875,218,109.11,54.9071,55.0049,193
970,171.5773,33286,110.6375,220,111.07,54.3372,54.4649,194
971,168.2837,35003,110.375,215,110.38,54.504,54.1968,208
972,168.3706,33169,109.875,228,108.86,54.9148,54.5547,197
973,170.3858,33566,110.475,223,110.21,54.5963,54.6415,197
974,170.4821,33244,109.8875,206,109.76,54.7487,54.2499,195
975,168.8247,32752,110.925,218,110.77,54.4829,54.6673,194
976,170.625,34125,110.5,218,110.21,54.7688,54.7306,200
977,171.0812,33703,109.975,248,109.9,55.1002,54.6249,197
978,169.9799,33826,111.1875,212,109.97,54.1998,54.1474,199
979,169.9851,34167,111.3375,229,111.14,54.2599,54.6145,201
980,169.4213,33376,110.4875,206,110.15,54.5434,54.2152,197
981,170.1503,32839,109.8375,209,109.69,54.9545,54.323,193
982,171.8905,34550,111.75,219,110.97,54.4178,54.4497,201
983,171.8673,33686,110.5,219,110.57,54.6061,54.2941,196
984,171.7943,35905,111.0375,212,110.6,54.096,54.4507,209
985,170.4903,35121,110.275,233,109.99,54.8063,54.8748,206
986,172.3401,33951,111.35,221,110.42,54.832,54.5865,197
987,171.1031,33194,111.6,222,111.15,54.8769,54.3186,194
988,170.7356,35513,110.7125,230,110.48,54.5084,54.9547,208
989,170.6567,34302,110.5375,211,109.61,54.882,54.3622,201
990,169.5437,34926,110.85,211,110.21,54.7601,54.3509,206
991,169.8205,33115,112.975,225,112.08,54.8802,54.4925,195
992,171.9592,33704,110.15,213,110.15,54.7047,53.873,196
993,170.8446,32973,110.95,210,110.22,54.5258,54.5303,193
994,170.4747,33754,110.5,224,110.01,54.9914,54.6656,198
995,169.6232,35112,110.05,225,110.18,55.5454,54.9753,207
996,169.5522,34080,111.075,232,110.52,54.2867,54.2291,201
997,169.7879,33618,110.3875,224,110.04,54.7829,54.4006,198
998,170.8814,33151,109.6125,215,109.66,55.3434,54.8867,194
999,170.4091,33741,110.8875,209,110.57,54.8584,54.0881,198
1000,171.3918,33250,109.7,224,109.44,54.4353,54.6259,194
1001,171.301,33575,110.1875,217,109.8,54.3555,54.2094,196
1002,172.303,34116,110.825,231,110.63,55.1942,54.9739,198
1003,169.2677,33515,110.975,218,110.39,54.739,54.6616,198
1004,172.2398,33759,111.7625,227,111.07,55.0088,54.3102,196
1005,171.0804,34045,110.35,215,109.98,54.612,54.6865,199
1006,169.9453,34159,109.275,231,109.82,54.8951,54.7258,201
1007,168.7576,33414,110.9125,219,110.16,54.1509,54.2547,198
1008,170.3776,33394,110.325,216,110.03,54.6419,54.2671,196
1009,172.066,33897,109.425,218,109.08,55.0493,54.4996,197
1010,172.7868,34039,110.4375,219,110.28,54.9451,54.5742,197
1011,172.3234,34637,110.6125,245,110.34,54.6181,54.181,201
1012,174.7015,35115,110.75,226,110.39,54.9747,54.6091,201
1013,174.4462,34017,111.1,254,110.37,55.3812,54.4419,195
1014,174.5722,33867,110.2125,217,109.53,55.0091,54.7866,194
1015,173.6269,33510,111,241,110.36,54.8766,54.375,193
1016,172.96,34592,110.35,238,110.45,54.4158,54.3895,200
1017,174.407,34707,110.2375,222,110.13,54.945,54.5708,199
1018,174.7692,34080,110.075,225,109.59,54.8996,54.5541,195
1019,175.4082,34380,111.0125,231,110.27,54.9776,54.088,196
1020,174.701,33892,110.85,225,110.38,54.5399,54.0726,194
1021,175.4061,34555,109.8875,221,109.67,54.3326,54.2289,197
1022,175.8912,33947,110.675,230,110.54,54.7776,54.2101,193
1023,173.3756,35542,110.55,222,110.01,55.065,54.36,205
1024,174.6269,33703,110.5375,224,110.54,54.9914,54.1709,193
1025,175.6839,33907,109.7375,229,109.63,54.9464,54.4847,193
1026,174.3503,34347,110.3375,225,110.11,55.4134,54.6003,197
1027,174.852,34271,110.6,228,110.63,54.6462,54.5265,196
1028,173.6237,33683,111.1,222,111.15,54.9615,54.0845,194
1029,174.0404,34460,109.8375,234,109.93,55.0806,54.2931,198
1030,173.736,34226,110.3375,219,110.46,54.2902,54.0681,197
1031,174.8806,35151,110.3375,229,110.24,54.4488,53.5831,201
1032,176.1907,34181,110.4625,238,110.25,54.8616,53.9051,194
1033,176.6995,34103,111.6375,224,111.06,55.02,54.463,193
1034,179.3128,34966,110.6875,239,110.26,54.9599,54.2398,195
1035,180.5126,35922,110.1125,238,110.17,55.2864,54.3533,199
1036,181.6269,35054,110.0625,238,109.62,54.8568,54.3091,193
1037,181.8342,36185,111.0625,237,110.64,55.1582,54.429,199
1038,182.6495,35434,110.1,243,110.23,54.5894,54.2139,194
1039,180.0152,35643,110.425,250,110.33,54.6824,54.1547,198
1040,179.8794,35796,110.6625,233,110.23,54.7561,54.6283,199
1041,179.2887,34782,110.9,239,110.19,55.0838,54.0191,194
1042,176.3447,36327,110.075,230,109.54,54.8904,54.4055,206
1043,177.6373,34284,110.1625,250,110.06,54.5276,54.0875,193
1044,178.1503,34383,109.575,225,109.31,54.6087,54.4815,193
1045,179.1856,34762,109.6,227,109.42,54.7463,54.3462,194
1046,176.2028,38236,110.5875,227,110.64,54.9338,54.5789,217
1047,179.0928,34744,110.925,254,110.52,54.6087,54.2109,194
1048,176.6425,34092,109.875,227,109.56,54.5987,54.0033,193
1049,178.1658,34386,110.275,234,110.07,54.84,54.2108,193
1050,176.5026,34065,110.1875,229,109.96,55.0537,54.4835,193
1051,177.1385,34542,110.4,234,110.43,55.0087,54.3876,195
1052,175.1238,35375,110.7625,228,110.34,55.1795,54.2856,202
1053,176.9385,34503,110.3625,258,109.43,55.0686,54.7538,195
1054,172.7438,35067,110.5875,218,110.41,55.1444,54.3959,203
1055,174.2995,34337,110.6625,218,110.56,54.7989,54.6742,197
1056,175.8434,34817,109.675,243,109.63,55.1005,54.6164,198
1057,175.0928,33968,111.1125,223,110.95,54.9658,54.301,194
1058,174.8964,33755,111.075,228,110.98,54.9928,53.9048,193
1059,174.2564,33980,111.95,233,111.5,54.7476,54.1035,195
1060,172.1231,33564,109.8125,226,109.27,55.4842,54.6232,195
1061,172.1276,33737,110.3875,217,110.1,54.8971,53.9127,196
1062,171.6546,33301,110.3625,231,110.28,54.651,54.0845,194
1063,172.5271,35023,111.275,238,111.07,54.309,53.9951,203
1064,171.3866,33249,110.5375,218,110.5,54.7922,54.1166,194
1065,171.3679,33074,110.8375,236,110.31,54.8214,54.2344,193
1066,169.9799,33826,110.4625,221,110.11,54.8161,53.824,199
1067,172.5838,33999,110.525,224,109.77,54.5865,53.9252,197
1068,171.2653,33568,110.65,218,110.07,55.205,54.5677,196
1069,172.9585,33381,110.1625,226,110.49,55.18,54.2298,193
1070,173.035,34607,110.225,221,110.18,54.9995,53.8596,200
1071,168.9466,34803,109.75,224,109.38,54.7576,54.2182,206
1072,169.1456,34844,110.875,241,110.27,54.8894,54.1012,206
1073,172,33712,110.5375,245,110.15,54.7717,53.8577,196
1074,170.3523,32878,110.65,222,110.26,54.7401,53.6862,193
1075,168.9333,35476,109.9625,227,110.03,54.5121,53.8412,210
1076,171.9543,33875,110.275,225,110.64,55.0771,54.0957,197
1077,170.3744,33223,110.1875,227,110.25,55.0133,53.826,195
1078,171.2821,33400,109.6375,219,109.39,55.2189,54.0423,195
1079,169.4078,34898,110.6625,219,110.1,55.0731,54.0172,206
1080,171.1744,33379,111.2625,213,110.81,54.7291,53.5096,195
1081,169.98,33996,109.5875,207,109.85,55.3509,54.0983,200
1082,170.3116,33892,110.1125,227,109.52,54.893,54.8772,199
1083,169.865,33973,112.15,215,111.04,55.3532,53.9182,200
1084,171.7157,33828,109.8125,221,109.84,54.5784,53.7692,197
1085,169.9135,35342,111.4,218,111.08,54.8831,54.1271,208
1086,171.0363,33010,109.55,218,109.26,55.0468,54.1142,193
1087,170.1122,34873,110.7375,207,110.69,54.9891,54.1649,205
1088,169.9077,33132,110.475,217,110.3,54.8732,53.9464,195
1089,171.2268,33218,110.9375,227,110.68,54.6436,54.0492,194
1090,170.92,34184,110.9,215,110.12,54.8553,54.1601,200
1091,170.6943,32944,112.5875,212,111.98,54.9977,53.8176,193
1092,171.0404,33866,112.4125,231,111.63,54.573,54.2342,198
1093,169.0415,32625,110.6125,220,110.35,55.0554,53.9969,193
1094,169.7333,33098,110.225,218,109.5,54.7306,53.9055,195
1095,168.3116,33494,110.0375,219,109.41,54.9448,54.492,199
1096,170.3918,33056,110.6125,228,110.19,54.9405,53.7128,194
1097,169.2323,33508,111.0125,210,111.11,55.0465,54.1627,198
1098,168.8141,33594,110.7875,236,109.7,54.6861,53.6667,199
1099,166.95,33390,110.6125,222,110.06,55.1231,54.2909,200
1100,168.585,33717,111.5875,243,110.93,55.2825,54.1462,200
1101,168.8367,33092,110.5125,234,110.25,55.2251,54.457,196
1102,168.17,33634,110.4125,215,110.57,54.9942,54.0853,200
1103,170.4845,33074,110.1125,212,109.86,54.788,53.993,194
1104,166.0098,33866,111.1125,211,110.23,54.8791,54.068,204
1105,167.61,33522,109.825,219,109.83,54.8834,53.7959,200
1106,170.5103,33079,111.95,217,111.26,55.1221,53.9881,194
1107,168.1641,32792,110.725,227,110.69,55.037,54.3142,195
1108,166.8844,33210,110.55,242,110,55.2703,54.7621,199
1109,168.06,33612,111.325,214,110.62,54.8949,54.01,200
1110,168.6869,33400,111.1125,229,110.71,55.0101,53.8051,198
1111,168.1465,33293,110.2625,207,110.33,55.0969,54.0878,198
1112,169.2347,33170,110.875,228,110.64,54.7535,54.0205,196
1113,167.4505,33825,110.2875,221,109.56,54.9915,54.0873,202
1114,168.0725,32438,111.2625,210,110.62,54.9793,54.0503,193
1115,168.0615,32772,109.6125,226,109.16,55.108,53.8719,195
1116,168.4767,32516,109.7625,224,109.57,54.6767,54.0024,193
1117,169.3571,33194,109.875,222,109.94,54.9288,54.5596,196
1118,166.6535,33664,110.575,220,109.83,55.0861,53.7592,202
1119,169.8782,33466,111.1625,229,110.9,54.8834,54.4978,197
1120,170.6907,33114,111.35,209,111.59,55.1974,54.4639,194
1121,168.1546,32622,109.9625,216,110.09,55.2824,54.4283,194
1122,167.1574,32930,111.275,218,110.86,55.4577,54.4177,197
1123,169.5515,32893,109.85,233,109.89,54.6384,54.0728,194
1124,167.3969,32475,110.55,219,109.91,55.0248,54.2126,194
1125,169.5,33222,111.275,211,110.69,54.7854,54.368,196
1126,166.0343,33871,109.8,216,109.67,55.0482,54.3664,204
1127,167.3959,32977,110.2375,246,110.01,55.8429,54.3417,197
1128,169.4021,32864,111.6,225,110.57,54.7415,54.3039,194
1129,167.199,33607,111.65,213,111.41,54.975,54.1156,201
1130,168.041,32768,110.7125,211,110.11,55.5701,54.3792,195
1131,168.2872,32816,111.0125,215,110.29,55.1918,54.4988,195
1132,168.6649,32721,110.475,221,109.95,55.2419,54.311,194
1133,168.6169,33892,111.1375,216,110.47,54.7144,53.8457,201
1134,170.0459,33329,111.7625,226,111.06,55.0926,54.1386,196
1135,167.8528,33067,109.7,212,109.69,55.5639,54.765,197
1136,167.1505,34433,110.7125,212,109.95,55.5029,54.7128,206
1137,167.1643,34603,111.4375,226,111.31,55.9429,54.5805,207
1138,170.2574,34392,113.3375,223,111.34,55.5766,54.4904,202
1139,169.7487,33780,110.475,226,109.8,55.1527,54.555,199
1140,170.1269,33515,110.5625,222,110.36,54.7546,54.6834,197
1141,171.1385,33372,109.975,222,110.11,54.7709,53.705,195
1142,170.3923,35612,111.325,224,111.1,54.9823,54.5916,209
1143,170.7857,33474,110.55,231,110.22,54.4608,54.1409,196
1144,171.3218,34607,111.1625,231,111.06,54.9779,53.8957,202
1145,170.5213,35980,111.4625,222,111.88,55.4526,54.7516,211
1146,170.0207,32814,110.45,221,110.56,55.2107,54.3378,193
1147,170.8586,33830,111.5625,216,110.94,55.0999,53.7985,198
1148,169.9347,33817,110.8625,212,110.36,54.7857,54.2295,199
1149,169.4423,35244,110.4,208,109.85,55.4165,54.0409,208
1150,170.925,34185,110.725,222,109.75,55.3183,54.0283,200
1151,169.5795,33068,110.175,222,109.77,54.8482,54.1853,195
1152,170.9742,33169,109.9125,214,109.86,54.8166,54.3514,194
1153,170.4495,33749,109.65,229,109.18,55.0989,54.4053,198
1154,171.4747,33952,109.9625,225,110.13,55.2062,54.3889,198
1155,172.4639,33458,111.125,218,110.46,54.9411,54.3995,194
1156,171.8342,34195,109.925,226,110.19,54.8255,54.3843,199
1157,171.7438,34864,110.075,225,110.09,54.9244,54.4153,203
1158,174.0777,33597,111.3625,234,111,54.8659,54.4346,193
1159,174.1865,33618,111.075,237,111.09,55.1694,53.9103,193
1160,173.2347,33954,111.3,246,110.54,54.384,54.1948,196
1161,173.5337,33492,110.6875,218,110.38,54.8566,54.1995,193
1162,173.0867,33925,111.225,228,110.72,54.8497,54.2831,196
1163,171.6281,34154,111.2125,238,110.36,55.2476,54.1115,199
1164,175.1795,34160,110.25,226,110.62,54.7056,54.3627,195
1165,173.567,33672,110.4375,216,110.1,54.8713,54.2262,194
1166,174.949,34290,109.775,219,109.35,54.7882,53.8251,196
1167,174.8872,34103,109.425,220,109.82,54.875,54.1832,195
1168,173.4456,33475,109.9375,226,109.57,54.6029,53.8256,193
1169,172.5779,34343,110.0875,227,109.68,55.0937,54.2781,199
1170,172.456,33284,109.9,224,109.58,54.7577,54.1041,193
1171,173.9695,34272,110.225,229,109.68,55.4463,54.0475,197
1172,173.5381,34187,109.175,222,109.43,55.228,54.4593,197
1173,172.2653,33764,111.325,230,110.26,54.6924,53.7028,196
1174,173.2081,34122,110.2625,230,110.04,55.0155,54.3915,197
1175,173.965,34793,110.725,229,110.77,54.8873,53.8884,200
1176,172.7044,35059,110.275,218,109.89,54.8709,54.2014,203
1177,173.37,34674,111.575,228,110.75,55.0493,54.398,200
1178,174.8643,34798,111.425,226,110.97,55.0068,54.076,199
1179,171.5224,34476,110.6,219,110.8,54.9483,54.0211,201
1180,173.6804,33694,111.9625,223,111.27,54.8693,54.2832,194
1181,170.7,34140,109.7125,223,109.15,54.988,53.7252,200
1182,172.6031,33485,110.975,216,110.75,54.8595,54.4471,194
1183,172.4706,35184,109.35,218,108.96,54.9892,54.1748,204
1184,171.5,33957,109.575,214,109.22,54.9764,54.1131,198
1185,171.4171,34112,110.125,219,110.47,54.9067,54.0925,199
1186,170.9799,34025,109.85,212,109.65,55.5402,54.2373,199
1187,170.5729,33944,111.325,212,110.53,55.4468,54.0405,199
1188,170.198,33529,111.15,216,110.9,55.1176,54.2644,197
1189,171.933,33355,109.05,233,109.13,55.0473,54.5105,194
1190,169.43,33886,111.05,219,110.37,55.5974,53.8755,200
1191,169.8535,33631,109.9375,219,109.75,54.9702,54.1929,198
1192,169.9447,33819,110.7125,227,110.02,55.0738,53.8096,199
1193,171.1487,33374,110.05,214,109.9,55.1907,53.7718,195
1194,170.5505,33769,110.425,214,109.76,55.4787,54.3673,198
1195,169.3795,33029,109.85,227,109.06,54.9366,54.0892,195
1196,170.1508,33860,110.45,211,109.99,55.2802,54.6495,199
1197,169.3636,33534,110.4875,219,110.06,55.8013,54.5091,198
1198,169.4145,32697,109.7,209,109.34,55.3701,54.2544,193
1199,169.8458,34139,110.075,228,110.29,55.7105,54.3337,201
1200,170.3679,32881,110.15,212,110.24,55.4462,54.3451,193
1201,170.6935,33968,111.65,218,111.69,55.0992,54.2448,199
1202,171.8964,33176,110.6375,226,110.37,54.9926,54.1994,193
1203,170.9585,32995,110.3625,214,109.65,54.9393,54.3886,193
1204,172.4444,34144,111.45,223,110.43,55.3205,54.2817,198
1205,170.74,34148,110.1,219,108.98,55.1789,54.7123,200
1206,170.868,33661,110.7875,214,110.52,54.7443,53.9924,197
1207,171.4175,33255,111.225,215,110.92,54.9364,53.5745,194
1208,170.5567,33088,110.5,217,110.48,54.5244,53.9153,194
1209,169.8112,33283,111.0625,221,110.34,54.9442,53.6872,196
1210,171.102,33536,112.4875,220,111.32,55.1046,53.7955,196
1211,170.104,34361,109.875,217,109.51,55.05,53.8665,202
1212,170.7475,33808,111.575,232,110.52,55.1264,54.6327,198
1213,170.4536,33068,110.875,212,109.96,55.1626,54.0224,194
1214,171.1071,33537,110.6875,233,110.54,55.3016,54.2073,196
1215,170.535,34107,109.4625,217,109.48,55.0869,53.6506,200
1216,170.7638,33982,110.4125,221,110.18,55.0266,53.9791,199
1217,171.2587,34423,109.5125,224,109.59,55.1017,54.3888,201
1218,172.73,34546,111.25,226,110.86,54.7574,53.9793,200
1219,172.7047,33332,109.7375,220,109.96,55.1138,54.4317,193
1220,170.665,33621,109.5125,210,109.54,54.5789,53.7353,197
1221,172.2487,33244,111.325,220,110.7,55.1904,54.2281,193
1222,172.5102,33812,110.2875,219,110.29,55.0861,54.2896,196
1223,169.8049,34810,110.1875,214,109.55,54.6745,53.5171,205
1224,172.0206,33372,109.8375,234,109.98,55.1764,54.0746,194
1225,171.7513,33148,110.0125,233,109.74,55.2713,53.6643,193
1226,171.3143,35976,110.0875,218,109.67,55.4699,53.8655,210
1227,172.41,34482,110.125,230,109.78,55.4328,53.9696,200
1228,172.2892,35147,111.075,223,110.11,54.978,53.5557,204
1229,174.6327,34228,110.4125,217,110.42,55.3405,54.4213,196
1230,173.6684,33518,109.6875,228,109.33,55.4075,54.1945,193
1231,173.449,33996,110.65,218,110.59,55.1042,53.8191,196
1232,174.2615,33981,110.5125,228,110.11,55.0582,54.5114,195
1233,174.0306,34110,112.2375,224,111.23,55.0871,54.373,196
1234,174.2449,34152,111.45,221,110.48,55.1493,54.3896,196
1235,173.8284,35461,109.2875,225,109.37,55.2838,53.7928,204
1236,176.1675,34705,110.8,244,110.03,55.1284,53.5545,197
1237,176.6308,34443,110.075,219,110.23,55.2113,53.9758,195
1238,177.7629,34486,111.6875,232,110.57,55.3256,53.8788,194
1239,175.8643,34997,110.1875,241,109.46,55.1689,53.9961,199
1240,173.9026,33911,110.025,224,109.99,54.6981,54.0422,195
1241,173.0355,34088,109.9625,222,109.77,55.1437,53.8688,197
1242,173.8485,34422,111.275,224,111.13,54.8826,54.1843,198
1243,172.365,34473,110.7875,234,110.22,55.698,54.1498,200
1244,171.7513,33148,109.5875,215,109.72,55.29,54.0873,193
1245,173.2806,33963,109.6875,227,109.87,55.3272,54.3344,196
1246,172.2843,33940,110.0875,228,110.24,54.9679,54.1366,197
1247,172.0933,33214,111.4875,223,110.8,55.0209,53.8438,193
1248,175.1407,34853,111.1,222,111.13,55.225,54.0065,199
1249,171.8031,33158,109.9375,221,110.26,55.3424,54.3963,193
1250,172.1465,34085,110.3875,219,109.68,55.1942,53.8516,198
1251,170.9282,33331,111.05,214,110.66,55.1683,54.053,195
1252,172.6341,35390,110.5375,224,110.64,55.5122,54.1079,205
1253,174.1535,35179,110.7125,224,110.28,55.0232,54.6183,202
1254,172.8031,33351,111.2125,220,110.7,54.8773,53.9827,193
1255,173.6359,33859,111.725,213,110.9,55.2123,54.1563,195
1256,173.01,34775,110.9875,233,110.23,55.8224,54.284,201
1257,174.736,34423,112.375,228,111.21,55.0047,54.4814,197
1258,175.4924,34572,110.7625,228,110.29,55.1775,54.5723,197
1259,173.4822,34176,110.6,221,110.05,55.1989,54.0621,197
1260,172.845,34569,110.55,221,110.1,55.5865,53.8661,200
1261,173.8814,33733,109.475,218,109.28,55.3354,54.3928,194
1262,173.6162,34376,109.7125,217,109.55,54.7926,54.1309,198
1263,174.4689,36464,110.1,226,110.36,55.3478,54.0731,209
1264,174.815,34963,109.2375,229,109.01,55.3416,54.6345,200
1265,173.6134,33681,110.5,223,110.48,55.2192,54.0903,194
1266,174.9896,33773,111.9375,219,111.42,55.1023,53.8301,193
1267,174.6546,33883,112.0125,237,111.61,55.2386,54.2812,194
1268,172.8376,34049,110.95,217,110.65,54.8463,54.1591,197
1269,173.395,34679,111.1875,224,110.81,55.0631,53.6407,200
1270,173.5279,34185,110.0125,233,110.52,55.1698,54.1462,197
1271,172.4103,33620,110.0375,246,110.02,55.2509,53.7416,195
1272,171.039,35063,111.125,221,110.03,55.5878,54.0976,205
1273,170.9645,33680,110.6375,210,110.38,55.1109,53.8925,197
1274,170.82,34164,110.6625,213,110.42,55.6886,54.1212,200
1275,169.7463,34119,109.6125,219,109.53,55.1175,54.3023,201
1276,170.46,34092,110.6625,233,109.93,55.4865,54.0433,200
1277,167.99,33766,110.05,220,109.63,55.4582,54.2306,201
1278,168.7313,33915,110.375,208,110.08,55.2113,53.9249,201
1279,168.2879,33321,109.875,208,109.59,55.7515,54.4096,198
1280,168.6584,34069,110.4125,223,109.88,55.2985,54.2025,202
1281,169.9534,32801,111.0875,216,110.88,55.7385,54.1251,193
1282,169.896,34319,111.4875,223,110.64,55.7382,54.4052,202
1283,169.4975,33391,110.4875,212,109.82,55.1254,54.2052,197
1284,170.5619,33089,111.0625,213,110.71,55.4481,53.9878,194
1285,171.2589,33738,110.475,228,109.63,55.1135,53.9256,197
1286,169.6465,33590,110.075,219,109.78,55.3656,54.7997,198
1287,171.255,34251,111.1875,216,111.26,55.4178,54.4127,200
1288,173.0725,33403,110.525,234,109.98,55.6503,54.434,193
1289,173.5714,34020,111.1,227,110.53,54.7626,53.7284,196
1290,174.8144,33914,111,221,110.57,55.1231,53.8476,194
1291,177.2959,34750,109.175,227,109.67,54.9374,54.1313,196
1292,178.2539,34403,110.15,232,109.99,55.1473,54.5383,193
1293,179.9639,34913,110.5625,239,110.2,55.0541,53.8722,194
1294,181.3909,35734,111.275,234,110.89,54.8297,54.0001,197
1295,182.5692,35601,110.6125,232,110.3,54.785,53.9379,195
1296,182.7245,35814,110.875,237,110.33,55.3515,54.4513,196
1297,180.9742,35109,109.5625,241,109.06,55.325,53.9503,194
1298,178.3179,34772,110.025,226,109.5,54.9557,54.3297,195
1299,175.2412,34873,109.9125,221,110,55.384,54.538,199
1300,176.7347,34640,110.5125,221,109.99,55.5905,54.3356,196
1301,175.0205,34129,110.9125,241,110.25,55.3011,54.133,195
1302,175.35,35070,110.625,228,110.65,55.3038,54.1514,200
1303,175.4145,33855,111.6125,219,111.3,55.2013,54.1396,193
1304,173.0955,34446,110.575,215,110.13,55.7232,54.6779,199
1305,172.7047,33332,111.875,217,111.05,54.9725,54.262,193
1306,170.4264,33574,110.0625,231,110.19,55.459,53.7807,197
1307,170.3858,33566,109.5375,212,109.39,55.3109,54.4443,197
1308,171.55,34310,111.2375,226,110.76,54.8994,53.9215,200
1309,168.9653,34131,110.2125,225,109.4,54.9364,54.0102,202
1310,171.78,34356,109.825,214,109.77,55.3139,54.4454,200
1311,171.1959,33212,110.1375,211,109.83,55.3569,54.293,194
1312,169.9951,34509,110.25,243,109.93,55.5627,53.9086,203
1313,168.9612,34806,109.0125,226,109.2,54.7802,54.3549,206
1314,170.1218,33514,109.875,231,109.56,55.3618,53.7634,197
1315,168.3418,32995,109.5625,210,110.37,55.7509,54.4708,196
1316,168.38,33676,110.525,214,109.83,55.6109,54.3557,200
1317,168.4021,32670,109.275,218,109.4,55.567,54.0947,194
1318,166.0622,34707,110.95,222,110.56,54.7444,54.1183,209
1319,166.415,33283,110.5875,214,109.79,55.2498,54.2311,200
1320,166.175,33235,109.725,217,109.16,55.2355,54.1409,200
1321,168.0553,33443,110.725,207,110.26,55.2979,53.5801,199
1322,167.6839,32363,110.5125,229,110.31,55.6131,54.4584,193
1323,166.949,32722,111.625,211,110.75,55.4594,54.196,196
1324,167.6548,33028,111.2125,212,111.05,55.3876,54.2424,197
1325,166.5361,32308,109.5625,207,109.61,55.3175,54.1103,194
1326,166.5152,32970,110.125,219,109.91,55.8616,55.3106,198
1327,165,32835,109.9625,204,109.16,55.1982,54.2518,199
1328,164.1171,33644,110.1625,207,110.28,54.8072,54.1075,205
1329,168.1917,32461,110.375,215,110.32,55.4487,54.1953,193
1330,166.8382,34035,109.7625,218,109.07,55.226,54.3498,204
1331,167.7165,32537,110.5,214,110.02,55.2078,54.5559,194
1332,166.8477,32869,109.8875,213,109.17,55.6225,54.8739,197
1333,166.0657,32881,111.4125,209,110.27,55.3189,54.6513,198
1334,165.559,32284,110.75,211,110.4,55.4254,54.1004,195
1335,165.5,32438,108.925,209,109.25,55.3872,54.2144,196
1336,165.7744,32326,110.4125,210,109.58,55.213,54.3363,195
1337,166.595,33319,111.7625,221,111.59,54.912,54.288,200
1338,165.8579,32674,110.8,211,110.42,55.4742,54.2471,197
1339,166.608,33155,110.175,212,110.17,54.7522,54.5808,199
1340,165.8788,32844,110.1625,207,109.43,55.6431,54.6154,198
1341,165.2476,34041,110.325,213,109.71,55.0768,54.0755,206
1342,165.2602,32391,110.825,211,110.17,54.8935,54.4399,196
1343,166.6615,32499,111.425,201,110.68,55.3193,54.5031,195
1344,164.4619,34537,110.45,212,109.5,55.6711,54.7012,210
1345,166.4615,32460,110.5,215,110.65,55.3379,54.5804,195
1346,166.2843,32758,110.475,210,110,55.1913,54.0523,197
1347,165.2995,32564,110.1,210,110.4,55.5793,54.7563,197
1348,165.4133,32421,111.325,208,110.22,55.2746,53.743,196
1349,163.8966,33271,110.4375,210,109.64,55.5218,54.6434,203
1350,164.343,34019,110.3625,195,110.12,55.476,54.3126,207
1351,165.2908,32397,110.9125,198,110.63,55.885,54.446,196
1352,165.0788,33511,110.6,206,111.11,55.0399,54.9169,203
1353,164.6684,32275,110.325,226,109.64,55.3427,54.1569,196
1354,165.6289,32132,110.6375,208,110.04,55.4026,54.4182,194
1355,167.0647,33580,110.525,205,111.02,55.6714,54.8817,201
1356,164.4089,33375,111.1625,208,109.84,55.1002,54.5254,203
1357,164.2562,33344,111.15,226,110.17,55.4177,54.6774,203
1358,164.405,32881,110.8,205,110.41,55.5334,54.4598,200
1359,165.6219,33290,109.875,210,109.84,55.5372,54.4476,201
1360,166.5459,32643,110.85,214,109.95,55.3509,54.4014,196
1361,165.0193,34159,109.9,212,109.63,55.3029,54.6419,207
1362,165.6974,32311,110.6,219,109.51,55.4431,54.1032,195
1363,166.2995,34424,110.7,210,110.41,55.0759,54.2468,207
1364,164.9592,32332,109.95,205,109.97,55.5531,54.3852,196
1365,166.5771,33482,110.95,238,109.28,55.269,54.2252,201
1366,165.0725,31859,110.3875,212,110.2,55.4831,54.4773,193
1367,166.0508,32712,110.175,224,109.68,55.5043,54.6652,197
1368,165.9,34839,110.85,207,110.37,55.2857,54.2769,210
1369,166.9487,32555,111.45,213,111.35,55.2945,54.445,195
1370,164.9461,33649,109.825,208,109.65,55.1615,54.5768,204
1371,164.7192,33438,109.7125,209,108.81,55.2465,54.269,203
1372,166.9385,32553,109.45,213,109.61,55.7229,54.7823,195
1373,168.2694,32476,111.3625,219,110.97,55.425,54.4575,193
1374,164.2488,33671,109.95,210,109.57,55.7318,54.1689,205
1375,163.7921,33086,110.6375,216,109.81,55.4953,54.6293,202
1376,166.3786,34274,110.0625,212,109.39,55.6968,54.4493,206
1377,166.7254,32178,110.6,212,109.78,55.356,54.1317,193
1378,166.6837,32670,110.2875,211,109.93,55.1971,54.3137,196
1379,165.0918,32358,109.225,205,108.99,55.2305,54.3576,196
1380,165.6837,32474,110.425,215,109.76,55.3367,54.7519,196
1381,166.4874,33131,110.9625,203,110.5,55.458,54.2236,199
1382,166.8939,33045,109.35,216,109.47,55.2278,54.7646,198
1383,167.1813,32266,111.425,220,110.16,55.3325,54.2227,193
1384,167,32732,110.1625,209,109.77,55.8073,54.741,196
1385,165.9381,32192,110.2125,208,110.35,55.7115,54.1755,194
1386,167.1478,33931,110.65,211,110.34,55.4825,54.3837,203
1387,166.1237,32228,109.8625,213,109.87,55.3561,54.3381,194
1388,167.17,33434,109.275,211,108.9,55.587,54.4848,200
1389,165.8873,33841,110.4125,215,109.54,55.8355,54.3498,204
1390,165.9261,33683,110.85,209,110.44,55.2947,54.439,203
1391,167.2908,32789,111.525,212,110.62,55.7214,54.5487,196
1392,166.7732,32354,109.5375,216,109.21,55.7161,53.8043,194
1393,166.768,32353,111.1,221,110.01,55.1141,54.0629,194
1394,166.0697,33380,111.0875,210,109.87,55.0002,54.5602,201
1395,166.799,32359,110.0625,206,109.87,56.0291,54.4464,194
1396,165.2319,34203,110.675,211,109.58,55.5137,54.2479,207
1397,166.1218,32726,110.3625,204,110.02,55.2072,54.2264,197
1398,165.5327,32941,110.575,228,110.33,55.8865,54.6036,199
1399,165.2161,32878,110.05,209,109.65,56.0497,55.1774,199
1400,164.75,33609,110.8,208,109.49,55.7233,54.1723,204
1401,166.9903,34400,110.9375,205,110.97,55.478,54.3203,206
1402,165.8434,32837,110.55,206,110.2,55.375,54.2335,198
1403,164.604,33250,109.6875,204,109.12,55.2926,54.3471,202
1404,166.544,32143,109.9625,203,109.86,55.7282,54.5072,193
1405,166.9,33380,111.5,211,110.25,55.8602,54.7308,200
1406,166.6837,32670,110.6625,213,109.18,55.3027,54.9589,196
1407,168.3608,32662,109.9625,205,109.21,55.6614,54.3815,194
1408,167.9741,32419,109.7125,214,109.77,55.2767,53.8365,193
1409,166.1128,32392,110.6625,216,109.91,55.3035,54.6486,195
1410,166.6839,32170,110.375,205,109.97,55.0944,54.6903,193
1411,166.1407,33062,110.8375,225,110.82,55.6225,54.7062,199
1412,165.9749,33029,110.2375,219,109.2,55.6099,54.0977,199
1413,165.5692,32286,110.8125,209,110.2,55.1639,54.0396,195
1414,164.673,34746,110.3,210,109.92,55.884,54.1799,211
1415,164.8342,31813,109.825,210,109.48,55.5571,54.4589,193
1416,166.3861,33610,110.6375,211,109.66,55.0491,54.1115,202
1417,167.2256,32609,110.0375,210,109.99,55.442,54.918,195
1418,166.4162,32784,111.15,204,110.37,55.6391,54.5103,197
1419,166.5622,33479,110.6,213,109.98,55.1507,55.2384,201
1420,165.2704,32393,110.4,201,110.24,55.6889,55.0296,196
1421,167.0363,32238,111.5125,211,110.51,55.6459,54.442,193
1422,166.7129,33676,110.1875,212,109.55,55.1416,54.5415,202
1423,167.3368,32296,111.125,213,110.73,55.4584,54.624,193
1424,166.5026,32468,110.2375,217,109.67,55.6932,54.5115,195
1425,166.0094,35360,111.1,213,110.12,55.8987,55.2746,213
1426,166.5939,32819,110.4625,216,109.94,55.3158,54.5764,197
1427,167.3622,32803,110.075,217,109.75,55.5309,54.5912,196
1428,165.7868,32660,110.7,215,109.77,55.6766,54.6601,197
1429,166.6632,32166,111.225,217,109.71,55.3428,54.7778,193
1430,166.3397,34765,109.225,205,109.12,55.5832,54.2978,209
1431,165.0464,32019,110.175,221,109.59,55.7453,54.2276,194
1432,167.9227,32577,110.7625,210,109.85,55.0564,54.7513,194
1433,167.0308,32571,108.7,231,108.38,55.3611,54.6445,195
1434,166.5128,32470,109.375,202,109.17,55.0206,54.1314,195
1435,167.8718,32735,110.575,226,110.07,55.2863,55.018,195
1436,166.1616,32900,110.025,221,109.48,55.8333,54.8236,198
1437,167.1777,32934,110.25,218,109.3,54.8987,54.0069,197
1438,167.2437,32947,110.5125,212,110.77,55.7013,54.2769,197
1439,167.0248,33739,110.3,212,110.04,55.5116,54.3654,202
1440,166.6124,34822,110.4625,212,109.54,55.3585,54.211,209
1441,166.1897,32407,110.1125,205,109.74,55.4438,55.4852,195
1442,166.2938,32261,110.2875,212,109.81,55.5393,54.1183,194
1443,168.4,33680,111.225,202,110.66,55.6455,54.9802,200
1444,165.0291,33996,111.825,212,110.62,55.281,54.5908,206
1445,168.567,32702,110.5125,216,109.91,55.3423,54.1863,194
1446,166.9124,32381,111.1125,223,110.16,55.1575,53.6588,194
1447,166.3467,33103,110.525,224,109.92,55.5173,54.8131,199
1448,166.1173,32559,110.975,234,109.87,55.549,54.2201,196
1449,167.0796,33583,109.4375,212,109.06,55.649,54.4508,201
1450,167.5202,33169,111.0375,212,110.32,55.5791,54.6466,198
1451,165.9077,32352,110.45,209,110.15,55.6439,54.119,195
1452,165.2814,32891,110.3,220,109.38,55.2152,54.403,199
1453,165.4078,34074,110.5125,199,110.88,55.4249,54.3297,206
1454,166.886,32209,110.875,233,110.12,55.5991,54.5432,193
1455,166.0743,33547,109.6625,217,109.06,55.2443,54.4277,202
1456,167.8392,33400,110.0375,219,110.5,55.4122,54.2985,199
1457,165.59,33118,109.9125,221,109.45,55.1406,54.1768,200
1458,167.8392,33400,110.9375,216,110.54,55.3984,54.3394,199
1459,165.6569,33794,110.1875,217,109.34,55.5076,54.2139,204
1460,166.6414,32995,110.3,202,109.83,54.8753,54.2156,198
1461,167.4822,32994,110.2375,218,110.74,55.3395,54.716,197
1462,166.9689,32225,110.55,214,110.07,55.707,54.7521,193
1463,165.4925,33264,109.975,220,108.86,55.1448,53.7685,201
1464,164.8384,32638,109.8875,200,109.09,55.4656,54.6802,198
1465,167.9179,32744,110.3,224,109.26,55.4101,54.774,195
1466,169.4162,33375,110.875,209,110.04,55.144,54.425,197
1467,166.11,33222,110.0125,216,109.09,55.1986,54.0515,200
1468,166.0722,32218,110.05,215,109.89,55.4919,54.593,194
1469,167.8629,33069,110.3375,213,109.55,55.5422,54.037,197
1470,166.4663,32128,110.625,214,110.13,55.4382,54.1031,193
1471,167.4974,32662,110.3625,203,109.59,55.5771,54.4127,195
1472,166.1846,32406,110.85,226,110.28,55.734,54.5866,195
1473,166.1036,32058,110.475,206,109.91,55.7928,54.3556,193
1474,164.7538,32127,110.6375,210,110.21,54.6869,54.1254,195
1475,165.7041,32478,110.775,218,110.06,55.1331,54.8703,196
1476,165.0103,32012,110.4,212,110.19,55.0737,54.2826,194
1477,164.415,32883,109.4875,211,109.34,55.6027,54.3981,200
1478,166.0412,32212,109.9625,206,108.99,55.6218,55.2597,194
1479,166.3782,32111,111.45,207,110.31,55.4012,54.7619,193
1480,165.5487,32282,110.225,211,109.71,55.2884,54.828,195
1481,164.5867,32259,110.6625,211,110.01,54.8384,54.6809,196
1482,166.3614,33605,109.7375,211,109.71,55.5507,54.4563,202
1483,164.2217,33337,110.275,201,109.78,55.231,54.182,203
1484,165.3835,34069,109.4375,216,109.66,55.2355,54.4249,206
1485,166.3918,32280,110.0375,241,109.65,55.3066,54.5372,194
1486,166.8513,32536,110.7375,220,111.01,55.7798,54.438,195
1487,165.2347,32386,111.7375,212,110.95,55.3667,54.9694,196
1488,166.359,32440,110.5875,219,110.19,55.6639,54.9841,195
1489,165.8667,32344,111.1875,209,109.16,55.9585,55.0028,195
1490,164.6166,31771,111.7375,206,110.76,55.195,54.1599,193
1491,164.809,32797,110.25,201,109.39,55.4971,54.7253,199
1492,164.4826,33061,109.75,214,109.89,55.643,54.8555,201
1493,163.0697,32777,110.5125,201,110.5,55.5586,54.8124,201
1494,166.5692,32481,111.875,214,111.4,55.0001,54.4821,195
1495,166.0881,32055,109.8875,208,109.53,55.6195,54.4622,193
1496,166.3814,32278,110.8875,210,109.98,55.6363,54.567,194
1497,164.4851,33226,109.875,203,110.06,55.3008,54.6948,202
1498,166.12,33224,110.125,209,110.37,55.5205,54.9546,200
1499,164.7245,32286,111.2625,208,111.13,55.5584,54.344,196
1500,166.2902,32094,108.9125,210,108.72,55.2301,54.5058,193
