1,171.2549,61138,108.4375,230,108.13,103.383,54.1024,357
2,171.5194,61747,107.5375,221,107.96,103.283,55.1104,360
3,171.2521,61137,107.8875,240,107.93,102.5897,54.702,357
4,168.615,63062,107.2625,230,108.16,103.0507,54.9115,374
5,171.584,62285,107.8625,242,108.86,102.4751,54.3536,363
6,170.5698,61064,107.9125,236,108.44,102.9427,54.6443,358
7,170.3644,64057,106.875,232,107.56,102.5428,54.9917,376
8,170.9008,62037,106.8,237,107.08,103.3088,54.451,363
9,169.2618,60765,108.2625,241,108.6,102.5658,54.7338,359
10,170.9562,62399,106.5875,237,107.73,102.6136,54.441,365
11,171.5722,61766,107.9375,248,108.66,102.8906,53.8446,360
12,171.6381,62133,107.0375,239,107.74,102.4408,54.3793,362
13,170.087,62592,107.0375,240,108.16,103.142,54.5716,368
14,171.9307,62067,107.65,229,108.02,102.7929,54.2513,361
15,169.9081,62866,108.35,224,108.83,102.5844,53.9822,370
16,171.4973,62425,106.825,227,107.42,102.8665,53.9956,364
17,172.0889,61952,107.5375,237,107.75,102.9958,54.5598,360
18,170.6201,61082,107.2125,230,107.12,103.315,54.7043,358
19,171.7,61812,108.3125,234,108.32,103.1551,54.5545,360
20,170.7311,60951,107.8,228,107.82,103.6189,54.5584,357
21,171.6997,64044,107.7625,224,108.17,102.6817,54.5889,373
22,169.8365,63349,107.8375,246,108.12,103.4085,54.7795,373
23,172.0358,62449,107.0375,234,107.6,103.0658,54.1016,363
24,172.6389,62150,107.7375,249,108.04,102.4208,54.0228,360
25,171.981,63461,108.0875,246,108.48,102.9814,54.8918,369
26,172.7772,62027,107.4125,225,108.29,102.7842,54.2808,359
27,172.246,64420,108.125,229,108.23,103.1765,54.415,374
28,170.8933,64085,107.4875,232,107.61,102.6844,54.5037,375
29,171.2766,64400,108.25,259,108.71,103.3241,54.6297,376
30,172.6089,61794,106.6875,227,107.38,102.9568,54.747,358
31,171.8967,63258,107.55,237,107.84,103.2387,54.7577,368
32,172.2253,62690,107.3875,231,107.78,102.7429,54.1498,364
33,171.5627,64336,107.5875,232,107.58,102.8473,54.5541,375
34,171.8505,63241,107.8375,222,108.33,102.9029,54.3618,368
35,170.3071,64887,108.3875,234,108.28,102.3104,54.7129,381
36,171.5504,62959,107.1375,235,108.07,102.8615,54.3175,367
37,171.6,65208,106.75,247,107.1,102.4139,54.5593,380
38,171.1285,61264,107.4125,237,108.14,102.2617,53.9848,358
39,171.1667,61620,106.5125,219,107.95,102.7891,55.5848,360
40,171.975,61911,108.8125,229,109.13,102.4212,55.4542,360
41,168.9499,67411,107.225,240,107.46,102.1405,55.6736,399
42,170.9695,61720,107.925,228,108.5,101.8139,55.1064,361
43,171.9891,62948,107.325,224,108.76,100.9589,56.1702,366
44,172.0354,63137,108.05,232,108.48,100.2758,57.2013,367
45,171.9368,62585,106.9625,238,107.29,100.6241,57.7062,364
46,171.478,62418,107.3,244,107.74,100.5449,57.7864,364
47,172.9862,62621,107.325,226,107.29,100.1448,58.3133,362
48,172.7216,63907,108.0125,235,108.48,100.188,58.3981,370
49,174.5027,64217,109.0625,231,109.16,99.7992,58.3742,368
50,171.3176,65272,107.375,228,107.66,99.6216,58.2102,381
51,174.3806,62777,109.3375,241,108.82,99.6616,58.8469,360
52,175.9366,63865,107.175,228,108.27,99.7465,58.6555,363
53,176.3221,62947,108.4125,238,108.27,99.4671,58.9168,357
54,175.5353,64597,108.3375,228,108.49,99.6674,59.1866,368
55,178.4266,64412,107.7,243,108.55,99.5682,58.7775,361
56,178.2264,66122,107.925,247,108.46,99.6246,59.0467,371
57,179.0724,64287,107.7625,249,107.9,99.7046,59.6745,359
58,178.7091,64514,108.1375,252,108.17,99.4271,58.9446,361
59,177.6592,63602,107.9,236,108.01,99.7055,58.6724,358
60,176.7609,65048,108.1875,238,108.62,99.3295,58.8167,368
61,176.1725,65360,108.275,240,108.84,98.8606,58.503,371
62,175.1303,65849,108.0375,254,108.37,98.9738,59.0281,376
63,176.5766,63391,108.1875,234,108.06,99.0977,58.418,359
64,175.4482,62635,108.4125,234,108.12,99.4955,59.0868,357
65,174.1973,63582,107.75,231,107.14,99.3454,58.4397,365
66,176.2885,62935,107.85,242,108.57,100.4564,58.0457,357
67,174.7253,63600,107.9,252,107.74,99.7515,58.9278,364
68,175.2073,62549,107.125,233,107.88,99.5833,58.1785,357
69,176.0167,63366,107.9,255,109.01,100.0348,59.0371,360
70,174.672,65502,107.275,248,107.49,99.3896,58.3608,375
71,177.7871,63470,107.4125,245,107.61,99.576,58.3548,357
72,177.2764,65415,107.5,255,108.2,100.003,59.5424,369
73,177.1524,66255,108.125,242,108.98,99.6189,58.0411,374
74,177.6284,65012,107.5,242,107.71,99.9181,58.6794,366
75,178.0497,64454,108.05,244,108.87,99.8342,58.8695,362
76,179.4038,65303,106.8875,253,108.01,99.8013,58.9659,364
77,178.2661,63641,108.4875,251,108.51,99.8374,58.8362,357
78,178.0165,64620,107.3625,246,107.86,99.8917,58.6894,363
79,178.4459,66025,107.175,243,107.58,99.5359,58.7941,370
80,177.5642,66409,107.65,254,108.09,99.6337,58.0694,374
81,178.372,66176,106.9375,245,106.81,99.9506,58.43,371
82,178.3989,66186,107.575,237,107.82,99.6252,58.4985,371
83,177.8858,63861,107.9375,246,108.53,99.7315,58.4109,359
84,178.5444,64276,107.35,244,107.92,99.6625,58.1743,360
85,176.75,65751,108.7125,257,108.07,99.8018,58.7339,372
86,177.325,63837,108.5375,248,108.4,100.2427,58.1533,360
87,178.3743,63858,107.2875,249,108.57,99.9467,57.9706,358
88,176.8838,65447,107.0625,247,107.73,100.3776,58.7286,370
89,177.5683,64990,107.0125,238,108.42,100.0308,58.5259,366
90,176.8528,63667,109.0125,241,108.95,100.5249,58.1207,360
91,175.5275,63892,107.975,234,108.42,100.0133,58.4485,364
92,175.346,64352,107.875,240,108.29,100.5659,58.1295,367
93,173.7906,63086,107.8625,236,107.55,100.7923,57.8864,363
94,173.3829,62938,107.5,217,107.92,100.2128,57.684,363
95,176.4278,64749,108.5,241,108.59,100.4305,56.8399,367
96,174.4092,64357,108.275,233,108.75,100.0642,57.8473,369
97,170.3033,66248,107.5875,231,107.97,100.5098,58.2295,389
98,172.5233,62971,106.9875,231,107.62,100.915,57.5269,365
99,172.2845,62367,107.525,232,108.05,101.2823,57.7431,362
100,171.8747,64453,108.4125,233,108.02,101.2127,58.3097,375
101,171.9412,64306,108.025,230,108.15,100.856,58.1597,374
102,171.8375,62377,106.5375,231,107.32,101.2707,57.216,363
103,170.9,61524,107.25,251,107.56,101.3421,57.8835,360
104,172.3415,63077,107.35,249,107.85,100.6043,58.0698,366
105,170.9519,63936,109.025,237,109.25,101.0128,57.3451,374
106,171.5014,62255,106.95,237,107.44,100.9193,56.966,363
107,170.71,62992,107.65,226,108.05,101.2105,57.0883,369
108,169.9709,64249,107.4125,223,108.02,100.8375,56.8177,378
109,171.9695,62081,107.3875,224,107.78,100.9023,57.0522,361
110,171.2973,63380,107.0125,231,107.89,100.7276,56.6046,370
111,171.7008,61984,108.5375,245,108.95,100.6786,56.3741,361
112,172.7003,61654,107.8625,253,108.09,101.1428,56.4359,357
113,171.7589,62692,107.5875,244,108.16,100.2603,57.2843,365
114,170,63580,106.4375,225,108.42,100.6773,55.7672,374
115,170.1492,61594,107.675,224,107.22,100.6579,56.3746,362
116,170.9807,62066,107.9875,228,107.88,100.6451,57.0403,363
117,170.5253,63947,107.9125,243,108.09,100.8609,56.1516,375
118,171.6892,63525,107.6375,245,107.88,100.0386,56.0365,370
119,170.9407,63419,107.425,224,108.5,100.7148,56.1963,371
120,171.4728,63102,107.1125,220,108.05,101.1717,56.0723,368
121,169.5339,65101,107.15,220,108.33,101.1599,56.4601,384
122,172.2445,62697,107.125,224,108.03,101.8535,55.964,364
123,171.8017,61505,108.55,243,109.46,101.9058,54.8476,358
124,170.9871,66172,108.1875,234,108.96,101.1229,55.7046,387
125,172.3165,61517,107.1875,240,108.21,101.3047,55.15,357
126,170.7899,64217,107.6875,225,107.86,101.4721,54.8594,376
127,173.4148,63123,108.2625,245,109.1,102.2003,54.4902,364
128,171.352,61344,107.15,245,108.75,102.3243,53.8848,358
129,171.238,64043,108.3,228,108.48,102.1801,53.661,374
130,171.1575,61959,106.875,231,108.06,102.068,54.5564,362
131,171.4639,61727,107.3625,231,107.44,102.3368,53.3412,360
132,171.3324,64421,107.3,233,107.29,102.034,53.8805,376
133,171.0955,64503,108.0875,225,108.98,102.5083,53.6366,377
134,171.1213,63486,107.2375,233,107.83,102.8635,54.2185,371
135,171.516,64490,108.1,232,108.09,102.4466,54.4317,376
136,171.6728,65579,107.45,237,108.5,101.8058,54.3968,382
137,171.9309,62239,107.4875,224,107.65,102.1846,54.0518,362
138,172.1464,62317,107.2625,246,107.99,102.4703,53.7038,362
139,171.4082,62564,107.2,225,107.96,102.7467,54.1686,365
140,172.5894,61787,107.65,235,108.4,102.1151,53.4743,358
141,172.359,64807,107.9375,238,108.96,102.0116,53.0154,376
142,171.1698,63504,107.7125,227,108.44,102.2176,54.5926,371
143,172.6105,62485,107.95,233,107.67,102.0819,53.6711,362
144,171.5902,62802,108.025,240,108.21,102.2644,54.1904,366
145,170.319,63529,107.2875,232,108.38,101.7881,53.4541,373
146,171.9972,61575,107,229,108.03,102.364,54.005,358
147,170.7314,64195,107.4375,237,107.9,101.444,54.3167,376
148,172.6407,61978,108.2125,234,108.48,102.145,54.6028,359
149,171.2877,61321,107.2375,225,107.54,101.9768,54.8865,358
150,171.6778,61804,107.4625,224,108.16,101.4335,54.5268,360
151,171.7661,63897,107.6,234,107.99,102.2093,54.6809,372
152,170.0539,63090,107.625,229,107.84,101.8741,54.4782,371
153,169.8619,66416,107.05,231,107.11,101.2765,54.5647,391
154,170.0027,62391,107.775,234,108,101.4177,54.3357,367
155,169.6211,64456,106.4625,228,107.13,101.7193,54.5946,380
156,171.1008,64505,107.425,245,108.27,101.4422,54.4964,377
157,171.7115,61301,107.675,226,108.11,101.8792,54.8516,357
158,170.2857,61984,107.65,235,108,102.0828,55.2283,364
159,170.1397,60910,107.8875,240,108.37,101.483,55.6577,358
160,170.8352,62184,107.875,229,108.46,102.0697,55.6605,364
161,170.989,62240,107.475,240,107.62,101.2756,54.6611,364
162,169.7247,65344,107.7625,240,108.09,101.6516,55.5206,385
163,170.7322,62488,107.6875,232,108.01,101.3732,54.7234,366
164,171.6972,61811,107.05,249,108.4,101.4832,55.0382,360
165,170.7374,61124,106.7,232,107.23,101.6807,54.4051,358
166,171.1409,61953,109,235,109.22,102.0231,55.0768,362
167,170.9135,63238,107.55,246,108.24,102.4823,54.8593,370
168,170.6712,62295,107.45,223,108.25,102.9126,54.0617,365
169,170.2822,62153,107.325,225,108.1,103.0863,53.953,365
170,168.944,63354,107.225,246,107.95,102.6779,53.9991,375
171,170.7577,61302,107.4,250,107.86,103.312,53.7294,359
172,169.8643,61321,108.425,224,108.28,103.1957,53.5749,361
173,169.9133,62698,107.5,220,108.55,102.9383,53.1895,369
174,171.0654,62781,106.9625,234,107.51,103.2031,53.2842,367
175,172.0279,61586,107.8375,222,108.32,103.181,53.5743,358
176,171.4206,61540,107.525,242,107.51,103.0495,53.0309,359
177,169.8895,63029,107.675,233,108.27,103.4486,53.2288,371
178,173.0528,62299,107.8875,230,107.78,103.0182,53.1605,360
179,171.7049,62844,106.75,220,106.96,103.0699,53.2369,366
180,170.2467,64183,108.15,233,108.53,102.9789,54.2976,377
181,171.3846,62384,108.15,244,108.02,103.0746,53.6801,364
182,170.423,65272,107.0125,240,107.81,103.1798,53.0522,383
183,170.3079,62503,107.55,228,107.77,102.8854,53.3324,367
184,171.2928,62008,106.8625,230,107.48,103.7945,53.9206,362
185,171.2368,65070,107.1875,224,107.44,103.5342,53.5251,380
186,171.5804,62970,107.475,225,107.66,102.8834,53.697,367
187,170.5315,62244,108,231,108.27,103.0857,53.6295,365
188,172.4329,62938,107.925,233,108.09,103.1746,53.233,365
189,170.3936,64068,108.7,246,108.23,103.1379,53.3679,376
190,171.429,61543,107.425,222,107.94,102.793,53.4873,359
191,171.1173,61260,107.4625,221,107.61,103.0661,53.3053,358
192,171.0921,63133,108.3125,229,108.3,103.2297,53.618,369
193,170.5951,62779,108.8,226,108.43,103.0657,53.9556,368
194,172.4722,62090,107.5375,227,107.77,103.2064,52.7741,360
195,169.5777,62235,108.35,241,107.6,103.4499,53.5334,367
196,170.5223,61047,107.85,236,108.35,102.8966,53.4274,358
197,170.2507,64525,107.325,223,107.89,103.3422,53.4715,379
198,173.3287,62745,108.8125,235,108.9,103.273,54.5164,362
199,170.1899,67225,108.5125,249,108.55,102.7068,54.3858,395
200,171.0674,63466,108.1375,221,108.46,103.2231,54.9203,371
201,170.8788,62029,108.225,232,108.77,103.2165,54.2967,363
202,171.1351,65887,107.1875,231,107.89,102.8088,55.1239,385
203,172.4892,63821,108.8625,238,108.93,103.1126,55.2072,370
204,171.1492,61956,107.5375,228,107.81,103.0644,54.8448,362
205,170.5858,62605,106.8625,234,107.78,103.2934,54.9128,367
206,170.5312,62926,108.2375,233,109.22,103.1732,55.5539,369
207,173.4571,62618,108.375,236,108.76,102.3537,54.886,361
208,171.4711,62244,108.125,230,108.72,102.5114,55.2341,363
209,170.6667,65024,107.275,246,107.87,102.7149,55.5339,381
210,171.6814,61977,108.4625,228,108.96,102.23,55.262,361
211,170.6076,62613,107.5375,230,108.18,103.0868,55.098,367
212,170.2659,61466,108.2375,224,108.72,103.5264,55.6247,361
213,169.3156,63832,107.85,233,108.18,103.0975,55.2873,377
214,169.6296,64120,107.975,223,108.17,102.1916,54.6235,378
215,167.8568,66807,107.425,225,107.52,102.773,54.2426,398
216,170.6022,60905,107.7625,224,107.92,103.0354,54.8648,357
217,170.1924,62801,107.45,234,107.52,103.125,54.8212,369
218,170.7459,63176,107.925,239,108.52,102.8652,55.7167,370
219,168.4497,63674,107.35,234,107.56,102.9335,55.0422,378
220,171.1086,61428,107.0375,230,107.32,103.1643,54.9702,359
221,169.2888,62129,106.8625,240,107.02,103.2633,54.8524,367
222,170.4674,62732,107.4875,226,107.49,103.5113,54.8237,368
223,171.9096,62747,107.1,233,107.53,103.2048,54.362,365
224,171.8716,62905,108.475,229,108.54,103.2194,54.3478,366
225,171.405,61363,107.7375,221,107.95,103.0435,55.2316,358
226,171.7769,62355,108.8125,227,109.39,102.687,54.5872,363
227,170.4712,62222,108.0375,223,108.2,103.6389,54.3958,365
228,171.4444,63263,108.3625,261,108.56,103.3088,54.634,369
229,170.773,63186,107.4875,236,107.7,103.1078,54.5143,370
230,170.493,61207,108.0375,243,108.27,102.924,54.6009,359
231,169.4364,65233,107.8875,229,108.6,103.0751,54.177,385
232,170.9231,62216,107.825,235,108,102.9009,55.4933,364
233,170.8852,61006,107.4875,229,107.75,103.2108,54.8552,357
234,170.8628,64757,107.675,233,108.34,103.1984,55.1445,379
235,170.508,63770,107.1625,222,107.14,102.6946,54.2089,374
236,169.9322,62705,107.3375,234,107.8,103.2356,54.9268,369
237,171.895,62226,107.9875,241,108.06,102.8861,54.7577,362
238,170.6376,62624,107.2625,237,108.13,103.4125,54.8712,367
239,171.3092,61500,107.7625,221,107.86,103.6971,54.6365,359
240,169.6429,64125,108.0125,233,109.05,103.2402,54.9474,378
241,171.0335,61230,107.4,234,107.26,103.3966,54.644,358
242,169.2675,65168,107.825,232,108.4,103.3569,54.9487,385
243,171.6484,62480,107.125,225,107.23,102.6142,54.5104,364
244,170.8692,62709,108,230,108.32,103.0933,54.7658,367
245,171.1545,63156,107.5625,239,108.16,103.2006,54.4731,369
246,171.4302,61372,107.625,251,108.12,103.0295,54.6698,358
247,170.562,61914,107.5,225,107.85,103.063,54.9357,363
248,169.4601,63717,108.3,234,108.61,103.314,54.7195,376
249,170.6083,61419,107.8625,239,108.28,102.8441,54.6645,360
250,171.3925,63758,107.4,225,107.88,102.6952,54.5335,372
251,170.6804,61957,108.2125,226,108.49,103.1267,55.1883,363
252,170.2568,62314,108.1,229,108.42,103.0927,54.3889,366
253,170.2622,62997,108.5,228,108.4,103.4062,54.9495,370
254,171.2857,61149,107.2625,243,108.21,102.6793,55.327,357
255,169.1685,61239,107.6625,228,107.76,102.8843,54.3819,362
256,169.1448,61907,107.6875,230,107.79,103.1061,54.2976,366
257,168.6649,64430,107.85,234,108.1,103.4476,55.0862,382
258,169.0622,62553,107.7625,228,108.06,102.565,54.7633,370
259,169.7418,61786,107.5125,234,107.66,102.6537,54.1097,364
260,168.5952,63729,106.7875,224,107.63,102.9852,54.5433,378
261,169.5067,63226,107.7125,228,108.17,102.9369,54.8264,373
262,167.5464,65008,107.65,235,108.22,102.9354,54.3215,388
263,168.939,63690,107.9375,229,108.13,103.0282,54.5922,377
264,168.9,62493,108.6,227,108.76,103.0172,54.6816,370
265,168.8042,63808,107.2875,240,107.23,102.7917,54.8804,378
266,170.0504,60708,107.75,227,107.9,102.6236,55.095,357
267,170.0972,61235,108.1,224,108,102.9963,54.0327,360
268,169.8622,62849,107.825,246,108.49,102.7984,54.1086,370
269,170.2717,62660,107.5625,227,107.77,103.3897,54.3427,368
270,169.9721,60850,107.15,230,107.43,103.2547,54.447,358
271,169.7124,63133,107.8875,234,108.22,102.9976,54.3179,372
272,169.8964,60653,107.8125,230,108.24,102.9669,54.3682,357
273,168.6148,63905,108.15,225,109.02,103.0807,53.9512,379
274,169.6329,61916,107.9125,225,107.69,103.3817,54.2089,365
275,168.8571,61464,108.3,217,108.69,102.9455,54.2995,364
276,168.916,62330,107.6375,235,108.48,103.3878,55.1207,369
277,169.824,60797,108.7875,223,108.69,102.9054,54.3979,358
278,169.3379,61639,108.075,225,108.07,102.6607,54.7683,364
279,169.5543,60870,108.025,218,108.43,102.8559,54.2429,359
280,168.6407,60542,108,227,108.27,102.8766,54.0399,359
281,167.7053,66579,107.775,238,108.29,102.8834,54.1591,397
282,169.8496,60976,106.9625,237,107.74,103.0575,54.4807,359
283,168.1356,63219,107.85,230,107.91,102.6718,54.4317,376
284,169.3884,61488,107.8,226,108.09,102.7087,54.0617,363
285,168.7703,60251,106.875,245,107.84,103.1614,54.9497,357
286,169.2913,60437,107.6125,224,107.99,103.1815,54.6951,357
287,169.2654,63136,108.525,220,108.25,102.9275,54.1874,373
288,169.1835,63613,107.6125,226,107.87,103.074,53.9233,376
289,169.7377,62124,107.8375,237,107.96,102.8001,53.9908,366
290,170.1345,60738,108.025,218,109.07,103.2602,53.7001,357
291,169.5068,61870,108.0125,228,107.79,102.4089,54.0231,365
292,170.4353,61868,108.925,233,109.39,102.274,53.9171,363
293,169.1622,63605,107.575,231,108.36,102.8013,54.1564,376
294,171.4734,61216,108.6375,238,109.08,102.8885,53.3216,357
295,169.733,62292,108.0625,214,108.2,103.7232,53.9222,367
296,169.6423,62598,107.0375,231,108.27,103.3487,54.2311,369
297,169.7418,62465,107,228,107.3,103.2069,54.1061,368
298,170.8525,62532,107.45,230,107.91,103.5622,53.8328,366
299,169.8275,63006,107.625,234,107.94,103.8056,52.7445,371
300,169.9889,61026,107.6125,226,107.4,103.6224,53.0327,359
301,171.7337,63198,107.8,237,107.86,103.532,52.6424,368
302,171.1201,61261,108.35,228,108.04,103.4553,53.051,358
303,171.0168,61224,108.775,230,108.55,103.561,52.7895,358
304,171.0937,62107,106.1625,245,107.23,104.0319,52.645,363
305,170.6174,64664,107.3,215,107.76,103.8671,52.2254,379
306,172.1341,61624,107.275,227,107.66,104.4962,51.7713,358
307,172.1961,62335,107.8625,234,108.27,105.298,51.1913,362
308,171.4062,61192,108.175,220,108.11,106.0613,49.647,357
309,170.0546,62240,108,224,108.08,106.5399,49.3879,366
310,170.1968,63143,107.6375,227,107.44,106.5288,48.3518,371
311,169.7731,64344,106.5875,254,107.41,106.9624,48.4377,379
312,170.9946,63439,107.0875,239,108.61,106.7882,48.8591,371
313,170.4768,62565,107.8875,233,107.75,107.6377,48.7037,367
314,170.173,62964,107.9125,228,107.66,106.7892,49.338,370
315,169.6074,63942,108.3375,226,108.04,106.3118,48.5962,377
316,171.0275,62254,107.975,233,107.51,106.8882,49.0698,364
317,171.4167,61710,107.2,223,107.4,107.1616,48.6034,360
318,170.3132,61994,107.475,240,108.18,106.7151,48.5917,364
319,169.5541,62735,108.075,239,108.22,107.0477,48.7999,370
320,169.773,62816,108.0125,233,108.81,107.2331,49.0788,370
321,171.2689,61143,107.9875,225,108.05,106.8921,48.2341,357
322,170.9581,61203,107.825,228,108.61,107.364,48.2463,358
323,169.624,63609,106.9,239,107.97,106.742,48.6937,375
324,170.6648,61098,107.675,234,107.94,106.9656,48.8639,358
325,169.6173,62928,107.9125,236,107.04,107.1626,48.7055,371
326,169.873,62853,106.85,224,107.51,107.0317,48.2017,370
327,169.4396,61676,108.2875,235,107.81,107.3987,48.7033,364
328,168.7807,63124,107.5375,223,107.37,106.6594,48.6019,374
329,170.459,62388,107.4375,223,107.37,107.0902,48.8713,366
330,170.7179,61117,106.9625,234,107.96,106.9002,48.4636,358
331,169.989,62046,107.825,216,108.69,106.7959,49.295,365
332,169.3878,61149,107.6,227,107.68,106.9486,48.4244,361
333,170.27,61808,107.5625,229,108.05,106.9028,49.1916,363
334,169.5082,62040,107.825,224,107.55,106.5575,48.6904,366
335,170.3554,61839,107.5875,248,107.84,106.2121,49.4529,363
336,170.6472,61433,108.05,246,107.85,106.3846,48.6894,360
337,169.7736,62986,107.075,231,107.74,106.4362,48.9381,371
338,169.9698,61869,108.2375,230,107.54,106.3009,49.0825,364
339,168.3127,62444,106.425,227,108.1,106.5431,48.964,371
340,169.0866,64422,107.85,221,107.59,106.7862,49.5353,381
341,169.7581,63150,108.0625,231,108.51,106.2072,48.3271,372
342,170.4,63048,106.65,234,107.4,106.5144,49.083,370
343,169.5407,64595,108.6125,237,109.23,106.9746,49.2992,381
344,170.2033,61103,107.775,237,107.72,106.7639,48.6502,359
345,170.916,61017,108.375,219,108.37,106.7499,48.9459,357
346,170.1374,61930,108.0125,223,108.37,106.8646,49.4025,364
347,169.5234,65097,108.0125,243,107.8,106.2356,50.1239,384
348,170.4384,62210,107.0875,231,107.59,105.7958,49.8593,365
349,169.6397,60731,108.05,218,107.86,105.225,51.5894,358
350,168.7701,60926,107.7,229,108.23,104.4924,51.0563,361
351,168.9945,61514,108.625,221,108.78,104.7867,52.1894,364
352,168.9837,62186,107.3875,226,107.7,104.1588,52.486,368
353,169.6955,60751,108.075,219,108.49,103.7363,52.9129,358
354,168.2715,62597,108.0125,236,107.27,103.1465,53.0304,372
355,168.6685,62576,108.2375,219,107.96,103.0723,53.3124,371
356,169.925,61173,107.5625,233,108.25,103.2071,53.1756,360
357,169.493,60509,107.7125,233,107.86,102.3253,53.6372,357
358,169.4753,61689,107.75,243,108.42,102.6086,54.4833,364
359,168.0635,66217,107.7625,234,108.35,101.9383,54.6944,394
360,168.7486,61762,107.8125,228,108.14,102.4267,54.744,366
361,169.0079,63885,107.325,220,107.72,102.339,55.4444,378
362,168.8162,62462,107.95,242,108.84,102.02,55.3212,370
363,169.0728,60359,107.0875,219,108,102.0021,54.8975,357
364,169.1515,61402,107.8625,229,107.58,101.6501,56.0412,363
365,167.9136,64143,107.2375,232,107.59,100.9522,55.5298,382
366,167.5389,64670,107.9625,221,108.46,100.7789,55.9542,386
367,168.4528,62496,107.4125,232,107.6,101.059,55.4041,371
368,168.0603,61342,106.95,214,107.46,100.4581,55.5218,365
369,169.7905,60785,108.0125,223,107.94,100.0449,56.9803,358
370,169.9861,61365,107.2875,214,107.61,100.3116,56.3893,361
371,169.547,61376,107.2875,226,108.4,100.5817,56.6335,362
372,169.867,61322,107.9625,227,108.79,99.976,56.4321,361
373,168.6929,62079,107.5375,233,107.84,100.3964,56.8877,368
374,168.7567,63115,107.4875,228,107.77,99.7789,56.9719,374
375,169.489,61694,106.925,215,108.07,100.235,56.8518,364
376,168.2011,62739,107.125,225,108.22,100.342,57.8859,373
377,168.6075,62722,106.5875,225,108.4,100.6003,57.6656,372
378,167.5535,62665,107.9625,221,108.25,100.635,57.5392,374
379,169.2108,62608,107.7,240,107.59,100.1678,56.9243,370
380,169.7967,61806,107.075,230,107.57,100.2344,57.0412,364
381,167.6873,64895,107.775,247,108.04,100.2482,56.8725,387
382,169.5615,60703,106.95,224,107.43,100.2031,56.1662,358
383,167.7548,60895,107.375,224,108.07,100.6253,57.3293,363
384,170,61030,107.4875,237,107.8,101.1678,56.4604,359
385,168.373,62298,107.1625,217,107.7,100.7061,56.5059,370
386,170.9694,61549,107.6875,236,108.5,100.7782,57.3386,360
387,170.1071,61919,107.4625,236,108.17,100.9616,55.9759,364
388,169.2717,62292,107.9875,219,108.96,101.0123,56.8218,368
389,168.1962,62569,107.075,225,108.33,101.1598,55.7287,372
390,169.1547,63433,107.5375,237,107.68,101.6451,56.8493,375
391,169.2374,60587,107.7,228,108.17,101.0355,56.9013,358
392,168.2658,61417,106.9125,218,107.65,101.4878,56.3435,365
393,168.0727,64708,107.2625,221,107.66,101.8436,56.1591,385
394,168.6438,61555,106.3625,226,107.77,102.3479,55.8526,365
395,168.9811,62692,107.725,242,107.93,102.128,56.5814,371
396,168.2204,62578,107.5375,212,108.16,101.4394,56.1491,372
397,168.5652,62032,107.7875,232,107.57,101.9501,55.4636,368
398,168.3922,64831,107.7,223,108.01,101.9116,56.4077,385
399,167.984,62994,107.2375,228,107.18,101.8573,56.4108,375
400,168.5537,61185,107.775,239,107.54,102.2294,56.2132,363
401,168.3403,64306,107.15,224,107.2,102.1172,56.3272,382
402,167.1489,62848,107.8125,211,108.36,102.115,56.2856,376
403,169.6537,61245,107.5875,230,107.26,101.9999,56.1658,361
404,167.6667,63881,107.5375,225,107.77,102.1081,56.3728,381
405,167.5561,62666,107.8625,226,108.55,102.6981,56.0478,374
406,169.3307,64007,107.65,216,108.05,101.9525,56.2499,378
407,168.8521,61631,107.975,235,108.59,101.8656,55.649,365
408,169.2186,61934,107.625,227,108.19,102.128,56.1471,366
409,169.1934,61248,106.7375,229,107.36,101.8997,56.5216,362
410,169.2747,61616,107.4875,229,107.6,101.6121,55.4637,364
411,168.0053,63002,107.0375,226,107.52,101.8176,56.1625,375
412,169.1457,60385,107.3875,246,108.19,102.4241,55.6226,357
413,168.6522,62064,108.2875,232,108.53,102.1488,55.8591,368
414,168.4728,61998,106.575,229,107.42,102.1481,55.4872,368
415,167.9574,63152,107.9125,222,108.14,102.3579,55.2694,376
416,168.8255,60946,107.025,217,107.63,102.7047,55.7153,361
417,169.741,61616,108.3375,218,108.46,102.1164,55.3328,363
418,168.2764,62094,108.1125,214,108.5,102.2929,56.6018,369
419,167.555,64006,107.0625,218,107.58,101.8857,55.7017,382
420,168.9208,61825,108.225,233,108.48,102.8647,55.1461,366
421,169.2017,60405,107.8625,223,107.66,102.1628,55.2829,357
422,167.5246,61314,107.475,227,107,101.9063,55.2512,366
423,168.9972,60839,107.85,226,108.3,101.9702,55.5988,360
424,168.4187,61136,107.55,218,108.08,102.7085,55.9933,363
425,168.633,63406,108.15,232,108.32,102.6768,55.6988,376
426,167.3595,61923,108.4,235,108.55,103.0062,54.7583,370
427,167.7692,61068,107.9,230,108.22,102.0399,55.776,364
428,168.8278,60778,108.325,219,108.53,102.542,55.5587,360
429,168.8778,60796,107.575,221,107.89,102.2524,55.3519,360
430,170.1247,61415,107.825,215,108.52,102.2438,55.7228,361
431,168.7682,60419,107.1375,245,107.54,102.7967,55.1654,358
432,167.9918,61485,107.9875,238,108.52,102.5935,55.3812,366
433,167.7968,63595,107.35,228,107.56,102.6729,54.7973,379
434,168.123,61533,107.4125,231,107.94,102.1914,54.9546,366
435,170.3156,60973,107.7,239,108.52,102.1636,54.9214,358
436,167.5098,59801,107.275,216,107.57,103.0068,54.7282,357
437,168.0081,62331,107.975,226,108.56,102.7309,55.1067,371
438,167.1713,60516,108.375,231,108.28,103.0677,54.9865,362
439,168.7619,60248,107.925,227,107.66,102.2876,55.0089,357
440,167.3377,63421,107.4375,230,107.57,102.5551,54.7653,379
441,167.7324,62061,107.8625,222,108.38,103.0037,54.8174,370
442,169.3316,64854,108.9875,230,109.37,102.6314,55.1763,383
443,167.9945,61486,107.4375,219,107.16,102.7066,55.0899,366
444,169.079,62052,107.15,215,107.91,102.2086,54.9026,367
445,168.2301,61404,106.225,226,107.16,102.0963,55.2417,365
446,168.0904,61353,107.3125,222,107.84,102.7673,54.9116,365
447,168.0483,62682,108.35,222,108.4,103.032,55.3749,373
448,168.4891,61667,107.5625,238,107.84,102.9245,54.6071,366
449,168.2299,60731,106.6125,227,106.72,102.0448,54.5325,361
450,166.8841,61914,107.2875,224,107.99,102.9037,54.7049,371
451,166.6387,63656,107.7625,220,108.43,102.445,54.7982,382
452,168.9214,62332,107.5625,237,108.08,102.6595,54.8491,369
453,168.4361,60637,107.7,217,108.13,102.4423,54.8733,360
454,168.0217,61832,107.6375,218,108.39,102.8072,55.2841,368
455,167.7678,63584,107.075,212,107.38,102.1295,55.3443,379
456,168.1233,61365,107.2625,221,108.01,103.1182,54.4568,365
457,167.8263,63774,107.9125,233,108.8,102.8183,54.3034,380
458,167.4102,62444,108.0125,218,107.92,102.8163,54.9019,373
459,167.5414,60650,108.3875,223,108.67,102.9893,54.6712,362
460,168.9726,61675,107.9125,238,107.59,102.6743,54.8615,365
461,167.7453,62569,108.05,220,108.17,102.7093,54.2073,373
462,167.336,62249,107.6125,227,108.17,103.1762,54.4461,372
463,168.5608,61019,108.425,218,108.59,102.6002,54.7913,362
464,168.1808,61386,107.4875,230,107.75,102.6851,54.867,365
465,168.4986,60154,107.35,222,107.87,103.1487,55.0625,357
466,167.5748,63846,107.6875,226,108.1,103.0042,54.5354,381
467,167.2837,60724,107.5,225,107.75,102.8506,54.2089,363
468,168.5028,60998,106.95,234,107.21,102.8468,53.6627,362
469,167.8266,61928,107.3125,217,107.49,102.9982,54.2828,369
470,167.6657,60192,107.575,220,107.75,102.5595,54.4178,359
471,169.2006,60743,106.6125,221,107.38,103.0142,53.9127,359
472,168.8907,61814,107.4875,243,107.45,102.7708,54.1422,366
473,167.7054,62051,107.8125,217,108.24,103.0789,53.9086,370
474,168.0322,62676,107.775,233,107.91,103.4862,54.6425,373
475,167.7913,61915,106.6625,214,107.14,103.0159,53.8454,369
476,168.6932,61573,106.7625,239,107.52,102.5535,53.5067,365
477,167.8838,62117,107.85,227,108.81,102.1288,53.8332,370
478,167.601,63856,106.975,214,107.16,102.7707,54.2617,381
479,166.6088,64311,109.25,210,109,102.812,54.9634,386
480,166.8704,63077,106.75,229,107.72,103.1503,54.1479,378
481,167.3668,63432,107.425,222,107.41,102.9975,54.1584,379
482,168.2185,60054,108.25,227,108.32,102.8336,53.7912,357
483,168.9724,61168,107.0375,235,107.55,102.8181,54.2412,362
484,167.393,67292,108.4375,215,108.37,102.7267,54.01,402
485,168.3896,61799,108.25,226,108.1,102.4091,53.9178,367
486,168.5161,62688,107.8125,229,108.61,102.8932,53.9129,372
487,168.6078,60193,107.65,237,107.76,102.488,54.4851,357
488,167.6612,60861,107.75,229,108.53,103.0767,54.4039,363
489,167.8086,62257,107.6625,220,107.96,102.5495,54.4595,371
490,168.951,62005,107,222,107.38,102.8316,54.3704,367
491,168.4894,63352,107.65,222,107.9,102.8189,53.6927,376
492,168.1722,65419,108.3375,238,108.62,103.0817,54.2717,389
493,167.7678,61403,108,225,107.96,102.5879,53.9608,366
494,168.2997,61766,107.4,225,107.24,103.0874,54.0247,367
495,167.6558,61865,107.225,226,107.5,103.078,53.8801,369
496,167.8968,63465,107.6625,232,108.03,103.2445,54.6712,378
497,168.243,60231,108.2625,237,108.17,102.9074,54.1889,358
498,166.8711,64746,106.75,230,107.52,102.8832,54.1951,388
499,167.8978,60779,107.8,220,108.66,102.755,54.5784,362
500,167.6612,61867,107.7625,217,107.78,102.7316,53.7549,369
501,168.3795,60785,107.3125,227,107.68,103.0236,54.1123,361
502,168.2615,62425,107.9,220,107.93,102.6454,53.9528,371
503,168.1311,61536,108.15,223,108.3,102.9055,53.2656,366
504,168.4834,60991,107.2375,218,108.4,102.6934,53.9061,362
505,167.8177,60750,108.575,229,108.97,102.6666,54.7512,362
506,168.5827,62207,108.025,227,108.43,103.3479,53.5483,369
507,168.8922,62659,107.6125,221,108.39,103.0875,54.2275,371
508,166.822,63726,107.7125,225,108.5,103.0563,53.5827,382
509,167.8978,60779,107,234,107.94,103.3285,53.881,362
510,167.6851,60702,107.875,226,108.46,102.5717,53.0618,362
511,168.0612,63191,107.8625,224,108.01,102.4561,53.46,376
512,168.0569,62013,107.7375,218,108.3,103.3301,53.4644,369
513,167.8167,60414,107.2625,226,107.2,102.926,53.6903,360
514,168.0136,61661,107.2875,245,107.76,102.8877,52.6921,367
515,167.4973,62644,108.7,217,108.64,102.9478,54.2474,374
516,168.0803,60677,107.7125,223,107.2,102.6344,52.855,361
517,167.8536,60763,107.2125,224,107.46,103.0249,53.9694,362
518,168.3306,62114,108.4625,224,109.48,102.7991,53.9196,369
519,168.2554,61918,107.5625,222,108.74,102.9652,53.5188,368
520,167.582,61335,107.9,208,108.35,103.4289,53.7975,366
521,167.518,64997,107.475,247,107.47,102.9711,53.1263,388
522,168.1856,60715,107.6,210,108.1,103.1263,53.1211,361
523,168.2474,64607,108.1875,234,108.27,103.2669,53.8344,384
524,168.126,61366,106.975,230,107.96,102.8806,53.6504,365
525,167.3908,62102,107.6,220,108.07,103.0481,53.5988,371
526,168.0708,61682,107.2625,214,108.74,102.9175,53.4099,367
527,168.1213,62373,107.275,233,107.75,102.8892,53.9372,371
528,167.9972,60479,107.9875,230,108.73,103.0536,53.6043,360
529,167.8211,63772,107.525,219,108.05,102.7373,53.979,380
530,168.1798,61722,108.3125,221,107.75,103.1058,53.4761,367
531,168.3799,60280,106.8625,214,107.04,103.0171,53.5816,358
532,168.6173,60365,107.3625,239,107.91,102.682,52.881,358
533,167.5599,64343,107.15,228,108.24,103.8013,53.0346,384
534,169.039,60685,107.55,225,108.55,103.128,52.5804,359
535,169.2486,60591,106.7875,217,107.79,103.0064,53.1193,358
536,167.5665,63005,107.7375,221,108.28,103.4154,53.6598,376
537,168.159,62387,107.2875,231,107.81,103.0812,53.1844,371
538,168.2011,60216,107.0625,226,107.66,102.9525,53.3439,358
539,167.5936,62680,108.375,241,108.56,103.0439,53.0281,374
540,168.1133,60857,107.225,219,107.52,103.5056,53.0066,362
541,166.984,62619,108,233,107.94,102.5908,52.632,375
542,168.5984,62550,107.925,217,108.9,102.7546,52.7156,371
543,167.8139,60413,106.9125,220,107.29,102.8029,52.7089,360
544,168.3589,61451,108.2875,225,107.9,103.1947,53.0329,365
545,168.416,61135,107.725,232,107.68,102.6224,52.5771,363
546,167.6507,62869,106.725,229,107.12,103.4808,53.3319,375
547,167.1864,63698,107.2125,226,107.93,102.855,53.1544,381
548,167.6223,61685,107.2375,215,107.48,102.5371,53.5885,368
549,168.019,61999,107.475,226,107.87,102.8913,52.9862,369
550,167.8528,60427,107.775,219,108.36,102.6435,53.5023,360
551,168.1791,62899,108.225,238,108.17,103.1575,53.9635,374
552,167.812,61587,107.4,227,108.21,103.0344,52.5202,367
553,168.5361,60673,107.0625,220,108.07,103.222,53.6277,360
554,166.232,64498,106.925,216,107.13,102.622,53.2417,388
555,168.3216,62279,107.35,241,107.57,102.8198,53.04,370
556,168.4592,61993,107.7625,221,108.02,102.2028,52.714,368
557,168.6128,60532,107.35,249,108.53,102.5322,52.9145,359
558,167.2161,60365,106.8,216,108.03,102.3888,53.4883,361
559,168.4918,62005,108.1,236,108.11,102.9017,52.8421,368
560,167.3094,60566,107.9875,228,108.48,102.8522,53.7054,362
561,166.836,62063,107.825,222,107.73,103.2302,53.2295,372
562,167.7177,63565,107.8,226,108.17,102.7303,53.5261,379
563,167.7598,60058,108.1875,218,108.61,102.7617,53.7852,358
564,167.1898,62529,107.6625,222,108.14,102.8242,52.8316,374
565,170.2121,61787,107.575,238,108.45,102.6766,52.9205,363
566,168.5211,64038,108.75,232,108.84,102.4122,53.0885,380
567,167.9313,61127,107.6,218,107.93,102.8795,53.138,364
568,167.6284,61352,107.2125,215,107.79,102.954,53.1179,366
569,167.0606,60643,107.4625,226,107.73,102.5634,53.5253,363
570,169.1006,60538,108.675,220,109.26,102.4765,52.9589,358
571,167.0385,60802,108.0875,227,108.01,102.7678,53.2899,364
572,167.7807,64260,107.5625,213,107.94,102.58,52.6829,383
573,167.9258,61125,107.1625,234,108.16,102.7831,54.1246,364
574,167.5139,60305,107.4125,217,107.86,102.6729,53.2819,360
575,168.7563,60246,107.125,223,107.63,102.5077,53.8395,357
576,168.4493,61484,107.75,224,108.17,102.5926,53.6571,365
577,167.104,62664,108.1875,234,107.97,102.5638,53.2827,375
578,166.8392,61230,107.275,226,107.96,103.1062,53.3908,367
579,167.9053,60278,108.2625,219,108.79,101.9793,52.9547,359
580,169.1309,60718,106.9375,220,107.72,102.5888,52.8429,359
581,168.6795,61568,107.2875,228,108.18,102.5337,53.1358,365
582,167.5477,61490,107.1625,235,107.4,102.5739,53.758,367
583,166.9624,62110,107.4125,223,107.74,102.3396,53.4359,372
584,167.9672,61476,107.575,225,108.08,101.6773,53.1985,366
585,167.3866,59757,107.0375,228,107.45,102.4223,53.4101,357
586,168.6257,60368,107.0875,226,108.16,101.8771,53.5472,358
587,168.5122,62181,108.0375,217,108.99,102.2992,54.0204,369
588,166.3358,66867,108.025,215,107.65,102.4748,53.9094,402
589,167.5956,61340,108.125,219,108.6,102.2368,53.8086,366
590,168.3806,60617,107.85,227,108.38,102.1889,53.9174,360
591,167.8123,62594,107.5375,222,107.98,101.9185,54.1745,373
592,168.1055,63712,108.375,234,108.63,101.6879,54.5963,379
593,167.9076,59943,107.95,219,108.61,101.9999,53.7473,357
594,166.3003,63693,107.2125,218,108.69,101.5161,54.4815,383
595,168.0859,60679,106.95,223,107.4,101.3937,54.1795,361
596,168.0376,62510,107.65,218,107.98,101.5134,54.9613,372
597,168.2078,60723,107.9125,230,108.28,101.1634,55.2504,361
598,167.7817,62247,107.6625,224,108.47,101.0023,55.2009,371
599,167.4714,61462,106.9,221,107.32,100.5419,55.3757,367
600,166.2788,62022,107.8625,230,108.49,100.6365,55.5025,373
601,167.9049,61789,107.6125,230,107.67,100.8081,55.4564,368
602,167.8953,60946,107.025,213,107.51,100.7301,54.8229,363
603,167.5707,62839,108.075,216,108.54,100.9338,55.8099,375
604,167.3926,63107,106.925,223,107.87,100.7213,55.561,377
605,167.2426,62047,108.9375,217,108.84,100.1547,55.4736,371
606,167.8698,60601,107.425,232,108.41,99.9586,55.2954,361
607,168.2394,63258,106.9,235,108.04,100.0619,56.0853,376
608,167.8132,61084,107.5625,219,107.62,99.482,56.1538,364
609,168.2861,62939,107.0125,223,108.33,100.246,55.7168,374
610,166.5286,61116,107.35,221,108.58,99.6395,56.3845,367
611,168.3507,61448,108,234,108.19,99.9596,55.6073,365
612,168.3836,61460,108.3625,216,108.25,99.5232,55.9893,365
613,167.7535,60559,107.5875,214,108.72,99.9625,56.9344,361
614,166.4581,63587,107.5625,213,108.8,99.6589,57.8369,382
615,168.4356,61479,107.9,224,107.51,99.2983,57.2235,365
616,166.7165,63519,107.5375,217,107.93,98.7561,56.7035,381
617,167.4916,59962,107.7125,211,108.37,99.1383,57.2157,358
618,168.6189,62389,107.425,230,108.18,99.323,57.3975,370
619,166.2943,63857,107.4,232,108.3,99.9076,57.3887,384
620,166.8391,62231,108.525,233,108.86,98.6861,56.9252,373
621,166.9176,62761,107.8375,241,108.6,99.0596,57.099,376
622,167.3995,62440,107.35,219,108.64,99.127,56.5707,373
623,169.0289,64231,108.3375,224,108.85,98.7739,56.8612,380
624,168.6106,60194,107.7625,225,108.19,99.1007,56.8197,357
625,167.618,63192,106.6875,220,108.35,99.0906,56.903,377
626,167.5913,61506,107.575,221,107.95,99.0082,56.3777,367
627,167.9665,60132,107.25,227,107.99,98.9354,57.3432,358
628,167.9757,62151,107.2125,227,108.26,99.1719,57.1138,370
629,168.2244,60729,107.3875,228,107.67,98.9936,56.9465,361
630,168.2432,61577,107.7375,221,108.37,98.8917,57.9907,366
631,169.1844,60568,108.175,208,108.52,99.341,56.9558,358
632,168.2194,60559,107.4375,223,107.88,99.1414,57.6264,360
633,168.2235,60224,107.5375,214,107.79,99.2956,56.6023,358
634,169.3109,60444,107.625,247,109.12,99.4155,57.0792,357
635,167.0289,63638,107.4625,225,107.57,99.4704,56.9308,381
636,168.0028,60145,107.95,228,108.35,98.44,56.4744,358
637,168.1138,62034,107.7875,224,109.07,98.8357,56.8665,369
638,166.9973,61455,107.125,220,108.05,99.2749,56.8929,368
639,167.52,62820,107.3625,232,108.3,99.1928,56.6809,375
640,168.5028,60661,107.5,237,107.97,99.0446,56.6998,360
641,167.1048,62163,108.75,225,109.5,99.3729,56.9118,372
642,166.5904,62638,107.6375,219,107.55,99.3395,57.03,376
643,167.6648,60527,107.2875,219,108.17,99.2847,56.4778,361
644,166.776,61040,106.975,224,107.75,99.4341,57.08,366
645,166.1557,60813,108.1125,218,108.83,99.4117,56.0625,366
646,167.1452,61008,107.625,217,108.25,99.8142,55.58,365
647,167.4677,62298,106.725,215,108.09,100.2712,56.1177,372
648,166.1524,62141,107.025,212,107.72,100.1684,55.6538,374
649,166.44,62415,107.075,217,108.02,100.1952,55.6013,375
650,167.7151,61216,107.2375,220,107.92,101.0285,55.147,365
651,167.8472,60425,107.375,238,107.95,101.2594,55.1406,360
652,167.2646,63226,108.6875,219,108.51,100.6362,54.6017,378
653,167.048,62643,107.575,212,108.02,101.1964,54.7582,375
654,168.1361,60529,106.7375,216,107.76,100.8385,54.6987,360
655,167.3669,59750,106.8375,223,107.67,101.2712,54.5442,357
656,166.9378,64438,108.325,238,108.06,101.5524,54.3979,386
657,167.373,63267,107.0625,228,108.22,101.1883,54.6422,378
658,167.474,61128,107.1125,232,107.29,101.294,54.9338,365
659,167.7918,61244,107.4875,219,107.62,101.3379,53.8711,365
660,166.6077,60312,107.375,217,108.35,101.486,54.2599,362
661,168.125,61870,107.9375,235,108.83,101.2261,54.3406,368
662,166.6592,59664,107.95,226,108.76,101.7948,54.6771,358
663,167.9721,60134,108.0875,217,107.82,101.5308,53.7319,358
664,167.6948,61544,107.7875,227,107.81,101.4058,53.9302,367
665,165.3568,61182,107.1,226,107.81,101.5421,53.6572,370
666,168.5219,61679,106.9,218,107.59,101.7289,53.8106,366
667,168.375,60615,107.3125,229,108.09,101.6406,53.8701,360
668,167.6322,61521,107,220,107.6,102.2528,53.8597,367
669,166.5547,62458,107.15,226,107.51,102.261,53.5408,375
670,166.9644,60942,107.625,222,108.32,101.9366,53.2427,365
671,167.0981,62996,107.2125,227,107.44,101.6921,53.0446,377
672,167.8743,61442,108.6125,225,109.39,102.0247,53.2132,366
673,167.567,59989,107.7375,222,107.82,102.9435,53.3709,358
674,167.7263,61891,107.55,219,108.37,102.2471,53.5588,369
675,168.6229,60367,108.45,227,109.16,102.3423,53.1924,358
676,168.8128,60435,108.75,226,108.51,102.4039,53.3248,358
677,167.5538,62330,108.0125,229,107.83,102.7597,53.6756,372
678,169.374,61144,107.9875,228,108.38,102.85,53.2783,361
679,167.0159,63132,107.0625,218,107.05,102.95,52.64,378
680,168.0191,61663,107.375,241,107.49,102.5978,53.0925,367
681,167.3973,62774,107.4875,220,107.19,102.9941,53.18,375
682,167.9679,62820,108.15,218,108.23,103.1129,52.5592,374
683,168.2827,64284,108.2125,224,107.95,102.2218,52.9721,382
684,170.0419,60875,106.6375,221,108.21,102.8368,53.4689,358
685,170.0886,61402,107.3875,218,107.98,102.8809,52.7611,361
686,169.765,62134,108.6,233,108.53,102.2744,52.6628,366
687,168.6648,60382,107.2875,220,108.01,102.6505,53.0544,358
688,168.3413,63633,107.25,222,107.53,102.4534,53.3456,378
689,167.8808,61948,107.2875,222,108.16,102.6813,53.3343,369
690,169.0583,60861,108.1375,227,108.14,102.241,53.1157,360
691,167.9944,59974,108.7,223,108.46,102.9425,53.3962,357
692,167.6796,60700,108.2875,226,108.2,103.1085,53.1891,362
693,169.9302,60835,106.0875,235,107.12,102.9468,52.8609,358
694,168.7859,62282,108.2875,227,108.75,103.1788,52.2331,369
695,168.5462,60171,107.625,228,108,102.6504,52.8543,357
696,168.9019,61987,108.0875,220,107.83,102.6887,52.153,367
697,170.5339,62927,107.45,235,107.89,103.5978,52.5846,369
698,168.9893,63202,108.2875,220,107.54,103.6731,52.2316,374
699,168.3536,60944,107.75,222,108.45,103.6277,52.0611,362
700,168.3558,62460,107.6125,232,108.45,104.0866,51.5447,371
701,169.3485,63167,106.95,218,108.63,103.8146,51.5616,373
702,169.1111,60880,106.9125,218,107.96,103.9279,51.5815,360
703,168.5726,63889,107.6375,226,107.96,103.7963,51.9555,379
704,169.8571,61828,108.7875,216,108.33,103.7776,51.4165,364
705,168.992,63541,106.875,225,107.57,103.8704,51.5706,376
706,168.265,61585,106.95,225,107.51,103.9119,52.1806,366
707,170.411,62200,106.4625,221,107.49,103.9664,50.9517,365
708,169.2381,60418,107.875,235,108.7,104.2415,51.2743,357
709,169.4841,64065,107.0875,221,107.81,104.0319,52.1245,378
710,168.9093,63341,107.4875,223,107.75,104.2275,50.848,375
711,169.838,60802,106.9125,220,107.99,104.4521,52.1581,358
712,167.733,64074,107.1375,227,108.26,103.8186,51.4942,382
713,169.3733,62160,107.25,237,107.33,103.956,51.6194,367
714,170.2857,61984,106.9375,243,108.15,103.8279,51.7794,364
715,168.8901,61476,107.075,217,107.79,104.1977,51.0612,364
716,169.663,60909,107.3125,221,107.86,104.0948,51.8806,359
717,168.9847,66411,107.05,223,107.72,104.4458,52.19,393
718,168.8952,62829,106.8125,236,107.78,104.0391,51.6226,372
719,170.1611,61258,107,240,108.14,103.6648,51.7112,360
720,169.3463,61134,107.1375,224,107.78,104.3429,51.376,361
721,170.6139,61421,107.9625,226,107.79,104.2885,51.8554,360
722,168.856,62139,106.9875,224,107.27,103.8763,51.9731,368
723,168.9749,60662,107.3375,226,107.74,103.7143,52.0357,359
724,168.1448,61541,107.6375,216,108.12,103.2832,51.6359,366
725,169.7978,61297,107.1375,219,108,104.0608,52.2009,361
726,169.0644,60356,107.5625,221,108.16,104.0978,51.9708,357
727,169.3507,61813,107.425,222,108.13,103.6725,51.8916,365
728,168.4398,60133,107.8,227,108.15,103.4917,51.3867,357
729,169.6611,61078,107.2875,226,108.3,104.307,51.8309,360
730,169.549,60529,107.0125,226,107.64,103.8996,51.796,357
731,169.4203,61669,107.6375,231,108.23,103.8987,51.8558,364
732,168.673,62409,107.1875,225,107.56,104.0404,50.9799,370
733,169.8177,61474,109,231,109.54,103.7833,52.0695,362
734,169.374,61144,108.1,235,108.03,104.2161,51.9178,361
735,168.5856,61028,107.6125,232,107.99,103.8053,51.6719,362
736,169.4062,60478,107.9,221,107.63,104.1108,51.2516,357
737,169.0744,61374,106.55,218,107.37,103.8631,52.223,363
738,169.5967,61394,107.7625,218,107.62,104.0345,51.7512,362
739,168.7123,60399,107.4625,227,108.04,104.019,52.7978,358
740,168.0191,61495,107.1875,228,108.1,103.542,51.504,366
741,170.0587,60881,108.1,226,107.86,104.1516,52.5404,358
742,168.2591,60405,106.9125,237,107.18,103.4278,51.7155,359
743,168.2361,63425,108.25,237,108.54,104.1199,52.4121,377
744,168.9947,64218,107.5,222,108.24,104.0398,52.3811,380
745,168.1014,61357,107.6,224,108.16,104.0305,51.815,365
746,168.4497,60305,107.6,227,108.26,103.745,52.3564,358
747,166.3842,63226,107.575,216,108.04,103.7087,52.0923,380
748,167.2722,62058,108.2625,234,108.41,103.828,52.8385,371
749,167.2104,61199,107.3625,219,107.5,103.5857,52.203,366
750,168.0652,61848,107.7375,223,108.09,103.7117,52.0549,368
751,168.7973,63299,107.3625,243,107.83,104.0021,52.4531,375
752,168.9235,64022,107.375,223,108.19,103.5206,51.5556,379
753,169.3196,61463,107.2,249,107.53,103.7501,51.966,363
754,170.5789,61579,108.2875,246,108.41,103.4295,52.2741,361
755,170.5552,61741,108.425,223,109.3,103.3403,52.1643,362
756,169.2207,62104,108.0875,230,107.98,103.9726,52.4659,367
757,168.6713,60553,106.8375,224,107.43,103.6444,52.1416,359
758,169.6555,60567,108.0375,238,108.57,103.5983,52.2596,357
759,169.7311,60594,107.325,250,108.11,103.5036,52.2156,357
760,167.9149,65151,107.625,247,108.14,104.001,52.0063,388
761,167.9553,63823,106.9625,239,107.85,103.6577,51.5558,380
762,168.4609,62499,107.6375,221,108.17,103.4185,51.7569,371
763,168.1425,63726,107.05,223,107.42,103.356,52.223,379
764,169.1543,61403,107.675,244,108.53,104.0437,52.0694,363
765,169.7335,61783,107.6,215,107.95,103.8072,51.9554,364
766,168.746,63111,107.5,221,107.97,103.4955,52.3722,374
767,167.3666,62093,107.0375,225,107.97,103.9095,52.4231,371
768,168.1046,62703,106.7375,221,107.54,103.7311,51.9498,373
769,168.8022,61444,108.0125,216,108.34,103.8914,52.0473,364
770,169.8634,62170,106.55,240,107.12,103.4391,51.6449,366
771,169.078,62897,106.6125,227,107.74,103.5119,51.6822,372
772,169.0613,63398,107.1375,260,107.37,103.4618,52.2918,375
773,169.1027,62568,107.75,225,108.4,103.1503,51.7267,370
774,170.1003,61066,107.0875,223,107.84,103.391,52.534,359
775,170.3591,61670,106.375,222,107.54,103.633,52.0622,362
776,170.2055,62125,107.4,224,108.26,103.8338,52.6271,365
777,168.6817,63593,107.775,233,108.19,103.5261,51.8971,377
778,169.1689,63100,107.7,223,107.71,103.3781,51.6412,373
779,169.6341,60729,106.8875,220,108.53,103.646,51.2291,358
780,168.0538,62516,107.575,225,107.82,103.2032,51.8708,372
781,168.3083,62779,106.85,234,107.83,102.8912,52.1386,373
782,169.2099,61254,106.725,218,107.44,103.9366,51.5739,362
783,168.5464,61688,107.0875,227,107.99,103.4224,52.2232,366
784,169.768,61456,108.825,221,108.49,103.3462,51.7994,362
785,167.623,64032,107.4375,219,107.89,103.6246,52.2859,382
786,169.0551,61367,107.5875,242,108.15,103.4467,51.8117,363
787,169.0194,60847,107.2,227,107.89,103.381,51.8918,360
788,169.0887,62901,107.3,223,107.55,103.0322,51.6324,372
789,168.7205,61583,106.3,227,107.7,103.127,51.2905,365
790,167.9642,60971,107.475,221,108.37,102.7021,52.041,363
791,168.5263,60838,107.4125,219,107.49,102.789,51.8061,361
792,168.1559,62554,108.125,228,108.14,102.3582,51.6735,372
793,167.7326,62732,107.1875,225,107.74,102.9482,51.8459,374
794,167.1358,64013,107.675,227,108.63,103.2311,52.163,383
795,168.4533,61317,107.4,222,108.3,102.6484,52.1331,364
796,167.7707,60733,107.725,222,107.78,102.1282,52.0677,362
797,167.9891,61652,107.375,219,107.94,102.6279,51.8788,367
798,169.3288,61805,107.75,228,108.63,101.7679,52.109,365
799,167.4088,60602,107.7375,222,108.4,101.8437,52.6433,362
800,168.2946,62269,107.0875,223,107.27,101.984,52.5344,370
801,168.5266,60164,107.2375,243,108.38,102.1426,52.4529,357
802,168.5353,62021,107.45,237,108.42,101.9809,51.9119,368
803,167.6061,60841,107.2375,228,108.79,102.0395,52.0848,363
804,168.1564,60200,107.45,232,108.51,102.1728,52.1488,358
805,168.0137,61325,107.3125,247,108.06,102.0216,52.6661,365
806,168.3156,60257,107.3625,223,108.11,101.9923,52.6213,358
807,168.4247,61475,107.65,232,108.93,102.1359,53.1375,365
808,168.0307,60155,107.25,244,107.55,102.4863,53.3975,358
809,167.9337,60792,106.6375,215,107.46,102.3829,52.9931,362
810,167.1944,60190,107.25,229,108.53,102.511,51.5864,360
811,166.0351,61433,106.5625,229,106.86,102.2948,53.2115,370
812,167.7437,60220,107.2,225,108.25,102.6288,51.8373,359
813,167.1328,61672,106.825,223,107.03,103.0432,52.1003,369
814,167.0665,60311,107.875,227,107.68,103.0254,51.5917,361
815,165.9525,66381,107.1375,226,107.7,102.5205,51.8185,400
816,167.3895,60595,107.4125,241,107.64,102.8448,52.4122,362
817,167.8942,60274,108.15,224,108.49,103.2762,52.4593,359
818,167.584,60833,107.45,242,107.48,103.2579,52.6695,363
819,166.3579,63216,107.825,224,108.38,103.3721,52.1157,380
820,167.4119,61775,107.25,233,107.85,103.3341,51.8856,369
821,168.5082,61337,107.225,214,109.35,103.3382,51.6312,364
822,167.6962,62383,106.8375,224,107.78,103.5166,51.7913,372
823,166.5095,61442,106.6625,230,107.98,103.5588,52.3947,369
824,166.4852,61766,107.525,230,107.48,103.8614,51.1203,371
825,166.727,59855,106.8875,212,107.83,103.647,51.7993,359
826,167.8384,61261,108.2,223,108.67,103.2264,52.1654,365
827,165.2166,61791,107.825,234,108.12,103.9527,51.8989,374
828,168.174,60879,108.5375,228,108.71,103.7526,51.1803,362
829,165.3747,60031,106.9875,209,107.83,103.6067,51.8144,363
830,166.0852,60455,107.6875,226,108.32,103.7846,51.5355,364
831,167.1236,60833,107.5125,229,108.34,104.0405,51.1362,364
832,166.0635,60115,107.4,222,108.12,103.8917,50.0137,362
833,166.3528,62715,107.1875,215,108.1,104.2727,49.8873,377
834,167.0986,60991,106.825,225,107.38,104.2461,50.1688,365
835,166.4863,60934,106.9375,219,107.88,103.718,48.5655,366
836,165.6605,62951,107.3875,225,108,104.5039,50.1908,380
837,166.4034,59406,107.5625,210,108.15,104.664,49.7666,357
838,166.8548,62070,107.175,224,107.19,104.7763,50.1641,372
839,167.6878,60703,107.3875,236,107.98,104.8754,49.452,362
840,165.084,64878,108.025,231,108.16,104.8299,49.4182,393
841,166.4408,60418,107.2625,244,108.18,104.9255,48.5312,363
842,166.4735,62927,107.6375,217,108.52,104.9898,49.1041,378
843,165.8463,65841,107.15,223,107.31,105.6022,49.2591,397
844,166.6061,60478,107.8375,216,107.81,105.2651,49.1052,363
845,166.3912,64227,107.65,218,106.66,105.9277,49.5351,386
846,167.831,60587,107.9125,239,107.79,105.2655,48.9118,361
847,167.3471,60747,107.85,232,107.71,104.8534,49.0667,363
848,168.2368,60397,107.4125,222,107.7,105.6316,49.0712,359
849,167.9609,60130,108.775,249,108.91,105.5213,48.992,358
850,165.8684,63030,106.55,227,107.42,105.3288,49.2973,380
851,165.6569,62287,107.7625,218,107.67,105.333,49.0987,376
852,166.6387,59490,107.7375,213,107.97,104.6986,50.1985,357
853,166.0081,61423,107.1125,212,107.15,104.5356,49.5744,370
854,166.6032,62143,107.525,229,108.35,104.5396,49.9695,373
855,165.56,62085,107.0625,223,107.6,104.5354,50.1269,375
856,164.6648,59938,106.9875,224,107.84,104.8397,49.6791,364
857,166.8914,59914,107.375,210,108.16,104.1189,50.9224,359
858,166.1425,59479,107.525,217,108.12,104.1965,50.7779,358
859,166.7326,59857,108.8375,228,108.57,102.765,50.6474,359
860,165.7701,59843,107.9625,218,107.81,103.5521,51.8736,361
861,164.9164,61184,107.3,220,107.92,103.9949,51.6153,371
862,165.8298,63347,107.6125,221,107.91,103.9148,51.8372,382
863,166.8099,60552,106.9625,217,107.89,102.6424,51.7694,363
864,165.5118,63060,107.2875,221,107.86,103.4833,52.686,381
865,165.7962,61013,107.9875,230,108.13,103.0643,52.5216,368
866,164.3643,65417,107.45,221,107.44,102.334,51.8149,398
867,165.6813,60308,106.75,211,107.59,103.3064,52.1787,364
868,165.0412,60075,107.675,212,108.46,102.631,52.7664,364
869,165.5123,60412,108.5,219,108.92,102.1466,52.4082,365
870,165.5257,61079,107.9625,214,108.21,102.1986,52.6675,369
871,167.5402,60482,108.0375,225,108.19,102.665,53.6461,361
872,165.3907,60533,107.425,224,107.93,102.1194,53.5075,366
873,165.5286,60749,107.075,213,107.94,101.4109,53.8522,367
874,164.7292,61444,107.3,221,107.98,101.8514,55.1618,373
875,166.5219,60947,108.9125,218,108.41,101.1831,53.6843,366
876,165.3142,60505,106.9375,223,107.4,101.2748,54.2085,366
877,164.9162,62998,107.575,227,108.48,101.2783,54.0239,382
878,166.8944,60082,108.4125,220,108.37,101.5533,54.0271,360
879,165.7596,60668,107.325,217,107.75,101.4139,54.8787,366
880,165.3422,62334,107.15,235,108.45,101.2914,53.975,377
881,164.4132,62477,107.375,211,108.2,101.6223,54.7517,380
882,165.4348,60880,106.8125,230,107.33,101.3921,53.9702,368
883,165.577,59111,107.2375,212,108.4,100.7767,54.3087,357
884,165.7242,59495,108.1375,217,108.46,101.3355,55.0913,359
885,165.2403,59817,107.5375,231,107.94,100.4225,54.4327,362
886,165.1284,60437,108.25,215,108.56,100.7614,55.4164,366
887,165.3003,61657,107.5875,221,108.05,100.4215,56.1533,373
888,164.7479,58815,106.4875,220,107.43,99.2329,55.5325,357
889,164.0553,62341,107.675,218,108.55,99.6893,56.5751,380
890,165.5608,59933,107.625,219,107.63,99.265,55.8038,362
891,165.1528,61602,107.2375,224,108.7,99.3435,56.0521,373
892,165.8583,60870,107.2125,255,107.43,99.2175,56.4708,367
893,165.1137,63899,107.6375,220,108.63,99.1758,56.1624,387
894,164.2742,62917,107.3375,220,108.97,99.0491,56.6484,383
895,165.7339,64139,106.9875,221,108.43,98.5462,56.4589,387
896,166.0744,60285,107.325,229,108.28,98.8271,56.6623,363
897,164.4731,64309,107.675,222,108.4,98.5966,57.0122,391
898,166.0471,59943,108.225,225,108.19,98.7813,56.4568,361
899,164.7447,61944,107.5875,228,107.42,98.3089,56.4222,376
900,166.5442,60289,108.2125,213,107.7,98.6527,56.9394,362
901,165.4866,61892,107.7,245,107.79,98.654,56.5019,374
902,165.5166,59917,107.7625,211,108.17,97.9158,57.1051,362
903,166.2813,59695,107.35,222,108.06,98.0998,57.3066,359
904,165.5417,59595,107.9125,217,108.58,98.2341,56.6986,360
905,165.4255,61042,107.325,217,108.37,98.2834,57.8909,369
906,165.6767,60472,106.85,220,108.01,98.9691,56.5426,365
907,165.5133,62233,107.5875,224,108.49,99.0632,56.1122,376
908,165.0688,62396,107.25,216,107.76,98.7861,56.2892,378
909,166.2268,60839,107.4125,227,107.98,98.811,56.3977,366
910,165.7467,62818,108.6375,217,108.69,98.6337,55.808,379
911,165.5442,59927,107.55,210,108.06,99.3628,56.0431,362
912,165.2486,59159,107.65,223,108.06,99.339,56.6362,358
913,164.399,64280,107.1125,218,108.13,99.6306,56.2789,391
914,163.6091,64462,107.125,210,107.32,99.6839,55.9819,394
915,166.312,59706,107.3125,212,108.11,99.7679,56.159,359
916,166.4693,59596,106.9375,237,107.85,99.2567,55.7506,358
917,165.8375,60199,108.2625,219,108.42,99.8777,55.0233,363
918,165.2587,61972,107.4625,219,108.08,100.5655,56.0094,375
919,164.9813,61703,107.6375,225,107.97,100.734,55.7286,374
920,164.9601,62025,108.225,230,108.58,100.4612,55.3877,376
921,165.7658,60173,107.3625,218,107.74,100.6193,55.5716,363
922,165.8804,61044,108.6,234,108.81,100.6794,55.3626,368
923,165.2995,61822,108.375,224,108.45,100.7741,55.9326,374
924,164.9787,61867,107.575,217,107.71,100.516,55.0003,375
925,165.8543,59210,107.05,226,107.71,101.0259,55.8645,357
926,166.6955,59677,107.125,221,107.88,100.4924,54.9715,358
927,166.3,59868,107.3,217,107.84,101.34,55.6161,360
928,165.2403,59817,108.175,222,108.63,100.8146,55.5851,362
929,165.496,61399,107.775,217,108.32,101.0462,54.1642,371
930,165.8889,61213,106.875,212,107.29,100.8647,54.9089,369
931,165.9315,60565,107.05,236,107.65,101.1136,54.8795,365
932,166.8391,62231,108.1875,223,109.06,100.7513,54.9128,373
933,166.4234,59746,107.2625,217,106.95,101.2013,54.4773,359
934,165.1596,62100,107.075,216,108.59,100.3558,54.5502,376
935,165.7989,61843,108.0125,222,108.67,101.9786,55.0201,373
936,165.648,59302,108.4375,213,109.08,100.1534,54.808,358
937,166.0247,60433,108.275,211,108.11,101.3955,54.5229,364
938,164.8707,62486,107.15,238,108.62,101.0549,54.5764,379
939,165.1684,61773,107.525,237,107.65,100.6229,54.4201,374
940,166.0381,60936,107.125,227,108.31,100.748,54.3226,367
941,164.1108,65152,108.1,214,108.11,100.9291,53.8325,397
942,166.6919,59509,107.5125,221,107.86,101.0253,54.3074,357
943,166.6578,62830,108.525,213,108.87,100.6013,53.9185,377
944,165.2064,61622,107.55,215,107.89,100.6415,54.5444,373
945,166.1906,60161,107.225,219,107.74,101.0064,55.0544,362
946,166.5649,61629,107.45,235,107.95,100.7744,54.4102,370
947,164.6189,60909,107.5875,246,107.72,101.3489,54.7838,370
948,166,60590,106.9,216,107.38,101.261,54.0315,365
949,164.9523,62187,107.2875,234,107.71,101.1282,53.7012,377
950,165.0083,59898,106.8625,233,108.2,101.5374,54.185,363
951,165.2438,59653,107.7125,214,108.06,101.6416,54.3222,361
952,165.1041,65051,107.4375,221,107.92,101.6725,54.2324,394
953,165.3352,59190,106.675,209,107.47,101.4693,53.7667,358
954,166.3038,61865,107.3375,223,107.68,100.992,53.6781,372
955,165.5978,59284,107.65,222,108.5,101.4106,54.1667,358
956,164.7214,59135,107.1,225,108.11,100.7625,54.2811,359
957,165.433,59225,107.6375,227,107.65,101.5212,54.5263,358
958,165.7827,59516,108.0375,213,108.74,101.4299,53.1595,359
959,165.5722,61924,107.1875,215,107.56,101.4494,54.2377,374
960,164.1117,61706,107.025,220,108.25,101.8437,54.1035,376
961,165.6833,59646,107.5,223,108.05,101.8619,53.3222,360
962,165.6135,61277,107.35,204,108.13,102.8072,53.0324,370
963,165.2351,61137,107.95,226,107.96,102.4886,53.0497,370
964,165.8324,59368,107.375,237,107.62,102.2068,52.3721,358
965,166.346,61049,107.575,239,107.58,103.1137,52.4285,367
966,164.9173,63823,107.675,227,107.91,102.6378,52.7189,387
967,165.986,59423,108.2625,221,108.03,103.1287,52.824,358
968,165.831,59865,106.9625,231,107.57,103.2498,52.1692,361
969,165.3968,62520,107.9875,216,108.6,102.8025,52.7381,378
970,165.5027,60243,107.3875,219,107.68,102.9408,52.2067,364
971,166.8599,59569,107.5375,232,108.31,102.8632,51.618,357
972,164.9514,61032,107.2,218,107.72,102.5653,53.158,370
973,165.7812,59847,107.0625,234,107.16,103.307,52.6677,361
974,165.2888,60661,107.8125,221,107.68,103.5155,51.3896,367
975,166.5,59607,106.8875,235,106.91,103.021,51.7971,358
976,165.1003,62573,107.775,235,107.78,102.709,52.4193,379
977,165.5699,61592,107.1875,221,107.45,102.4184,52.0357,372
978,166.5702,60465,107.2125,213,108.22,102.6801,52.2763,363
979,166.2626,62681,107.8125,222,108.43,102.1312,52.2036,377
980,166.6072,59812,107.725,220,108.8,102.355,52.0924,359
981,166.4626,60093,108.4625,217,108.7,102.6818,51.9963,361
982,167.0381,61303,106.85,226,107.42,102.6561,52.0982,367
983,166.3945,60734,108.9125,228,108.49,103.0086,52.0076,365
984,167.0579,60642,107.875,224,108.65,102.825,52.5486,363
985,166.5499,61790,107.4125,243,108.42,102.3814,52.066,371
986,164.5833,65175,107.35,218,107.1,102.4157,52.4015,396
987,165.0864,63063,107.2875,220,108.41,102.7716,51.7689,382
988,166.3149,60206,107.025,212,108.31,102.6881,52.4623,362
989,167.3529,59745,108.975,218,109.07,102.6496,52.4277,357
990,166.7994,59881,107.95,225,108.16,103.005,52.5467,359
991,166.1215,60136,106.8625,229,108.24,103.0675,52.45,362
992,165.989,60088,107.275,214,108.06,102.8385,52.453,362
993,166.2139,59837,106.9375,215,107.94,102.2169,52.2155,360
994,166.2181,62498,108.325,220,107.81,102.4831,51.9719,376
995,166.9144,62426,107.65,238,107.48,102.5971,52.0439,374
996,165.3934,60534,106.85,216,107.81,103.0196,53.2775,366
997,165.9404,61232,107.5875,233,107.92,102.6389,52.2327,369
998,166.1884,59994,107.925,235,107.8,102.5922,52.9097,361
999,165.9091,60225,107.8125,212,108.5,102.6397,52.2531,363
1000,165.2562,59988,107.6875,222,108.73,102.1572,51.5588,363
1001,166.0272,61098,107.7125,210,108.41,103.2686,53.0009,368
1002,164.9593,60870,107.6875,210,108.04,102.8165,51.7747,369
1003,165.6841,63457,107.725,214,108.47,102.6545,52.0134,383
1004,165.7892,61342,107.0875,217,107.89,103.2758,52.0205,370
1005,165.5291,59756,107.6,220,107.32,102.9208,52.0515,361
1006,163.4615,65875,107.1125,217,107.86,103.1027,53.1999,403
1007,166.6156,59815,107.9125,220,107.89,102.9022,52.3496,359
1008,166.1496,59980,108.9375,219,109.73,103.2246,52.1129,361
1009,165.6995,62303,107.1125,215,107.88,103.4295,51.6999,376
1010,166.8575,59735,107.2,219,107.97,103.1646,51.4426,358
1011,164.4649,60852,107.95,219,108.47,102.8874,51.778,370
1012,166.2263,59509,106.75,224,108.04,103.0213,50.6882,358
1013,165.7534,61163,107.3,237,107.84,103.2307,51.5778,369
1014,165.1,61087,107.5125,208,107.67,103.1528,51.3195,370
1015,164.5695,61549,107.5125,208,107.98,103.5492,52.2535,374
1016,166.5112,59611,108,221,108.09,103.4753,51.3353,358
1017,166.078,59622,108.2875,226,108.16,102.9985,51.3519,359
1018,164.6461,61413,107.65,228,107.54,103.6119,51.8633,373
1019,165.6199,61445,107.375,217,107.61,102.9072,51.9219,371
1020,165.1257,59115,107.2,218,107.29,103.2488,51.4027,358
1021,166.1803,60822,107.35,221,108.04,103.0215,51.7468,366
1022,165.5027,61236,108.3625,214,108.82,103.1086,52.087,370
1023,165.6194,59623,107.275,225,108.41,102.8887,51.5147,360
1024,165.6471,61952,107.425,212,107.89,103.4937,51.7653,374
1025,165.6294,60786,107.1625,224,107.95,103.1683,51.1527,367
1026,165.2386,61634,107.5,216,107.85,102.544,51.1094,373
1027,165.5863,60439,107.475,213,107.96,102.7926,51.0381,365
1028,165.2437,58992,107.625,208,107.59,103.5225,51.6426,357
1029,164.9629,62191,107.6,223,107.78,103.0881,51.9409,377
1030,165.3942,62519,106.8875,216,108,103.4775,51.8506,378
1031,166.1504,59648,107.75,229,107.78,103.1782,51.103,359
1032,165.2072,59805,107.4625,216,108.44,102.974,51.3688,362
1033,166.7044,60347,108.3625,220,108.9,103.605,51.6297,362
1034,165.9677,61740,108.2375,225,108.04,103.1075,51.7151,372
1035,166.5234,60448,108.0375,231,108.68,103.1293,51.4573,363
1036,166.0658,60614,107.8875,232,108.39,103.027,51.5459,365
1037,164.8685,60177,106.8875,222,108,103.0589,52.6266,365
1038,166.1381,60142,107.7375,219,108.37,102.8204,51.1763,362
1039,165.521,59091,107.8625,219,108.33,102.8887,51.2837,357
1040,165.3085,60007,108.25,210,108.23,102.5095,50.9445,363
1041,164.7135,62097,106.625,221,108.23,103.0796,51.5371,377
1042,164.3486,64589,107,212,107.29,102.6291,51.3297,393
1043,165.3778,59536,107.525,216,108,103.3359,51.8007,360
1044,166.4222,59912,107.725,221,108.3,102.5095,51.4446,360
1045,164.1818,63210,107.475,225,108.08,102.9533,51.8296,385
1046,165.2275,62456,108.0125,214,108.08,102.862,52.2374,378
1047,165.1315,60273,107.8,214,108.93,103.3033,51.4025,365
1048,165.346,60682,107.25,224,108.28,102.9456,51.6287,367
1049,164.3225,60635,107.6625,218,107.31,103.1844,51.1123,369
1050,165.6297,61283,107.5,230,108.18,102.7925,50.152,370
1051,164.3159,59811,108.65,222,107.52,102.917,51.9949,364
1052,165.6071,60281,107.8375,219,108.57,103.4302,51.269,364
1053,164.7728,63108,107.225,216,108.56,102.7048,50.9241,383
1054,164.6667,61750,107.1375,214,108.49,102.3462,50.7763,375
1055,165.2807,60658,107.425,213,108.36,102.6169,52.2143,367
1056,166.6942,60510,106.575,209,108.03,102.5457,51.343,363
1057,163.8167,60776,107.35,210,107.8,102.9967,51.5034,371
1058,166.3719,60393,107.7125,230,107.96,102.4226,51.3496,363
1059,166.1821,59327,107.525,222,108.16,102.5863,51.4371,357
1060,165.4863,60237,107.95,223,107.79,102.5645,51.2453,364
1061,166.4211,60078,108.0625,212,108.44,102.5256,51.4048,361
1062,165.7703,59180,107.0875,214,106.75,102.2089,51.3155,357
1063,164.3585,60977,108.075,219,108.43,102.5265,50.5539,371
1064,165.374,59700,107.8375,216,108.26,102.518,51.6671,361
1065,164.931,62179,107.6,230,108.41,102.6723,51.7135,377
1066,165.8663,62034,107.45,213,107.92,102.5729,50.4237,374
1067,165.9515,61568,107.5,236,108.44,102.9057,50.8325,371
1068,166.3306,59879,107.225,212,107.99,102.7265,49.7838,360
1069,167.1108,60327,106.925,219,107.89,103.109,49.7954,361
1070,164.7493,61122,107.0625,240,107.97,103.8294,49.6841,371
1071,164.9451,60040,107.6,230,108.16,103.5086,48.8725,364
1072,165.8116,59858,107.025,223,108.05,104.4323,48.1641,361
1073,165.3862,62516,106.8625,219,108.17,104.311,48.6597,378
1074,166.3629,60057,107.8375,233,107.91,104.9286,46.8997,361
1075,165.9785,61744,107.6,249,108.64,104.6692,46.7368,372
1076,164.4586,59534,108.375,216,108.11,105.1929,46.8722,362
1077,164.1716,61236,107.575,215,107.74,106.0176,46.571,373
1078,165.7322,60658,107.7375,224,108.11,105.7588,46.1307,366
1079,165.2198,60140,107.175,215,107.99,106.458,46.1084,364
1080,165.673,60802,107.425,217,107.55,106.4875,45.9798,367
1081,165.8715,59382,106.825,205,108.56,106.8992,45.187,358
1082,166.0701,63937,107.1375,226,107.58,106.9907,44.9291,385
1083,165.6154,60284,107.5125,228,107.97,107.6642,44.8633,364
1084,165.8383,61526,107.475,211,108.25,107.2467,44.5449,371
1085,166.7403,60360,107.275,228,107.92,108.2297,44.4658,362
1086,166.7193,61186,108.0625,222,108.2,107.3018,44.9389,367
1087,163.7432,60585,107.5375,218,108.47,107.4979,44.4608,370
1088,164.118,61216,107.6125,224,107.38,107.7554,44.7381,373
1089,166.1433,60310,107.8625,219,107.93,108.1715,44.1645,363
1090,165.0108,61219,107.4875,240,107.75,107.843,43.8696,371
1091,165.376,59370,107.625,210,106.68,107.5866,44.0388,359
1092,165.0325,60897,107.925,215,107.66,107.7967,44.0127,369
1093,164.9947,62203,107.3,227,107.97,107.6739,44.7522,377
1094,164.9519,61692,107.0125,212,107.47,107.4875,43.7977,374
1095,166.6366,60989,107.4875,223,107.88,107.3956,44.2595,366
1096,165.9415,62394,108.4375,225,107.84,108.0454,44.1463,376
1097,165.1453,59122,107.65,213,107.81,107.3916,44.2454,358
1098,164.5383,60221,107.125,211,107.32,107.7231,43.9935,366
1099,164.888,63317,107.275,217,107.43,108.1161,44.0943,384
1100,165.3934,60534,107.225,227,108.71,107.037,43.9415,366
1101,165.1277,62088,107.4125,208,107.95,107.8513,44.8243,376
1102,165.8492,59374,107.025,216,108,107.6142,43.9176,358
1103,165.7318,59332,107.5,213,108.39,106.8588,43.9291,358
1104,164.1952,61409,106.5625,240,108.04,107.1429,43.9885,374
1105,165.9832,59256,107.3625,215,107.77,107.7059,43.8939,357
1106,165.0889,59432,107.875,217,108.21,107.4478,44.4527,360
1107,164.8172,63125,107.4375,213,107.32,106.9854,44.5121,383
1108,164.6862,61922,107.6125,225,108.26,106.71,44.3365,376
1109,163.6269,64469,107.4125,216,107.84,106.6239,44.9704,394
1110,164.1675,63697,107.7,209,108.27,107.0043,44.8737,388
1111,164.6774,61260,107.4625,220,107.88,107.2527,45.1881,372
1112,165.3145,61497,107.875,229,107.52,106.8949,44.7013,372
1113,165.2639,59495,106.9,222,107.63,107.0468,45.6051,360
1114,164.3171,60633,107.45,222,107.62,106.8078,45.511,369
1115,166.3452,60716,108.2625,221,107.93,107.1013,45.5293,365
1116,164.3979,62800,107.6,211,108.14,106.7364,45.6341,382
1117,166.7031,59513,107.55,220,107.99,106.1538,45.1507,357
1118,165.6361,59629,106.725,228,107.37,107.1533,44.8573,360
1119,163.9844,63134,107.3,231,107.93,106.5709,45.8816,385
1120,164.6263,61241,107.4625,218,108.4,106.7475,44.5496,372
1121,165.7209,61151,107.1125,215,107.79,106.4529,45.5325,369
1122,164.752,62441,106.375,235,107.44,105.8802,45.7924,379
1123,165.4266,59719,106.7875,228,107.56,106.3731,45.4517,361
1124,164.6033,60574,107.3125,239,108.51,106.0422,45.6596,368
1125,165.3113,62653,106.1,216,107.83,106.5136,44.73,379
1126,165.0027,60391,108.0625,222,107.5,106.4714,45.9737,366
1127,165.2308,60144,107.4625,227,107.75,106.3498,45.5437,364
1128,164.4503,62820,107.225,226,107.4,106.6243,45.8311,382
1129,164.7045,62423,108.0625,224,107.23,106.6165,45.6734,379
1130,165.7805,61173,108.4,233,108.2,106.7543,45.2542,369
1131,166.5124,60444,107.0875,221,108.18,106.5432,45.66,363
1132,164.2568,60775,107.075,237,107.62,106.9543,45.0969,370
1133,163.6152,64628,107.9875,220,107.68,106.2925,46.1507,395
1134,164.1863,59928,107.5125,221,107.51,106.0914,45.8007,365
1135,166.4106,59575,107.1125,221,108.2,106.4447,45.3084,358
1136,165.9972,60091,106.9375,214,107.69,107.004,46.0228,362
1137,164.6516,61909,107.2375,213,107.73,106.2616,46.5069,376
1138,164.9022,59035,107.475,216,108.09,106.3228,46.5431,358
1139,165.7202,59825,107.25,236,108.42,106.3854,45.8872,361
1140,165.2168,60965,107.2,216,108.02,105.8713,45.7515,369
1141,164.9262,60363,108.025,217,108.14,106.4666,45.7194,366
1142,165.3343,59355,107.5375,226,108.56,106.1222,46.0826,359
1143,164.6911,60771,107.1875,220,107.68,105.6193,46.4768,369
1144,164.9397,60203,107.4375,218,107.86,106.2903,45.9487,365
1145,165.1737,58967,107.425,232,109.26,106.355,46.1007,357
1146,164.8043,61472,107.1125,220,108.13,105.7384,46.2407,373
1147,164.2989,62105,107.15,224,108.1,105.9455,46.6886,378
1148,164.7836,62453,107.5,215,108.36,105.0551,45.9708,379
1149,163.3144,65979,106.6875,229,108.18,105.705,46.6987,404
1150,164.1111,63511,107.7875,220,108.18,105.2633,46.4897,387
1151,164.6694,60763,106.65,231,108.15,105.747,46.1588,369
1152,165.3287,59353,107.1875,218,108.28,105.4981,46.2608,359
1153,165.4932,60736,107.35,215,107.24,104.9064,46.36,367
1154,163.7889,62076,107.7125,224,107.62,105.5062,46.8226,379
1155,166.4111,59908,107.2375,246,108.1,105.3889,46.8121,360
1156,164.8398,59672,108.225,218,107.68,104.7299,46.5863,362
1157,163.9367,62132,106.4125,206,107.94,104.4203,47.3227,379
1158,164.9258,60033,107.15,230,107.92,105.0032,47.377,364
1159,163.3307,62229,108.225,216,107.4,105.01,46.9786,381
1160,164.8482,60829,106.975,219,108.1,104.9529,47.5898,369
1161,164.3601,59334,107.3125,219,107.87,105.1036,47.1138,361
1162,164.4211,62480,106.2875,232,108.32,104.9001,46.9852,380
1163,166.6173,59649,107.5875,226,107.5,105.0746,47.1256,358
1164,165.0352,60898,107.7625,214,107.84,105.0782,47.7037,369
1165,165.4875,59410,107.6,220,107.25,105.2205,47.249,359
1166,164.1946,60752,106.975,228,108.52,104.6359,48.0065,370
1167,164.6777,59778,107.0125,233,107.25,105.081,47.2943,363
1168,163.9249,63275,107.325,212,108.31,105.484,47.5989,386
1169,165.9058,59892,108.15,224,108.1,105.3939,47.9789,361
1170,164.1135,60722,107.5,223,107.94,104.9855,47.8139,370
1171,164.9128,60523,106.3375,222,107.99,104.7467,47.5106,367
1172,164.5374,59398,106.6625,228,107.74,105.1684,48.0185,361
1173,166.0896,59294,107.4875,230,107.62,105.1421,48.0705,357
1174,163.8515,58495,107.35,212,108.08,104.9409,47.6991,357
1175,163.5729,62812,106.9875,224,107.87,104.4242,48.4085,384
1176,165.1706,62930,107.7875,221,108.1,104.1889,48.5945,381
1177,164.732,59633,107.275,218,107.61,104.0738,49.392,362
1178,165.2591,59328,106.875,221,107.3,104.499,49.4106,359
1179,163.5188,60829,106.7875,215,108.11,104.6325,50.0026,372
1180,164.9704,61204,108.0375,255,107.8,103.971,49.663,371
1181,164.6902,60606,106.975,217,108.01,103.7878,49.8775,368
1182,164.31,60959,107.1125,207,107.58,103.7722,50.9436,371
1183,165.4451,60222,107.125,217,107.69,103.774,50.2978,364
1184,164.241,59291,107.3625,221,107.73,103.5255,51.0602,361
1185,165.4426,60552,108.5125,212,108.85,103.6323,51.1142,366
1186,164.5112,65969,107.325,226,108.17,103.2195,50.9764,401
1187,164.7696,60800,106.7875,226,107.45,103.6459,51.1565,369
1188,164.7606,61950,107.575,224,107.38,103.0168,50.9038,376
1189,164.7185,61440,108.4,230,108.77,103.3209,50.9198,373
1190,164.519,60543,107.5125,218,107.8,102.6586,51.1796,368
1191,164.9861,59230,106.9375,213,107.96,103.2795,51.2889,359
1192,164.6958,62255,107.225,216,107.97,102.767,51.5012,378
1193,166.3306,59879,107.4,215,107.26,103.4809,51.6482,360
1194,165.4093,60209,107.15,210,107.36,102.9757,51.0521,364
1195,166.139,60973,107.6,219,108.05,103.0847,51.7649,367
1196,165.5768,61429,106.825,233,107.78,103.7545,51.9237,371
1197,166.2818,60194,108.025,222,108.1,103.2771,52.0545,362
1198,164.9651,61532,107.5125,216,108.35,102.6927,51.7362,373
1199,164.8997,60848,107.375,223,107.59,102.9267,52.2195,369
1200,165.0184,62707,107.375,215,108.26,102.4087,52.8501,380
1201,165.9191,61556,106.825,214,108.1,102.5521,52.5515,371
1202,163.9947,62154,106.85,217,107.7,102.8847,53.1952,379
1203,167.3573,60416,107.5125,238,107.26,102.5759,51.9942,361
1204,165.7127,59988,108.325,220,107.77,102.8143,52.2537,362
1205,166.0331,60104,107.9125,216,108.21,103.0759,52.6297,362
1206,166.4795,60765,106.65,222,107.62,102.9101,52.1043,365
1207,166.3416,60382,107.8625,226,108.01,101.9988,52.2154,363
1208,164.4959,60370,107,214,108.02,102.3708,53.0906,367
1209,164.9508,60372,108.5125,236,108.47,102.3701,52.8096,366
1210,164.1105,62362,107.275,217,107.82,102.0069,53.6659,380
1211,164.9892,60881,107.2875,221,108.1,102.133,53.3694,369
1212,165.063,60248,107.6125,219,107.61,101.5971,53.8613,365
1213,165.407,61366,107.4125,215,107.76,101.4731,53.8636,371
1214,164.1775,62880,107.5875,220,107.71,101.3073,54.823,383
1215,164.0214,61180,107.4625,215,108.18,101.4774,54.9589,373
1216,165.3492,59195,108.3,222,108.61,100.9621,54.2584,358
1217,166.0642,59451,107.975,217,107.61,101.0754,54.881,358
1218,165.7031,59156,107.6,217,107.78,101.1324,54.3962,357
1219,165.9947,62248,107.5,219,107.94,101.0283,56.3744,375
1220,165.7215,62477,107.9,221,107.76,100.3611,55.4504,377
1221,165.0166,59736,106.9375,222,108.1,100.8036,56.1425,362
1222,163.0025,65364,106.925,215,106.97,100.7807,55.7136,401
1223,165.1417,60607,106.9875,214,108.08,100.2988,55.5221,367
1224,165.1828,59631,107.3375,226,108.18,100.3603,56.5201,361
1225,165.3261,60840,107.75,217,107.87,99.5732,57.3063,368
1226,164.6995,60280,107.6,218,108.51,98.9369,56.3504,366
1227,165.5928,59779,107.8,227,108.58,98.6332,57.2552,361
1228,163.9781,60016,107.7,220,107.74,98.3479,57.5136,366
1229,165.3109,59016,107.05,223,108.07,98.6299,57.8781,357
1230,164.2216,60762,107.6875,217,108.3,98.5846,57.535,370
1231,165.5209,59422,105.925,219,107.74,98.9256,57.6131,359
1232,165.7158,60652,107.5125,221,108.26,98.5914,57.0315,366
1233,165.2778,62475,107.375,212,107.55,99.1533,58.3763,378
1234,164.2253,59778,107.0875,218,107.66,98.4108,57.535,364
1235,165.3619,59861,108.175,223,108.7,98.6085,57.3096,362
1236,164.3557,58675,107.8375,214,108.56,98.3464,58.1181,357
1237,165.3677,59367,108.0125,218,108.51,98.5699,58.4628,359
1238,164.0106,61832,107.45,221,108.14,98.9878,58.1333,377
1239,165.3667,59532,107.5875,219,107.83,98.7748,58.4982,360
1240,164.6721,60270,107.6,215,108.45,98.7137,58.6116,366
1241,165.5361,59593,107.4875,215,107.8,98.4916,58.1497,360
1242,164.2765,58811,107.475,213,108.63,98.7236,58.6912,358
1243,163.8708,63418,107.2625,228,108.19,98.8089,59.1786,387
1244,164.5734,59411,107.525,207,108.34,99.0634,58.6493,361
1245,164.1478,61063,107.6,225,108,98.0701,57.5178,372
1246,163.5505,61495,107.9375,243,108.49,98.9512,58.5641,376
1247,163.8269,59633,107.675,220,108.62,99.1511,58.5288,364
1248,164.2345,60931,107.525,205,107.93,98.8622,58.164,371
1249,163.4711,62119,107.2625,230,108.68,98.4316,58.1956,380
1250,163.6178,62502,107.3625,219,108.31,98.5775,57.426,382
1251,163.4442,62926,107.65,226,108.32,98.9371,57.6383,385
1252,165.1216,61095,108.4125,218,109.59,98.4921,58.02,370
1253,163.233,62355,108.1125,221,108.58,98.9766,57.8346,382
1254,164.3333,58667,107.775,211,107.91,98.6882,57.1191,357
1255,164.9328,58881,107.825,212,108.53,98.4384,57.1297,357
1256,164.0372,61678,106.9875,220,108.17,98.6214,57.4049,376
1257,162.8329,64319,106.4125,222,107.99,98.3655,58.096,395
1258,164.011,59864,107.9,220,108.33,98.8493,58.4091,365
1259,162.8448,63998,107.7625,233,107.83,98.4122,57.342,393
1260,163.7408,62549,107.6,223,107.49,98.4907,57.5228,382
1261,163.8844,60965,107.9,222,108.36,98.6542,58.2695,372
1262,165.0784,58933,107.4125,209,107.55,99.3857,57.7357,357
1263,163.8276,61763,107.4875,221,108.28,98.2344,57.3217,377
1264,164.1798,60254,107.2,211,108.3,98.8332,56.9858,367
1265,163.9666,58864,107.2375,223,107.82,98.4041,57.4306,359
1266,163.2775,62372,107.0875,218,107.4,98.8875,57.6206,382
1267,163.9973,59859,107.9,221,107.23,99.0506,56.8978,365
1268,164.5792,63363,108.3375,213,109.25,98.8559,56.7253,385
1269,163.8757,61945,107.6125,212,108.3,99.4196,55.9649,378
1270,164.6045,59093,106.925,232,107.4,99.1614,56.4122,359
1271,164.3361,59161,107.325,228,108.42,99.7152,55.7134,360
1272,164.1973,60753,107.725,212,108.88,99.7089,55.994,370
1273,164.9134,59039,108.0625,225,108.49,99.7132,56.5341,358
1274,163.016,60968,108.1125,214,108.11,99.7228,55.8084,374
1275,164.8683,58858,107.6,211,107.72,99.4254,55.9578,357
1276,163.3386,62232,107.5,215,108,99.4139,56.6163,381
1277,164.5278,59230,107.2875,237,107.55,99.9709,56.1443,360
1278,164.9919,61212,108.4625,216,108.41,99.6071,56.4969,371
1279,163.2318,62681,107.1875,214,107.63,100.0354,57.0359,384
1280,164.0529,62012,107.4875,216,107.56,99.8895,55.2897,378
1281,165.338,59191,107.725,222,108.03,99.4273,56.5807,358
1282,162.8096,64147,107.6125,220,108.29,99.3531,56.2796,394
1283,163.9051,60481,107.575,208,108.36,99.8364,56.1665,369
1284,164.4027,61651,107.4875,225,107.66,99.5345,55.9529,375
1285,163.6508,58587,107.075,220,108.13,99.2802,56.4532,358
1286,164.5599,59077,106.6375,226,107.53,99.7431,56.2243,359
1287,163.5399,61491,107.625,221,107.58,99.4668,56.359,376
1288,165.4745,61722,107.3,217,108.11,100.244,54.5639,373
1289,163.3368,62558,106.8875,215,107.78,99.4837,55.5568,383
1290,163.6816,62199,107.3125,209,108.53,100.9639,55.5712,380
1291,163.4777,58525,107.775,213,108.01,100.4308,55.7803,358
1292,165.7609,61000,108.675,225,109.59,99.967,55.3695,368
1293,163.8038,60116,108.575,207,108.62,100.4177,55.7556,367
1294,163.239,59419,107.425,220,108.2,99.8993,55.6346,364
1295,163.7263,60415,105.8625,213,107.63,99.8214,54.5008,369
1296,163.474,59668,107.45,221,107.76,100.328,54.6975,365
1297,163.8315,60290,106.975,221,108.68,100.1421,54.4805,368
1298,163.395,58332,107.225,207,107.64,100.6486,55.1571,357
1299,163.4251,59977,107.8,213,108.22,100.1984,54.7996,367
1300,164.2452,60278,107.4,232,107.59,100.7156,55.0036,367
1301,163.7123,58609,107.7625,221,107.64,100.5242,53.9628,358
1302,163.56,61335,107.1875,210,108.02,101.1585,54.3378,375
1303,163.5881,60364,107.4,222,107.92,100.9456,54.0457,369
1304,164.3216,60799,107.4875,213,108.02,101.1408,53.984,370
1305,163.5602,62480,107.3375,219,107.96,100.9222,55.1091,382
1306,163.8447,60131,107.075,217,107.91,101.1634,54.0952,367
1307,163.7521,59442,107.7375,213,108.34,101.0587,53.792,363
1308,163.6366,63491,106.4625,226,107.44,101.2142,54.1215,388
1309,163.6676,59575,108.0625,216,108.71,101.6032,54.2483,364
1310,163.5789,59052,107.0125,203,107.55,101.4111,53.9858,361
1311,164.1501,61228,106.6375,211,107.11,101.552,53.6581,373
1312,163.8549,62101,108.225,215,108.97,101.3769,54.0954,379
1313,163.4674,62608,107.5,209,108.47,101.8468,53.8496,383
1314,164.2417,59127,107.8625,229,109.15,101.5853,53.4287,360
1315,164.5722,60398,107.475,209,108.15,100.8764,53.5449,367
1316,165.1421,60442,107.275,214,109.05,101.0696,53.883,366
1317,163.3407,59456,106.675,220,107.58,101.5808,53.3497,364
1318,164.4301,60017,106.9125,213,108.07,101.2283,53.2251,365
1319,163.7411,60093,107.15,241,107.79,101.1541,53.8813,367
1320,163.4766,62775,107.4875,208,107.92,101.1227,54.2711,384
1321,163.8533,60298,108.375,219,108.77,101.5569,54.396,368
1322,164.0027,59861,107.325,213,108.57,101.0724,53.227,365
1323,164.5387,61702,107.2625,226,108.02,101.2046,52.9779,375
1324,163.6842,59090,107.1625,215,107.3,101.4149,52.9533,361
1325,163.4223,63081,107.4875,210,107.56,101.1803,53.1194,386
1326,163.2853,63518,108.15,216,107.59,101.2628,53.9233,389
1327,165.0027,60061,107.0125,216,107.79,101.8718,53.1841,364
1328,163.723,59104,106.5375,213,108.02,101.1561,54.0798,361
1329,163.9746,64442,106.9625,243,108.11,101.1092,53.3048,393
1330,164.0902,60057,107.475,217,108.42,101.7334,53.8004,366
1331,163.7908,60275,108.3875,218,108.4,101.3917,54.0183,368
1332,163.8306,60945,107.65,219,107.88,101.6616,53.8199,372
1333,163.6965,60404,107.1125,231,108.24,101.2745,54.2797,369
1334,164.2791,60619,107.925,214,108.42,101.1166,53.9948,369
1335,164.9454,60370,107.225,220,108.16,101.0773,52.7325,366
1336,164.1952,61409,107.2,208,108.3,101.0893,54.3165,374
1337,163.6206,60376,107.8875,215,108.8,101.252,54.0512,369
1338,163.6102,60863,108.075,218,108.48,100.6263,54.6665,372
1339,164.7989,58998,106.925,210,107.84,101.1177,54.6701,358
1340,165.2351,63946,107.875,210,108.7,101.0589,53.7252,387
1341,164.7424,59472,106.925,222,107.32,100.2549,53.0849,361
1342,163.1724,61516,107.05,214,107.96,100.8325,54.0769,377
1343,164.5173,61694,107.75,232,108.41,100.4259,54.1247,375
1344,164.8825,60347,107.1,232,107.36,100.9943,54.4571,366
1345,164.7513,61617,108.2625,206,109.36,100.9784,54.6914,374
1346,165.1776,60455,107.9625,222,108.04,100.8146,54.4612,366
1347,164.7445,59967,107.1125,229,107.63,101.207,54.5603,364
1348,163.4444,60311,106.925,216,108.07,100.7866,54.234,369
1349,163.7112,61228,108.0625,221,108.18,101.092,54.3184,374
1350,163.6622,61046,107.15,216,107.5,101.2462,53.7706,373
1351,165.2548,59657,107.5375,215,107.57,101.1781,54.7638,361
1352,163.7602,60100,107.45,218,107.95,101.2769,55.2458,367
1353,164.1823,59434,107.2,224,107.8,100.0432,53.7616,362
1354,163.3723,61428,107.475,202,108.22,100.5637,54.877,376
1355,165.7787,59183,107.6,219,107.29,101.0379,54.4979,357
1356,164.1181,59739,107.25,222,107.53,100.8587,54.6432,364
1357,163.2048,61365,107.1125,232,107.49,100.9865,55.1982,376
1358,164.8709,60013,107.2375,213,107.35,101.004,55.1527,364
1359,164.0877,59892,106.7875,219,107.42,101.1975,55.0643,365
1360,164.5278,59230,107.35,217,108.24,100.9756,54.3439,360
1361,163.6096,61190,107.125,214,107.99,100.421,54.5745,374
1362,164.7836,60146,107.375,210,107.57,100.5161,54.3826,365
1363,163.7175,59102,108.425,222,108.25,100.8668,54.4561,361
1364,163.6951,59585,107.75,214,108.08,100.7373,54.2535,364
1365,164.1344,61058,107.85,211,108.71,101.4211,54.4189,372
1366,164.5389,59234,107.425,213,108.14,101.4549,53.5176,360
1367,164.7967,60810,106.675,221,107.2,101.979,53.8643,369
1368,164.1697,62877,107.95,217,108.2,101.621,53.1895,383
1369,165.3073,61329,107.5,223,107.95,102.22,53.2774,371
1370,164.7326,59139,106.925,216,107.13,101.2517,52.7772,359
1371,163.7642,63213,107.3125,228,108.28,102.1377,52.7151,386
1372,164.8347,58846,106.9,214,107.74,101.5531,53.4116,357
1373,164.739,59965,107.275,229,108.58,102.2386,53.5931,364
1374,164.7616,60138,107.125,211,107.65,102.0418,52.7762,365
1375,165.5028,59912,107.525,219,107.86,102.0188,53.1464,362
1376,164.6171,59756,106.875,235,108.08,101.6469,53.0741,363
1377,164.1845,61405,107.875,205,107.93,101.664,53.7412,374
1378,163.5909,61183,107.475,213,108.1,102.0684,53.1686,374
1379,164.9302,59045,107.9,209,107.98,102.3745,53.0909,358
1380,165.7711,60838,107.425,224,108.33,101.8433,52.9257,367
1381,164.8139,59333,106.9625,216,107.83,101.9268,53.1466,360
1382,165.4355,61542,107.9375,228,107.79,102.2866,53.3177,372
1383,164.3703,60817,107.5,218,108.24,101.3678,52.9863,370
1384,164.0864,62681,106.4125,216,107.51,101.703,53.5816,382
1385,164.2687,59301,107.8875,229,107.79,101.8773,53.0569,361
1386,164.2122,61908,107.05,209,107.23,101.9897,53.1148,377
1387,164.5191,60214,107.4375,235,107.51,101.6744,53.0396,366
1388,164.8796,58862,107.25,221,107.3,102.2839,52.3312,357
1389,163.9891,60184,106.7625,215,108.06,102.4762,53.4251,367
1390,163.9973,59859,108.125,227,109.16,102.4921,53.5716,365
1391,164.7278,59302,108.2375,228,107.96,102.6718,52.6943,360
1392,163.552,61332,107.225,215,108.64,101.9968,53.5046,375
1393,163.7813,61418,107.25,230,108.2,102.2167,53.0344,375
1394,165.2837,59998,108.3125,207,108.48,101.6284,53.0177,363
1395,164.137,59910,107.3375,217,107.73,101.6559,53.0189,365
1396,164.1263,61055,107.3,212,107.72,101.975,52.8005,372
1397,164.1253,60234,106.875,214,107.17,101.9911,52.8796,367
1398,163.5541,60515,107.3125,225,107.85,102.2342,52.9887,370
1399,163.5512,62313,107.4625,217,108.08,101.3154,53.8191,381
1400,163.8226,60942,106.65,209,107.59,101.1671,53.5224,372
1401,164.4313,59853,107.6875,214,108.47,101.1584,52.5065,364
1402,164.4361,59197,107.6,209,109,100.5787,52.9448,360
1403,163.6572,63499,108.725,220,109.39,100.4168,53.1387,388
1404,163.4432,59003,106.8625,210,108.34,100.3727,53.5694,361
1405,163.4986,59350,107.1,216,108.54,100.6516,54.026,363
1406,163.1043,61001,107.4625,213,108.33,100.3659,54.1222,374
1407,164.662,58949,107.9625,207,108.79,99.8207,53.9615,358
1408,163.2618,62366,107.4625,218,108.22,100.0774,53.4816,382
1409,165.7871,59186,107.9125,219,109.13,100.1564,53.4405,357
1410,163.5095,60008,107.0125,219,108.28,100.893,54.3932,367
1411,163.4205,60629,106.75,213,107.86,100.1043,54.1611,371
1412,163.8169,59957,107.4875,210,107.38,99.8362,54.5414,366
1413,163.1034,61490,107.1875,217,108.82,100.5456,54.4995,377
1414,163.6139,58901,106.4,209,107.24,100.3053,54.1864,360
1415,165.3995,61694,106.7375,226,107.55,101.0411,53.4886,373
1416,163.768,61413,106.8875,225,107.97,101.7608,53.5425,375
1417,164.3924,60332,107.3125,224,107.81,101.5481,53.5293,367
1418,163.7139,58937,106.9875,213,107.21,101.6628,53.7956,360
1419,164.1575,59425,106.95,232,107.34,102.2042,52.6344,362
1420,164.6148,60249,107.225,221,107.86,102.3117,53.2307,366
1421,163.0105,62270,107.3625,221,107.51,102.0002,53.2203,382
1422,164.7961,58997,107.625,233,107.92,101.9828,52.755,358
1423,164.1301,60564,106.875,222,107.32,102.2514,51.9432,369
1424,163.5121,60990,108.1375,221,108.22,101.9095,52.7345,373
1425,163.7228,63197,106.6875,217,107.88,101.911,52.8269,386
1426,164.0909,59565,108,212,108.78,101.7936,52.7317,363
1427,164.0054,60846,107.4625,222,108.23,102.2067,53.1883,371
1428,164.5546,60227,108.175,217,108.37,102.082,52.7314,366
1429,164.5427,59729,107.1625,224,107.8,101.9427,52.6994,363
1430,163.283,60578,107.125,221,107.33,102.1556,52.8275,371
1431,163.903,60808,107.0875,207,108.05,102.443,51.5778,371
1432,163.2486,60402,106.6375,225,107.95,102.328,52.0267,370
1433,164.0386,59546,107.5,215,108.05,102.5305,52.164,363
1434,163.6765,60724,107.125,214,108.18,102.5871,52.2098,371
1435,164.9153,60359,107.2,239,107.93,101.7759,51.8513,366
1436,164.0685,59885,108.5375,209,108.92,102.2322,52.8723,365
1437,163.7628,60756,107.6125,228,108.05,101.7148,51.4119,371
1438,163.9944,59038,107.6875,221,107.87,101.7361,52.7212,360
1439,164.1689,60250,107.175,216,108.63,101.6371,51.4741,367
1440,164.0836,60875,106.4375,224,107.22,102.0961,52.2091,371
1441,164.4048,61323,107.25,229,107.55,101.1058,51.7798,373
1442,164.1866,58943,107.5375,210,107.5,102.0939,51.3618,359
1443,162.8867,58965,107.0625,221,107.87,101.7672,52.4405,362
1444,162.7727,64458,106.6375,221,107.3,101.8597,51.8991,396
1445,163.391,61435,107.575,212,108.57,102.4556,52.1354,376
1446,163.7088,59590,107.15,208,107.31,101.9926,52.0533,364
1447,164.4351,60841,106.125,222,107.31,101.783,52.18,370
1448,163.8532,59151,107.7625,236,108.6,101.5813,52.4273,361
1449,163.9812,61165,106.6625,224,107.7,101.4961,51.3471,373
1450,163.5056,58535,107.1125,230,107.55,102.3877,52.3953,358
1451,164.7368,59470,107.5375,224,108.38,101.9139,52.1521,361
1452,163.2944,58786,107.85,215,107.56,101.4754,51.9629,360
1453,163.3162,60427,107.55,220,107.52,102.2478,52.8925,370
1454,164.9474,59546,106.625,218,108.49,102.0206,52.9044,361
1455,163.5871,61018,107.4625,221,107.87,101.8977,52.4038,373
1456,163.4571,62931,107.025,217,107.73,101.9717,52.2646,385
1457,163.3935,60619,107.625,211,108.41,102.4947,52.2532,371
1458,164.0949,60551,107.3,217,107.53,102.2999,53.0255,369
1459,163.8163,62414,107.4125,218,107.82,101.9327,51.9481,381
1460,163.7273,61234,107.2375,244,108.64,102.1218,52.2596,374
1461,164.2957,61118,107.35,206,108.45,102.3626,52.1321,372
1462,163.6649,61538,106.6625,217,107.63,102.0678,52.1927,376
1463,163.5764,61014,107.3875,212,108.59,102.7003,52.2004,373
1464,163.9749,58867,107.2625,213,108.28,102.4769,52.4611,359
1465,164.4274,61167,107.1,216,108.53,102.2927,52.7554,372
1466,164.2027,59934,108.0625,225,108.13,102.4399,52.3807,365
1467,163.5469,61003,106.875,212,107.46,103.0228,52.8751,373
1468,164.1471,61391,106.8125,225,107.31,102.2976,52.3022,374
1469,162.6667,61976,108.1,219,108.22,102.065,51.4569,381
1470,164.4685,60031,107.7125,213,108.55,102.4384,52.531,365
1471,164.9469,59051,107.25,209,108.47,103.1564,51.8633,358
1472,164.4421,62488,108.0375,211,108.25,102.8298,51.7106,380
1473,164.0824,59726,107.7125,216,108.39,102.9965,51.76,364
1474,163.8139,58973,107.2875,208,107.05,103.0378,51.8456,360
1475,164.4444,60680,108.1,224,108.44,103.1609,51.6453,369
1476,163.473,60485,107.9875,206,108,102.9024,51.7271,370
1477,163.3783,61757,106.9625,214,107.63,102.6034,51.6597,378
1478,164.146,59585,107.025,218,108.13,102.7378,51.7893,363
1479,165.4835,60236,107.0125,223,106.82,103.0233,51.5563,364
1480,164.5235,59393,107.55,218,107.73,102.5801,51.7678,361
1481,164.6055,60081,107.8125,237,108.14,102.7695,53.1061,365
1482,163.3235,60593,107.4125,224,107.59,102.1112,51.8992,371
1483,163.0635,61638,107.475,211,108.66,102.0929,52.2474,378
1484,162.9661,62579,108.1375,212,108.4,101.8947,53.5727,384
1485,164.2757,60782,107.625,218,107.57,101.3362,53.3482,370
1486,163.8654,62105,107.675,206,107.92,101.2186,53.6649,379
1487,163.9674,60340,107,225,108.41,101.0236,55.2279,368
1488,163.9114,59172,107.5375,218,108,100.9025,54.4242,361
1489,163.9255,61636,107.55,218,108.48,100.6259,55.2729,376
1490,163.1129,60678,107.7,232,107.9,100.3275,55.0926,372
1491,164.9834,59559,107.1,231,107.72,100.3659,54.4757,361
1492,165.2327,59649,107.8375,220,108.68,100.2373,55.252,361
1493,164.1328,60565,106.95,230,107.58,100.044,55.0563,369
1494,164.3199,61127,107.3125,210,107.29,100.0343,55.7087,372
1495,164.9005,61343,107.975,227,108.07,100.4001,55.3934,372
1496,164.9096,62006,107.7,219,108.66,99.6674,54.7094,376
1497,165.3957,61858,107.0375,229,107.31,99.6324,55.6187,374
1498,164.5979,61395,106.875,223,107.79,100.027,56.1844,373
1499,164.4282,59523,108.0125,222,107.83,99.9283,56.0901,362
1500,164.1579,59261,107.275,222,108.16,99.2394,54.9461,361
