1,172.6324,43676,109.325,224,109.28,78.1085,93.3868,253
2,173.1288,45706,108.5,226,109.68,78.3011,93.6274,264
3,175.7066,45508,109.4,243,110.32,78.1466,93.2247,259
4,177.3931,46477,108.975,230,109.82,78.3173,93.367,262
5,178.0315,45220,109.4375,236,109.43,78.4373,93.3324,254
6,180.0923,46824,110.675,251,110.57,78.7541,93.4469,260
7,179.6535,45632,110.3,241,110.11,78.4121,93.6306,254
8,179.1176,45675,109.675,235,109.33,78.6932,93.929,255
9,178.2907,45999,109.15,250,108.66,78.8724,93.6849,258
10,178.3622,45304,110.0625,240,109.98,78.956,93.7288,254
11,179.8196,45854,110.6875,231,110.71,79.2668,93.6554,255
12,176.8161,46149,109.8375,234,109.71,79.0411,93.7988,261
13,176.0941,44904,110.4125,229,110.62,78.7924,94.1673,255
14,176.0117,45235,109.3625,240,109.28,79.1388,93.3271,257
15,174.5509,46256,109.6625,240,109.63,79.1987,93.6068,265
16,176.6875,45232,110.4,235,110.72,79.6577,93.2936,256
17,177.2402,45019,110.4625,255,110.85,79.568,92.2332,254
18,175.6965,45154,109.3125,234,110.29,80.0753,91.3785,257
19,176.2107,45991,109.35,236,110.27,80.8988,90.5925,261
20,175.8196,44834,108.8625,226,110.28,81.1426,90.7313,255
21,174.8821,45994,108.925,227,110.04,81.3266,90.3699,263
22,178.0354,45221,110.175,241,112.11,81.5364,89.9933,254
23,176.3008,45133,108.3375,233,110.22,81.7947,90.0534,256
24,178.0593,45049,109.4625,243,110.05,81.6768,90.1371,253
25,177.5352,45449,110.4875,240,110.7,81.7915,90.0082,256
26,176.7216,45064,110.1875,237,110.27,82.0201,90.1189,255
27,176.7569,45073,109.075,245,109.65,81.9022,90.4609,255
28,177.9844,45564,110.35,248,110.58,82.1828,90.6216,256
29,175.6575,44617,108.95,231,110.11,81.554,90.4385,254
30,175.3605,45243,109.6625,237,109.5,81.9863,90.9225,258
31,173.8803,45035,109.5125,237,110.44,81.8215,90.8286,259
32,173.9208,46089,110.3125,227,111.33,81.9771,90.4343,265
33,173.166,44850,109.1625,233,110.02,81.649,89.7128,259
34,174.8842,45295,109.45,229,110.27,82.2854,90.3065,259
35,177.6941,45312,109.0125,256,110.74,81.4721,90.0189,255
36,175.7197,46390,109.0625,228,110.82,82.139,90.0236,264
37,178.2402,45273,108.375,239,109.27,81.7124,90.2614,254
38,178.7907,46128,107.7,244,109.61,80.8745,90.8334,258
39,182.9297,46830,108.8125,269,110.06,81.252,91.3433,256
40,184.2383,47165,109.15,251,109.36,80.7109,91.7988,256
41,184.6047,46705,109.325,257,109.32,80.6533,92.0426,253
42,185.8855,48702,110.2875,268,110.44,80.6046,91.8599,262
43,184.6766,49678,108.6875,260,109.45,80.5136,91.9312,269
44,188.9459,48937,110.6625,259,110.08,80.5066,92.1197,259
45,186.5564,47945,109.2375,260,109.79,80.4023,91.6099,257
46,187.6641,48042,109.6125,254,110.49,80.4219,91.1901,256
47,187.6523,48039,108.4375,252,110.17,80.5037,91.2863,256
48,184.7712,50073,109.0625,252,110.39,80.0041,90.8391,271
49,185.6482,46969,110.1,257,111.25,80.3465,91.4539,253
50,185.7422,47550,109.225,252,109.73,80.4452,90.7712,256
51,187.1673,48102,108.825,286,109.97,80.6458,91.2983,257
52,186.4111,47162,110.0125,241,110.29,80.5072,91.1282,253
53,186.1969,48225,109.325,264,109.66,80.6323,91.0766,259
54,187.0866,47520,109.2125,254,110.17,80.644,91.0475,254
55,184.6575,46903,108.875,251,109.87,80.8657,91.0724,254
56,184.1412,46956,108.625,248,108.86,81.0996,90.6656,255
57,186.1969,47294,109.3125,254,110.83,80.4541,90.7714,254
58,183.2239,47455,108.8125,252,109.54,80.9154,91.1763,259
59,181.252,46038,109.9375,264,109.81,80.9859,90.7889,254
60,182.5178,46177,109.3125,250,109.63,80.9953,90.8216,253
61,182.3518,46135,109.0375,252,109.06,81.4088,90.8744,253
62,180.8947,48118,108.5375,238,109.52,81.264,90.2351,266
63,185.751,47738,108.6375,250,109.34,81.7298,90.7534,257
64,186.2101,47856,108.95,248,109.07,81.5069,90.7176,257
65,187.0695,48451,110.4875,255,111.05,81.6514,90.4431,259
66,187.7717,47694,109.2,259,109.94,81.9893,90.9328,254
67,188.3258,49718,110.1625,251,110.25,81.5689,90.1726,264
68,188.1373,47975,109.075,263,109.88,81.5928,90.5959,255
69,187.6863,47860,109.1875,252,110.14,81.622,90.3366,255
70,187.7992,48640,109.6125,262,110.95,81.5287,90.4852,259
71,189.8855,49750,109.0125,277,109.52,81.5616,90.6484,262
72,193.4102,49513,109.3,262,110.76,81.5479,90.2363,256
73,193.2383,49469,110.0375,256,111.16,81.5263,91.1267,256
74,194.2188,49720,109.6875,262,109.2,81.1639,91.0533,256
75,193.1647,49257,109.3875,273,110.21,81.5522,91.118,255
76,192.6601,48743,108.9625,258,109.08,81.2662,91.8594,253
77,192.4141,49258,109.575,260,110.68,81.2358,91.9812,256
78,188.9767,48567,109.2,260,109.83,81.1984,91.9874,257
79,189.8854,48041,110.3875,266,110.55,81.1912,91.8642,253
80,185.7323,47176,108.225,255,109.05,81.3488,92.2814,254
81,183.7643,48330,110.1875,265,109.75,81.2499,91.9297,263
82,181.4131,46986,108.2875,249,109.25,80.917,92.0014,259
83,180.9457,46684,109.1,244,109.82,81.0274,91.9348,258
84,179.529,46498,108.7,254,109.3,81.1977,91.4265,259
85,178.7312,45219,109.5375,253,110.38,81.2523,90.8334,253
86,179.3206,46982,107.8875,240,110.66,80.9007,91.0497,262
87,175.1585,46417,109.975,236,109.69,81.0063,90.8424,265
88,176.1067,44555,108.8875,236,109.3,81.2533,90.7128,253
89,176.0934,45256,109.5625,226,110.82,81.1892,90.8408,257
90,174.502,44149,108.9875,237,109.96,80.9999,90.3339,253
91,172.0734,44567,108.1125,235,109.87,81.4302,90.6236,259
92,174.0077,45416,108.4375,231,110.28,81.4678,90.7411,261
93,174.1705,45981,109.8125,219,110.54,81.4413,90.6952,264
94,173.471,44929,108.7375,236,109.86,81.697,90.8397,259
95,173.1351,44842,109.4875,216,110.61,81.6748,90.7608,259
96,173.0934,44485,109.4125,230,109.66,81.3201,90.6001,257
97,174.3612,45857,108.625,249,110,81.6993,90.8296,263
98,174.4981,45544,109.3875,236,109.09,81.8437,90.6164,261
99,175.0547,44814,108.7125,224,109.46,81.8348,91.1168,256
100,175.0153,45679,109.5375,243,109.63,81.4401,90.6271,261
101,175.793,45003,108.0125,240,109.86,82.1245,90.986,256
102,176.566,46790,108.5375,253,110.08,82.0189,91.0738,265
103,177.9766,45562,109.0375,245,109.9,81.919,90.8302,256
104,179.3142,46801,109.2375,245,110.95,81.8225,90.6781,261
105,181.9012,46021,108.625,241,109.41,81.6902,90.6674,253
106,184.5296,46686,110.25,239,111.34,81.7297,90.8703,253
107,185.6537,47713,109.4875,262,109.35,81.4663,90.6229,257
108,186.5771,47204,109.5875,263,109.84,81.4608,90.1074,253
109,186.7636,48185,108.6,254,109.55,81.6307,90.5178,258
110,189.7681,49909,109.7,267,110.64,81.4319,90.1823,263
111,188.4764,47873,108.4375,250,110.57,81.4973,90.6024,254
112,189.1192,49171,109.2,260,109.78,81.7658,90.5888,260
113,190.4154,49508,109.725,269,109.26,81.3647,90.7455,260
114,193.9062,49640,109.475,276,110.84,81.3222,90.7203,256
115,193.7628,49022,109.2,277,110.13,81.7014,91.0867,253
116,195.6148,50273,109.825,276,109.82,81.2601,91.4535,257
117,198.8196,50699,109.625,279,110.01,81.6678,91.7677,255
118,200.3676,50693,108.1625,275,109.97,81.113,92.0216,253
119,202.4941,51636,108.55,270,109.34,80.9584,91.8004,255
120,203.0078,51767,109.0375,280,109.53,81.1839,91.9727,255
121,200.5214,51534,109.5125,297,109.59,80.6757,92.2217,257
122,201.8353,51468,109.7125,282,109.21,80.557,92.043,255
123,203.7901,53393,109.6375,298,110.19,80.9477,92.2639,262
124,202.83,51316,108.9375,275,109,80.4424,92.1166,253
125,201.4186,51966,109.5125,293,109.7,80.4391,91.6707,258
126,200.6798,50772,109.9625,293,110.62,80.8896,91.0926,253
127,201.0356,50862,108.9375,277,110.21,80.621,91.1848,253
128,199.6398,52106,108.8875,275,110.47,80.8488,90.7316,261
129,197.9105,50863,110.1375,265,109.58,80.7049,91.0484,257
130,198.7765,50688,108.65,279,110.04,80.7594,90.813,255
131,199.1843,50792,109.2125,287,109.69,81.1554,90.7323,255
132,199.9646,50791,110.075,301,111.36,81.1772,90.9799,254
133,200.7672,52601,110.2375,293,111.27,81.0598,90.6416,262
134,201.124,51890,108.9,275,109.12,81.1747,91.0459,258
135,203.9768,52830,110.0875,283,111.43,81.1131,90.8154,259
136,205.2756,52140,109.6875,300,110.32,81.3188,90.9036,254
137,204.9845,52886,110.95,284,110.66,81.4513,90.9749,258
138,208.4314,53150,110.6125,302,110.79,81.4757,90.9349,255
139,205.5594,53651,108.675,314,110,81.6991,90.9885,261
140,207.1875,53040,109.55,292,111.36,81.763,90.8625,256
141,207.9368,52608,109.5125,277,109.28,81.8382,90.8922,253
142,208.8933,52850,108.75,298,109.88,81.6914,90.9362,253
143,209.8867,53731,108.975,323,109.94,81.4455,90.6577,256
144,207.9689,53448,109.475,287,110.76,81.5656,90.677,257
145,209.5859,53654,110.6125,298,110.93,81.8866,90.5866,256
146,208.7452,54065,109.3125,292,110.59,82.1266,90.7731,259
147,207.376,53503,108.75,299,109.26,81.8446,90.5935,258
148,208.1081,53900,108.2375,290,109.78,81.9301,90.5338,259
149,206.4883,52861,109.25,309,110.37,82.256,90.1466,256
150,206.5686,52675,108.55,305,110.11,81.8236,90.1385,255
151,206.1922,52579,108.4875,282,109.74,82.1028,90.2252,255
152,205.1245,52717,107.775,280,108.95,82.17,89.9573,257
153,204.9141,52458,110.2625,274,112.06,82.259,90.0125,256
154,204.0156,52432,108.8375,288,109.81,82.2233,89.9956,257
155,203.0736,52393,108.375,278,110.11,82.0328,89.8989,258
156,201.4706,51375,109.2125,284,110.34,82.4485,90.2631,255
157,201.0514,50866,108.7125,272,110.76,82.2717,90.2614,253
158,201.1693,51097,109.6875,296,109.8,82.0039,90.5567,254
159,196.9684,49833,109.825,289,110.17,81.79,90.4876,253
160,196.051,49993,109.1,275,109.93,81.7379,90.8279,255
161,190.6852,51485,110.125,284,109.62,81.3589,91.0122,270
162,190.4506,48184,109.125,266,110.2,82.0573,90.939,253
163,188.9846,48947,108.8,260,109.46,81.7421,91.1647,259
164,188.1937,47613,110,251,109.69,81.7971,91.4179,253
165,188.0906,47775,108.725,250,109.98,81.9809,91.4161,254
166,186.1456,48584,107.7375,261,108.99,81.5954,90.857,261
167,186.1693,47287,108.7,275,109.9,81.6959,91.1952,254
168,185.5759,47693,108.5125,262,109.44,81.6936,91.0713,257
169,186.2928,48995,109.6,246,111.06,81.4403,91.4693,263
170,187.403,49287,109.3625,258,110.17,81.2352,91.7898,263
171,188.4078,48044,108.8375,246,108.72,81.4103,91.1351,255
172,189.1654,49183,109.075,268,109.26,81.3966,91.3287,260
173,189.6745,48367,108.175,267,109.93,81.3015,91.1083,255
174,188.9222,48553,108.8625,254,109.28,81.8296,90.5997,257
175,187.8538,47527,108.9125,252,110.62,81.3762,90.7701,253
176,185.5175,47678,107.925,249,109.98,81.6984,90.4285,257
177,185.6641,47530,108.8,245,110.22,81.3368,90.4074,256
178,183.0302,48503,109.9625,244,110.77,81.2788,90.337,265
179,183.5197,46614,110.0875,243,110.51,81.7427,90.46,254
180,182.0817,46795,108.6375,264,109.71,82.0013,90.2361,257
181,179.4353,45756,108.1125,234,109,81.8297,90.7051,255
182,178.6838,45207,109.7875,277,110.11,82.0537,90.4982,253
183,177.6437,46365,109.425,240,110.69,81.7852,90.8096,261
184,177.7194,44963,109.0125,233,110.18,81.8183,90.2297,253
185,177.6745,45307,110.575,238,110.79,82.3199,90.4462,255
186,175.8996,45558,108.125,236,110.45,82.2033,90.6952,259
187,174.7452,45259,109.6625,222,109.53,82.2193,90.0373,259
188,174.0433,44207,108.4,238,109.58,82.4256,90.9643,254
189,174.2031,44596,109.0125,239,110,82.7955,90.7386,256
190,175.0849,45347,109.875,232,110.97,82.5195,90.6373,259
191,173.0077,44982,108.8375,229,109.12,82.3314,89.9547,260
192,174.0736,44911,108.95,243,110.12,82.4234,90.826,258
193,172.9066,44437,109,217,109.48,82.6563,90.4896,257
194,174.6693,44890,108.325,230,109.6,82.6809,90.1794,257
195,175.8431,44840,109,230,109.49,82.168,90.3715,255
196,174.6902,44546,109.125,229,110.18,82.6091,90.3778,255
197,176.1197,45615,109.7,242,110.32,82.615,90.0195,259
198,174.4249,47618,108.1125,228,109.56,82.3587,89.6578,273
199,177.5538,46164,108.5125,236,108.61,83.2391,90.0466,260
200,177.0945,44982,107.7,234,108.92,82.6041,90.4033,254
201,179.0512,45479,109.4125,230,110.83,82.7073,89.6211,254
202,179.17,45330,108.3,237,108.99,83.1812,89.7394,253
203,176.355,46205,108.2625,241,109.75,82.521,89.2627,262
204,177.9768,46096,108.8125,236,109.46,83.0957,89.4972,259
205,176.2248,45466,109.1375,231,109.63,82.6717,89.7629,258
206,177.4078,45239,108.5125,242,109.7,83.1111,89.801,255
207,175.3243,45409,108.6,236,109.04,82.5919,89.5257,259
208,175.1667,46244,108.3875,228,109.31,82.9683,89.978,264
209,174.9222,44955,108.8,239,109.85,82.9405,89.5359,257
210,174.1423,45277,108.05,244,109.5,82.91,89.6201,260
211,171.6479,45830,108.425,220,109.39,83.3273,89.8884,267
212,170.5821,45716,109.0125,231,110.21,82.701,89.6414,268
213,172.5551,43829,108.75,228,109.74,83.2892,89.999,254
214,169.3346,46059,107.975,231,109.13,82.6803,89.1792,272
215,170.8953,44091,109.0625,235,110.33,83.4578,90.2171,258
216,170.3089,44110,108.5,220,109.26,82.7437,89.8827,259
217,168.4542,44135,108.5375,214,109.23,83.5348,90.1465,262
218,169.2622,45193,109.25,215,110.74,83.1793,90.0907,267
219,167.847,44983,108.575,228,108.57,83.0024,90.2627,268
220,167.6274,44086,109.7,215,110.36,83.0143,90.3329,263
221,168.0927,43536,108.8875,229,110.13,82.9797,90.4673,259
222,168.308,44265,108.9625,244,110.71,83.0403,90.1021,263
223,167.687,43934,109.2,214,108.64,83.42,90.834,262
224,167.0458,43766,109.475,225,108.99,82.2509,90.3322,262
225,167.6142,42574,107.875,222,110.4,82.6535,90.7813,254
226,168.4314,42950,109.825,216,110.11,82.7963,90.7946,255
227,167.6603,43927,109.425,218,109.54,82.9073,90.8175,262
228,168.642,43341,107.8875,219,109.97,82.5773,90.784,257
229,167.4219,42860,109.125,226,109.39,82.2151,90.6822,256
230,169.6423,44107,109.375,231,109.35,81.9562,90.6824,260
231,169.6118,43251,109.5375,221,109.55,82.4067,91.1769,255
232,169.9617,44360,108.1125,228,109.57,81.5457,90.7154,261
233,170.2248,43918,108.5125,232,109.51,82.0428,91.3091,258
234,172.8549,44078,109.925,234,110.59,82.036,90.4761,255
235,172.3916,45339,107.6875,223,109.82,81.8033,90.7039,263
236,175.6552,45846,109.725,241,110.2,81.6984,90.8447,261
237,176.9016,44933,110.2,234,110.78,81.6165,90.7266,254
238,175.7412,44814,109.2125,254,109.61,81.7674,90.5497,255
239,173.9585,46099,108.225,240,109.52,81.899,90.5999,265
240,173.5407,46856,108.2125,241,109.62,82.4937,90.4148,270
241,173.2148,44343,109.2625,230,110.64,82.2598,90.677,256
242,174.7358,46305,108.225,235,108.94,82.5154,90.2418,265
243,173.83,43979,108.5,225,110,81.8517,90.4908,253
244,173.9269,45221,110.3375,237,111.25,82.3742,90.4032,260
245,172.2227,44089,108.225,219,109.62,82.3545,90.5616,256
246,171.8626,45028,109.4,227,110.97,82.2884,90.853,262
247,170.4111,43114,108.7625,227,109.32,82.1774,90.5957,253
248,171.1374,44838,109.025,225,109.68,82.5515,90.2976,262
249,171.2188,43832,108.8,216,109.28,82.3344,90.8567,256
250,170.3438,43608,108.8,225,109.21,82.7971,90.3354,256
251,168.4403,45142,109.15,224,110.63,82.4487,91.1624,268
252,168.6023,44511,108.7125,225,110.3,83.3049,90.2762,264
253,170.8038,44409,107.975,225,109.59,82.6877,90.5714,260
254,170.3296,45478,110.2875,229,110.63,83.3815,90.0993,267
255,171.336,43348,109.7125,223,110.94,83.2183,89.8503,253
256,170.1953,43570,108,218,109.67,83.2318,90.2593,256
257,170.4466,44657,110.0625,250,110.66,83.4781,90.2485,262
258,168.4981,44315,108.1625,218,109.36,83.5306,89.9939,263
259,170.4135,45330,109.1625,227,110.32,82.654,90.0887,266
260,169.3605,43695,107.9875,220,110.11,83.726,90.5506,258
261,170.0189,44885,108.775,224,109.45,83.2824,90.4095,264
262,170.8571,45448,109.3375,216,109.99,84.0261,90.6579,266
263,173.686,44811,110.675,239,109.75,82.787,90.2797,258
264,172.2047,43740,107.2125,216,109.37,83.5849,89.7529,254
265,174.3504,44285,109.6875,230,109.71,83.4575,89.7617,254
266,174.6705,46113,107.9,228,109.44,83.7842,89.046,264
267,176.6897,46116,108.0625,241,109.49,84.3246,89.4127,261
268,176.9531,45300,108.5125,245,109.52,84.7008,89.3843,256
269,177.4942,45616,107.8625,240,109.44,84.5847,89.3978,257
270,179.043,45835,108.45,235,109.69,84.6793,89.345,256
271,180.5938,46232,109.4,241,110.76,85.162,89.047,256
272,181.2093,46752,108.825,251,110.33,84.7284,89.1279,258
273,182.7241,47691,107.7125,244,109.68,84.7167,88.7005,261
274,185.3083,46883,108.05,249,109.28,84.6972,88.927,253
275,186.3891,47902,109.9375,253,111.22,84.6918,88.9439,257
276,191.7668,48517,109.7625,260,109.94,84.2923,88.8821,253
277,190.1216,48481,108.25,273,109.5,84.5352,89.0233,255
278,192.0888,49751,108.2,272,110.59,84.6802,88.3861,259
279,189.9313,49762,107.75,259,109.17,84.7231,88.5595,262
280,193.7414,50954,109.6875,268,111,84.2294,88.8398,263
281,197.8549,50453,108.85,278,109.85,84.4083,88.6159,255
282,197.9231,51460,108.35,271,108.37,84.5697,88.9899,260
283,198.2281,52134,108.8125,288,109.93,84.7195,88.7065,263
284,200.7665,51597,108.35,271,109.12,84.4939,89.031,257
285,202.8863,51736,108.225,271,109.09,84.6069,88.9165,255
286,206.1429,53391,107.6125,292,110.15,84.4776,89.2458,259
287,204.7752,52832,108.575,289,109.29,84.4393,89.1401,258
288,206.6102,52479,109.575,296,111,84.3734,89.1183,254
289,205.9962,54383,107.0125,284,109.77,84.7833,89.1315,264
290,207.9608,53030,107.9,332,110.23,84.5408,89.2576,255
291,207.189,52626,108.75,296,110.04,85.019,89.5851,254
292,207.3676,52464,110.3875,292,110.56,85.1066,89.2745,253
293,206.6047,53304,109.8125,292,111.05,84.6983,89.5807,258
294,205.2549,52340,110.6,276,111.81,84.5907,89.2295,255
295,208.6601,52791,108.5875,303,109.89,84.6967,89.5445,253
296,208.5,52959,109.025,305,109.55,84.8419,89.5556,254
297,207.293,53067,108.975,294,109.75,84.8087,89.5294,256
298,210.6953,53938,109.2625,286,111.05,84.754,89.5718,256
299,211.7198,54412,109.8125,314,110.71,84.7628,89.2867,257
300,206.9531,52980,108.325,297,109.69,84.579,89.4644,256
301,209.6437,54717,108.275,306,109.9,84.7373,89.3953,261
302,210.8988,54201,109.225,305,110.75,84.6886,89.4645,257
303,214.2411,54203,108.075,323,109.55,84.6647,89.7807,253
304,213.3765,54411,108.075,292,109.78,84.4841,89.8776,255
305,215.5354,54746,108.075,296,109.5,84.7331,90.4609,254
306,217.3765,55431,109.2375,310,110.77,84.3541,90.8449,255
307,216.7352,54834,108.1125,305,108.73,84.1184,90.7634,253
308,220.7866,55859,108.6125,306,109.16,83.9036,90.9948,253
309,219.3794,55503,109.2375,321,108.62,83.5827,91.5951,253
310,219.1089,56311,109.1375,321,108.37,83.4168,91.6547,257
311,217.6324,55061,110.075,313,109.19,83.171,91.8927,253
312,215.4055,54713,109.4125,307,109.66,83.0739,91.6861,254
313,214.9305,55667,108.275,310,109.25,83.2748,91.7763,259
314,214.3828,54882,108.4375,311,108.09,83.1005,91.6779,256
315,214.3043,54219,110.025,299,110.32,83.1108,91.3133,253
316,213.9105,54975,108.875,293,110.14,83.3041,91.4528,257
317,213.5354,54238,107.6625,318,109.32,82.998,91.6512,254
318,213.6126,54044,109.075,307,109.06,82.9552,91.2053,253
319,214.7977,55203,107.8125,311,109.57,83.2694,90.9824,257
320,213.2244,54159,109.9,301,110.63,83.2302,90.8392,254
321,211.4824,53928,107.9875,291,109.27,83.2823,91.1093,255
322,212.7589,53828,109.1,291,109.07,83.2019,90.9297,253
323,213.5234,54662,109.5875,290,111.37,83.241,90.7851,256
324,210.9921,53381,109.425,298,110.18,83.2331,90.8853,253
325,209.9647,53541,109.5,284,110.37,83.3196,90.6847,255
326,207.3961,52886,108.7125,288,108.76,83.3433,90.9263,255
327,207.1542,52410,110.6,289,110.79,83.3815,90.7354,253
328,202.3142,52804,108.45,283,110.01,83.1505,90.7593,261
329,202.5748,51454,109.7625,281,109.07,83.3891,90.9123,254
330,202.2411,51167,108.8375,291,109.87,83.719,90.6013,253
331,199.8577,50564,109.125,282,110.12,83.3732,90.6192,253
332,196.9885,51611,107.875,272,109.4,83.3792,90.8095,262
333,197.3615,51314,109.775,270,109.95,83.0485,90.2291,260
334,195.9416,50357,107.9625,271,109.35,83.2435,90.6994,257
335,193.5556,50518,108.7125,279,108.95,83.4095,90.309,261
336,193.1523,49447,109.4875,255,109.99,83.6346,90.4869,256
337,191.9294,48942,109.975,258,110.9,83.3189,90.1857,255
338,192.2934,49804,109.0375,269,109.41,83.4863,90.141,259
339,193.949,49457,110.1625,257,109.57,83.7449,90.1038,255
340,193.3042,50839,107.9625,269,109.85,83.7774,90.1709,263
341,195.4685,49649,108.325,276,109.11,83.7449,90.1205,254
342,193.298,49291,107.7875,267,109.69,83.7554,89.9526,255
343,192.2372,48636,109.125,271,109.68,83.8801,90.2706,253
344,191.6475,50020,109.9,253,111.39,83.9537,90.2829,261
345,189.2148,48439,108.6625,257,108.97,83.9772,90.2682,256
346,191.1875,48944,109.025,254,109.77,84.0401,90.2538,256
347,189.3101,48842,108.3625,270,109.84,83.5824,90.1676,258
348,190.6705,49765,107.4875,256,109.81,83.523,90.1834,261
349,191.1621,48364,109.125,269,110.17,83.9776,90.3187,253
350,195.3043,49412,108.5625,281,110.5,83.4044,90.2368,253
351,194.1145,50858,107.8875,259,109.92,83.1382,89.7572,262
352,197.4545,49956,108.375,269,109.85,83.799,89.9815,253
353,201.035,51666,108.7,309,108.75,83.4376,90.174,257
354,203.2964,51434,108.7625,281,109.55,83.6968,89.7955,253
355,201.9924,52922,108.225,285,109.39,83.6386,89.7312,262
356,204.0661,52445,107.8125,289,110.07,83.8473,89.5078,257
357,208.4784,53162,108.825,296,110.21,83.7738,89.4417,255
358,208.7866,52823,107.8375,302,109.66,83.6605,89.4803,253
359,211.8854,53607,108.05,296,109.88,83.756,89.2656,253
360,214.5079,54485,108.75,303,110.34,83.851,89.1741,254
361,212.4903,55035,108.7,302,109.4,83.9702,89.2853,259
362,214.6953,54962,108.275,299,109.73,83.9101,88.9407,256
363,218.1621,55195,108.425,324,109.06,83.9468,89.3946,253
364,219.5294,55980,109.4125,310,110.07,84.1657,89.0481,255
365,220.3189,55961,107.525,315,109.64,84.0049,89.3828,254
366,221.5968,56064,108.175,322,109.4,83.7161,89.1894,253
367,220.5923,57354,108.3625,317,109.6,84.0636,89.1816,260
368,225.4102,57705,109.05,337,110.44,83.6677,89.393,256
369,226.7804,57829,108.325,326,110.14,83.8417,88.9522,255
370,229.498,58063,110.4,323,111.38,83.6731,89.4584,253
371,227.6181,57815,107.6375,354,109.66,83.7367,89.129,254
372,227.498,58012,107.8375,343,109.98,83.8553,89.2849,255
373,227.5573,57572,108.1375,327,110.35,83.6578,89.5121,253
374,223.3615,58074,109.1375,313,109.48,83.9152,89.4817,260
375,223.2918,57386,107.5125,309,109.51,84.0145,89.5706,257
376,223.6109,57468,108.7875,333,109.39,84.2473,89.3063,257
377,226.5,57984,108.625,321,110.17,83.9252,89.6468,256
378,226.0196,57635,109.45,314,110.33,83.9281,89.6925,255
379,223.722,57944,109.3375,331,110.3,83.9479,89.5515,259
380,227.0859,58134,107.9125,336,109.44,83.9217,89.5078,256
381,229.0395,57947,108.6,366,109.44,83.9987,89.834,253
382,229.1401,58889,108.475,355,109.48,83.6712,89.633,257
383,227.6151,60318,110.0625,340,110.26,83.6217,90.0229,265
384,229.7717,58362,108.3875,323,108.6,83.5756,89.8566,254
385,232.4606,59045,108.7,333,109.13,83.4554,89.8245,254
386,229.5759,59001,108.1,335,109.6,83.3245,89.7094,257
387,230.0808,59821,108,328,109.59,83.196,89.8854,260
388,232.9453,59634,108.0125,326,109.46,83.2666,89.797,256
389,234.4862,59325,108.15,345,109.98,83.4412,89.8183,253
390,234.8438,60120,108.0125,344,108.84,83.1542,90.2957,256
391,233.7027,60529,108.8,339,108.92,83.2508,90.443,259
392,236.4688,60536,108.925,354,110.38,83.245,90.2355,256
393,232.8549,59378,107.55,326,109.11,83.1429,90.402,255
394,231.4606,58791,108.6125,337,109.34,83.4012,90.1856,254
395,230.6992,59059,108.4125,331,109.74,83.2304,90.1702,256
396,232.6838,58869,108.7,319,109.46,82.9509,90.5726,253
397,228.9732,59762,110.3375,330,110.45,82.8804,90.5639,261
398,228.7209,59010,108.475,322,108.92,82.9616,91.0532,258
399,227.1937,57480,109.6625,320,110.63,82.9502,91.0678,253
400,224.9137,57353,108.4625,321,109.01,82.6952,91.2639,255
401,225.9606,57394,110.175,318,110.04,82.6307,91.5728,254
402,223.6965,57490,109.4,334,108.28,82.3953,91.5018,257
403,222.9528,56630,110.475,302,110.17,82.4964,91.6912,254
404,221.5787,56281,108.55,308,108.74,82.3867,91.3452,254
405,220.4173,55986,108.6375,319,108.36,82.3097,91.6604,254
406,221.2353,56415,108.4625,311,108.67,82.4298,91.3218,255
407,218.3977,57657,107.3625,321,108.3,82.5118,91.4773,264
408,219.236,58536,108.3,306,109.37,82.2412,91.4796,267
409,218.8898,55598,108.9875,299,108.24,82.4528,91.3513,254
410,218.5176,55722,108.8,317,108.65,82.4729,91.7419,255
411,216.949,55322,108.6125,299,109.2,82.4049,91.4134,255
412,218.5573,55295,107.9125,319,109.63,82.39,91.687,253
413,215.6078,54980,108.5625,330,109.18,82.398,91.8713,255
414,215.087,54417,109.5,313,109.57,82.4109,91.5606,253
415,212.5945,53999,109.025,298,109.63,82.6589,91.8107,254
416,212.9059,54291,109.7125,309,108.47,82.4253,91.5355,255
417,212.0383,55342,109.2625,297,109.04,82.226,91.4618,261
418,210.0902,53573,107.4,293,109.51,82.368,91.4147,255
419,210.4844,53884,109.1,292,109.22,82.5061,91.333,256
420,210.5472,53479,109.9875,305,110.51,82.4815,91.0578,254
421,206.2016,53200,108.55,299,109.48,82.4605,91.3908,258
422,205.5,52197,107.3875,291,109.84,82.5768,90.7914,254
423,206.1294,52563,108.3875,291,109.27,82.3819,91.2204,255
424,205.9612,53138,108.65,294,109.56,82.3173,90.7416,258
425,205.6206,52022,109.5875,291,110,82.1945,90.9086,253
426,204.8803,53064,107.9375,282,109.94,82.8208,90.6632,259
427,203.9098,51997,108.4625,287,110.16,82.6201,90.5217,255
428,204.4213,51923,108.5625,285,109.06,82.3066,90.4003,254
429,209.2209,53979,107.4125,288,109.74,82.6277,90.5128,258
430,209.4141,53610,110.15,295,110.6,82.8335,90.7557,256
431,211.8118,54012,109.0125,306,109.9,82.621,90.4593,255
432,207.5039,52706,108.6625,306,110.05,83.0357,90.5659,254
433,204.9249,51846,108.85,275,109.31,83.0377,90.2617,253
434,202.1042,52345,108.4625,272,108.95,83.0481,90.5255,259
435,202.8814,51329,109.0375,286,109.34,82.6644,90.8472,253
436,200.0613,52216,108.3875,272,109.68,82.7797,90.2827,261
437,197.8588,51839,108.7125,272,109.12,82.747,90.5809,262
438,199.6615,51313,108.55,273,109.41,83.0253,90.3171,257
439,195.4186,50418,108.1875,285,109.46,83.2646,90.2988,258
440,194.1829,49905,107.2,277,108.93,83.2785,90.2386,257
441,191.5889,48472,107.9125,259,109.1,83.098,90.2118,253
442,191.0471,48717,108.1,285,109.2,83.6005,90.1345,255
443,188.1562,48168,108.175,262,109.28,83.6952,89.9738,256
444,186.7829,48190,109.8625,249,109.97,83.603,90.0641,258
445,182.3647,46503,108.1625,242,108.97,83.593,89.9126,255
446,180.1264,47013,109.15,248,108.22,83.7528,89.9968,261
447,180.1383,45575,108.05,247,110.23,83.9852,90.0535,253
448,180.5194,46574,109.375,234,109.84,84.6298,89.4477,258
449,179.5564,47762,107.025,241,108.56,84.4697,89.6447,266
450,184.8024,46755,109.925,264,109.93,84.5808,89.7684,253
451,182.6877,49143,108.175,243,109.62,84.5153,89.2046,269
452,182.9129,48289,108.4875,244,110.23,84.8045,88.8502,264
453,185.2558,47796,108.0625,249,108.77,84.3064,89.0103,258
454,186.9922,48057,109.275,249,110.79,84.909,89.197,257
455,185.6403,46967,108.3,271,108.9,84.7707,88.7941,253
456,186.1718,48777,107.5,245,109.14,84.7054,88.2458,262
457,188.3477,48217,107.4125,252,109.71,84.844,88.567,256
458,186.7276,47989,108.2,276,109.28,85.0704,88.3523,257
459,188.9407,47802,108.2625,244,109.96,85.3161,88.2715,253
460,188.2362,47812,109.3375,253,110.62,85.6331,88.2673,254
461,186.6063,47398,108.7,260,110.08,85.6622,88.0298,254
462,189.9803,48255,107.8,264,109.2,85.2848,87.9608,254
463,190.6957,48246,108.3125,258,109.67,85.5853,88.14,253
464,190.856,49050,107.3375,261,109.42,85.3239,88.0939,257
465,191.5412,48843,108.2375,261,110.33,85.5408,88.1483,255
466,189.5315,48141,108.4875,248,110.47,85.6845,87.8305,254
467,190.6729,50719,108.125,275,109.84,85.4959,87.8721,266
468,190.2745,48520,108.3625,263,109.08,85.4502,88.1122,255
469,191.0039,48897,108.1125,256,109.02,85.4355,87.9075,256
470,192.6614,48936,109.275,260,110.46,85.1179,88.3801,254
471,191.7725,48902,109.1875,260,110.51,85.2912,87.7274,255
472,188.6094,48284,107.65,252,109.33,85.2789,87.9922,256
473,190.3162,48150,109.5375,257,110.56,85.315,88.1834,253
474,187.8482,48277,108.25,294,108.96,85.1471,87.7902,257
475,186.9611,48049,107.725,265,109.03,85.2432,87.9693,257
476,189.2846,47889,108.125,256,110.36,85.6584,87.9167,253
477,192.3123,48655,109.075,267,109.59,85.2056,88.1782,253
478,193.0906,49045,107.8625,280,109.82,85.4565,87.6063,254
479,193.8736,50601,108.65,256,109.29,85.3334,88.1508,261
480,197.6445,50597,108.7875,259,110.16,85.4077,87.7713,256
481,197.5098,50365,107.825,261,109.76,85.3848,88.1492,255
482,198.9416,51128,107.975,267,110.61,85.3042,88.2384,257
483,197.7632,52605,109.075,293,109.24,85.5066,88.068,266
484,200.5962,52155,109.1,278,110.46,85.3248,88.4366,260
485,203.7773,52167,108.5875,286,109.51,85.3113,88.2046,256
486,205.8221,52073,108.975,282,110.78,85.4901,88.3741,253
487,207.5686,52930,108.375,294,110.78,85.1327,88.5851,255
488,209.8016,53919,110.2,295,110.41,85.5597,88.3738,257
489,210.856,54190,108.2875,310,109.83,85.2322,88.5716,257
490,210.3688,55327,108.6375,288,110.1,85.6243,88.109,263
491,212.9333,54298,108.6,295,109.3,85.6519,88.5196,255
492,217.3373,55421,108.9625,309,109.83,85.5945,88.5061,255
493,221.5859,56726,109.875,315,110.46,85.3214,88.2321,256
494,221.4427,56025,107.625,322,109.31,85.5416,88.5818,253
495,221.4609,56694,107.825,306,109.17,85.2606,88.5159,256
496,222.298,56686,108.3375,306,109.18,85.4402,88.5021,255
497,220.8906,56548,109.425,322,109.16,85.5606,88.4093,256
498,221.4427,56025,109.6,317,110.44,85.2682,88.5385,253
499,222.126,56420,109.7875,312,110.98,85.2078,88.8553,254
500,219.9881,55657,108.5625,309,109.7,85.484,88.6631,253
501,219.7154,55588,108.3125,311,109.34,85.577,88.5953,253
502,216.4528,54979,108.3375,320,108.99,85.5267,88.6382,254
503,216.5444,56085,108.7375,304,109.87,85.4471,88.7007,259
504,214.2308,55700,108.175,320,109.08,85.7157,88.9605,260
505,210.9147,54416,109.2375,295,108.98,85.6438,88.5798,258
506,208.1188,54319,108.95,296,110.45,85.8694,88.636,261
507,204.6207,53406,109.225,282,109.24,85.6891,88.7411,261
508,207.7391,52558,107.675,299,109.54,85.5413,89.0754,253
509,205,52275,108.7875,293,110.07,85.5395,88.624,255
510,204.7791,52833,109,278,108.98,85.6291,89.0149,258
511,204.8588,52239,108.8375,279,108.93,85.5967,88.8516,255
512,202.9923,52778,109.6,296,110.53,85.3421,89.1336,260
513,201.6654,51223,108.4125,274,110.32,85.9547,89.1525,254
514,198.6142,50448,107.925,279,108.9,85.7921,89.3566,254
515,199.1067,50374,107.825,288,109.51,85.5213,88.8987,253
516,198.7346,51671,107.8375,279,109.43,85.4418,89.2254,260
517,199.4724,50666,107.425,295,109.67,85.9012,89.265,254
518,197.0667,50252,107.8125,269,108.62,85.774,89.4558,255
519,195.3071,49608,108.5,271,109.63,85.7347,89.3295,254
520,192.1562,49192,108.6125,267,108.88,85.9031,89.4261,256
521,191.2607,49154,108.575,255,111.3,86.0584,89.5814,257
522,188.8494,48912,108.525,270,108.61,85.8747,89.6418,259
523,188.1406,48164,108.3875,254,108.71,85.6986,90.0887,256
524,186.6887,47979,109.3,261,109.76,85.9669,89.8409,257
525,187.6031,48214,110.1125,252,110.33,85.8326,89.7226,257
526,185.2422,47422,107.5,255,108.35,85.7763,90.1612,256
527,181.5229,47559,108.2125,247,108.49,85.4813,89.5455,262
528,182.0433,46239,107.8,231,108.56,85.9204,89.9057,254
529,180.3396,48331,108.8875,249,109.85,85.9007,89.8514,268
530,179.0802,46919,107.45,233,109.24,85.7781,89.4413,262
531,180.298,45976,107.2625,238,109.18,86.0024,89.9486,255
532,179.9412,45885,108.475,242,110.02,86.083,89.5703,255
533,177.3203,45394,108.025,232,109.46,86.263,90.0021,256
534,175.218,46608,107.925,229,109.35,86.421,89.8483,266
535,174.1954,45465,108.225,223,109.09,86.3165,89.8506,261
536,174.7143,45251,107,227,108.43,85.8502,89.5324,259
537,176.7087,44884,107.675,227,109.57,86.2157,89.5137,254
538,175.0949,44299,108.775,237,109.14,86.3268,89.7988,253
539,174.8269,45455,107.975,237,108.78,86.0598,89.5284,260
540,174.3596,46554,108.2875,228,109.92,86.1811,89.9512,267
541,174.2662,45832,107.2875,233,109.46,85.6558,89.9156,263
542,174.8745,45992,109.45,225,110.08,86.2269,89.8383,263
543,174.8626,45814,106.975,235,108.58,86.0557,89.8494,262
544,174.6024,44349,109.175,244,109.75,86.0459,89.9632,254
545,177.8281,45524,108.525,234,109.5,85.5361,89.8844,256
546,178.5644,47141,108.6125,239,109.35,85.9792,89.5783,264
547,179.2802,46075,108.0375,240,110.32,85.3109,89.7625,257
548,182.5136,46906,108.8875,253,108.88,85.555,89.8099,257
549,184.1585,48802,107.125,262,108.66,85.3907,89.873,265
550,187.2846,47383,108.4625,248,109.79,85.8187,89.6612,253
551,185.5543,47873,108.4,249,109.39,85.4471,89.8874,258
552,185.6298,48635,107.75,253,108.79,85.4573,89.8182,262
553,186.1608,47471,107.325,247,109.27,85.6462,89.8481,255
554,189.5078,48514,109.1375,255,110.17,85.6159,89.7534,256
555,187.9882,47749,108.3875,259,108.52,85.852,89.3596,254
556,187.3346,47583,107.8875,261,108.91,85.6646,89.5441,254
557,186.2235,47487,107.6125,254,109.87,85.9573,89.5818,255
558,186.3399,47144,108.725,249,108.13,85.7145,89.6078,253
559,181.4221,47714,108.7375,238,108.6,86.0711,89.2882,263
560,181.9846,47316,108.1,238,110.16,86.0729,89.2029,260
561,182.5294,46545,108.2,238,108.96,86.0169,89.325,255
562,180.4093,46726,108.9,244,109.18,85.8863,89.6119,259
563,179.0395,45297,108.5125,233,109.56,85.9906,89.3363,253
564,179.7395,46912,108.1625,242,110.34,85.7351,89.3001,261
565,178.5039,45697,108.9625,244,109.98,85.3873,89.1666,256
566,176.9291,44940,108.45,240,109.14,86.0949,89.4609,254
567,178.0547,45582,108.2125,229,109.06,85.8182,89.101,256
568,176.6008,46446,107.0875,231,110.1,86.0668,88.9465,263
569,176.0591,44719,108,224,109.22,86.3839,89.3231,254
570,174.2727,46008,108.575,221,109.61,86.1083,89.1513,264
571,171.7811,45522,108.675,223,109.12,86.0837,89.1958,265
572,171.1467,44327,108.5875,221,110.14,86.2542,88.869,259
573,170.3268,43774,107.2,225,108.38,86.8509,89.0297,257
574,171.2588,43671,108.6625,211,108.94,86.738,89.014,255
575,169.7713,43801,108.525,229,108.78,85.8325,89.4027,258
576,171.3504,43523,107.0125,228,109.5,86.7338,89.068,254
577,170.642,43855,108.2625,220,109.42,86.3693,89.2022,257
578,168.9542,44266,108.75,228,109.3,86.5659,88.1991,262
579,169.6445,43429,107.2875,220,108.83,86.8517,88.6023,256
580,169.6628,44282,108.375,232,109.97,86.7663,88.2868,261
581,169.4865,43897,107.6875,223,109.32,86.7357,88.5394,259
582,169.8157,43303,107.85,233,109.32,86.728,88.8941,255
583,167.8473,46158,107.55,214,109.42,87.0699,87.8353,275
584,168.9583,44605,107.1375,219,109.02,86.8297,88.1823,264
585,167.8647,44652,108.1125,217,109.04,86.9465,87.9151,266
586,168.9565,42746,107.925,215,108.98,86.8458,88.2847,253
587,166.9412,45408,107.4375,209,109.12,87.1875,87.781,272
588,167.958,44005,108.375,223,109.36,86.9645,88.0473,262
589,165.8403,43616,108.2625,213,109.72,86.5439,87.9113,263
590,166.6783,43003,108.0625,217,109.66,87.1674,87.8731,258
591,164.6996,43316,108.1875,215,109.19,86.8555,88.0163,263
592,166.084,43514,108.475,209,109.69,87.0024,87.5333,262
593,164.9777,44379,108,221,108.98,86.9249,87.6135,269
594,167.5169,44727,109.25,229,109.78,86.8892,87.0418,267
595,166.6873,43172,107.475,225,109.79,87.0479,87.1659,259
596,164.8588,42039,107.5125,211,108.8,87.8528,87.7782,255
597,166.5652,42141,108,221,108.68,87.2601,87.4942,253
598,166.2612,44558,109.025,210,110.89,87.7403,87.2286,268
599,167.8659,43813,107.8375,220,108.36,87.5298,87.5342,261
600,169.4577,44059,108.075,222,108.83,87.3629,87.4705,260
601,173.8482,44679,109.0875,221,110.68,87.3472,87.6114,257
602,174.9289,44257,108.9625,228,109.86,87.3603,87.3205,253
603,178.4118,45495,107.8625,242,109.39,87.3836,87.5766,255
604,180.4368,47094,107.6875,236,109.26,87.3451,87.3407,261
605,180.9723,45786,106.7125,242,109.14,87.2368,87.3924,253
606,181.1351,46914,108.1875,242,109.79,87.1117,87.4893,259
607,181.8735,46014,108.4125,248,109.74,87.0095,87.5547,253
608,180.2763,46331,108.1375,238,109.57,87.3746,87.7846,257
609,177.4308,44890,107.6875,236,108.96,86.9014,87.1489,253
610,175.1265,44307,107.8625,231,108.58,87.3085,87.7079,253
611,174.5057,45895,109.2625,225,110.06,87.6163,87.2758,263
612,174.8196,44579,108.325,222,109.78,87.9094,87.9517,255
613,171.6654,44118,107.1625,232,108.61,87.7393,87.9161,257
614,170.2955,44958,107.6,229,109.39,87.8071,87.3952,264
615,168.7043,43357,107.95,216,109.45,87.7938,87.5748,257
616,167.6836,42927,107.65,214,109.89,87.2368,87.6726,256
617,170.2008,43231,108.075,227,109.24,87.2438,87.8577,254
618,169.6126,42912,108.05,223,109.94,87.6224,87.3387,253
619,168.3203,43090,107.825,216,108.53,87.4823,87.8054,256
620,169.25,43328,107.2125,215,108.78,87.9656,87.4504,256
621,169.3045,45035,109.425,226,110.15,88.0439,87.3784,266
622,170.6378,43342,107.325,224,109.42,87.8622,87.4054,254
623,170.6342,43853,107.4875,227,108.45,87.6242,87.7872,257
624,170.4286,44141,108.2,216,109.38,87.9075,87.7884,259
625,171.0395,43273,107.475,222,109.89,87.8179,87.4243,253
626,170.913,43241,107.3,220,109.44,87.9237,87.5455,253
627,170.8249,43902,107.675,239,109.39,87.396,87.4506,257
628,171.3411,44206,108.8125,217,110.83,87.4502,87.7205,258
629,172.3257,44977,109.1,233,109.26,87.9917,87.6503,261
630,171.7094,45503,108,228,109.58,88.1376,87.3215,265
631,174.2462,46001,109.3375,230,110.12,87.8399,87.2697,264
632,173.8694,46597,106.925,238,109.66,87.8274,87.4231,268
633,175.2566,46443,107.9375,239,109.56,87.6935,87.5784,265
634,174.6142,44352,108.95,220,109.17,87.659,87.6146,254
635,174.2252,45647,108.775,223,110.21,87.6894,87.5282,262
636,175.0728,45694,107.9625,230,108.91,87.3371,88.049,261
637,176.2055,44580,107.825,234,108.39,88.0714,87.8325,253
638,176.0226,46646,108.4125,243,110.42,87.6603,87.2933,265
639,176.3654,45855,108.325,240,108.95,87.365,87.5841,260
640,179.0549,45659,107.675,230,109.09,87.537,87.7935,255
641,181.9811,48043,108.3625,243,110.42,87.305,88.0049,264
642,183.3798,47312,108.3125,252,110.3,87.4955,87.3631,258
643,185.4923,48228,107.6125,242,109.53,87.8045,88.1785,260
644,190.0962,49425,108.2125,260,108.93,88.0007,87.8559,260
645,195.1055,49947,108.525,263,109.94,87.6758,88.3579,256
646,196.9209,49821,107.425,266,108.74,88.0445,88.2912,253
647,197.1765,50280,107.6875,272,108.4,87.9172,88.7136,255
648,198.9249,50328,107.6,299,109.04,88.1151,88.5689,253
649,198.3398,51370,108.6125,309,109.74,87.9216,88.5777,259
650,201.1245,51689,108.4625,278,109.72,88.0054,88.3075,257
651,202.2109,51766,107.8875,289,110.08,87.7714,88.4364,256
652,201.5175,51790,108.0125,283,108.49,88.0571,88.512,257
653,202.0866,51330,108.2625,282,108.57,87.9879,88.4836,254
654,198.717,52660,107.4,268,108.79,87.993,88.6477,265
655,200.6367,51363,107.4125,280,109.26,88.13,88.5394,256
656,197.2824,50307,107.3875,280,108.06,88.362,88.5723,255
657,195.8423,50919,107.7625,271,108.97,88.0872,88.6413,260
658,192.5594,50258,108.4375,278,108.63,88.2439,88.4048,261
659,189.1873,50513,107.5,275,109.1,88.257,88.5236,267
660,187.6808,48797,108.8625,246,109.16,88.3949,88.5512,260
661,188.8919,48923,108.1625,261,109.42,87.9709,88.876,259
662,189.1699,48995,108.75,268,108.94,88.4951,88.7809,259
663,191.9112,49705,109.1125,259,109.54,88.6441,88.558,259
664,192.1953,49202,109.25,261,108.77,88.214,88.9582,256
665,189.593,48915,107.875,261,108.18,88.6016,88.9411,258
666,189.7154,47998,108.7625,264,109.93,88.5502,88.9462,253
667,186.7686,47626,108.1,262,108.45,88.0867,88.9931,255
668,188.2231,48938,107.3375,251,109.31,88.3653,88.6748,260
669,187.8527,48466,107.4875,263,109.31,88.2328,88.75,258
670,186.6374,48899,108.6,265,108.9,88.5469,88.9595,262
671,187.7059,47865,107.0375,272,109.01,88.2657,89.0144,255
672,184.2031,48077,107.6,274,110.21,87.9531,88.9882,261
673,183.1067,46326,108.075,243,109.11,87.9277,88.772,253
674,181.463,46636,107.9875,248,108.17,87.7095,88.7434,257
675,180.3475,46710,108.05,245,108.95,88.5407,89.1833,259
676,183.5059,46794,108.45,251,109.27,88.3481,89.0864,255
677,179.9725,45893,108.325,243,108.51,88.2058,89.2315,255
678,181.1069,47450,108.0625,235,109.55,88.358,89.2961,262
679,182.1583,47179,107.1375,251,108.52,88.2018,89.5728,259
680,183.6985,48129,108.825,261,108.32,88.2013,90.0041,262
681,186.4453,47730,109.2,245,109.91,88.1502,89.7769,256
682,187.332,47395,107.85,253,110.17,88.2247,89.7928,253
683,184.2846,47914,108.1375,243,108.04,88.3312,90.3982,260
684,189.4753,49832,108.5875,262,108.12,87.5935,89.7716,263
685,190.966,50606,110.325,264,108.73,87.8515,89.6812,265
686,192.0536,50126,108.125,254,108.86,87.9325,89.8735,261
687,193.7312,49014,108.5125,272,108.35,87.4961,89.4629,253
688,193.9237,50808,108.85,269,109.74,87.4544,89.936,262
689,194.7606,50443,108.4875,290,109.2,87.562,89.5115,259
690,193.2432,50050,108.0875,296,108.39,87.733,89.7094,259
691,194.6745,49642,108.2125,258,108.47,88.0388,89.6252,255
692,194.2087,49329,108.8,268,110.44,87.7445,89.7281,254
693,191.5157,48645,108.525,249,108.45,87.4046,89.2658,254
694,191.2461,48959,109.25,248,109.96,87.3172,89.5213,256
695,191.3819,48611,108.2625,264,107.92,87.7859,89.5846,254
696,192.6858,50291,109.45,274,110.04,88.0893,89.3315,261
697,189.2662,49777,108.0125,274,109.21,87.5329,89.262,263
698,187.2556,49810,108.5375,250,108.93,87.7038,89.3239,266
699,185.3509,49118,109.05,253,108.86,87.6761,88.9458,265
700,182.6923,47500,108.375,260,109.02,87.8959,88.8677,260
701,185.1984,47596,108.1875,242,108.68,87.5568,89.1656,257
702,186.1367,47651,108.7125,244,108.79,88.382,89.0291,256
703,186.298,47506,108.225,249,109.66,87.742,88.6461,255
704,186.2425,49913,107.5625,240,109.81,88.2431,89.0308,268
705,188.1961,47990,107.8,260,108.83,88.1708,89.2268,255
706,188.9421,48936,108.2875,262,109.26,88.1046,88.7064,259
707,188.9765,48189,107.7875,250,108.84,87.8933,88.9426,255
708,188.3004,49523,108.0875,245,108.13,88.1347,88.8121,263
709,188.4241,48425,107.0875,259,109.37,87.906,89.0798,257
710,189.0977,48409,107.35,265,108.48,88.1231,88.8486,256
711,191.2292,48381,107.75,256,109.31,87.9255,88.8473,253
712,190.1089,48858,109.1125,252,109.46,88.0768,89.1928,257
713,185.6312,48821,107.825,254,108.61,88.1292,88.4929,263
714,186.5094,49425,107.95,260,109.07,88.0676,88.9355,265
715,186.8566,48209,107.475,246,109.02,88.2069,88.4816,258
716,187.7977,48264,107.05,270,108.7,88.4596,88.6872,257
717,187.6908,49175,108.1125,256,109.03,87.7451,88.672,262
718,187.9066,48292,109.3125,243,109.73,88.1571,88.4935,257
719,189.1265,47849,107.575,283,109.21,88.2792,88.6025,253
720,188.1977,48555,107.475,266,109.35,88.4604,88.4767,258
721,186.9922,48057,108.4625,257,109.28,88.3043,88.4855,257
722,185.9213,47224,107.6,253,108.07,88.196,88.6263,254
723,185.4221,48766,108.9375,249,109.03,88.4785,88.1869,263
724,186.082,47637,108.3875,253,110.4,88.3955,88.0039,256
725,187.1976,47361,108.8875,251,109.19,88.1537,88.0732,253
726,186.3962,48463,108.3375,248,110.44,88.4369,87.8973,260
727,184.4866,48151,107.6875,252,108.56,88.3317,87.8775,261
728,183.1231,47612,108.125,236,108.54,88.6719,87.562,260
729,183.4157,46771,108.0625,242,109.59,88.4914,88.0062,255
730,180.5441,47122,108.425,229,110.3,88.9152,87.8568,261
731,177.2701,48572,107.9375,238,108.53,88.7001,87.0817,274
732,178.0891,45947,107.825,244,108.8,88.7401,87.4955,258
733,177.2984,45743,108.5625,234,110.06,88.6101,87.3044,258
734,177.0787,44978,107.5625,244,108.37,88.4817,87.3807,254
735,178.8755,45971,107.325,236,108.17,88.2903,86.9988,257
736,179.4134,45571,108.5125,240,109.5,88.6951,86.852,254
737,180.5866,45869,107.675,237,108.86,88.8129,87.0866,254
738,181.8803,47107,109.3625,258,109.73,88.6707,87.1365,259
739,182.0435,46057,108.7125,247,108.94,89.1834,86.8424,253
740,180.5134,47114,109.0125,262,109.34,88.9591,87.1582,261
741,182.1811,46274,108.175,240,109.42,89.2075,86.8208,254
742,183.8046,47973,107.6625,253,108.96,89.2773,86.4412,261
743,185.7336,48105,107.425,254,108.57,89.2388,86.8319,259
744,186.0984,47269,109.1375,272,109.5,89.0057,86.8857,254
745,186.2253,47115,107.2375,254,108.21,89.0444,86.956,253
746,185.6654,47716,108.05,257,108.91,88.9656,86.9675,257
747,187.0916,49018,108.025,252,109.43,88.8694,87.1014,262
748,189.5681,48719,107.675,268,109.67,88.7765,87.0175,257
749,190.0909,50184,108.925,281,109.72,88.9262,86.5966,264
750,190.3268,48914,108.2625,249,110.59,88.5035,86.9405,257
751,188.4826,48817,108.275,263,108.73,88.4044,87.1314,259
752,187.4302,48357,107.725,258,109.12,88.6999,86.7999,258
753,188.1794,49303,106.9,265,109.76,89.0704,86.5719,262
754,190.3373,48536,107.9625,265,109.28,88.6525,87.2249,255
755,190.4669,48950,108.2375,257,108.61,88.6956,87.0179,257
756,189.5077,49272,108.55,268,110.34,88.9102,87.0655,260
757,189.0079,47819,107.275,265,109.23,89.0448,87.1884,253
758,187.5538,48764,108.95,273,109.53,88.6931,86.7035,260
759,184.7121,47471,106.825,244,108.83,88.5656,87.1562,257
760,184.6102,46891,107.7375,262,108.68,88.376,87.3786,254
761,182.9611,47021,108.25,248,108.78,88.7892,86.8484,257
762,181.5804,46303,107.6625,236,107.92,88.7799,87.412,255
763,179.6692,47253,107.575,233,109.11,88.7682,86.9333,263
764,177.9572,45735,108.0375,250,109.52,88.5759,87.5903,257
765,177.0119,44784,108.25,235,109.52,88.9098,87.0906,253
766,178.5115,46413,107.5875,233,109.53,88.2708,86.6937,260
767,176.9605,44771,107.475,250,109.11,88.4979,86.9365,253
768,179.9665,48411,107.7125,243,109.49,88.9685,87.0706,269
769,180.7248,46627,108.8625,234,109.05,89.1477,86.5746,258
770,180.6641,46250,107.425,238,109.23,89.0525,87.0184,256
771,178.3296,47614,107.6875,234,108.45,88.9954,85.9539,267
772,177.3359,45398,107.3,233,109.43,89.3731,86.5266,256
773,178.8784,45614,108.5625,233,110.04,88.9549,86.4469,255
774,177.4319,45600,106.5625,242,109.65,88.9317,86.4466,257
775,176.6589,45578,107.2,240,108.37,88.8999,86.9529,258
776,175.8071,44655,107.0625,233,109.39,88.544,86.9768,254
777,175.8803,45553,107.8625,226,108.79,88.6182,86.2466,259
778,176.9962,46196,107.7125,234,109.03,88.7466,86.8866,261
779,174.4394,46052,107.75,234,109.3,88.5706,86.6736,264
780,175.9655,45927,107.625,231,109.26,88.2383,87.1268,261
781,175.851,44842,108.025,236,109.67,88.1033,86.1755,255
782,174.8067,47023,109.1375,227,110.74,88.7448,86.5554,269
783,175.1008,45176,108.7125,240,110.28,88.6229,86.9477,258
784,173.916,45566,108.5875,220,108.94,88.0567,86.7199,262
785,174.845,45110,107.3875,228,108.85,89.0127,86.7168,258
786,175.5038,45631,108.2375,229,109.29,88.8823,87.1186,260
787,173.1762,45199,107.6625,215,109.95,88.5987,87.5911,261
788,169.8582,47900,107.8625,215,109,88.9526,87.0349,282
789,169.7481,45832,107.975,222,108.33,88.5038,87.0971,270
790,171.7938,44151,107.35,218,109.38,88.7752,87.6103,257
791,170.0973,43715,107.975,214,108.93,87.8664,87.4464,257
792,171.4923,44588,107.5875,236,108.29,88.5983,87.7681,260
793,172.1181,43718,107.7625,221,108.75,87.6822,87.1953,254
794,170.3525,44462,107.2625,222,108.06,88.1779,87.2642,261
795,171.5385,44600,107.7125,226,110.35,89.0186,88.1528,260
796,173.9091,43999,108.8125,231,110.4,88.7662,87.6324,253
797,173.231,47985,107.6375,231,109.01,88.677,87.9994,277
798,175.5539,47224,107.6625,240,109.15,88.3815,88.5771,269
799,176.9472,46891,107.5375,228,109.23,88.5422,87.9469,265
800,180.6941,46077,107.9875,233,110.48,88.5198,88.6053,255
801,181.1333,46189,107.825,235,108.2,87.6947,88.307,255
802,185.3478,46893,108.0625,253,110.3,87.9184,88.7803,253
803,184.2442,47535,107.5125,245,108.55,88.2143,88.4864,258
804,186.6367,47779,107.925,254,108.26,87.9784,88.728,256
805,188.2101,48370,108.825,242,107.89,88.2458,89.0171,257
806,189.9375,48624,108.4875,262,108.91,87.6651,89.3062,256
807,189.252,48070,107.925,240,109.08,88.343,89.2938,254
808,188.8386,47965,107.65,249,108.81,88.1833,89.5358,254
809,189.5846,49292,108.025,237,107.66,87.9487,89.7038,260
810,189.6443,47980,107.4875,256,108.83,88.3091,90.1836,253
811,188.8359,48342,109.225,254,108.77,87.8546,89.9095,256
812,188.2008,47803,106.5375,250,108.18,87.8454,89.9806,254
813,190.417,49318,108.475,258,109.04,87.6881,90.0971,259
814,191.3346,49173,108.375,260,108.73,88.3742,90.1182,257
815,193.6265,49762,107.3625,261,108.98,87.7894,90.5586,257
816,194.4,49572,108.5125,270,108.08,88.113,90.6468,255
817,197.7647,50430,107.25,283,108.74,87.7528,90.7033,255
818,199.4363,51654,107.85,270,107.85,87.5565,90.7414,259
819,200.6732,50971,106.8,287,108.48,87.9165,90.9511,254
820,203.7799,52779,109.925,278,109.12,87.9982,91.0656,259
821,203.1731,52825,107.7,279,107.7,88.1057,90.891,260
822,206.4672,53475,108.875,291,109.24,88.0906,91.0201,259
823,208.9648,53495,107.45,292,107.71,87.9741,91.0816,256
824,210.3852,54069,108.35,308,108.65,88.0458,91.0711,257
825,213.2595,55874,108.9375,298,109.6,88.1955,90.9696,262
826,216.3488,55818,109.2,302,109.02,87.9933,91.2761,258
827,217.5611,57001,109.2375,306,109.69,87.6176,90.9984,262
828,218.7471,56218,107.775,304,108.1,87.8146,91.4074,257
829,219.8566,56723,107.8625,309,108.75,87.925,91.294,258
830,223.1059,56892,107.9375,336,107.57,87.9073,90.9535,255
831,222.6758,57005,107.8,327,108.24,87.7487,90.5767,256
832,225.8196,57584,108.55,314,109.13,88.2693,90.6444,255
833,225.5551,57291,108.2875,330,109.35,87.9228,90.6737,254
834,224.4961,57471,108.3125,345,108.25,87.7172,90.4357,256
835,223.1339,56676,107.175,318,108.36,88.0619,90.4515,254
836,223.9012,56647,107.6375,321,108.16,87.9211,90.1857,253
837,225.2549,57440,108.6375,321,109.62,87.9877,90.4258,255
838,224.3843,57218,108.4375,316,110.17,88.0587,90.1028,255
839,222.4865,57624,107.25,312,109.1,87.7462,89.7199,259
840,221.2045,58398,107.2,345,109.13,87.9995,89.8403,264
841,222.5781,56980,107.975,333,108.59,87.6989,89.9249,256
842,222.4457,57391,108.0125,320,109,88.0405,90.2727,258
843,221.6614,56302,108.7,314,109.24,88.1413,89.7527,254
844,219.0545,56297,108.575,323,108.36,87.7883,89.7915,257
845,218.3281,55237,108.475,313,109.63,87.7617,90.0628,253
846,219.1977,56553,108.55,294,109.24,87.9687,89.7278,258
847,213.2724,54811,107.4625,297,108.74,88.0237,90.0601,257
848,214.4173,54462,108.225,296,108.58,87.8732,89.4183,254
849,212.2879,54558,108.25,295,108.18,87.5635,89.8208,257
850,212.3672,54366,107.7875,302,109.16,87.7555,89.5906,256
851,213.1339,54136,109.325,297,108.81,88.0289,89.6901,254
852,212.4471,54174,107.95,296,109.07,87.8161,89.0274,255
853,213.938,55196,109.7125,280,110.26,87.9672,89.5808,258
854,214.1115,55669,108.9375,301,109.51,87.6866,89.146,260
855,213.1762,55639,108.0875,288,108.69,88.0191,89.3036,261
856,210.8023,55441,108.325,284,108.77,88.2893,88.8438,263
857,209.5741,55118,109.2375,281,109.75,87.9377,88.9158,263
858,212.3976,53949,108.1125,302,108.39,88.2028,89.0579,254
859,211.698,53983,107.475,288,109.39,88.1607,88.5264,255
860,211.2078,53858,108.6375,310,108.97,87.8646,88.776,255
861,210.7769,54802,106.8875,293,108.96,88.4096,88.4601,260
862,210.6562,53928,108.2625,295,108.59,88.7239,88.9439,256
863,210.5551,53481,108.6125,293,108.8,88.262,88.5827,254
864,209.8633,53725,107.175,299,108.95,88.5432,88.2995,256
865,211.0463,54661,106.9625,301,108.57,88.1457,88.4907,259
866,211.2337,55132,108.475,282,109.56,88.414,88.3122,261
867,215.378,54706,108.5875,296,107.87,88.3317,88.2948,254
868,215.0316,54403,108.75,305,109.56,88.2185,88.368,253
869,215.415,54500,108.75,292,109.6,88.2286,88.6564,253
870,216.122,54895,109.2875,295,109.78,88.7443,88.4213,254
871,220.1225,55691,108.9125,321,110.57,88.6766,87.9806,253
872,215.7913,54811,107.9,297,108.8,88.6688,88.2365,254
873,217.1804,55381,108.8125,301,110.59,88.5553,88.2405,255
874,218.9094,55603,109,288,110.55,88.7783,87.945,254
875,215.8479,56768,108.1875,317,109.5,88.7056,87.9885,263
876,217.8383,57945,107.3375,317,109.2,88.2906,87.6302,266
877,219.5968,55558,109.5,300,110.24,89.2111,87.6189,253
878,217.3843,55433,107.9875,299,109.5,89.0671,87.7342,255
879,217.2654,56489,107.0125,309,108.72,89.0867,87.4563,260
880,219.1542,55446,108.5375,309,108.77,88.9821,87.3288,253
881,218.9537,56709,108.0875,318,109.37,89.5574,87.7523,259
882,219.1931,56771,108.1,329,108.58,89.0298,87.2271,259
883,220.6423,57367,107.55,303,108.48,89.4888,87.3083,260
884,219.9255,56081,107.825,313,108.57,89.3368,87.0805,255
885,219.4981,57289,108.2375,321,109.33,88.8309,86.9483,261
886,223.0433,56653,107.225,322,108.81,89.1409,87.2926,254
887,221.5,56704,107.1375,333,109.16,89.1254,87.0676,256
888,223.437,56753,107.1625,318,107.73,89.1941,87.2686,254
889,222.3047,56910,108.525,310,110.29,89.3249,86.7201,256
890,219.5525,56425,107.575,338,108.65,89.1952,87.0456,257
891,221.2196,56411,108.4625,313,110.18,89.7437,87.0939,255
892,217.314,56067,107.8,308,108.44,89.6984,86.9635,258
893,216.0672,54665,108.4125,288,109.18,89.2514,87.036,253
894,211.2667,53873,107.5375,298,108.78,89.5394,86.5662,255
895,208.139,53908,107.9125,292,108.72,89.1739,86.7046,259
896,204.0345,53253,107.1875,278,108.99,89.7682,86.7899,261
897,202.7036,51284,107.9625,281,109.16,89.7374,86.6596,253
898,199.6008,51497,109.0125,268,109.42,89.7065,86.6565,258
899,198.5613,50236,108.2125,270,108.69,89.6368,86.2645,253
900,195.8867,50147,107.625,286,108.26,90.0593,86.423,256
901,196.6374,51519,108.3,274,109.8,90.2168,86.5693,262
902,194.6641,50418,108.925,267,109.94,90.4463,86.5318,259
903,193.9213,49256,107.9875,258,108.68,90.3644,86.0574,254
904,192.6602,49321,107.35,272,109.1,91.0148,86.7195,256
905,193.6602,49577,108.175,256,109.56,91.1286,86.3862,256
906,189.9565,48059,106.5625,261,109.73,91.1218,86.201,253
907,187.3062,48325,107.475,263,108.56,90.7232,85.8611,258
908,186.6445,47781,106.9875,252,108.81,91.0286,85.9302,256
909,185.5,49714,107.3625,255,108.27,91.0536,85.5905,268
910,187.6482,47475,108.75,253,109.02,91.0492,86.1734,253
911,186.1,48386,107.7125,258,110.79,91.7248,86.1537,260
912,184.4235,47028,107.1375,253,109.31,91.4367,86.1412,255
913,182.0302,48238,107.8125,258,109.56,91.2112,86.2508,265
914,181.6854,48510,106.7375,250,108.88,91.1099,86.1246,267
915,179.7539,46017,107.4,257,108.88,91.7403,86.3952,256
916,178.626,46800,107.6625,233,108.47,91.3675,86.0483,262
917,178.2664,46171,108.275,231,109.92,91.5582,86.2334,259
918,175.3098,44704,106.825,217,108.73,91.5249,86.1646,255
919,173.3588,45420,108.0375,227,109.86,91.9242,86.1795,262
920,172.3194,45320,108.3,232,108.77,91.7249,86.1603,263
921,170.3473,44631,108.1625,224,109.57,91.7988,86.0504,262
922,171.5985,44444,107.0875,215,108.83,91.6771,85.7067,259
923,170.7308,44390,107.575,229,108.26,91.5399,85.1845,260
924,169.8253,45683,107.1625,224,108.97,91.7775,85.8798,269
925,170.2444,45966,108.075,224,109.61,91.6296,85.5314,270
926,169.5703,44597,107.85,217,108.77,91.9203,85.9039,263
927,170.433,44483,108.5875,223,110.45,92.5459,85.8865,261
928,168.2835,42744,106.8625,218,108.96,91.8311,86.1395,254
929,168.2917,44429,107.35,224,108.06,91.6441,85.7231,264
930,170.9921,43432,107.5125,222,108.96,91.9238,86.0215,254
931,170.4601,44831,107.5875,231,108.96,91.7053,85.6861,263
932,173.221,46250,106.825,224,109.09,91.3031,85.6073,267
933,176.9513,47246,106.975,243,109.01,90.9845,86.3384,267
934,174.8231,45454,107.7625,233,109.11,91.3851,86.4717,260
935,177.8943,47142,108.8875,236,109.39,91.3726,86.177,265
936,180.9237,47402,108.4875,247,109.12,92.1498,85.7399,262
937,181.5451,48291,107.4875,245,109.88,91.6562,86.1078,266
938,182.5079,46357,108.05,242,108.77,91.581,86.5498,254
939,186.1467,48212,107.5375,254,108.39,91.651,86.3234,259
940,185.6154,48260,108.175,251,108.7,91.7228,86.5769,260
941,187.5096,48940,108.3375,256,108.68,91.2946,86.0529,261
942,187.9059,47916,106.9875,256,108.67,91.4891,86.6102,255
943,188.0817,48337,106.4125,264,108.85,91.4044,86.7572,257
944,187.5175,48192,107.6,266,108.15,91.3604,87.1625,257
945,190.3591,49303,108.575,267,108.91,91.2619,86.8879,259
946,189.0467,48585,107.75,264,108.11,91.371,86.8936,257
947,188.7413,48884,107.4375,269,108.8,91.1756,86.7139,259
948,187.8162,51086,108.75,261,109.77,91.8233,86.595,272
949,187.567,48955,106.6125,253,108.59,91.345,87.4075,261
950,189.5581,48906,106.925,250,108.52,91.531,87.247,258
951,190.8458,48284,106.9,283,108.89,91.3758,87.1548,253
952,190.6731,49575,107.825,258,108.83,91.6726,87.459,260
953,189.2756,48076,107.3375,265,108.85,91.3035,87.1711,254
954,187.5096,48940,106.625,266,108.68,91.4418,87.9858,261
955,185.1758,47405,107.425,245,108.34,92.0041,87.4473,256
956,181.876,46924,107.3,234,108.36,91.2875,88.0584,258
957,180.8038,47009,107.95,244,107.7,91.8185,87.9152,260
958,179.7375,46552,108.3125,247,108.64,91.4784,87.9564,259
959,180.9183,46496,106.875,259,108.31,91.3599,87.8164,257
960,178.7356,46650,108.0125,241,108.34,91.1293,88.2588,261
961,175.8075,46589,107.8125,247,107.97,91.8997,88.151,265
962,176.5742,45203,106.725,238,108.27,91.3621,88.9378,256
963,174.8996,47048,108.35,238,109.42,91.2038,88.6344,269
964,175.314,45231,107.325,224,108.34,91.5024,88.8936,258
965,175.8661,44670,109.4125,223,108.77,91.1492,89.1383,254
966,172.6978,46283,107.6375,231,108.64,91.4364,88.7389,268
967,173.0194,44639,108.0625,228,108.03,91.5558,89.0204,258
968,170.8327,44929,106.8625,232,108.16,91.5109,89.8013,263
969,169.3852,43532,107.3125,224,108.41,91.6014,89.486,257
970,170.4077,44306,107.175,219,107.99,91.3335,90.0824,260
971,170.5789,45374,108.2875,215,107.85,91.5625,90.2279,266
972,170.0153,44374,108.2375,218,107.87,91.3198,89.9254,261
973,173.7004,44641,109.4625,224,110.12,91.9827,90.0998,257
974,173.6911,44986,107.9375,230,108.07,91.8389,90.2169,259
975,173.6667,44806,107.175,228,107.8,91.4784,90.5544,258
976,176.2,44931,107.625,228,107.64,91.5658,90.2823,255
977,175.6629,46375,107.4875,223,108.65,91.5173,90.161,264
978,178.2397,47590,107.45,231,108.26,91.4876,90.2569,267
979,177.1949,49083,107.7375,223,108.62,91.129,90.3688,277
980,176.2305,47406,107.425,227,107.85,91.2385,90.4695,269
981,178.1846,46328,107.9,231,108.49,91.1709,90.2767,260
982,175.178,46247,108.6125,226,108.73,90.8911,90.0541,264
983,174.7159,47348,107.55,223,107.79,90.7929,90.0372,271
984,177.1484,45350,109.55,249,109.14,90.864,90.3724,256
985,173.791,46576,109.275,237,109.23,91.4303,90.4299,268
986,174.9421,45310,108.2625,225,107.74,90.9026,90.0274,259
987,175.6537,45143,108.1125,236,107.13,91.0599,89.4674,257
988,175.0866,44472,107.775,234,108,90.8529,89.9364,254
989,178.0435,45045,108.725,232,109.25,90.9782,89.4917,253
990,176.5758,46616,107.45,245,108.01,91.154,89.4806,264
991,180.1712,46304,108.1875,243,109.04,90.7782,89.3902,257
992,179.8599,46224,108.8875,229,109.37,91.0556,89.3948,257
993,182.6324,46206,108.15,241,109.83,90.8123,89.2987,253
994,182.4231,47430,108,240,108.4,90.708,89.1525,260
995,182.6654,48041,107.3125,251,108.42,90.701,89.354,263
996,183.7116,49051,107.4,239,107.64,90.6346,88.8907,267
997,184.2802,47360,108.575,250,109.07,90.9114,89.0066,257
998,183.2077,47634,108,243,108.77,90.9776,89.3431,260
999,181.6808,47237,107.7,256,107.71,91.3057,89.2338,260
1000,181.9923,47500,107.7625,247,107.83,90.7343,89.4809,261
1001,182.8819,46452,108.0125,250,108.57,91.3104,89.6315,254
1002,182.8178,47167,108.25,255,108.17,90.8215,89.2491,258
1003,184.7756,46933,106.6875,235,108.8,90.7492,89.4655,254
1004,184.3031,46813,107.775,252,108.33,91.1123,89.3675,254
1005,185.2402,47051,108.0625,238,109.53,91.0445,88.9087,254
1006,183.8281,47060,107.2125,238,108.28,91.4663,89.2016,256
1007,183.5962,47735,107.3,238,109.04,90.9423,88.9414,260
1008,184.4528,46851,107.8,244,108.09,91.5011,89.3837,254
1009,183.0923,47604,107.2375,244,108.15,91.6962,89.1791,260
1010,183.6299,46642,107.0375,243,108.97,91.3957,88.9638,254
1011,182.0981,48256,107.325,234,108.79,91.5003,89.23,265
1012,182.3774,46871,107.3375,246,108.46,91.297,88.1881,257
1013,184.3463,47377,108.475,241,108.33,91.5521,88.5472,257
1014,186.8221,47266,107.7125,250,108.19,91.2995,88.6029,253
1015,189.6202,48922,107.6625,264,107.95,91.0803,88.2304,258
1016,189.7115,47997,106.925,275,108.14,91.3122,88.2808,253
1017,192.0891,49559,107.5,262,108.72,91.6076,88.4584,258
1018,197.9219,50668,107.6,274,109.15,91.3001,87.9313,256
1019,199.2054,51395,109.35,285,109.41,90.941,88.3566,258
1020,201.2372,50913,107.8875,279,108.73,91.3403,88.3287,253
1021,204.6417,51979,108.3,301,109.33,91.2685,88.2117,254
1022,202.9231,52760,108.075,295,108.29,91.7375,88.4521,260
1023,206.7915,53559,108.1875,274,108.24,91.6955,88.3445,259
1024,208.9394,55160,108.9,275,108.98,91.664,88.3528,264
1025,209.0725,54777,108.5375,291,108.34,91.5998,87.8609,262
1026,212.2023,55597,109.2,332,110.25,91.7321,87.8306,262
1027,212.3504,53937,107.5625,337,108.78,92.0058,87.7143,254
1028,210.6457,53504,107.3875,322,108.81,91.6426,87.4447,254
1029,211.293,54091,108.2125,305,109.87,91.9238,87.5633,256
1030,209.5945,53237,108.225,296,108,92.0705,87.1906,254
1031,209.6926,53891,107.5125,308,108.42,92.0437,87.378,257
1032,208.6627,53209,108.0125,309,110.34,92.0013,87.2567,255
1033,206.7674,53346,107.675,298,109.43,92.2549,87.1773,258
1034,209.1961,53345,107.3625,292,108.16,92.0677,86.6377,255
1035,209.6314,53456,107.0625,303,108.29,92.5945,86.7895,255
1036,209.9252,53321,108.3875,311,108.54,92.0119,86.5303,254
1037,206.9647,52776,107.025,284,108.79,92.3246,86.3904,255
1038,204.4943,53373,107.5375,299,108.33,92.4591,86.346,261
1039,205.6206,52022,107.7375,281,108.39,92.4336,86.7633,253
1040,203.3794,51455,108.25,303,109.4,92.4351,86.1085,253
1041,202.8482,52132,106.95,285,108.62,92.428,86.8085,257
1042,198.7023,52060,107.4375,271,108.77,92.2487,86.4552,262
1043,196.5882,50130,106.7375,270,108.56,92.346,86.5411,255
1044,194.2023,49910,108.6,252,108.7,92.6754,86.5178,257
1045,191.1829,49134,107.9,269,107.84,91.8283,86.1678,257
1046,187.5079,47627,108.1125,252,109.89,92.3309,86.4026,254
1047,184.6364,46713,107.7125,271,109.44,92.5832,85.8196,253
1048,181.4803,46096,107.5,240,108.85,92.4341,86.149,254
1049,179.4225,46291,107.7875,231,109.88,92.7081,86.226,258
1050,175.306,46982,107.475,227,107.94,92.9771,85.8829,268
1051,174.6047,45048,107.675,224,108.35,92.7235,85.787,258
1052,172.6856,45589,107.625,226,107.96,92.9728,86.0527,264
1053,170.8943,45287,107.5875,243,107.82,93.0391,85.8514,265
1054,172.5564,44347,107.825,217,108.44,92.6913,86.5672,257
1055,169.4679,44909,106.95,229,108.2,93.1778,85.2458,265
1056,169.1642,45336,107.3375,232,108.91,92.9813,85.4184,268
1057,172.5315,43823,107.8375,230,110.3,93.091,85.3165,254
1058,169.3653,45898,107.8625,219,108.59,93.0182,85.3564,271
1059,170.6236,44874,106.625,228,108.37,92.1637,85.6399,263
1060,170.5402,44511,108.55,232,109.02,92.6506,85.5297,261
1061,169.1015,44981,108.2375,225,110.12,93.0398,85.3636,266
1062,168.303,44432,107.7625,220,108.41,93.3762,85.6423,264
1063,170.0846,44222,107.5,230,108.54,92.8966,85.5297,260
1064,170.6754,45741,108.475,224,109.26,93.1041,85.582,268
1065,170.4808,44325,107.4875,222,109.8,92.7952,85.7387,260
1066,171.5,43561,107.55,233,108.65,92.7868,85.8993,254
1067,171.688,45669,107.4875,231,109.14,92.57,85.5926,266
1068,172.9667,46701,107.9125,224,109.22,92.9468,85.5199,270
1069,171.6092,44790,106.6375,238,109.45,93.1,85.8645,261
1070,171.4258,43885,108.775,212,109.05,92.7591,85.8121,256
1071,169.7165,43108,107,230,108.45,93.3077,85.6714,254
1072,169.7923,44146,107.9125,241,108.55,93.4445,85.8972,260
1073,169.8488,43821,106.1625,219,108.59,93.791,85.3197,258
1074,168.8798,43571,106.2,221,109.43,93.6257,85.3803,258
1075,168.6255,43674,106.375,236,109.64,93.645,85.5584,259
1076,168.4106,44292,108.725,221,110.48,93.9669,85.2299,263
1077,167.1049,44617,107.2,222,107.89,93.3153,84.9017,267
1078,166.5057,43458,107.65,211,107.83,94.4221,84.7697,261
1079,166.4163,42769,107.7375,213,108.66,93.4034,84.9556,257
1080,166.8157,42538,108.0875,223,109.19,93.2474,85.9306,255
1081,165.2519,43296,109.6125,217,109.31,93.8378,85.075,262
1082,164.8687,42701,107.2875,206,107.86,92.8856,85.1284,259
1083,164.6601,41659,107.95,214,109.08,93.3169,84.8185,253
1084,163.5229,42843,107.2875,211,107.81,93.0848,84.6448,262
1085,162.8955,43656,107.35,203,107.81,93.2366,85.068,268
1086,162.9538,42368,107.375,212,108.55,93.0403,84.8954,260
1087,163.0863,41587,106.7375,212,108.29,93.962,84.5403,255
1088,162.814,42006,108.9,216,110.01,93.1649,84.849,258
1089,161.928,42749,106.6,202,108.97,93.2535,84.7906,264
1090,162.7652,42970,107.225,222,107.88,93.3758,85.2113,264
1091,162.9038,42355,107.2,204,108.17,92.9831,85.5508,260
1092,161.4745,41176,107.3125,210,107.93,93.1503,86.1594,255
1093,162.1636,43622,108.5625,218,109.67,92.923,85.2648,269
1094,162.3321,43505,107.075,208,107.75,93.1789,85.684,268
1095,163.0543,42068,107.2875,198,108.4,93.2196,85.2348,258
1096,161.4152,44712,107.4625,210,108.37,93.8809,85.2643,277
1097,161.6439,42674,107.375,207,108.73,92.8441,85.0173,264
1098,161.8228,41103,108.1375,201,109.38,92.8527,85.3451,254
1099,158.5547,40590,107.3625,196,108.13,92.9368,85.2822,256
1100,160.415,40585,108.8375,208,109.1,93.2722,85.0279,253
1101,159.3731,42712,107.2,200,108.16,93.2894,86.0007,268
1102,159.2756,40456,107.3875,204,109.03,93.5783,84.8706,254
1103,158.5351,42963,108.15,211,109.58,92.5407,85.6825,271
1104,157.9628,42492,107.5,216,108.2,93.0144,85.8154,269
1105,156.8791,42828,107.2,200,109.31,93.6778,85.2747,273
1106,156.2622,44691,107.0875,203,108.26,93.5989,85.6012,286
1107,158.4774,42155,108.5375,203,109.26,93.7985,85.4253,266
1108,158.3992,40867,106.5375,195,108.3,92.0887,85.8255,258
1109,157.7803,41654,107.5,204,107.31,93.0364,86.4369,264
1110,157.6388,41459,106.875,208,108.17,92.7318,86.563,263
1111,157.2546,42616,106.2375,195,108.7,92.6018,85.3551,271
1112,156.5902,41653,108.225,205,108.22,93.4294,85.8498,266
1113,157.8081,42766,107.0875,198,107.52,92.5644,86.7725,271
1114,156.6498,43392,107.325,184,108.34,92.7132,86.3053,277
1115,156.8667,42354,106.8375,199,108.22,91.8586,86.6767,270
1116,156.8092,41084,107.3125,190,107.65,92.5765,86.3535,262
1117,156.6059,42127,107.5625,195,107.62,93.4651,86.7042,269
1118,156.4701,41934,107.2375,195,109.06,93.3255,86.2631,268
1119,155.8443,45039,107.1625,187,108.69,92.7883,86.1991,289
1120,157.5131,42056,106.575,200,108.79,93.1936,86.6867,267
1121,155.9208,41319,106.5,187,108.32,92.9778,86.2812,265
1122,156.9268,45038,107.0625,197,109.2,91.8583,86.9042,287
1123,155.8648,43798,107.5125,193,107.5,92.9582,87.1409,281
1124,155.1115,43121,107.3125,191,107.77,92.8235,87.2215,278
1125,156.0273,39943,107.2625,199,108.47,92.4283,87.5621,256
1126,155.7034,40950,107.1375,205,107.94,92.2113,88.7816,263
1127,156.6217,41818,108.175,196,108.84,92.6495,88.1399,267
1128,156.8242,40147,107.975,208,108.63,92.3178,88.346,256
1129,155.2167,40822,107.5125,191,107.6,92.4103,88.4815,263
1130,156.6602,40575,107.575,191,108,91.8748,88.2247,259
1131,155.5182,42612,108.4625,191,109.45,91.4445,88.1368,274
1132,155.6716,42187,107.4875,183,108.05,92.0429,88.5431,271
1133,156.751,40912,107.525,194,107.68,91.4519,88.8112,261
1134,158.5984,40284,106.7875,186,107.74,92.4582,89.3213,254
1135,159.9147,41258,108.775,200,108.89,90.9889,88.8348,258
1136,160.1604,42923,109.225,208,108.43,91.2095,89.3712,268
1137,160.6567,43056,108.3625,196,109.74,91.288,89.1279,268
1138,161.7154,42046,107.0625,209,108.01,91.2622,89.9392,260
1139,158.7605,41754,108.525,202,108.19,91.5329,90.209,263
1140,160.1172,40990,107.1,208,107.14,91.4495,90.1863,256
1141,160.7316,43719,108.65,201,108.94,92.581,90.1589,272
1142,160.9157,41999,108.125,193,109.15,91.4716,89.2828,261
1143,159.3333,42064,107.4875,204,107.9,91.6335,89.2309,264
1144,157.9778,42654,106.9875,194,107.19,91.4546,88.7307,270
1145,159.3027,41578,106.95,203,108.58,91.0631,90.4608,261
1146,158.6856,41893,107.7375,201,108.54,90.5624,90.361,264
1147,159.5736,41170,107.4125,200,107.81,91.7385,89.5995,258
1148,158.5911,42661,108,194,107.82,91.1473,88.7816,269
1149,159.5194,41156,107.525,191,107.62,90.9625,89.1321,258
1150,158.6592,42362,107.1125,188,108.61,91.1112,88.9582,267
1151,160.0833,42262,108.3125,202,109.33,90.7236,89.0092,264
1152,160.1667,41323,109.075,191,108.4,91.0849,88.7448,258
1153,160.1273,42754,107.7125,199,107.54,90.5763,88.4419,267
1154,161.1213,43825,107.0625,205,108.02,90.222,88.8891,272
1155,160.207,41013,107.4875,208,108.27,91.3418,88.6939,256
1156,162.0808,42141,107.3,205,108.32,91.0772,87.8855,260
1157,161.0293,43961,107.9125,201,108.57,90.513,88.4429,273
1158,164.61,42634,107.6125,202,108.29,90.8831,88.0521,259
1159,167.3333,43172,107.1625,223,107.47,91.3464,88.2208,258
1160,170.3189,43261,108.025,227,108.54,90.2527,88.695,254
1161,171.5889,43412,108.4625,227,108.57,91.1953,88.6248,253
1162,171.8856,46581,108.875,229,109.51,91.1401,89.0061,271
1163,172.3182,45492,108.325,226,108.49,90.6992,88.4961,264
1164,175.1947,45901,108.025,229,108.03,91.7641,89.3822,262
1165,176.5057,46068,107.675,233,107.8,90.7814,88.6239,261
1166,177.0158,44785,108.175,247,108.1,90.898,88.2621,253
1167,176.5333,45016,108.5,230,109.26,90.9559,88.6419,255
1168,177.5019,45973,107.025,232,109,90.9411,88.5379,259
1169,179.1575,45506,107.35,248,108.8,91.2661,88.327,254
1170,179.6312,47243,107.975,235,107.72,91.0931,88.5891,263
1171,179.8068,47469,107.6,258,107.82,91.0431,88.6462,264
1172,179.6196,45803,108.6125,224,108.64,90.9769,88.3117,255
1173,177.881,47850,107.95,220,108.36,91.1225,87.8665,269
1174,177.6045,47598,107.5375,239,108.56,90.8861,88.0575,268
1175,178.5251,46238,108.475,230,108.55,91.6222,88.1294,259
1176,180.0798,47361,107.675,222,108.64,91.3555,87.966,263
1177,182.0154,47324,108.4125,241,108.33,91.8641,87.5148,260
1178,180.5811,47854,108.2125,244,108.93,90.7349,88.1143,265
1179,181.582,46485,107.925,241,107.37,91.4048,87.9746,256
1180,181.6718,47598,107.325,234,108.33,91.5692,88.1467,262
1181,183.7328,48138,108.6,243,108.44,91.8674,88.1529,262
1182,185.0709,47008,108.5875,252,109,91.2905,87.5935,254
1183,182.6047,47112,107.3375,241,108.01,91.1743,87.3147,258
1184,181.4432,47901,107,254,108.52,91.3418,87.5447,264
1185,181.3953,46800,108.3125,245,108.61,91.1774,87.0694,258
1186,178.0342,46823,107.0875,243,108.56,91.3234,87.2837,263
1187,178.5632,46605,108,245,109.07,91.6399,87.6138,261
1188,181.3726,47701,108.8375,251,109.95,91.5253,87.1021,263
1189,178.834,45245,107.1125,235,108.68,91.5431,87.8455,253
1190,178.4646,45330,108.2125,227,108.96,91.4358,86.9652,254
1191,179.0849,48532,107.6,237,108.44,90.7691,87.0286,271
1192,179.794,48005,107.8125,236,107.7,91.0627,86.5234,267
1193,182.3557,46136,107.9,245,109.06,91.0745,87.1404,253
1194,182.8465,46443,106.8875,234,108.16,90.9427,87.2982,254
1195,182.2538,47386,107.7125,232,108.57,91.3434,87.1096,260
1196,184.7432,47479,106.8375,252,108.45,91.0331,87.1269,257
1197,186.7812,47816,107.1125,250,108.37,91.0999,86.6008,256
1198,187.6166,47467,107.575,267,108,91.2508,87.2738,253
1199,192.149,48998,106.825,250,108.06,91.7342,87.0418,255
1200,193.5682,51102,107.6375,264,108.84,91.1761,86.7414,264
1201,196.3425,49871,107.325,287,108.23,91.3549,87.3712,254
1202,198.9466,52124,108.5375,262,110.01,91.35,86.3133,262
1203,198.7773,50887,106.3875,265,108.11,91.4794,86.9634,256
1204,198.2946,51160,107.475,275,107.83,91.5028,86.6528,258
1205,198.6245,51841,107.5375,268,108.35,91.6252,86.6047,261
1206,197.0312,50440,106.9625,257,109.24,91.6447,86.302,256
1207,193.6522,48994,107.4125,265,108.77,91.8293,86.7301,253
1208,196.581,49735,107.225,266,109.3,91.8435,86.317,253
1209,194.1914,49713,107,259,109.22,91.8968,86.3732,256
1210,196.1484,50214,106.775,271,107.93,91.9643,86.5328,256
1211,194.3206,50912,107.7,272,108.44,91.8971,86.7809,262
1212,194.2654,50509,106.9875,254,108.5,91.8863,86.6306,260
1213,196.3619,50465,107.05,274,108.53,91.7351,86.2372,257
1214,196.3462,51050,107.5125,265,108.15,91.7569,86.0011,260
1215,197.9618,51866,106.0625,281,107.78,92.0374,85.7717,262
1216,198.8506,51900,107.1125,270,108.31,92.0379,86.2361,261
1217,199.1801,51986,107.75,302,107.9,92.3115,86.1548,261
1218,200.2218,51457,106.825,264,108.9,92.0629,86.2885,257
1219,201.4134,51159,108.3625,294,108.7,92.3049,85.9504,254
1220,200.1705,51644,108.375,290,109.1,92.0292,86.1788,258
1221,197.9,51454,107.3,270,108.76,92.4411,86.015,260
1222,194.2548,51089,107.625,266,108.7,91.9549,85.7912,263
1223,195.9734,51541,108.65,284,109.01,92.1678,86.0978,263
1224,194.6139,50405,106.6,268,108.12,92.4249,85.7741,259
1225,192.8371,50909,107.2125,276,108.57,92.2732,86.0335,264
1226,193.2703,50057,107.475,270,108.96,92.3147,85.551,259
1227,195.4419,50424,106.9125,268,108.61,92.523,85.7619,258
1228,196.5508,50317,108.3875,257,108.76,92.6573,85.5897,256
1229,197.2627,50302,107.6125,258,108.75,92.2171,85.7525,255
1230,194.2481,50893,106.75,272,108.63,92.6977,85.5319,262
1231,193.4078,49319,106.725,269,109.55,92.7924,85.7017,255
1232,195.8837,50538,107.275,269,108.23,92.6378,85.4909,258
1233,195.1163,50340,108.15,276,108.32,92.8173,85.6457,258
1234,195.2157,49780,107.0125,269,109.68,92.724,85.5451,255
1235,193.1801,50420,107.4,264,108.9,92.3929,85.2538,261
1236,195.0392,49735,107.9875,271,110.09,92.7364,86.0253,255
1237,194.8282,51045,107.8875,264,108.78,92.6489,85.8735,262
1238,195.1731,50745,107.85,268,107.9,93.0965,86.1844,260
1239,197.6502,51982,107.3875,263,109.12,92.9866,85.9286,263
1240,200.1163,51630,107.4,285,108.97,92.8765,85.749,258
1241,199.5581,51486,108.1375,264,108.97,92.8688,86.032,258
1242,199.1333,50779,108.375,262,108.85,92.3972,85.695,255
1243,197.185,50085,107.375,264,109.14,92.6374,85.5562,254
1244,197.3295,50911,107.0875,263,108.27,92.8531,85.6388,258
1245,195.4205,51591,108.1625,265,110.29,92.6309,85.5096,264
1246,193.8914,51769,107.8125,262,110.1,92.7859,85.2012,267
1247,191.3504,48603,107.9875,251,109.03,92.7886,85.7661,254
1248,192.5598,49873,107.3,249,108.39,92.8136,85.8549,259
1249,189.0943,50110,107.7,260,107.85,92.4961,85.4388,265
1250,188.1303,49102,107.4375,247,108.87,93.2181,85.3949,261
1251,187.707,51244,107.8375,259,108.42,92.7568,85.1558,273
1252,186.6527,48903,106.5875,251,108.69,92.6009,85.6676,262
1253,187.1712,48103,107.175,249,109.42,93.1122,85.7869,257
1254,187.6498,48226,108.6,254,109.27,93.0262,85.4306,257
1255,185.75,48295,107.7625,239,107.95,93.013,85.2291,260
1256,187.1992,48859,107.8625,251,109.63,92.9729,84.99,261
1257,183.8142,46505,107.05,253,107.58,93.3074,85.1864,253
1258,181.5,46464,107.575,245,108.9,93.3278,85.3649,256
1259,180.2539,46145,107.675,240,107.78,93.1651,85.4564,256
1260,177.3878,46653,107.75,230,108.51,93.1725,85.1689,263
1261,178.5977,47507,106.5625,232,108.83,93.2151,85.3631,266
1262,174.3037,47062,106.5,220,108.68,93.1387,85.3791,270
1263,175.8516,45018,107.1,229,108.19,92.8938,84.8626,256
1264,177.4436,47200,106.6125,217,109.05,93.1969,85.1633,266
1265,177.7538,46216,107.4125,232,108.51,92.8589,85.1555,260
1266,179.168,45867,108.0125,239,108.25,92.8545,84.9628,256
1267,178.1718,46681,107.1375,225,108.33,93.1344,84.9601,262
1268,177.4925,47213,106.9375,237,108.16,93.4988,84.4441,266
1269,178.9685,45458,107.6875,246,109.45,93.3426,85.9221,254
1270,178.3296,47614,108.025,229,109.58,93.1235,85.2388,267
1271,177.1016,45338,107.65,236,108.8,93.4816,85.1327,256
1272,177.6122,46712,106.9875,226,107.98,93.1267,85.5796,263
1273,179.8933,45513,106.875,226,108.91,93.1896,85.2874,253
1274,180.4942,46748,106.8625,236,109.12,93.6542,85.7507,259
1275,179.9459,46606,107.6375,243,108.3,93.4939,85.6378,259
1276,180.7668,45734,108.225,237,109.58,92.8913,85.6086,253
1277,179.9528,45708,107.15,229,107.62,93.0809,85.8577,254
1278,179.6719,45457,107.075,238,108.69,93.2202,85.295,253
1279,176.5458,46255,107.0125,236,108.36,93.2951,85.3864,262
1280,175.0934,44999,106.225,222,108.72,93.3524,85.0651,257
1281,174.2615,45308,107.1375,229,108.33,92.7155,84.8971,260
1282,175.2824,44697,107.975,226,109.13,93.1366,85.7408,255
1283,172.3381,48427,108.3625,215,108.91,93.2173,84.8886,281
1284,171.7008,43612,107.6625,225,107.01,93.135,85.3014,254
1285,171.4,43707,107.65,236,108.44,93.0364,85.3742,255
1286,170.5534,43150,107.25,240,108.42,93.0769,85.6262,253
1287,168.9142,45269,107.4875,213,108.09,93.3962,85.7453,268
1288,171.1496,43472,109,218,108.58,93.718,85.083,254
1289,167.6336,43920,107.25,212,108.44,93.6272,85.1942,262
1290,169.1711,44492,108.7125,237,108.27,93.8179,85.3459,263
1291,169.5444,43912,107,228,108.1,94.0925,85.4851,259
1292,170.9809,44797,108.05,221,109.74,94.1076,85.0604,262
1293,169.549,43235,107.9,226,108.73,93.4277,85.4281,255
1294,169.3113,43513,107.525,220,108.93,93.6344,85.4594,257
1295,168.5118,42802,107.375,225,109.18,93.9027,84.9822,254
1296,167.9427,44001,106.975,202,108.51,94.4248,84.4473,262
1297,166.636,43492,107.5,221,108.64,93.5756,84.6276,261
1298,165.9855,45646,108.7625,210,109.01,93.4136,84.257,275
1299,165.2143,43947,107.15,212,107.9,93.8279,84.2114,266
1300,164.3984,42086,107.65,224,108.52,93.5702,84.7119,256
1301,165.3937,42010,106.8625,210,108.18,94.0415,85.0507,254
1302,165.1581,41785,108.5,214,110.47,94.5739,84.5968,253
1303,164.8798,42539,108.8,207,108.57,93.3621,84.7458,258
1304,163.8797,43592,107.4125,211,108.32,93.791,84.7364,266
1305,164.9843,41906,107.375,201,108.5,93.8052,85.0108,254
1306,164.1685,45803,107.8125,221,108.63,93.7056,84.719,279
1307,165.046,43077,108.4125,211,109,93.5966,85.5649,261
1308,164.8137,43346,107.7,211,108.01,93.4857,84.7177,263
1309,165.1822,44434,109.2625,221,109.53,93.3967,85.181,269
1310,165.4805,42363,107.1125,200,108.32,94.3398,85.0354,256
1311,165.3843,42173,106.2625,204,108.09,93.5918,84.0071,255
1312,166.2107,43381,107.0875,208,108.74,93.7715,85.0454,261
1313,168.4903,43302,106.65,219,108.32,93.3259,84.703,257
1314,166.1547,46191,107.125,205,108.21,94.0079,85.6519,278
1315,170.0038,44541,108.925,215,108.71,93.1586,85.4631,262
1316,169.7403,43793,106.9625,213,108,94.0937,85.0614,258
1317,169.0292,46314,107.1875,230,108.66,93.9611,85.6607,274
1318,169.5775,43751,107.35,216,108.24,94.2137,84.4452,258
1319,168.7338,46908,106.925,225,108.05,93.7477,85.8341,278
1320,170.8366,43905,108.0625,213,108.43,93.5059,85.3289,257
1321,169.3411,43690,107.5875,218,108.27,94.2536,85.8206,258
1322,170.7977,44749,106.3375,223,107.8,94.1345,85.5558,262
1323,169.9037,45874,107.4125,227,108.63,93.6017,84.8174,270
1324,170.0275,43357,107.775,221,108.08,93.9652,85.6189,255
1325,170.6289,43681,106.2,211,108.21,94.3835,85.0646,256
1326,172.702,44039,108.1875,211,109.03,94.6844,85.4098,255
1327,174,44718,107.575,217,110.08,94.0856,85.9274,257
1328,174.0116,45069,107.3625,216,107.97,93.7906,85.2239,259
1329,175.0195,44805,107.5125,245,108.36,93.9396,85.4298,256
1330,176.0551,44718,107.625,216,108.54,93.8164,85.1223,254
1331,175.2992,44526,108.45,221,109.52,94.0845,85.5279,254
1332,174.0184,47333,107.2375,222,107.9,93.344,84.7969,272
1333,175.1462,44312,106.825,229,108.67,93.7567,85.263,253
1334,174.2946,44968,107.2375,243,107.5,94.2415,85.9316,258
1335,174.3915,44993,106.475,219,108.14,93.9131,85.678,258
1336,173.6877,46722,108.2,231,108.97,93.7838,85.6796,269
1337,172.0949,43540,107.4,215,108.07,94.3157,85.874,253
1338,168.6207,44010,106.975,209,109.09,93.7127,85.9659,261
1339,168.4336,43119,106.6125,210,108.51,94.2356,85.6664,256
1340,166.6203,44321,106.85,208,108.63,93.4021,84.6246,266
1341,166.8745,42553,106.4875,212,107.69,93.4679,86.0338,255
1342,166.463,42781,107.225,219,108.86,93.9427,85.8767,257
1343,164.2326,42372,107.025,212,108.07,93.2583,86.8378,258
1344,162.8462,42340,107.3625,200,108.28,93.4144,87.3617,260
1345,162.1406,41508,108.225,201,108.86,93.2799,87.114,256
1346,159.8353,40758,107.775,203,108.13,92.971,87.1738,255
1347,158.7482,43497,107.275,197,108.6,93.4461,86.3288,274
1348,160.821,41331,107.6,208,107.76,93.6412,86.475,257
1349,161.9537,41946,108.475,195,108.29,92.9181,86.4348,259
1350,160.316,43125,106.9125,198,108.16,93.7584,86.6659,269
1351,159.3273,43815,107.8,198,108.68,92.9939,86.246,275
1352,161.1506,41738,109.0625,199,109.32,93.7668,85.5671,259
1353,159.318,45087,107.2,192,108.17,92.7528,84.9911,283
1354,160.0312,40968,107.8375,196,109.33,92.5176,84.6368,256
1355,159.1338,42807,106.45,191,108.3,92.554,86.3906,269
1356,159.0075,42296,107.325,198,108.33,93.5832,85.254,266
1357,159.8388,43636,105.575,195,109.05,92.7272,84.7871,273
1358,160.1398,44679,107.5,223,107.78,93.0398,85.0329,279
1359,162.8438,41688,108.175,204,108.9,93.2127,85.2712,256
1360,164.5156,42116,107.9,202,108.7,92.9953,85.4223,256
1361,164.1673,43176,107.2375,214,108.1,93.4251,84.8373,263
1362,163.6817,47304,106.4625,218,108.52,93.7919,85.5291,289
1363,164.2549,41885,107.525,208,108.36,93.1627,84.8951,255
1364,166.4361,44272,108.675,213,109.84,93.1623,84.9334,266
1365,165.0412,44066,108.5125,212,108.83,93.2224,86.2993,267
1366,165.3004,41821,107.175,202,107.92,93.8969,85.2707,253
1367,165.0114,43563,106.75,206,108.8,93.2058,85.5793,264
1368,167.2402,42479,107.9,208,108.52,93.58,84.9877,254
1369,166.0465,42840,107.2625,210,107.97,93.387,85.2891,258
1370,166.4684,44780,107.0875,213,107.77,93.4811,85.0266,269
1371,165.4639,43517,107.625,204,108.64,93.0923,85.2721,263
1372,164.7917,43505,106.8,218,108.47,93.4705,85.0803,264
1373,164.7812,42184,107.775,208,109.26,93.4863,84.9551,256
1374,163.3872,43461,107.3125,210,108.48,94.0411,84.8788,266
1375,164.1892,42525,107.0375,210,108.31,93.6804,85.4414,259
1376,161.9288,43235,107.3125,200,107.48,93.3865,84.5353,267
1377,164.4674,42926,108.075,222,108.64,93.5471,84.2464,261
1378,163.957,41973,107.7375,204,108.61,93.1877,85.5279,256
1379,161.9272,42263,107.2,207,108.34,94.2354,85.3345,261
1380,162.8511,42667,106.7625,203,108.25,94.2483,85.3717,262
1381,160.6714,44988,107.275,190,108.6,93.6602,85.1259,280
1382,161.855,42406,107.45,197,109.23,94.4911,84.845,262
1383,160.7452,41633,107.475,192,108.48,93.7912,85.1351,259
1384,159.3015,43330,105.825,209,108.96,93.9621,84.6585,272
1385,159.4981,42267,106.6,188,107.22,94.1709,85.0776,265
1386,158.3027,41317,107.6125,201,108.63,93.6879,84.535,261
1387,159.05,41353,107.3625,198,108.02,93.6883,85.2004,260
1388,158.7597,40960,107.4125,192,108.04,94.4519,84.4478,258
1389,159.9707,43672,106.3375,190,109.1,94.2816,84.1767,273
1390,159.5,42746,107.5,196,108.44,94.3662,84.8787,268
1391,159.1149,41529,107.975,196,108.88,93.6366,84.0849,261
1392,158.7416,42384,107.525,191,107.48,94.1541,83.813,267
1393,157.7954,40869,107.375,197,108.55,94.4397,84.6736,259
1394,157.9965,45345,108.25,196,109.29,93.7235,84.4057,287
1395,158.4007,42293,107.675,197,108.71,93.7857,84.3397,267
1396,159.4135,42404,109.025,192,109.61,93.5692,85.3313,266
1397,158.8233,44947,108.8,207,109.26,93.648,84.237,283
1398,159.1691,44249,107.8375,212,109.5,93.6169,83.8072,278
1399,157.3223,42949,106.775,190,108.04,93.4198,83.8278,273
1400,157.2852,41366,107.875,189,109.44,94.4011,85.1616,263
1401,157.8911,40578,107.7875,189,109.53,93.9617,84.3773,257
1402,156.5322,46177,107.0375,197,107.88,93.4685,84.134,295
1403,158.5667,42813,106.9,188,109.33,93.7921,83.9252,270
1404,159.6857,44712,107.375,203,109.73,93.4962,85.2133,280
1405,159.2317,41241,107.0875,203,108.61,93.7345,85.199,259
1406,159.0519,42944,107.575,202,109.09,93.4383,85.0571,270
1407,157.583,42705,105.85,189,107.39,92.737,84.5392,271
1408,157.3206,41218,107.0375,195,108.55,93.719,84.8618,262
1409,158.5938,40600,107.3625,195,108.57,93.1777,85.281,256
1410,157.3485,41540,107.9875,192,108.29,92.8987,85.4216,264
1411,156.6245,40879,106.8125,191,108.03,93.353,85.0797,261
1412,155.9119,45994,107.5375,185,108.69,93.3639,84.7447,295
1413,156.3148,42205,107.4125,193,108.65,93.3096,84.9503,270
1414,156.7276,42003,107.85,196,108.67,93.5728,86.2162,268
1415,158.1976,40024,108,199,109.32,92.8277,86.0996,253
1416,156.6445,40101,106.9125,187,108.32,92.6363,86.7093,256
1417,155.8435,45818,106.6,181,108.24,92.623,86.8095,294
1418,158.2316,45096,108.225,200,108.85,92.1634,85.9785,285
1419,159.7569,40738,108.5,190,109.02,93.4161,86.5556,255
1420,159.4743,40347,107.7125,196,108.77,92.5256,87.4203,253
1421,159.5775,41171,106.95,191,108.39,92.6061,86.5465,258
1422,159.8506,41721,107.8125,195,107.97,92.2542,86.1849,261
1423,161.9375,41456,107.2875,203,108.01,93.0863,86.9253,256
1424,160.4231,45881,107,208,107.78,92.9499,86.0679,286
1425,162.5301,43233,106.6875,200,109.43,91.8857,86.5148,266
1426,164.4215,42914,107.7875,198,108.53,92.7901,87.577,261
1427,165.7962,43107,107.3625,202,108.77,92.6837,87.4099,260
1428,167.263,45161,107.65,205,108.45,93.1055,87.1546,270
1429,171.562,47008,107.1375,213,108.56,92.1248,86.098,274
1430,173.5509,45991,106.6625,216,108.24,92.3826,86.7432,265
1431,174.5194,45026,107.1125,217,108,92.3586,87.4002,258
1432,177.8321,46592,108.4,229,108.16,92.9414,87.0402,262
1433,177.958,46625,107.6,234,107.92,92.6048,87.226,262
1434,178.6417,45375,107.4125,218,107.81,92.7831,87.5062,254
1435,178.95,46527,107.6875,237,107.63,92.4311,86.9874,260
1436,179.5949,49209,107.65,236,108.53,92.3612,87.5313,274
1437,180.7269,46989,107.725,233,109.11,93.1366,86.7578,260
1438,181.9249,46027,107.5125,240,108.95,92.326,86.8752,253
1439,182.2314,46469,108.1375,248,109.62,92.6072,86.4237,255
1440,179.9077,46776,107.6125,239,108.58,92.5124,86.6282,260
1441,181.1316,48181,107.7,244,107.65,92.5765,86.6347,266
1442,182.6078,46565,106.925,241,108.81,92.8973,86.8466,255
1443,183.2672,48016,106.975,231,108,92.5851,86.5995,262
1444,179.8824,48928,107.1125,232,108,92.2151,86.4698,272
1445,182.1445,46629,107.525,238,108.46,92.3876,86.2926,256
1446,180.8966,47214,108.35,234,109.21,92.7627,86.6809,261
1447,181.0885,47083,108.0875,238,107.97,92.9574,86.5812,260
1448,179.5039,46312,107.9375,244,108.1,92.6776,86.1675,258
1449,178.3977,47097,107.075,228,107.87,92.9344,86.6633,264
1450,177.3373,45221,107.5375,231,108.72,93.0126,85.9414,255
1451,174.4922,44670,107.7625,208,108.17,93.0897,85.7306,256
1452,174.0526,46298,107.025,226,108.64,93.6288,86.1913,266
1453,172.5916,45219,107.35,214,108.72,93.7519,85.9546,262
1454,172.3566,44468,106.6625,227,108.5,92.918,85.6213,258
1455,170.1299,43213,107.0625,215,107.78,93.323,85.8666,254
1456,170.1791,45608,107.0375,226,107.95,93.3771,85.5594,268
1457,170.1948,45442,107.125,218,107.79,93.3988,85.2753,267
1458,171.3783,45758,107.625,208,109.79,93.1283,85.9047,267
1459,171.7352,43449,106.5875,215,107.97,93.325,85.7721,253
1460,169.9924,44878,108.025,209,109.37,92.9096,85.5744,264
1461,168.5731,43829,107.0875,213,108.35,93.8241,85.6158,260
1462,167.6008,44079,106.925,210,108.06,93.4094,85.4325,263
1463,166.8959,44895,106.7625,202,108.81,94.013,85.185,269
1464,164.7096,44801,107.1125,228,107.6,94.0569,85.4398,272
1465,165.9765,42324,107.225,213,108.52,94.2138,85.5762,255
1466,164.6473,42479,108.1875,208,107.82,94.1463,85.27,258
1467,166.6667,43000,106.5375,218,108.17,94.1263,85.2507,258
1468,166.1673,42705,106.7125,205,109.55,93.4021,84.3385,257
1469,165.9609,42486,107.4,207,108.24,93.5259,85.1058,256
1470,166.0309,43002,107.175,206,108.92,94.0134,85.9742,259
1471,167.2235,42642,107.4375,209,108.11,94.4459,85.7699,255
1472,167.498,42377,106.6625,215,108.72,93.9227,85.9117,253
1473,165.9531,42484,106.275,209,107.87,94.0123,85.5771,256
1474,166.1829,42709,107.875,201,107.53,93.9869,85.7027,257
1475,164.6078,46584,107.3875,201,109.41,94.1551,85.2426,283
1476,165.0695,42753,107.075,202,108.05,93.7602,84.8613,259
1477,166.1992,42547,107.15,203,108.52,94.3547,85.7412,256
1478,164.9494,42392,108.375,197,108.18,93.9826,85.9778,257
1479,166.9923,43585,108.6875,207,108.96,94.6666,85.6385,261
1480,166.8814,42221,107.5,214,109.14,94.8131,85.7716,253
1481,167.1283,44289,107.875,215,108,94.0905,85.7389,265
1482,166.8824,42555,107.4375,202,108.86,94.143,86.0245,255
1483,165.8392,42289,107.225,201,107.77,94.591,85.6153,255
1484,165.2077,46919,107.0125,221,108.2,93.6151,85.8159,284
1485,165.4308,43012,106.9625,199,108.38,94.981,85.813,260
1486,167.4739,44883,107.1375,215,107.75,93.9748,86.1214,268
1487,170.3127,44111,107.625,218,107.8,92.5592,85.5961,259
1488,169.2609,42823,106.9875,207,108.69,94.1979,87.031,253
1489,170.9691,44281,107.0375,213,108.82,93.6948,86.1724,259
1490,174.5869,45218,107.4125,240,108.17,92.8382,86.8074,259
1491,176.3385,45319,106.2625,236,108.76,93.3714,86.4452,257
1492,177.8696,45001,108.6125,230,109.71,93.6491,87.006,253
1493,180.7376,47534,108.5,246,109.25,93.2979,86.9348,263
1494,182.4093,47244,107.4375,216,108.74,93.2814,86.1464,259
1495,182.2874,47577,107.3625,242,108.55,93.418,86.6515,261
1496,183.5479,47906,107.3375,243,108.29,93.5494,87.0466,261
1497,182.2296,46833,106.775,240,107.51,92.7403,86.9792,257
1498,181.1734,49098,107.775,228,108.12,93.8459,86.6479,271
1499,181.6914,46513,106.325,257,108.32,93.5246,86.295,256
1500,181.0116,46701,108.4625,239,108.09,93.5888,86.9886,258
