1,255.984,95994,116.5625,430,114.71,66.0239,63.0967,375
2,255.6,95850,116.7375,387,117.18,66.0116,63.2156,375
3,254.7848,97073,115.8125,474,116.7,66.0299,63.0048,381
4,254.7979,97078,115.8625,426,116.2,65.9594,63.1585,381
5,255.1733,95690,117.2875,424,116.46,65.8284,63.0297,375
6,253.1181,96438,115.575,436,116.41,66.0948,63.2057,381
7,254.7427,96038,116.55,441,116.25,65.9333,63.1584,377
8,253.2958,96759,115.5875,436,116.54,66.2053,62.9422,382
9,254.5984,95729,116.1,403,116.02,65.7047,63.2541,376
10,254.859,95827,116.0375,411,115.37,65.7335,63.1484,376
11,253.7215,95653,116.9375,416,116.03,66.0456,63.1844,377
12,255.2373,95714,116.75,448,117.49,65.9053,63.1466,375
13,253.6711,95634,116.2625,417,116.91,65.8487,63.2241,377
14,253.9761,95495,114.975,423,116.52,65.787,63.2096,376
15,254.9363,96111,117.0625,418,116.53,65.897,63.0267,377
16,254.2778,96117,117.375,421,116.79,65.986,63.2818,378
17,253.9708,95747,116.125,436,115.31,65.6981,63.2393,377
18,254.6895,96782,115.0375,430,116.49,66.0078,63.1045,380
19,252.4476,96435,115.4875,442,116.67,65.8269,63.2135,382
20,254.75,95786,115.35,413,115.97,65.9682,63.1288,376
21,254.1516,95561,116.7875,399,116.93,65.6554,63.2506,376
22,255.688,95883,115.175,437,116.72,65.9926,63.1001,375
23,253.3571,95769,115,404,115.43,66.1823,63.1377,378
24,254.117,95548,116.8875,463,115.76,65.913,63.1699,376
25,256.2011,96844,115.9,425,115.73,65.7854,63.1733,378
26,256.856,96321,116.2,430,116.7,65.8234,63.271,375
27,256.5251,97223,115.6625,470,116.39,66.1452,63.1696,379
28,253.7639,95669,116.3375,429,117.15,66.0129,63.1168,377
29,256.1353,96563,115.8625,422,115.81,65.9197,63.2136,377
30,255.3253,95747,117.0375,420,116.05,65.879,63.0705,375
31,255.7407,96670,114.35,421,117.1,65.8691,63.2945,378
32,255.6931,96652,116.5375,414,116.89,66.1971,63.0665,378
33,255.2105,96980,114.8875,442,116.16,65.7044,63.2916,380
34,254.95,96881,116.25,446,117.07,65.9797,63.2992,380
35,253.8822,96983,115.2,411,115.9,65.9345,63.2767,382
36,255.7725,96682,115.8375,437,116.73,65.9472,63.2776,378
37,257.754,97431,115.9875,432,117.15,65.8755,63.2909,378
38,257.3509,97536,116.45,417,116.45,65.9085,63.0339,379
39,258.3627,96886,115.9625,453,116.24,65.7345,63.3356,375
40,257.8488,97209,116.0125,407,117.25,65.7328,63.326,377
41,256.7678,97315,116.2375,422,115.62,65.923,63.3645,379
42,256.5172,97220,116.4,443,116.24,65.8468,63.3076,379
43,258.3511,97140,117.125,448,116.53,66.0387,63.0194,376
44,259.7447,97664,116.25,443,116,65.8631,63.2627,376
45,262.8399,100142,116.6125,444,115.09,66.1023,62.9722,381
46,261.8714,99773,114.9625,417,116.86,65.926,63.2098,381
47,262.2763,99665,116.55,418,116.53,66.1386,63.197,380
48,261.6984,98922,116.85,445,116.16,65.7514,63.1606,378
49,262.5931,98735,116.0875,428,116.61,65.9161,63.1102,376
50,263.12,98670,115.325,439,117.41,65.8252,63.18,375
51,262.9093,98591,116.025,444,115.62,65.9907,63.1533,375
52,261.127,98706,116.1375,437,115.81,65.8726,63.0419,378
53,263.0293,98899,114.7375,438,116.22,65.8752,63.2371,376
54,262.7778,99330,116.1625,435,116.95,66.0583,63.257,378
55,264.6827,99256,116.35,455,116.96,65.9539,63.162,375
56,262.496,98961,115.7625,467,116.11,65.8053,63.156,377
57,264.3947,100470,116.6125,442,116.87,65.8567,63.188,380
58,266.687,100541,115.7,461,116.39,66.2175,63.0967,377
59,263.4684,100118,115.9,440,116.52,65.9032,63.3241,380
60,267.0293,100136,116.8,436,116.6,66.1107,63.011,375
61,270.328,101373,116.8875,430,116.59,66.018,63.1366,375
62,270.488,101433,116.7375,447,116.61,65.8286,63.2127,375
63,269.4293,101036,116.5875,444,116.97,65.7818,63.4164,375
64,268.3412,102238,117.275,457,116.74,65.8108,63.2504,381
65,268.1587,101364,116.4375,461,116.94,65.984,62.9944,378
66,268.5093,101228,116.55,463,117.3,66.1629,63.0636,377
67,266.2269,100900,116.125,449,116.47,65.9337,63.2211,379
68,266.4514,101518,116.5125,434,115.98,65.9239,63.2545,381
69,267.7493,100406,114.575,470,116.49,65.9976,63.094,375
70,267.0342,101473,115.7,452,116.55,66.0232,63.1812,380
71,265.1197,99685,117.0375,444,116.85,65.7149,63.2085,376
72,265.8443,100755,116.2125,434,116.48,65.8872,63.1077,379
73,265.7177,100707,115.825,445,116.34,65.8482,63.3152,379
74,265.5608,100382,116.925,426,117.15,65.8304,63.0033,378
75,266.0053,100284,116.9,430,116.71,65.6668,63.0239,377
76,266.0053,100284,116.875,423,116.34,65.8361,63.3265,377
77,267.9894,100764,115.525,450,116.27,65.8275,63.1016,376
78,272.4142,103245,115.9625,449,116.58,65.8186,63.1284,379
79,271.8391,103027,115.6125,439,115.64,65.8637,63.1114,379
80,277.4628,104326,117.2625,455,116.48,65.973,63.0203,376
81,276.16,103560,116.2125,454,115.46,65.9646,63.2486,375
82,277.136,103926,115.8625,485,117.14,65.8757,63.1385,375
83,279.2679,105284,117.0875,475,115.55,65.9699,63.2056,377
84,277.9441,104507,116.6125,461,115.85,65.8089,63.0158,376
85,278.6632,105892,115.825,451,115.63,66.0725,63.0658,380
86,279.0106,104908,115.45,459,116.13,65.8376,63.3306,376
87,276.6897,104312,115.7625,440,115.1,65.8194,63.0248,377
88,276.9497,104687,116.3875,449,117.03,65.8193,63.1536,378
89,274.608,102978,116.45,435,116.83,65.7267,63.2166,375
90,274.3893,102896,114.8625,425,115.97,65.7909,63.197,375
91,271.8549,103033,115.725,447,115.41,65.7554,63.1591,379
92,269.9372,103116,116.2875,467,116.75,65.8639,63.3254,382
93,271.695,102429,115.75,442,116.64,65.8201,63.2696,377
94,268.5423,101509,115.8875,459,116.32,65.9207,63.3119,378
95,268.7851,101332,116.65,429,115.86,65.6557,63.3012,377
96,270.6429,102303,115.5,445,117.15,65.8593,63.2321,378
97,267.3984,101344,116.8875,437,116.48,65.9145,63.35,379
98,269.0027,101145,115.35,434,115.64,65.7012,63.1776,376
99,265.7599,100723,116.4125,476,116.54,65.8361,63.2533,379
100,265.3095,100287,116.6625,461,115.37,65.8855,63.1565,378
101,266.5904,100238,115.8875,433,116.83,65.8174,63.2488,376
102,267.2154,100473,116.5625,437,116.71,65.7478,63.1912,376
103,267.24,100215,115.275,446,116.45,65.8182,63.225,375
104,265.183,99974,116.325,454,116.11,65.8193,63.0834,377
105,261.4617,99094,115.725,414,117.08,65.6992,63.1493,379
106,263.496,99338,115.3375,431,115.31,65.9021,63.022,377
107,261.3492,98790,115.3375,423,116.14,65.8937,63.1744,378
108,263.0933,98660,116.3,444,116.59,65.8192,63.062,375
109,262.7094,100355,116.2625,400,116.29,65.7816,63.3718,382
110,265.0741,100198,115.7,435,116.38,65.7037,63.1143,378
111,260.5947,99026,116.725,417,116.58,65.8322,63.1085,380
112,262.5026,99226,116.2125,420,116.8,65.8519,63.1844,378
113,261.9817,100077,115.7875,431,115.86,65.9636,63.1608,382
114,265.5957,99864,115.6375,426,116.42,65.9661,63.0985,376
115,264.2132,100401,115.85,442,116.49,65.8924,63.1148,380
116,264.784,99294,116.825,468,116.29,65.6906,63.2578,375
117,265.0663,99930,116.975,425,116.71,65.8841,63.2187,377
118,265.5733,99590,116.0875,420,116.8,65.6182,63.186,375
119,266.1387,99802,116.2,436,117.31,65.8246,63.1633,375
120,265.3915,100318,117.15,420,116.49,65.773,63.3312,378
121,262.5066,98965,116,431,116.91,65.6953,63.2388,377
122,263.4459,99846,114.6125,477,117.3,65.7811,63.1898,379
123,263.1247,99198,117.0125,427,116.38,65.8866,63.1977,377
124,263.7947,98923,115.3875,448,116.24,65.9376,63.0487,375
125,264.8346,100902,115.8875,462,116.73,66.0139,63.2283,381
126,262.8763,99893,116.3,439,116.62,65.7791,63.2714,380
127,261.8586,100030,115.475,430,117.77,65.7113,63.1926,382
128,262.5926,99260,116.1375,448,117.02,65.8406,63.2131,378
129,262.9947,99412,116.525,433,116.87,65.6721,63.2081,378
130,264.9761,99631,116.2875,440,116.07,65.6005,63.3115,376
131,264.4973,99451,115.85,459,116.07,65.6081,63.3243,376
132,262.315,99942,116,451,116.97,65.6148,63.4481,381
133,262.9333,98600,116.375,449,116.77,65.5377,63.2921,375
134,261.8107,98179,116.1625,443,116.06,65.7066,63.2497,375
135,261.76,98160,116.5,422,115.81,65.709,63.1952,375
136,260.6164,98513,115.0875,446,116.25,65.5826,63.2702,378
137,259.35,98553,116.825,427,115.78,65.4894,63.3916,380
138,259.1953,99531,116.2,461,116.93,65.7212,63.2014,384
139,259.7042,99207,114.95,431,115.28,65.6694,63.3372,382
140,262.0079,99039,117.325,443,116.8,65.6065,63.3764,378
141,262.5199,98970,115.95,429,116.46,65.6796,63.3513,377
142,266.2613,99848,116.6125,421,117.28,65.7758,63.214,375
143,267.8127,101501,115.8,445,116.52,65.8535,63.5183,379
144,272.36,102135,116.1875,442,115.6,65.5096,63.3086,375
145,270.7328,102337,115.65,460,115.18,65.6999,63.2736,378
146,271.0292,102178,116.3375,447,116.19,65.7076,63.335,377
147,271.1813,101693,115.375,453,116.82,65.7097,63.1978,375
148,269.5106,101336,115.5875,426,117.79,65.6344,63.2657,376
149,272.891,102607,117.5375,450,115.36,65.5669,63.2902,376
150,269.5831,102172,115.9375,465,118.1,65.555,63.4172,379
151,274.1093,102791,115.475,444,116.15,65.7552,63.1869,375
152,272.752,102282,115.3375,451,117.12,65.7172,63.0918,375
153,270.7553,101804,115.8625,461,115.71,65.8497,63.0959,376
154,271.2287,101982,115.725,454,115.89,65.8196,63.0241,376
155,274.928,103098,117.8625,461,115.62,65.7222,63.1565,375
156,272.9151,102889,115.4375,452,116.27,65.7555,63.1585,377
157,273.2422,104925,115.4,454,115.38,65.8807,63.2348,384
158,271.7704,103001,115.275,432,115.43,65.6609,63.2171,379
159,271.5093,102359,116.075,460,116.66,65.5793,63.302,377
160,271.7952,102195,116.3125,461,116.04,65.5624,63.2653,376
161,270.8598,102385,116.275,454,116.38,65.5113,63.1752,378
162,272.0952,102852,115.3125,458,116.48,65.3979,63.2783,378
163,269.0712,101978,115.7875,469,117.03,65.6643,63.2407,379
164,269.359,101279,116.9875,436,116.41,65.5539,63.3391,376
165,266.754,100833,114.6125,448,116.8,65.5161,63.2146,378
166,266.1379,100334,116.1,423,115.53,65.4816,63.3883,377
167,264.7251,101125,116.1125,440,115.94,65.7737,63.2133,382
168,266.6773,100004,114.4,444,116.93,65.6306,63.2223,375
169,264.5106,99456,116.05,415,116.08,65.3802,63.2529,376
170,263.8707,100007,115.4,445,115.32,65.3637,63.3246,379
171,262.9711,99929,115.5,437,116.19,65.5721,63.2676,380
172,263.0952,99450,116.9125,448,116.42,65.6219,63.4075,378
173,264.4987,99187,116.3375,458,116.45,65.3516,63.3406,375
174,263.1931,99487,115.7875,428,115.86,65.4323,63.4819,378
175,262.8404,98828,115.1125,431,115.77,65.4764,63.3365,376
176,261.3615,99056,115.6,419,115.72,65.5863,63.2804,379
177,262.5039,100014,115.3125,444,115.56,65.58,63.4506,381
178,261.5,98847,116.325,439,115.75,65.3898,63.5434,378
179,262.5691,98726,116.1375,439,116.64,65.5104,63.321,376
180,263.2846,98995,116.825,420,115.7,65.7295,63.378,376
181,260.6074,98249,115.2,430,116.7,65.5895,63.1495,377
182,262.9735,99141,115.7875,439,116.86,65.4424,63.4136,377
183,260.2213,97583,117.325,421,116.69,65.5578,63.302,375
184,260.1387,97552,115.3125,420,116.1,65.3179,63.3023,375
185,260.2467,98113,116.9875,462,116.08,65.2895,63.3077,377
186,257.9921,98553,116.3,414,116.21,65.6295,63.3873,382
187,259.7798,97937,116,448,115.92,65.5055,63.2568,377
188,260.366,98158,114.725,417,115.35,65.4541,63.3557,377
189,259.7473,97665,116.45,430,116.15,65.7176,63.1545,376
190,261.3351,99046,115.45,446,116,65.4111,63.4114,379
191,260.4153,98437,116.3125,398,115.82,65.3901,63.0042,378
192,259.3045,98795,115.6,419,116.77,65.2327,63.2012,381
193,260.1286,99109,115.0125,446,116.41,65.4531,63.1729,381
194,263.1592,99211,116.225,462,115.83,65.5826,63.4758,377
195,263.0665,98913,115.6125,443,116.28,65.4252,63.3409,376
196,261.7368,99460,116.3875,424,115.76,65.4583,63.3063,380
197,261.5904,98358,115.6375,438,116.11,65.5501,63.1293,376
198,260.3016,98394,116.3,426,116.91,65.4855,63.2899,378
199,260.5119,98734,115.625,436,116.89,65.4925,63.2374,379
200,260.2713,97862,116.7375,447,116.26,65.4863,63.2777,376
201,258.9739,99187,115.125,433,116.44,65.8123,63.1366,383
202,257.189,97989,116.075,431,117.25,65.7747,63.2137,381
203,262.5438,98979,115.8375,412,116.19,65.4136,63.2813,377
204,262.3806,99967,116.3875,442,116.95,65.701,63.4535,381
205,264.7101,99531,117.325,441,115.98,65.5251,63.2985,376
206,264.3093,99116,116.7375,421,115.6,65.4665,63.2693,375
207,264.4107,99154,115.15,475,116.21,65.6454,63.3339,375
208,262.1181,99867,115.625,440,117.4,65.5563,63.3361,381
209,262.3079,99677,114.6125,461,116.04,65.5678,63.2276,380
210,261.8723,98464,115.575,459,115.8,65.3211,63.2967,376
211,262.7021,98776,116.3625,442,116.06,65.4795,63.2301,376
212,261.1316,99230,114.5125,465,117.33,65.5187,63.2086,380
213,263.5333,98825,115.3375,464,116.26,65.6273,63.1309,375
214,262.9973,98887,117.3625,405,116,65.6472,63.3151,376
215,262.0344,99049,115.575,433,116.92,65.5044,63.4055,378
216,260.8453,97817,115.875,433,115.41,65.4648,63.4785,375
217,261.8378,98451,116.7625,429,115.38,65.6076,63.1802,376
218,258.2407,97615,114.475,454,115.94,65.5201,63.3127,378
219,260.0265,98290,116.2875,418,116.58,65.5674,63.3528,378
220,259.4709,98080,116.425,410,116.79,65.3463,63.3296,378
221,259.756,97928,114.9125,426,116.15,65.527,63.3294,377
222,258.864,97074,115.875,430,116.2,65.3214,63.484,375
223,257.5699,97619,114.9875,434,116.15,65.5124,63.2561,379
224,259.0132,97907,115.55,442,116.39,65.378,63.2364,378
225,259.5173,97319,117.125,445,115.83,65.5236,63.3686,375
226,257.3509,97536,115.6875,470,116.14,65.5186,63.2888,379
227,257.9628,96994,115.8,418,115.09,65.4866,63.3931,376
228,256.2926,96366,115.5,457,115.86,65.3453,63.4599,376
229,256.7952,96555,114.225,455,116.09,65.4531,63.2771,376
230,256.5862,96733,115.7125,424,116.12,65.5532,63.1435,377
231,257.4027,96526,116.3375,449,117.06,65.5579,63.2381,375
232,255.2907,95734,116.2125,444,116.37,65.4446,63.2522,375
233,256.4373,96164,115.725,459,116.05,65.3842,63.4299,375
234,256.4226,97697,115.5,425,115.9,65.6893,63.4303,381
235,255.3032,95994,116.325,410,116.93,65.5844,63.412,376
236,256.2606,96354,115.15,421,116.12,65.5129,63.4319,376
237,256.3307,96124,116.2375,415,116.11,65.5533,63.3057,375
238,255.8575,96970,115.325,441,117.24,65.4008,63.3915,379
239,253.8492,95955,114.9375,427,115.86,65.6737,63.3362,378
240,254.3793,95901,116.4625,426,116.08,65.4496,63.376,377
241,253.8658,96469,115.5,409,117.08,65.5339,63.4746,380
242,254.8488,96078,114.8375,392,115.77,65.3685,63.4386,377
243,256.016,96006,116.325,431,116.27,65.6696,63.369,375
244,253.9215,96998,116.2625,423,116.09,65.5865,63.3271,382
245,255.5383,96849,115.55,413,115.43,65.4427,63.3514,379
246,255.1353,96186,115.9625,418,116.79,65.9356,63.1836,377
247,254.1008,95796,116.6,391,116.25,65.7049,63.2582,377
248,254.1614,96073,117.275,444,116.96,65.5201,63.3741,378
249,254.7063,96279,116.4125,405,115.66,65.6629,63.1866,378
250,254.8545,96335,115.575,404,116.62,65.3421,63.3346,378
251,254.9653,95612,115.6625,430,116.13,65.5411,63.3524,375
252,254.3617,95640,116.825,411,116.72,65.5511,63.3334,376
253,253.2079,96219,116.5125,424,117.27,65.5805,63.3912,380
254,253.1768,95954,115.85,406,117.16,65.714,63.3438,379
255,254.416,95406,115.725,424,116.66,65.4591,63.369,375
256,253.8435,95699,114.85,454,116.87,65.2587,63.3786,377
257,254.2698,96114,115.0375,407,116.45,65.7031,63.1329,378
258,254.3968,96162,116.1,429,115.6,65.4943,63.3965,378
259,253.472,95052,116.325,432,116.77,65.4374,63.4051,375
260,254.1804,95826,114.725,425,116.54,65.424,63.3493,377
261,254.565,95971,115.325,417,115.96,65.5499,63.4698,377
262,253.584,95094,115.7375,408,116.57,65.492,63.0726,375
263,252.5774,96232,116.55,404,116.87,65.4571,63.4332,381
264,252.9788,95626,115.5375,413,116.84,65.755,63.124,378
265,251.6368,95622,116.775,414,114.88,65.4323,63.462,380
266,254.6835,95761,116.575,420,115.58,65.5535,63.322,376
267,253.939,95735,115.3875,419,116.91,65.5981,63.2061,377
268,253.5262,96847,116.3375,457,117.47,65.6841,63.3163,382
269,252.8042,95560,115.5875,403,117.64,65.3226,63.2947,378
270,252.609,94981,115.7875,454,116.38,65.5485,63.2904,376
271,253.4271,95542,116.8625,416,116.86,65.6522,63.1588,377
272,253.2164,95969,116.3125,417,114.99,65.4145,63.4032,379
273,253.537,95837,116.125,404,116.3,65.3859,63.3671,378
274,253.7763,96435,116.8375,415,117.32,65.6988,63.2149,380
275,253.6385,96129,115.9875,443,116.9,65.4118,63.2528,379
276,252.6421,96004,118.45,436,115.86,65.3019,63.3835,380
277,254.3787,95392,116.0875,449,116.56,65.3739,63.3308,375
278,253.6402,95876,115.6,412,115.69,65.5148,63.0817,378
279,256.4933,96185,117.5375,417,117.19,65.4771,63.382,375
280,254.4293,95411,115.7375,406,115.68,65.3882,62.9919,375
281,255.1061,96175,116.7375,460,116.12,65.647,63.4684,377
282,252.2228,95088,116.9625,409,115.47,65.7062,63.0153,377
283,253.1164,95678,115.7625,442,117.14,65.3303,63.4018,378
284,253.8404,95444,115.925,423,116.76,65.6681,63.217,376
285,257.3191,96752,115.975,454,116.2,65.2589,63.4312,376
286,258.4365,97689,116.6125,432,115.88,65.35,63.4463,378
287,259.9631,98526,116.8625,421,115.99,65.4209,63.1604,379
288,262.48,98430,116.5125,444,116.22,65.6018,63.2365,375
289,263.1444,100258,116.9,420,117.35,65.248,63.3287,381
290,266.8677,100876,115.6125,456,117.75,65.4139,63.3933,378
291,269.4362,101308,115.2125,417,116.11,65.5078,63.1908,376
292,264.6982,100850,115.9125,406,115.51,65.4277,63.3471,381
293,268.7093,100766,115.3375,445,116.29,65.4962,63.3786,375
294,265.5,100359,114.875,460,116.54,65.4954,63.2094,378
295,266.8484,100335,114.3875,399,116.57,65.4283,63.3545,376
296,265.0184,100972,117.0875,457,116.59,65.4439,63.2528,381
297,266.5227,99946,114.7375,430,116.57,65.5686,63.2535,375
298,264.8254,100104,116.2875,432,115,65.4164,63.3346,378
299,268.4801,101217,114.75,432,116.39,65.484,63.1671,377
300,268.5745,100984,116.2375,436,117.24,65.4605,63.246,376
301,269.7916,102251,115.025,423,115.81,65.6199,62.9313,379
302,269.888,101208,116.0625,425,116.27,65.2351,63.1887,375
303,270.1671,101853,115.35,443,116.81,65.3461,63.3101,377
304,269.256,100971,115.225,485,116.36,65.3014,63.155,375
305,267.6,101688,115.7625,450,116.48,65.0786,63.4454,380
306,266.0157,101352,117.0625,429,116.81,65.3521,63.1904,381
307,266.037,100562,116.4,431,116.82,65.4888,63.375,378
308,263.8796,100802,115.175,442,116.02,65.3381,63.2254,382
309,262.3087,99415,116.2375,444,116.47,65.2851,63.2505,379
310,262.3624,99173,114.55,444,115.76,65.3382,63.3663,378
311,263.328,98748,116.875,451,115.86,65.5552,63.2517,375
312,262.6121,99530,115.475,434,116.3,65.1969,63.2756,379
313,261.3298,98260,116.7375,420,116.45,65.3149,63.1489,376
314,262.2053,98327,116.5375,424,116.64,65.2024,63.1107,375
315,261.565,98610,117.0375,456,115.82,65.4428,63.3443,377
316,260.6366,98260,115.2,430,116.87,65.2228,63.1635,377
317,260.0531,98040,115.4,411,116.92,65.187,63.2748,377
318,261.3537,98269,115.825,420,116.58,65.2841,63.1593,376
319,259.6085,98132,115.75,414,116.02,65.2869,63.2504,378
320,263.4587,98797,115.6,437,116.68,65.5929,63.4512,375
321,260.8693,97826,116.2875,430,116.49,65.3221,63.5439,375
322,259.8184,98731,115.825,424,116.85,65.3311,63.1995,380
323,260.6923,98281,116.2625,438,115.67,65.0592,63.2219,377
324,257.6895,97922,115.6875,459,115.18,65.2333,63.3671,380
325,259.36,97260,115.9875,417,116.55,65.4301,63.2544,375
326,259.1489,97440,116,422,117.34,65.1833,63.4133,376
327,257.5026,97336,116.4875,447,116.41,65.3518,63.3941,378
328,257.1147,96418,116.2625,427,116.16,65.0514,63.1619,375
329,257.84,96690,117.1125,447,116.39,65.2443,63.3306,375
330,256.7974,97583,114.6875,411,115.91,65.4456,63.2862,380
331,258.6939,98045,116.3875,423,116.54,65.2658,63.3561,379
332,257.6676,96883,115.45,421,116.07,65.1981,63.396,376
333,256.0106,96772,116.2875,457,116.08,65.1953,63.2675,378
334,257.8564,96954,116.1125,442,116.86,65.1148,63.3681,376
335,258.5893,96971,116.275,411,115.68,64.9194,63.3323,375
336,257.0952,97182,116.225,417,115.57,65.2611,63.4049,378
337,257.9894,97004,116.025,432,116.71,65.2915,63.181,376
338,256.7354,97046,115.1375,431,117.8,65.1769,63.4392,378
339,255.6939,96908,115.6,421,116.03,65.2121,63.3399,379
340,257.4377,97054,115.6125,421,118.19,65.0645,63.3999,377
341,255.3465,97287,115.9125,426,115.88,65.1314,63.1237,381
342,256.3862,96914,115.725,434,116.66,65.053,63.2554,378
343,256.0452,96273,115.3875,461,115.9,64.9388,63.385,376
344,257.5159,97341,115.8375,418,116.84,64.8391,63.3192,378
345,256.0289,97291,116.1125,454,116.89,64.6032,63.51,380
346,254.6649,96518,115,439,116.03,64.4836,63.3725,379
347,257.1632,97722,116.6125,445,115.99,64.2306,63.3046,380
348,258.2598,98397,115.6125,432,116.25,64.1809,63.5966,381
349,258.4853,96932,115.85,416,116.89,64.0056,63.4778,375
350,258.376,96891,115.8,429,114.68,63.7899,63.308,375
351,256.0503,96787,117.2125,405,116.04,64.015,63.3579,378
352,256.6907,96259,115.225,455,116.58,63.782,63.3167,375
353,257.3307,96499,115.325,413,115.13,63.8298,63.3309,375
354,255.7199,97685,116.775,437,115.53,63.576,63.3933,382
355,257.0984,96669,116.375,407,117.26,63.8592,63.4008,376
356,256.4654,96431,115.6625,464,115.92,64.7133,64.013,376
357,258.9333,97100,116.675,439,115.64,64.664,63.859,375
358,258.9204,97613,115.875,426,115.7,63.5846,63.5638,377
359,256.9974,97659,114.5,421,116.57,63.5602,63.4467,380
360,257.1538,96947,117.0875,400,116.97,63.264,63.631,377
361,257.8889,97482,116.375,434,116.44,63.593,63.4637,378
362,259.2187,97207,115.9875,427,116.7,63.3113,63.5278,375
363,257.4301,97566,116.0875,447,116.64,63.1504,63.3113,379
364,258.7893,97046,116.1625,432,116.58,62.9966,63.6173,375
365,255.4856,97340,115.4375,417,116.73,63.2377,63.4144,381
366,258.7527,97291,114.9875,431,116.48,63.0237,63.4438,376
367,257.5053,97337,115.5125,410,116.43,62.9684,63.5597,378
368,257.391,96779,117.2375,442,116.52,62.9408,63.3539,376
369,258.3333,96875,116.7625,427,116.04,63.0708,63.5339,375
370,259.4787,97564,115.325,427,116.79,62.7624,63.4834,376
371,261.0933,97910,115.775,418,117.05,62.8885,63.3081,375
372,259.9072,97985,116.125,451,117.23,62.7242,63.7026,377
373,258.4933,96935,115.925,425,115.99,62.643,63.5183,375
374,256.9449,97896,115.925,434,116.32,62.6365,63.581,381
375,255.6984,96654,116.15,417,115.61,62.681,63.5114,378
376,258.7128,97276,115.5125,420,115.72,62.7831,63.5445,376
377,257.0133,96894,115.6875,418,117.02,62.5373,63.4796,377
378,259.1447,98475,115.275,397,117.26,62.7398,63.44,380
379,259.936,97476,115.7125,424,117.1,62.5775,63.642,375
380,261.52,98070,115.7125,436,117.11,62.5687,63.5258,375
381,260.1936,98093,115.5625,410,115.24,62.517,63.4986,377
382,261.4388,98301,116.425,457,115.3,62.4081,63.5832,376
383,259.5995,97869,115.55,426,115.98,62.692,63.341,377
384,258.6213,96983,115.9875,458,116.37,62.5086,63.4906,375
385,260.456,97671,116.0625,438,116.06,62.3709,63.3964,375
386,259.0133,97648,115.75,458,115.99,62.3816,63.4187,377
387,260.9255,98108,116.9375,420,116.16,62.5433,63.3129,376
388,258.1852,97594,116.1125,424,115.59,62.4813,63.4807,378
389,258.6026,98269,115.75,429,116.58,62.3221,63.3408,380
390,260.6533,97745,115.35,416,115.18,62.5428,63.6435,375
391,258.9147,97093,116.95,415,116.6,62.4877,63.456,375
392,258.987,99710,115.5,431,116.72,62.6155,63.3822,385
393,259.2447,98513,116.2125,412,116.22,62.4576,63.521,380
394,259.5493,97331,115.575,430,116.92,62.4201,63.4835,375
395,259.1667,97965,116.375,420,115.75,62.3425,63.6511,378
396,259.4538,98333,114.3125,437,115.42,62.5191,63.4233,379
397,260.192,97572,115.8375,409,117.13,62.2934,63.3722,375
398,259.5836,97863,115.6375,441,116.78,62.5726,63.4279,377
399,257.706,98186,116.7,435,117.11,62.3482,63.6074,381
400,257.464,96549,114.5875,433,116.13,62.2774,63.5274,375
401,255.6074,96364,116.4625,398,116.94,62.2399,63.5354,377
402,258.2181,97090,115.5875,415,116.32,62.4634,63.5855,376
403,258.5307,96949,116.45,435,116.19,62.2497,63.3865,375
404,257.4316,97824,115.9875,434,117.42,62.3262,63.3457,380
405,256.0053,96002,115.9625,407,116.03,62.2533,63.4977,375
406,256.7048,96521,117,404,116.54,62.3791,63.4215,376
407,257.7633,96919,116.7,413,116.12,62.3583,63.5183,376
408,254.3757,96154,115.3875,466,116.26,62.4116,63.4818,378
409,258.5344,97726,115.4375,425,116.72,62.3878,63.5616,378
410,256.0397,96783,114.7625,432,116.03,62.3472,63.4737,378
411,255.8117,96441,116.65,408,116.24,62.3646,63.5171,377
412,257.2302,97233,115.5,415,115.41,62.2105,63.5396,378
413,256.687,96771,117.325,425,116.32,62.4435,63.3914,377
414,258.0213,97016,115.4125,449,116.31,62.1878,63.6348,376
415,257.592,96597,116.75,448,116.31,62.3329,63.4867,375
416,254.9127,96357,115.65,420,116.59,62.2053,63.4868,378
417,253.5895,96364,115.95,424,116.2,62.0196,63.4867,380
418,256.0319,96268,115.775,430,116.61,62.2169,63.3429,376
419,254.808,95553,115.1,426,116.51,62.1643,63.6224,375
420,256.3467,96130,116.0125,427,116.39,62.4683,63.59,375
421,254.6223,95738,116.2125,437,116.09,62.4092,63.3467,376
422,255.6649,96130,116.15,415,116.39,62.1779,63.5211,376
423,254.7592,97318,116.975,436,116.31,62.4261,63.5078,382
424,254.6342,96761,115.5,416,115.85,62.1907,63.5221,380
425,254.1167,95802,116.6,417,116.6,62.3151,63.5208,377
426,255.2899,95989,115.4625,421,115.99,62.1319,63.4556,376
427,255.4229,96039,115.5375,436,115.05,62.1292,63.5588,376
428,257.12,96420,116.0125,448,117.24,62.2396,63.3741,375
429,256.3289,96636,116.125,442,116.3,62.227,63.5368,377
430,255.672,96644,116.6375,406,116.46,62.0854,63.5533,378
431,254.0688,96038,115.5625,418,116.6,62.3618,63.4448,378
432,254.6227,96502,116.1125,430,114.97,62.0176,63.551,379
433,254.6905,96273,115.8375,413,117.72,62.2159,63.5541,378
434,255.664,96641,115.825,397,115.62,61.9565,63.7134,378
435,256.352,96132,115.1125,435,115.97,62.2692,63.4819,375
436,254.5159,96207,116.4375,415,115.87,62.0161,63.5455,378
437,256.9335,96607,115.15,397,115.61,62.1636,63.404,376
438,255.2884,96499,116.6375,410,116.95,62.1396,63.5539,378
439,255.0265,96400,116.5625,407,116.28,62.026,63.6322,378
440,257.3926,97037,114.85,407,116.38,62.0574,63.5831,377
441,255.2853,95732,115.4625,450,116,61.8805,63.6101,375
442,255.8074,96951,115.5875,423,116.61,61.9311,63.5928,379
443,255.7147,95893,116.9375,442,116.37,62.2145,63.4831,375
444,252.9342,96115,114.4375,403,116.82,62.0876,63.5407,380
445,255.9734,96246,115.125,437,116.23,62.1488,63.3663,376
446,253.7704,96179,116.9375,448,114.85,61.9815,63.632,379
447,253.4801,95562,115.8,414,116,62.2194,63.5798,377
448,253.6126,96880,115.375,425,115.6,62.2786,63.585,382
449,254.8933,95585,115.95,431,116.06,62.1753,63.5441,375
450,253.7931,95680,117.175,426,116.26,61.8511,63.6779,377
451,254.6693,95501,115.1625,413,116.56,62.0268,63.6488,375
452,253.5385,95584,116.4625,437,116.46,61.8885,63.442,377
453,252.4777,96194,116.2625,437,116.4,61.8882,63.3243,381
454,253.4392,95800,116.1,392,115.8,61.9358,63.4693,378
455,253.2565,96744,114.675,430,116,63.3442,63.9177,382
456,252.9816,96386,116.0875,401,115.59,63.3336,63.8882,381
457,255.3598,96526,116.35,421,116.3,62.5263,63.6984,378
458,253.7421,96422,115.75,415,116.54,62.2933,63.6391,380
459,255.75,96162,116.5,398,115.92,62.1555,63.5874,376
460,254.883,95836,115.525,440,115.55,62.2905,63.5377,376
461,253.537,95837,115.825,413,115.87,62.1948,63.6423,378
462,254.5529,96221,115.9125,403,116.7,61.9512,63.5759,378
463,252.7188,97044,115.1375,413,116.55,62.1009,63.529,384
464,255.8133,95930,115.75,447,116.84,62.1935,63.6749,375
465,252.4263,95922,116.6125,438,116.11,62.2064,63.5719,380
466,255.384,95769,116.175,456,115.53,62.1733,63.4485,375
467,254.8085,95808,116,437,117.65,62.1905,63.6382,376
468,256.0822,96543,116.9625,485,115.47,62.1564,63.4213,377
469,254.0262,96784,114.4375,442,116.48,62.0171,63.6184,381
470,252.628,95746,116.4625,420,115.53,62.2313,63.6219,379
471,254.4721,95936,115.625,412,116.02,62.0996,63.5127,377
472,256.1627,96061,115.1625,429,116.56,61.7341,63.8835,375
473,253.8507,95194,115.625,418,116.61,61.9556,63.3149,375
474,254.0422,96282,115.8375,411,116.92,62.2191,63.4152,379
475,253.5053,96332,115.55,460,115.62,62.1255,63.6956,380
476,251.9173,97492,116.3875,448,117.36,61.9892,63.6081,387
477,254.0763,96549,115.4625,440,116.03,61.9339,63.6574,380
478,252.7737,96054,115.6625,421,117.19,62.2272,63.329,380
479,254.0423,96028,116.0625,459,116.31,62.089,63.5664,378
480,253.686,96147,115.85,389,115.49,61.9904,63.4859,379
481,254.9176,95849,116.2,420,116.89,61.9745,63.5238,376
482,254.8324,95817,116.35,396,116.19,62.1581,63.4867,376
483,254.1693,96076,115.975,442,117.24,61.9745,63.3987,378
484,254.3112,95621,115.8875,437,116.95,62.0259,63.5449,376
485,254.1467,95305,116.4875,428,116.16,62.1261,63.3843,375
486,254.544,95454,116.575,404,115.6,62.096,63.4775,375
487,253.5467,95080,117.225,423,116.95,61.9434,63.6017,375
488,254.3579,96656,116.0625,409,116.54,62.1133,63.4556,380
489,251.5658,95595,116.475,437,116.28,62.0872,63.5317,380
490,254.3112,95621,115.25,435,115.19,62.1739,63.4076,376
491,253.3103,95498,115.6125,422,115.99,62.2442,63.3495,377
492,252.9707,95117,115.9625,425,115.77,62.0162,63.7098,376
493,252.5963,95734,115.7875,445,116.27,62.0428,63.4794,379
494,252.918,95603,114.4375,431,117.03,62.0055,63.5275,378
495,252.2812,96876,115.1375,430,117.22,62.2898,63.4889,384
496,252.2559,96614,115.7375,430,115.37,62.2182,63.3857,383
497,254.8484,95823,114.85,428,116.11,62.0486,63.5466,376
498,253.7222,95907,115.4375,437,116.29,62.0405,63.4024,378
499,251.0423,94894,116.6375,439,116.54,62.0678,63.4019,378
500,254.928,95598,115.625,441,116.12,62.041,63.6146,375
501,252.0871,95541,116.05,416,116.59,61.9164,63.4131,379
502,253.4406,96054,116.1125,432,117.11,62.1312,63.3883,379
503,253.3211,96262,115.725,431,116.03,61.9838,63.6029,380
504,253.8564,95450,116.05,405,115.7,62.0735,63.4205,376
505,253.1984,95709,114.875,452,116.44,61.9895,63.4498,378
506,251.9048,95220,114.0875,435,116.04,62.0175,63.3359,378
507,251.9556,96499,115.3375,439,117.55,61.8794,63.5273,383
508,250.3836,94645,115.4375,416,116.46,61.9161,63.5818,378
509,255.2427,95716,114.8625,426,116.31,62.0033,63.4864,375
510,253.504,95571,116.15,430,115.68,62.0229,63.6465,377
511,251.4557,96559,115.3125,419,115.57,62.027,63.5136,384
512,251.9188,96233,116.5375,414,116.98,61.8258,63.6109,382
513,253.3005,95241,115.2375,420,116.51,62.0689,63.4302,376
514,253.8211,96452,115.75,416,115.39,62.1306,63.452,380
515,252.0919,96047,116.775,423,115.71,62.0058,63.6123,381
516,254.7653,95537,116.725,444,116.03,61.7699,63.6053,375
517,254.244,95850,115.3875,419,116.43,62.1198,63.2853,377
518,253.5567,96098,114.775,390,115.65,62.0595,63.6481,379
519,253.9093,95216,115.6625,424,116.49,62.136,63.4624,375
520,254.516,95698,116.3625,416,116.2,62.0328,63.4417,376
521,254.128,95298,115.2375,451,115.79,62.0026,63.6161,375
522,255.848,95943,116.3125,444,115.74,61.9533,63.5235,375
523,254.409,96421,115.225,424,116.08,61.7156,63.7454,379
524,254.824,95559,116.0375,451,116.8,61.9457,63.44,375
525,255.4854,96318,115.4625,465,115.64,62.0214,63.4639,377
526,254.32,95370,115.125,445,117.01,61.8665,63.4307,375
527,252.0899,95290,116.125,448,115.99,61.9907,63.5136,378
528,252.5787,94717,114.775,406,116.59,61.8757,63.5969,375
529,250.5662,96468,114.9875,464,115.8,61.6888,63.6375,385
530,253.4043,95280,115.1125,413,115.75,62.0077,63.5026,376
531,253.4462,96563,115.575,429,116.7,61.9615,63.5518,381
532,252.1575,96072,115.4375,418,116.28,61.8547,63.4501,381
533,255.9443,96491,116.2,452,117.1,62.073,63.4178,377
534,254.4867,95687,116.275,428,115.39,61.8491,63.3809,376
535,253.2228,95465,116,428,116.58,61.8893,63.407,377
536,253.0737,96168,115.5625,433,116.47,61.948,63.55,380
537,253.9231,95729,115.5,441,117.04,61.6766,63.5655,377
538,253.828,95947,116.275,438,116.39,62.0069,63.4641,378
539,256.3457,96386,115.1875,441,116.88,61.9525,63.3604,376
540,253.81,96194,115.3625,415,117.38,61.8567,63.6083,379
541,252.8021,95812,115.1875,455,116.29,61.8943,63.3617,379
542,254.0106,96270,115.95,440,116.66,62.0299,63.3832,379
543,253.2816,96247,115,456,116.22,61.8426,63.3729,380
544,252.8439,95575,115.8875,428,115.59,62.0477,63.3958,378
545,251.6323,95117,114.5125,422,115.98,61.7549,63.4887,378
546,253.2314,95215,114.975,436,116.1,62.0963,63.4214,376
547,252.0507,94519,115.7375,418,116.05,61.8466,63.589,375
548,249.7165,95142,115.575,410,116.17,61.8019,63.6799,381
549,252.8519,95578,116,419,116.4,61.6208,63.4682,378
550,253.9973,95249,115.775,439,117.19,61.7351,63.416,375
551,250.9441,94355,114.9625,433,115.53,61.6655,63.6751,376
552,252.7763,96055,115.0625,413,115.8,61.6639,63.3867,380
553,251.0844,95161,115.3125,422,116.15,61.7524,63.7161,379
554,253.0878,95161,115.925,426,115.92,61.7037,63.564,376
555,254.3466,96143,115.825,477,115.88,61.6328,63.4128,378
556,251.152,94182,116.325,465,115.93,61.5226,63.6818,375
557,253.8011,95683,117.35,440,115.72,61.4324,63.2121,377
558,254.4011,96418,115.1625,450,116.06,61.4861,63.3221,379
559,252.7646,95545,116.25,436,116.13,61.5046,63.4834,378
560,254.5464,95964,115.875,436,116.73,61.8339,63.6856,377
561,252.0785,96294,116.1625,448,115.78,61.6852,63.4533,382
562,252.9947,94873,115.95,422,116.73,61.8295,63.3138,375
563,253.6359,96128,115.8,431,115.15,61.7709,63.5739,379
564,251.8541,94949,115.25,455,115.83,61.7261,63.4104,377
565,253.264,94974,114.525,444,116.08,61.8077,63.4973,375
566,253.6037,95355,115.1125,455,116.14,61.6529,63.6069,376
567,252.7958,95304,116.8625,439,116.04,61.8557,63.4307,377
568,252.53,96719,116.15,435,116.45,61.6032,63.5118,383
569,253.7263,96416,116.1375,404,115.48,61.6152,63.3993,380
570,254.8868,96857,115.775,431,115.24,61.9196,63.4439,380
571,254.5893,95471,115.9625,453,116.74,61.866,63.5812,375
572,254.9708,96124,115.6375,455,116.04,61.3978,63.2876,377
573,255.6366,96375,115.3,414,115.96,61.3412,63.4,377
574,255.0637,96159,116.575,445,116.16,61.8602,63.4703,377
575,254.2228,95842,115.5375,442,114.88,61.5841,63.5092,377
576,255.1867,95695,116.2375,428,116.2,61.8693,63.4667,375
577,254.3813,95393,115.8,440,116.51,61.7367,63.3936,375
578,254.9685,97143,117.4,441,116.95,61.6513,63.4143,381
579,253.4195,96046,116.5625,416,115.56,61.6309,63.5872,379
580,254.0345,95771,114.825,421,116.21,61.8621,63.4954,377
581,254.25,95598,116.825,476,116.32,61.8477,63.6032,376
582,251.5669,95847,115.0125,443,116.02,61.6987,63.5216,381
583,253.1693,95698,115.5125,450,116.24,61.4734,63.5397,378
584,251.1684,95444,114.8875,436,115.64,61.6807,63.5146,380
585,253.4574,95300,117.0625,444,115.9,61.727,63.3341,376
586,253.3787,95017,115.7875,474,115.71,61.7171,63.57,375
587,252.824,94809,115.15,410,116.39,61.5474,63.5317,375
588,252.5488,95716,115.8,455,115.89,61.6993,63.5116,379
589,253.1463,95183,115.5125,441,115.77,61.6174,63.6841,376
590,251.095,95165,115.15,451,116.33,61.7713,63.4595,379
591,252.176,94566,115.775,429,116.67,61.573,63.5936,375
592,250.8743,95834,116.5125,426,116.27,61.2931,63.4962,382
593,253.2267,94960,115.2375,438,116.77,61.5429,63.4965,375
594,252.288,94608,115.3375,449,116.69,61.4914,63.4457,375
595,252.0053,95762,116,421,116.43,61.668,63.5341,380
596,249.3964,96267,115.8875,405,116.01,61.8029,63.3433,386
597,252.0344,95269,114.95,414,114.38,61.9517,63.5827,378
598,251.4122,94531,115.6125,420,115.88,61.7029,63.3886,376
599,250.0479,94018,114.975,397,116.63,61.5406,63.5206,376
600,250.6117,94230,115.8875,424,116.16,61.6933,63.4351,376
601,251.0526,95400,115.9875,427,116.18,61.662,63.4726,380
602,251.6798,95890,116.1625,427,115,61.8725,63.6145,381
603,251.9788,95248,114.7875,417,115.71,61.4563,63.579,378
604,251.0747,94153,115.5625,406,117.15,61.5439,63.5959,375
605,251.4,94275,115.95,422,116.14,61.4552,63.4366,375
606,252.7952,95051,116.075,441,116.44,61.3278,63.5646,376
607,251.3757,95020,114.7125,433,116.44,61.2991,63.624,378
608,250.6966,95014,117.1875,428,115.57,61.4928,63.526,379
609,252.784,94794,115.35,450,116.36,61.5512,63.4935,375
610,251.1787,94192,115.8,428,116.55,61.3977,63.4172,375
611,251.9815,95249,115.975,436,116.23,61.7315,63.5198,378
612,251.6489,94620,115.625,451,116,61.5028,63.5596,376
613,252.2207,94835,115.5375,455,114.41,61.6894,63.5907,376
614,252.0105,95764,116.275,434,115.54,61.6038,63.5182,380
615,250.3324,94125,115.3,417,116.94,61.5061,63.4493,376
616,252.2812,95110,116.25,398,116.26,61.6846,63.6099,377
617,250.5253,93947,116,399,116.09,61.5402,63.5315,375
618,251.6021,94854,117.2375,434,116.09,61.3902,63.5119,377
619,251.3165,94495,116.6375,434,115.73,61.4191,63.3388,376
620,251.2234,94460,116.425,415,116.62,61.6498,63.4928,376
621,252.1451,95563,115.475,420,116.45,61.6233,63.3523,379
622,253.0106,95385,115.5625,457,115.64,61.3804,63.5285,377
623,251.5567,95340,114.5375,469,114.75,61.2972,63.6411,379
624,252.2149,95085,114.5,429,114.78,61.4875,63.3256,377
625,253.4218,95540,114.7375,432,115.37,61.5754,63.5263,377
626,252.9132,96107,115.425,465,115.91,61.4175,63.2954,380
627,253.3245,95250,115.8625,435,116.21,61.5214,63.4932,376
628,249.5524,95329,115.975,444,116.84,61.3397,63.4578,382
629,250.9261,95101,116.25,431,116.1,61.6137,63.3277,379
630,250.6779,96511,114.8,453,114.51,61.6964,63.6488,385
631,251.4591,95303,114.125,442,116.18,61.5812,63.2941,379
632,251.144,94179,115.1,441,116.36,61.2848,63.5632,375
633,252.8431,95069,115.3125,487,117.55,61.5266,63.4581,376
634,251.5488,95337,116.0125,399,116.39,61.5376,63.5282,379
635,251.8117,94933,114.7375,460,116.02,61.275,63.5672,377
636,251.9444,95235,115.475,454,117.09,61.2122,63.5151,378
637,251.0745,94404,115.8125,441,117.06,61.4584,63.4103,376
638,250.472,93927,116.0625,469,117.24,61.3226,63.4424,375
639,249.123,95165,114.95,444,115.83,61.5152,63.493,382
640,252.0133,94757,115.075,425,117.2,61.3695,63.5712,376
641,252.08,94530,115.0875,484,116.35,61.626,63.254,375
642,253.7467,95155,115.2,413,115.84,61.3705,63.4543,375
643,251.392,94272,114.4875,407,115.67,61.5114,63.4699,375
644,252.6395,96003,115.625,431,115.94,61.4367,63.5088,380
645,252.9127,95601,115.375,426,115.8,61.3368,63.5618,378
646,252.7813,94793,115.2125,440,116.87,61.3162,63.5364,375
647,251.1702,94440,116.2,471,116.49,61.5241,63.3615,376
648,250.9555,95865,114.9625,425,115.85,61.4605,63.4981,382
649,252.7698,95547,115.75,427,115.51,61.4162,63.5643,378
650,250.4377,94415,115.7,414,116.68,61.4003,63.3792,377
651,252.1316,95810,116,460,116.37,61.1217,63.6815,380
652,252.992,94872,116.2125,439,116.91,61.4243,63.444,375
653,252.463,95431,115.8375,431,115.73,61.4244,63.3925,378
654,252.7218,96287,115.4875,453,117.16,61.3663,63.5286,381
655,252.7421,96042,114.625,438,116.28,61.2388,63.3966,380
656,251.8346,95949,114.875,409,116.77,61.3371,63.7051,381
657,251.643,95876,115.9875,443,117,61.2942,63.4337,381
658,253.5469,97362,114.6375,426,117.34,62.2014,63.7003,384
659,253.7784,96182,115.8625,461,115.21,61.6406,63.429,379
660,252.9814,95374,116.3375,424,115.6,61.5461,63.4085,377
661,253.706,96662,114.7125,476,116.3,61.6792,63.4823,381
662,254.7593,96299,116.0625,445,114.68,61.4898,63.3817,378
663,252.545,95462,115.3375,454,117.16,61.2969,63.6649,378
664,253.7836,96184,116.325,464,116.66,61.3137,63.663,379
665,254,95504,115.6375,432,116.22,61.4933,63.277,376
666,254.7878,96055,115.8875,478,116.53,61.4214,63.4925,377
667,253,95381,115.6625,439,115.88,61.332,63.3888,377
668,253.8883,95462,115.9375,450,115.85,61.357,63.5428,376
669,253.2766,95232,115.1875,429,117.08,61.1721,63.4515,376
670,254.3492,96144,115.875,413,116.35,61.5215,63.4668,378
671,252.3147,94618,116.85,451,116.72,61.4838,63.3714,375
672,254.3963,95653,115.3875,445,116.67,61.3352,63.3373,376
673,253.7836,96184,115.325,421,116.26,61.5131,63.3661,379
674,254.6578,96006,115.4125,415,117.39,61.2028,63.3161,377
675,253.4256,97062,115.3375,465,116.66,61.3242,63.4776,383
676,257.8478,98240,116.5875,414,115.45,61.4907,63.4127,381
677,255.4319,97575,115.625,462,115.85,61.2592,63.4592,382
678,256.1286,97585,115.5875,457,115.91,61.2908,63.3917,381
679,256.5638,96468,115.8125,439,116.98,61.2268,63.5337,376
680,256.3061,97140,116.15,469,117.41,61.2784,63.3388,379
681,256.992,96629,116.5375,430,116.94,61.2756,63.4957,376
682,255.2611,97765,115.2,417,116,61.2435,63.4448,383
683,253.3947,96290,115.6625,466,116.34,61.4115,63.2336,380
684,257.2633,96731,115.2625,425,115.31,61.0964,63.6237,376
685,253.3579,96276,114.475,455,116.04,61.3695,63.4157,380
686,255.4222,96805,115.925,448,116.17,61.105,63.5854,379
687,254.5265,96211,116.5625,427,116.97,61.1834,63.5124,378
688,254.7953,97077,115.075,430,116,61.2476,63.4625,381
689,255.2,95700,114.6625,435,115.22,61.2046,63.4282,375
690,254.8839,96601,116.075,509,117.07,61.4567,63.3872,379
691,253.3728,98562,115.325,407,117.53,61.2508,63.55,389
692,254.4642,95933,115.8875,428,116.19,61.1846,63.4336,377
693,254.1474,96576,116.025,413,116.78,61.1652,63.4967,380
694,254.4335,95667,116.375,421,116.45,61.2395,63.3511,376
695,253.5471,96855,117.2875,438,116.75,61.3798,63.4211,382
696,253.0158,96146,115.5125,444,115.93,60.9897,63.688,380
697,255.955,96751,116.0375,444,116.28,61.2213,63.3048,378
698,251.6204,96119,116.075,426,115.59,61.1017,63.5733,382
699,254.1693,96076,116.1125,415,116.62,61.1351,63.5264,378
700,254.8568,96081,115.2625,423,117.13,61.4167,63.4399,377
701,254.5579,96732,115.675,444,114.61,61.0874,63.4804,380
702,255.9601,96241,114.85,447,115.35,61.545,63.5827,376
703,254.8478,97097,116.8875,466,115.49,62.6121,64.1021,381
704,255.376,95766,115.275,434,115.83,62.662,64.3033,375
705,253.623,96884,116.0375,431,116.37,61.3321,63.5535,382
706,253.3516,97287,116.7,442,116.26,61.5327,63.8071,384
707,254.6834,96525,116.1375,418,116.62,61.1419,63.5804,379
708,252.5684,95976,115.1125,448,115.81,61.4832,63.5866,380
709,254.9628,95866,114.9875,418,116.01,61.2463,63.5803,376
710,254.3236,95880,115.4625,414,116.53,61.1456,63.5367,377
711,256.3333,96125,115.3875,435,116.05,61.3296,63.4352,375
712,252.848,94818,114.975,436,116.45,61.2223,63.4448,375
713,254.7037,96278,115.95,465,114.97,61.2251,63.4551,378
714,251.9554,95995,114.2625,457,115.48,61.5277,63.5433,381
715,255.1968,95954,115.625,428,115.31,61.2089,63.4321,376
716,253.9055,96738,116.1875,473,116.43,61.1595,63.5732,381
717,252.5253,94697,115.1875,440,115.34,61.2523,63.527,375
718,252.8836,95590,115.85,478,115.58,61.0981,63.4501,378
719,253.6852,95893,115.2125,426,115.74,61.2379,63.412,378
720,254.0347,95263,115.5375,406,116.29,61.2683,63.6391,375
721,253.5597,95592,116.0125,444,116.66,61.1188,63.5756,377
722,253.6596,95376,116.0125,447,116.05,61.2655,63.3892,376
723,257.4853,96557,116.125,440,115.47,61.2315,63.5509,375
724,254.9043,95844,115,437,115.82,61.3273,63.3284,376
725,255.2213,95708,116.6,441,115.4,61.1037,63.7309,375
726,256.2766,96360,115.05,448,116.63,61.4313,63.4154,376
727,256.0026,96769,114.6875,427,116.61,61.5816,63.767,378
728,254.252,95853,116.4375,455,116.54,61.1313,63.4419,377
729,255.7347,96412,116.4,451,115.56,61.284,63.5826,377
730,253.3668,96026,114.8,418,116.13,61.0845,63.7478,379
731,253.939,95735,115.3875,449,116.22,61.261,63.447,377
732,253.3641,96025,114.975,420,116.2,61.1414,63.5494,379
733,253.0474,96158,114.925,412,115.69,61.3808,63.4789,380
734,252.6105,95992,115.2,432,116.79,61.0385,63.6863,380
735,253.3475,95512,115.075,439,116.52,61.3146,63.3524,377
736,255.9467,95980,114.575,451,115.97,60.8861,63.5987,375
737,254.3873,95904,115.725,431,116.71,60.9821,63.4927,377
738,253.9395,96497,115.5375,406,115.75,60.9395,63.4695,380
739,253.2819,95234,115.15,421,116.9,60.9024,63.7003,376
740,253.4011,96039,115.5125,488,115.91,61.127,63.3973,379
741,253.1395,96193,115.8875,465,115.32,60.8607,63.662,380
742,252.7605,96049,115.65,444,115.73,61.2687,63.4323,380
743,253.0933,94910,115.5375,444,116.42,61.1596,63.3979,375
744,251.936,94476,114.8875,438,116.55,60.9075,63.5761,375
745,252.7256,95783,115.075,408,116.01,60.8509,63.532,379
746,250.6905,94761,116.325,432,115.34,60.86,63.6927,378
747,252.305,95119,116.7375,421,115.37,60.8025,63.5525,377
748,252.128,94548,117.2125,421,116.88,60.8881,63.5279,375
749,251.1489,94432,116.2375,452,115.73,60.8548,63.6107,376
750,253.9493,95231,115.7625,448,115.6,62.409,64.0374,375
751,254.9467,95605,115.5625,440,117.1,62.0646,64.3278,375
752,253.6941,95389,115.4625,426,116.06,61.345,63.6228,376
753,251.7692,94917,115.975,406,115.59,61.2266,63.5834,377
754,251.2599,94725,116.5375,406,116.37,61.2798,63.5367,377
755,250.9763,95371,115.8,426,115.85,60.9454,63.3751,380
756,253.5653,95087,115.2875,432,116.02,60.8522,63.5137,375
757,253.3333,95000,116.175,434,115.33,60.6603,63.2996,375
758,252.7268,95278,115.525,438,116.95,61.0516,63.5184,377
759,252.0769,95033,116.2,422,116.69,60.788,63.5013,377
760,252.9893,94871,115.45,416,115.4,61.1132,63.5959,375
761,252.6347,94738,115.3625,432,116.43,60.8485,63.3964,375
762,253.856,95196,115.825,441,116.79,61.131,63.3807,375
763,252.4255,94912,114.3375,412,116.52,61.0796,63.4724,376
764,253.4987,95062,117.0125,458,115.46,61.0398,63.589,375
765,252.5669,96228,115.4375,415,116,60.8255,63.5467,381
766,253.2293,94961,116.9625,448,116.24,61.0562,63.4406,375
767,253.4521,95298,116.5375,421,115.97,61.0161,63.649,376
768,253.4495,95297,114.3125,432,115.43,60.6498,63.5316,376
769,251.616,94356,115.5375,455,117.15,60.7093,63.631,375
770,251.8883,94710,115.6,451,116.38,60.9399,63.5671,376
771,250.6693,95505,115.4625,457,116.01,60.8411,63.5087,381
772,252.5665,94965,116.4125,399,116.08,60.8203,63.4477,376
773,249.8828,95955,116.1375,411,116.98,60.6791,63.4875,384
774,251.4667,94300,115.7625,411,116.62,60.8201,63.6342,375
775,249.9973,94249,115.3375,456,115.66,60.7698,63.6204,377
776,249.8083,96426,115.975,406,116.11,60.8495,63.638,386
777,251.9307,94474,115.6875,425,117.01,60.8088,63.597,375
778,251.6596,94624,117.2125,479,115.9,60.8788,63.5415,376
779,250.2421,95092,115.2625,422,116.24,60.9247,63.5347,380
780,252.0133,95009,116.45,434,116.63,60.8133,63.6012,377
781,252.1141,95047,116.4625,409,116.84,60.4649,63.7178,377
782,250.3493,93881,116.25,432,115.37,60.8749,63.6775,375
783,251.0105,95384,114.9125,416,117.79,60.6645,63.6053,380
784,251.6194,95867,116.6375,446,117.63,60.8232,63.4806,381
785,249.5462,94578,114.875,424,116.15,60.7906,63.6077,379
786,253.8723,95456,116.65,429,116.35,60.8065,63.5592,376
787,251.2876,95238,115.3375,452,115.4,60.611,63.7635,379
788,250.56,93960,115.0125,415,115.35,60.846,63.3709,375
789,250.6148,94983,115.575,497,115.31,60.5423,63.6002,379
790,252.328,94623,114.675,468,117.34,60.7669,63.6033,375
791,251.6277,94612,114.8625,431,116.71,60.8153,63.3997,376
792,250.0577,95272,114.9375,407,116.88,60.3884,63.6817,381
793,250.9339,94853,116.25,404,115.48,60.6586,63.5703,378
794,252.9787,95120,114.8375,439,116.52,60.7541,63.5315,376
795,249.0757,95396,115.225,396,116.44,60.7013,63.6731,383
796,251.1303,94425,115.875,435,115.39,60.4825,63.5844,376
797,251.6233,94862,114.25,399,116.29,60.4967,63.5935,377
798,251.6773,94379,115.1125,431,116.16,60.7363,63.3851,375
799,250.4709,94678,115.8125,387,116.83,60.6179,63.6136,378
800,251.9282,94725,115.1875,462,116,60.5883,63.4925,376
801,250.9576,94611,115.4875,414,117.07,60.5533,63.6484,377
802,251.7335,95407,115.125,418,116.65,60.6333,63.5776,379
803,249.1358,95419,115.3375,452,116.93,60.6356,63.4764,383
804,250.768,94038,115.925,440,116.47,60.7411,63.6697,375
805,253.136,94926,115.375,461,114.89,60.6718,63.4526,375
806,250.6247,95488,115.65,410,116.18,60.691,63.5618,381
807,250.686,95010,116.875,404,116.01,60.6207,63.668,379
808,252.928,94848,115.5625,444,115.68,60.5027,63.582,375
809,250.5915,94473,116.7875,415,116.06,60.552,63.773,377
810,250.5303,94951,115.75,436,115.72,60.5396,63.6327,379
811,251.1406,94680,114.9125,406,117.31,60.5908,63.6923,377
812,249.8143,94180,115.7375,398,117.04,60.5638,63.3853,377
813,251.2759,94731,115.525,432,115.63,60.5488,63.6301,377
814,250.2216,94834,115.3875,427,116.8,60.5862,63.5426,379
815,250.2665,94851,115.125,424,115.22,60.6516,63.5244,379
816,252.4229,94911,116.325,419,116.59,60.7424,63.4424,376
817,249.1901,95689,115.35,430,116.39,60.5983,63.5141,384
818,250.336,93876,114.625,406,115.87,60.5105,63.5123,375
819,251.6233,94862,115.925,420,115.34,60.5442,63.6146,377
820,251.13,94676,116.675,411,116.81,60.5508,63.4934,377
821,251.992,94497,116.15,443,116.28,60.6896,63.5289,375
822,251.4684,95558,115.55,453,114.91,60.637,63.5979,380
823,251.4761,94555,116.075,421,116.47,60.7534,63.5929,376
824,249.7539,96405,113.85,436,116.58,60.3726,63.5369,386
825,249.3127,96484,115.3375,434,116.95,60.6287,63.5025,387
826,248.0545,95501,115.825,410,115.32,60.2824,63.6937,385
827,251.1217,94924,115.325,465,117.34,60.7652,63.62,378
828,250.7692,94540,115.9125,424,116.09,60.5763,63.5166,377
829,251.0369,95143,114.925,425,115.73,60.4859,63.3947,379
830,250.2507,94845,115.825,421,116.92,60.6499,63.4504,379
831,251.6507,94369,116.2625,448,116.86,60.4579,63.513,375
832,252.1356,94803,114.85,442,115.38,60.7075,63.4378,376
833,249.9604,94735,115.2875,439,116.5,60.5417,63.5622,379
834,250.8575,95075,114.875,433,117.09,60.4902,63.4122,379
835,252.4536,95175,115.35,415,115.98,60.6666,63.4206,377
836,253.1804,95449,116.4375,475,116.09,60.6125,63.5848,377
837,251.7287,94650,116.275,425,115.67,60.567,63.497,376
838,250.4895,95186,115.775,437,116.38,60.477,63.5904,380
839,251.3846,94772,115.1375,433,115.74,60.2905,63.8322,377
840,251.3536,95263,115.9375,440,116.96,60.7857,63.418,379
841,251.0878,94409,115.45,434,116.45,60.5225,63.6897,376
842,251.3581,94762,115.125,437,116.18,61.8653,64.2665,377
843,252.8971,95848,115.575,437,116.16,61.9215,64.2285,379
844,252.4921,96452,115.0375,424,115.18,60.8598,63.8425,382
845,252.1534,95314,116.4375,461,117.61,60.8252,63.5976,378
846,253.4259,95795,115.85,457,116.57,60.978,63.5837,378
847,250.4354,94915,116.475,435,116.53,60.5812,63.7097,379
848,250.6827,94006,116.575,430,116.99,60.5759,63.627,375
849,252.5027,94941,115.95,424,115.56,60.4478,63.7033,376
850,252.8293,94811,115.3125,418,114.08,60.4832,63.446,375
851,252.6138,95488,115.2375,443,115.81,60.4536,63.6755,378
852,249.6614,95121,116.65,438,117.71,60.5888,63.7575,381
853,250.4697,94928,115.8375,428,115.38,60.6071,63.5655,379
854,253.6817,95638,115.5875,477,116.35,60.2709,63.7939,377
855,252.256,94596,115.8375,425,115.78,60.4996,63.5204,375
856,252.4111,95159,115.5,418,116.88,59.9715,63.4644,377
857,250.9204,94597,116.1125,411,116.12,59.7765,63.5969,377
858,251.7593,95165,115.9625,432,115.57,60.2919,63.5237,378
859,251.6631,94877,114.95,451,116.19,60.1853,63.855,377
860,252.2812,95110,114.9625,417,116.41,60.4508,63.4317,377
861,253.1436,95182,116.275,414,116.66,60.1947,63.7173,376
862,252.3227,94621,116.3625,430,116.29,60.2663,63.5994,375
863,254.4642,95933,114.4875,418,115.6,60.3968,63.4693,377
864,253.0931,95163,115.4,402,116.39,60.3546,63.609,376
865,251.256,94221,115.4875,433,116.02,60.3689,63.5031,375
866,253.5556,95844,115.3125,438,117.2,60.2411,63.6004,378
867,252.1534,95314,114.3375,417,117.27,60.4642,63.4264,378
868,252.9788,95373,115.425,407,115.96,60.4713,63.523,377
869,252.2348,95597,116.7625,453,115.91,60.3316,63.604,379
870,253.8105,96448,115.2625,462,115.62,60.4511,63.4984,380
871,251.2706,94729,116.5625,429,116.87,60.5652,63.7213,377
872,250.7441,95032,116.4375,409,116.69,60.3805,63.5804,379
873,253.2473,95221,116.05,440,116.89,60.4543,63.5831,376
874,250.7282,95026,116.05,419,116.4,60.3028,63.6188,379
875,253.7109,95649,116.05,444,115.63,60.5713,63.6264,377
876,254.4533,95420,115.6375,445,116.47,60.9233,63.9615,375
877,253.0892,96427,116.5375,424,116.81,62.0545,64.3271,381
878,253.3245,95250,116.375,398,116.88,61.5909,63.9407,376
879,247.7644,94646,116.9375,413,116.69,60.7549,63.7246,382
880,250.776,94041,115.7125,398,115.71,60.6332,63.514,375
881,251.7473,94657,115.875,433,116.05,60.241,63.4178,376
882,251.1645,94689,115.85,414,116.79,60.0103,63.6714,377
883,250.7652,95040,114.35,430,116.8,60.4793,63.6349,379
884,253.391,95275,115.6125,431,116.47,60.659,63.5136,376
885,250.4895,95186,116.4625,433,116.27,60.5761,63.5834,380
886,253.288,94983,115.675,435,115.53,60.4423,63.5926,375
887,252.5756,95221,116.675,414,115.96,60.5741,63.6039,377
888,249.9525,94732,114.925,409,116.01,60.3729,63.4756,379
889,251.9528,95994,115.45,468,116.4,60.2602,63.6125,381
890,251.1354,96436,115.8625,419,115.45,60.3599,63.554,384
891,250.2891,96111,115.275,427,116.1,60.3945,63.7144,384
892,250.3034,94865,114.8875,417,115.8,60.4212,63.4884,379
893,251.1076,95672,113.675,445,116.36,60.5003,63.6466,381
894,252.443,95171,115.55,431,116.32,60.5113,63.5744,377
895,251.9868,95503,114.85,470,116.57,60.4155,63.543,379
896,253.2865,95489,116.025,428,116.99,60.3491,63.6555,377
897,251.1326,94677,116.1875,396,117.27,60.6131,63.3167,377
898,253.6987,95137,115.775,428,115.42,60.4037,63.4876,375
899,252.3893,94646,114.25,436,116.02,60.4887,63.4612,375
900,252.4176,94909,115.6875,405,116.54,60.2835,63.65,376
901,251.0235,96142,115.475,428,116.24,60.4042,63.566,383
902,251.6446,94870,115.9625,478,116.06,60.2978,63.6518,377
903,250.1571,95560,114.875,430,116.46,60.3604,63.5484,382
904,253.304,94989,116.05,415,115.81,60.371,63.6179,375
905,252.5931,94975,115.2625,428,116.25,60.4354,63.428,376
906,250.4661,96179,113.975,466,116.32,60.2376,63.6383,384
907,251.5212,95075,115.5,431,116.18,60.3616,63.4502,378
908,252.3723,94892,115.4125,442,115.79,60.411,63.3482,376
909,252.9816,96133,116.2375,428,116,60.1975,63.6603,380
910,251.4617,95304,115.05,426,115.62,60.3432,63.4935,379
911,250.4751,95431,113.675,406,115.7,60.2853,63.6692,381
912,251.375,94517,114.9125,400,115.52,60.3801,63.5697,376
913,251.9284,94977,115.8625,425,116.77,60.2586,63.5966,377
914,251.8942,95216,115.7625,438,116.38,60.08,63.546,378
915,249.9948,95498,116.55,432,116.56,60.3795,63.4991,382
916,251.872,94452,115.375,443,116.6,60.2965,63.7145,375
917,251.7113,95902,116.525,427,115.24,60.678,63.5279,381
918,249.8333,94437,115.4,407,115.68,60.2015,63.5995,378
919,250.504,94941,116.5875,408,116.24,60.3616,63.5741,379
920,251.5476,95085,115.875,414,116.46,60.1681,63.6448,378
921,250.2314,94087,115.525,453,116.26,60.2277,63.7062,376
922,252.2367,94841,115.9125,413,114.56,60.1459,63.5771,376
923,250.7766,94292,115.2875,428,116.47,60.4731,63.5045,376
924,251.4453,94292,115.6875,401,115.96,60.0557,63.5999,375
925,251.687,94886,115.6125,430,116.4,60.2435,63.4348,377
926,250.2639,94850,115.775,435,115.09,60.2376,63.8332,379
927,251.5383,95333,115.1625,434,117.25,60.3773,63.4946,379
928,250.3723,94140,114.95,432,116.24,60.2633,63.8099,376
929,251.1653,94187,115.8875,454,117.26,60.1827,63.6477,375
930,250.4136,95658,115.4625,419,115.62,60.0442,63.7022,382
931,248.7361,94271,115.8,426,115.55,60.4236,63.6025,379
932,251.3227,94246,114.925,430,115.42,60.284,63.5008,375
933,251.4335,94539,115.625,419,116.72,60.0448,63.7433,376
934,252.488,94683,115.025,408,116.16,59.8692,63.6467,375
935,250.2816,95107,116,421,116.56,59.927,63.9004,380
936,251.4827,94306,115.0875,449,116.06,60.3173,63.6136,375
937,251.5973,94349,116.2625,404,116.82,60.2951,63.591,375
938,251.0663,94652,115.475,425,116.03,60.1988,63.7761,377
939,248.3119,96345,114.9625,429,114.75,60.1993,63.7303,388
940,250.0585,94022,114.975,433,115.94,60.2003,63.6804,376
941,248.9421,94598,115.7625,430,116.15,60.3471,63.8019,380
942,251.695,94889,115.675,409,116.12,60.0916,63.6166,377
943,249.5827,95091,115.95,408,114.72,60.2084,63.6889,381
944,251.2334,94715,116.35,414,115.18,60.2612,63.7137,377
945,251.4776,95310,116.375,437,116.47,60.0535,63.8657,379
946,250.8347,94063,115.6125,418,115.92,60.2983,63.6614,375
947,250.7973,94049,116.7625,440,115.59,60.0463,63.6863,375
948,248.937,94845,116.225,428,116.06,60.212,63.7258,381
949,249.5332,94074,115.9375,412,117.9,60.2609,63.7798,377
950,249.9318,95224,115.55,447,117.17,60.036,63.7885,381
951,250.709,94768,113.775,430,116.89,59.8498,63.6314,378
952,249.5884,94594,115.15,439,116.23,59.9736,63.8291,379
953,251.8329,94941,116.2,466,114.77,60.3159,63.5053,377
954,250.5503,94708,114.4625,441,115.5,59.9854,63.9073,378
955,250.492,94185,115.975,411,116.34,60.156,63.5488,376
956,250.3254,94623,115.4375,416,115.62,60.2692,63.5993,378
957,250.061,94273,115.55,430,116.55,59.7537,63.8446,377
958,249.4974,94809,115.5,445,116.49,60.2228,63.5925,380
959,249.8816,94955,115.675,408,116.29,60.3189,63.7516,380
960,251.2587,94222,115.5125,402,117.56,60.1354,63.6231,375
961,249.7527,93907,114.0875,467,116.2,60.016,63.6066,376
962,249.9788,94492,115.2125,419,115.7,60.2555,63.6208,378
963,250.152,93807,115.3375,435,116.9,59.9933,63.5615,375
964,249.2766,93728,117.45,445,115.84,59.9841,64.0398,376
965,251.4587,94297,116.425,464,115.82,60.0958,63.5885,375
966,250.0501,94769,114.825,439,115.84,60.0854,63.6949,379
967,249.8005,93925,115.4375,401,115.68,59.9416,63.6915,376
968,250.2974,95113,114.825,420,115.9,60.0061,63.588,380
969,249.7082,94140,115.5875,415,115.09,60.0709,63.8756,377
970,250.0796,94280,115.875,434,116.75,60.0292,63.7045,377
971,250.096,93786,115.975,440,115.71,60.0695,63.6922,375
972,248.8496,94314,114.8125,456,117.19,59.9988,63.8125,379
973,250.3404,94879,115.0875,420,115.13,59.9144,63.6928,379
974,252.4176,94909,114.9625,412,116.13,60.1978,63.7932,376
975,250.1921,95073,116.25,422,115.42,60.1706,63.7471,380
976,249.7053,94888,114.5625,413,115.73,60.1317,63.6148,380
977,251.9814,94745,115.1375,414,115.7,60.1747,63.6624,376
978,250.7234,94272,114.475,437,117,60.2031,63.5902,376
979,251.0532,94396,116.7625,465,115.94,59.9107,63.8002,376
980,249.3272,94495,116.2375,429,116.87,60.3344,63.7296,379
981,250.8213,94058,114.5375,417,116.06,60.0057,63.6991,375
982,249.9632,94986,115.35,436,115.57,60.1939,63.6041,380
983,251.136,94176,115.425,442,116.88,59.9091,63.7109,375
984,249.2143,94203,115.9375,440,115.86,59.9726,63.7838,378
985,249.3404,93752,115.8875,437,116.71,60.0995,63.7749,376
986,250.6101,94480,114.825,450,115.82,59.9959,63.6383,377
987,251.9122,94719,115.9,392,117.41,59.9575,63.7997,376
988,250.5794,94719,115.575,434,114.25,60.2802,63.4603,378
989,251.234,94464,115.5625,401,116.05,60.0386,63.7946,376
990,250.6293,93986,115.6,416,116.7,59.9494,63.8789,375
991,251.1167,94671,115.1875,430,115.77,60.169,63.5725,377
992,249.5344,94324,115.325,423,116.05,60.1914,63.671,378
993,250.634,94489,115.575,405,115.75,59.861,63.5935,377
994,251.5688,95093,116.0875,433,115.92,59.7358,63.8439,378
995,249.7361,94650,115.525,432,116,60.2029,63.4747,379
996,250.6516,94245,114.6,413,116.28,60.0873,63.5843,376
997,251.2122,94707,116,403,116.32,60.0448,63.6256,377
998,250.6684,94502,115.6125,416,115.92,60.0027,63.6951,377
999,251.2937,94989,115.7,415,115.67,59.9172,63.7203,378
1000,250.1402,94553,116.0375,433,115.1,60.0799,63.6785,378
1001,252.5493,94706,116.5625,429,115.72,59.9831,63.6365,375
1002,252.7979,95052,115.7375,424,116.65,60.0142,63.6731,376
1003,251.9337,94979,116.1125,411,115.71,60.0278,63.564,377
1004,251.9573,94484,115.825,428,115.78,60.2174,63.6619,375
1005,250.9714,96373,115.25,444,116.13,59.9233,63.741,384
1006,251.8602,95455,116.4,412,116.03,59.8962,63.7271,379
1007,252.6107,94729,115.5375,428,116.49,60.1339,63.6204,375
1008,250.0419,95516,114.2625,434,116.5,59.9459,63.7956,382
1009,254.0106,95508,114.7625,416,115.98,60.1018,63.5035,376
1010,250.9714,96624,115.4625,422,115.84,60.0572,63.5732,385
1011,253.152,94932,114.0625,444,115.27,60.0453,63.7727,375
1012,251.9072,94969,115.1,405,115.79,60.0101,63.6497,377
1013,253.125,95175,116.275,435,116.57,60.1944,63.6476,376
1014,252.2872,94860,113.6625,440,116.31,60.2855,63.4394,376
1015,252.5173,94694,114.95,417,115.23,60.1018,63.7785,375
1016,251.648,94368,114.2,411,116.84,60.0603,63.7998,375
1017,254.8271,95815,115.7,410,115.44,60.134,63.6051,376
1018,253.6455,95878,116.075,410,116.92,60.0307,63.7815,378
1019,252.336,96140,116.3125,414,116.66,60.1436,63.5625,381
1020,253.4656,95810,115.5125,440,116.6,59.9104,63.8211,378
1021,252.2891,95113,115.75,427,115.86,59.7804,63.7707,377
1022,253.4244,95541,115.15,441,116.68,60.0761,63.5289,377
1023,254.1963,95832,114.75,431,115.09,60.007,63.8121,377
1024,250.5,95190,115.4375,442,114.82,60.2945,63.5771,380
1025,252.084,96044,115.0375,424,116.27,60.3086,63.5765,381
1026,250.0475,94768,114.6125,428,116.76,60.2027,63.6501,379
1027,251.9974,95255,114.0875,445,116.02,59.9947,63.7233,378
1028,252.8533,94820,115.0125,422,116.32,59.9697,63.7529,375
1029,251.9495,94733,114.975,433,115.88,59.9501,63.6289,376
1030,253.2116,95714,115.5125,425,116.19,60.0441,63.6949,378
1031,251.9947,95002,115.9,441,116.26,59.8883,63.751,377
1032,254.4974,96200,115.5125,468,115.47,60.1283,63.4925,378
1033,253.4761,95307,115.9,423,115.36,59.7693,63.7936,376
1034,253.3254,95757,115.55,426,116.18,60.2239,63.4895,378
1035,252.5798,94970,115.25,405,116.02,60.0085,63.6687,376
1036,251.7435,96166,116.75,442,115.59,60.0138,63.5287,382
1037,252.7045,95775,114.3,459,116.03,59.9825,63.7492,379
1038,251.5824,94595,114.7375,445,116.75,60.0661,63.7722,376
1039,252.2414,95095,115.6,428,116.2,60.0747,63.7859,377
1040,250.4378,96669,116.7375,413,116.08,60.1801,63.6796,386
1041,252.4867,94935,116.225,415,116.84,60.0611,63.7136,376
1042,251.9867,94747,115.075,401,116.58,60.0079,63.7641,376
1043,251.5172,94822,114.8375,432,116.55,60.2552,63.6115,377
1044,251.792,94422,115.225,420,116.17,60.0969,63.6577,375
1045,252.9973,94874,114.825,408,116.21,60.2777,63.5881,375
1046,251.6213,94358,115.15,420,115.61,60.0056,63.6674,375
1047,250.19,94822,117.225,434,115.51,60.1753,63.5469,379
1048,248.9,94582,115.9125,415,116.29,59.8548,63.7461,380
1049,250,93750,116.2125,435,114.85,60.1938,63.6336,375
1050,251.0213,94384,115.0375,406,115.73,59.9949,63.7051,376
1051,250.824,94059,116.175,449,116.09,59.9751,63.735,375
1052,250.792,94047,116.425,424,116.22,60.1011,63.4358,375
1053,251.1862,94446,114.7375,484,116.36,60.2895,63.6187,376
1054,249.8378,93939,115.25,424,115.92,60.1931,63.6654,376
1055,250.4188,95660,116.3125,435,115.44,60.0234,63.8556,382
1056,253.4213,95033,115.5375,450,114.83,59.9033,63.7086,375
1057,250.5289,95201,115.35,456,116.08,60.0907,63.5391,380
1058,249.1802,95436,115.225,408,115.96,59.8987,63.8126,383
1059,249.3148,94241,114.5375,419,116.63,60.1189,63.6809,378
1060,251.8112,94681,115.2,423,116.61,60.1804,63.6589,376
1061,251.6347,94363,115.7125,432,116.24,59.9804,63.8026,375
1062,251.944,94479,115.5625,421,116.32,60.0151,63.6359,375
1063,250.8862,94835,115.8125,430,115.75,59.9071,63.4983,378
1064,250.6472,94494,116.1375,409,116.45,60.1007,63.7636,377
1065,249.5314,95321,116.6375,412,114.78,60.0173,63.5059,382
1066,250.1565,94309,115.3625,438,115.45,59.9872,63.6177,377
1067,248.1003,94030,114.6125,411,115.94,60.2561,63.5714,379
1068,250.4856,95435,114.6,419,117.08,60.2283,63.5647,381
1069,251.0997,95669,114.5875,430,116.86,60.0857,63.5204,381
1070,251.628,95367,115.475,415,115.73,59.9042,63.6227,379
1071,251.376,94266,115.25,410,116.17,59.9715,63.802,375
1072,251.56,94335,115.5625,468,117.65,60.1369,63.6126,375
1073,253.0743,95409,114.9875,455,117.22,60.0397,63.8446,377
1074,249.9474,94980,114.85,433,115.64,60.2242,63.59,380
1075,252.9813,94868,115.3625,422,116.64,59.9628,63.6414,375
1076,251.2598,95730,115.9625,422,116.93,59.9625,63.6852,381
1077,250.8907,94084,115.35,414,115.79,59.9458,63.8504,375
1078,251.4668,94803,115.3125,435,116.19,59.7855,63.6688,377
1079,249.168,94933,116.2375,416,115.8,60.2855,63.6155,381
1080,250.2052,96329,116.775,443,116.02,60.2907,63.5762,385
1081,250.7789,95296,115.6,445,116.54,60.1869,63.631,380
1082,250.7173,95774,115.55,433,116.79,60.0741,63.5966,382
1083,250.942,95107,114.775,417,116.92,59.9677,63.8718,379
1084,249.4216,97025,114.7375,403,116.43,60.021,63.731,389
1085,250.029,94761,115.0875,404,115.93,59.9841,63.8009,379
1086,251.5316,95582,115.8375,426,116.67,60.2638,63.4614,380
1087,251.1037,94415,116.025,422,115.96,59.8215,63.7854,376
1088,249.0971,94906,116.3,413,115.67,59.9579,63.9304,381
1089,251.0873,94911,115.0875,428,115.82,59.9945,63.6933,378
1090,251.1932,96207,114.65,462,115.8,60.1256,63.8112,383
1091,250.2958,95613,115.1125,429,116.2,60.0736,63.659,382
1092,251.9444,95235,115.3375,417,116.06,59.9572,63.7063,378
1093,251.8016,95181,115.8625,434,115.42,59.7365,63.8512,378
1094,251.6211,95616,115.325,428,117.61,60.2396,63.6012,380
1095,251.9711,95749,115.3875,425,115.86,60.3237,63.7211,380
1096,251.6383,94616,115.1625,411,116.76,60.0664,63.5269,376
1097,249.9627,93736,116.05,456,116.35,59.8799,63.7024,375
1098,251.5718,94591,115.625,409,115.87,59.9137,63.6719,376
1099,252.9415,95106,116.55,420,116.27,60.0233,63.5988,376
1100,250.1114,94292,115.1125,406,115.88,59.8928,63.9646,377
1101,250.266,94100,116.8125,409,116.89,60.2152,63.4667,376
1102,250.752,96038,116.95,422,116.86,59.9312,63.8654,383
1103,249.5906,95094,115.6375,405,116.76,60.0443,63.6819,381
1104,249.8776,95953,114.475,395,116.56,60.0113,63.6385,384
1105,249.6115,95102,115.1625,441,115.84,59.8856,63.9689,381
1106,250.934,95104,114.5375,410,117.52,60.0315,63.521,379
1107,250.1565,94309,115.3125,413,115.87,59.9736,63.8552,377
1108,249.7725,94414,116.0125,433,116.6,59.7835,63.7027,378
1109,249.9893,93746,115.4,415,116.24,59.8264,63.753,375
1110,250.4327,94914,115.0875,407,116.93,60.0213,63.6912,379
1111,249.9576,94234,115.175,419,116.56,59.7164,63.4566,377
1112,250.7784,95045,115.3375,420,116.02,59.9058,63.5156,379
1113,248.6684,93748,115.8875,425,115.26,59.7019,63.8439,377
1114,248.9947,94369,115.5875,419,115.3,59.7727,63.7373,379
1115,249.1557,94430,117.1875,423,115.55,60.008,63.5656,379
1116,251.3191,94496,114.9125,439,116.78,60.4655,63.9152,376
1117,251.6516,94621,115.5375,459,114.98,60.5409,63.9157,376
1118,251.9893,94496,115.85,453,116.8,60.147,63.7435,375
1119,252.5915,95227,114.4125,432,117.05,59.9387,63.7438,377
1120,250.4164,94407,115.975,440,115.7,59.8941,63.8357,377
1121,250.1878,94571,114.7875,446,115.17,59.8262,63.9152,378
1122,249.8364,94688,114.8125,422,116.51,60.0651,63.8091,379
1123,249.008,93627,115.0625,451,116.7,60.3599,63.6549,376
1124,249.877,95453,114.2,413,115.3,60.083,63.7652,382
1125,252.1547,94558,115.5875,482,116.04,59.9622,63.8616,375
1126,249.089,95152,114.675,412,116.4,59.9804,63.6618,382
1127,252.609,94981,116.5875,397,117.22,60.0235,63.5928,376
1128,250.7619,94788,115.1875,416,115.17,59.7943,63.7389,378
1129,250.3848,95647,116.1125,409,116.13,59.9412,63.7171,382
1130,253.152,94932,115.4375,423,115.28,60.0023,63.602,375
1131,250.2375,94840,114.575,424,116.45,59.797,63.7801,379
1132,251.1995,94451,115.6625,398,115.99,59.6323,63.758,376
1133,248.5669,94704,114.775,421,115.69,59.9109,63.8595,381
1134,250.8684,95330,115.175,392,115.29,60.1543,63.5857,380
1135,252.312,94617,115.775,442,116.19,59.9089,63.7647,375
1136,250.9653,94112,115.65,419,115.76,59.8912,63.7216,375
1137,251.3873,94773,115.4125,408,116.68,60.0979,63.5707,377
1138,250.4206,94659,115.9375,413,116.99,60.0094,63.6824,378
1139,251.4456,94795,115.3625,456,115.86,59.9539,63.6026,377
1140,251.1575,95691,118.0375,423,115.58,59.9529,63.665,381
1141,249.7763,94915,115.15,410,116.18,60.297,63.4407,380
1142,251.0926,94913,115.725,448,116.81,60.1224,63.8123,378
1143,251,94627,115.7,423,115.34,59.8969,63.638,377
1144,249.3536,94505,115.375,418,116.52,59.8096,63.5392,379
1145,252.6277,94988,116.9625,412,115.78,60.0238,63.62,376
1146,250.6032,94728,115.1,442,115.3,60.0396,63.6087,378
1147,250.72,94020,113.5625,449,116.02,59.8293,63.7067,375
1148,251.9387,94477,115.45,421,116.68,60.0194,63.6498,375
1149,249.7831,94418,116.875,422,116.02,59.6876,63.6937,378
1150,250.058,94772,116.1125,395,115.64,60.0235,63.685,379
1151,250.9342,95355,115.125,463,116.62,59.7671,63.6631,380
1152,252.176,94566,115.4875,439,116.84,60.0262,63.5608,375
1153,248.9295,95340,115.95,438,116.22,60.0258,63.7367,383
1154,252.1277,94800,115.425,465,116.42,59.9655,63.7358,376
1155,250.366,94388,114.9875,401,116.24,59.7674,63.7774,377
1156,249.6807,94629,115.2625,413,116.09,59.9223,63.724,379
1157,249.0829,96146,116,444,115.08,60.0862,63.8992,386
1158,250.7173,94019,115.0375,429,114.98,59.9392,63.7454,375
1159,252.6105,95992,115.775,399,116.47,61.1803,64.2825,380
1160,252.6763,96017,116.4,444,115.88,61.9467,64.5836,380
1161,251.9521,94734,114.4,454,116.24,60.4984,63.9927,376
1162,249.9683,94488,114.9125,413,115.47,60.2223,63.9026,378
1163,251.9577,95240,116.8625,432,117.11,60.3101,63.7893,378
1164,251.1995,94451,116.0125,408,116.84,60.1644,63.8609,376
1165,251.2737,95484,115.5625,442,116.41,60.0773,63.6502,380
1166,250.9026,95343,116.3125,424,115.7,59.9977,63.873,380
1167,253.4096,95282,116.375,457,117.07,60.2907,63.6992,376
1168,251.9629,94990,116.6875,425,116.11,59.7864,63.6892,377
1169,251.848,94443,114.8375,415,115.39,59.8713,63.8254,375
1170,253.5426,95332,114.7125,415,116.09,59.5575,63.3686,376
1171,252.8587,94822,115.1,430,115.9,59.6618,63.9092,375
1172,253.7751,95927,116.025,429,116.79,59.8492,63.5832,378
1173,252.2415,96104,115.6125,416,117.27,60.2301,63.6606,381
1174,253.3492,95766,115.2,428,117.19,59.8722,63.8241,378
1175,253.3786,97044,115.475,442,116.19,59.854,63.8291,383
1176,253.0265,95644,114.375,410,116.41,59.7848,63.7549,378
1177,253.0497,96665,115.325,428,116.4,59.9353,63.5317,382
1178,254.3634,95895,114.7375,430,115.19,60.0259,63.7373,377
1179,251.6211,95616,115.6,417,117.46,60.1907,63.74,380
1180,252.4569,96691,115.2875,467,116.87,60.1339,63.7576,383
1181,252.6474,96006,115.3875,416,116.28,59.9407,63.6619,380
1182,254.2348,96355,115.25,440,117.1,60.1175,63.6045,379
1183,255.256,95721,115.2125,405,115.96,59.8898,63.859,375
1184,254.5447,96727,115.0125,423,116.5,59.9229,63.6395,380
1185,254.5066,95949,116.3125,422,115.74,60.2151,63.6622,377
1186,254.7013,95513,114.8875,411,116.37,60.0396,63.6915,375
1187,255.19,96717,115.35,407,115.55,59.9755,63.5957,379
1188,255.1105,96942,114.6,418,115.84,60.1117,63.8512,380
1189,255.3947,95773,114.7875,423,116.61,60.0894,63.482,375
1190,254.8351,95818,116.4375,418,116.84,59.9997,63.7482,376
1191,255.3413,95753,115.7625,450,117.02,59.9439,63.6269,375
1192,255.2665,96746,117.025,429,116.12,60.2273,63.8215,379
1193,256.8005,97841,114.45,455,116.67,61.2359,64.4153,381
1194,257.13,96938,115.9875,437,115.64,61.3031,64.2458,377
1195,254.9392,96367,115.1625,422,116.4,60.4715,63.8276,378
1196,254.7745,96050,116.5375,425,115.88,60.39,63.8604,377
1197,254.5013,95947,116.6875,435,115.74,60.2176,63.6661,377
1198,254.3026,96635,115.0625,433,116.2,60.3483,63.6319,380
1199,256.2107,96079,115.9875,429,116.72,60.1889,63.837,375
1200,256.5653,96212,115.2875,444,116.39,60.5086,63.7171,375
1201,252.1974,95835,115.8875,426,116.09,60.3982,63.6047,380
1202,254.0531,95778,116.15,432,116.47,60.1705,63.6125,377
1203,254.2453,95342,114.875,429,117.24,60.1741,63.8211,375
1204,253.8403,96967,114.7125,443,116.27,60.0431,63.7915,382
1205,253.7407,95914,115.7625,414,115.61,60.3391,63.5959,378
1206,253.7836,96184,115,423,116.52,59.9217,63.8253,379
1207,254.8175,96321,115.725,433,115.57,60.1427,63.9016,378
1208,252.9576,95365,116.3,431,116.74,60.1562,63.7658,377
1209,253.7414,96168,116.1875,441,116.96,60.1581,63.7057,379
1210,255.3723,96020,114.475,420,116.74,59.9524,63.6398,376
1211,254.0531,95778,114.7,413,116.78,59.779,63.699,377
1212,251.4293,96046,113.6875,396,115.1,60.1058,63.8581,382
1213,254.5238,96210,115.1875,441,116.61,59.9161,63.8459,378
1214,253.0792,95917,116.825,415,116.43,60.1104,63.7932,379
1215,253.2932,96758,114.775,415,116.82,60.1436,63.6947,382
1216,254.4418,96179,115.5125,487,116.08,60.0352,63.8029,378
1217,254.7128,95772,116.2125,440,117,60.0849,63.6496,376
1218,254.1573,95309,114.725,428,116.54,60.1876,63.6502,375
1219,255.5627,95836,117.025,415,115.34,60.1003,63.7562,375
1220,255.1184,96945,114.9125,485,116.15,59.8412,63.8726,380
1221,254.3615,96403,115.725,418,116.22,60.1025,63.7214,379
1222,254.3351,95630,115.35,441,115.77,59.9698,63.5392,376
1223,255.328,95748,115.675,418,116.15,59.9711,63.5545,375
1224,253.0347,94888,115.675,410,116.98,59.8954,63.7574,375
1225,253.8564,95450,115.1375,420,116.14,60.078,63.648,376
1226,252.856,94821,116.1125,434,115.1,60.0226,63.6853,375
1227,252.3789,95904,116.625,401,117.09,59.9797,63.6809,380
1228,251.4468,94544,115.3,430,115.07,60.0847,63.6447,376
1229,252.9387,94852,115.45,414,116.64,59.9348,63.7849,375
1230,250.7842,95298,115.625,422,116.08,60.0173,63.7274,380
1231,253.1888,95199,115.0125,412,115.43,60.0963,63.4511,376
1232,251.4162,96041,115.0625,435,114.55,60.0338,63.7021,382
1233,253.4362,95292,114.3,438,116.5,59.9102,63.7084,376
1234,251.72,94395,115.6,469,116.28,59.9437,63.6546,375
1235,252.2053,94577,114.925,407,116.24,60.0597,63.5989,375
1236,253.2725,95737,115.85,422,116.26,59.9596,63.5851,378
1237,254.92,95595,113.825,414,115.96,60.1298,63.609,375
1238,254.6373,95489,115.175,419,117.23,59.9615,63.7824,375
1239,253.2427,94966,116.225,398,115.32,60.1099,63.5147,375
1240,255.723,96919,115.925,419,116.39,60.202,63.6336,379
1241,254.9842,96894,115.4,436,116.86,60.2392,63.705,380
1242,257.6631,97139,115.35,421,116.89,60.0713,63.6092,377
1243,254.5409,96471,115.8875,412,116.74,60.0608,63.802,379
1244,254.8827,95581,115.65,413,117.18,60.0886,63.5334,375
1245,256.544,96204,114.8875,439,116.32,60.0357,63.7873,375
1246,255.9523,96494,115.7125,416,116.55,60.0528,63.6019,377
1247,255.9548,96239,114.9625,454,116.79,59.8596,63.8177,376
1248,256.4474,97450,114.6375,428,116.41,60.3311,63.3988,380
1249,253.5559,95337,116.075,432,116.46,59.7736,63.7425,376
1250,254.2047,96852,115.6375,414,116.72,59.9309,63.8803,381
1251,255.7728,97961,115.3875,419,115.54,60.023,63.6389,383
1252,256.0559,96277,114.3875,442,117.21,59.8056,63.6365,376
1253,256.9257,96861,116.8625,436,115.86,60.0052,63.7031,377
1254,256.1161,97068,115.2875,418,116.85,60.2072,63.6099,379
1255,257.1432,96943,115.8125,435,115.96,59.838,63.7366,377
1256,255.5225,96332,116.05,441,116.84,60.1123,63.6973,377
1257,254.7916,96566,114.8625,431,116.17,59.9335,63.746,379
1258,253.8927,96987,115.95,427,115.55,59.9215,63.8456,382
1259,256.2133,96080,115.3875,430,115.86,60.0891,63.5975,375
1260,254.791,96311,115.1875,426,115.79,59.9587,63.6801,378
1261,253.9736,96256,115.4375,420,116.13,59.8877,63.6856,379
1262,253.1847,95957,116.2375,429,116.44,60.0553,63.662,379
1263,254.5145,96461,115.3875,420,116.06,60.0811,63.7753,379
1264,253.84,95190,114.5375,422,116.51,60.2412,63.6219,375
1265,255.2196,96473,115.85,434,116.58,60.0083,63.7297,378
1266,253.4791,96829,115.775,451,115.97,60.0239,63.7015,382
1267,253.9734,95494,114.9625,419,116.02,59.954,63.6637,376
1268,253.2902,95997,114.675,439,117,60.0549,63.7822,379
1269,252.8968,95595,115.5875,400,116.32,59.9368,63.5826,378
1270,253.4248,96048,115.175,413,116.36,59.9003,63.7641,379
1271,252.7215,95276,116.9875,423,117.24,59.9417,63.7244,377
1272,251.7533,94911,115.5875,430,116.31,59.8035,63.7792,377
1273,254.13,95807,114.3125,429,115.61,60.2104,63.7047,377
1274,252.1447,95815,114.375,442,115.76,60.114,63.6524,380
1275,252.8617,95076,114.0875,431,115.12,60.1257,63.5165,376
1276,252.5794,95475,115.375,401,116.42,59.8973,63.7718,378
1277,253.154,96958,115.025,428,115.09,60.0141,63.6229,383
1278,251.544,94329,115.3375,418,116.7,59.9334,63.7901,375
1279,253.3617,95264,114.6625,455,116.45,59.9947,63.5982,376
1280,251.2868,95489,115.9125,418,116.1,60.0973,63.7249,380
1281,251.6809,94632,115.4625,415,116.39,59.8224,63.8862,376
1282,252.2756,96117,115.575,411,116.85,60.4554,63.9363,381
1283,253.9362,95480,115.8,427,116.06,61.3976,64.5088,376
1284,253.3026,96255,116.1125,417,116.61,60.6821,63.948,380
1285,250.4987,95440,115.8625,386,117.1,60.371,63.9894,381
1286,252.6366,95244,115.5375,422,117.54,60.1151,63.7507,377
1287,253.4842,96324,116.3625,417,116.89,60.1821,63.6784,380
1288,253.0871,95920,116.175,421,115.95,60.0339,63.7723,379
1289,252.13,95053,114.85,442,116.27,60.0753,63.6666,377
1290,251.4735,95057,115.8,427,117.13,60.1482,63.6288,378
1291,251.4723,95308,115.675,423,116.09,60.2805,63.7343,379
1292,251.2434,94970,114.325,422,116.62,59.8972,63.7051,378
1293,252.0952,95292,116.025,430,115.31,61.1919,64.293,378
1294,252.4621,96693,115.6,404,116.34,61.177,64.0991,383
1295,253.1034,95420,115.4625,406,116.24,60.3514,64.1283,377
1296,249.8177,95930,115.0375,443,116.43,60.0046,63.8583,384
1297,252.1867,94570,115.2125,427,115.98,60.1446,63.8244,375
1298,250.9079,95345,114.575,410,115.58,60.2839,63.7237,380
1299,249.8377,95438,115.15,384,115.11,60.2359,63.7846,382
1300,252.4707,94929,115.2,387,116.75,60.2611,63.4951,376
1301,252.5532,94960,114.65,431,116.09,60.3119,63.6734,376
1302,251.6684,94879,116.025,403,115.84,60.158,63.711,377
1303,251.8992,94966,114.925,424,116.17,60.1002,63.7339,377
1304,250.0052,96252,114.8625,435,116.17,60.2421,63.5888,385
1305,253.5968,95606,116.4875,397,116.08,60.101,64.0011,377
1306,251.2181,94458,115.525,421,116.03,60.197,63.6604,376
1307,251.122,94673,115.9875,406,115.35,59.9744,63.7262,377
1308,250.6101,94480,115.8,422,116.15,60.2513,63.7231,377
1309,251.0796,94657,115.025,465,115.69,60.0888,63.5308,377
1310,251.4512,95300,114.2875,409,114.67,60.1959,63.8041,379
1311,253.1013,94913,115.975,409,115.29,60.0949,63.6944,375
1312,251.1436,94430,116.8125,430,115.35,60.0379,63.7067,376
1313,251.536,94326,116.7375,381,115.75,59.8604,63.6067,375
1314,251.3457,94506,114.9125,412,114.45,60.3714,63.6654,376
1315,251.1164,94922,117.3125,416,115.95,60.1574,63.6751,378
1316,252.4816,95943,115.7625,444,115.8,60.2056,63.5686,380
1317,252.0613,94523,116.1,427,114.82,60.2262,63.6806,375
1318,251.9573,94484,115.975,446,115.71,60.1492,63.6002,375
1319,248.8442,95805,115.7,442,117,60.2624,63.6713,385
1320,253.7984,95682,115.15,418,117.15,60.4366,63.465,377
1321,251.1671,94690,114.9625,423,115.66,60.1586,63.6715,377
1322,252.0347,94513,115.825,438,116.21,60.0133,63.8017,375
1323,252.0053,94754,114.975,432,116.33,60.1347,63.6519,376
1324,252.4403,95170,114.675,410,115.8,59.9927,63.6763,377
1325,252.3723,94892,115.7,417,116.28,60.1393,63.5724,376
1326,249.905,94714,115.1,407,115.8,60.0622,63.8145,379
1327,249.9711,94989,116.0375,464,115.46,60.1398,63.5386,380
1328,252.3475,95135,115.175,427,116.68,60.2056,63.5696,377
1329,251.8892,95466,115.125,442,116.72,60.2014,63.9434,379
1330,253.7926,95426,115.925,430,116.06,60.3921,63.4567,376
1331,251.3112,94493,116.225,443,115.43,60.0388,63.6645,376
1332,253.84,95190,115.6,409,114.81,60.1693,63.6377,375
1333,255.0743,96163,114.575,442,116.68,59.76,63.8308,377
1334,251.1842,95450,115.525,425,115.43,60.1226,63.7333,380
1335,257.3254,97269,115.825,474,116.8,60.2434,63.7643,378
1336,256.891,96591,115.1375,447,116.28,59.9637,63.7393,376
1337,255.846,97989,114.5125,423,116.36,60.2383,63.8097,383
1338,256.625,96491,115.8625,415,116.53,60.1897,63.7155,376
1339,253.4828,96070,115.125,408,116.31,60.0078,63.6977,379
1340,254.2579,96618,116.2375,417,116.35,60.0251,63.6726,380
1341,254.931,96109,116.1375,440,116.23,60.005,63.6733,377
1342,253.7899,95425,115.925,409,115.8,60.0095,63.6908,376
1343,253.2407,95725,115.3875,421,116.08,60.1992,63.6443,378
1344,253.8816,96475,115.375,452,115.97,60.1688,63.7684,380
1345,253.881,95967,115.1875,465,117.02,60.1613,63.6523,378
1346,254.3351,95630,115.8375,443,116.47,60.1727,63.6831,376
1347,253.1895,96212,114.8125,471,115.86,59.9265,63.7731,380
1348,252.3439,95386,115.525,425,116.79,60.0555,63.7012,378
1349,254.0745,95532,114.325,446,116.01,60.0514,63.543,376
1350,253,95128,115.6875,467,115.32,59.9797,63.7547,376
1351,252.0875,95037,115.2375,411,116.48,60.0726,63.7053,377
1352,255.0585,95902,115.45,439,117.09,59.8733,63.8245,376
1353,251.7863,95427,116.275,431,115.09,60.0293,63.7637,379
1354,250.3605,95137,115.3375,423,115.68,59.9724,63.69,380
1355,249.6895,94882,115.575,402,115.37,60.1517,63.7687,380
1356,253.0507,94894,115.275,408,116.2,59.8495,63.7821,375
1357,250.4116,94906,115.1375,414,115.57,59.9699,63.8724,379
1358,249.8915,94459,115.9,389,114.99,59.5891,63.7532,378
1359,251.0984,94413,115.2875,425,115.29,59.6535,63.7895,376
1360,250.5827,95472,116.4625,403,115.31,60.0327,63.9948,381
1361,252.934,95862,114.2875,411,115.94,59.9028,63.6486,379
1362,251.4672,95809,115.2,446,116.56,60.1528,63.7686,381
1363,251.4709,95056,115.05,421,116.35,59.9805,63.6734,378
1364,251.8133,94430,116.5,417,116.84,59.8472,63.8119,375
1365,252.8859,95338,115.2,418,117.05,60.1769,63.7264,377
1366,250.9653,94112,115.7875,407,115.86,59.9335,63.6606,375
1367,250.8355,94565,115.6875,400,115.2,59.9497,63.757,377
1368,251.3183,94747,115.075,430,115.75,59.9593,63.4981,377
1369,251.0477,94645,115.425,421,115.39,60.1203,63.7347,377
1370,250.4415,94166,115.775,432,116,60.0424,63.6962,376
1371,249.4016,93775,114.425,426,116.13,59.9001,63.6256,376
1372,252.5093,95196,114.2625,439,116.75,59.8422,63.8533,377
1373,250.2698,94602,114,441,115.93,60.1823,63.6434,378
1374,248.5718,93463,114.9,401,116.26,59.9442,63.8602,376
1375,250.7973,94049,114.625,408,116.83,59.7673,63.8766,375
1376,252.1413,94553,116.0875,426,115.46,60.0954,63.6093,375
1377,249.9387,93727,115.675,435,115.25,60.1701,63.8129,375
1378,249.1547,93433,115.65,419,115.9,60.0393,63.7032,375
1379,249.1211,94666,116.2875,428,115.2,60.053,63.7028,380
1380,250.8439,94819,115.5375,460,117.39,59.9293,63.8271,378
1381,251.5707,94339,116.325,405,116.18,60.1378,63.7102,375
1382,252.368,94638,114.5375,425,115.74,60.0911,63.7244,375
1383,250.8564,94322,115.675,474,115.01,60.0604,63.804,376
1384,250.6378,95493,115.3,395,117.57,59.845,63.8162,381
1385,249.8021,94675,114.75,431,115.88,59.842,63.8989,379
1386,251.6101,94857,116.2,418,116.05,59.932,63.8907,377
1387,251.8005,94677,115.3875,443,114.87,59.9296,63.6359,376
1388,249.7116,94391,115.45,457,116.11,60.13,63.9495,378
1389,251.4843,96067,114.9875,453,115.51,59.9877,63.9105,382
1390,253.1117,95170,115.3,447,116.68,60.027,63.8697,376
1391,253.7952,95427,115.5375,412,115.11,59.9358,63.7862,376
1392,250.7646,94789,115.825,392,116.39,60.1134,63.7487,378
1393,250.6342,95241,116.425,422,115.88,59.8318,63.8304,380
1394,251.9443,94983,115.55,406,116.42,59.9645,63.7153,377
1395,250.6562,95500,116.3125,442,116.34,59.9274,63.6795,381
1396,250.7493,95034,116.1125,416,116.23,59.9135,63.7614,379
1397,251.6966,95393,115.175,428,116.37,59.8771,63.5885,379
1398,252.8095,95562,116.45,463,116.19,59.8314,63.7937,378
1399,251.8386,95195,116.175,415,115.49,59.7072,63.8544,378
1400,252.1636,95570,113.7625,419,117.01,60.0417,63.786,379
1401,251.9815,95501,114.625,429,116.82,59.8387,63.8002,379
1402,253.9253,95222,116.275,429,116.25,60.051,63.7496,375
1403,253.3617,95264,115.75,405,115.37,59.8441,63.7286,376
1404,251.2016,94703,115.15,454,116.53,59.9264,63.8765,377
1405,250.119,94545,115.525,455,116.46,59.9052,63.9035,378
1406,250.3901,95649,115.15,434,115.4,59.8758,63.7582,382
1407,251.1223,94422,116.125,417,115.96,60.0528,63.7102,376
1408,249.2132,94701,116.1625,405,116.56,60.1918,63.679,380
1409,250.809,94555,114.95,410,116.76,60.0773,63.5982,377
1410,252.8307,95570,114.55,398,117.3,59.9482,63.825,378
1411,251.92,94470,115.075,403,115.75,59.6683,63.9684,375
1412,251.4011,95281,115.4625,416,116.43,59.9634,63.7128,379
1413,249.9555,95483,115.7375,418,116.28,60.0005,63.7735,382
1414,249.628,94609,116.2125,455,115.63,59.8349,63.8981,379
1415,250.7253,94022,115.15,401,116.12,59.8902,63.6678,375
1416,251.1676,94439,115.1375,427,115.92,60.0525,63.6265,376
1417,251.2546,94723,115.3625,416,115.95,60.0805,63.6593,377
1418,247.9893,92996,115.65,408,116.07,60.1697,63.6176,375
1419,250.5703,94465,116.25,410,116.61,59.9719,63.6571,377
1420,251.2387,94717,115.6125,406,114.87,60.319,63.7044,377
1421,250.7878,94547,116.9125,443,115.93,59.8979,63.8172,377
1422,251.9762,95247,115.25,420,116.41,60.0612,63.9248,378
1423,251.1187,95174,115.2625,414,115.7,59.9901,63.6686,379
1424,251.6817,94884,114.9,406,116.24,59.8651,63.619,377
1425,250.5718,95969,115.4375,420,116.1,60.046,63.8199,383
1426,250.5013,94940,115.75,451,116.09,59.9551,63.7238,379
1427,250.7026,95267,114.95,409,116.05,59.9037,63.8046,380
1428,251.0798,94406,115.575,432,116.91,59.9207,63.7591,376
1429,250.0291,94511,116.0125,438,116.44,60.0655,63.6427,378
1430,251.5979,95104,115.5,419,116.72,59.6409,63.918,378
1431,250.8095,94806,114.875,435,116.01,60.1191,63.5994,378
1432,249.9842,94744,116.125,415,116.12,59.8273,63.8511,379
1433,252.5173,94694,115.275,416,115.94,59.9592,63.6718,375
1434,251.2053,94202,116.05,457,115.75,59.8145,63.8217,375
1435,250.7973,94049,116.0625,456,116.45,59.9005,63.8351,375
1436,251.616,94356,115.475,418,116.23,60.3291,63.9779,375
1437,253.0026,95888,116.4,462,116.52,60.3315,63.7158,379
1438,250.3514,96886,116.0625,445,115.97,59.9166,63.7572,387
1439,250.2533,93845,116.2375,414,115.65,59.7444,63.6547,375
1440,250.0931,94035,115.5625,442,116.99,59.9658,63.7911,376
1441,251.4587,94297,115.1,478,115.95,59.8795,63.6938,375
1442,249.5733,93590,114.7,433,115.69,59.7608,63.6933,375
1443,250.0053,94502,114.8625,443,116.71,59.949,63.6019,378
1444,251.28,94230,115.8625,416,116.05,60.2382,63.6237,375
1445,251.7692,94917,114.7625,431,116.61,59.7432,63.8395,377
1446,249.945,95479,116.2,404,116.59,59.9137,63.8018,382
1447,249.9921,94497,116.3625,429,115.89,59.9206,63.6982,378
1448,248.144,93054,113.6875,401,116.12,60.177,63.66,375
1449,250.4603,94674,116.075,457,116.05,59.7878,63.8058,378
1450,249.1263,94668,115.7,443,115.42,59.8723,63.8543,380
1451,248.5576,94949,116.5625,414,116.15,59.97,63.7565,382
1452,250.9045,94591,116.6,414,117.12,59.9605,63.6922,377
1453,251.264,94224,116.1625,407,116.03,59.7651,63.7217,375
1454,251.2334,94715,115.8875,408,116.6,59.9565,63.6791,377
1455,250.8833,94583,115.75,457,116.71,59.9151,63.728,377
1456,250.9333,94100,115.425,424,115.94,59.8216,63.9088,375
1457,249.9683,94488,115,423,117.28,59.7634,63.7307,378
1458,250.5995,94476,115.15,417,116.56,59.7635,63.8064,377
1459,250.2101,94079,114.3,423,116.12,59.6744,63.6729,376
1460,251.216,94206,114.975,403,116.35,59.8814,63.6673,375
1461,249.1926,94444,115.0375,436,116.27,59.9643,63.8001,379
1462,252.5931,94975,114.2625,428,116.18,59.9158,63.6573,376
1463,250.3456,94881,116.1625,402,115.99,59.8866,63.8123,379
1464,251.4271,94788,116.4375,431,115.68,59.9895,63.8559,377
1465,251.6569,94623,114.7625,430,116.63,59.9522,63.9053,376
1466,253.4267,95035,115.7875,466,115.7,60.0285,63.7944,375
1467,253.712,95142,116.65,420,117.18,59.9665,63.6181,375
1468,252.9555,96629,114.8125,388,115.75,60.0673,63.719,382
1469,254.008,95253,115.8125,424,116.24,60.015,63.7997,375
1470,255.1478,96701,114.7875,432,116.36,60.0784,63.8326,379
1471,255.6852,96649,115.4875,428,116.42,59.9429,63.9,378
1472,255.4894,96575,115.7875,427,116.21,59.7792,63.7396,378
1473,255.8105,97208,113.9,443,116.63,59.9493,63.7916,380
1474,254.1429,96066,115.9375,428,117.06,59.97,63.7588,378
1475,255.8064,96439,116.4,423,115.71,60.0509,63.7145,377
1476,253.8232,96199,115.275,412,116.4,59.7938,63.8195,379
1477,255.576,95841,116.425,437,116.52,59.8564,63.7872,375
1478,253.6,95100,115.8,439,116.34,60.0802,63.707,375
1479,254.3333,95375,115.9125,412,115.4,60.0865,63.7608,375
1480,254.5291,96212,115.875,411,115.88,59.871,63.602,378
1481,254.6064,95732,115.45,456,116.96,59.6665,63.7182,376
1482,250.9134,95598,115.25,436,116.01,60.1114,63.7051,381
1483,252.7652,95798,116.375,416,115.8,60.1278,63.7061,379
1484,252.872,94827,115.8875,436,116.48,59.9913,63.7909,375
1485,252.5673,95723,115.825,420,117.11,59.9936,63.6577,379
1486,252.6835,95009,114.9875,419,117.06,60.1211,63.6414,376
1487,252.6263,95998,115.0375,478,116.32,59.7737,63.7227,380
1488,251.3132,95499,114.925,407,116.12,59.8305,63.7462,380
1489,252.8245,95062,115.7375,393,116.68,59.8284,63.6627,376
1490,253.0665,95153,116.2875,409,117.37,60.197,63.6543,376
1491,251.8647,94953,116.1875,431,116.54,60.0153,63.6655,377
1492,251.3547,94258,116.675,415,116.38,59.9607,63.6938,375
1493,251.063,95655,115.5625,435,116.24,60.0858,63.6259,381
1494,251.3838,96280,115.475,480,116.23,60.2354,63.7475,383
1495,251.2686,94477,116.225,423,115.61,60.136,63.7113,376
1496,250.5646,94964,115.2,456,115.95,60.0358,63.6739,379
1497,251.7253,94397,116.4125,463,115.79,60.3464,63.6347,375
1498,249.5358,94075,115.525,445,116.03,59.9932,63.683,377
1499,250.6174,94984,115.9,426,115.22,60.0967,63.7753,379
1500,250.6164,94733,115.2375,401,115.84,59.9837,63.8128,378
