1,196.6741,26551,117.3125,263,119.13,93.6523,66.5258,135
2,197.0395,29950,114.5125,257,117.68,93.4774,66.4313,152
3,196.5441,26730,114.5625,270,117.36,92.4247,66.9863,136
4,196.0395,29798,115.1125,262,119.35,95.7553,66.0752,152
5,194.0071,27355,115.6125,264,118.41,92.85,67.3513,141
6,193.1386,32061,114.7375,269,118.33,96.1436,66.1546,166
7,194.2794,26422,116.65,275,120.59,92.5628,66.9869,136
8,194.2774,26616,114.7625,259,119.38,94.6116,66.7527,137
9,192.3665,30971,114.85,251,118.24,98.1444,65.8594,161
10,195.85,27419,114.9375,253,119.01,94.4353,67.325,140
11,192.8841,31633,115.7375,252,119.59,96.3019,66.1703,164
12,197.7857,27690,116.65,269,119.74,94.6307,66.4031,140
13,193.2111,38449,115.9125,264,119.28,98.0629,66.0183,199
14,200.7259,27098,115.75,267,117.93,94.2793,66.682,135
15,194.9733,36460,116.325,281,119.42,96.8817,66.3381,187
16,198.7956,27235,115.3125,267,119.13,93.8568,66.2734,137
17,197.679,32024,115.7625,272,119.8,97.2871,65.9442,162
18,199.8519,26980,115.45,256,119.4,95.3703,66.4917,135
19,198.6014,27407,116,269,119.49,94.2787,66.2288,138
20,196.1846,38256,115.975,283,119.21,98.281,65.8981,195
21,195.6232,40494,116.025,262,118.58,99.0503,65.9914,207
22,198.4406,28377,116.425,259,118.99,93.6982,66.6384,143
23,200.8489,27918,116.3875,247,119.95,94.2782,67.2284,139
24,199.8881,28584,115.925,269,118.63,93.7086,66.543,143
25,195.7292,37580,114.175,266,119.05,97.1705,66.0684,192
26,197.854,27106,116.3125,264,119.6,93.2111,66.7327,137
27,199.8905,27385,115.025,254,119.68,93.7575,66.042,137
28,198.5468,27598,116.4125,269,118.97,93.1774,66.1825,139
29,197.2378,28205,114.625,267,118.95,92.8499,66.6339,143
30,194.8118,36235,115.65,285,118.39,96.4984,66.1864,186
31,198.3723,27177,116.2875,260,119.49,93.64,66.6709,137
32,197.6619,27475,115.1,253,118.19,92.5123,66.5677,139
33,190.4925,37908,114.8125,253,119.03,96.0537,66.6623,199
34,189.3453,42224,115.35,258,118.73,98.7683,65.9036,223
35,192.1156,28241,114.55,247,118.23,92.9053,66.8383,147
36,194.0217,26775,114.8,275,117.63,92.2231,66.8247,138
37,195.0719,27115,114.5375,284,117.87,92.3885,66.6417,139
38,192.0843,31886,114.9625,282,118.3,95.5161,65.8745,166
39,186.9134,43177,116.125,267,118.63,97.9496,65.9472,231
40,190.3636,29316,115.675,257,119.02,94.6636,66.0272,154
41,191.2609,26394,114.0625,257,118.57,91.0909,67.0164,138
42,191.2536,26393,115,245,118.46,91.1926,67.1792,138
43,189.7922,29228,115.1125,243,118.62,95.0389,66.5679,154
44,187.346,44401,115.2375,237,118.88,96.9995,65.9108,237
45,191.9291,27062,114.825,243,118.66,90.2288,66.8747,141
46,192.9667,28945,114.5,270,117.84,90.8691,66.7215,150
47,194.0857,27172,115.6375,250,117.84,90.2615,66.9134,140
48,199.9338,27191,114.625,262,117.99,91.0566,66.8862,136
49,196.6103,26739,114.525,282,118.73,90.5828,66.7331,136
50,199.7589,28166,115.55,261,119.31,89.8636,66.8765,141
51,198.1845,33295,114.6375,285,118.44,92.7847,65.9527,168
52,198.5686,30381,115.0875,270,118.6,91.294,66.9784,153
53,200.2979,28242,113.6375,260,118.11,90.1075,66.7482,141
54,199.2297,29486,115.45,262,119.13,92.1138,66.5189,148
55,198.6222,26814,114.6875,268,119.06,88.929,66.8964,135
56,198.6861,27220,113.525,265,117.89,89.7095,66.3314,137
57,193.3011,35954,114.7,270,118.77,93.6384,66.1693,186
58,198.305,27961,115.85,266,119.64,89.8767,66.4517,141
59,197.3217,28217,115.0125,284,119.15,91.6565,66.4083,143
60,197.5401,27063,114.6875,277,119.39,89.3049,66.726,137
61,196.5694,28306,114.6875,266,119.66,89.9257,67.1384,144
62,194.1514,35918,115,250,118.14,94.5133,66.0438,185
63,199.8321,27377,115.525,263,118.79,89.1226,66.6246,137
64,199.1849,29081,115.15,255,118.04,88.855,66.595,146
65,202.6552,29385,113.5625,294,118.59,89.578,66.7559,145
66,202.869,29416,113.9,279,118.8,89.5258,66.9307,145
67,202.3778,36428,116.0625,285,119.51,93.7937,66.0312,180
68,210.5182,28841,115.175,297,120.06,90.8393,66.638,137
69,205.2714,28738,115.6375,277,119.3,89.9467,67.1562,140
70,207.6527,34678,115.275,279,118.46,93.4144,66.0291,167
71,216.0073,29593,115.425,294,118.7,90.0498,66.6962,137
72,215.2014,29913,115.55,287,117.42,92.5064,66.5795,139
73,220.4118,29976,115,305,119.84,90.2036,66.7353,136
74,220.5563,31319,116.15,312,118.63,92.5404,65.8279,142
75,219.5255,30075,114.375,329,119.2,91.0871,66.5186,137
76,217.2621,31503,113.8875,297,119.45,89.5662,66.6831,145
77,220.037,29705,114.65,300,119.33,89.9893,66.7225,135
78,215.8587,39718,114.3625,346,119.24,93.664,66.2455,184
79,217.9138,37917,113.4125,332,117.98,93.9578,66.0426,174
80,222.9635,30546,115.45,320,118.48,90.3342,66.6826,137
81,220.1739,30384,114.7125,304,119.33,89.4203,67.282,138
82,214.8883,40399,115.325,326,119.22,93.9014,66.0012,188
83,220,30580,116.1,314,118.62,89.0493,66.8615,139
84,220.5655,31982,115.325,298,119.15,90.7074,66.5697,145
85,220.3185,29743,115.3375,298,117.46,88.7973,66.8181,135
86,214.1237,39827,114.375,301,118.17,92.7849,66.275,186
87,218.9635,29998,115.0125,292,117.94,89.0778,66.8023,137
88,215.4236,31021,114.25,290,118.22,90.5576,66.4764,144
89,209.2037,45188,114.525,289,120.1,94.278,66.1793,216
90,213.5251,38221,114.525,290,117.95,93.4418,65.9178,179
91,213.7426,29069,115.35,293,118.9,89.1518,66.9129,136
92,210.0556,37810,112.9875,334,118.98,91.9225,66.3103,180
93,211.7376,29855,113.925,306,118.25,87.9673,67.3933,141
94,208,35568,115.6375,304,118.76,90.5992,66.679,171
95,212.837,28733,113.75,276,117.85,87.7606,67.1597,135
96,209.7357,29363,114.3875,281,118.02,87.3569,67.5314,140
97,211.5419,32789,114.7125,283,118.86,89.6688,67.2503,155
98,212.5286,29754,114.2625,297,118.28,86.3085,67.5205,140
99,215.1407,29044,114.0125,304,118.01,86.3327,67.2851,135
100,217.8162,29623,113.5,307,119.04,85.144,67.6319,136
101,219.4583,31602,115.6125,312,119.28,89.1496,66.9697,144
102,221.4148,29891,114.3,323,117.63,84.89,67.6566,135
103,222,30636,114.9125,321,118.05,85.3924,67.795,138
104,220.962,40657,114.0375,341,118.3,90.3418,66.8505,184
105,232.0365,31789,114.0875,351,118.4,85.9962,67.3769,137
106,232.7926,31427,114.875,333,118.71,85.6791,67.7277,135
107,231.3563,40256,113.5375,332,118.83,89.6887,66.7115,174
108,238.5441,32442,113.4125,344,118.13,86.2429,67.798,136
109,235.9935,36107,113.1375,335,118.72,89.015,67.2614,153
110,241.7958,34335,115.9375,375,118.25,87.517,67.6733,142
111,240.7718,35875,114.475,333,119.93,89.7945,67.1928,149
112,242.6667,32760,116.1875,368,118.11,86.8297,67.6131,135
113,234.875,45096,115.0625,360,120.08,89.4315,67.2421,192
114,242.4268,38061,113.9125,335,118.69,89.3022,67.1894,157
115,238.3622,44097,114.4875,339,119.26,90.3181,66.5733,185
116,245.0342,35775,115.2375,333,118.73,86.8313,67.2204,146
117,239.1943,41859,114.25,349,119.24,88.3659,67.1191,175
118,240.6816,43082,115.075,379,119.48,88.8572,66.5763,179
119,249.3987,38158,114.125,361,118.04,88.4471,67.0748,153
120,248.635,34063,115.0875,365,119.06,85.5024,67.5047,137
121,250.9259,33875,114.9125,367,118.04,86.223,67.4963,135
122,249.7721,33969,115.175,390,118.2,85.4654,67.4498,136
123,241.3841,36449,114.275,348,119.15,85.9082,67.1212,151
124,244.5634,34728,114.3875,367,119.2,85.8849,67.6321,142
125,243.0593,32813,114.4625,407,118.73,85.9352,67.4523,135
126,240.6788,32973,114.5625,362,119.28,86.0388,67.6035,137
127,231.8387,43122,114.575,350,118.96,89.1098,66.9882,186
128,235.9412,32088,113.8625,338,117.95,85.1569,67.4332,136
129,233.7591,32025,115.2875,347,118.31,85.8436,67.4287,137
130,230.5899,32052,114.475,361,118.3,87.0651,66.6878,139
131,227.6667,31418,115.4875,340,118.97,84.7189,67.7005,138
132,230.6222,31134,114.275,324,118.67,84.948,67.7361,135
133,218.1292,45589,114.525,320,118,88.8183,66.8859,209
134,227.7132,30969,114.2625,325,119.03,84.9115,67.6832,136
135,226.0441,30742,114.5875,323,117.8,84.7698,67.598,136
136,222.7101,30734,113.5875,318,117.67,84.5689,67.5962,138
137,219.6131,30087,113.325,315,118.18,84.726,67.6023,137
138,218.637,29516,114.4625,303,118.03,84.4505,68.0893,135
139,214.4964,29386,114.875,300,118.31,84.866,68.0345,137
140,212.8971,28954,115.5375,308,118.83,85.3484,67.4365,136
141,211.0118,35661,113.7625,283,118.63,88.9482,67.3507,169
142,215.0889,29037,114.4625,295,117.97,86.1885,67.6211,135
143,209.2468,33061,113.4625,313,118.08,88.7177,67.2274,158
144,207.9137,28900,115.625,276,117.15,86.3366,67.6362,139
145,210.9787,29748,114.3625,282,118.83,86.2779,67.429,141
146,211.8777,29451,113.2375,287,118.67,86.1115,68.107,139
147,209.6013,32069,113.7125,295,118.1,89.3256,66.7009,153
148,205.0464,39779,114.45,268,118.16,90.8052,66.8672,194
149,210.7481,28451,114,292,118.98,86.1205,67.527,135
150,207.1795,32320,114.3625,292,117.92,87.9381,67.0978,156
151,209.3043,28884,113.5875,299,119.08,87.0753,67.9104,138
152,207.7255,31782,114.725,291,119.05,89.7023,66.9865,153
153,209.7214,29361,115.1375,311,118.14,86.6432,68.0464,140
154,213.4891,29248,113.225,279,116.39,87.2819,67.3345,137
155,205.2537,42077,114.325,295,119.2,91.2872,66.7799,205
156,211.3403,30433,115.1375,288,118.71,88.2769,67.6607,144
157,207.125,36454,115.325,322,118.55,90.3867,66.4295,176
158,209.1712,30539,114.5875,275,117.34,88.2338,66.9631,146
159,211.4792,30453,114.2625,297,117.84,90.8386,66.9786,144
160,209.8786,29383,112.7875,295,118.43,89.5791,66.7557,140
161,210.7372,28871,113.9625,307,118.14,92.1899,66.3421,137
162,205.7184,42378,114.45,315,118.45,95.477,65.3703,206
163,207.3471,35249,114.2875,292,118.02,93.1334,66.4723,170
164,202.0194,41616,115.2875,280,118.16,94.412,65.8445,206
165,203.4264,40075,114.7375,286,118.47,95.3231,65.9147,197
166,209.8824,28544,115.4875,285,117.9,90.5369,66.409,136
167,209.9037,28337,113.25,306,118.44,90.1767,66.5583,135
168,207.6331,28861,113.625,301,118.55,90.4116,66.8931,139
169,207.8551,28684,114.0375,274,118.54,90.5356,66.9249,138
170,205.0617,33220,115.075,282,118.46,93.9995,65.8004,162
171,207.25,29015,114.1,278,118.83,90.1528,66.5295,140
172,208.6127,29623,115.25,306,118.06,92.4997,65.9825,142
173,208.3431,28543,114.925,289,117.14,90.5988,66.7056,137
174,207.7122,28872,115.2,301,118.57,90.2828,66.5431,139
175,205.7399,35593,114.575,278,118.81,94.3657,66.2241,173
176,209.9362,29601,115.3,291,119.07,90.257,66.5308,141
177,208.6752,32762,114.325,289,120.31,92.7901,66.6031,157
178,210.1429,29420,113.5625,320,117.79,90.1622,66.7041,140
179,216.8603,29493,114.225,341,118.18,90.535,66.7058,136
180,215.3504,29503,114.85,295,119.33,91.0238,66.753,137
181,214.3913,34517,114.575,310,118.06,93.3861,66.1629,161
182,214.7554,29851,113.6125,311,118.53,90.7038,66.4732,139
183,215.6145,35792,114.7625,312,118.07,93.6265,66.0136,166
184,220.4085,31298,114.425,339,118.17,90.6009,66.5682,142
185,217.4713,37840,114.5,338,116.95,93.3284,65.9486,174
186,217.1196,39950,114.6125,339,117.31,94.836,65.8948,184
187,223.7214,31321,113.7875,340,118.82,90.9242,66.8963,140
188,223.0217,30777,115.3625,333,117.63,90.5448,66.5513,138
189,227.1958,32489,116.025,341,118.6,90.7184,66.2845,143
190,216.1699,44531,113.4375,317,117.69,95.0568,65.8007,206
191,225.1957,31077,113.65,342,117.76,91.9068,66.3075,138
192,230.2222,31080,113,341,119.11,92.4915,65.8619,135
193,221.1967,40479,113.55,330,117.65,96.7666,65.8113,183
194,217.674,49412,115.1125,341,117.64,98.6697,65.7109,227
195,232.1095,31799,114.9125,355,118.56,94.3329,66.4202,137
196,233.068,34261,114.3125,349,117.27,94.4453,66.6156,147
197,232.3333,33456,115.5125,346,118.42,94.5042,65.8006,144
198,231.4748,32175,113.6875,346,118.25,94.0795,66.2255,139
199,234.5328,32131,114.9125,356,118.17,94.5709,65.8256,137
200,235.9197,32321,114.775,349,118.65,94.0583,65.8363,137
201,228.5949,36118,115.3625,368,117.33,96.6199,65.6406,158
202,236.2628,32368,114.5625,340,116.99,93.7973,65.8606,137
203,233.5816,32935,114.9625,386,119.22,93.3841,66.457,141
204,233.0222,31458,114.15,380,117.43,93.6855,66.2104,135
205,235.7704,31829,114.6125,332,119.65,95.4559,65.3932,135
206,234.1511,32547,114.1125,348,118.13,93.475,65.9341,139
207,234.0815,31601,114.0625,324,119.13,93.6843,66.046,135
208,226.4412,38495,114.575,347,117.17,96.26,65.3475,170
209,230.7887,32772,115,347,118.39,96.3727,65.5747,142
210,221.6263,43882,114.95,350,118.38,97.4819,65.671,198
211,224.4278,40397,114.8625,363,118.49,95.9954,65.825,180
212,228.4559,31070,114.6875,351,118.52,93.5961,65.8582,136
213,227.007,32235,115.4875,350,119.02,93.819,66.1497,142
214,228.0296,30784,114.3125,315,118.31,93.2353,65.5659,135
215,226.6357,31729,113.775,319,118.1,95.3755,65.8698,140
216,218.9588,37223,114.7625,341,117.86,96.1479,65.8147,170
217,224.0144,31138,113.95,332,117.12,92.7629,65.9334,139
218,223.4741,30169,115.075,324,118.52,92.5241,65.9543,135
219,216.8267,32524,113.575,320,116.4,93.1216,66.2526,150
220,214.9718,38050,113.8875,308,116.36,95.7981,65.5048,177
221,219.2483,32668,114.85,317,119.69,92.3772,66.6049,149
222,214.8424,35449,114.0625,328,117.14,93.9108,66.0509,165
223,218.5735,29726,115.1,332,118.05,90.8904,66.5975,136
224,219.2,29592,113.975,309,116.28,89.9646,66.7447,135
225,214.8156,30289,114.2625,306,117.62,90.2226,66.1292,141
226,214.875,29223,113.1375,300,118.22,89.2846,66.7665,136
227,211.5677,32793,112.7875,318,117.58,91.4889,66.4324,155
228,211.7259,28583,114.3875,315,118.39,89.1921,66.9968,135
229,211.1449,29138,112.9375,307,118.85,88.8298,66.9286,138
230,205.9857,28838,113.55,292,118.36,88.2852,66.7671,140
231,206.9857,28978,114.7125,298,118.06,88.5665,66.6804,140
232,207.3676,28202,113.9,282,117.84,87.7726,66.6127,136
233,205.223,28526,113.6875,278,117.66,87.908,67.0203,139
234,203.4552,29501,113.7625,282,118.16,87.7968,67.1683,145
235,202.8613,27792,114.0625,284,117.72,88.314,67.3495,137
236,202.9489,27804,113.5,287,117.14,88.1279,67.2103,137
237,201.3497,28793,113.2,287,117.58,87.939,67.1976,143
238,196.8727,32484,114.05,274,116.6,89.7043,67.2805,165
239,200.6395,29494,114,278,117.18,88.8577,67.4644,147
240,201.1324,27354,114.975,284,117.96,88.2604,66.5457,136
241,201.6103,27419,115.075,290,116.82,88.76,66.9194,136
242,199.7926,26972,113.75,283,116.73,88.5407,67.6691,135
243,198.1765,26952,113.75,260,118.86,88.3003,68.117,136
244,194.4111,34994,115.5375,274,118.46,91.9612,66.7726,180
245,200.0148,27002,114.35,275,119.95,89.365,67.0811,135
246,195.8375,31334,113.7125,277,117.92,89.9033,67.5073,160
247,194.6136,34252,114.4875,272,118.66,91.1654,67.52,176
248,194.6158,34447,114.975,266,118.22,91.7525,67.2847,177
249,197.4681,27843,115.3,252,117.34,88.0154,67.7794,141
250,197.0515,26799,112.9125,255,118.16,87.684,67.868,136
251,194.3406,26819,113.8375,272,117.54,87.248,67.4276,138
252,197.0725,27196,113.575,255,118.31,87.6634,68.1494,138
253,194.2282,28940,113.725,262,117.7,87.9916,67.5362,149
254,194.8681,28061,113.6375,259,118,88.3164,67.0932,144
255,196.35,27489,114.075,267,116.89,87.0376,67.9584,140
256,193.5093,31155,114.1625,265,118.55,89.662,67.2014,161
257,191.6571,26832,112.975,259,118.45,87.1987,68.2106,140
258,193.5286,27094,114.25,262,118.41,88.2694,67.236,140
259,195.8759,26835,113.45,258,116.96,87.46,67.3568,137
260,193.3475,27262,114,260,117.82,87.5289,67.7003,141
261,193.1606,26463,113.825,252,118.49,86.4171,67.277,137
262,195.7103,28378,114.4125,290,118.9,88.3454,67.7032,145
263,193.2429,27054,114.8,270,118.48,85.5134,67.9524,140
264,191.4863,27957,113.925,260,118.59,85.5233,68.1655,146
265,192.3357,26927,115.2625,275,118.29,85.2949,68.0014,140
266,193.587,26715,114.4625,278,117.37,85.3964,67.546,138
267,193.8723,27336,113.2625,253,117.2,84.177,67.7849,141
268,191.3,30608,112.6375,284,118.68,85.4789,68.0408,160
269,189.8812,38356,114.2875,253,117.54,89.2624,67.3971,202
270,194.4589,28391,114.7,254,117.32,84.0827,67.8223,146
271,195.913,27036,114.0625,285,117.83,83.6994,67.4171,138
272,194.2606,27585,113.7375,267,117.29,83.9497,67.5418,142
273,194.0365,26583,113.1125,256,118.36,83.7359,67.7737,137
274,189.3436,36922,114.6375,252,117.53,88.3663,67.9234,195
275,192.942,26626,112.4625,264,117.94,83.2872,67.3692,138
276,194.963,26320,113.9,271,118.31,83.7366,68.0188,135
277,192.8417,26805,113.725,271,117.84,83.0438,67.6773,139
278,196.0662,26665,114.8,270,118.09,83.2711,67.4293,136
279,194.413,26829,113.425,273,117.04,82.828,67.945,138
280,194.2878,27006,114.7,263,117.55,83.4206,68.1868,139
281,190.8099,27095,113.625,283,116.64,82.6958,68.1378,142
282,194.7647,29799,113.8,264,117.73,85.6218,67.353,153
283,194.1,27174,112.7875,261,117.79,82.8374,68.6162,140
284,196.146,26872,113.7,263,117.34,83.1975,67.8104,137
285,194.1799,26991,114.5125,256,118.31,84.1945,67.5159,139
286,195.932,28802,113.475,275,117.47,84.1354,67.4601,147
287,193.2,32844,114.1125,274,116.83,86.8397,67.4994,170
288,195.6135,31885,114.425,259,118,87.1396,66.6541,163
289,194.5574,35604,113.9,262,117.57,87.238,67.8083,183
290,194.7778,26295,114.225,263,118.16,82.9523,68.0489,135
291,195.2353,26552,114.0125,258,116.82,82.4718,67.9033,136
292,194.0226,34342,111.7,270,117.56,85.3171,68.0915,177
293,197.471,27251,113.9,272,117.23,83.7585,68.0677,138
294,193.4,32878,113.6125,269,117.39,85.519,68.1709,170
295,198.1912,26954,113.6125,267,116.74,82.8389,68.6389,136
296,196.6547,27335,114.3,254,117.94,83.0577,67.9075,139
297,193.2945,28221,114.9,264,117.6,83.1461,67.9731,146
298,194.0714,27170,113.9625,252,117.97,82.0894,67.4369,140
299,192.7246,26596,114.825,259,117,82.3079,68.0471,138
300,194.1168,26594,113.3,276,117.02,82.8509,68.7014,137
301,189.8022,34544,114.8125,256,116.86,86.3399,67.3567,182
302,191.5734,27395,113.1125,249,118.33,82.8735,68.9657,143
303,190.2868,25879,113.925,252,118.73,83.2152,68.3865,136
304,191.7482,26653,113.175,262,117.52,83.4266,68.3025,139
305,190.3537,27982,113.5,258,116.94,83.4963,68.6326,147
306,189.1049,27042,113.225,268,117.35,83.3118,68.8802,143
307,188.7055,27551,113.375,252,117.09,83.4068,68.1462,146
308,192.2336,26336,113.3875,255,117.35,83.3874,68.3003,137
309,190.7681,26326,114.525,239,118.5,83.5277,68.288,138
310,189.4815,25580,114.5375,242,117.25,83.3765,68.2645,135
311,190.5111,25719,114.2625,286,116.94,83.1066,67.988,135
312,190.7259,25748,113.325,267,116.92,82.9149,68.2689,135
313,185.8764,33086,114.1125,251,117.04,85.4897,68.2008,178
314,187.8298,26484,114.1875,254,116.93,83.0418,67.6095,141
315,189.6573,27121,113.8,254,117.73,83.124,67.7873,143
316,184.1459,34067,113.0875,242,117.67,86.8783,67.8515,185
317,188.6763,26226,114.1375,252,119.43,83.3107,67.8149,139
318,186.6667,28560,112.8875,249,116.73,85.6158,68.1983,153
319,188.7465,26802,113.8125,248,117.33,83.5039,67.702,142
320,190.9071,26727,112.7375,249,116.92,83.6174,68.0267,140
321,187.8824,25552,113.025,259,117.11,83.2142,68.0381,136
322,187.1,29936,113.825,241,117.18,85.4355,67.6887,160
323,188.6547,26223,115.0625,246,118.11,83.0214,68.4019,139
324,190.637,25736,113.3375,254,117.97,83.1203,67.6853,135
325,186.7279,25395,112.925,239,118.04,82.8432,68.3192,136
326,189.3841,26135,113.7375,256,119.54,82.9487,68.0578,138
327,187.6763,26087,113.7625,261,117.12,83.3134,67.9162,139
328,188.3521,26746,114.85,240,117.14,83.5168,68.4395,142
329,190.1825,26055,114.1,248,117.49,83.8279,67.5621,137
330,188.0142,26510,114.0125,255,116.37,83.1268,68.3142,141
331,189.8667,25632,113.8625,246,117.75,84.934,67.6063,135
332,186.518,25926,113.3,243,117.02,83.4314,67.6686,139
333,187.9927,25755,113.2875,268,117.47,84.1479,67.5545,137
334,184.5986,27136,113.075,244,117.24,84.0646,67.543,147
335,184.7527,34364,112.675,246,117.85,87.3329,68.3925,186
336,186.2129,28863,114.2125,239,117.78,86.171,68.1342,155
337,184.5839,25288,114.2375,246,118.29,82.6132,68.338,137
338,185.5396,25790,115.2125,252,116.7,83.1807,68.0159,139
339,183.0347,26357,113.2125,237,116.97,84.1489,67.6632,144
340,181.9557,28749,112.8,242,118,83.6967,67.2984,158
341,183.5072,25324,113.3375,268,118.61,83.1925,67.8161,138
342,183.6383,25893,113.25,251,117.02,84.0593,68.2755,141
343,182.4759,26459,113.6875,247,118.59,84.2536,68.3583,145
344,185.4014,27254,113.2625,234,117.35,86.2677,68.1556,147
345,184.4074,24895,112.9125,251,117.8,85.7243,67.8318,135
346,182.9437,25978,113.1375,240,117.44,82.8898,67.966,142
347,181.6622,26886,113.075,241,118.05,82.9486,68.8794,148
348,183.7778,24810,113.2125,226,116.92,82.6166,68.5842,135
349,181.5441,24690,113.45,235,117.24,82.4233,68.1913,136
350,181.48,27222,114.225,230,118.38,82.901,67.6878,150
351,182.1205,30232,112.175,235,116.83,85.8669,66.6372,166
352,181.9085,27832,113.2625,245,117.56,83.8875,68.3717,153
353,182.6939,26856,113.05,229,116.39,85.3717,66.946,147
354,183.875,25007,113.3875,242,116.54,84.3432,66.9669,136
355,183.6084,26256,113.3125,236,118.5,84.527,67.2791,143
356,180.2123,32258,112.4,242,118.76,88.4905,67.4292,179
357,182.3022,25340,113.1125,242,117.81,85.1199,67.7292,139
358,182.0073,24935,113.6125,242,117.35,85.9517,66.9855,137
359,181.6715,24889,112.775,228,117.53,85.2553,68.3945,137
360,182.518,25370,113.55,221,117.07,85.8274,68.4042,139
361,180.943,28589,114.2125,235,118.23,88.9377,67.5375,158
362,182.2158,25328,114.0375,240,116.86,88.3035,67.205,139
363,183.5221,24959,112.675,233,117.16,88.165,66.6831,136
364,182.6013,28851,113.825,263,117.47,91.0589,67.0407,158
365,183.5625,26433,113.675,236,117.22,89.9037,67.3671,144
366,182.8881,26153,113.8625,227,117.65,88.7111,67.3854,143
367,179.4534,28892,114.4625,236,116.27,87.5979,68.6366,161
368,182.0132,27484,114.175,230,117.95,89.9491,67.5389,151
369,184.781,25315,113.7625,232,118.04,86.9936,68.388,137
370,184.2838,27274,114.65,241,117.63,88.2115,66.9291,148
371,184.558,25469,114.7125,257,117.99,87.9463,67.2665,138
372,187.9357,26311,114.9375,243,118.37,88.5965,67.34,140
373,181.9789,25841,115.45,226,118.04,88.3712,66.972,142
374,186.6906,25950,113.2625,239,117.15,88.7738,67.2764,139
375,184.2953,27460,114.625,274,118.39,88.7716,67.5292,149
376,184.1503,28175,114.525,253,117.33,88.8302,68.0248,153
377,183.7943,25915,114.5625,239,117.48,88.3608,67.6708,141
378,183.6486,27180,113.825,243,117.06,87.6771,67.3601,148
379,185.1064,26100,114.6,251,116.96,87.7743,67.5223,141
380,186.6214,26127,114.15,233,117.47,88.331,67.2816,140
381,186.3723,25533,113.775,240,117.62,88.1134,68.2457,137
382,184.3841,27842,114.675,249,118.56,91.7758,67.4118,151
383,184.058,25400,113.2125,243,117.25,88.1603,67.6813,138
384,185.3786,25953,113.0625,238,118.4,89.291,68.1367,140
385,183.9781,25205,114.9625,235,117.53,89.1144,68.0017,137
386,183.9574,25938,114.4,243,117.42,89.551,67.0488,141
387,185.971,25664,113.3875,238,116.69,89.3348,66.9345,138
388,184.9338,25151,113.4625,245,117.44,89.8376,67.8377,136
389,184.6071,25845,114.6625,242,117.38,89.3801,67.1611,140
390,184.2319,25424,113.775,236,117.66,90.8487,67.8701,138
391,184.8841,25514,114.4875,241,118.03,88.4764,68.5799,138
392,185.6594,25621,115.825,244,118.06,90.762,66.6157,138
393,183.8671,26293,113.3625,246,117.98,90.1746,67.9971,143
394,184.8905,25330,113.925,241,117.33,89.6672,67.1734,137
395,185.2817,26310,114.5,232,117.22,89.6998,68.3568,142
396,183.3289,27316,114.575,243,116.71,91.4586,67.4924,149
397,186.3556,25158,113.7625,264,117.44,90.7311,67.1032,135
398,182.411,26632,113.35,243,117.72,90.0841,67.6161,146
399,182.8421,31266,114.2625,245,117.48,92.1052,67.9499,171
400,184.7297,27340,113.9375,235,117.85,89.3735,68.513,148
401,183.0811,27096,113.5875,231,117.29,89.8949,67.6758,148
402,185.8768,25651,113.0875,254,117.2,90.0453,67.2154,138
403,186.0342,27161,114.1,247,117.45,90.4161,67.2255,146
404,186.4593,25172,114.9875,244,116.85,90.6104,67.1704,135
405,184.9416,25337,114.3375,239,117.02,89.6982,67.4863,137
406,187.1957,25833,113.6375,259,116.5,89.4753,66.9238,138
407,185.8633,25835,112.4125,239,117.77,90.0904,66.98,139
408,186.7343,26703,113.7875,251,117.33,90.6693,67.7284,143
409,184.085,28165,114,252,117.36,91.1287,67.0356,153
410,186.2464,25702,113.3,249,117.36,90.8003,67.1625,138
411,185.365,25395,114.625,233,117.08,91.0896,67.3265,137
412,186.1042,26799,114.15,235,117.28,91.2363,67.2162,144
413,187.9852,25378,113.4125,242,116.79,90.8348,67.1763,135
414,186.1778,25134,114.8375,245,118.72,91.2694,66.4425,135
415,189.1197,26855,113.8375,256,117.42,91.3307,67.56,142
416,189.5203,28049,113.6125,249,116.9,91.5768,67.7329,148
417,192.0647,26697,113.8875,265,117.79,90.698,66.9025,139
418,193.4113,27271,113.65,264,116.97,92.212,67.4905,141
419,191.8366,29351,114.35,275,118.69,92.0371,67.2645,153
420,196.8993,27369,113.95,277,118.2,93.3117,67.294,139
421,193.4615,35210,113.9625,269,117.01,95.4209,67.0537,182
422,197.1915,27804,114.575,285,117.59,90.9703,67.839,141
423,198.5175,28388,113.9125,295,117.55,91.8637,67.7778,143
424,197.363,28815,113.7,272,116.95,92.1292,67.4159,146
425,199.0519,26872,113.075,273,116.63,93.2537,67.3217,135
426,194.8324,36044,114.0375,274,116.75,96.379,66.2591,185
427,198.9124,27251,114.8,284,118.6,91.6047,67.6965,137
428,198.3986,29363,114.3625,274,117.36,93.7038,66.9561,148
429,198.9643,27855,113.4625,275,116.85,92.3648,67.2234,140
430,199.8733,29981,113.175,276,116.29,93.7538,66.6237,150
431,196.9943,34474,114.1125,281,117.7,95.5006,66.5383,175
432,199.0523,30455,115.325,262,117.51,93.8678,67.0704,153
433,199.1022,27277,114.1625,277,116.56,91.9085,67.1874,137
434,200.7259,27098,113.8125,265,116.16,91.9289,67.4362,135
435,197.8028,28088,112.775,274,116.06,92.7352,67.0041,142
436,200.2,27027,116.0875,271,118.16,93.0094,67.6953,135
437,198.9051,27250,114.4625,286,117.41,93.5087,66.8964,137
438,197.525,31604,114.2875,266,118.3,95.8047,66.9782,160
439,198.6986,29010,114.3375,304,117.06,93.8486,67.3487,146
440,198.3116,27367,113.825,285,116.18,93.435,67.7946,138
441,199.3793,28910,115.3875,271,118.3,95.3652,66.7242,145
442,198.3168,31929,115.15,266,118.81,95.0333,66.8121,161
443,194.1699,39999,114.0875,299,117.52,98.251,66.1772,206
444,201.5662,27413,114.4625,273,117.52,95.1637,67.14,136
445,202.9852,27403,114.15,275,117.57,95.4054,66.7826,135
446,202.4786,28347,114.7,279,117.61,94.5725,66.5951,140
447,204.1912,27770,114.3875,294,117.72,95.0716,66.6129,136
448,202.9856,28215,114.575,284,117.57,94.775,66.1578,139
449,202.763,27373,115.15,281,118.93,95.3302,66.9263,135
450,202.9708,27807,114.5875,299,116.73,96.5206,66.7013,137
451,205.7647,27984,114.925,290,117.27,96.861,66.6285,136
452,205.6934,28180,113.9625,299,118.11,96.9064,65.9588,137
453,206.6741,27901,113.1125,293,117.07,97.4426,66.6471,135
454,210.1387,28789,114.8125,315,118,98.0829,65.8958,137
455,210.1324,28578,114.6,314,116.86,98.4374,66.1076,136
456,208.854,28613,115.075,294,118.15,98.6596,66.0577,137
457,205.6071,34542,114,313,116.71,101.5417,65.7252,168
458,207.0889,27957,115.9375,285,117.6,98.1781,65.7482,135
459,206.963,27940,113.0625,290,117.33,99.386,65.8827,135
460,206.1103,28031,114.1,314,118.35,98.2925,65.9977,136
461,203.3034,29479,114.325,295,117.77,100.8551,65.7235,145
462,202.1286,28298,116.05,298,118.25,98.1117,65.9536,140
463,204.1007,28370,113.6875,293,116.83,99.0189,66.2465,139
464,201.8,32288,115.4875,285,118.22,100.9932,66.1485,160
465,199.8029,27373,114.9125,277,116.94,98.7438,66.1881,137
466,198.3931,28767,114.875,276,118.2,99.1343,66.6833,145
467,192.4762,36378,114.6,271,116.12,101.8752,65.9905,189
468,198.1314,27144,114.075,278,116.81,99.0999,65.9747,137
469,193.7933,29069,114.925,275,117.75,99.2134,66.3541,150
470,197.6522,27276,114.2125,280,117.22,99.972,65.6596,138
471,196.7574,26759,114.375,272,116.82,101.6125,65.9835,136
472,196.05,27447,115.1625,268,116.78,100.7363,65.9794,140
473,195.053,29453,115.2125,277,117.77,101.7366,65.3778,151
474,196.2444,26493,114.3375,258,116.69,101.2443,65.7826,135
475,198.6296,26815,114.0125,317,117.97,101.6471,65.2822,135
476,196.1293,28831,113.4125,296,116.67,101.6462,65.1418,147
477,199.3852,26917,115.1,312,116.76,101.5432,66.2462,135
478,194.2044,35151,114.525,274,117.27,104.8216,65.3499,181
479,197.7099,32029,115.6875,280,117.03,105.2173,64.7974,162
480,200.9111,27123,114.7125,291,117.77,102.0062,65.4872,135
481,198.1862,28737,114.725,294,117.43,101.8859,65.0593,145
482,200.6014,27683,113.825,276,116.24,101.6699,65.5892,138
483,198.9209,27650,113.7125,272,117.05,102.447,65.8102,139
484,200.6115,27885,115.125,269,117.74,101.7649,65.6351,139
485,198.3382,26974,114.075,262,116.84,101.6851,65.8502,136
486,200.7626,27906,113.875,303,117.95,102.3668,65.4459,139
487,199.0857,27872,115.0875,285,117.25,101.5802,66.031,140
488,201.0638,28350,115.875,270,119.45,103.116,65.4361,141
489,202.9407,27397,114.575,280,116.28,102.722,65.5745,135
490,199.089,29067,114.7875,274,117.05,101.7072,65.8685,146
491,195.5148,33042,114.3,263,117.29,103.9272,65.377,169
492,199.8873,28384,114.0375,280,117.77,102.2556,65.8687,142
493,202.2098,28916,114.9,289,118.74,102.0923,65.0046,143
494,199.5664,28538,113.85,283,117.83,101.3368,65.9889,143
495,197.2331,32149,113.225,261,116.75,103.3702,65.9507,163
496,200.3406,27647,114.3,281,117.38,100.554,65.7331,138
497,200.3667,30055,114.2875,285,117.84,100.0195,66.4991,150
498,202.3504,27722,116.1875,294,117.98,99.9915,65.9302,137
499,201.1232,27755,115.15,277,116.97,99.1673,65.6944,138
500,199.8356,29176,114.5375,290,117.82,99.6214,66.2031,146
501,200.2482,28235,113.6375,280,116.62,99.7911,65.9835,141
502,197.745,29464,114.125,289,117.81,99.3939,65.2082,149
503,199.8406,27578,113.5875,296,117.2,98.2106,66.4527,138
504,198.7324,28220,113.325,296,115.64,98.5434,66.2674,142
505,200.6471,27288,113.9875,289,116.95,98.473,66.7836,136
506,198.9111,26853,114.425,265,118.53,98.7002,65.7778,135
507,201.8296,27247,114.8375,305,116.74,98.1478,65.9828,135
508,199.55,27937,114.775,313,117.62,97.9997,66.2294,140
509,197.2199,27808,115.025,287,117.41,97.5819,66.4367,141
510,200.0139,28802,115.3125,301,117.28,97.5731,66.1731,144
511,198.125,26945,113.6875,273,116.78,98.0853,66.0397,136
512,200.5515,27275,114.4125,285,116.98,98.3241,66.3294,136
513,198.4493,27386,114.65,282,116.92,98.6843,66.2448,138
514,197.0139,28370,113.7625,268,116.86,97.9416,66.4775,144
515,196.4085,27890,113.95,293,116.22,98.3594,66.1212,142
516,193.86,29079,114.3875,278,117.18,98.9842,66.4732,150
517,192.4741,25984,113.6625,258,117.77,97.8628,66.6969,135
518,192.8881,27583,113.15,265,116.5,99.4316,65.6722,143
519,192.8344,29118,113.9625,265,116.3,99.2696,66.4684,151
520,191.8676,26094,114.525,283,117.83,98.7584,66.0277,136
521,193.1333,26073,113.8875,279,116.98,98.1312,66.6176,135
522,187.0329,28429,113.825,259,116.54,99.0114,67.2888,152
523,190.4571,26664,114.6625,258,117.16,98.2886,66.4869,140
524,188.1448,27281,114.25,251,117.68,96.9081,66.5984,145
525,190.0511,26037,114.425,256,116.9,97.5961,66.0188,137
526,189.1971,25920,115.8875,260,118.26,97.2107,66.4299,137
527,188.3261,25989,113.95,235,116.34,96.9464,66.6877,138
528,190.029,26224,113.9875,256,117.47,96.9197,66.0217,138
529,189.1387,25912,115.275,239,117.56,97.7326,66.6189,137
530,187.2643,26217,114.125,249,116.88,97.2431,66.4394,140
531,187.6831,26651,115.2375,246,117.48,96.9473,67.1348,142
532,190,26410,116.025,263,118.43,97.6092,66.5466,139
533,186.9577,26548,113.6625,252,116.4,96.9906,66.7319,142
534,185.6234,28586,113.2875,256,117.03,97.3898,66.7528,154
535,187.2819,27905,113.775,262,116.47,97.1889,66.6629,149
536,189.0876,25905,115.675,252,119.03,96.4481,66.7203,137
537,188.7551,27747,113.625,255,116.32,97.4269,66.2768,147
538,185.0893,31095,114.5,254,117.66,98.0432,67.3413,168
539,188.9058,26069,115.25,257,117.32,96.9444,66.7011,138
540,189.1014,26096,114.95,266,117.14,96.5294,66.5045,138
541,191.6222,25869,112.7,268,116.24,98.0567,66.5808,135
542,189.2516,29334,114.1375,258,116.5,98.18,66.9324,155
543,194.9562,26709,114.6,276,117.18,96.5353,66.6625,137
544,187.3775,28294,114.3375,268,116.1,96.5014,66.8291,151
545,188.7055,27551,115.975,272,118.19,95.6456,66.3638,146
546,190.8652,26912,113.9375,244,116.69,96.0262,67.1407,141
547,190.1714,26624,114.8,261,116.96,96.5343,67.3815,140
548,187.54,28131,115.1875,266,116.74,96.5611,67.0457,150
549,190.6,26684,114.675,259,117.43,95.9396,66.4991,140
550,191.9191,26101,113.5125,279,118.16,96.358,67.0378,136
551,190.8767,27868,113.7625,246,117.03,96.1239,66.7968,146
552,193.3212,26485,114.5625,262,116.79,96.1291,66.3207,137
553,193.4296,26113,114.4,295,117,95.6572,66.7216,135
554,194.0809,26395,114.5625,265,117.54,95.3261,67.0451,136
555,192.7987,28727,113.4125,255,116.77,96.7003,66.8801,149
556,194.0221,26387,114.1875,273,117.23,95.7383,66.4207,136
557,196.7639,28334,114.625,257,116,95.9196,66.3371,144
558,198.0073,27127,114.8,270,116.48,94.9785,66.7662,137
559,200.1915,28227,115.6125,268,118.64,95.355,66.8028,141
560,200.6496,27489,113.9625,276,116.2,95.3205,66.778,137
561,202.8963,27391,112.9625,285,116.29,96.1614,66.4689,135
562,203.0863,28229,113.075,281,116.87,95.0744,67.0908,139
563,204.8456,27859,114.0375,297,117.43,95.5709,66.8997,136
564,202.8243,30018,112.8,285,115.96,95.8257,66.341,148
565,202.529,27949,113.55,278,117.05,95.8026,66.5313,138
566,202.4823,28550,113.725,285,116.14,95.8115,66.7724,141
567,200.9407,27127,113.9625,285,116.97,95.8963,66.7095,135
568,203.4759,29504,114,313,117.07,96.509,66.5722,145
569,203.5217,28086,114.4875,285,117.86,95.0106,66.849,138
570,202.7664,27779,114.05,299,116.65,95.4718,66.5767,137
571,205.7552,29423,113.4625,291,117.5,96.0168,66.5426,143
572,207.2574,28187,113.6,282,116.22,94.8576,66.8633,136
573,211.6324,28782,113.6,288,118.27,94.9913,67.232,136
574,210.3852,28402,114.15,304,115.99,94.6916,66.432,135
575,208.4,28134,113.575,309,116.24,95.0226,66.8776,135
576,211.3022,29371,114.2625,301,116.47,94.7179,66.6021,139
577,213.3259,28799,112.7375,305,115.92,94.7399,66.767,135
578,211.9638,29251,114.125,291,116.91,94.6429,66.5102,138
579,213.9926,28889,113.875,315,116.28,94.5211,66.2081,135
580,209.5301,34782,113.1,328,116.47,96.5298,66.1974,166
581,213.3188,29438,113.6875,308,116.31,94.0972,66.5138,138
582,212.2603,30990,113.725,316,116.57,95.3779,66.3198,146
583,213.0352,30251,113.65,307,116.49,94.2885,66.5627,142
584,210.0441,28566,114.25,308,115.97,93.9643,66.7436,136
585,206.5976,33882,113.475,296,116.34,95.3018,66.7278,164
586,202.483,35637,114.3,344,115.71,97.4553,66.6761,176
587,203.6358,30749,114,307,117.38,93.4369,67.1714,151
588,205.2535,29146,114.225,304,117.33,93.9882,66.7709,142
589,204.5674,28844,114.0625,302,116.93,93.7193,66.7615,141
590,197.9172,31073,114.8125,279,117.06,93.5472,67.1626,157
591,200.0284,28204,114.1125,283,116.86,93.2148,67.3703,141
592,198.438,27186,114.225,278,115.48,93.1659,67.1165,137
593,196.0284,27640,113.525,291,115.6,93.1866,66.9251,141
594,200.0719,27810,112.775,287,117.2,93.5602,66.7604,139
595,196.2826,27087,112.8625,281,116.81,92.8546,66.9731,138
596,197.8444,26709,113.425,279,116.59,93.7619,66.6612,135
597,195.8074,26434,114.625,266,115.98,92.2787,66.8186,135
598,194.558,26849,112.7625,269,116.33,92.3015,66.7153,138
599,194.964,27100,113.5125,284,116.72,92.9891,67.1528,139
600,187.8878,36826,113.2875,258,116.8,96.1329,66.6979,196
601,191.9214,26869,113,265,115.78,92.7423,66.9601,140
602,194.073,26588,114.2625,263,117.42,93.3932,66.5949,137
603,192.3333,27119,114.1625,277,117.46,93.6527,67.2551,141
604,193.6963,26149,114.7625,284,117,92.2506,67.0222,135
605,192.4532,26751,114.4625,269,117.35,92.9095,66.5091,139
606,192.4247,28094,113.175,253,115.52,93.5819,66.9749,146
607,189.4167,29549,113.8875,264,115.9,93.4999,67.2016,156
608,192.9568,26821,115.875,278,118.14,92.1719,66.8728,139
609,190.7059,25936,113.825,261,118.01,93.0537,66.9468,136
610,187.5273,30942,113.15,282,117.05,95.56,67.0133,165
611,191.3566,27364,115.125,263,117.58,92.7979,67.4385,143
612,189.8593,25631,113.575,242,117.09,92.2207,67.2453,135
613,191.1544,25997,114.4375,268,116.33,92.5543,66.8317,136
614,189.5385,27104,112.65,289,116.1,92.3961,67.3938,143
615,191.3481,25832,115.1375,256,117.84,92.6945,67.1514,135
616,191.1037,25799,114.3875,259,116.69,93.4181,67.3424,135
617,188.0278,27076,112.875,250,116.16,92.9748,67.0598,144
618,189.2815,25553,113.7125,258,116.03,92.6712,66.8119,135
619,188.413,26001,114.6,269,116.62,93.2451,67.0739,138
620,188.0915,26709,116.4625,253,116.15,92.8918,67.0066,142
621,187.9037,25367,114.6,258,116.65,94.35,67.0136,135
622,187.3676,25482,114.0875,240,116.38,92.6392,67.0737,136
623,187.2963,25285,116.4375,263,118.24,93.3221,67.3845,135
624,186.8611,26908,113.0375,263,117.15,92.7332,67.1762,144
625,189.5474,25968,113.575,281,116.9,93.2621,67.2495,137
626,189.6691,25795,114.3625,263,117.14,93.0767,67.6657,136
627,185.5762,28022,113.05,245,117.55,93.0828,67.0693,151
628,189.9037,25637,113.725,255,116.78,92.853,67.3286,135
629,187.2014,26021,115.425,247,117.1,93.0053,67.3294,139
630,186.75,27639,114.2875,262,115.96,93.6089,67.5294,148
631,186.6397,25383,114.6375,256,116.59,93.7983,67.123,136
632,187.958,26878,114.3875,260,115.84,92.9855,67.1488,143
633,189.3111,25557,113.275,264,116.35,92.4897,67.2601,135
634,187.1293,27508,113.275,251,116.17,94.1324,66.9578,147
635,185.2569,26677,114.075,243,116.81,93.0599,66.9118,144
636,188.5435,26019,114.2375,246,117.45,92.2462,66.9806,138
637,188.2252,28422,113.3,261,116.79,93.4149,67.1217,151
638,188.7372,25857,113.6625,258,116.37,92.2262,67.7543,137
639,188.0368,25573,113.3375,246,117.13,92.1968,67.5097,136
640,185.7721,25265,113.975,239,116.67,92.1758,67.0119,136
641,187.3357,26227,114.1125,246,116.39,92.1669,66.9695,140
642,185.8235,25272,113.925,243,116.91,92.799,67.4296,136
643,183.4749,32842,113.4875,249,117.84,95.1559,67.6244,179
644,187.9118,25556,114.3,246,116.84,92.2134,67.4005,136
645,188.9779,25701,115,256,117.14,93.0126,66.9929,136
646,187.9044,25555,113.2375,255,115.86,93.0156,67.0064,136
647,187.4638,25870,113.0125,250,116.5,91.6378,67.1278,138
648,186.5248,26300,113.9625,244,116.14,92.5219,67.1105,141
649,186.2746,26451,112.65,251,116.6,93.1912,66.9854,142
650,186.3077,26642,114.35,255,117.63,92.6766,67.3147,143
651,188.3015,25609,113.275,252,116.3,92.4116,67.3702,136
652,186.8394,25597,113.9875,243,116.19,91.7512,67.7298,137
653,186.0213,26229,113.625,255,116.55,90.8305,67.0569,141
654,186.6444,25197,113.075,235,116.35,91.7253,67.2077,135
655,187.4,25299,113.7375,240,116.68,91.1858,66.9419,135
656,186.7333,25209,112.2375,234,115.83,91.1003,66.989,135
657,188,25944,112.7375,250,116.44,92.5403,67.5371,138
658,186.3676,25346,113.9125,273,117.03,91.9816,66.95,136
659,184.4932,27305,113.5875,246,117.05,92.7434,67.1545,148
660,185.5417,26718,113.2875,259,116.17,92.6341,67.9281,144
661,187.3357,26227,113.675,254,116.62,92.8694,67.3756,140
662,186.7254,26515,113.1375,258,115.74,94.6592,66.9609,142
663,187.0294,25436,114,241,116.19,94.6876,67.0679,136
664,189.3094,26314,113.7375,259,116.84,94.6265,66.9819,139
665,185.1985,25187,114.8875,245,117.68,94.8381,66.5044,136
666,186.4043,26283,114.3,242,116.19,94.1939,67.5589,141
667,187.3836,27358,114.6875,255,116.8,95.4354,67.3823,146
668,188.0145,25946,113.7375,264,116.35,94.4694,67.6784,138
669,186.3431,25529,113.3,259,116.7,96.3126,67.1556,137
670,188.6207,27350,114.9875,245,117.01,96.3696,66.7783,145
671,188.2889,25419,113.4125,242,116.34,97.1497,66.0822,135
672,190.8696,26340,113.5,256,116.87,98.5491,66.2787,138
673,189.9209,26399,114.825,254,116.68,99.2234,66.8082,139
674,187.9778,25377,114.4125,249,116.76,99.4916,66.5151,135
675,188.1781,27474,114.4375,245,116.01,100.7254,65.7713,146
676,188.8201,26246,113.6375,258,115.77,100.7634,65.8202,139
677,187.6691,25523,113.425,250,116.58,100.2047,66.0865,136
678,190.1324,25858,115.1,268,116.14,99.6151,65.7913,136
679,187.8958,27057,113.3625,243,116.74,99.8373,66.3492,144
680,189.6761,26934,113.425,264,117.11,101.0744,66.2967,142
681,188.9124,25881,114.45,247,117.3,100.9045,65.7904,137
682,188.1074,28028,113.6125,249,116.61,101.9044,65.5628,149
683,192.1223,26705,115.0375,251,116.68,101.4707,65.9212,139
684,189.223,28005,115.15,254,117.71,101.6556,66.2784,148
685,189.4085,26896,114.3,276,116.51,101.1844,66.1834,142
686,192.7704,26024,114.025,272,117.19,102.8123,65.4257,135
687,188.932,27773,114.4,259,116.06,102.1349,64.9257,147
688,191.4296,27183,113.15,267,116.05,101.9465,65.8777,142
689,190.007,27171,114.275,251,116.5,102.3584,65.8249,143
690,192.6148,26003,113.6875,270,115.18,102.8064,65.3227,135
691,190.8832,26151,114.2,249,116.96,102.6967,64.7591,137
692,193.8759,26561,114.05,260,116.22,102.8855,64.9512,137
693,190.4571,26664,115.275,264,117.47,103.2092,65.9514,140
694,189.2885,29529,113.9125,256,115.63,103.007,65.1685,156
695,189.7372,29599,114.8,263,116.83,104.8575,65.0385,156
696,191.8723,27054,113.8625,267,117.36,104.2995,64.1793,141
697,191.6713,27409,113.225,259,117.49,104.1203,65.5538,143
698,189.8786,26583,114.35,261,116.75,103.1105,64.3288,140
699,190.4468,26853,113.8125,257,116.72,104.9512,64.633,141
700,190.6463,28025,113.5125,262,116.16,104.6203,64.7561,147
701,190.5586,27631,114.1625,254,116.38,105.2707,64.5556,145
702,190.5714,26680,114.7375,249,117.48,105.7914,64.0201,140
703,191.3099,27166,113.975,259,115.06,105.3525,64.4219,142
704,191.7647,26080,113.6,262,115.59,104.7364,64.8211,136
705,191.3504,26215,112.475,258,115.97,105.8535,64.2271,137
706,190.2806,26449,112.075,254,116.44,106.0042,64.2736,139
707,193.5074,26317,113.9875,267,117.48,107.1737,63.8929,136
708,193.1898,26467,112.95,279,116.73,107.7974,64.6211,137
709,191.5286,26814,115.7,257,117.5,107.0096,64.2156,140
710,189.6259,26358,113.7625,267,117.42,107.8003,63.8725,139
711,188.8261,26058,114.2125,266,116.19,106.2397,63.8339,138
712,187.1644,27326,114.1125,246,115,107.3192,64.8288,146
713,186.7919,27832,114.3625,256,116.54,107.0618,65.1855,149
714,191.5252,26622,115.6625,270,115.55,107.0886,63.3203,139
715,192.4545,27521,114.65,255,118.12,107.6011,63.8343,143
716,191.3071,26783,116.0125,252,118.07,107.2905,64.7598,140
717,190.483,28001,115.0625,255,118.75,107.289,63.829,147
718,190.6118,28973,113.6375,259,116.97,105.7759,64.2438,152
719,188.7351,28499,114.35,252,117.47,105.7814,64.0617,151
720,192.5474,26379,113.6375,268,116.58,106.0393,63.7811,137
721,191.6715,26259,112.925,257,115.84,105.4915,64.3874,137
722,193.3165,26871,114.5,255,117.19,104.9081,64.1851,139
723,189.6831,26935,114.95,259,115.62,105.084,64.7414,142
724,189.6434,27119,113.4875,255,116.89,104.3248,64.4086,143
725,191.5,26427,114.0125,250,116.9,104.217,64.283,138
726,190,27170,112.5125,296,116.66,103.7463,65.0782,143
727,190.0926,30795,115.0125,253,117.2,105.3758,65.1607,162
728,192.2785,30380,114.575,284,116.9,104.2216,64.4339,158
729,195.0145,26912,112.85,274,116.03,104.5227,63.9663,138
730,193.2632,29376,114.3375,299,115.86,104.3075,64.6985,152
731,194.8832,26699,113.8,279,116.63,104.0225,64.5685,137
732,195.1971,26742,112.9875,268,116.46,103.927,64.6999,137
733,194.7887,27660,113.9125,275,117.34,104.2247,64.6127,142
734,200.2941,27240,114.1375,259,117.56,104.201,64.7275,136
735,198.2,29730,114.325,287,116.36,104.531,64.8733,150
736,203.8759,27931,114.7,305,117.67,104.6399,64.267,137
737,203.844,28742,114.425,289,116.78,104.1521,64.4428,141
738,203,27811,112.7875,285,117.24,104.6264,64.2433,137
739,204.087,28164,114.2375,290,117.02,104.5919,64.1461,138
740,201.9209,28067,114.25,308,117.78,104.2771,64.0625,139
741,201.8936,28467,113.925,285,116.67,105.2439,64.3725,141
742,201.9714,28276,114.125,310,116.61,105.061,63.7054,140
743,201.3556,27183,113.6375,284,114.98,104.2179,64.327,135
744,202.2868,27511,114.1375,293,117.73,104.3708,64.6345,136
745,201.0074,27337,113.1625,292,116.92,104.9673,63.7496,136
746,202.5662,27549,115.3375,299,115.39,105.7094,63.9668,136
747,200.9353,27930,115.4625,271,119.65,105.2913,63.8545,139
748,200.637,27086,114.95,282,115.95,105.4665,64.4427,135
749,200.6214,28087,114.7,275,117.66,105.7754,63.51,140
750,200.7754,27707,113.95,277,116.22,105.3299,63.699,138
751,200.1538,28622,114.7,277,117.56,105.3946,64.5895,143
752,196.5434,34002,114.45,274,116.75,108.6736,63.5612,173
753,200.9927,27536,113.5125,288,117.58,106.0954,64.1794,137
754,199.4483,28920,114.4375,284,117.4,106.5869,63.3977,145
755,201.7299,27637,113.2125,268,117.34,107.025,63.3159,137
756,203.4,29493,115.0125,295,116.93,107.8104,63.1946,145
757,204.8699,29911,115.875,269,116.56,107.6459,63.4209,146
758,205.029,28294,113.4625,270,116.81,107.3671,63.326,138
759,203.413,28071,114.175,266,116.75,106.7348,63.7188,138
760,203.6,28504,114.8375,275,117.09,106.49,63.3308,140
761,202.0276,29294,114.425,254,117.3,110.1811,62.7286,145
762,202.2206,27502,114.175,264,117.27,107.2393,63.7004,136
763,200.9396,29940,114.8375,271,117.53,107.7816,63.5571,149
764,202.6494,31208,114.8625,273,117.63,109.1513,63.6108,154
765,201.9026,31093,114.875,263,117.31,108.5818,63.748,154
766,202.3287,28933,114.1625,263,117.46,107.5188,62.9193,143
767,204.6857,28656,115.6875,266,118.7,107.4643,63.5244,140
768,201.7143,33888,114,265,118.12,110.7633,62.9985,168
769,202.4357,28341,113.7125,267,118.25,108.4088,63.2952,140
770,201.3353,34227,114.8375,263,115.87,110.5864,63.025,170
771,200.7101,27698,114.325,247,116.5,108.1526,62.4909,138
772,200.5221,27271,114.375,260,117.68,107.2823,63.7364,136
773,200.35,28049,115.0375,270,116.58,107.5882,63.9166,140
774,200.8529,27316,113.975,254,116.51,107.6638,63.034,136
775,198.75,29415,113.375,269,117.8,107.3483,63.4923,148
776,199.142,32261,115.5,255,117.33,110.2024,62.8575,162
777,199.65,27951,113.2875,262,117.66,106.8944,63.6236,140
778,200.5286,28074,115.25,268,118.2,106.336,63.5573,140
779,204.0667,27549,114.7625,280,116.59,106.7672,64.0165,135
780,203.5474,27886,114.0875,274,116.57,105.7993,63.9194,137
781,203.2394,28860,114.0375,276,115.83,105.3314,64.3913,142
782,205.1127,29126,115.5125,280,118.08,105.7973,63.7236,142
783,209.6204,28718,114.8625,277,116.48,105.4202,63.9319,137
784,209.4255,29529,114.7375,287,117.3,104.2076,64.5501,141
785,209.1438,33463,113.825,289,117.54,106.4757,63.8231,160
786,210.5986,30958,113.6875,302,117.05,104.7363,63.9522,147
787,215.6496,29544,114.8125,317,117,104.0133,64.5438,137
788,220.6176,30004,113.2125,304,116.55,104.4126,64.1932,136
789,218.9855,30220,113.2625,314,117.56,103.7425,64.4546,138
790,223.4444,30165,115.0375,309,118.65,103.8577,64.7226,135
791,221,30277,114.1125,335,117.68,102.9663,64.9834,137
792,219.8803,31223,115.225,326,117.66,102.6834,64.6981,142
793,222.0147,30194,113.0875,326,116.66,101.5272,64.8162,136
794,216.0473,36512,113.6375,330,117.84,104.0607,64.5149,169
795,222.5852,30049,113.1875,322,118.17,101.305,65.2447,135
796,215.5226,33406,113.525,321,117.45,102.5549,64.7227,155
797,218.8296,29542,114.2125,323,117.71,100.3653,65.2845,135
798,219.2,29592,115.25,307,118.26,99.9697,65.4779,135
799,211.8933,37717,113.8,323,117.86,103.3177,65.239,178
800,212.6796,38495,114.6375,339,117.4,103.755,65.5189,181
801,220.0956,29933,114.4375,322,115.86,100.1773,65.4871,136
802,217.2409,29762,112.8375,314,117.42,99.3826,65.451,137
803,213.3393,35841,114.0375,315,116.67,102.0859,65.7431,168
804,213.4964,29676,114.125,330,117.8,99.6109,65.9481,139
805,211.8392,30293,112.7375,317,116.41,100.754,65.5686,143
806,208.2449,30612,114.475,313,117.23,99.133,65.9153,147
807,209.3456,28471,114.9625,309,117.13,98.4571,66.2885,136
808,208.3768,28756,113.325,307,116.11,98.1525,65.9127,138
809,207.6643,29696,113.525,303,117.42,99.2261,65.8492,143
810,207.7333,28044,113.45,290,116.95,97.578,66.358,135
811,208.0662,28297,115.425,315,116.61,97.6556,66.1261,136
812,206.777,28742,113.9625,301,116.36,97.3383,66.1927,139
813,207.1985,28179,114.3,294,117.12,97.8079,66.2546,136
814,204.6597,29471,114.2,304,115.68,97.4334,66.6037,144
815,203.0471,34518,113.4,294,117.4,99.2395,66.5611,170
816,207.0511,28366,113.95,286,116.52,97.069,66.4186,137
817,204.4565,28215,113.475,302,117.57,96.0817,66.7458,138
818,204.5182,28019,113.625,295,116.42,96.5608,66.2829,137
819,205.7647,27984,113.0125,310,115.7,96.3054,66.44,136
820,211.4118,28752,114.55,290,117.28,95.896,66.9488,136
821,210.7203,30133,112.6125,301,116.07,95.4355,67.2437,143
822,211.4071,29597,113.7875,309,116.6,94.851,67.3575,140
823,210.242,33008,113.7,319,115.68,95.3103,67.1716,157
824,213.9191,29093,113.475,315,116.03,94.3191,66.9293,136
825,216.637,29246,113.9125,303,116.64,93.7061,67.0618,135
826,214.7357,30063,113.9125,318,115.63,94.1035,67.193,140
827,217.1765,29536,113.925,326,116.4,93.2417,67.1905,136
828,219.7704,29669,114.675,325,116.23,92.6279,66.9428,135
829,221.4338,30115,112.675,325,117,93.1829,67.099,136
830,220.6985,30015,114.1875,340,116.66,92.7067,67.1606,136
831,218.9726,31970,113.4125,356,115.64,92.8875,66.8813,146
832,218.8138,31728,113.8,318,116.94,93.0005,66.89,145
833,221.5407,29908,113.8875,320,115.53,92.7828,67.1513,135
834,221.4088,30333,113.9,345,115.99,92.7975,66.4732,137
835,218.9778,29562,114.2875,330,116.78,92.8923,66.7126,135
836,219.7956,30112,113.3875,319,115.98,93.556,67.1121,137
837,218.9489,29996,112.8125,319,115.8,92.4694,67.1147,137
838,218.8043,30195,113.1625,318,116.13,92.8333,67.2662,138
839,218.146,29886,113.3625,340,116.57,93.6013,66.9453,137
840,214.6594,29623,113.3,348,115.71,93.3158,66.4346,138
841,214.4058,29588,113.2875,313,116,94.0199,66.8204,138
842,215.2101,29699,113.35,321,115.78,93.9621,66.6567,138
843,213.5839,29261,113.325,300,116.47,94.5775,66.5266,137
844,208.8357,29237,113.1,289,116.9,96.009,65.6601,140
845,205.3493,29981,113.8875,313,117.02,97.1566,65.7188,146
846,208.1329,29763,114.9375,303,118.18,97.1324,65.7965,143
847,206.4632,28079,112.7,282,117.25,97.1076,65.5859,136
848,204.5217,28224,113.525,300,116.22,96.311,66.5517,138
849,204.0956,27757,114.6625,308,116.84,96.0412,65.8004,136
850,202.9493,28007,112.9625,289,116.65,96.4561,65.9518,138
851,203.1014,28028,113.5125,283,116.45,96.5979,65.7193,138
852,202.4,28336,113.425,286,117.11,95.8853,66.5913,140
853,203.0735,27618,113.85,303,117.43,95.8338,66.0701,136
854,198.3066,27168,115.4375,274,116.48,95.7807,66.1852,137
855,198.5588,27004,113.5875,272,116.78,95.4326,66.0827,136
856,197.8963,26716,113.85,289,116.37,95.3819,66.6333,135
857,197.3382,26838,114.425,275,116.47,94.1302,66.4193,136
858,197.8593,26711,112.7,275,116.48,95.0069,66.1634,135
859,195.854,26832,113.1,274,115.2,94.4454,66.3804,137
860,198.5396,27597,113.5875,280,116.39,94.8343,66.438,139
861,196.4286,27500,112.9125,280,115.84,93.9235,66.5485,140
862,196.9556,26589,113.15,265,115.45,93.2563,66.9191,135
863,195.705,27203,113.675,275,116.86,94.3217,66.4342,139
864,192.9062,30865,114.2125,281,117.73,95.3123,66.4384,160
865,195.9348,27039,113.35,263,117.59,93.6569,66.4897,138
866,195.2734,27143,113.3375,262,116.57,92.1564,66.9436,139
867,191.4941,32554,112.9875,290,116.81,94.3078,66.3267,170
868,193.2254,27438,112.6375,289,116.54,92.2398,67.165,142
869,192.6892,28518,112.3875,275,116.94,92.8911,67.6481,148
870,191.0438,26173,113.7125,254,115.53,92.0898,66.6401,137
871,188.1151,26148,114.15,259,116.56,91.1015,66.5354,139
872,189.0935,26284,112.85,265,117.27,91.1197,67.0135,139
873,188.4178,27509,112.85,247,117.89,91.68,67.0526,146
874,187.3261,25851,113.4,256,116.8,90.7075,67.6478,138
875,185.7325,29160,113.9875,268,116.81,92.9962,66.9305,157
876,187.8088,25542,113.2625,248,116.1,90.8467,67.0228,136
877,184.8782,28841,114,248,116.33,92.0277,67.4216,156
878,188.8071,26433,114.65,247,116.06,90.9218,67.3933,140
879,185.5745,26166,113.4375,253,117.41,90.7284,67.525,141
880,185.949,29194,114.95,242,117.34,91.3268,68.0992,157
881,185.4593,25037,115.2125,261,118.37,89.8586,67.294,135
882,183.5183,30097,113.2625,247,116.93,92.2158,67.2701,164
883,182.9704,30922,113.9625,255,117.68,89.1283,67.5118,169
884,185.1812,25555,112.65,255,115.42,90.591,67.2702,138
885,186.2517,27379,112.9,255,115.8,92.3877,66.7397,147
886,184.4245,25635,112.8,245,117.77,90.085,67.9986,139
887,183.7518,25174,113.2625,239,116.25,89.4736,67.0627,137
888,185.4485,25221,113.025,248,116.04,89.7736,67.7727,136
889,185.0267,27754,113.2375,259,116.73,88.6047,68.2013,150
890,182.7647,24856,113.1125,258,117.41,89.7462,67.7486,136
891,183.6739,25347,113.975,241,116.55,88.7998,67.9308,138
892,183.42,27513,113.625,256,116.8,88.8377,67.5489,150
893,184.9124,25333,113.175,234,117.9,88.6516,68.0571,137
894,183.8188,27389,113.45,260,115.88,88.849,67.5907,149
895,183.3088,24930,112.6125,233,116.09,88.0525,67.8807,136
896,182.8699,26699,113.6875,243,117.18,89.6743,67.6213,146
897,185.8921,25839,112.975,253,116.27,89.1209,68.2364,139
898,183.7987,27386,113.0875,257,116.66,88.1339,68.011,149
899,183.3714,25672,112.35,228,116.9,88.4196,67.8512,140
900,182.5827,25379,112.8875,253,116.12,88.0492,68.0278,139
901,181.8897,24737,112.5375,251,116.01,88.1511,67.6213,136
902,181.3493,26477,113.475,234,116,88.1805,68.6653,146
903,181.6547,25250,113.0375,241,116.28,87.4276,68.4686,139
904,182.087,25128,112.35,233,117.67,88.3692,67.4245,138
905,180.972,25879,112.7,239,116.16,87.6722,68.0696,143
906,182.4815,24635,113.6375,250,116.13,86.9184,68.3059,135
907,181.4895,25953,112.1375,250,116.28,87.816,67.8317,143
908,183.1778,24729,111.7375,237,116.63,87.8454,68.0757,135
909,178.3895,30683,113.625,238,116.85,88.6956,67.7919,172
910,180.6294,25830,112.9,234,115.97,87.3175,68.0802,143
911,183.9051,25195,112.1125,251,117.11,87.6895,68.3909,137
912,182.3741,25350,112.65,237,115.89,86.5441,68.3857,139
913,181.3309,24661,113.3125,245,116.67,86.8686,67.9963,136
914,181.7448,26353,112.0375,243,116.46,86.7866,68.2679,145
915,182.1223,25315,112.425,250,116.13,86.5925,68.1478,139
916,182.226,26605,113.95,251,116.13,85.5369,68.644,146
917,180.36,27054,112.525,243,116.26,86.3094,68.736,150
918,180.0208,25923,111.9125,231,115.51,86.9073,69.8013,144
919,182.3776,26080,113.25,226,116.62,86.5195,68.3007,143
920,180.8912,26591,112.6125,234,116.09,86.4624,68.118,147
921,181.8102,24908,112.5875,238,115.09,86.4568,68.3285,137
922,180.0316,28445,113.125,233,115.92,86.9422,68.3067,158
923,183.8714,25742,112.9875,244,115.69,86.6433,68.3117,140
924,182.3958,26265,112.7125,247,116.15,86.0853,68.7369,144
925,184.0444,24846,112.35,244,115.73,85.7994,68.6866,135
926,183.4514,26417,112.8875,259,116.91,86.7301,68.4624,144
927,184.5037,24908,113.05,257,116.01,85.3902,67.1944,135
928,184.2132,25053,112.8875,233,115.44,86.7264,68.6212,136
929,182.6345,26482,112.1625,245,115.79,86.9881,68.6835,145
930,183.635,25158,111.8125,254,116.35,86.3506,68.1784,137
931,180.3108,26686,112.9375,232,115.47,85.7932,68.7914,148
932,181.8613,24915,111.975,228,115.99,85.4225,68.5285,137
933,184.3571,25810,112.9125,244,114.63,86.9585,68.4971,140
934,182.8571,25600,113.8125,229,116.14,85.4621,68.3428,140
935,184.1571,25782,112.6875,247,116.23,86.8148,68.3106,140
936,180.4028,25978,112.85,234,115.85,86.2743,69.2129,144
937,182.1168,24950,114.05,233,115.33,85.9737,68.8462,137
938,182.2409,24967,113.9,232,116.66,86.9223,68.9031,137
939,178.9864,26311,113.7375,257,114.83,86.3376,68.8438,147
940,179.3922,27447,113.7125,244,115.51,89.6235,68.4408,153
941,182.1544,24773,113.7375,247,116.23,85.8941,68.8697,136
942,180.7883,24768,112.8375,236,116.8,85.6079,68.8844,137
943,180.5915,25644,113.3,229,116.46,85.1599,69.2656,142
944,179.589,26220,113.8125,227,115.41,87.2096,68.5055,146
945,180.8741,25865,112.6,236,116.66,85.448,68.9601,143
946,180.4615,25806,112.85,226,116.47,86.0155,68.5735,143
947,181.6312,25610,114.3625,236,117.14,85.291,68.3399,141
948,179.3176,26539,113.475,255,115.57,86.2821,69.4169,148
949,180.1985,24507,113.225,235,115.82,86.5271,68.8994,136
950,180.2815,24338,113.45,260,115.54,86.4302,68.6573,135
951,175.9947,33087,112.4875,250,115.02,90.6453,67.952,188
952,181.2887,25743,112.8375,229,115.37,87.212,68.2044,142
953,181.3429,25388,114.6,248,117.37,88.0657,67.9092,140
954,179.8444,24279,113.5625,233,116.37,88.6148,67.9719,135
955,182.0071,25663,112.3875,249,114.32,89.7935,67.9709,141
956,179.4056,25655,114.8375,239,114.77,89.0331,68.0901,143
957,180.3571,25250,113.0875,243,115.83,90.4402,67.7028,140
958,176.6258,27377,112.6125,242,115.41,91.9796,67.7517,155
959,177.5688,28411,112.8375,235,115.9,92.1512,67.8898,160
960,182.8686,25053,112.4375,251,115.31,93.5836,66.9941,137
961,180.3544,28496,111.7375,276,115.23,96.2258,66.7409,158
962,180.1373,27561,113.8125,251,116.02,95.7986,66.6091,153
963,181.3022,25201,112.35,224,114.33,96.4089,66.4833,139
964,184.4963,24907,112.45,244,116.14,97.4861,66.705,135
965,180.0987,27375,113.4625,258,115.37,95.6379,67.4496,152
966,180.7609,24945,113.4625,235,115.49,96.9215,66.1304,138
967,183.2132,24917,112.4875,245,116.73,97.2737,66.2196,136
968,183.5612,25515,112.525,240,115.82,96.5022,66.5912,139
969,181.9586,26384,112.775,246,115.55,97.5629,66.7619,145
970,185.8235,25272,115.8875,255,116.21,96.8056,66.5123,136
971,179.4969,28899,113.275,252,115.8,94.6268,67.6462,161
972,183.7333,24804,112.4375,257,116.47,97.9979,66.9299,135
973,182.4928,25184,112.4375,254,115.66,97.2264,66.5932,138
974,183.8201,25551,112.0125,235,115.71,96.665,66.6275,139
975,182.844,25781,113.6875,260,114.95,96.8375,66.8648,141
976,184.9281,25705,113.275,238,114.45,97.2633,67.2242,139
977,184.1268,26146,113.35,245,116.47,96.993,67.3427,142
978,183.766,25911,113.6125,255,116.23,97.7677,67.0153,141
979,186.0735,25306,112.75,245,115.07,98.4563,66.6191,136
980,183.0134,27269,113.7625,249,115.67,98.9066,66.3685,149
981,185.2703,27420,113.7125,244,114.97,99.9276,66.3559,148
982,186.9375,26919,115.1,281,116.79,99.4616,67.6514,144
983,185.2517,27232,113.9875,244,115.76,99.705,66.9683,147
984,186.2929,26081,113.3,279,116.52,98.2823,66.0553,140
985,188.8832,25877,113.1125,248,116.71,100.1871,65.716,137
986,187.951,26877,113.45,252,116.4,99.9439,66.8379,143
987,190.4088,26086,114.25,264,116.05,100.2209,66.0047,137
988,189.1176,25720,114.45,269,116.48,99.5858,65.7443,136
989,192.9708,26437,113.425,247,115.06,100.0343,67.5039,137
990,192.413,26553,114.575,262,115.67,99.9826,66.5301,138
991,189.4384,27658,113.275,263,116.17,99.5695,67.1378,146
992,191.2609,26394,114.3875,270,115.14,100.2,65.6717,138
993,192.1606,26326,114.55,273,116.5,100.3085,65.6138,137
994,191.0426,26937,113.3875,284,115.73,99.8164,65.5981,141
995,191.3162,26019,113.225,249,116.43,100.2034,66.42,136
996,189.781,26000,112.35,251,114.5,100.53,66.7198,137
997,189.5662,25781,114.225,253,116.54,100.2958,65.6211,136
998,190.4167,27420,113.375,255,116.16,100.0953,67.0066,144
999,186.9801,28234,114.3625,248,116.32,100.8389,65.5021,151
1000,189.25,25738,113.775,262,116.1,99.8514,66.2524,136
1001,190.1399,27190,114.6875,261,116.87,99.3896,66.2743,143
1002,191.5809,26055,113.325,279,115.75,99.5927,66.6995,136
1003,187.5764,27011,114.3,253,115.71,99.1497,66.4595,144
1004,189.1691,25727,114.45,253,115.86,98.7292,66.2342,136
1005,188.125,27090,113.5125,268,116.23,98.4133,66.3751,144
1006,189.3878,27840,114.0875,260,116.53,98.1898,66.5651,147
1007,190.3309,25885,114.3125,265,116.6,98.5641,66.1396,136
1008,191.2574,26011,113.6625,256,116.23,98.3902,66.2485,136
1009,189.2,25542,113.175,259,115.72,99.2011,66.6056,135
1010,192.3015,26153,114.3125,251,116.69,99.125,66.7987,136
1011,192.8759,26424,114.2625,271,116.25,98.2382,66.7654,137
1012,186.1557,31088,112.15,276,116.1,100.5127,66.3361,167
1013,189.8936,26775,113.3125,256,116.19,99.0361,66.2409,141
1014,187.7899,25915,113.3375,269,115.67,98.5331,66.8226,138
1015,189.4783,26148,112.6375,271,115.05,98.785,66.2496,138
1016,193.0214,27023,112.7875,262,115.06,100.0826,66.2204,140
1017,190.3472,27410,114.8125,268,116.48,99.374,66.4853,144
1018,190.6,25731,113.2,265,116.98,99.7325,66.2911,135
1019,192.4191,26169,112.65,271,115.66,100.2633,66.5272,136
1020,190.3776,27224,113.975,260,117.32,100.0166,66.7025,143
1021,190.2695,26828,114,260,116.31,99.6422,65.8394,141
1022,190.1361,27950,113.575,263,116.38,100.599,66.6307,147
1023,191.2734,26587,114.4125,256,116.55,100.5003,66.1243,139
1024,188.1197,26713,112.5875,270,115.85,100.3907,66.1061,142
1025,188.0657,25765,115.3125,245,116.53,100.3923,66.6903,137
1026,188.3841,25997,113.3125,239,115.5,100.7966,66.84,138
1027,187.4786,26247,114.325,251,116.64,101.2437,66.301,140
1028,185.7353,25260,113.175,256,115.6,101.6347,66.6208,136
1029,187.1314,25637,112.975,243,115.47,101.499,66.2432,137
1030,184.366,28208,112.7875,251,115.68,102.2247,65.9697,153
1031,184.239,29294,112.55,256,116.12,101.7453,66.5408,159
1032,188.7554,26237,114.05,255,116.75,101.7582,67.1511,139
1033,186.6224,26687,114,264,115.96,101.8417,66.3294,143
1034,185.2465,26305,114.75,252,116.24,101.267,65.6259,142
1035,184.731,26786,113.7375,261,115.59,102.7396,66.6905,145
1036,184.6216,27324,114.125,252,115.48,103.021,66.7355,148
1037,181.1412,32062,113.875,247,115.79,104.6152,66.5069,177
1038,185.7868,25267,114.7625,253,116.64,101.9624,66.6561,136
1039,185.2282,27599,114.05,250,116.68,101.5746,66.1155,149
1040,187.4429,26242,114.9625,264,116.15,101.6117,66.3546,140
1041,188.4,25434,115.8,249,117.33,102.0789,66.6568,135
1042,183.551,26982,113.2625,246,115.1,101.5838,66.5389,147
1043,187.1942,26020,114.8625,251,116.98,102.4707,66.4075,139
1044,187.0515,25439,113,242,115.03,101.6405,66.0512,136
1045,181.84,27276,114.1375,249,114.8,100.6103,66.2402,150
1046,187.9424,26124,114.9875,270,117.13,102.0313,65.7666,139
1047,183.0414,26541,113.05,237,114.6,100.641,66.8193,145
1048,183.7279,27008,114.15,252,116.7,101.1995,66.3001,147
1049,184.2847,25247,113.3,245,116.79,101.5806,66.6068,137
1050,187.3577,25668,113.75,254,116.27,101.6328,66.2556,137
1051,186.3015,25337,113.8,244,116.24,101.3138,66.4321,136
1052,184.3197,27095,113.775,241,116.71,102.0512,66.6886,147
1053,184.5211,26202,113.625,257,116.22,101.2162,66.364,142
1054,187.2222,25275,113.5125,245,115.58,101.9835,66.5718,135
1055,184.9111,24963,114.0625,231,116.25,101.9149,66.3874,135
1056,185.6331,25803,114.3375,283,115.76,101.3007,67.2624,139
1057,185.3043,25572,114.3375,248,115.92,102.0059,67.0162,138
1058,185.763,25078,115.175,240,116.29,101.113,66.6564,135
1059,187.1,26194,114.225,254,115.21,100.6122,66.7443,140
1060,184.3241,26727,113.825,245,115.55,101.7185,66.9874,145
1061,186.2444,25143,114.05,250,116.22,101.1271,66.4663,135
1062,186.1912,25322,113.5,254,115.38,101.4567,66.6859,136
1063,187.8467,25735,115.125,276,117.66,101.2165,67.0711,137
1064,186.4559,25358,113.925,248,116.8,100.94,65.9863,136
1065,182.9932,26717,114.2625,244,115.94,100.2466,66.0134,146
1066,187.5111,25314,114.65,262,115.99,100.6433,66.6679,135
1067,186.6838,25389,113.65,252,116.26,100.0346,66.7697,136
1068,187.7518,25722,113.8625,258,117.03,100.3081,66.5933,137
1069,183.72,27558,114.3375,253,115.72,100.6381,67.0888,150
1070,184.7877,26979,113.8375,243,115.97,100.3227,66.4609,146
1071,181.3483,32280,114.6125,253,116.81,100.6104,67.4726,178
1072,185.2941,25200,113.5875,254,115.38,100.0614,66.3998,136
1073,184.0616,26873,113.6625,253,115.77,102.1852,67.2473,146
1074,184.75,25126,113.8375,235,116.5,100.2002,67.0621,136
1075,185.7647,25264,113.0125,253,115.85,101.9514,66.4914,136
1076,184.3333,25438,113.2375,266,115.84,100.9482,66.9746,138
1077,182.4203,25174,114.1375,251,116.43,100.9787,67.0818,138
1078,185.5,25228,114.0125,256,117.21,100.7758,67.4889,136
1079,183.9865,27230,113.95,234,115.64,101.9105,67.1706,148
1080,185.0791,25726,115.325,259,116.12,101.7388,66.6313,139
1081,185.9014,26398,114.5125,253,116.12,101.4728,66.5682,142
1082,184.6187,25662,112.9,246,115.66,101.9638,66.5046,139
1083,183.8676,25006,114.2625,242,115.09,101.2556,66.8424,136
1084,183.3522,29153,115.35,258,118.22,102.2816,66.6086,159
1085,185.05,25907,112.9375,239,115.55,101.0655,66.8001,140
1086,183.338,26034,114.3625,256,114.84,101.0694,65.684,142
1087,184.0748,27059,113.0375,252,114.56,101.3999,67.2868,147
1088,185.4681,26151,114.225,252,114.97,101.3645,66.6575,141
1089,184.0452,28527,114.4625,244,116.25,103.3022,66.3968,155
1090,182.4126,26085,113.95,244,116.05,101.8954,66.2433,143
1091,186.1049,26613,113.425,246,116.33,102.3139,66.5221,143
1092,184.0735,25034,113.8125,255,116.11,102.3472,66.4646,136
1093,186.0074,25111,114.275,241,116.23,102.5082,66.3979,135
1094,185.2671,27049,114.85,244,115.62,102.2827,66.6727,146
1095,185.6519,25063,113.925,249,115.31,102.0853,66.3311,135
1096,184.9034,26811,114.775,257,116.21,102.2361,65.9295,145
1097,185.9778,25107,113.05,242,115.68,102.9494,65.6439,135
1098,183.8905,25193,113.0375,242,116.09,102.7361,66.2381,137
1099,184.5282,26203,113.475,260,115.47,103.4163,66.0025,142
1100,185.7333,25074,114.6875,267,116.74,102.5336,65.886,135
1101,186.4058,25724,113.3125,247,115.26,103.2535,66.3242,138
1102,185.0909,26468,113.75,254,115.14,103.5261,67.0035,143
1103,184.9,29584,115.275,256,115.13,103.4856,66.281,160
1104,185.5693,25423,113.825,252,115.07,103.0904,65.9658,137
1105,187.6296,25330,113.6,267,114.76,102.5056,65.804,135
1106,187.0217,25809,115.2375,250,116.91,103.3747,66.3419,138
1107,185.4101,25772,114.1875,271,115.33,102.693,65.9962,139
1108,186.8551,25786,113.375,263,116.26,102.8687,66.1735,138
1109,185.0638,26094,113.875,248,115.22,102.8305,66.2794,141
1110,183.5988,29743,115.3375,244,115.83,104.2618,66.1273,162
1111,185.5957,26169,115.225,260,116.62,102.8219,66.9572,141
1112,183.9,27585,112.525,236,114.33,103.7541,65.3861,150
1113,187.5652,25884,114.55,241,116.93,102.9776,65.7476,138
1114,183.7883,25179,113.25,245,115.52,102.5906,65.5563,137
1115,185.4044,25215,112.8375,245,115.11,103.0728,66.2665,136
1116,186.669,26507,114.075,249,115.85,102.6947,66.706,142
1117,184.6414,26773,114.25,257,115.82,101.9379,65.5289,145
1118,185.7857,26010,112.725,240,116.86,102.2455,66.5082,140
1119,185.255,27603,113.575,234,116.62,102.2425,66.466,149
1120,184.8699,26991,114.375,246,115.77,102.5964,66.6908,146
1121,185.3165,25759,114.625,255,116.43,101.7999,66.2623,139
1122,186.5036,25551,114.375,254,115.55,101.1723,66.9741,137
1123,188.6815,25472,114.35,254,117.01,101.3958,66.7922,135
1124,187.4897,27186,114.5875,250,115.85,100.4471,67.1539,145
1125,185.3973,27068,113.2625,248,115.65,100.6297,67.2275,146
1126,187.2741,25282,113.9125,253,116.04,100.6208,65.9309,135
1127,188.1407,25399,113.2625,250,115.81,99.682,66.3786,135
1128,188.2676,26734,113.35,241,116.04,99.7483,66.3862,142
1129,190.0588,25848,113.675,254,116.08,99.9486,66.3791,136
1130,189.1223,26288,113.8,273,116.8,99.7841,66.3552,139
1131,190.437,25709,114.0875,252,115.37,98.8679,66.8532,135
1132,187.9241,27249,113.675,289,115.38,99.5032,66.4327,145
1133,189.4577,26903,114.1125,262,115.57,99.8941,67.0883,142
1134,189.9189,28108,113.7375,251,116.22,99.4478,66.5727,148
1135,192.587,26577,113.1375,286,116.49,99.2711,66.0312,138
1136,188.8377,29081,113.5625,255,115.5,99.3933,66.4261,154
1137,191.8561,26668,113.3375,262,114.89,97.516,66.374,139
1138,194.4191,26441,113.3625,267,114.71,98.5959,67.2609,136
1139,192.6741,26011,113.25,255,115.59,98.5607,66.3359,135
1140,192.1304,26514,113.425,272,115.67,98.5385,66.2283,138
1141,190.5102,28005,114.5125,258,116.18,98.6537,66.366,147
1142,192.2837,27112,113.9375,254,116.32,98.3408,66.5599,141
1143,192.9781,26438,113.275,258,115.27,98.769,66.6182,137
1144,190.5429,26676,113.2,264,114.47,97.8972,67.1439,140
1145,188.3767,27503,114.8875,252,116.63,98.4312,66.9591,146
1146,191.8705,26670,111.975,286,115.79,97.7705,67.2175,139
1147,191.7518,27037,113.675,269,115.41,98.4997,67.0177,141
1148,190.3857,26654,114.6875,253,115.79,97.7676,67.3674,140
1149,190.5111,25719,113.4625,258,115.08,97.9107,67.1496,135
1150,189.9343,26021,112.925,269,115.43,98.0617,67.2467,137
1151,187.5286,26254,114.6125,260,115.66,97.3908,66.8553,140
1152,187.6389,27020,113.5375,257,116.46,97.1891,67.0798,144
1153,183.5563,27717,111.8125,252,115.1,97.8084,66.9805,151
1154,186.2429,26074,112.3125,248,115.69,96.5711,67.5257,140
1155,183.5166,27711,113.0375,247,115.4,96.9756,66.5543,151
1156,187.471,25871,112.4875,259,115.21,96.9689,67.2003,138
1157,182.7419,28325,113.425,253,115.25,97.2929,66.8927,155
1158,186.8905,25604,113.2125,241,117.28,97.5876,66.3459,137
1159,185.1528,26662,112.5625,261,115.75,97.0641,67.5498,144
1160,184.9728,27191,114.1875,249,116.02,96.3594,67.8933,147
1161,186.4565,25731,112.6875,277,115.85,97.3801,67.0875,138
1162,185.1786,25925,113.1875,258,115.53,96.6663,67.0472,140
1163,185.5524,26534,113.0625,253,114.96,97.6397,66.7672,143
1164,186.1618,25318,112.375,247,115.82,98.0011,67.0143,136
1165,186.7794,25402,113.675,252,115.72,97.2783,67.1034,136
1166,187.5957,26451,113.4875,272,116.17,97.5093,66.8511,141
1167,187.8676,25550,113.925,254,115.66,98.098,66.6629,136
1168,187.1736,26953,113.175,258,115.08,98.8399,67.3281,144
1169,188.5915,26780,113.8,268,115.12,97.5337,66.7423,142
1170,190.1314,26048,112.8625,255,115.95,97.4576,67.4547,137
1171,188.2899,25984,114.55,260,116.62,97.8776,67.1235,138
1172,188.4964,26201,113.125,276,115.29,97.1546,67.2413,139
1173,188.7943,26620,113,245,116.06,97.1095,67.4511,141
1174,189.8963,25636,113.8375,285,114.78,97.1738,66.8744,135
1175,191.3037,25826,113.5375,270,116.67,97.1429,67.4186,135
1176,190.2222,27392,113.05,264,115.3,96.9965,67.0254,144
1177,189.5362,26156,114.4125,248,116.12,97.4707,67.2085,138
1178,189,26460,114.125,263,117.72,97.2868,67.4265,140
1179,189.0638,26658,113.1,258,114.2,97.0659,67.0385,141
1180,191.705,26647,114.475,271,117.07,97.4288,67.2462,139
1181,189.1111,25530,113.7875,275,116.15,96.7563,67.3484,135
1182,188.8966,27390,112.6,275,114.92,96.5835,68.3309,145
1183,190.2867,27211,112.35,271,114.92,96.946,67.2725,143
1184,189.2933,28394,112.95,260,115.84,99.006,66.8523,150
1185,190.4926,25907,114.1375,254,115.9,96.6458,66.5997,136
1186,193.0662,26257,112.2125,268,115.83,97.0034,67.5347,136
1187,193.6739,26727,113.0625,270,114.9,97.1817,67.865,138
1188,191.5221,26047,112.9625,256,114.84,96.6216,66.7466,136
1189,192.8767,28160,113.5375,267,115.76,96.725,67.6162,146
1190,192.0714,26890,113.5125,264,116.37,96.5336,67.9764,140
1191,193.0074,26249,112.175,260,115.69,97.3487,67.7519,136
1192,193.9556,26184,114.0375,257,114.85,96.4086,67.6564,135
1193,194.6643,27253,113.5375,273,114.79,96.5579,67.1724,140
1194,194.1304,26790,112.6,258,115.61,95.8039,68.018,138
1195,191.3007,27356,114.7,271,116.46,97.0459,68.0051,143
1196,192.8058,26800,112.2875,262,114.93,96.0667,67.3097,139
1197,194.7338,27068,113.1125,272,114.63,95.6968,67.215,139
1198,192.7974,29498,113.625,265,114.5,96.2643,67.7251,153
1199,192.9265,26238,113.0625,280,114.7,95.5683,67.7283,136
1200,193.4476,27663,113.7375,255,115.64,95.7952,67.4842,143
1201,192.5035,27143,112.6625,274,115.67,95.8131,67.1281,141
1202,187.4655,32619,113.075,254,115.31,97.2108,67.4005,174
1203,191.0875,30574,113.15,276,115.76,96.9589,66.8643,160
1204,192.2941,26152,112.8875,282,115.79,94.4402,67.7088,136
1205,191.6528,27598,113.3,273,115.69,95.0012,67.7118,144
1206,189.3309,25749,113.925,258,116.4,94.0256,66.7154,136
1207,190.4113,26848,112.9625,265,115.24,93.9892,67.7985,141
1208,191.1926,25811,112.8375,297,115.31,93.9074,67.6699,135
1209,190.6547,26501,113.1125,280,116.52,93.9644,68.1331,139
1210,190.3259,25694,113.7125,275,116.1,93.5993,68.5504,135
1211,191.7868,26083,112.275,280,115.8,93.6831,67.1367,136
1212,191.9632,26107,112.35,271,115.2,93.873,67.7977,136
1213,188.0504,26139,113.2125,261,114.49,93.3249,68.0674,139
1214,186.6548,31358,114.425,257,116.69,96.0534,67.6974,168
1215,186.9424,25985,113.325,260,115.51,94.0154,67.4686,139
1216,192.4222,25977,112.7125,271,115.46,93.6231,67.5852,135
1217,187.9028,27058,113.125,265,115.26,93.3284,68.0403,144
1218,191.8571,26860,112.3,258,114.15,93.609,67.4619,140
1219,186.9664,27858,113.2875,253,115.79,94.5207,68.2173,149
1220,187.9058,25931,112.7875,241,114.79,92.7698,67.9939,138
1221,188.9856,26269,111.7625,281,114.66,93.7601,67.934,139
1222,189.0216,26274,112.825,277,115.4,93.1798,67.7519,139
1223,186.4777,29277,114.05,272,115.31,93.7475,68.6536,157
1224,189.3603,25753,113.8,270,116.5,93.5055,67.758,136
1225,191.3262,26977,112.85,257,115.87,93.6959,68.4235,141
1226,191.0288,26553,114.9875,270,117.41,93.2729,68.3398,139
1227,191.8705,26670,113.7625,259,116.1,92.9864,67.2718,139
1228,189.9041,27726,111.8375,267,115.76,93.0872,68.3877,146
1229,190.5333,25722,112.9,273,115.86,92.9548,67.6817,135
1230,186.56,27984,112.8,253,115.26,94.7321,67.3273,150
1231,188.0952,27650,112.9,266,115.19,92.9749,68.0758,147
1232,185.3379,26874,113.8875,263,117.04,93.2918,67.6158,145
1233,188.4044,25623,113.1375,275,115.85,92.3378,67.8631,136
1234,187.0147,25434,113.0125,248,116.43,92.8915,68.3988,136
1235,185.6345,26917,115.8125,250,116.92,92.8829,66.6982,145
1236,185.2207,26857,112.575,245,115.47,92.828,67.9494,145
1237,185.7589,26192,112.7125,273,114.64,92.0785,67.6304,141
1238,186.6148,25193,112.3625,256,114.84,92.0931,68.0132,135
1239,186.6,27057,112.9375,262,115.81,92.1417,68.1119,145
1240,187.7447,26472,113.3375,269,116.28,91.4752,67.9967,141
1241,188.1056,26711,112.3375,264,115.91,91.922,68.3919,142
1242,189.2868,25743,111.8625,246,115,90.6536,67.4717,136
1243,188.8125,27189,113.175,261,116.14,91.569,68.0849,144
1244,193.6074,26137,113.0875,257,115.1,91.6626,67.5792,135
1245,192.8309,26225,113.275,261,116.34,91.0166,68.3608,136
1246,194.4815,26255,112.2375,269,115.79,91.4094,67.9648,135
1247,196.4094,29265,112.95,286,115.51,92.6177,67.4279,149
1248,198.6838,27021,113.175,277,115.39,91.357,67.9188,136
1249,197.669,28069,113.0625,265,115.5,92.8435,67.6233,142
1250,199.1892,29480,113.7125,276,115.31,91.9139,68.2084,148
1251,203.6912,27702,113.1375,284,116.21,92.3709,68.0306,136
1252,203.2482,27845,113.15,288,116.03,93.033,67.8144,137
1253,205.558,28367,113.1125,300,115.16,92.5788,67.6658,138
1254,203.8913,28137,111.525,301,115.85,92.5725,67.4892,138
1255,206.4632,28079,113.7875,310,116,92.1439,68.0698,136
1256,202.9706,27604,113.6125,330,117.04,92.544,67.5388,136
1257,200.7763,30518,112.05,276,115.81,93.018,67.3912,152
1258,203.3355,30907,113.075,303,115.41,93.3424,67.8019,152
1259,205.0074,27676,112.8125,297,116.95,92.0071,67.7387,135
1260,203.5182,27882,112.175,286,114.62,92.4568,67.7594,137
1261,205.0071,28701,113.825,295,116.15,93.5339,67.9694,140
1262,201.5108,28010,114.625,298,116.58,91.7418,68.0937,139
1263,195,31785,113.2875,291,115.1,94.4407,67.7123,163
1264,199.0504,27668,113.425,291,116.39,92.6134,67.5779,139
1265,198.5368,27001,113.6,275,115.78,92.56,67.7898,136
1266,197.6575,28858,113.2125,268,116.13,92.8391,67.2044,146
1267,201.0507,27745,113.1125,284,116.32,92.8606,67.9146,138
1268,199.0461,30255,114.0625,279,117.12,93.3089,67.9546,152
1269,200.5461,30483,112.7375,320,115.51,93.1638,68.2685,152
1270,202.4786,28347,113.6375,280,115.44,93.2851,67.731,140
1271,201.5278,29020,112.7375,283,115.91,94.6191,67.9583,144
1272,204.3971,27798,112.4375,290,116.12,94.5067,67.1736,136
1273,200.1722,30226,112.8375,279,115.51,96.1527,66.8221,151
1274,203.125,27625,112.925,296,115.87,95.2865,66.5281,136
1275,203.3916,29085,113.2,274,115.76,95.9647,66.9382,143
1276,202.4493,27938,112.9,298,116.78,97.035,66.8331,138
1277,200.85,28119,113.0625,264,116.21,96.9242,66.5911,140
1278,202.1037,27284,113.4625,285,115.57,97.0522,66.7206,135
1279,202.1471,27492,113.0375,276,115.69,98.098,66.1314,136
1280,197.6107,29444,113.775,288,115.5,99.9871,66.1788,149
1281,198.2117,27155,114.225,293,116.18,100.0421,65.866,137
1282,196.163,26482,113.35,270,116.58,100.5688,65.1689,135
1283,195.8529,26636,113.375,276,116.56,102.4021,65.6149,136
1284,195.0507,26917,113.3125,262,115.75,102.0537,64.795,138
1285,192.3224,29233,112.725,250,116.26,105.901,64.5216,152
1286,194.963,26320,115.1375,267,117.4,103.253,64.5924,135
1287,194.7226,26677,114.9625,269,116.28,103.9939,64.6427,137
1288,191.8849,26672,112.5375,266,115.97,103.8251,64.2574,139
1289,191.2828,27736,113.05,245,117.1,104.2787,64.3864,145
1290,194.1714,27184,113.6625,276,114.75,104.567,64.557,140
1291,191.7226,26266,113.5,248,115.89,104.6078,64.3846,137
1292,190.7203,27273,113.4375,264,117.74,105.9159,64.9093,143
1293,192.0408,28230,112.6625,277,116.95,105.3934,64.5515,147
1294,190.6276,27641,113.9875,259,114.99,106.0754,64.2351,145
1295,190.277,28161,112.775,264,115.63,104.2424,64.7527,148
1296,192.75,27756,113.1625,267,116.91,105.1144,64.4798,144
1297,195.6444,26412,112.175,259,115.15,104.662,64.4044,135
1298,193.4706,26312,113.5125,261,115.51,104.2614,64.2707,136
1299,193.7902,27712,112.7375,267,117.56,104.5504,65.2487,143
1300,193.1189,27616,113.3,255,114.83,105.7072,65.0269,143
1301,195.2059,26548,112.6625,264,116.05,104.8629,63.885,136
1302,193.0775,27417,113.0125,255,115.99,104.8568,64.1869,142
1303,193.8889,26175,114.1375,265,116.38,104.5898,64.9094,135
1304,191.9133,28787,112.2875,262,115.83,105.7658,64.3703,150
1305,195.7059,26616,113.55,261,114.85,104.4115,64.3963,136
1306,197.3577,27038,115.35,265,117.17,104.7169,64.1306,137
1307,195.3741,27157,113.95,265,115.78,104.4898,64.7002,139
1308,197.5221,26863,112.7625,274,115.94,105.487,63.9936,136
1309,196.4676,27309,113.3875,278,114.62,104.5508,64.4344,139
1310,194.8592,27670,113,268,115.85,104.8531,64.3087,142
1311,193.4069,28044,114.9125,260,116.46,104.2586,64.78,145
1312,192.2214,26911,113.125,254,115.87,104.7097,65.1681,140
1313,193.1197,27423,112.1125,284,114.52,103.2799,64.5847,142
1314,192.8394,26419,113.05,256,114.99,104.5657,64.2792,137
1315,184.7949,36035,114.05,265,115.75,108.1639,65.1807,195
1316,189.1419,27993,113.15,271,115.44,105.1012,64.6301,148
1317,191.2,25812,114.1625,251,116.56,104.5742,65.0246,135
1318,187.96,28194,115.2625,252,117.49,104.5285,64.5432,150
1319,189.5556,25590,114.1,250,115.83,104.9143,65.2006,135
1320,187.3143,26224,113.85,271,115.66,104.2653,64.3357,140
1321,186.7397,27264,113.375,244,115.47,104.5389,64.6577,146
1322,186.741,25957,113.825,240,116.09,104.6652,64.3759,139
1323,185.6667,26179,114.2875,246,115.79,105.7398,64.7708,141
1324,187.482,26060,114.025,257,116.18,105.7498,64.3622,139
1325,185.6419,27475,114.6,262,117.46,106.1852,64.6668,148
1326,184.0571,25768,113.425,240,114.45,106.2928,64.7276,140
1327,185.1214,25917,113.4,259,116.48,106.7623,64.5458,140
1328,184.3786,25813,113.3125,251,114.19,105.1752,64.2411,140
1329,183.5252,25510,114.0125,239,117.15,106.3864,64.4726,139
1330,184.1333,24858,113.0625,247,114.2,105.9988,64.4784,135
1331,183.4891,25138,112.875,238,115.78,106.6178,64.3382,137
1332,184.9861,26638,115.1375,255,116.67,105.3508,64.3283,144
1333,183.9853,25022,113.15,249,115.64,106.8501,64.1742,136
1334,182.5468,25374,113.675,241,115.4,106.297,64.2311,139
1335,184.1714,25784,114.475,232,115.67,105.5182,64.2842,140
1336,182.8593,24686,112.525,232,115.85,106.2668,64.085,135
1337,183.0435,25260,113.875,234,117.13,106.7141,64.5087,138
1338,182.3714,25532,112.95,232,114.69,105.8325,64.2788,140
1339,184.2429,25794,113.3875,231,115.81,105.9456,64.7133,140
1340,186.2464,25702,114.775,241,116.36,106.7531,64.116,138
1341,182.7383,27228,113.3625,238,116.2,105.6947,64.023,149
1342,183.0511,25078,114,240,114.58,107.0874,64.7073,137
1343,180.2792,27763,113.6,255,115.2,106.8084,64.6353,154
1344,184.3176,27279,113.4125,245,115.2,105.8823,64.7484,148
1345,180.1603,28105,113.3,248,115.94,105.3062,65.6643,156
1346,182.0511,24941,112.8,240,115.27,107.0646,64.1899,137
1347,181.3867,27208,113.2625,236,115.87,106.6712,64.9008,150
1348,182.1655,26414,113.7125,232,115.04,107.3332,64.5015,145
1349,181.381,26663,112.9125,240,115.91,107.1616,64.5758,147
1350,180.8356,26402,113.1125,234,115.8,106.8205,64.7811,146
1351,181.66,27249,113.0375,257,116.21,106.4397,64.4053,150
1352,183.5108,25508,114.4875,241,116.11,106.9675,64.6739,139
1353,184.4593,24902,113.8875,253,116.02,106.9123,64.2076,135
1354,181.365,24847,112.3,250,115.29,107.2115,64.5634,137
1355,182.4148,24626,113.45,241,114.61,106.2616,64.1315,135
1356,181.8649,26916,113.25,244,115.22,107.6287,63.872,148
1357,183.2132,24917,113.3375,232,115.33,106.901,63.9596,136
1358,178.8718,27904,113.675,237,115.32,106.1396,64.8101,156
1359,183.9926,24839,112.125,240,115.66,106.351,64.2559,135
1360,183.5357,25695,113.425,242,116.11,107.7826,64.7027,140
1361,180.526,27801,113.1625,237,115.13,106.6138,64.8107,154
1362,180.8467,24776,113.825,231,115.15,106.5669,63.9199,137
1363,180.5576,29792,112.2125,248,115.77,107.7381,64.8715,165
1364,182.3824,24804,112.4125,242,114.71,106.5565,64.2802,136
1365,183.5693,25149,112.75,247,115.03,107.6762,64.333,137
1366,181.1325,27351,113.5625,248,114.5,108.5476,65.0406,151
1367,180.1017,31878,113.85,238,115.95,110.1515,63.9723,177
1368,182.3478,25164,112.2875,237,114.71,108.0097,64.4212,138
1369,181.7063,25984,112.9875,242,115.07,108.9467,64.0466,143
1370,182.0515,24759,114.0375,238,115.57,108.4239,64.0354,136
1371,180.7986,25131,113.6875,239,115.39,107.9619,63.8796,139
1372,181.7842,25268,113.3,257,114.72,108.3252,65.1275,139
1373,179.9333,26990,113,231,115.38,108.9461,65.0901,150
1374,179.2282,26705,112.5125,243,115.36,109.0927,63.8096,149
1375,181.2361,26098,113.275,238,115.38,108.9298,64.4632,144
1376,183.85,25739,115.0625,240,115.51,109.4837,64.357,140
1377,181.6296,24520,113.7875,239,114.45,108.4475,64.5612,135
1378,181.3125,26109,112.5625,245,115.21,108.2279,64.2156,144
1379,179.7702,28943,114.4625,247,114.58,110.1606,64.7083,161
1380,183.554,25514,113.45,251,114.22,108.7423,64.319,139
1381,182.6923,26125,112.55,233,114.88,109.3417,63.7975,143
1382,181.4631,27038,112.9125,267,115.12,109.8119,64.729,149
1383,183.2101,25283,113.3125,249,115.29,108.5231,64.7359,138
1384,183.9338,25015,113.275,247,114.13,109.444,64.4026,136
1385,182.4437,25907,113.4375,258,114.39,109.4025,63.3914,142
1386,183.3597,25487,112.475,250,115.64,109.219,64.2997,139
1387,181.3423,27020,113.15,255,115.44,109.4687,64.8471,149
1388,180.7868,24587,112.8875,241,114.93,107.4187,65.0813,136
1389,181.5342,26504,112.9,243,114.61,107.8985,64.4171,146
1390,181.8235,24728,112.95,231,113.61,108.1634,64.6465,136
1391,183.531,26612,112.6625,239,114.64,108.9533,64.024,145
1392,184.0507,25399,114.025,263,114.18,108.412,64.611,138
1393,179.7407,29118,113.225,231,114.64,108.8082,65.4282,162
1394,182.2028,26055,113.6,249,115.16,107.918,64.3801,143
1395,183.4453,25132,113.25,247,115.15,107.166,64.8375,137
1396,181.9097,26195,113.5125,231,114.6,107.1014,65.3883,144
1397,179.9792,25917,112.0875,247,114.51,107.5029,64.7549,144
1398,182.6259,25385,113.8875,255,113.71,106.6431,64.4776,139
1399,179.7305,25342,113.0125,227,114.55,106.6644,64.983,141
1400,183.0147,24890,114.3875,245,115.82,106.991,64.9922,136
1401,182.5417,26286,112.675,250,114.89,106.7634,65.9247,144
1402,180.2245,26493,112.2,245,115.52,108.7237,65.6484,147
1403,179.9586,26094,112.2875,252,114.63,107.3005,65.6772,145
1404,182.0738,27129,113.25,258,115.46,107.0993,64.8807,149
1405,183.2889,24744,113.3125,229,114.8,107.201,64.6911,135
1406,180.6463,26555,112.7125,244,113.98,107.7945,65.378,147
1407,183.7037,24800,112.075,235,114.99,106.4845,64.5579,135
1408,181.0537,26977,113.025,250,114.75,104.9016,65.3281,149
1409,181.1699,27719,112.65,248,114.1,107.7598,65.1848,153
1410,181.1986,26455,112.275,243,114.33,106.5697,64.8103,146
1411,180.8322,25859,113.4,232,115.32,105.3354,65.4686,143
1412,181.7692,25993,113.05,240,115.21,106.1065,65.162,143
1413,182.0467,27307,113.45,260,114.54,106.8988,65.1477,150
1414,183.0365,25076,112.95,251,114.78,105.7089,64.803,137
1415,183.0815,24716,112.2125,240,113.76,105.6027,65.1344,135
1416,181.4853,24682,112.6375,242,114.22,105.2129,65.0939,136
1417,182.875,26334,112.725,261,116.12,104.8858,65.1622,144
1418,181.5221,24687,111.7375,232,114.74,104.7739,65.205,136
1419,182.9855,25252,113.2375,239,114.59,103.9244,65.4651,138
1420,182.5071,25551,113.6875,242,114.07,103.9549,65.5907,140
1421,182.4412,24812,112.425,255,114.52,102.3353,65.5224,136
1422,185.2074,25003,112.8625,259,114.85,101.6394,66.0901,135
1423,181.5,25410,112.6,244,115.95,102.2055,65.8989,140
1424,181.8551,25096,112.575,260,115.55,100.5993,66.4248,138
1425,181.8643,25461,112.5875,240,114.4,99.3539,67.1972,140
1426,184.2963,24880,113.8125,257,115.04,98.2334,67.2373,135
1427,183.8701,28316,115.3125,273,116.67,99.2423,66.7341,154
1428,182.226,26605,112.9875,238,114.72,97.7188,66.0849,146
1429,183.8444,24819,111.6125,234,114.9,98.1647,66.5299,135
1430,182.5274,26649,112.5,248,114.28,98.0824,67.03,146
1431,184.305,25987,113.275,242,115.63,96.305,67.1061,141
1432,183.5683,25516,112.4625,250,115.31,96.7669,67.0484,139
1433,187.2536,25841,112.9375,258,114.05,96.7886,67.0163,138
1434,185.1277,26103,113.1625,241,114.87,97.6117,67.6282,141
1435,184.4088,25264,113.9125,262,115.33,96.0397,66.6528,137
1436,186.1618,25318,113.45,249,115.23,96.2706,67.0641,136
1437,185.1852,25000,113.425,247,114.63,96.0849,67.6066,135
1438,183,26169,112.0125,234,114.75,96.1105,67.0834,143
1439,185.6377,25618,112.6875,249,115.55,95.6619,67.0691,138
1440,184.2246,25423,112,253,113.19,96.3394,66.6982,138
1441,183.3826,27324,112.6125,260,115.24,95.3332,67.3572,149
1442,182.5407,24643,112.8625,239,114.67,95.4897,67.0805,135
1443,183.0857,25632,113.0375,245,115.33,95.3134,67.5927,140
1444,181.482,25226,112.4,242,114.39,95.1789,68.0297,139
1445,181.6849,26526,112.4875,237,114.91,96.9989,67.8516,146
1446,182.007,25845,113.4375,240,114.55,95.17,67.0041,142
1447,183.3261,25299,113.9375,251,115.44,95.2548,67.4425,138
1448,182.9343,25062,113.2875,257,114.83,95.3055,66.7657,137
1449,181.1765,24640,113.4625,249,115.04,95.7678,67.3043,136
1450,182.6544,24841,112.7625,249,114.18,96.306,68.1534,136
1451,184.2734,25614,113.475,279,114.54,95.4925,67.4567,139
1452,183.6544,24977,113.2625,253,115.33,94.5958,67.8442,136
1453,184.5839,25288,113.1875,242,115.87,94.5734,67.6801,137
1454,182.3287,26073,112.15,252,114.68,94.4383,67.3042,143
1455,184.0719,25586,112.425,264,113.79,94.1653,68.1104,139
1456,182.7192,26677,112.4625,249,114.19,94.92,67.5056,146
1457,181.7211,26713,112.95,268,115.29,94.5171,67.4551,147
1458,185.7333,25074,113.8375,250,114.99,94.3189,67.7185,135
1459,180.8621,26225,112.275,245,114.09,93.2672,67.6828,145
1460,182.4722,26276,113.1875,234,115,94.1401,67.4383,144
1461,182.3357,26074,111.9625,242,114.21,93.6595,68.2073,143
1462,183.6525,25895,113.2375,253,114.78,93.2465,68.3156,141
1463,184.3007,26355,113.075,241,115.43,93.0762,67.493,143
1464,182.9718,25982,112.2125,262,115.56,93.5236,67.7621,142
1465,182.2552,26427,112.625,232,114.54,93.7499,68.0563,145
1466,185.0515,25167,113.8125,251,114.62,93.373,68.3435,136
1467,184.5556,24915,112.6125,247,115.34,93.5426,68.3174,135
1468,184.9137,25703,113.225,258,115.75,93.9037,68.2086,139
1469,186.6861,25576,112.8375,253,114.82,93.5632,68.4643,137
1470,185.219,25375,111.6375,262,114.36,94.1329,67.9032,137
1471,184.5915,26212,113.3625,244,115.35,93.9023,68.1033,142
1472,182.6943,28683,114.4,251,115.98,94.6057,67.7315,157
1473,183.8421,27944,113.7125,260,115.37,93.4423,68.8017,152
1474,183.2429,25654,112.15,250,115.55,93.127,67.9126,140
1475,186.471,25733,112.375,242,115.14,93.423,68.1683,138
1476,183.6815,24797,113.25,236,115.86,92.7968,67.8532,135
1477,182.5714,25560,111.85,239,114.53,93.5987,67.8987,140
1478,182.1223,25315,112.7,240,115.25,93.5873,67.0908,139
1479,183.5319,25878,112.75,257,115.57,94.9432,67.8273,141
1480,181.0069,26246,112.9875,253,115.75,93.8713,68.0755,145
1481,180.5,25631,112.9625,249,114.06,93.7287,68.6362,142
1482,181.8296,24547,113.625,248,114.32,93.9953,68.0312,135
1483,183.7429,25724,113.475,259,116.88,94.4345,68.6459,140
1484,183.3873,26041,113.0375,246,114.93,93.4611,68.2656,142
1485,183.4357,25681,112.6375,270,114.92,94.0913,68.0049,140
1486,178.9558,32391,113.55,246,115.6,93.7752,68.6449,181
1487,183.2446,25471,112.5125,258,115.78,93.783,67.8926,139
1488,183.3237,25482,112.7375,268,114.78,93.7518,67.4374,139
1489,182.2986,26251,112.3125,233,114.88,95.1541,68.0128,144
1490,184.3623,25442,113.6875,252,115.71,94.9855,68.2767,138
1491,184.1377,25411,112.1125,254,114.36,94.6159,68.5701,138
1492,184.5778,24918,113.6625,242,115.4,94.5892,67.9803,135
1493,182.8986,25240,112.8125,250,114.79,94.054,68.5891,138
1494,184.9857,25898,113.1375,243,115.47,95.9907,67.7894,140
1495,184.1259,26330,112.95,235,115.13,94.6415,68.0156,143
1496,185.6029,25242,112.925,256,114.17,94.3972,68.1109,136
1497,183.3723,25122,113.425,241,115.39,92.7437,68.861,137
1498,183.9527,27225,113.7375,251,116.01,93.9209,68.0639,148
1499,184.9708,25341,113.4625,250,114.83,94.2705,68.0854,137
1500,184.3613,28576,112.9125,246,116.03,96.5529,67.6599,155
