1,177.2279,38104,111.9125,236,112.24,105.2278,61.8192,215
2,178.4174,41036,112.1,231,111.76,106.2135,61.8671,230
3,175.7782,42011,112.125,230,112.04,105.9962,61.9419,239
4,177.9171,38608,110.675,229,111.58,105.6169,61.7902,217
5,175.753,44114,111.45,223,111.7,105.8627,62.5817,251
6,174.473,38733,110.6,219,111.45,105.5851,61.6851,222
7,176.8721,38735,112.15,225,113.05,105.7266,61.7639,219
8,175.0082,42877,111.325,229,111.98,105.1233,62.3716,245
9,175.6802,39001,111.175,225,112.05,105.8844,62.9127,222
10,175.7419,38136,111.375,223,112.87,105.3443,61.7017,217
11,174.7722,41421,111.6125,226,112.38,105.3201,61.348,237
12,175.4424,38071,110.6625,216,111.9,105.1813,62.3796,217
13,175.2593,37856,111.1125,225,111.75,105.1355,62.119,216
14,175.3801,38759,112.5375,235,112.49,105.2037,61.8295,221
15,173.7067,39084,111.75,212,112.04,105.7124,61.7464,225
16,175.2093,37670,111.8875,231,112.07,105.0752,61.9779,215
17,173.6833,38384,110.75,232,111.96,105.3684,61.5166,221
18,174.558,39101,112.375,225,112.15,105.7733,62.5188,224
19,173.7014,38388,111.8,232,112.29,105.1059,62.3638,221
20,172.7269,37309,111.075,207,112.52,105.396,61.6254,216
21,173.3744,37969,110.2375,237,111.62,105.4761,62.1358,219
22,173.2466,37941,111.575,212,112.47,104.6989,62.6776,219
23,174.625,39116,111.6875,228,112,105.7501,62.3656,224
24,173.6537,40114,111.65,220,111.39,105.34,61.9048,231
25,174.058,38989,111.3875,206,111.56,105.0024,62.3494,224
26,172.3291,40842,111.9625,219,112.24,104.8368,62.6196,237
27,173.9023,37389,112.8,226,112,106.0047,61.7776,215
28,173.605,41318,111.2875,231,112.01,105.0709,62.45,238
29,173.6292,41671,112.4625,210,113.26,105.4881,62.7137,240
30,173.1296,37396,112.1,221,112.41,105.7955,61.6512,216
31,174.1909,38322,111.5375,235,112.13,104.8305,61.8681,220
32,173.807,39628,111.35,221,111.95,104.8221,61.7451,228
33,173.8565,38770,111.25,212,113.49,105.3013,62.5477,223
34,172.8482,38718,110.9625,213,111.52,105.0392,61.568,224
35,171.5551,38943,110.1,207,111.37,104.2768,62.3833,227
36,173.4862,37820,110.5625,231,112.15,105.0794,61.6711,218
37,173.3049,38647,110.8125,216,112.38,105.0579,61.9113,223
38,173.0321,37721,111.025,224,112.13,105.4272,61.6945,218
39,173.1279,37915,111.2375,225,111.99,104.9197,62.6126,219
40,172.906,40460,111.5875,219,112,106.1252,62.5708,234
41,172.6838,40408,111.6,215,111.95,104.9139,61.9433,234
42,172.5682,37965,112.175,228,112.3,104.6686,61.8719,220
43,173.0413,37723,110.3375,220,111.64,105.1069,62.022,218
44,173.2941,38298,111.5625,214,111.97,104.9921,62.3703,221
45,173.4434,38331,111.5375,226,112.4,104.9362,62.2688,221
46,171.9207,39026,111.775,221,112.45,104.4088,62.3597,227
47,173.2694,37946,111.85,214,111.5,105.744,62.0863,219
48,172.1872,37709,111.15,210,111.76,104.8285,61.7093,219
49,171.366,40271,111.1,224,111.69,104.7909,62.6523,235
50,172.9355,37527,112.125,223,112.03,105.1562,61.5263,217
51,171.8276,39864,111.125,220,112.11,105.5481,61.9286,232
52,172.9956,38924,112.2,212,112.12,105.2643,62.7883,225
53,173.2061,39491,111.5625,211,111.96,105.4728,62.963,228
54,173.5511,39049,111.7125,219,111.9,105.6892,61.6302,225
55,173.3408,38655,112.525,217,112.49,104.9367,62.1219,223
56,175.0543,38687,111.5,225,111.99,105.6325,62.4045,221
57,173.7285,38394,110.75,217,112.02,105.3454,62.2755,221
58,172.7418,42149,111.325,216,112.13,106.0751,61.907,244
59,171.8295,37287,112.375,212,112.14,105.5918,62.0458,217
60,173.0603,40150,111.525,224,112.45,105.3992,62.5468,232
61,174.6316,39816,112.1625,220,111.71,104.7543,62.2548,228
62,172.7854,37840,111.1125,224,112.26,104.7956,62.2202,219
63,174.2108,38849,110.9875,229,111.55,105.1324,61.7002,223
64,173.4163,38325,110.6125,226,112.64,104.7502,62.1482,221
65,174.2857,39040,111.6625,226,111.19,104.7924,62.2643,224
66,173.3409,38135,110.9625,221,111.99,105.0541,61.7212,220
67,174.2281,39724,110.625,219,111.57,105.1677,61.5544,228
68,174.412,40638,110.975,217,112.05,105.9513,62.475,233
69,172.6522,39710,110.7375,222,112.35,104.3653,62.4473,230
70,174.2557,38162,112.375,227,112.86,105.301,61.7262,219
71,174.912,37781,111.5875,232,112.55,105.5042,61.3044,216
72,170.6595,39593,110.25,211,111.25,105.5355,62.3831,232
73,172.8739,38378,111.15,218,111.74,104.8735,62.0053,222
74,172.2511,40479,111.6375,218,112.22,106.0393,62.0835,235
75,174.1009,37954,111.4375,225,112.14,104.8197,61.5745,218
76,171.9458,41267,112.2,230,112.16,105.5901,62.6716,240
77,172.7931,40088,110.675,233,112.22,105.7788,62.8957,232
78,171.3957,39421,111.775,215,112.64,105.3116,62.9146,230
79,172.697,39893,111.05,220,111.58,104.7353,62.11,231
80,173.3641,37620,111.425,232,112.58,105.4015,62.5487,217
81,173.5753,38013,110.8875,219,110.8,105.5799,62.5259,219
82,174.576,37883,111.6625,226,111.65,105.3496,62.848,217
83,173.8377,39635,112.0625,230,111.79,105.4788,62.2811,228
84,173.0639,37901,112.2875,225,113.26,105.3903,61.9742,219
85,173.5438,37659,110.975,221,112.29,105.6765,61.9706,217
86,173.1171,38432,111.5625,239,111.55,105.2402,62.3729,222
87,172.7668,38527,110.975,233,112.6,105.62,62.4757,223
88,172.3761,40336,111.25,210,112.05,105.2685,62.0549,234
89,174.0549,41251,110.6375,207,111.49,104.9749,62.6513,237
90,173.5801,40097,111.1375,219,111.79,105.7308,62.1724,231
91,172.2061,39263,111.325,220,112.39,105.337,62.8574,228
92,171.0472,39854,112.275,220,112.13,104.2935,62.2335,233
93,173.4262,41102,111.95,223,111.81,105.1367,62.6224,237
94,172.9956,39097,112.5,210,112.58,105.5614,62.3866,226
95,174.0321,37939,111.275,219,112,105.1648,61.8788,218
96,172.6133,38838,112,236,112.23,104.4803,62.4582,225
97,172.4017,39480,110.6,220,110.83,105.0466,62.9265,229
98,174.3733,37839,113.075,219,113.1,104.675,61.827,217
99,173.7936,37887,111.7875,215,113.3,105.1202,62.2716,218
100,172.7217,39726,112.7,233,112.36,104.3215,62.1783,230
101,174.1055,37955,110.75,219,112.04,104.5238,62.2435,218
102,172.8539,37855,111.5875,219,111.67,104.371,62.3073,219
103,173.2611,39157,112.25,217,111.15,105.3397,61.9553,226
104,172.8978,38902,111.6875,218,112,105.298,61.936,225
105,172.3392,39121,111.175,213,111.84,104.6962,62.1671,227
106,174.3022,39218,111.6625,216,112.13,104.6698,62.0234,225
107,171.6309,39990,113.35,211,112.78,105.4117,62.5262,233
108,171.359,40098,112.0375,209,112.9,105.0652,62.9893,234
109,173.4793,37645,110.7375,214,112.19,105.4391,63.168,217
110,172.8649,38376,111.975,215,112.48,104.9086,62.4124,222
111,172.656,37639,111.5625,220,112.01,105.0936,61.5249,218
112,172.8571,41140,112.1875,222,112.07,105.718,62.7453,238
113,172.6652,39195,111.05,234,111.5,105.2849,63.4366,227
114,173.8414,39462,111.275,219,112.11,104.6306,61.5492,227
115,173.6774,37688,112.0875,213,113.24,105.123,62.2249,217
116,172.484,37774,111.4625,213,111.86,105.701,62.5708,219
117,173.7009,38909,111.2375,234,112.21,105.0518,61.6509,224
118,173.5351,39566,111.1375,216,112.56,105.3138,61.8955,228
119,173.7189,37697,111.2625,230,111.65,105.3156,61.9815,217
120,172.5488,42447,110.7625,216,112.72,106.1382,62.5789,246
121,172.0841,38891,111.875,231,111.98,105.0589,61.6268,226
122,174.4977,37866,110.3125,225,111.86,106.0286,62.6138,217
123,173.2314,39670,110.4,219,111.17,104.746,62.7625,229
124,172.6809,40580,111.975,216,112.31,104.8826,62.6307,235
125,172.9559,39261,111.525,221,112.51,104.8865,61.6995,227
126,176.2207,39121,111.1625,235,111.66,105.4857,62.0838,222
127,174.6055,38064,110.85,235,112.42,106.1779,62.8485,218
128,172.9039,39595,111.6125,233,111.3,105.6291,62.9714,229
129,173.7552,41875,112.2,224,112.42,104.9844,62.5596,241
130,173.7227,38219,110.7125,224,111.47,104.5856,61.9633,220
131,173.1266,39646,112.5,222,111.79,104.7299,62.1185,229
132,173.5909,38190,110.5125,221,111.29,105.2612,62.0943,220
133,173.9644,39142,111.9125,222,111.98,104.4959,62.8735,225
134,174.95,38489,110.9125,220,112.19,104.6786,61.9868,220
135,173.8018,39453,112.6875,224,112.71,105.28,62.0389,227
136,172.7824,37321,111.0375,214,111.75,104.2489,61.395,216
137,173.2248,37763,110.65,214,112.27,105.2872,62.1226,218
138,174.338,37657,110.8875,228,111.85,105.9408,61.7478,216
139,173.7455,38224,110.7625,216,112.27,105.2231,62.7944,220
140,172.8043,39745,111.5,227,111.89,105.6708,62.7519,230
141,173.4317,39369,112.2625,233,111.93,104.696,61.3777,227
142,172.9648,39263,111.3875,221,112.05,105.873,61.8429,227
143,173.5766,38534,111.475,219,112.49,104.938,61.9627,222
144,172.8108,38364,110.8875,219,110.72,105.2135,62.2556,222
145,171.3385,44548,111.4125,227,112.76,105.308,62.0204,260
146,173.2698,37253,111.5125,217,112.41,105.2254,61.6036,215
147,173.2217,39841,112.3,216,112.94,105.2851,61.947,230
148,172.1982,39089,111.9875,231,112.45,104.7031,62.6219,227
149,173.5556,37488,111.625,209,112.92,104.9231,61.7242,216
150,172.7176,37307,111.4875,231,111.65,104.4262,62.5582,216
151,172.6186,37113,112.825,216,111.96,105.5517,62.1339,215
152,173.4682,38163,111.5125,231,110.69,104.8164,61.9191,220
153,173.7017,41341,112.025,242,113.48,105.214,63.3713,238
154,172.85,41484,112.6125,219,112.63,104.7015,61.8323,240
155,173.6833,38384,111.3375,229,112.04,105.1381,62.2894,221
156,174.2233,37458,111.375,216,111.98,104.8479,62.1084,215
157,174.5668,37881,111.9125,233,111.78,104.8845,61.773,217
158,172.3668,39472,110.9,222,111.72,105.8278,62.5125,229
159,173.3211,37784,110.85,224,111.95,105.8336,61.6763,218
160,174.9816,37971,111.175,210,112.43,105.3022,62.3883,217
161,172.3948,40168,110.5875,222,112.03,105.427,62.6173,233
162,172.8485,39928,111.5625,218,111.75,105.9647,61.3912,231
163,173.3394,38308,110.9875,215,112.22,105.1608,61.6931,221
164,173.6233,38718,110.9,222,111.41,105.4686,62.362,223
165,172.3304,38602,111.375,214,112.31,105.6372,61.3921,224
166,170.9476,42395,112.2,228,112.65,105.1317,62.9777,248
167,173.1938,39315,111.225,229,112.28,105.077,62.2769,227
168,172.9017,40459,111.325,216,111.58,105.8589,62.2174,234
169,173.3581,39699,111.5375,227,112.38,104.6283,62.6956,229
170,172.9824,39267,111.1625,222,111.38,105.7288,61.6094,227
171,172.3143,42217,111.1,210,111.43,104.9656,61.9668,245
172,173.433,38849,111.0875,216,111.86,105.0538,62.0836,224
173,173.7763,39621,110.1875,233,111.94,105.5999,61.8098,228
174,174.4247,38199,111.7625,239,112.49,104.0865,62.0585,219
175,173.9955,38801,111.0125,231,111.79,105.3077,62.089,223
176,173.4667,39030,111.475,233,111.73,105.4844,62.1714,225
177,174.8295,37938,110.7625,228,112.02,105.4241,61.5436,217
178,173.8874,38603,111.7875,231,112.27,106.1066,62.2179,222
179,173.7118,39780,112.075,216,111.95,104.8017,63.0344,229
180,171.9574,40410,111.45,217,111.37,105.6484,62.1071,235
181,173.6083,37673,111.7875,213,111.82,104.1753,61.8067,217
182,172.7154,43697,111.1,223,111.75,104.7656,62.784,253
183,173.8784,38601,112.25,236,111.82,103.5921,62.1809,222
184,172.2308,38063,111.6,233,112.64,104.7877,62.8302,221
185,172.1595,44245,111.9625,233,112.43,105.6429,63.2334,257
186,173.9372,41571,111.4875,223,111.72,104.6194,62.5444,239
187,174.0222,39155,111.1,218,111.48,105.5129,62.3921,225
188,172.2412,39271,110.5125,214,112.21,105.3853,62.6148,228
189,172.2411,38582,112.2,236,111.95,105.6464,62.9134,224
190,172.8378,38370,111.625,222,111.72,104.9268,61.5541,222
191,173.3846,38318,111,248,112.83,106.1126,62.2997,221
192,171.7195,42243,111.0625,223,111.41,104.2066,62.929,246
193,174.5135,38742,110.9375,222,111.27,104.68,62.1685,222
194,174.0135,38805,112.6875,206,112.13,105.5966,62.7144,223
195,173.3275,39692,111.6,218,111.99,104.7862,61.5284,229
196,172.3975,41203,111.1625,223,113.13,104.9771,62.0469,239
197,174.7721,37576,111.675,223,112.23,104.9014,61.9956,215
198,171.6967,41894,110.9625,219,110.85,104.9314,62.073,244
199,172.6026,40389,110.5625,230,111.23,104.9527,62.3836,234
200,175.0868,38344,111.1375,218,112.36,105.1441,62.0109,219
201,172.9865,38403,111.8125,223,112.51,105.9067,61.5901,222
202,173.7458,41699,111.1625,222,111.46,105.3056,62.0664,240
203,173.5758,40096,111.7,223,112.05,105.336,62.2461,231
204,176.2909,38784,112.975,217,113.01,105.0779,62.3694,220
205,174.9955,38674,112.1875,212,112.08,104.7619,62.1862,221
206,173.7523,37878,111.1875,229,111.98,105.1914,61.9278,218
207,173.0909,38080,110.075,217,111.68,105.3456,61.6387,220
208,174.3653,38186,111.7875,235,112.32,105.4955,61.8989,219
209,173.863,38076,111.125,231,111.97,105.3875,62.6769,219
210,174.0045,38629,111.1625,212,112.05,106.166,62.5572,222
211,173.3165,41076,111.25,237,110.82,105.3449,62.4865,237
212,172.6728,37470,112.5375,238,112.04,104.6864,61.107,217
213,173.838,37549,112.625,221,111.77,105.221,61.6035,216
214,173.9409,38267,112.25,232,113.05,106.0349,62.8845,220
215,174.375,37665,112.125,230,112.03,104.6189,61.7061,216
216,174.1907,37451,110.3625,222,111.47,105.0059,62.2835,215
217,171.2521,41443,112.0625,213,112.25,105.4358,63.4034,242
218,172.4911,38638,112.4375,231,111.55,105.4831,61.9681,224
219,175.0271,38681,111.6375,227,112.39,105.0816,62.6141,221
220,174.2593,37640,111.35,229,112.25,104.4508,61.8977,216
221,174.287,37646,110.55,224,112.39,104.5385,62.0155,216
222,171.5749,42379,112.4875,218,112.61,104.8362,62.5084,247
223,174.3448,40448,111.95,216,112.41,105.3353,63.0702,232
224,175.912,37997,110.6875,223,111.64,105.3535,62.3872,216
225,173.2045,38105,111.7125,223,112.39,104.7178,61.7226,220
226,175.8287,37979,112.05,214,112.28,105.9513,62.3954,216
227,175.9733,39594,111.5625,232,112.17,105.5908,62.0217,225
228,173.5378,39046,111.325,225,111.73,105.158,62.0877,225
229,174.3496,39403,111.4,213,112.14,105.4572,62.3345,226
230,175.8073,38326,111.7875,225,112.56,105.3696,61.4799,218
231,175.6923,43396,111.2125,233,111.21,106.2757,62.3865,247
232,174.4383,40993,111.4,225,111.36,105.0492,62.6892,235
233,175.2338,40479,111.0625,227,111.33,105.4734,62.1604,231
234,174.6652,39649,110.7375,218,112.74,104.957,62.0082,227
235,176.0171,41188,111.6875,226,112.15,105.9096,62.4311,234
236,179.8761,39213,112.3875,230,112.27,105.6315,61.6863,218
237,179.5185,38776,111.775,231,111.78,105.8022,62.3268,216
238,180.0645,39074,111.15,230,111.3,105.175,62.0671,217
239,178.0138,38807,111.4875,220,112.14,105.703,62.1995,218
240,179.9648,40852,110.825,228,111.7,105.114,61.6505,227
241,181.9041,39837,111.675,238,111.99,105.5196,61.7959,219
242,180.3795,40405,111.825,235,112.46,105.0983,61.5328,224
243,180.1721,38737,110.9625,227,111.16,105.2663,61.629,215
244,178.5837,39467,111.7375,234,111.39,105.1385,61.998,221
245,181.1991,39139,111.35,238,111.57,105.2185,61.5943,216
246,180.5909,39730,111.125,245,112.07,105.3117,61.7095,220
247,180.2112,41809,111.8375,230,112.39,105.2547,62.2007,232
248,183.1944,39570,111.3,235,112.49,104.9619,61.985,216
249,181.7265,40525,112.15,241,112.27,104.8266,62.0061,223
250,183.1216,40653,112.1,233,112.19,105.7277,62.1346,222
251,184.3088,39995,110.2875,236,111.16,105.9201,61.7446,217
252,183.0359,40817,111.9375,223,112.34,105.2065,61.416,223
253,185.1773,40739,111.0375,242,111.77,105.4042,61.6679,220
254,183.8789,41005,110.6,240,111.65,105.7614,61.6783,223
255,183.5676,40752,110.95,237,112.18,105.7924,61.8504,222
256,182.9589,40068,111.4,239,112.36,105.232,61.6939,219
257,181.7729,41626,111.4,229,112.03,105.6176,60.9648,229
258,183.1193,39920,111.1125,231,111.69,104.8343,61.7054,218
259,184.0044,41585,110.9375,237,112.15,105.6513,61.8138,226
260,184.9259,39944,111.9,235,111.26,105.221,61.9164,216
261,186.2922,40798,110.1875,239,112.15,106.3426,61.595,219
262,186.3611,40254,112.7875,231,112.34,104.8883,61.7079,216
263,189.8935,41017,112.075,243,112.53,105.3903,61.2646,216
264,190.8777,43711,111.0625,245,111.57,105.4435,61.6202,229
265,188.7281,43030,111.95,265,111.43,105.6455,61.7849,228
266,189.5138,41314,110.675,233,112.06,105.895,61.5858,218
267,191.023,41452,111.475,260,111.49,105.6634,61.3919,217
268,187.2955,41205,112.1375,240,113.46,106.316,61.684,220
269,187.8174,41132,111.6,248,111.31,105.9272,61.3501,219
270,189.4128,41292,112.1625,260,111.82,105.8375,61.2983,218
271,186.2045,40965,110.9875,240,112.41,105.9449,61.6783,220
272,186.3516,40811,111.6,244,111.73,105.852,61.8663,219
273,186.9814,40201,110.875,255,112.46,105.4563,61.572,215
274,185.7945,40689,111.3,243,111.58,105.6915,62.0291,219
275,186.5759,41793,111.7125,244,112.22,105.8613,62.3962,224
276,185.1448,40917,112.25,240,113.12,105.7683,61.6189,221
277,186.1883,41520,110.2375,236,111.77,105.5045,61.5784,223
278,185.4727,40804,110.1625,234,111.1,105.5019,60.7319,220
279,188.1773,41399,111.35,240,112.43,105.7558,61.2318,220
280,190.4009,41317,112.55,265,111.93,105.6183,61.7971,217
281,189.2136,41627,111.1125,266,111.99,106.071,62.1068,220
282,186.9911,42073,111.675,237,112.18,105.7801,61.4459,225
283,188.4091,41450,110.9125,250,111.41,105.8217,61.7443,220
284,189.7685,40990,111.55,243,112.63,105.1508,61.3513,216
285,184.9609,42541,111.125,257,112.05,105.4029,61.7468,230
286,186.2963,40240,110.8125,261,111.41,105.9552,61.4246,216
287,185.0181,40889,111.625,232,111.76,106.0656,62.3822,221
288,185.2955,40765,111.7375,237,112.3,105.1488,61.9351,220
289,184.0972,39765,111.2375,240,111.55,105.6023,61.9178,216
290,183.4027,40532,111.6,238,112.81,105.4177,62.1724,221
291,184.5556,39864,110.95,234,112.55,105.7104,61.4743,216
292,186.3721,40070,111.6,260,111.55,104.7312,62.2112,215
293,184.3516,40373,110.55,268,111.25,105.4321,61.8061,219
294,184.5581,39680,111.1625,235,111.17,105.3822,61.9283,215
295,185.8651,39961,112.5125,236,112.41,105.7365,61.4895,215
296,183.375,41076,111.4375,237,111.85,105.8107,62.0384,224
297,184.0452,40674,111.65,235,112.53,105.1389,61.985,221
298,183.9541,40102,110.3,245,111.74,105.0745,61.3739,218
299,183.4735,41465,110.2625,278,112.03,105.1468,61.8969,226
300,184.8249,40107,111.9875,233,112.91,105.1562,61.8002,217
301,186.6878,41258,111.4625,253,111.2,105.8403,61.6028,221
302,188.3843,40691,111.4625,261,111.83,105.339,61.4506,216
303,188.9541,41192,111.775,284,111.71,104.7102,61.4673,218
304,188.5622,40918,111.0875,235,112.53,105.2562,61.8089,217
305,186.7655,42209,110.275,243,110.04,106.1878,61.7563,226
306,189.8288,42142,111.3875,243,112.24,105.3529,61.9621,222
307,191.4352,41350,112.2875,232,112.56,105.6723,61.644,216
308,192.5158,42546,110.3,249,110.95,106.1172,61.5744,221
309,193.8969,43239,110.925,274,112.37,105.4279,61.9753,223
310,194.5864,42809,111.025,244,111.11,105.3348,61.6709,220
311,195.6713,42265,110.8375,250,111.56,106.3027,61.8554,216
312,196.683,44057,111.75,259,112.12,106.2364,61.5166,224
313,201.5209,43327,110.55,260,111.24,105.5129,61.515,215
314,201.9074,43612,111.4,264,111.62,106.4129,61.4611,216
315,201.3196,44089,111.35,268,112.34,105.8319,61.464,219
316,204.3773,44963,111.675,267,111.39,105.7044,61.5762,220
317,202.3772,46142,110.9625,267,111.99,105.6233,61.4742,228
318,204.7828,45257,111.05,289,111.84,106.6145,61.5259,221
319,205.1209,44101,111.075,262,111.33,106.1301,61.8022,215
320,203.8605,43830,111.7125,268,111.9,106.1347,61.3424,215
321,204.0046,44473,111.15,267,112.63,106.1581,61.7831,218
322,205.6774,44632,111.525,282,112.49,105.9386,61.326,217
323,205.9676,44489,112.1125,265,112,105.8427,61.3839,216
324,205.4081,45806,112.25,270,111.84,105.9574,61.5417,223
325,201.8756,45422,112.5625,283,113.69,106.1179,61.6555,225
326,202.9817,44453,111.825,275,112.66,106.1235,61.3522,219
327,200.4273,44094,110.9375,265,111.93,105.9531,61.5362,220
328,197.9471,44934,110.6125,257,111.52,105.6563,61.7121,227
329,198.5509,42887,110.425,250,110.85,105.9221,61.6344,216
330,198.6849,43512,111.275,258,112.03,106.6959,61.3314,219
331,196.646,44442,110.325,248,111.56,105.4743,61.5741,226
332,194.25,43512,111.1125,244,111.7,106.025,61.1942,224
333,193.7689,43598,112.2125,251,112.42,106.0228,61.9116,225
334,195.5459,42629,111.1125,246,112.35,106.2957,61.7427,218
335,193.9614,45193,112.55,259,112.15,106.5388,61.9683,233
336,194.3108,43137,111.225,262,111.74,105.4167,61.6115,222
337,194.4817,42397,111.025,260,112.44,105.3518,62.1249,218
338,191.6784,43511,111.6875,254,112.48,105.5819,61.4826,227
339,191.1814,41104,111.075,262,111.39,105.8842,61.7024,215
340,190.7465,41392,111.2375,259,111.83,105.7265,61.7549,217
341,189.8009,40997,111.8875,267,111.94,105.4685,61.623,216
342,192.8165,42034,111.3,255,112.58,104.8911,61.6421,218
343,192.5328,44090,110.375,245,112.03,105.1409,61.5775,229
344,193.2723,43293,112.1875,256,112.36,105.4148,61.7406,224
345,191.4682,42123,111.55,258,112.25,105.8014,61.5067,220
346,191.1743,41676,110.6625,248,111.83,105.758,61.8844,218
347,191.4182,42112,111.1375,255,111.12,105.7547,61.5621,220
348,191.8462,42398,111.525,277,112.55,105.6944,61.9515,221
349,191.2026,43403,111.2625,255,111.68,105.7084,61.5092,227
350,190.8739,42374,111.45,244,112.26,105.9737,61.9248,222
351,189.013,43473,111.325,259,111.79,104.9497,61.9606,230
352,187.2523,41570,111.9375,260,112.24,105.6281,61.6982,222
353,187.4864,41247,111.4625,236,112.3,105.7679,62.3474,220
354,186.0651,40004,112.35,237,112.73,104.6304,61.6682,215
355,185.4227,40793,110.4375,239,112.39,105.4476,62.1467,220
356,184.5806,40054,111.3625,239,111.71,105.8548,61.9306,217
357,183.5867,41307,112.2625,264,112,105.2381,62.1286,225
358,182.1847,40445,111.4,243,111.48,104.0498,62.0301,222
359,184.2661,40170,111,236,111.47,104.9697,61.9762,218
360,182.4434,40320,111.3,217,112.52,105.9843,62.2485,221
361,180.8416,39966,110.5875,242,111.33,104.1858,62.9971,221
362,183.307,39411,111.5875,237,112.04,104.9661,61.7165,215
363,179.4911,40206,112.0125,244,112.86,105.4049,62.0735,224
364,181.0972,39117,111,247,111.36,105.4471,61.6477,216
365,180.2824,38941,110.55,234,111.79,105.2567,61.9286,216
366,179.7854,39373,111.6625,227,111.94,105.2458,61.8264,219
367,180.1786,40360,111.5,228,111.82,104.6491,61.1587,224
368,179.0182,39384,112.175,227,111.49,105.4416,61.7578,220
369,177.8128,38941,111.4625,228,112.01,105.2545,61.9345,219
370,178.1842,40626,112.75,230,112.89,105.8745,63.0161,228
371,178.9298,40796,112.0125,226,112.5,105.6302,62.7919,228
372,176.5633,40433,111.85,229,112.66,105.5933,61.6524,229
373,177.2398,39170,111.9375,228,111.65,105.6662,62.4748,221
374,176.426,39343,111.9375,223,111.63,105.1278,62.7092,223
375,178.6376,38943,110.9375,224,111.42,105.8641,61.7309,218
376,176.8347,41733,111.125,218,111.85,105.9264,61.7861,236
377,176.7032,38698,110.775,223,111.31,104.7019,62.4819,219
378,180.6129,39193,111.325,244,111.22,104.5456,61.6262,217
379,180.4352,38974,111.55,244,111.76,105.642,61.4931,216
380,183.0651,39359,111.4125,233,112.55,105.1217,61.3657,215
381,182.7444,40752,110.3875,236,111.25,105.1585,61.8216,223
382,182.342,42121,110.8625,243,111.71,105.2065,62.1397,231
383,183.4167,39618,110.725,233,111.05,106.148,61.4309,216
384,181.414,39004,110.9625,225,111.82,105.0776,62.1937,215
385,181.6591,39965,111.075,228,111.59,105.3722,61.6101,220
386,178.8541,41673,110.725,229,111.99,105.2773,61.7312,233
387,180.162,38915,110.875,235,113.04,104.8651,61.5791,216
388,178.4823,40337,111.575,237,111.15,105.7886,62.4188,226
389,178.1217,40968,111.925,229,112.31,105.1461,62.1994,230
390,180.7778,39048,111.125,234,111.88,105.225,61.6623,216
391,177.3508,43983,111.7,236,112.02,106.1868,62.9591,248
392,179.3088,38910,111.925,233,111.42,105.0542,62.0108,217
393,180.1041,39803,111.45,228,112.18,105.7527,62.1281,221
394,177.4386,40456,111.475,225,111.93,106.0486,61.8992,228
395,176.7404,41534,110.5375,225,112.96,105.5492,62.7422,235
396,173.7016,44815,110.95,233,112.27,105.1035,63.9881,258
397,176.4342,40227,111.425,236,112.3,105.4065,62.0563,228
398,175.6856,40232,111.7,223,111.99,105.3706,61.4974,229
399,176.955,39284,111.45,223,111.02,104.9476,62.1842,222
400,176.5204,39011,111.4375,221,112.24,104.9191,62.2558,221
401,176.2466,38598,110.775,224,111.68,104.3339,62.0826,219
402,174.709,42629,111.55,224,112.24,105.7314,62.1404,244
403,173.7754,41011,111.3,230,111.69,104.8611,62.6805,236
404,175.467,39831,111.35,227,112.21,104.3494,62.047,227
405,174.9644,39367,111.175,230,111.68,104.5296,62.084,225
406,173.9958,41063,110.5,219,111.86,105.211,61.9388,236
407,176.0575,39789,111.5,219,112.24,105.2234,62.3859,226
408,175.2159,39774,111.0875,222,111.32,104.1652,62.6961,227
409,174.9099,38830,111.8625,237,112.49,105.0416,61.9416,222
410,175.6326,37761,112.1375,224,112.42,104.7866,61.4859,215
411,174.1504,39358,111.5125,241,113.11,104.7617,62.3126,226
412,172.6627,43511,112.3125,223,112.46,105.2132,63.4537,252
413,175.7822,39551,111.5125,222,112.62,105.1185,62.2971,225
414,174.9234,38833,112.9125,239,112.41,105.2331,62.7571,222
415,175.588,37927,113.275,220,112.75,104.7646,62.1035,216
416,175.5,38610,111.65,225,112.78,105.3288,61.9335,220
417,175.6123,39864,111.7875,236,112.44,105.4487,62.2754,227
418,175.4595,38952,111.275,245,112.55,104.2324,62.3282,222
419,174.0881,39518,110.175,226,111.12,104.9189,63.0083,227
420,172.7893,41815,111.5875,232,112.22,106.0368,62.4798,242
421,173.4735,42501,111.45,222,111.54,104.8403,62.5515,245
422,175.3394,38224,111.175,230,112.47,105.605,62.371,218
423,174.5721,38755,110.5375,243,111.07,104.9499,62.6347,222
424,174.9181,40581,112.275,229,112.76,104.4743,63.0382,232
425,175.5746,40031,111.8375,228,112.51,105.5077,62.1141,228
426,174.5172,40488,111.5,213,112.07,105.5961,62.6838,232
427,173.0135,38582,111.7,215,111.9,104.4057,61.8126,223
428,175.8512,37808,110.9625,227,112.36,104.9382,61.9445,215
429,173.1271,40858,111.9875,225,112.42,105.2684,62.5255,236
430,172.7984,42854,112.2,226,112.65,105.5275,63.0001,248
431,172.2511,38412,110.925,213,111.62,104.4411,61.3495,223
432,176.9136,38921,110.6625,233,111.65,105.0829,62.7455,220
433,173.6092,45312,111.4875,213,111.53,105.539,63.3895,261
434,173.7442,37355,110.9625,225,111.61,104.5889,61.8721,215
435,175.022,39730,111.3875,216,111.78,105.4759,62.2819,227
436,175.5294,38792,111.3875,235,111.37,104.5878,61.8621,221
437,174.8165,38110,110.7,221,112.03,105.7863,62.1237,218
438,175.367,38230,110.4625,223,110.79,104.6843,62.6519,218
439,174.2091,38326,111.675,234,112.43,104.9192,62.109,220
440,174.9694,40068,111.6875,211,111.85,104.7371,62.1477,229
441,173.4744,40593,111.6,218,112.32,105.153,62.2807,234
442,174.1674,37446,111.075,227,111.59,104.7221,61.7888,215
443,173.6977,37345,112.1125,237,111.71,105.3919,62.166,215
444,171.5798,40836,111.7375,217,112.32,104.4721,61.7699,238
445,173.0042,41175,110.9875,221,112.17,104.833,62.4933,238
446,174.1967,42504,111.8375,218,112.39,105.3892,63.2487,244
447,173.2754,40893,110.875,228,111.39,104.7818,61.8212,236
448,172.3929,38616,110.85,226,111.28,105.0768,62.1058,224
449,175.1628,37660,111.475,208,111.14,104.874,61.916,215
450,173.5804,38882,112.2125,224,111.9,105.7601,62.5292,224
451,173.7546,37531,111.45,224,111.27,105.4907,63.0257,216
452,172.629,38151,112.1375,206,111.79,104.6855,62.205,221
453,175.1204,37826,111.5875,224,112.6,105.0345,62.6378,216
454,172.6199,38149,109.8125,218,111.76,105.1223,62.205,221
455,172.3805,38958,110.8125,235,111.7,104.1886,62.2486,226
456,173.4198,42141,111.05,221,112.5,104.662,62.8165,243
457,173.4348,39890,111.3125,227,111.18,105.7185,62.4275,230
458,172.8811,39244,111.325,220,112.34,104.6037,62.3593,227
459,170.8781,47675,111.325,217,112.5,105.2636,63.3539,279
460,173.8438,38941,111.475,216,111.99,104.7439,61.7122,224
461,171.9751,41446,111.6625,238,112.65,104.4081,62.3473,241
462,173.2977,37259,111.325,228,112.2,104.8194,62.7518,215
463,174.5395,39795,111.7125,214,111.78,105.0051,62.9327,228
464,174.1239,39352,111.975,221,111.44,104.5359,62.1349,226
465,172.1429,38560,111.025,216,111.01,104.5781,62.8688,224
466,173.8202,39631,111.75,228,112.56,104.1071,63.0421,228
467,172.7719,39392,111.575,211,111.02,105.3937,61.7692,228
468,173.1613,37576,110.7875,215,111.74,104.3402,61.6381,217
469,173.3304,39346,111.2125,229,112.32,105.1447,61.5827,227
470,171.1798,39029,112.05,225,112.41,104.646,62.6623,228
471,172.5938,38661,111.625,215,112.01,106.0085,62.4665,224
472,172.7091,37996,112.0375,219,112.38,105.3193,62.202,220
473,173.4605,37294,112,213,112.84,105.5157,63.0642,215
474,173.7615,37880,111.4,216,111.38,105.2888,62.9878,218
475,172.6068,40390,112.075,216,111.53,104.7195,61.9128,234
476,173.3948,40401,111.6,217,112.05,104.7161,63.1289,233
477,173.6789,37862,110.7125,220,111.8,104.5378,63.2093,218
478,172.7545,38006,111.9,210,112.64,105.4765,62.6667,220
479,172.6175,37458,111.075,210,112.44,104.915,61.8348,217
480,173.7955,38235,111.85,219,112.04,105.2766,62.434,220
481,172.36,38781,111.025,225,111.16,105.1217,62.7329,225
482,173.7023,37346,110.6375,219,111.53,104.5894,62.6289,215
483,173.3116,37262,111.875,223,111.49,105.4037,63.0261,215
484,173.3163,37263,112.5375,209,112.19,105.0369,62.3923,215
485,173.6444,39070,110.575,227,111.28,104.6046,63.0247,225
486,172.5175,39334,111.6,222,111.01,104.6312,62.6761,228
487,172.8605,37165,111.775,230,111.5,104.9551,61.5223,215
488,172.632,39878,110.8125,227,110.91,104.4325,62.4529,231
489,172.3165,40839,112.1125,221,111.51,105.2399,62.6352,237
490,172.8723,40625,111.3375,222,111.21,105.0006,62.921,235
491,172.2283,37718,111.975,220,111.62,104.6752,62.4451,219
492,171.5372,41512,111.275,209,111.92,105.2589,63.221,242
493,173.4009,37628,111.7375,211,112.06,104.424,62.9778,217
494,172.625,37287,110.6125,215,111.58,104.2702,62.3017,216
495,174.3927,38192,111.4375,217,111.38,105.0131,62.3662,219
496,172.2182,37888,111.0125,223,112.15,104.7318,62.1986,220
497,173.6256,38024,110.8125,216,111.35,104.8341,61.7771,219
498,172.2639,37209,111.325,208,113,104.685,62.1506,216
499,172.0227,37845,110.425,224,111.37,104.9146,62.9836,220
500,173.4136,38151,111.8375,220,111.72,105.3707,62.9139,220
501,174.5535,37529,111.875,223,113.42,104.7693,62.319,215
502,173.1481,37400,112.7125,220,111.58,105.3857,62.5829,216
503,172.5082,42092,111.7125,219,112.1,105.3937,62.8838,244
504,172.1055,37519,112.425,213,112.37,104.5787,62.1812,218
505,173.7308,40653,111.1625,236,112.19,105.5149,62.4487,234
506,173.5442,37312,111.3375,219,111.26,104.9175,62.4401,215
507,171.3083,41114,109.8875,222,109.83,104.7887,63.2541,240
508,172.2558,37035,112.0625,226,112.23,105.0361,61.5817,215
509,172.6494,39882,111.2,234,111.92,105.4133,62.4763,231
510,171.6266,39989,110.725,229,111.68,104.8352,62.8497,233
511,173,40655,112.1125,230,111.79,105.8502,61.7569,235
512,172.5957,39697,110.6375,236,111.98,105.2221,63.2511,230
513,172.0084,40938,110.525,217,110.92,106.8004,62.9945,238
514,172.4643,38632,110.0375,220,110.86,104.9542,63.1496,224
515,171.8265,37630,112.6,218,112.14,105.1504,61.5445,219
516,171.9279,38168,111.35,213,112.42,105.7477,62.2092,222
517,173.0348,39798,110.4125,220,110.98,104.7339,62.3831,230
518,172.4747,37427,111.825,231,112.22,104.6293,62.0406,217
519,172.2512,37034,110.8875,215,111.32,104.522,62.3208,215
520,171.6636,37766,112.0375,220,112.26,104.2613,62.984,220
521,171.411,37539,112.3375,213,111.96,104.709,62.8332,219
522,172.2814,39797,111.4375,227,111.99,104.5585,62.2614,231
523,173.1396,38437,110.4125,218,112.21,104.7129,62.6321,222
524,171.411,40453,111.35,213,112.42,105.2898,62.6182,236
525,171.6591,37765,110.6,232,112.07,105.085,62.8158,220
526,172.5949,40905,111.5125,226,111.95,105.0797,63.0503,237
527,171.2759,39736,111.275,217,112.45,104.7979,62.4601,232
528,169.1095,46336,111.5,221,111.41,106.4537,62.4101,274
529,172.9324,38391,111.175,237,111.64,105.3702,62.9014,222
530,170.9181,39653,111.425,209,111.35,104.8793,62.4002,232
531,172.5446,38650,111.075,214,112.52,105.0085,63.1661,224
532,172.5254,40716,111.2125,218,112.05,104.9748,62.633,236
533,172.615,39011,111.175,226,111.75,104.8258,61.967,226
534,171.1847,38003,111.2125,214,111.73,104.3143,62.9078,222
535,171.195,41258,111.075,205,110.92,104.685,63.5843,241
536,171.88,38673,112.3375,214,112.14,104.1118,63.2404,225
537,171.5579,39973,111.425,226,112.18,104.5536,63.2922,233
538,171.4113,39596,111.35,226,111.99,105.0464,62.6757,231
539,170.9303,41707,110.3625,221,111.45,105.1164,63.364,244
540,169.9356,44863,112.1875,204,112.6,105.7262,62.7074,264
541,172.9587,37705,111.8375,217,112.22,105.0849,63.1342,218
542,171.8133,38658,112.1625,217,111.78,106.0227,61.9909,225
543,171.1688,39540,110.5,224,110.74,104.5183,62.5754,231
544,171.574,38261,111.675,217,112.19,105.7755,62.5939,223
545,172.1572,39424,112.225,241,112.62,104.6556,63.1764,229
546,170.9426,41710,111.7,222,111.74,105.1787,63.3293,244
547,171.0201,42584,110.7875,217,111.2,105.4277,63.7084,249
548,171.973,38178,110.8375,215,112.25,104.9866,62.5299,222
549,170.5929,38554,111.475,211,112.04,106.383,62.1156,226
550,172.0864,37859,112.1625,215,112.27,105.1995,62.392,220
551,172.7512,37487,111.0375,214,112.28,104.4131,62.2921,217
552,171.6738,40000,111.45,216,112.48,104.9239,62.688,233
553,171.2397,41440,111.5,218,112.04,105.4492,63.039,242
554,172.3134,37392,112.5,217,111.57,104.4098,62.8585,217
555,171.8739,38156,111.6125,220,112.58,104.2577,63.7933,222
556,171.1581,36799,111.75,216,112.03,105.1363,63.1591,215
557,170.5374,38712,111.2875,207,111.03,104.3389,62.7209,227
558,172.6637,39022,111.2375,220,111.06,105.2262,62.4502,226
559,171.4356,38573,111.8625,213,113.37,104.5351,62.7235,225
560,172.6812,39544,111.3875,223,111.58,105.8071,63.1,229
561,172.5982,38662,111.1,214,111.28,104.5027,62.549,224
562,170.2065,42041,111.65,226,111.82,105.4947,62.7697,247
563,172.4977,37777,111.6,225,110.78,104.3263,62.317,219
564,171.1652,38341,111.5875,220,112.7,105.0432,63.0668,224
565,172.2454,37205,111.775,218,113.07,103.8786,61.377,216
566,171.9295,39028,110.375,211,111.88,104.2877,62.0508,227
567,171.1583,41078,110.7125,212,111.94,105.281,62.9444,240
568,171.9213,37135,110.8625,214,111.23,105.3864,61.8487,216
569,171.6759,37082,110.05,222,110.78,104.6512,62.5925,216
570,173.5792,38361,110.675,218,111.94,105.966,62.5207,221
571,173.1973,38623,110.975,230,112.67,105.6236,62.5674,223
572,172.4844,38809,111.65,220,112.35,104.9422,62.5348,225
573,170.8028,37235,110.9,209,112.08,105.8673,62.0695,218
574,172.4795,37773,111.475,206,111.92,105.9492,62.5502,219
575,173.6393,38027,112.0375,209,112.33,105.113,63.3124,219
576,172.0212,40597,111.6875,205,111.99,105.3207,63.3909,236
577,172.3119,37564,111.1875,202,111.63,104.5047,62.9903,218
578,171.8,40373,111.7125,209,112.06,105.4519,62.4917,235
579,170.8773,37593,110.375,205,110.83,104.4162,63.2579,220
580,171.7149,41555,109.95,214,111.59,105.3684,63.1063,242
581,171.7373,40530,111.7,219,111.99,105.5218,63.0476,236
582,171.991,38354,111.4375,224,112.09,104.8077,61.9218,223
583,170.7632,38934,111.925,235,111.72,104.8556,62.9166,228
584,171.5794,39978,110.725,217,110.73,105.0515,62.0888,233
585,171.9301,39372,111.3,218,112.36,104.3254,62.5194,229
586,171.6195,38786,110.8125,223,111.52,105.5844,62.609,226
587,170.7357,38757,110.6625,205,111.48,105.3282,62.3866,227
588,173.5479,38007,110.325,212,111.95,105.1519,62.6647,219
589,168.5298,48031,110.85,225,111.51,104.622,62.7214,285
590,173.1481,37400,110.8875,209,111.65,105.8325,61.711,216
591,171.3389,40950,111.925,213,111.85,105.4521,62.6535,239
592,172.0737,37340,110.6625,213,111.07,104.2352,62.7623,217
593,172.5109,39505,111.8875,203,112.42,104.8483,63.0675,229
594,172.5478,39686,111.225,214,111.49,105.6737,62.4471,230
595,171.0435,39340,111.6,218,111.64,104.7688,62.8083,230
596,172.1972,37539,110.975,213,112.4,104.7314,62.5027,218
597,172.0482,39227,111.425,216,111.13,105.2236,62.9393,228
598,171.444,42861,111.675,216,112.36,105.3132,63.6473,250
599,172.1907,37021,110.9,225,111.9,104.2132,62.8942,215
600,171.8182,37800,111.5,215,111.77,104.369,62.7632,220
601,169.3532,42677,111.0875,211,112.03,105.3088,62.8193,252
602,171.0357,38312,111.125,219,111.83,104.8459,62.2578,224
603,172.3077,42560,110.7125,234,111.28,105.5696,63.8977,247
604,171.7316,39670,111.425,228,111.83,105.4514,63.0506,231
605,170.8802,37081,111.5375,204,111.11,104.3672,61.8896,217
606,170.9614,39834,110.125,240,111.07,104.1016,61.9503,233
607,172.7248,37654,111.525,220,111.97,104.0839,61.6116,218
608,171.1938,38861,110.5,215,111.68,104.6104,62.3238,227
609,172.4751,38117,110.9875,234,111.54,104.9159,62.5521,221
610,171.7991,39342,112.2625,222,111.88,104.8874,62.9871,229
611,173.3527,38831,111.575,218,111.83,105.0276,62.2465,224
612,172.4777,38635,112.6,217,113.17,103.8421,62.7938,224
613,170.8821,39132,111.0625,223,111.45,104.8232,62.8004,229
614,171.0588,40712,112.2125,205,113.05,106.1511,63.2551,238
615,172.4389,38109,111.3875,225,111.46,104.8652,62.5139,221
616,172.0127,40767,110.6625,202,111.87,105.5066,62.5613,237
617,172.7465,37486,111.55,214,111.69,104.6522,61.7567,217
618,170.4728,40743,111.075,230,111.57,104.8232,62.6704,239
619,172.8407,39062,110.35,219,111.3,105.0833,62.8748,226
620,172.1302,37008,111.4875,225,112.63,105.2299,63.1181,215
621,171.7174,39495,110.375,217,111.7,104.4195,62.9059,230
622,173.1892,38448,112.2125,220,112.42,105.7183,62.9248,222
623,171.186,44166,112.5625,215,112.57,105.2468,63.624,258
624,173.2523,37769,112.175,212,112.33,105.3183,62.3602,218
625,170.5907,40430,111.2625,214,111.58,105.0657,62.4344,237
626,172.8772,39416,111.4125,220,111.34,104.4925,63.0781,228
627,173.9349,37396,111.1125,222,111.98,105.0652,62.5401,215
628,170.3235,40537,112.2,206,111.26,104.8184,62.8745,238
629,171.9345,39373,111.8875,214,112.5,105.272,62.7019,229
630,171.7511,40018,110.9,217,111.42,105.0132,62.6418,233
631,172.0711,38716,111.8875,210,111.9,105.3513,63.5033,225
632,173.3919,38493,111.2375,226,112.07,105.5715,62.4934,222
633,171.7778,38650,110.9125,215,110.67,104.9623,61.8875,225
634,172.5917,37625,111.35,220,111.15,104.6865,62.5186,218
635,171.5217,39450,111.6375,210,111.89,104.7074,62.7832,230
636,171.9683,38005,111.825,212,112.54,105.7276,62.943,221
637,171.9955,38183,111.175,218,112.65,104.8207,63.1091,222
638,173.2247,39322,110.7125,204,112.15,104.5698,62.9262,227
639,171.9605,39207,111.825,218,112.3,104.8766,62.8849,228
640,173.1198,37567,111.6875,227,112.5,104.8298,62.1559,217
641,172.148,38389,111.4375,213,112.71,104.1483,62.1602,223
642,172.6204,37286,110.7375,220,111.31,105.476,62.1726,216
643,171.9518,39205,111.95,219,112.37,104.8792,62.3358,228
644,172.036,38192,111.45,218,111.57,104.766,62.9575,222
645,171.6955,37773,112.5875,220,112.2,104.9544,62.7734,220
646,170.8482,38270,111.2875,208,112.53,104.2791,63.2683,224
647,172.1797,37363,111.275,232,112.02,104.4118,62.2438,217
648,170.9118,40677,111.3875,216,111.08,105.2749,63.1627,238
649,171.7048,38977,111.3125,209,112.14,105.0692,62.8128,227
650,172.3468,38261,111.275,225,111.26,105.3763,62.7002,222
651,172.6844,38854,110.725,228,111.4,103.9723,62.1129,225
652,171.1689,38513,111.2875,224,112.46,104.7775,62.7273,225
653,171.4261,39428,111.4125,209,112.29,105.2499,62.728,230
654,171.8458,39009,112.1875,237,112.42,104.6292,63.4253,227
655,173.0324,37375,111.2625,232,112.08,105.4603,62.9612,216
656,170.7489,38077,110.8375,212,111.35,104.5554,62.9631,223
657,170.5042,40580,111.1625,231,111.98,105.5751,62.6444,238
658,172.0769,40266,111.5375,220,112.51,104.8319,62.5057,234
659,172.7442,37140,111.75,227,112.65,106.176,62.3498,215
660,171.7936,37451,111.2,221,112.56,104.7848,62.1122,218
661,172.2368,39270,111.775,217,111.81,105.1039,62.9613,228
662,172.2909,37904,111.825,215,111.51,105.3948,63.4698,220
663,172.5342,37785,112.0375,232,112.33,105.2019,62.9003,219
664,172.131,39418,111.5125,220,112.42,105.0635,63.2367,229
665,170.8233,39631,112.025,219,111.76,105.1021,62.2154,232
666,171.7937,38310,111.4,212,112.39,106.5929,62.1267,223
667,170.6063,37704,111.3,216,112.43,104.4856,62.9904,221
668,173.1349,37224,110.925,211,112.2,105.4101,62.3763,215
669,170.9593,37782,111.825,209,111.21,104.8987,63.0024,221
670,170.5127,40241,112.3125,215,112.59,105.6062,62.7423,236
671,171.7639,37101,111.4375,209,111.09,105.124,62.3555,216
672,171.907,36960,110.325,222,111.79,105.0331,62.9134,215
673,170.2377,45113,112.3125,228,112.25,104.6,62.981,265
674,171.5204,37906,110.85,224,110.97,105.1519,63.3171,221
675,172.4606,41563,112.1,213,112.11,105.0199,63.1362,241
676,172.6205,38667,111.475,206,111.98,104.5062,62.7104,224
677,170.7118,39093,111.25,218,111.91,105.0909,62.8027,229
678,170.7232,38242,111.175,217,111.7,105.3519,62.5784,224
679,173.8791,37384,112.1,223,112,103.8924,62.7988,215
680,170.4142,40729,110.9875,214,111.72,104.505,62.8603,239
681,172.3004,38423,112.3875,219,111.85,105.0395,62.6208,223
682,172.8818,38034,110.1875,217,112.69,104.8596,62.3944,220
683,171.4842,37898,111.3,220,111.79,105.2477,62.1737,221
684,172.5694,37275,110.575,212,111.91,105.0521,62.9489,216
685,171.6697,37424,111.8125,222,112.09,105.1981,63.002,218
686,173.4602,39202,111.2125,216,111.23,105.2377,62.845,226
687,172.0605,36993,111.2625,214,111.57,105.0568,62.9304,215
688,172.5561,38480,110.075,218,111.27,104.7945,62.7931,223
689,171.5945,43585,111.25,215,111.6,105.0555,63.4704,254
690,171.0641,40029,111.2875,224,112.96,105.0415,62.2591,234
691,171.9907,36978,110.925,208,111.66,104.3431,61.8058,215
692,172.2648,37726,110.825,222,111.86,104.3553,62.0387,219
693,172.8468,38372,111.125,226,111.55,105.0474,63.0904,222
694,171.036,42759,111.9,218,111.53,105.0775,63.1587,250
695,171.422,37370,110.325,218,110.94,103.6466,63.1409,218
696,171.8995,37646,111.9375,217,112.02,104.5237,61.583,219
697,172.6147,37630,110.575,209,112.33,105.1136,62.5108,218
698,171.457,37892,112.2,215,112.67,105.7826,62.5139,221
699,172.455,38285,111.0375,219,111.81,104.521,62.6895,222
700,172.6009,37627,111.3125,206,111.78,104.812,62.1274,218
701,169.0861,41257,110.9125,208,111.61,105.3896,63.2059,244
702,170.8482,43908,111.7375,217,112.09,105.9312,63.5671,257
703,172.2188,38577,111.575,222,111.59,105.1013,61.8438,224
704,172.9174,37696,111.45,234,111.83,105.2988,62.2673,218
705,172.0043,39905,111.325,222,112.43,105.4197,63.2172,232
706,171.1603,40565,111.7875,231,112.08,104.2594,62.4059,237
707,170.1229,40149,110.8875,213,112.47,104.9133,63.0564,236
708,171.4292,38743,110.9125,217,111.53,104.6879,62.6553,226
709,171.2682,37679,111.3625,216,111.65,104.4635,63.2772,220
710,169.3357,47414,111.7375,221,111.93,105.2177,64.4467,280
711,170.9087,37429,111.1875,221,111.81,105.3542,63.0914,219
712,171.0138,37281,111.6375,221,112.26,104.8843,62.6647,218
713,173.2798,37775,112,212,111.94,105.1068,62.2442,218
714,171.4431,42175,111.3625,212,111.7,105.2495,63.0315,246
715,172.1441,38216,110.675,207,111.11,105.2224,62.9126,222
716,171.8673,38842,111.3,219,111.29,104.768,63.1642,226
717,173.1193,37740,110.4125,231,111.87,104.809,61.9734,218
718,171.6054,38268,112.575,215,112.24,104.9628,63.0826,223
719,171.4435,39432,111.1875,213,111.85,105.0259,62.6819,230
720,171.7111,38635,111.6375,214,112.1,105.3666,63.9544,225
721,170.9095,37771,111.4875,220,112.27,104.6775,61.6911,221
722,171.137,37479,110.8125,220,111.4,104.3781,62.1683,219
723,170.5388,39565,111.6625,222,112.14,105.262,62.6168,232
724,171.0685,37464,112.525,216,112.84,104.8348,62.1947,219
725,172.5516,38479,112.0625,210,111.78,105.2305,62.7746,223
726,172.8884,37171,110.7,221,111.76,105.6145,63.2815,215
727,170.8043,40139,111.2125,215,111.31,104.2914,62.9778,235
728,171.4025,40451,110.9875,216,111.66,104.8987,63.4245,236
729,170.8874,37937,111.5875,221,111.59,104.7881,62.0061,222
730,172.8106,39228,110.6375,212,112.1,105.0545,62.8446,227
731,171.616,40673,111.4625,215,111.91,104.7386,63.2715,237
732,171.2982,37343,110.8625,226,111.3,104.7234,62.6584,218
733,172.1382,37354,111,218,111.54,105.192,62.5099,217
734,171.1607,38340,111.5875,207,111.26,106.0582,63.1766,224
735,172.4816,42258,111.2625,234,111.04,104.8789,63.2529,245
736,171.9253,41434,111.2875,228,111.37,105.3884,63.6211,241
737,172.4558,37078,111.825,209,111.17,104.3415,63.0994,215
738,171.2521,40073,110.5,229,110.5,105.0549,62.6443,234
739,172.0139,37155,111.125,223,111.69,104.9023,62.6215,216
740,171.4064,37538,110.8125,226,112.07,104.8552,62.3463,219
741,171.5721,38089,111.9,224,111.65,105.4077,63.0796,222
742,172.2172,38060,111.25,209,112.55,105.3077,62.5052,221
743,173.0498,38244,112.1,214,111.46,104.8113,62.387,221
744,171.9705,40757,112.05,222,111.87,105.8626,63.2283,237
745,171.393,39249,110.8875,217,111.62,105.0492,61.8734,229
746,169.7778,42784,111.025,215,111.32,104.5873,63.1553,252
747,171.821,39347,111.7875,207,112.51,104.6289,63.2971,229
748,171.9488,36969,112.0625,216,112.12,105.3107,62.3211,215
749,171.75,39159,110.775,210,111.67,104.8108,62.3924,228
750,171.6609,39997,110.625,204,111.51,104.2548,63.0389,233
751,171.5541,39629,110.375,217,111.12,105.3593,62.9004,231
752,171.8987,39021,110.5625,215,112.26,105.2408,61.4051,227
753,172.6884,37128,110.825,217,112.03,104.8532,61.9021,215
754,170.5297,37346,110.5375,215,111.76,103.9672,62.627,219
755,171.8444,38665,112.375,220,112.62,105.7634,62.1448,225
756,171.2304,39383,110.95,228,111.29,104.734,62.2142,230
757,172.4324,38280,111.175,240,111.96,104.6105,62.1019,222
758,172.9583,37359,111.625,207,113.01,104.518,63.2868,216
759,173.75,38920,112.2,228,111.74,105.1427,63.0564,224
760,174.105,38129,110.7,228,111.13,104.9426,63.108,219
761,171.7769,41570,111.5375,228,112.94,105.1429,62.7502,242
762,174.0609,40034,110.5375,228,111.57,105.4665,63.3625,230
763,174.6527,41742,111.175,222,111.71,105.3826,63.0381,239
764,173.8479,37725,110.525,217,111.73,104.9308,62.9067,217
765,171.2554,47609,111.1625,238,111.3,105.8083,63.0612,278
766,174.6681,39999,111.475,247,112.89,104.9693,62.8848,229
767,173.8745,40165,110.35,228,111.72,106.0209,63.123,231
768,174.5865,41377,111.7,246,112.11,105.2283,63.3967,237
769,172.7945,43717,111.6625,232,111.92,106.8861,62.7717,253
770,173.5385,38352,111.3375,230,111.7,104.7269,62.2252,221
771,175.8698,37812,111.3,221,111.68,105.568,62.1974,215
772,175.0439,39910,110.95,250,111.26,104.7938,62.5337,228
773,174.4568,42393,111.625,218,111.98,105.7291,63.5136,243
774,175.0565,40263,111.75,218,111.92,105.0637,63.6399,230
775,174.0938,38997,110.6375,217,111.24,105.5059,61.5664,224
776,174.7578,38971,111.0375,246,111.81,104.6021,62.6997,223
777,173.3502,44551,110.725,226,111.96,106.2629,63.5824,257
778,175.3004,39092,111.7625,230,112.36,105.2391,61.8167,223
779,176.3196,38614,111.5,224,112.44,105.0165,61.7627,219
780,174.9913,40248,111.2,216,111.33,105.2845,62.4123,230
781,176.8265,38725,111.9,231,111.33,104.7496,62.0896,219
782,176.0413,38377,111.15,213,111.13,104.7836,62.4095,218
783,175.3644,39457,112.075,226,112.06,104.9549,62.6689,225
784,175.7991,38500,110.9625,211,112.3,105.5508,62.465,219
785,175.6852,37948,111.55,226,111.54,104.6354,62.3728,216
786,175.5747,38802,111.6125,225,111.62,104.8659,62.6511,221
787,175.7883,39025,110.8125,216,111.62,104.721,61.8379,222
788,174.794,40727,111.4125,222,111.58,105.4043,61.813,233
789,175.5045,38611,110.925,237,111.36,105.1227,61.8906,220
790,173.5768,41832,111.8375,220,112.3,104.7411,63.0255,241
791,175.3661,39282,110.4625,226,111.37,104.8105,62.7252,224
792,174.6623,40347,111.0875,223,110.96,105.0746,63.052,231
793,174.4821,39084,111.5125,214,112.48,104.8347,62.198,224
794,172.9848,45668,111.2875,228,111.68,105.1477,62.6661,264
795,176.7489,38708,110.5625,221,112.18,105.2407,63.2008,219
796,177.9087,38962,112.2875,219,112.04,105.3279,62.1668,219
797,176.653,38687,110.2,221,111.56,104.8771,61.5329,219
798,175.792,39729,110.7625,240,111.24,105.2171,62.6599,226
799,176.8676,38734,110.6,226,110.61,105.2297,61.9846,219
800,175.9775,39067,110.9,235,111.25,105.7008,62.4521,222
801,175.302,42949,111.425,240,111.72,106.2815,62.3468,245
802,177.6942,43002,111.6875,224,111.91,105.5735,62.1163,242
803,183.1488,39377,111.0625,228,110.77,105.3411,61.7168,215
804,182.493,39236,111.8,234,112.51,104.7647,62.2679,215
805,182.5596,39798,111.3375,245,111.51,105.2936,62.0323,218
806,184.8733,40857,110.8625,235,112.4,105.6237,62.2362,221
807,186.788,40533,111.375,230,112.58,105.6669,61.7683,217
808,188.9023,40614,111.2875,254,112.36,106.0779,61.3806,215
809,188.234,44235,111.25,239,112.11,106.226,61.9775,235
810,187.354,42342,111.7125,251,111.94,106.3389,61.8088,226
811,189.05,41591,111.2375,253,112.05,105.4822,62.1773,220
812,186.2694,40793,111.15,260,111.07,106.2322,61.5169,219
813,187.7626,41120,111.1625,234,112.24,105.2539,61.7927,219
814,187.64,42219,111.3,243,111.15,105.3724,62.2932,225
815,184.8438,41405,112.6375,233,112.07,106.0274,61.444,224
816,186.507,40099,110.9375,241,111.1,104.9716,61.9137,215
817,186.5536,41788,110.525,259,111.61,105.8682,62.2391,224
818,183.7131,43540,111.625,233,111.65,105.0867,61.8416,237
819,185.1581,39809,111.225,235,111.9,105.8327,62.1101,215
820,188.04,42309,110.575,250,112.5,105.3793,61.6947,225
821,189.7176,40979,112.175,257,111.94,104.8907,62.1198,216
822,189.5312,42455,110.9625,272,112.03,105.437,62.1605,224
823,190.0548,41622,112.15,241,111.9,105.5231,61.454,219
824,189.2731,40883,111.175,250,111.68,104.9422,61.7925,216
825,190.7955,41975,111.35,245,111.82,105.4994,61.1667,220
826,190.7297,42342,110.575,247,112.06,105.5881,61.6479,222
827,192.5727,42366,111.9875,252,112.46,105.7829,61.3999,220
828,191.7248,41796,110.8875,246,111.23,105.2744,61.8962,218
829,190.0046,41231,110.85,257,112.09,105.8354,61.7,217
830,191.1376,41668,111.075,248,111.23,104.8981,61.6042,218
831,189.0136,41772,111.3375,241,112.48,105.5205,62.0811,221
832,190.1843,41270,111.275,260,111.84,105.3793,61.7944,217
833,189.0455,41590,110.4375,269,110.49,105.0762,61.2962,220
834,185.9315,40719,111.2625,232,111.86,105.0435,61.9259,219
835,183.7013,42435,111.6625,246,112.38,104.9727,61.8042,231
836,184.4072,40754,111.1,238,111.85,105.0772,61.203,221
837,184.2455,40534,110.525,242,111.26,105.7025,61.4381,220
838,183.1391,42122,112.425,240,112.59,105.2202,61.5353,230
839,182.4864,40147,112.55,235,111.81,105.1755,62.2044,220
840,183.1429,41024,111.75,223,111.43,104.9318,61.8252,224
841,184.3901,41119,111.125,239,111.15,105.7015,62.3994,223
842,183.4044,41266,111.25,236,111.95,105.6777,62.4015,225
843,185.7209,39930,111.0125,229,111.02,105.3868,61.9381,215
844,188.8433,40979,110.6875,248,111.42,104.8524,62.5216,217
845,187.1818,41180,111.05,253,112.81,105.4066,61.4772,220
846,186.3134,40430,111.15,253,111.43,105.9445,61.4916,217
847,187.9507,41913,111.425,253,111.6,105.7141,61.7026,223
848,188.2558,40475,111.5375,240,111.35,105.2116,61.7473,215
849,188.6091,41494,111.4625,262,111.87,106.0362,61.1825,220
850,190.5694,41163,111.1625,263,111.92,105.2805,61.9748,216
851,188.9498,41380,111.575,242,112.22,105.0905,61.3103,219
852,187.9351,43413,110.825,235,109.91,104.9758,62.2059,231
853,185.4229,42091,110.25,242,111.36,105.1403,61.4866,227
854,185.097,43868,111.325,251,111.83,105.4447,62.2893,237
855,185.8584,40703,110.925,236,112.35,104.9432,62.0975,219
856,185.0682,40715,111.1125,243,110.4,105.9202,62.5719,220
857,185.3556,41705,110.975,246,112.2,105.3087,62.0913,225
858,185.8045,40877,111.6125,246,111.9,105.7245,61.7208,220
859,187.2442,40632,111.9875,236,112.13,105.5609,61.5626,217
860,186.7668,41649,111.4375,239,112.18,104.8911,61.7507,223
861,186.0901,41312,111.45,246,111.62,105.2999,61.697,222
862,187.6244,41465,111.0875,262,111.76,105.5622,61.1858,221
863,188.7838,41910,111.4,255,111.23,105.162,61.8755,222
864,188.789,41156,110.7375,240,113.31,105.4979,61.9258,218
865,188.3167,41618,110.75,254,111.96,104.9036,61.7972,221
866,189.2454,40877,112.375,246,112.93,105.3545,61.3813,216
867,189.0495,41969,111.625,261,111.75,105.3752,61.6578,222
868,189.2279,40684,111.45,250,112,105.3392,61.4426,215
869,188.5899,40924,110.875,255,112.18,105.6784,61.4066,217
870,187.088,40411,111.5875,241,111.73,105.3796,61.6035,216
871,186.0633,41120,111.4125,240,111.88,105.2081,61.5151,221
872,185.7682,40869,111.0375,233,111.86,105.7101,61.7533,220
873,183.7054,41150,111.325,229,112.03,105.4807,61.9344,224
874,184.5677,42266,110.5125,244,111.15,104.8969,61.8035,229
875,185.4424,40241,111.5625,246,111.29,105.2972,62.0474,217
876,184.3816,42039,111.275,247,112.86,105.3609,62.0085,228
877,183.2072,40672,110.7625,236,112.57,104.9252,62.2293,222
878,182.5068,39969,110.875,225,111.92,105.4738,61.7655,219
879,181.2291,41139,111.575,228,111.05,105.3703,61.862,227
880,181.4842,40108,110.825,227,111.41,104.7728,62.3113,221
881,179.3919,39825,111.325,234,111.39,105.4773,61.6689,222
882,179.5535,38604,111,224,112.28,105.3023,61.6744,215
883,178.3587,39774,110.7,220,110.93,106.0643,61.8005,223
884,177.5631,39419,111.45,227,111.76,105.3541,61.9517,222
885,176.1814,39817,111.6125,227,112.25,106.1634,61.9484,226
886,176.6996,41171,111.1875,251,111.12,104.8371,62.5,233
887,178.106,38649,111.3125,234,112.64,105.5882,62.4357,217
888,176.9369,39280,111.6625,238,111.96,105.1868,61.602,222
889,175.6698,37769,111.4,221,111.97,104.9757,61.8609,215
890,176.6279,37975,111.875,234,111.75,104.8351,62.2231,215
891,175.578,38276,111.325,226,111.55,105.1118,62.4878,218
892,175.8326,37804,111.25,215,111.41,104.9553,62.1522,215
893,176.6804,38693,111.825,238,111.23,104.2706,62.9948,219
894,174.9954,37974,111.625,227,111.31,104.9837,62.9464,217
895,174.8303,38113,111.3875,212,111.66,104.5813,62.4204,218
896,174.2978,39217,111.6625,231,111.38,105.5936,62.423,225
897,174.292,39390,111,217,112.07,105.5907,62.1931,226
898,173.9462,38790,111.75,222,111.26,105.4398,62.7677,223
899,174.4934,39610,111.375,227,111.68,105.2279,63.3679,227
900,174.1111,39175,111.95,225,111.59,105.2005,61.8346,225
901,175.0856,38869,111.475,226,111.44,105.0022,62.1659,222
902,174.4338,38201,111.425,222,111.36,104.6398,61.9741,219
903,175.069,40616,112.025,222,112.05,105.1723,62.7224,232
904,174.9274,40933,111.6,235,111.31,105.4601,62.5075,234
905,174.7824,37753,112.4875,225,112.52,105.3681,61.6507,216
906,173.4955,38516,111.8125,212,111.7,104.7502,61.5868,222
907,173.7117,38564,110.5875,224,111.93,105.0488,62.1183,222
908,174.6452,37898,110.6875,224,111.11,104.6073,62.2859,217
909,171.9723,43509,111.1375,218,111.76,105.1544,62.6891,253
910,173.3243,38478,111.55,221,112.19,105.086,61.2377,222
911,172.7824,41295,111.7375,216,113.24,105.6848,63.4294,239
912,172.7455,38695,111.1,226,111.41,105.4641,62.1386,224
913,172.5702,41762,111.125,226,111.37,106.0724,62.6943,242
914,172.2115,39092,111.5375,220,111.26,105.8094,63.0368,227
915,174.4874,41528,111.5625,213,112.39,104.8639,62.9109,238
916,172.9442,37183,111.6375,221,112.65,105.3292,63.065,215
917,173.1847,38447,111.1375,236,111.97,104.0516,62.5255,222
918,171.5751,39977,110.8,225,111.71,104.8481,63.1612,233
919,173.1622,38442,110.8375,223,111.7,105.6624,63.0864,222
920,173.1488,37227,110.8625,226,111.25,104.9254,62.1946,215
921,172.968,37880,111.1375,221,112.25,104.2205,62.0336,219
922,173.4574,38681,111.575,208,111.11,104.9988,62.3966,223
923,171.7831,42774,110.05,216,111.12,105.7602,62.4723,249
924,172.1802,38224,111.65,218,111.85,104.9851,61.0677,222
925,170.8368,40830,111.5,228,111.65,103.9311,62.6174,239
926,170.3668,39014,110.875,227,111.56,105.1888,63.1243,229
927,171.274,37509,112.1375,231,112.99,103.7645,62.3981,219
928,171.5221,38764,111.5625,219,112.36,105.3447,63.4074,226
929,172,38528,111.0125,219,111.11,105.1867,61.6333,224
930,170.3436,38668,111.5125,211,111.85,105.4468,61.4382,227
931,172.2851,39281,111.525,211,111.1,105.8568,62.6059,228
932,171.3394,37352,112.275,218,112.54,104.9536,62.3563,218
933,170.9174,39311,110.6125,208,110.79,104.9681,62.5632,230
934,169.4137,42184,112.125,215,112.24,104.3066,62.4774,249
935,171.7297,38124,111.9125,207,111.6,104.4384,62.4497,222
936,171.2469,41613,111.75,217,111.47,105.0876,62.7199,243
937,171.3843,37019,111.2375,217,111.46,104.3637,62.3853,216
938,170.8202,38947,110.6125,234,111.81,104.9744,62.2374,228
939,172.2569,37552,110.4875,218,111.32,103.8852,63.0676,218
940,171.2227,40751,111.775,214,112,105.0309,63.259,238
941,168.7745,39662,111.15,210,110.82,105.8748,62.5921,235
942,170.2273,41195,111.5,213,111.73,105.1823,63.2782,242
943,171.6301,37587,111.35,205,111.5,105.026,62.0405,219
944,171.1765,37830,110.6125,210,111.66,105.425,62.6892,221
945,172.3364,37914,111.2375,217,111.9,105.071,62.6856,220
946,171.8044,38656,110.95,215,111.65,105.1227,63.2644,225
947,170.7895,38940,111.2125,222,111.15,104.6963,61.7827,228
948,171.4907,37042,110.6125,227,112.01,103.825,61.9583,216
949,171.6906,38287,110.875,205,111.5,104.7501,62.2666,223
950,171.307,39058,111.225,223,111.76,104.1679,63.2702,228
951,170.4318,37495,110.2375,219,111.93,104.8645,63.9559,220
952,171.1162,41239,110.6125,224,111.54,105.7945,63.4406,241
953,171.9217,39542,112.0875,217,112.63,104.5552,62.5316,230
954,170.4955,38191,111.325,202,110.45,104.6805,63.0186,224
955,172.9401,37528,110.475,228,111.29,103.9761,62.1487,217
956,172.2326,37030,111.5375,218,112.04,105.7599,62.425,215
957,170.5947,38725,110,211,111.77,104.1733,61.6423,227
958,171.7431,37440,111.325,214,111.66,105.3915,62.8697,218
959,170.2457,39497,109.8375,208,112.08,104.9493,62.8051,232
960,170.8784,37935,110.925,210,109.82,105.1473,62.4514,222
961,170.585,43158,111.15,219,111.72,106.0411,62.7583,253
962,170.5042,40239,110.85,200,111.54,104.3157,62.5106,236
963,171.2685,36994,111.0875,205,111.53,104.8258,62.9578,216
964,170.5867,38382,111.5625,208,111.91,105.1276,62.0419,225
965,172.6216,38322,111.25,214,111.19,104.3931,61.9158,222
966,171.6083,37239,110.6625,221,111.45,104.5684,62.8303,217
967,169.7149,37507,111.3875,214,111.45,105.5183,62.5446,221
968,170.9655,39664,111.9375,215,112.17,104.5651,62.2599,232
969,170.75,36882,111.725,210,111.82,105.3544,62.2366,216
970,171.2222,38525,110.9,219,111.14,104.7107,61.7361,225
971,169.9283,40273,111.175,207,112.79,104.9991,62.6522,237
972,170.8512,36733,110.85,214,111.57,105.1679,61.4606,215
973,170.7763,38937,111.6625,216,111.65,105.4424,62.0378,228
974,171.3486,37354,111.0125,207,111.75,105.7658,63.1414,218
975,168.5154,43814,112.375,215,112.26,105.2975,63.3592,260
976,170.412,39706,110.1,214,111.11,104.6855,62.3686,233
977,169.9561,38750,110.925,214,112.87,104.9882,62.5004,228
978,170.5229,37174,112.075,209,111.93,105.3391,63.0199,218
979,169.7742,36841,110.9,212,110.73,105.0818,62.5882,217
980,170.9234,37945,111.7875,205,111.48,104.7629,62.9541,222
981,173.0045,38580,112.2875,215,112.49,104.5922,63.516,223
982,171.7604,37272,111.9125,214,112.59,104.7304,62.3674,217
983,170.5598,39911,111.3375,220,112.02,104.9005,62.9403,234
984,170.8717,38617,110.9375,235,111.34,104.5879,62.1415,226
985,170.8203,37068,110.6625,220,111.81,105.3668,61.9994,217
986,169.2419,36387,111.225,206,111.54,104.9966,61.9795,215
987,170.5408,39736,111.35,199,111.53,104.4187,61.7856,233
988,170.2045,37445,110.4,213,112,105.5314,63.9937,220
989,169.7357,38530,111.425,220,111.48,105.0717,61.644,227
990,169.6311,38167,111.425,202,111.89,105.3186,62.243,225
991,171.4643,38408,112.3875,212,112.6,105.6104,63.3976,224
992,170.3787,40039,112.7,210,112.19,105.1161,62.9373,235
993,170.4758,38698,112.025,210,111.77,104.8337,62.9044,227
994,169.2108,37734,111.725,211,111.24,104.4625,61.7644,223
995,169.8652,39069,111.25,218,111.22,105.4513,62.0993,230
996,170.6798,38915,110.2875,216,111.23,105.0505,63.2818,228
997,170.7203,40290,111.6,227,112.1,104.4185,62.3764,236
998,170.4727,37504,110.5875,215,111.76,105.0634,62.677,220
999,169.7669,40065,112.525,212,111.53,105.0247,63.0571,236
1000,169.0749,38380,111.1375,207,111.66,104.91,62.2798,227
1001,170.8978,38452,111.675,213,111.7,105.9695,61.4277,225
1002,169.4346,40156,110.325,203,111.19,104.7788,62.8617,237
1003,170.0633,40305,111.8375,220,112.35,105.5246,63.5015,237
1004,171.175,41082,112.025,212,111.98,104.9828,62.7224,240
1005,169.0625,43280,111.3125,218,111.58,104.4227,62.2567,256
1006,168.9005,37327,110.975,210,111.75,104.6524,62.841,221
1007,169.4651,36435,111.3375,213,111.89,105.3345,61.8648,215
1008,170.2697,41035,111.4625,213,111.61,104.9798,63.5319,241
1009,169.8161,37869,110.825,204,111.86,105.0362,62.3624,223
1010,170.8377,38951,111.375,210,111.17,105.2858,62.8833,228
1011,169.2213,41290,111,210,112.14,105.438,63.1397,244
1012,170.6364,37540,111.475,207,112.12,104.6767,63.1536,220
1013,170.3717,38504,112.8125,202,112.26,105.5663,62.8053,226
1014,169.4652,38977,112.05,220,111.35,105.3945,61.9186,230
1015,170.1667,42882,110.5625,222,111.88,105.3883,63.0666,252
1016,169.8442,39234,110.95,222,111.3,104.2105,62.6068,231
1017,170.4,38340,111.85,217,112.03,104.6005,62.7859,225
1018,169.4353,39309,111.05,214,111.66,104.7,63.3734,232
1019,169.6226,43593,111.6625,220,112.07,106.153,63.8896,257
1020,170.0636,37414,110.4125,214,110.8,105.4964,62.8046,220
1021,170.0502,37241,111.6125,213,111.32,105.1311,62.874,219
1022,171.5339,40482,111.2875,217,112.24,104.6131,63.0694,236
1023,169.2581,36729,111.625,203,112.12,104.459,61.7143,217
1024,170.7378,38416,112.2125,213,111.77,104.7258,62.2053,225
1025,170.859,38785,109.625,211,111.01,104.2959,63.214,227
1026,167.8413,45485,112.975,206,111.86,104.9924,64.2169,271
1027,168.6332,43676,110.9,225,111.63,104.2877,63.0121,259
1028,170.5983,39920,112.5125,222,112.2,104.7468,62.8401,234
1029,171.3041,37173,111.475,212,111.29,104.2419,62.6007,217
1030,170.416,40559,113.0125,232,112.01,104.1024,63.2012,238
1031,170.3705,38163,111.425,210,110.99,103.8648,63.179,224
1032,171.0708,38662,110.5375,212,111.15,104.9282,63.218,226
1033,170.8125,38262,111.55,214,113.02,105.0578,62.8137,224
1034,169.2133,38073,110.5875,211,112.47,105.3741,62.4485,225
1035,170.6809,40110,110.825,211,111.54,104.9755,63.2014,235
1036,171.9767,36975,111.8,210,111.64,105.7243,61.8727,215
1037,170.6348,39246,111.0125,223,111.63,106.5919,63.2148,230
1038,172.1651,37532,111.6,217,112.31,105.0869,62.5925,218
1039,170.6667,38400,111.7875,212,111.19,105.3317,63.3918,225
1040,169.8238,41437,111.6625,212,111.95,105.0706,62.8592,244
1041,170.0551,40133,111.15,221,111.63,105.5188,62.7627,236
1042,169.2689,40286,110.775,204,111.3,105.1146,63.3979,238
1043,167.4596,45549,111.525,213,111.12,105.5985,63.6071,272
1044,171.3624,37357,111.85,208,111.72,104.2314,63.0979,218
1045,170.0946,37761,110.825,222,111.3,104.7932,61.8595,222
1046,170.9954,37448,111.75,214,111.96,105.5206,62.6284,219
1047,171.8319,39865,111.675,216,111.39,104.6681,62.5214,232
1048,170.6352,39758,110.85,220,111.66,104.5562,63.1875,233
1049,170.4062,38171,110.95,212,111.26,105.1513,61.8333,224
1050,170.7854,37402,112.1,214,112.21,104.6767,62.3852,219
1051,170.6894,40112,112.2125,219,111.73,105.4091,62.9226,235
1052,170.2269,44259,111.0875,212,111.1,104.9819,63.2023,260
1053,171.6681,39827,110.9625,228,112.18,104.8473,62.844,232
1054,168.8031,43720,111.8375,212,111.5,105.4607,63.1916,259
1055,171.6991,38804,110.4875,214,111.37,105.2122,63.0854,226
1056,169.4405,42699,111.2625,216,111.81,104.827,63.9868,252
1057,170.8843,36911,112.275,221,111.64,104.8053,63.272,216
1058,170.0444,38260,111.525,213,111.77,105.1937,62.7443,225
1059,170.5068,37682,112.075,217,112.27,104.7543,63.4103,221
1060,170.8161,38092,111.9875,212,112.72,104.7728,62.2007,223
1061,171.4679,37380,111,209,112.01,104.325,62.5752,218
1062,169.4605,38637,110.625,211,112.43,105.2042,62.3474,228
1063,172.7454,37313,111.8,234,111.66,105.4804,61.9124,216
1064,170.1755,41693,110.55,219,111.99,105.1717,63.1804,245
1065,170.6359,37028,110.575,208,110.89,105.189,62.7916,217
1066,170.9595,37953,111.0125,211,111.86,105.4496,62.5904,222
1067,171.2146,37496,111.2,208,112.14,105.7541,62.9508,219
1068,170.0498,37581,111.3625,221,111.83,105.0866,62.2885,221
1069,170.022,38595,110.6,210,111.3,105.1946,62.4641,227
1070,167.9769,43674,111.575,213,112.03,106.3548,63.6044,260
1071,170.2531,41031,111.2125,209,112.03,105.8656,63.8675,241
1072,170.9437,39488,111.75,223,111.37,105.9185,62.8108,231
1073,170.2658,37799,111.3625,217,111.51,106.3208,61.7198,222
1074,171.0273,37626,110.6875,215,112.15,104.5854,62.2795,220
1075,171.3256,36835,110.5125,219,110.82,105.535,62.12,215
1076,170.0913,39121,111.2375,211,111.43,104.8148,61.9693,230
1077,170.945,37266,110.875,215,111.48,104.9315,62.0322,218
1078,170.0237,43016,111.6,218,111.61,104.9813,63.3468,253
1079,171.2698,36823,111.775,213,112.27,104.8843,62.6801,215
1080,170.7913,39282,111.45,228,111.16,104.3925,63.6388,230
1081,171.53,37222,110.575,221,111.84,105.0383,61.703,217
1082,171.04,38484,110.4375,220,111.16,104.6621,62.4128,225
1083,169.4436,45072,111.8,212,112.39,105.1183,63.5593,266
1084,168.7531,40332,112.475,221,112.76,105.6704,63.0042,239
1085,169.4837,36439,112.25,223,112.84,104.5189,62.6268,215
1086,170.1667,40840,110.425,215,111.34,105.2958,62.4448,240
1087,171.347,37525,110.3625,220,110.93,105.0972,63.526,219
1088,169.5709,41884,112.05,229,112.17,104.5798,63.3859,247
1089,170.1568,40157,111.25,215,111.34,105.7021,62.101,236
1090,171.307,36831,111.0625,211,111.1,104.9902,62.6103,215
1091,170.376,41231,112.1,202,111.1,105.3317,63.5528,242
1092,170.4537,36818,111.725,210,110.99,104.8253,63.0185,216
1093,169.1532,39751,110.575,209,110.77,104.1218,61.9834,235
1094,169.8522,39066,111.5125,217,111.85,103.9173,62.8597,230
1095,171.8009,37109,111.2,205,111.46,104.8405,63.2982,216
1096,168.563,42815,111.25,209,110.46,104.9585,63.0251,254
1097,171.8688,37983,111.1625,211,112.73,106.0383,63.6355,221
1098,171.4286,37200,111.5125,222,111.84,104.999,62.7631,217
1099,168.3777,39232,110.875,217,111.5,106.4477,62.6347,233
1100,170.1234,39979,112.025,225,112.47,105.176,62.4706,235
1101,170.3478,39180,112.2125,220,112,105.9166,62.5701,230
1102,169.8259,38041,111.0125,240,111.39,105.5221,63.2831,224
1103,170.9914,39670,111.2125,209,111.93,105.9583,63.5063,232
1104,169.5496,41031,111.375,219,111.11,105.9537,64.1414,242
1105,168.1739,38680,110.6625,208,111.22,105.4725,62.5344,230
1106,170.2946,38146,111.35,205,111.73,104.3955,62.3755,224
1107,169.4842,37456,111.95,222,111.59,104.6948,61.8627,221
1108,170.0134,38083,111,203,112.11,105.9273,62.1528,224
1109,170.7193,38924,112.1625,206,111.53,105.2665,62.5534,228
1110,170.3739,37823,111.825,215,111.29,105.0479,62.3493,222
1111,170.0558,39623,111.125,207,111.71,103.981,62.651,233
1112,169.5392,36790,111.125,211,111.39,105.3582,62.3314,217
1113,171.2791,36825,111.7875,215,112.12,104.6281,62.6832,215
1114,169.8649,37710,111.4125,219,111.44,106.6545,62.2708,222
1115,169.6422,39357,110.4375,217,111.61,104.9953,62.0476,232
1116,171.3216,38890,110.9125,212,111.88,105.1651,62.7863,227
1117,170.3874,37826,110.5125,205,111.48,105.722,62.9389,222
1118,168.004,42337,111.5,208,112.42,105.8906,63.7808,252
1119,169.1435,38903,112.4625,204,111.27,104.8253,62.4586,230
1120,169.3291,40131,111.575,212,112.14,105.6834,62.23,237
1121,170.4654,36991,111.0875,207,111.32,105.1182,63.0285,217
1122,168.9806,43597,111.2875,223,111.44,105.3778,63.324,258
1123,170.0809,39969,110.8,211,111.02,103.5995,62.8239,235
1124,168.211,39866,111.3875,222,111.74,105.7547,62.2074,237
1125,170.9074,36916,110.6375,209,111.75,105.2232,62.5432,216
1126,171.2047,36809,111.8875,222,112.07,105.5102,62.7042,215
1127,169.682,40554,111.3625,217,111.78,105.1707,63.7236,239
1128,170.1739,39140,111.325,217,112.37,104.9533,63.1369,230
1129,170.3792,40891,112.0625,235,112.67,105.416,63.1715,240
1130,168.5146,46173,111.2125,215,112.31,104.4979,63.606,274
1131,170.5538,42809,110.35,212,111.6,104.5505,62.9105,251
1132,169.4883,43389,110.95,210,112.66,105.4735,64.0798,256
1133,170.8042,40993,111.475,214,111.62,104.571,63.3429,240
1134,169.3217,38944,112.225,204,112.32,105.1467,63.4078,230
1135,169.8914,37546,111.9375,206,112.1,104.7213,62.9122,221
1136,169.9711,41133,111.1375,210,112.37,105.7353,62.0795,242
1137,171.0602,36949,110.9875,222,110.73,104.6623,62.6757,216
1138,170.6416,38565,110.275,218,111.37,104.5251,62.7181,226
1139,171.6347,37588,111.25,215,111.56,105.6417,62.5813,219
1140,171.5349,36880,111.55,219,111.55,103.6306,62.3716,215
1141,171.4781,39097,111.725,217,112.01,104.3907,62.4528,228
1142,168.679,45712,111.6125,213,111.5,106.5809,63.5833,271
1143,171.4069,39595,110.75,214,110.5,106.5669,62.8017,231
1144,170.1532,37774,111.675,213,111.82,105.8681,62.629,222
1145,169.4016,43028,111.5875,210,111.69,105.4324,62.9564,254
1146,168.9113,41890,111.6,223,111.68,105.3552,63.939,248
1147,171.6,36894,111.075,213,111.53,105.8465,62.0557,215
1148,169.4037,36930,110.15,216,110.87,104.6709,62.6784,218
1149,169.6348,39016,111.6875,215,111.69,104.1665,62.849,230
1150,169.5447,39843,112.1875,218,111.81,105.5527,62.2516,235
1151,173.0744,37211,110.75,223,111.07,105.4578,62.9651,215
1152,172.0269,38362,111.875,211,111.05,104.5274,62.9553,223
1153,169.9826,39096,110.9875,201,111.53,104.8912,62.2223,230
1154,170.6944,36870,110.6,215,111.19,104.4532,61.5929,216
1155,170.4884,36655,110.125,224,111.84,105.7272,61.8341,215
1156,171.2442,37160,111.25,213,111.15,105.2504,62.2673,217
1157,170.1191,39978,112.2125,205,112.79,105.2433,63.0923,235
1158,171.2667,38535,111.225,207,111.54,105.1152,63.1199,225
1159,170.7143,39435,111.075,218,111.67,105.6172,62.055,231
1160,169.7227,40394,110.5,211,111.28,104.8306,62.2879,238
1161,169.9095,41288,110.7375,211,111.17,106.1839,62.6052,243
1162,169.7409,37343,111.475,215,111.56,104.9743,61.5032,220
1163,170.7362,40123,111.8875,211,112.2,104.6883,62.3146,235
1164,170.9817,37445,111.1375,224,111.27,104.9005,62.4916,219
1165,170.304,38659,111.275,220,111.28,105.8349,62.1036,227
1166,169.3389,40472,111.0375,215,112.06,105.2557,62.5198,239
1167,169.9458,40787,110.9,211,111.82,105.5496,62.932,240
1168,171.032,37456,110.675,222,110.88,105.4047,62.1324,219
1169,169.7817,38880,111.6875,226,111.51,104.7556,63.0588,229
1170,169.6084,44607,110.9125,209,112.44,105.1855,63.3242,263
1171,171.4533,38577,111.4875,205,111.51,105.6916,63.735,225
1172,170.625,36855,111.2375,208,112.04,104.9468,62.4275,216
1173,170.2262,37620,111.1375,221,112.08,105.0621,62.5332,221
1174,169.17,41785,111.3,208,110.8,105.3795,62.851,247
1175,170.9609,39321,111.5125,221,112.28,106.4949,63.2037,230
1176,171.0553,37119,111.1,228,111.38,104.5895,62.7538,217
1177,171.2727,41448,112.6875,222,112.35,104.6531,62.7943,242
1178,170.292,38486,111.95,215,112.07,104.7505,63.4181,226
1179,171.0819,39691,111.9,212,112.73,105.8647,63.3171,232
1180,171.4055,37195,110.7,224,111.35,105.7865,62.3691,217
1181,170.7269,36877,112.2,214,112.2,105.5028,62.6439,216
1182,169.6748,41740,111.6625,215,111.43,105.0477,63.6901,246
1183,171.9861,37149,112.225,221,111.36,104.3721,62.1515,216
1184,170.4242,39368,110.475,211,111.87,105.0001,62.853,231
1185,172.1306,38213,110.5125,207,111.36,105.2271,62.1786,222
1186,172.838,37333,112.0375,222,112.32,104.9239,61.9439,216
1187,169.968,42492,110.9,212,111.83,105.6003,63.7032,250
1188,171.4825,39098,111.4875,214,111.79,105.5089,62.3577,228
1189,170.5113,37683,111.4,221,111.22,104.6194,61.9299,221
1190,173.3907,37279,110.15,224,110.99,105.1104,62.865,215
1191,169.7288,40056,111.0375,224,110.77,105.2772,62.7746,236
1192,169.7012,42595,111.9125,209,112.23,105.1733,63.4136,251
1193,170.3803,39869,110.9125,212,111.82,105.9151,62.6352,234
1194,171.8444,38665,112.5375,229,112.69,105.6552,62.997,225
1195,170.6037,37021,110.75,209,111.32,105.7871,63.2741,217
1196,171.0268,38310,111.975,219,113.15,105.6907,62.1344,224
1197,169.6864,40046,112.225,212,111.36,104.6168,63.0217,236
1198,170.6034,39580,110.725,224,112.59,105.3364,63.3032,232
1199,169.075,40578,111.675,205,111.95,105.4633,62.9267,240
1200,170.4573,39887,111.025,211,111.67,104.9041,62.3589,234
1201,169.1758,43309,111.025,215,112.35,104.7792,62.8137,256
1202,170.9483,39660,111.5375,211,112.2,104.9422,62.334,232
1203,170.8052,39456,111.2125,231,111.07,105.9034,62.9359,231
1204,171.7788,37276,111.3375,212,112.2,105.0829,62.2939,217
1205,171.5714,39633,110.1875,223,111.91,104.3298,62.1546,231
1206,171.6323,38274,110.75,212,111.39,105.4696,62.152,223
1207,169.7269,36661,110.2125,213,111.29,104.4542,62.6737,216
1208,170.765,37056,111.0375,217,111.26,104.6929,62.5804,217
1209,169.7066,41069,111.65,213,111.87,104.6561,63.2064,242
1210,170.3306,41731,111.2625,216,112.38,106.2095,63.0306,245
1211,173.0628,38593,111.3,221,112.42,105.5659,63.3581,223
1212,170.6584,41470,111.85,213,111.58,105.5738,62.3266,243
1213,172.3955,37927,110.875,213,110.89,103.8473,62.445,220
1214,171.9593,38003,110.9375,220,111.61,104.3562,62.6201,221
1215,171.6753,39657,110.6625,222,112.3,105.5975,62.9464,231
1216,172.3051,40664,111.7125,211,111.62,106.0799,63.4538,236
1217,172.3136,37909,111.625,208,111.88,105.4556,63.3002,220
1218,172.1797,37363,110.85,217,110.98,104.9641,62.0896,217
1219,173.1327,39128,111.0875,216,112.24,104.8463,62.6449,226
1220,170.4016,43282,110.3875,204,111.74,105.5007,62.5298,254
1221,170.4474,38862,110.75,209,111.5,103.9127,61.8129,228
1222,171.6851,40346,110.75,215,111.78,105.1013,62.2275,235
1223,171.2287,38184,110.8375,230,110.67,104.7864,62.3869,223
1224,172.4054,38274,112.125,223,112.22,104.9943,63.5709,222
1225,173.1767,37233,111.3875,215,111.27,105.5127,61.9332,215
1226,172.5463,39168,111.375,218,111.67,104.9441,61.6295,227
1227,171.8831,39705,111.025,214,111.79,105.3623,62.6226,231
1228,172.3761,37578,111.6,224,111.26,105.2998,62.6381,218
1229,172.6359,37462,111.675,219,111.53,104.4387,61.8556,217
1230,172.0424,40602,111.3625,217,111.93,105.0672,62.4584,236
1231,170.8969,38110,111.275,212,111.8,105.7856,62.2566,223
1232,172.0596,37509,110.45,222,111.38,104.9985,62.1512,218
1233,171.9058,38335,110.9625,223,111.31,104.4651,61.9754,223
1234,170.8435,39294,111.5,216,111.81,106.5501,62.9104,230
1235,170,37570,111.875,211,111.75,105.1057,62.1208,221
1236,171.942,38515,110.525,229,112.22,104.8484,62.5011,224
1237,171.4511,40291,111.3,215,111.23,105.2774,62.6834,235
1238,172.2522,39618,111.7875,214,111.54,104.7659,62.5076,230
1239,170.2765,36950,111.35,214,111.44,103.5433,62.0759,217
1240,171.411,40453,111.3875,222,112.19,104.4842,62.9438,236
1241,170.4268,40732,111.8375,211,112.08,105.3952,64.7644,239
1242,169.6667,43265,112.3375,206,112.5,106.1805,62.8642,255
1243,170.5931,39407,110.7125,217,111.68,105.1062,62.7216,231
1244,170.4182,37492,110.3375,213,112.04,105.4015,61.9422,220
1245,168.6509,39127,110.8125,206,111.06,105.6322,62.5032,232
1246,171.2454,36989,111.2625,211,112.19,105.2156,63.1199,216
1247,170.3478,39180,111.7875,224,111.35,105.3531,61.6203,230
1248,169.0267,38031,111.0625,213,111.47,105.3137,63.3667,225
1249,170.5964,38043,110.8,221,111.63,105.3724,63.3908,223
1250,169.2533,38082,110.625,215,111.24,105.3158,61.7566,225
1251,169.9319,39934,111.6125,220,111.72,105.7515,62.6062,235
1252,169.2704,39440,111.0125,202,111.75,105.003,63.2796,233
1253,170.7533,38761,111.3875,208,110.94,104.6456,63.4661,227
1254,170.5605,38035,111.35,223,111.22,105.2933,63.2592,223
1255,168.1756,44062,111.575,211,111.82,104.6445,63.631,262
1256,168.5882,42990,111.775,208,111.49,105.4036,63.4134,255
1257,171.2791,36825,110.3625,228,110.83,104.8236,62.8003,215
1258,170.0185,36724,111.725,212,112.15,104.2774,62.2219,216
1259,167.3828,42850,110.8,208,111.3,104.9,62.5715,256
1260,170.6741,38231,110.2125,219,110.32,104.661,61.8945,224
1261,169.9683,37563,110.3375,211,111.05,104.8432,62.8384,221
1262,170.0293,40637,110.8125,215,111.14,105.165,62.7394,239
1263,171.0275,37284,110.3375,207,111.58,104.9692,63.4697,218
1264,171.6047,36895,111.3375,214,111.27,105.3735,62.5627,215
1265,171.6376,37417,111.425,213,111.4,104.6876,63.4327,218
1266,169.2793,37580,110.275,226,110.35,105.0473,62.5797,222
1267,170.1395,36580,110.2625,205,111.04,104.4423,62.3171,215
1268,169.7261,40904,110.025,216,111.48,105.1745,62.3455,241
1269,168.8426,39678,111.1125,220,111.48,104.6275,62.0388,235
1270,171.2909,37684,110.9875,206,111.53,104.5727,62.8744,220
1271,170.3636,41228,110.375,225,111.55,103.9768,63.3504,242
1272,169.775,40746,111.0125,215,111.55,104.0266,62.6763,240
1273,169.6504,41734,110.8625,209,111.19,104.3202,62.2595,246
1274,171.6444,38620,111.025,212,112.11,105.0711,62.6824,225
1275,170.7636,37568,112.375,215,111.68,105.3767,61.502,220
1276,170.5801,39404,111.825,210,111.83,105.565,61.8293,231
1277,171.2752,37338,110.9875,221,111.12,104.8611,61.4274,218
1278,171.4737,39096,111.2625,210,111.19,104.2464,62.4986,228
1279,169.958,44529,111.475,214,110.77,105.8086,63.6931,262
1280,170.2794,42059,111.5375,206,111.81,105.4706,62.9674,247
1281,171.9464,38516,111.0625,216,111.37,105.3403,62.1349,224
1282,171.022,38822,110.275,217,111.28,105.1648,63.3283,227
1283,170.1417,40834,111.25,236,111.14,104.5881,63.2431,240
1284,170.5837,41793,111.375,204,112.16,104.8954,62.7688,245
1285,171.2636,37678,111.625,215,111.43,104.2675,63.2808,220
1286,169.725,40734,111.4375,210,111.59,105.646,63.1142,240
1287,171.5324,37051,111.875,206,111.83,105.0556,62.0352,216
1288,169.819,37530,110,213,111.88,106.0581,62.6482,221
1289,169.2692,39609,111.1,205,111.7,105.0511,61.2547,234
1290,171.0278,36942,110.4375,228,111.32,104.8112,62.3503,216
1291,171.6944,37086,111.425,211,110.63,105.4601,63.1565,216
1292,170.3871,36974,110.9625,203,111.04,103.9953,62.3405,217
1293,172.8326,37159,110.6625,211,112.5,105.2588,62.547,215
1294,171.5446,38426,111.5875,235,112.43,105.1426,62.4992,224
1295,171.733,37953,111.075,226,111.75,104.5986,62.7972,221
1296,170.2203,38640,111.575,207,112.07,105.2197,62.2485,227
1297,172.4885,37430,110.2125,225,111.46,105.3203,62.6692,217
1298,172.0609,39574,112.175,215,112.18,104.2342,62.594,230
1299,171.963,37144,111.625,225,111.51,104.9044,62.4904,216
1300,169.1885,43989,110.7875,218,111.21,104.4298,63.1808,260
1301,172.4144,38276,110.85,222,111.92,104.4952,63.6681,222
1302,171.9815,37148,111.3,209,111.87,104.9401,63.0917,216
1303,170.4454,39032,110.6875,210,112.17,104.4568,62.7729,229
1304,170.3277,40538,111.125,226,112.03,106.0549,62.2395,238
1305,170.4558,38523,111.45,216,111.63,105.45,62.9767,226
1306,171.7229,39668,111.55,214,111.19,105.3006,62.0205,231
1307,170.3937,37657,111.325,221,112.81,104.7319,60.9837,221
1308,172.1057,39068,110.1375,217,110.97,105.9722,62.0528,227
1309,171.6968,37945,111.1625,205,111.64,104.7194,62.3256,221
1310,170.287,37974,110.7,214,111.87,103.787,62.8896,223
1311,171.2419,36817,111.3875,214,111.29,104.2794,62.5416,215
1312,170.8079,39115,111.875,210,111.5,104.7435,62.4541,229
1313,170.8008,41163,111.3625,217,111.52,105.303,62.137,241
1314,170.2551,42053,111.2875,210,112.97,105.4922,62.738,247
1315,169.9724,36884,111.3,205,111.93,104.4938,61.7351,217
1316,169.4708,40673,111.575,209,111.61,105.351,62.7091,240
1317,171.4545,37720,112.175,215,112.41,104.6465,62.292,220
1318,170.0545,37412,110.775,223,111.85,105.4953,61.8983,220
1319,170.1525,37944,110.9125,203,112.13,105.502,62.0505,223
1320,171.2664,39220,112.1,212,111.15,105.1862,63.1295,229
1321,170.0696,39116,110.2875,202,110.64,104.3351,61.9725,230
1322,171.6991,37087,110.875,223,111.96,105.1361,62.1186,216
1323,170.7639,36885,111.575,213,111.27,105.0053,64.0972,216
1324,169.7764,40237,111.2,212,111.33,105.2297,63.0034,237
1325,171.1991,38691,111.2375,203,111.65,104.3613,62.6522,226
1326,169.3553,38613,112.5625,204,111.62,104.7683,62.6388,228
1327,168.5556,42476,111.75,210,111.76,105.0966,62.946,252
1328,170.0482,38771,111.1375,211,112.12,105.9392,63.0498,228
1329,170.0372,36558,111.3,219,111.78,104.5128,63.0839,215
1330,170.4069,39364,110.75,214,110.68,105.5417,62.9897,231
1331,170.5921,38895,111.6375,219,112.24,104.8251,63.0411,228
1332,170.4378,36985,110.4375,215,111.17,105.2671,61.3396,217
1333,169.9727,37394,111.175,204,111.51,104.9803,62.3796,220
1334,170.3825,36973,109.425,228,111.32,104.2068,62.5604,217
1335,169.8161,37869,111.1,207,111.14,104.4039,63.2835,223
1336,169.444,39311,110.575,216,110.73,104.8254,63.0703,232
1337,169.0531,38206,111.1125,212,111.1,104.6532,61.9479,226
1338,168.9536,40042,110.8,250,111.2,105.3187,62.9647,237
1339,171.8447,37634,111.275,224,111.39,104.9312,62.5995,219
1340,169.8051,40074,110.9,215,111.61,104.8274,63.3775,236
1341,166.6918,46507,111.8,206,111.2,105.3109,63.9581,279
1342,171.9677,37317,111.8,216,112.1,105.3339,62.0714,217
1343,171.1938,38861,110.8375,204,111.32,105.1968,62.3492,227
1344,169.9636,37392,110.9875,218,112.54,105.2806,61.857,220
1345,169.6837,36482,111.6125,201,111.34,104.6534,62.4328,215
1346,169.383,39805,111.3375,213,110.88,105.145,62.7839,235
1347,170.895,37426,110.2875,207,110.91,106.0521,62.5336,219
1348,168.6555,40140,111.625,205,112.1,105.2671,62.6114,238
1349,170.0321,37067,111.3625,207,110.94,105.4442,61.615,218
1350,169.8532,37028,111.8875,210,112.23,104.7791,62.5491,218
1351,169.177,38234,112.0375,205,112.74,105.854,62.0044,226
1352,170.4837,36654,111.7875,209,112.94,105.0342,62.7606,215
1353,169.9682,37393,110.85,217,111.37,104.725,62.7372,220
1354,168.9237,39866,111.25,207,111.4,105.3193,63.4744,236
1355,167.0265,44095,112.0125,215,111.64,104.5023,63.2336,264
1356,168.8636,40865,111.5875,218,112.52,104.9679,62.6698,242
1357,167.949,42827,111.5125,223,111.65,105.485,64.0729,255
1358,167.9444,39299,110.8375,206,111.58,104.4488,61.8602,234
1359,168.75,36450,110.9,205,111.8,104.9368,61.9802,216
1360,170.0136,37573,111.0375,209,111.8,104.8445,62.4056,221
1361,168.1027,37655,111.4375,209,112.08,104.4758,62.2316,224
1362,170.3532,37137,110.0375,225,111.51,105.0637,62.3788,218
1363,168.7466,37293,110.9125,211,111.96,105.8503,61.8228,221
1364,170.5806,37016,110.8,223,111.31,104.9419,62.7075,217
1365,169.1695,39924,111.275,205,110.85,104.7426,63.5941,236
1366,169.6458,40715,111.9875,216,111.73,105.3563,63.1038,240
1367,167.2414,38800,111,215,111.04,104.1578,62.3771,232
1368,169.8553,38727,110.8,209,111.69,105.182,62.292,228
1369,168.6866,36605,110.4875,208,111.07,106.0866,61.6392,217
1370,170.4323,39029,111.7625,209,111.79,104.7396,62.5626,229
1371,170.555,37181,111.85,208,111.76,104.7252,62.329,218
1372,169.6974,38691,112.1125,221,112.32,105.1698,62.4099,228
1373,170.0312,38087,110.575,218,111.98,105.3443,62.4392,224
1374,170.1186,43040,110.3625,209,111.66,105.0395,62.7815,253
1375,171.162,36971,110.575,232,111.63,105.5876,62.0692,216
1376,170.1211,37937,111,232,112.42,105.2651,62.6002,223
1377,171.2222,36984,110.75,221,110.47,105.2486,62.7415,216
1378,170.7647,37739,110.2,220,111.67,104.7621,62.555,221
1379,171.0413,37287,110.8125,221,111.62,105.4741,62.385,218
1380,169.8616,38049,111.5625,212,111.76,104.2114,61.9576,224
1381,172.0977,37001,111.7625,232,112.88,105.2075,62.8502,215
1382,168.4337,46993,111.575,213,111.34,105.9452,63.0261,279
1383,169.5045,37291,112.65,215,111.51,105.676,62.8828,220
1384,171.1382,37137,110.75,214,111.17,104.9695,62.5564,217
1385,171.0538,38145,111.0375,230,111.82,104.654,61.8042,223
1386,169.0422,40063,111.5375,215,111.63,105.4847,62.7648,237
1387,168.6586,41996,111.25,208,111.06,105.2417,62.8236,249
1388,169.2358,38755,110.7875,211,112.14,104.6458,63.0101,229
1389,169.2931,39276,110.6875,213,112.22,105.5942,62.5823,232
1390,169.8089,38207,111.8,212,110.95,104.9546,61.8656,225
1391,169.1502,39412,111.2125,213,111.76,106.1117,62.2913,233
1392,171.2055,37494,111.725,210,113.01,106.0301,62.7828,219
1393,169.4664,37791,110.7875,220,111.13,105.6579,63.159,223
1394,170.4101,36979,111.7125,222,111.95,104.2402,62.5166,217
1395,169.6122,41555,111.4375,210,111.63,105.0169,62.8482,245
1396,169.8222,38210,111.0625,213,112.36,104.9031,62.3533,225
1397,168.2672,41562,111.45,221,111.71,105.3797,63.0351,247
1398,168.5773,37087,111.0875,212,112.4,104.7109,61.5518,220
1399,169.0864,37199,110.775,211,111.16,104.8971,62.8369,220
1400,170.5289,41268,111.7125,227,112.3,105.1535,64.1677,242
1401,169.1121,37712,110.575,224,111.39,104.5482,62.2793,223
1402,169.3514,37596,111.6,209,111.82,104.7819,62.0094,222
1403,170.318,36959,111.25,202,112.17,105.1835,62.1064,217
1404,170.5223,38197,111.35,219,111.9,105.0911,62.2065,224
1405,170.6204,36854,110.6125,207,110.62,104.257,62.9597,216
1406,168.6972,36776,112.0625,220,111.03,105.8127,63.1384,218
1407,169.4509,37957,110.75,204,111.64,105.4417,63.0143,224
1408,170.0711,38266,111.2125,205,111.47,105.4333,62.2701,225
1409,169.7797,38540,111.1125,211,111.15,104.9744,62.3887,227
1410,169.435,37784,111.6375,213,111.6,105.4219,62.8101,223
1411,168.1857,39860,111.4125,207,111.16,104.8312,62.2873,237
1412,168.8733,37321,110.35,216,111.06,104.776,62.3453,221
1413,171.1071,38328,110.7375,222,111.41,105.7131,61.9873,224
1414,169.575,40698,110.6375,221,111.76,105.5489,63.2491,240
1415,167.7198,43104,110.9625,212,110.66,105.4501,63.702,257
1416,170.5747,37697,110.8375,221,111.03,105.1893,62.6745,221
1417,170.3028,37126,111.6,220,110.98,104.9218,63.064,218
1418,169.6977,36485,110.65,209,111.33,105.6816,62.6624,215
1419,168.7937,37641,111.425,215,111.21,105.118,61.8709,223
1420,169.1921,38745,111.7375,219,112.3,104.3624,62.0631,229
1421,168.4937,40270,111.2125,213,111.39,105.1867,62.5244,239
1422,170.1416,37261,111.5125,216,111.16,104.6946,63.3834,219
1423,170.1852,36760,110.2,210,110.81,106.4331,63.0178,216
1424,169.5822,38156,111.85,208,112.81,105.2717,62.6553,225
1425,168.2327,41217,111.825,214,113.16,105.7786,63.3421,245
1426,168.1154,39339,111.3125,208,110.75,106.4746,62.9466,234
1427,169.4725,36945,110.95,209,111.15,104.6106,62.7322,218
1428,169.808,38037,110.925,207,110.96,105.4872,63.0938,224
1429,167.4695,43877,111.2625,212,110.95,104.276,63.4893,262
1430,169.1239,36869,110.6375,201,111.29,104.8728,62.9711,218
1431,168.4509,37733,111.7875,205,111.39,104.6642,61.8044,224
1432,169.7963,36676,110.7875,214,111.29,105.4334,61.7874,216
1433,168.455,37397,111.525,207,112.18,104.7732,62.2955,222
1434,170.2262,37620,110.725,206,111.55,104.5843,62.8423,221
1435,168.1573,41703,110.9,205,112.24,104.292,63.5715,248
1436,168.4931,36563,111.8,207,112.21,104.3137,61.6415,217
1437,169.6313,36810,111.3375,218,111.87,105.1186,62.4965,217
1438,167.8692,39785,111.35,213,112.24,104.9906,62.3606,237
1439,170.1395,36580,110.6125,237,110.44,104.9639,61.7293,215
1440,168.2913,38707,110.65,232,112,104.7065,62.3207,230
1441,169.2443,37403,110.1375,202,110.84,104.0873,61.5996,221
1442,168.9779,38189,111.375,207,111.71,104.7335,62.6081,226
1443,168.1034,39000,111.075,202,111.1,104.6372,62.289,232
1444,169.1339,37886,110.35,206,111.94,104.6446,61.3642,224
1445,168.9648,38355,109.8125,217,111.03,105.9808,62.5543,227
1446,168.3348,37707,111.2625,205,111.86,104.4442,61.7432,224
1447,168.0818,36978,111.375,204,111.92,105.0775,62.7318,220
1448,170.0133,38423,109.5625,221,110.89,105.0664,63.5159,226
1449,169.5368,39163,111.85,211,111.66,104.8238,63.5442,231
1450,170.8721,37421,111.575,211,111.5,104.0892,63.5222,219
1451,171.293,36828,111.1625,218,112.17,104.7166,62.881,215
1452,169.3721,36415,110.8625,220,112.14,105.6207,62.4332,215
1453,169.1507,37044,111.6375,211,111.55,105.1829,62.8487,219
1454,169.181,37389,110.75,206,111.24,106.0509,62.1815,221
1455,170.375,36801,110.375,207,111.84,105.1273,62.8846,216
1456,167.1386,44626,111.25,208,112.42,105.9105,63.1897,267
1457,169.1354,38732,110.8,215,111.1,104.8686,63.1685,229
1458,169.7991,37186,111.7,211,111.7,105.744,62.8495,219
1459,168.249,41894,111.075,213,110.86,105.586,63.0471,249
1460,168.7713,37636,110.775,205,111.33,104.8949,62.1671,223
1461,167.4593,41195,110.6375,215,111.07,105.4754,62.4875,246
1462,169.8165,37020,111.775,208,111.55,105.0817,62.5351,218
1463,168.3473,40235,111.2875,208,111.5,105.7654,63.3769,239
1464,168.3917,40414,110.225,203,112.18,105.3599,63.4928,240
1465,169.2166,36720,111.075,211,110.27,105.1057,62.5179,217
1466,170.8744,36738,111.425,212,111.51,103.9282,62.5342,215
1467,168.9142,39357,112.0125,215,111.29,105.2893,62.9703,233
1468,169.2194,40105,110.8125,216,110.9,105.5011,62.3429,237
1469,170.0489,38261,111.25,212,111.5,103.9251,63.1537,225
1470,168.9152,37837,110.95,203,112.3,105.7491,63.1439,224
1471,167.6313,36376,111.9375,219,112.11,104.2097,61.295,217
1472,168.5022,37576,111.1875,205,112.06,105.3661,62.154,223
1473,168.8259,37817,111.1875,213,111.83,104.8536,63.3414,224
1474,168.6376,36763,110.55,208,111.82,104.446,62.3735,218
1475,169.9238,37893,110.775,213,111.63,105.0392,62.5666,223
1476,167.6621,36718,110.9,201,112.36,105.598,62.066,219
1477,168.9908,36840,110.2625,216,111.7,105.3982,62.9522,218
1478,169.7689,38198,111.9125,212,111.72,105.2146,63.8032,225
1479,168.29,38875,111.1625,201,111.09,104.927,63.4273,231
1480,168.5021,39935,110.5625,221,111.3,104.9832,63.0967,237
1481,167.6624,39736,110.7125,211,111.15,105.4252,62.5461,237
1482,169.3929,37944,111.075,204,111.77,104.9389,63.2542,224
1483,168.2636,40215,110.85,216,111.62,105.409,62.8322,239
1484,168.05,36971,111.2,206,111.93,105.3431,62.27,220
1485,168.6143,37601,112.3875,227,111.67,105.2767,62.5945,223
1486,168.5652,38770,110.825,213,111.37,105.1959,62.6967,230
1487,169.5229,36956,111.55,211,111.99,104.9748,62.489,218
1488,168.3379,36866,110.25,208,110.95,105.4526,63.5498,219
1489,167.5182,36854,112.0375,216,111.99,104.8337,61.9773,220
1490,168,36456,111.1875,224,111.06,105.4285,62.5429,217
1491,167.6226,43079,110.55,212,111.7,105.6511,63.6437,257
1492,167.3277,39824,110.55,210,111.25,105.2184,62.7137,238
1493,167.459,40860,110.8625,215,111.37,103.9847,62.7384,244
1494,167.5919,37373,111.7125,223,111.33,105.8751,63.1061,223
1495,167.6795,39237,111.6,221,111.49,104.7505,62.5477,234
1496,167.7308,39249,110.9875,210,111.88,105.2906,62.952,234
1497,168.7814,36288,111.1125,205,111.03,104.8075,61.466,215
1498,167.4262,39680,110.625,221,111.39,105.633,62.5369,237
1499,168.1624,39350,111.775,215,111.71,105.6758,63.3701,234
1500,169.0837,36353,111.4375,225,112.03,105.6159,61.8938,215
