1,196.3444,265065,119.0375,310,118.39,94.4777,70.6323,1350
2,195.8349,269273,118.55,299,118.6,94.1748,70.9075,1375
3,193.9922,272559,117.55,277,117.41,94.1431,70.4511,1405
4,194.394,267875,117.525,291,118.38,94.8141,69.9462,1378
5,194.1342,267711,118.075,277,118.87,94.97,70.2495,1379
6,193.1626,269655,117.5875,297,118.08,94.6811,70.0226,1396
7,193.763,267393,119.8375,282,119.13,94.2336,69.6161,1380
8,193.0908,268010,117.6,279,118.94,93.901,70.4712,1388
9,192.9957,268264,118.825,274,118.66,94.6026,69.9161,1390
10,192.5113,264703,117.5625,272,117.86,94.1458,69.9267,1375
11,191.9759,270302,117.55,271,118.66,94.4107,70.017,1408
12,192.4434,266919,117.85,281,118.51,94.4552,70.1605,1387
13,192.9084,267564,116.9875,298,118.37,94.9215,70.1519,1387
14,194.1368,268297,117.75,272,118.77,94.4908,69.8504,1382
15,193.9136,264692,117.5,278,117.58,94.344,69.6002,1365
16,193.0954,273230,116.0375,276,118.52,95.1327,69.5738,1415
17,195.4785,268001,116.2125,289,117.7,94.7865,69.0437,1371
18,195.8249,269455,117.7125,294,118.47,96.0851,69.4948,1376
19,196.218,269996,117.85,285,119.19,95.6422,68.7465,1376
20,195.6681,270022,116.875,286,118.89,95.0252,69.304,1380
21,195.4611,266609,118.0875,274,117.74,95.2798,69.6425,1364
22,194.3475,279666,116.3875,282,117.84,95.8327,69.1722,1439
23,194.4861,272086,118.3,289,118.08,95.684,69.1774,1399
24,194.81,269617,117.35,272,118.96,95.0376,69.5564,1384
25,194.243,264559,118.775,286,118.32,95.4621,69.8477,1362
26,194.5044,264137,119.075,283,119.77,95.4117,69.5367,1358
27,194.2262,265313,118.9625,280,118.2,95.1884,69.5404,1366
28,194.2004,269356,117.5,273,119,95.2838,69.7526,1387
29,195.5335,265339,117.1,278,118.18,94.8028,69.2747,1357
30,194.8155,268261,117.3625,278,118.3,94.5844,69.9485,1377
31,194.4782,262740,118.35,281,117.81,94.9594,70.0919,1351
32,194.6652,262798,117.7375,279,118.07,94.8982,70.4782,1350
33,195.1438,264615,116.25,276,117.03,94.952,70.4675,1356
34,195.0118,264046,117.625,278,117.66,95.1804,70.1132,1354
35,193.0094,265967,118.75,279,118.48,94.5021,69.6238,1378
36,193.0166,267521,117.15,280,116.69,95.5733,69.8264,1386
37,192.3954,266660,118.05,271,118.01,95.6846,70.19,1386
38,191.4101,268357,117.7625,269,118.18,95.5201,69.8124,1402
39,191.4985,262353,117.325,276,118.91,94.7342,70.5876,1370
40,191.1717,264964,118.575,285,118.48,95.4,69.9102,1386
41,189.974,262924,117.575,269,118.29,94.7546,69.9157,1384
42,189.8657,261635,117.625,290,118.91,94.9535,70.6163,1378
43,190.1607,261471,118.65,269,118.84,95.5238,69.9824,1375
44,190.1432,260306,117.075,266,117.59,94.8524,69.8043,1369
45,190.4753,258094,117,269,117.94,95.3447,70.7043,1355
46,189.5698,263502,118.1,287,118.58,95.411,70.5211,1390
47,188.916,267505,118.75,267,118.52,95.3806,70.3044,1416
48,189.5954,258229,117.6625,266,118.78,95.1475,70.2988,1362
49,189.3454,260918,118.0375,259,118.07,95.2613,70.2832,1378
50,190.3387,259622,116.8,272,118.24,95.4528,70.6651,1364
51,189.8378,259888,118.4,266,118.22,94.7475,70.5091,1369
52,190.089,267075,117.7,276,118.4,95.0588,70.7161,1405
53,191.1551,258824,119.0125,275,118.29,94.7023,70.7982,1354
54,191.479,263858,118.65,279,117.86,94.7738,70.3379,1378
55,190.7612,269164,117.5375,275,118.06,95.0641,70.3506,1411
56,191.2327,262180,117.2625,282,118.09,94.9669,70.6161,1371
57,192.7299,264040,118.3,276,119.38,95.102,70.5277,1370
58,192.2591,264164,118.625,282,118.44,94.9585,70.395,1374
59,192.0821,266610,117.575,290,118.86,94.8956,70.9109,1388
60,192.7578,260223,118.2,276,117.5,95.1126,71.0922,1350
61,192.7245,268658,118.0875,270,118.22,94.7329,70.1714,1394
62,192.5858,263650,118.1125,273,118.2,94.914,70.6377,1369
63,193.4027,261287,117.3875,275,117.48,94.9382,70.4578,1351
64,192.9462,265301,118.55,278,119.09,95.4978,70.9241,1375
65,193.8023,265703,118.3375,272,117.71,94.6477,70.7828,1371
66,192.5318,272240,118.8625,284,119.04,94.6725,70.8308,1414
67,195.183,265644,116.675,310,118.02,95.1199,70.6915,1361
68,194.9129,270734,118.35,275,117.16,95.0473,70.9847,1389
69,195.6136,264274,118.95,283,118.29,95.5339,71.2466,1351
70,194.9194,265870,117.375,284,116.57,95.2882,70.8864,1364
71,195.5832,267949,117.825,290,117.48,95.2268,70.5296,1370
72,196.7772,265846,117.95,317,117.93,95.499,70.4634,1351
73,194.365,275804,117.325,283,117.54,95.0905,70.7173,1419
74,195.8944,265241,118.6375,287,118.21,95.0451,71.1699,1354
75,195.0909,266104,117.2875,275,117.78,95.042,70.3939,1364
76,195.8279,269655,116.7,292,117.4,95.5676,70.698,1377
77,196.4452,266969,117.5125,288,118.98,94.8849,71.3335,1359
78,197.9616,267842,118,289,118.93,95.0923,70.9198,1353
79,198.7045,275007,117.95,290,117.95,95.4176,70.7829,1384
80,198.0908,276931,118.6625,276,118.66,95.3298,70.3626,1398
81,199.3987,271581,116.4125,296,118.85,94.5656,71.4789,1362
82,199.1609,269863,116.85,283,117.34,94.8666,70.4237,1355
83,198.4477,271278,117.375,302,119.14,94.7573,70.93,1367
84,197.9779,268260,117.15,285,118.5,95.0492,70.8621,1355
85,197.5422,271818,118.425,278,117.4,95.0581,70.3467,1376
86,196.7462,275248,116.1625,274,116.45,95.205,70.4556,1399
87,197.5321,267656,117.5125,278,118.4,95.0534,70.3633,1355
88,197.8909,272100,116.8,277,117.51,94.9828,70.7249,1375
89,198.9231,279288,118.6375,291,118.49,95.6411,70.2384,1404
90,200.6478,279703,117.85,282,117.76,95.3248,71.0418,1394
91,202.4332,274297,118.4375,301,118.45,94.4448,71.0265,1355
92,203.3464,275331,118.3,291,118.13,94.9135,71.227,1354
93,203.6795,279652,117.5875,295,117.91,95.3402,71.094,1373
94,204.0399,276270,118.8875,298,119.02,95.1709,71.0128,1354
95,204.6187,281760,117.3375,297,118.08,95.2416,70.9475,1377
96,204.3524,282415,118.0875,297,116.78,94.9596,71.0296,1382
97,205.4194,286560,117.1875,306,117.57,95.4189,70.9174,1395
98,205.079,285675,117.025,292,117.78,95.1272,71.116,1393
99,205.4084,282642,117.5125,295,116.93,95.1245,70.7432,1376
100,204.576,277405,117.2625,311,117.17,95.1263,71.2832,1356
101,203.9414,278380,118.25,292,118.04,95.1273,71.0879,1365
102,202.8259,280711,116.7125,284,117.52,95.112,70.5489,1384
103,203.1718,281393,118.5625,300,118.36,94.9924,70.8779,1385
104,202.8387,275455,117.65,286,118.2,95.4342,71.0956,1358
105,202.1945,274378,118.0375,294,118.15,95.0466,71.0159,1357
106,201.3532,279881,117.2125,289,117.58,95.1783,70.5954,1390
107,203.2386,276811,117.8,299,117.6,95.3662,71.3095,1362
108,201.1051,277525,116.625,289,118.79,95.1774,70.54,1380
109,201.3453,274635,118.6,284,118.62,95.2587,70.4884,1364
110,202.3368,273357,117.0375,290,118.85,95.4752,71.1187,1351
111,201.8987,283062,117.75,287,117.46,95.1781,70.4134,1402
112,204.176,277271,116.9,299,117.51,95.002,71.2143,1358
113,203.7475,283209,119.1625,312,118.06,95.4554,71.076,1390
114,204.5339,283893,117.45,294,118.56,95.3869,71.269,1388
115,206.2837,279927,117.5125,288,117.92,94.9957,71.1392,1357
116,207.1664,288790,118.3875,294,118.16,95.2953,71.0595,1394
117,208.3479,282103,117.625,297,118.02,94.7987,71.6356,1354
118,208.7326,287216,118.5875,298,117.71,95.0176,70.8458,1376
119,208.6464,287932,117.7,322,118.23,95.0327,71.5474,1380
120,209.4985,285337,118.5875,316,118.23,95.3511,71.1321,1362
121,207.5179,290525,116.5125,290,117.62,95.0926,71.0725,1400
122,207.7218,288941,117.675,302,118.18,94.9778,71.3171,1391
123,206.9724,285001,119.0625,289,118.5,95.2225,71.2767,1377
124,206.7072,285876,117.45,302,117.63,95.2284,71.2005,1383
125,207.4129,280837,117.0375,286,118.45,94.5879,71.1657,1354
126,208.9289,282263,117.6625,300,117.39,94.9348,71.5066,1351
127,209.3733,284957,119.1125,311,117.94,95.3033,70.9803,1361
128,210.6721,285250,117.8875,292,118.04,94.7242,71.07,1354
129,211.4097,292591,117.65,306,116.6,94.8823,71.3775,1384
130,211.0464,286390,117.0625,306,118.67,94.696,71.1225,1357
131,212.1976,288801,117.2125,303,117.97,94.8246,71.3534,1361
132,213.2473,293215,118,309,117.81,94.7649,70.7676,1375
133,214.0072,295330,116.8,337,118.93,95.0245,71.372,1380
134,214.7108,290289,117.2125,312,117.85,94.9418,71.5466,1352
135,215.9157,294509,119.025,314,118.57,95.1208,71.274,1364
136,215.7794,293460,117.1875,325,117.55,94.9537,71.7689,1360
137,216.5981,292624,118.75,304,117.22,94.9767,71.9484,1351
138,217.4748,298158,118.4125,310,117.45,95.0847,71.6835,1371
139,218.4197,297706,119.0375,330,117.98,95.3945,71.8884,1363
140,218.0889,296819,119.7125,311,118.2,94.8387,71.5839,1361
141,219.2186,298795,117.9125,320,117.5,95.3457,71.4282,1363
142,218.984,301103,117.8,318,118.25,94.8138,71.3968,1375
143,218.9104,302972,117.35,313,117.23,95.3335,71.8915,1384
144,217.9768,300372,118.4625,324,117.26,94.9768,71.9056,1378
145,218.1867,298043,117.85,299,117.4,95.3968,71.6658,1366
146,216.2777,295219,119.225,316,118.09,95.1703,71.7682,1365
147,215.419,295124,117.85,315,118.02,95.1468,71.4892,1370
148,214.7491,291844,117.7875,306,118.44,94.9369,71.801,1359
149,214.0755,291999,118.9625,300,117.7,95.3533,71.781,1364
150,213.8404,292106,119.15,315,118.27,95.256,71.5107,1366
151,213.0036,292454,118.225,311,118.51,95.3789,71.6969,1373
152,213.1071,292383,118.5875,309,117.7,95.2733,71.6188,1372
153,212.682,290949,118.225,307,117.71,94.9456,71.7503,1368
154,212.2778,286575,118.6625,304,117.94,95.0459,71.4729,1350
155,213.0914,293853,117.4125,332,118.08,95.1917,71.5481,1379
156,212.3478,289430,119.0625,311,117.29,95.1643,71.6346,1363
157,212.1864,286876,119.125,294,118.75,94.9965,71.4841,1352
158,211.8882,286261,116.7125,304,116.63,95.171,72.2824,1351
159,211.9291,286952,118.3875,297,117.84,95.4321,71.2395,1354
160,212.0764,291605,117.85,313,117.72,95.2585,72.2209,1375
161,213.4284,288982,118.7875,310,118.38,95.2518,71.6323,1354
162,213.1508,292656,118.95,300,117.57,95.676,71.7044,1373
163,214.6662,291946,118.1125,308,117.07,95.1674,71.6094,1360
164,213.1709,294389,118.3625,306,118.82,95.5943,71.4408,1381
165,213.7354,295596,117,307,118.37,95.3298,71.6475,1383
166,212.5491,292255,118.8625,306,117.89,95.5275,71.6874,1375
167,214.1683,290198,120.6875,309,119.42,95.5346,71.2953,1355
168,212.2344,293308,118.4,299,116.79,95.521,71.7175,1382
169,211.9949,289161,120.9,293,118.47,95.8362,71.5026,1364
170,211.7478,286283,117.5625,310,117.51,95.9058,71.7539,1352
171,210.7595,294431,120.3125,316,117.87,95.2157,71.5801,1397
172,212.0118,287276,117.6375,294,117.29,95.6164,71.6918,1355
173,211.9352,287808,118.6625,303,117.92,95.8513,71.9536,1358
174,211.1277,286078,117.0625,297,117.47,96.0157,71.5205,1355
175,211.5549,287080,119.7875,311,117.57,96.1736,71.6032,1357
176,210.7861,288777,118.3625,294,117.53,96.2531,71.3919,1370
177,210.5322,287587,118.4125,297,117.32,96.0511,72.0147,1366
178,209.7814,290757,118.325,298,118.42,96.3937,71.6384,1386
179,210.9376,290883,118.5125,311,118.01,95.986,71.5161,1379
180,212.65,288566,116.8375,306,117.32,96.1404,71.7959,1357
181,212.1937,290281,117.95,312,117.3,96.4016,71.4164,1368
182,211.7971,292280,117.075,303,118.57,96.5222,71.4384,1380
183,212.6659,293479,118.5875,302,119.11,96.3943,71.5041,1380
184,211.7274,295148,118.7375,309,118.03,96.6351,71.5003,1394
185,212.9315,295336,120.375,300,118.28,96.2328,71.6707,1387
186,214.6083,290365,118.7,322,117.44,96.4268,71.4717,1353
187,215.5651,292953,118.0625,307,117.69,96.3411,71.746,1359
188,215.6703,294390,117.8125,333,117.68,96.6452,71.7839,1365
189,215.601,296667,119.8,304,117.99,96.1788,71.7245,1376
190,215.5588,291651,119.5375,303,118.64,96.6597,71.8752,1353
191,215.6594,295669,118.925,318,118.31,96.4828,71.5113,1371
192,214.6337,299414,117.3875,301,118.05,96.6001,71.5694,1395
193,212.9871,296265,118.4125,311,117.17,96.7058,71.4619,1391
194,213.19,290578,117.9375,299,117.1,96.5729,71.9326,1363
195,211.2619,293654,118.8,303,118.75,96.7789,71.5273,1390
196,212.2246,288201,118.1125,300,117.47,96.6353,71.5974,1358
197,210.9225,294026,119.175,290,116.59,96.9246,71.7259,1394
198,209.8881,286917,118.425,298,117.91,97.1051,71.7475,1367
199,208.3365,285421,116.8875,304,117.66,96.7498,71.8236,1370
200,206.233,285014,118.0875,286,116.59,97.0689,71.6584,1382
201,205.66,278875,119.275,284,117.5,96.616,71.8702,1356
202,203.1721,279768,118.1875,279,117.5,96.6767,71.449,1377
203,202.0649,277233,117.8625,285,118.57,96.798,71.562,1372
204,200.4265,276789,118.5375,286,116.88,96.6149,71.5831,1381
205,198.3474,271736,119.175,287,117.93,97.2588,71.1545,1370
206,197.4152,270064,117.2,271,117.99,96.8162,71.4475,1368
207,195.5987,267579,117.55,273,117.32,96.8068,71.6796,1368
208,194.8236,266129,118.425,273,117.79,96.8564,71.1802,1366
209,194.1485,266760,118.025,263,117.57,97.1581,71.0495,1374
210,192.6247,261777,118.1125,262,116.66,96.8567,71.5033,1359
211,192.2446,267220,118.5,273,117.7,97.1176,71.3217,1390
212,192.1487,262283,117.925,262,117.67,96.9539,71.3019,1365
213,190.7081,260698,118.7625,250,119.14,96.5941,71.1242,1367
214,189.8863,262233,116.9125,279,117.16,96.8141,71.485,1381
215,189.4975,260938,117.675,256,117.34,97.0491,71.3037,1377
216,190.4624,258648,117.975,256,116.99,97.0809,71.1761,1358
217,191.3098,260564,118.3,263,116.93,97.0357,71.4127,1362
218,192.4411,264799,118.9125,269,117.53,96.8053,71.187,1376
219,192.0787,273520,118.025,266,117.27,96.9797,71.3995,1424
220,192.9841,267669,117.1375,264,118.18,97.1439,70.7893,1387
221,193.944,266673,117.0375,281,117.36,97.2858,71.3029,1375
222,194.0873,266870,118.475,260,117.8,96.9721,71.6078,1375
223,193.1587,273899,118.7875,274,118.81,96.5242,71.2096,1418
224,194.4815,268579,117.25,266,118.19,96.4223,71.5669,1381
225,194.3188,267577,119.1875,265,117,96.8232,71.5642,1377
226,195.2564,267306,119.0125,287,117.09,96.8832,71.0614,1369
227,193.4441,268307,117.8625,261,117.66,96.8419,71.2474,1387
228,194.1888,267398,118.2875,266,117.97,96.8204,71.2451,1377
229,193.8506,273717,117.625,266,117.44,96.829,71.4796,1412
230,194.354,262961,116.575,258,116.64,97.118,71.8637,1353
231,194.6899,264973,117.325,273,117.46,96.754,70.9382,1361
232,194.7314,264640,116.9,262,117.81,96.7067,71.6424,1359
233,194.6012,264463,119.2125,277,117.79,96.8572,70.7351,1359
234,194.8619,265207,118.775,260,117.71,97.4873,70.9814,1361
235,194.632,266062,117.4625,270,117.52,97.7898,70.2956,1367
236,194.1615,269302,116.5875,274,117.54,97.7145,70.3215,1387
237,194.1336,267322,117.6,262,117.18,97.469,71.1167,1377
238,193.4118,270970,117.95,259,117.59,97.2312,70.7472,1401
239,193.8479,270224,116.525,262,116.92,97.0273,70.6697,1394
240,193.5271,263971,117.7125,265,117.37,97.3353,71.358,1364
241,192.6826,270141,118.775,272,117.01,97.1528,70.7454,1402
242,192.7124,266714,117.55,272,117.78,96.6854,70.5439,1384
243,192.3524,262561,118.7,265,117.59,96.9573,70.9193,1365
244,192.7236,264224,118.475,266,117.41,97.5195,70.8244,1371
245,191.2283,262174,117.5,253,116.79,97.4534,71.2603,1371
246,190.3936,262172,117.75,251,118.18,97.0848,70.5597,1377
247,189.8952,262815,118.4,258,118.31,97.5945,70.9393,1384
248,189.0548,258627,117.7625,247,117.47,97.1111,70.5214,1368
249,188.8359,255495,118.15,254,116.66,97.3736,70.5052,1353
250,187.9401,257290,118.15,259,117.77,97.3881,70.7651,1369
251,188.6169,258971,118.7125,253,118.43,97.7326,71.1047,1373
252,189.1372,260631,119.0625,256,117.83,97.3659,70.5347,1378
253,189.4948,257334,117.55,251,117.34,97.4333,71.07,1358
254,188.5447,259626,118.325,267,117.62,96.7698,70.7814,1377
255,189.213,255816,117.1375,254,116.72,97.4858,70.5197,1352
256,189.4764,260530,117.55,253,116.55,97.0571,71.1694,1375
257,189.0201,263683,117.1875,256,116.14,97.3551,70.6274,1395
258,188.9086,264661,117.2625,253,117.13,96.9673,70.4944,1401
259,188.4003,261688,117.175,253,118.45,97.0551,71.0963,1389
260,187.5533,253197,118.025,252,116.77,97.3993,71.0139,1350
261,187.5091,256325,117.925,255,117.69,96.9948,71.0061,1367
262,187.089,254254,116.325,243,116.48,97.007,70.6284,1359
263,185.3755,262121,119.5,244,118.25,97.5148,70.3065,1414
264,185.6915,252169,116.1,250,116.85,96.4173,71.0381,1358
265,185.4026,259749,118.45,245,116.92,97.0957,70.9119,1401
266,183.8345,263251,117.6875,259,117.67,97.5741,70.5725,1432
267,184.1349,256684,118.425,242,117.42,96.9563,71.1533,1394
268,184.5385,251895,117.125,250,117.38,96.9407,70.7461,1365
269,183.8547,259419,118.45,252,116.37,97.4391,70.8607,1411
270,184.6983,264488,117.8125,248,117.45,97.5527,70.1393,1432
271,184.8418,264139,117.4125,237,117.83,97.7464,70.5029,1429
272,185.8066,260315,117.225,238,118.02,97.0752,70.9496,1401
273,186.4209,259125,118.325,242,117.96,97.4736,70.5414,1390
274,187.6643,262167,117.525,257,116.76,96.8636,70.3788,1397
275,185.916,265488,117.075,251,117.57,97.5188,70.5006,1428
276,185.812,254005,117.525,250,116.95,97.1231,71.0686,1367
277,185.3109,253876,118.7125,258,117,97.0184,71.5158,1370
278,186.0509,255634,118.35,238,118.36,96.7146,70.7205,1374
279,185.7968,256957,117.7625,267,117.81,97.1587,70.5078,1383
280,185.0597,263340,116.4125,244,117.18,97.2967,71.086,1423
281,185.9293,252492,119.05,258,118.97,97.62,70.6459,1358
282,184.8964,249980,117.375,244,117.14,96.837,71.3192,1352
283,185.6152,258562,117.3125,267,117.95,97.3284,71.0821,1393
284,184.8079,257807,117.5375,241,117.32,96.7237,71.0759,1395
285,185.6147,255777,117.475,235,118.5,97.2274,71.1789,1378
286,183.9188,265027,116.875,248,118.76,97.4668,70.7653,1441
287,185.0882,262270,118.6625,250,117.73,97.5679,71.0789,1417
288,186.212,254738,117.8875,245,117.3,97.4003,71.4241,1368
289,186.6437,251969,118.3,248,116.7,97.1494,71.4331,1350
290,186.3997,266738,117.5,265,117.15,97.1633,70.8184,1431
291,187.1411,262559,118.4125,244,118.27,97.4025,71.2155,1403
292,187.4941,255742,117.575,263,116.59,97.041,71.0797,1364
293,188.2114,258226,117.4375,246,116.44,97.3511,70.9806,1372
294,187.5704,257159,116.8,249,116.71,97.0193,71.4723,1371
295,186.2846,267691,117.45,249,116.41,97.3701,71.5797,1437
296,187.4642,254014,118.2625,261,116.72,96.9516,71.1251,1355
297,185.7766,263617,119.1625,265,118.16,97.0761,71.446,1419
298,185.5482,259953,117.7625,249,116.92,97.1509,71.2942,1401
299,185.2637,259925,118,256,115.93,97.2928,71.8955,1403
300,184.4406,256188,118.15,239,116.05,97.2262,71.5385,1389
301,184.2131,253293,117.6125,232,117.4,97.9512,71.0591,1375
302,184.3633,256265,117.85,245,116.8,97.432,71.1099,1390
303,184.1607,248617,117.425,241,116.58,96.8113,71.5857,1350
304,183.5568,248903,118.2125,248,115.63,97.8068,71.3655,1356
305,183.3158,257192,117.675,238,117.35,97.1656,71.0967,1403
306,182.9146,248398,117.8625,250,117.21,96.8868,72.4263,1358
307,184.4122,254120,118.8,243,116.32,97.194,71.2039,1378
308,184.019,251738,116.4875,239,117.42,97.4182,71.7222,1368
309,183.3414,257228,117.0875,242,117.3,97.5729,71.0051,1403
310,182.7767,256984,119.1125,244,116.14,98.0727,71.4887,1406
311,184.3891,249294,117.9,245,115.72,97.3503,71.7638,1352
312,183.2626,254002,117.7625,243,116.92,96.9626,71.719,1386
313,183.322,253901,117.0375,239,117.38,97.1051,71.8247,1385
314,183.2928,254777,117.8625,234,116.62,97.6344,72.3951,1390
315,183.4667,258688,118.5875,250,116.5,97.3178,71.6717,1410
316,184.447,261177,118.675,253,116.91,96.9071,71.5929,1416
317,186.0165,258749,118.325,242,118.32,97.2381,71.7624,1391
318,187.4478,260365,118.2875,250,118.42,97.4408,72.1511,1389
319,189.0433,262014,117.2375,253,117.14,97.5502,71.8762,1386
320,190.5043,266325,118.8875,249,117.52,97.3861,71.9714,1398
321,192.4051,261671,118.375,264,117,97.3754,72.0466,1360
322,193.1698,270824,118.25,262,116.5,97.637,71.4999,1402
323,194.691,272178,117.3875,258,117.24,97.6553,70.0764,1398
324,196.8237,275750,117.5875,267,118.74,98.0808,71.0676,1401
325,198.5987,268704,116.1,268,116.87,98.8357,70.1268,1353
326,198.6395,268362,117.7875,263,117.45,97.8492,70.9937,1351
327,197.9035,280825,117.425,266,117.19,97.7566,71.3411,1419
328,197.9655,275172,117.2875,270,117.63,98.2168,71.3498,1390
329,196.7368,276612,117.675,269,116.79,97.7914,71.6519,1406
330,198.0258,268127,118.5625,261,117.82,98.1235,71.518,1354
331,197.2435,271407,117.6,285,118.16,98.1274,71.3526,1376
332,197.1717,272097,118.1,273,117.02,98.0003,72.0244,1380
333,196.7644,267206,118.8875,263,117.07,97.5849,72.0533,1358
334,198.1095,267646,119.175,269,118.23,97.7399,71.7688,1351
335,197.8459,267092,118.1625,264,117.22,97.4818,71.9107,1350
336,197.3725,271782,118.075,272,117.07,97.6746,71.6649,1377
337,199.0109,273242,118.2875,261,116.56,98.1547,72.0522,1373
338,198.2634,269440,119.625,271,117.89,97.2796,71.0733,1359
339,197.4539,267945,117.75,270,118.3,97.5213,71.6199,1357
340,198.7412,269493,119.1375,263,117.6,97.6438,71.4822,1356
341,199.9042,271270,117.4125,286,115.91,98.1866,71.8006,1357
342,199.665,274739,118.3375,277,117.75,98.0039,71.7354,1376
343,200.2023,275078,118.4875,271,116.83,97.6937,71.5277,1374
344,200.8823,272999,118.9,270,117.2,97.3105,71.5243,1359
345,201.1113,272908,118.575,258,116.83,97.4918,71.4344,1357
346,200.5085,281514,117.525,266,118.15,97.5156,71.6314,1404
347,200.1125,277556,118.9125,269,117.53,97.651,71.7817,1387
348,199.0049,281990,118.225,262,117.78,97.9426,71.7543,1417
349,200.2557,271747,118.875,268,118.09,97.3852,71.6184,1357
350,199,272232,118.0375,288,117.84,97.7984,71.7087,1368
351,199.4283,269627,118.225,267,116.95,97.6421,71.9241,1352
352,200.7562,277445,119.6,271,117.44,97.6731,71.5135,1382
353,200.7504,274225,118.6625,269,117.67,97.9362,71.7509,1366
354,201.262,273515,118.125,275,116.56,97.4753,71.8595,1359
355,201.2129,277875,118.425,259,117.63,98.1062,72.0565,1381
356,201.021,277007,120.4125,271,117.09,97.47,71.7465,1378
357,201.033,274008,118.2875,280,117.54,97.2714,71.6359,1363
358,200.319,270631,117.6,261,116.93,97.3736,71.9476,1351
359,200.1543,275012,118.2375,270,118.29,98.0085,71.5156,1374
360,200.5885,270995,118.15,263,116.87,97.5744,71.5408,1351
361,200.2323,274919,119.2625,266,117.11,97.6954,71.7863,1373
362,200.6274,274057,119.125,271,117.77,97.2015,71.4477,1366
363,200.4893,271262,117.1875,270,117.13,97.5857,71.5616,1353
364,201.1702,271781,119.5,271,117.3,97.6311,70.4839,1351
365,200.5092,283921,118.0125,269,117.93,98.1722,70.3992,1416
366,201.4783,274212,118.1625,270,117.28,98.2056,69.675,1361
367,199.6217,278073,116.7125,258,117.83,97.9712,70.7874,1393
368,198.9036,270310,117.225,288,117.87,97.9278,71.0261,1359
369,198.4362,268881,117.9,269,117.37,97.5904,71.2715,1355
370,196.9661,279101,118.325,278,116.66,98.0491,70.6636,1417
371,198.2222,269384,117.4875,271,116.79,98.1272,71.1877,1359
372,197.2167,272159,117.1125,286,116.41,98.2334,71.0754,1380
373,196.1603,265601,117.7625,258,117.97,97.9711,71.3857,1354
374,195.0541,270345,117.3375,252,117.44,98.5063,70.7084,1386
375,195.5714,268324,117.7625,280,116.53,98.1895,71.2395,1372
376,196.028,273067,116.85,258,117.48,98.1472,70.5351,1393
377,195.7913,265493,117.775,268,117.39,98.0066,71.5695,1356
378,194.5298,267284,118.75,263,116.43,98.2852,71.1601,1374
379,194.1149,270402,116.3125,252,116.24,98.2665,71.0599,1393
380,195.1442,270665,116.6875,267,117.57,97.8262,71.8911,1387
381,194.8947,270124,118.375,250,117.44,98.0464,71.0808,1386
382,195.005,271057,117.075,256,116.92,98.4611,71.4775,1390
383,194.7699,269172,117.2625,257,116.86,98.6052,71.3226,1382
384,194.665,267275,116.8375,258,116.69,99.0744,71.0501,1373
385,193.7453,266981,118.075,255,117.2,98.5193,71.4646,1378
386,194.2095,267038,118.975,266,117.49,98.7085,70.8008,1375
387,193.0735,265476,116.5625,251,117.05,98.5921,70.9627,1375
388,192.9408,264136,117.6625,248,118.34,98.0807,71.0641,1369
389,191.8619,261124,116.8625,245,117.25,98.378,71.0766,1361
390,192.5622,261692,118.3,250,116.02,98.5139,71.361,1359
391,192.6074,261946,117.3,256,116.44,98.8087,71.914,1360
392,192.294,265558,117.3,264,116.66,99.0808,71.3167,1381
393,191.0459,266127,116.8875,252,117.98,98.6192,71.4146,1393
394,191.5147,261226,116.5375,269,117.83,98.8407,71.5116,1364
395,191.11,262394,118.5875,249,117.21,98.6651,72.2165,1373
396,191.324,260392,118.2125,251,116.56,99.3403,71.5258,1361
397,192.0668,261787,119.35,251,116.23,98.8336,71.6546,1363
398,192.8611,270777,118.575,256,116.75,98.902,71.5919,1404
399,193.4111,274257,117.925,263,117.2,99.1261,71.6357,1418
400,195.4753,264869,117.75,257,117.1,98.6052,71.9849,1355
401,195.6361,266652,117.5375,253,117.18,98.7357,71.5168,1363
402,196.2124,266064,119.025,269,115.68,99.0453,71.715,1356
403,197.7132,271658,117.95,261,116.48,99.0224,72.0412,1374
404,197.4914,274513,118.5625,255,115.98,98.7263,71.5442,1390
405,199.3926,269180,118.4625,257,117.26,98.6275,71.5739,1350
406,199.647,270322,118.2375,266,117.28,98.6093,71.8728,1354
407,199.3267,280054,120.1375,269,116.38,98.904,72.2448,1405
408,200.4109,276567,118.4,270,117.85,98.9983,72.1701,1380
409,200.5235,273514,117.9,264,116.72,98.7236,72.0411,1364
410,199.8593,274207,120.4125,267,117.65,98.6286,71.7038,1372
411,199.303,269657,117.025,272,117.58,98.8761,71.7993,1353
412,197.5022,273738,117.2625,258,116.81,98.7078,71.2666,1386
413,196.5125,275314,116.8875,262,116.53,99.004,72.3298,1401
414,197.3473,268195,120.0375,266,116.59,99.9152,71.9791,1359
415,196.0351,268176,118.25,254,116.97,99.0315,71.9418,1368
416,194.1868,265065,119.2625,268,117.14,98.5177,72.0206,1365
417,193.2266,264334,118.3,272,116.93,99.1961,71.7031,1368
418,192.0492,265412,118.625,280,118.34,99.2703,72.2848,1382
419,191.562,268953,118.3625,252,118,99.1461,71.5944,1404
420,191.9309,263713,119.05,251,116.87,99.3496,71.7599,1374
421,191.8918,265962,118.1,261,116.97,98.5716,72.1689,1386
422,191.622,261564,117.975,261,118.12,98.9479,71.9984,1365
423,191.5835,259404,119.525,252,116.66,99.0424,72.144,1354
424,190.7596,257907,118.9875,244,117.05,99.1491,71.932,1352
425,190.6683,264457,119.1375,245,115.89,98.4879,71.9747,1387
426,189.7413,266966,117.9625,244,117.06,98.8608,72.204,1407
427,191.0494,259063,119.0125,240,117.47,98.8575,71.8272,1356
428,190.4292,260888,118.85,266,117.08,98.995,72.1869,1370
429,189.8326,263108,119.8125,257,118.22,98.9875,72.022,1386
430,190.3133,256923,118.45,241,117.31,99.0523,72.0924,1350
431,190.6659,261403,118.6,259,116.98,99.0913,72.409,1371
432,189.7247,263907,116.95,250,117.51,98.6354,71.4933,1391
433,190.4728,265900,116.825,249,116.59,99.0672,72.1261,1396
434,190.4881,263445,118.075,250,117.67,98.8208,71.7815,1383
435,192.1425,260161,119.1,255,116.1,98.5691,71.9284,1354
436,191.533,263741,119.1875,255,117.16,99.3528,72.0394,1377
437,192.1878,264066,118.5625,265,117.56,98.8342,71.9971,1374
438,192.6349,264873,119.025,259,116.19,99.5441,72.3151,1375
439,194.1217,268082,119.75,249,116.82,98.7287,71.8574,1381
440,194.3438,266251,118.925,256,117.68,98.7471,72.1847,1370
441,194.9007,270912,119.0375,260,116.24,98.7294,72.2444,1390
442,195.521,269428,118.75,251,116.96,98.3431,71.8876,1378
443,196.7054,272437,117.8375,265,117.64,99.0912,72.0732,1385
444,197.2333,277310,119.5875,271,116.42,99.314,72.0711,1406
445,197.2713,273418,118.4125,256,116.86,98.9102,72.2212,1386
446,198.3947,274975,116.6375,252,116.91,98.6918,72.6817,1386
447,199.5848,273032,119.7875,262,116.49,98.9338,71.8809,1368
448,200.5416,274742,118.8125,261,116.92,98.6602,72.488,1370
449,200.9145,277262,118.075,274,116.94,98.8356,72.0739,1380
450,200.7879,272670,116.975,263,116.83,99.1835,72.4863,1358
451,200.9172,271841,117.9,259,117.05,98.6171,72.7349,1353
452,200.0504,273669,118.6625,269,115.8,98.902,72.0195,1368
453,200.0176,272024,119.1625,274,116.36,98.7063,72.6711,1360
454,199.6297,273293,119.15,275,116.56,98.9462,72.0957,1369
455,200.2445,274335,118.5375,260,117.42,98.9526,72.0914,1370
456,200.4358,274597,117.475,274,116.83,98.783,72.1151,1370
457,200.857,273969,117.7125,261,117.63,98.7947,71.8705,1364
458,200.4478,274413,119.0125,271,116.21,99.2152,71.9708,1369
459,199.5668,276400,118.9375,262,117.5,98.4134,72.148,1385
460,199.2468,280938,117.8625,270,116.85,99.1435,72.0763,1410
461,201.036,273811,117.975,258,116.51,98.7322,71.434,1362
462,200.9028,276844,116.575,272,116.63,98.5927,72.3567,1378
463,201.5293,278715,118,263,117.07,98.7771,72.1259,1383
464,201.5577,274320,118.825,265,116.85,98.2674,72.198,1361
465,202.3584,276624,118.45,287,116.65,98.7068,72.1867,1367
466,201.8788,274757,117.9375,280,117.56,98.6287,72.226,1361
467,202.0343,276787,118.5,264,116.63,99.0343,72.2917,1370
468,202.5085,273994,118.1625,266,117.54,98.519,71.7747,1353
469,203.8507,275810,118.7,267,117.02,98.9447,71.9735,1353
470,204.0906,281645,118.975,271,118.71,98.7598,72.0484,1380
471,204.1714,279919,119.175,263,117.21,98.8445,72.3928,1371
472,205.8899,278569,117.7875,267,117.07,98.505,72.0637,1353
473,207.0798,280386,118.225,277,116.61,99.0029,72.5912,1354
474,207.8223,286587,118.725,268,117.41,98.6976,72.2239,1379
475,207.8878,283559,118.625,283,116.12,98.5537,72.4513,1364
476,207.1196,283961,118.3875,282,117.22,98.9381,72.3009,1371
477,206.7198,285480,117.8625,278,116.4,98.5703,72.8805,1381
478,208.1982,282525,119.5,279,116.69,98.7044,72.6767,1357
479,206.7339,285913,118.4625,274,116.49,98.6938,72.426,1383
480,206.7812,284531,118.425,272,118.17,98.7486,72.5496,1376
481,206.8666,285269,118.2875,274,116.97,98.9337,72.3741,1379
482,206.6854,279852,117.775,272,116.68,99.0178,72.3437,1354
483,204.6731,285519,116.9,268,116.72,99.7117,71.6463,1395
484,205.6268,285410,119.775,293,117.55,99.3262,71.367,1388
485,206.5189,283757,117.3125,273,116.58,99.6867,71.0294,1374
486,205.3305,285204,117.9125,268,116.92,100.3125,70.8959,1389
487,204.0528,282205,118.775,272,117.36,99.007,71.6406,1383
488,204.0825,277144,119.1875,270,117.05,99.0924,71.8117,1358
489,202.695,281138,118.8125,260,117.31,98.8907,71.4475,1387
490,202.0725,273000,117.65,270,118.25,98.9256,71.6409,1351
491,200.1237,279773,117.9625,271,116.52,99.5643,71.381,1398
492,199.7813,274100,117.725,259,115.25,99.0404,71.8484,1372
493,199.7404,277040,118.4625,257,117.57,98.7609,71.5552,1387
494,198.5597,277785,118.475,266,116.24,99.1625,71.903,1399
495,198.8304,274386,116.8875,262,116.03,99.8786,71.2588,1380
496,198.5011,277306,117.05,287,117.24,99.6245,71.7074,1397
497,199.8038,272932,117.325,275,116.55,99.1794,71.7139,1366
498,197.8571,274230,117.3375,259,115.46,99.3547,71.2833,1386
499,198.6908,271213,117.1125,254,115.9,99.639,71.4519,1365
500,199.0694,269540,117.425,258,117.39,99.4346,71.724,1354
501,199.1602,272252,118.8375,257,116.66,99.4647,71.2318,1367
502,198.5967,278234,116.775,265,116.22,99.2183,72.2129,1401
503,198.6963,274797,117.85,275,117.56,99.4492,71.6154,1383
504,199.0103,271649,117.95,264,116.83,99.1608,72.0828,1365
505,198.105,267838,118.425,260,118.42,99.3055,71.7994,1352
506,198.4003,277562,119.15,259,115.89,99.3006,71.2025,1399
507,199.5588,276389,118.6,252,117.72,99.6516,71.8716,1385
508,200.2025,271875,117.8125,274,116.74,99.1191,71.8414,1358
509,199.2536,273376,118.8125,272,116.94,99.3166,72.0524,1372
510,199.6275,270096,118.1875,263,117.77,99.3073,71.9577,1353
511,198.9798,275985,118.325,271,116.22,99.06,71.3991,1387
512,198.686,273392,118.5125,255,116.93,99.137,72.0392,1376
513,198.7073,273620,118.775,267,116.74,99.5996,71.5768,1377
514,198.3972,269225,118.9625,261,116.92,99.3388,72.2153,1357
515,198.6915,274393,116.6375,266,116.12,99.0983,71.7793,1381
516,199.0108,275829,117.1125,258,116.58,99.86,71.5281,1386
517,200.2013,276478,118.5875,266,116.61,99.3981,70.7826,1381
518,200.8245,275732,116.2375,270,116.73,99.2547,71.2576,1373
519,201.7085,281585,117.0125,272,116.76,99.2282,70.154,1396
520,203.0834,277615,116.9625,265,117.06,99.385,69.5224,1367
521,201.4575,282242,117.7,265,116.55,99.9697,70.5945,1401
522,202.6327,276391,116.9875,272,117.26,100.1144,69.8185,1364
523,201.9553,275467,119.05,272,117.26,99.9575,70.9812,1364
524,202.9949,280133,118.2625,264,115.95,99.6746,70.1118,1380
525,202.6893,283765,116.6875,269,117.32,99.6119,69.4966,1400
526,202.2879,278955,116.0875,274,116.09,99.9589,70.265,1379
527,202.6133,280822,117.7875,272,117.2,100.029,69.7642,1386
528,201.5051,275659,117.1625,262,117.04,99.6879,70.2932,1368
529,201.1526,271556,117.5875,260,116.7,99.7839,70.6853,1350
530,200.8327,273735,118.675,261,116.23,100.3925,70.004,1363
531,199.418,277191,118.0625,265,115.97,100.1585,69.6008,1390
532,199.8504,271197,115.5375,262,116.69,99.9274,70.4973,1357
533,198.273,271634,116.8875,261,116.63,99.5625,70.8434,1370
534,197.5343,276153,116.15,266,116.49,100.096,70.4038,1398
535,196.3922,270432,116.9875,259,116.34,100.146,69.712,1377
536,195.8309,271030,116.8,262,116.64,99.9581,69.6953,1384
537,194.4707,268564,118.2375,255,116.44,99.2359,70.473,1381
538,193.6205,269907,117.4625,252,116.67,100.2785,70.1028,1394
539,192.9751,263025,116.65,245,115.73,99.4217,70.7331,1363
540,191.2218,266372,118.3125,246,116.14,99.2753,70.3983,1393
541,190.9052,265931,115.375,254,116.95,99.3582,70.5448,1393
542,188.4181,270380,117.5375,246,116.7,100.111,70.6044,1435
543,188.3379,262543,117.425,247,116.54,99.8014,70.5564,1394
544,187.7215,263561,117.35,246,116.24,99.9821,70.1434,1404
545,186.8142,260419,116.9,242,117.35,99.5448,70.1895,1394
546,185.9185,262331,116.4,249,116.96,99.6358,71.0047,1411
547,184.7401,260853,117.5375,243,117.68,99.5597,70.3689,1412
548,184.6824,254677,117.1,239,117.34,99.8252,71.6382,1379
549,184.3689,252401,119.05,238,116.65,99.5981,70.7856,1369
550,183.7322,249692,116.85,236,115.54,99.9814,70.7365,1359
551,183.7883,257855,117.05,242,116.19,98.7994,69.5908,1403
552,183.0987,252310,116.2,240,117.06,100.209,70.5896,1378
553,183.1125,249033,118.6,236,116.72,99.6993,70.7033,1360
554,182.6006,252354,118,240,116.45,99.1934,71.1562,1382
555,182.1337,250616,116.9625,232,117.03,100.2455,70.7753,1376
556,181.0458,252921,118.4,243,116.97,99.0349,71.1713,1397
557,181.5117,248671,118.625,247,116.55,99.217,70.9667,1370
558,180.5877,250114,117.2875,237,117.13,100.0456,70.6085,1385
559,180.6067,247973,118.225,233,117.08,99.4148,71.4474,1373
560,179.8478,249269,118.1125,233,116.61,100.2027,70.1258,1386
561,179.0805,246952,116.05,224,115.97,99.1263,71.342,1379
562,180.0977,246914,116.2375,240,116.95,99.843,71.3421,1371
563,179.5689,247446,116.5875,234,117.18,100.4261,70.9498,1378
564,179.1611,252438,118.425,231,117,99.6808,72.2415,1409
565,179.1667,250475,118.0375,227,116.73,99.351,71.0072,1398
566,179.8405,261668,117.375,236,116.62,98.5121,70.3673,1455
567,180.9438,244817,115.525,232,116.86,99.2952,72.0171,1353
568,180.5353,247875,117.075,228,117.46,99.7228,71.2766,1373
569,180.2111,252656,117.6625,253,115.23,99.1846,71.8314,1402
570,180.0401,251516,117.875,235,116.3,99.9589,71.3403,1397
571,180.6842,247718,117.275,223,115.95,100.0059,70.8521,1371
572,180.2719,244629,117.7375,243,117.13,99.5887,71.2345,1357
573,179.9187,252426,118.3,232,116.48,100.3784,70.7652,1403
574,180.5192,244423,117.6,231,116.41,100.4897,70.2259,1354
575,179.7104,242609,117.2125,237,116.77,100.5648,70.4493,1350
576,180.3708,244222,116.1625,240,115.12,99.8156,70.541,1354
577,179.8707,248941,117.1125,230,116.42,100.029,70.4078,1384
578,181.0389,246575,116.8625,232,117.16,100.4823,70.133,1362
579,180.688,250795,116.4125,222,117.02,100.2855,69.8638,1388
580,181.1374,249245,115.6875,238,116.39,100.9816,69.2028,1376
581,181.2337,248109,115.9,236,116.9,102.1206,69.3074,1369
582,181.0929,251538,117.4125,228,115.87,101.1061,70.2181,1389
583,180.672,248424,116.875,229,116.02,100.9525,69.4194,1375
584,180.7185,252283,116.725,231,117.71,101.9113,68.349,1396
585,180.1559,255461,114.775,237,116.55,101.6161,68.836,1418
586,180.5018,245663,115.925,234,116.09,101.9623,69.5514,1361
587,178.9669,264692,116.15,248,116.16,101.5964,68.2584,1479
588,180.1068,252870,116.275,236,116.32,101.6534,68.8901,1404
589,179.5696,246549,116.6,232,117.21,100.3471,69.6563,1373
590,179.0201,249554,115.7625,230,116.1,101.259,68.5845,1394
591,178.069,258022,116.55,228,116.68,101.6169,69.0636,1449
592,178.5365,249237,116.5125,235,117.6,101.5608,69.4197,1396
593,179.0823,243731,115.625,232,117.53,100.9373,69.0093,1361
594,177.7764,266309,116.075,240,116.53,101.3298,68.7818,1498
595,178.8169,253920,115.9125,227,117.77,102.3038,69.1507,1420
596,178.4812,256656,115.2875,244,115.92,101.0812,68.2289,1438
597,179.6835,245807,115.7125,231,115.5,101.6882,69.0735,1368
598,178.9986,253641,115.275,244,117.25,101.376,69.4292,1417
599,178.6357,254020,116.7125,250,117.53,101.204,69.5346,1422
600,179.3292,244605,115.1,245,116.69,101.6935,70.2282,1364
601,179.1269,249882,117.3,234,116.98,102.0192,69.7498,1395
602,178.4668,255386,117.0375,220,116.02,101.4383,69.3792,1431
603,178.1553,252446,114.3625,236,116.64,101.5901,69.5258,1417
604,178.7069,241433,115.9125,218,117.59,101.4418,70.0792,1351
605,177.7586,247440,118.3125,222,116.97,100.6708,70.9447,1392
606,176.599,253243,116.3,227,115.68,101.6198,70.3634,1434
607,176.4793,251836,117.6,230,114.68,101.7607,68.4637,1427
608,176.8813,254886,114.775,228,116.52,99.9736,70.8034,1441
609,176.5924,251291,117.425,218,116.2,100.7934,70.102,1423
610,176.7342,251316,116.4625,240,115.4,101.0388,69.5576,1422
611,175.2445,245868,117.0875,224,116.87,100.6003,70.7768,1403
612,176.5194,246068,116.275,221,117.4,100.5751,70.7836,1394
613,176.4109,245564,118.0375,226,115.56,101.3201,70.337,1392
614,175.406,251006,116.8125,227,115.14,99.7996,70.6234,1431
615,176.2202,242479,117.5125,222,116.63,100.6705,70.6725,1376
616,174.8644,248832,118.225,230,116.26,99.8907,71.0534,1423
617,175.7671,249062,117.6875,224,116.43,100.3467,71.556,1417
618,175.6727,254374,117.275,228,116.5,99.8129,71.2367,1448
619,175.6517,242575,116.975,227,116.85,100.5349,70.3884,1381
620,175.1775,253657,116.0375,230,116.49,101.3761,70.5178,1448
621,175.9261,240491,117.725,220,117,100.1313,69.9566,1367
622,175.4959,253767,115.9875,244,115.81,100.9224,70.6628,1446
623,175.9123,240648,117.1375,230,116.18,100.5581,70.9998,1368
624,175.1816,248933,117.3125,221,116.33,101.0721,70.8486,1421
625,175.5539,247531,117.6,232,115.82,101.2667,71.3351,1410
626,176.4916,241617,116.7375,227,116.34,101.2221,70.9425,1369
627,175.635,253090,119.1375,239,115.97,101.2967,70.503,1441
628,175.9076,239938,117.35,219,116.43,100.4214,70.6297,1364
629,175.824,244747,117.425,229,116.33,100.5869,71.485,1392
630,175.2269,244792,115.7875,232,116.9,100.2447,71.0031,1397
631,176.0669,247550,116.8125,225,116.87,100.5653,71.5615,1406
632,175.4487,241242,117.6625,213,116.62,100.1876,70.7997,1375
633,176.3532,239664,117.475,220,116.49,99.8846,71.3855,1359
634,175.0027,257079,117.2375,222,116.37,100.7126,71.3364,1469
635,174.7772,249407,116.3,229,116.35,100.7624,70.8767,1427
636,175.3812,246586,118.475,235,117.21,100.914,71.4419,1406
637,175.4564,245288,117.4625,230,116.04,100.4212,71.6556,1398
638,175.5063,238513,117.05,222,116.08,100.3726,71.1318,1359
639,175.604,247426,116.7625,224,116.24,100.3513,71.0515,1409
640,175.4551,249848,116.625,218,115.85,100.0436,71.0502,1424
641,176.0468,240656,116.825,219,116.41,100.9626,71.4091,1367
642,176.3886,250119,117.4125,227,115.5,99.9356,71.1122,1418
643,177.4212,246438,116.45,222,115.87,101.1594,71.001,1389
644,176.8457,246346,117.7625,226,116.47,100.4234,72.1051,1393
645,176.6986,250912,117.8625,224,116.03,101.1242,71.0197,1420
646,177.3966,247823,116.7125,225,115.69,99.8523,70.9647,1397
647,176.5174,253832,118.7625,232,116.53,101.2134,70.6208,1438
648,176.1503,247315,117.8875,232,115.58,101.018,70.9719,1404
649,175.5527,242965,116.1375,224,117.05,100.9395,71.6155,1384
650,176.0729,241572,118.375,230,116.37,100.816,70.6837,1372
651,175.5208,249415,116.3,220,116.82,100.1331,71.0964,1421
652,175.1152,250765,118,234,116.11,100.8422,71.0155,1432
653,175.5736,243345,117.375,218,116.65,100.2913,71.8587,1386
654,175.0914,247054,117.675,220,117.11,101.2922,70.7636,1411
655,175.1647,237173,116.2125,226,116.87,100.7349,70.8102,1354
656,175.0059,238008,117.4125,223,117.56,100.7943,71.5956,1360
657,174.4401,238634,116.825,224,116.9,101.0347,70.7745,1368
658,174.5798,239698,116.0375,222,116.73,101.1069,70.8859,1373
659,174.0364,253397,117.1375,216,116.88,101.3901,71.2423,1456
660,173.7625,253172,117.05,217,115.45,100.5494,70.109,1457
661,173.6737,253390,116.625,236,116.24,100.7141,71.198,1459
662,172.8368,259428,117.3875,235,114.85,101.497,71.8565,1501
663,173.6188,243240,118.225,217,115.38,99.8454,71.3295,1401
664,173.2662,245345,117.3625,223,116.31,101.0391,70.8983,1416
665,174.32,239690,116.175,215,116.31,99.8834,71.1869,1375
666,173.4752,241304,116.8,212,116.68,100.3591,71.1426,1391
667,173.4847,238368,116.5375,232,116.25,100.6314,72.0309,1374
668,173.265,237373,117.55,228,116.45,100.4424,71.3922,1370
669,172.3924,246004,117.8625,219,116.78,100.4917,72.4003,1427
670,172.564,248147,117.2625,210,116.27,100.4275,71.3185,1438
671,172.5509,245885,116.6375,220,115.63,100.017,70.3323,1425
672,172.7399,235790,115.325,218,116.57,99.963,71.8921,1365
673,171.7507,239764,116.525,229,116.03,100.1548,70.9108,1396
674,172.5944,238698,116.4,219,116.39,101.1075,71.4127,1383
675,173.0331,235498,115.6375,223,116.19,101.5077,71.1291,1361
676,172.9334,233806,117.55,216,116.24,99.7539,70.6596,1352
677,173.1097,235083,116.3,215,116.03,100.123,70.9467,1358
678,172.3793,249950,117.325,222,116.4,101.0503,71.6881,1450
679,172.267,236178,117.75,216,116.31,101.1645,70.2527,1371
680,171.888,242534,116.175,212,115.95,101.9939,70.9235,1411
681,172.7191,239216,117.3625,224,115.91,101.3569,70.9459,1385
682,172.1216,240626,117.5875,219,116.17,101.4511,71.1998,1398
683,172.6322,238405,116.625,217,116.52,101.3409,70.6681,1381
684,171.5444,247367,117.275,224,115.5,100.3664,70.3889,1442
685,172.0833,239712,116.45,221,115.93,100.5284,71.4628,1393
686,171.663,247538,116.25,223,115.77,100.4109,70.8144,1442
687,171.592,251897,116.4125,220,116.92,100.6591,70.701,1468
688,172.4486,243325,116.95,217,116.71,100.4967,70.8622,1411
689,172.7928,249340,116.425,211,115.5,100.4625,70.7061,1443
690,174.0528,237234,115.9,232,116.18,101.4307,70.2396,1363
691,174.1155,245677,116.075,227,115.96,101.2654,69.1805,1411
692,175.211,236710,115.675,215,115.13,101.4362,70.7878,1351
693,175.2738,245208,118.2125,230,116.51,101.7745,69.0326,1399
694,175.0688,244396,116.6125,230,116.8,101.3496,68.8476,1396
695,175.6683,245233,115.45,227,116.1,102.4753,68.9427,1396
696,175.6754,240324,115.6875,224,115.69,102.5977,69.1506,1368
697,175.5703,256157,115.725,223,117.86,101.8134,67.9061,1459
698,175.1715,247167,116.825,230,116.46,101.9555,69.0489,1411
699,175.3433,241097,116.475,229,114.9,101.0359,69.3825,1375
700,174.8991,244334,115.8375,238,116.3,102.5626,68.6882,1397
701,175.9305,237858,115.825,218,117.43,101.2634,69.6106,1352
702,174.4761,244790,116.8125,222,116.39,102.0478,69.5744,1403
703,174.1633,237907,118.1125,219,116.06,101.617,69.549,1366
704,174.3164,250667,116.5875,215,116.53,101.9809,69.4365,1438
705,174.4501,246498,116.525,215,115.28,101.9598,69.8882,1413
706,174.3302,238135,116.9125,221,116.86,101.1591,69.9126,1366
707,174.5116,240128,116.725,220,115.5,101.1222,69.3031,1376
708,173.1773,255956,117.275,219,115.51,100.3163,70.2928,1478
709,173.436,242637,115.5625,220,117.07,100.5307,70.579,1399
710,174.0127,247098,116.7375,223,116.87,101.2144,69.8663,1420
711,174.6723,236157,117.525,219,115.7,101.1039,69.9508,1352
712,174.2883,239995,116.6625,227,115.66,100.1596,70.1758,1377
713,173.361,248773,116.625,215,115.5,100.9931,69.9803,1435
714,174.6871,245610,116.625,214,117.16,100.9408,70.4877,1406
715,173.9717,239907,117.85,225,117.51,101.2261,70.3926,1379
716,173.9993,243599,116.4,215,115.82,101.6976,70.2635,1400
717,174.9356,236163,116.525,212,116.3,102.0578,70.2473,1350
718,173.8593,247054,118.1625,215,117.11,100.8032,70.9238,1421
719,174.7218,251250,116.5,222,116.26,101.3445,70.6455,1438
720,174.2484,249001,117.3625,228,116.25,102.12,70.8207,1429
721,175.3292,237571,117.8625,221,115.82,101.4276,70.8155,1355
722,175.1088,239899,117.05,218,117.97,101.091,70.589,1370
723,175.7477,245168,116.8875,213,116.43,101.7363,70.1051,1395
724,176.9298,242040,116.35,221,115.35,101.4679,70.9632,1368
725,177.0339,245723,117.5875,237,116.65,101.6266,71.4857,1388
726,176.7163,245459,115.9,223,116.29,101.0524,71.2626,1389
727,176.4777,257481,116.5625,228,115.84,100.9176,71.6135,1459
728,176.8129,249483,116.6125,226,115.45,100.9717,72.1169,1411
729,177.6688,249447,117.575,219,116.04,100.5231,71.2687,1404
730,178.3319,248773,116.5125,231,116.2,100.9491,72.273,1395
731,179.0768,247126,117.15,226,116.22,100.696,71.3105,1380
732,179.0844,256628,117.2375,228,114.38,101.0952,72.0227,1433
733,180,243180,118.675,241,116.82,101.0317,72.2088,1351
734,179.9617,253566,117.9625,226,115.69,101.1241,71.5459,1409
735,180.698,253700,117.7375,233,115.52,101.3621,72.5364,1404
736,180.8231,255503,118.9375,229,116.3,100.5665,72.2821,1413
737,181.4555,248594,119.1125,227,116.98,101.2439,71.9489,1370
738,181.7967,251243,117.1875,224,115.86,101.1974,72.8589,1382
739,181.0833,252249,118.1625,231,116.9,101.1545,72.4727,1393
740,181.2224,249362,118,231,115.92,100.9416,71.8352,1376
741,181.1543,251261,117.725,241,115.89,101.8917,72.0028,1387
742,180.4771,259526,118.025,242,115.42,101.4339,72.1257,1438
743,181.8768,249535,116.6875,247,116.75,100.6882,72.0704,1372
744,181.5676,260368,117.0375,223,116.3,101.4215,72.2936,1434
745,182.8827,255670,116.9625,226,116.61,101.5535,73.1022,1398
746,183.2333,257626,118.9875,249,116.12,101.7523,71.9579,1406
747,184.3014,250097,117.6,250,115.92,101.1406,72.7876,1357
748,184.345,263982,118.85,242,116.43,101.217,72.2189,1432
749,184.6693,258537,117.55,237,116.28,101.1264,72.5277,1400
750,185.0946,262279,118.1,237,116.06,101.4575,72.9738,1417
751,185.5667,257381,118.55,231,116.3,101.5206,72.7071,1387
752,185.7959,251196,118.925,233,116.34,101.513,72.9945,1352
753,185.6245,254120,119.3375,240,116.66,101.5888,72.6493,1369
754,186.5432,259295,118.1875,235,116.93,101.3771,72.596,1390
755,187.1634,254355,119.025,245,116.62,101.561,72.5393,1359
756,188.5291,262621,117.95,249,117.05,100.9817,72.6393,1393
757,189.3698,256028,118.575,252,117.18,101.7188,72.8177,1352
758,189.5651,260652,118.9125,237,115.37,101.1192,72.4038,1375
759,189.539,265165,117.725,238,115.41,101.7412,72.6433,1399
760,189.9899,264466,119.3625,250,115.85,101.2151,72.6063,1392
761,189.3117,265983,119.175,254,117,101.7627,72.1985,1405
762,188.6242,263508,118.125,240,117.79,101.7407,72.2771,1397
763,188.6104,257076,118.6625,237,116.68,101.4286,73.1491,1363
764,188.5178,254499,120.0125,236,116.1,101.1858,72.5288,1350
765,187.2673,254309,118.6625,240,115.49,101.9184,71.9415,1358
766,187.7748,253496,116.925,250,115.5,101.3517,72.3151,1350
767,187.5347,259173,118.4625,235,117.66,101.0801,72.0356,1382
768,187.8909,254968,117.6625,236,116.77,101.7789,72.1697,1357
769,186.6549,263370,118.05,251,116,101.8853,72.6315,1411
770,187.2041,266017,118.55,243,115.23,101.6698,71.8898,1421
771,187.3138,261490,117.75,237,115.42,101.6401,72.2212,1396
772,187.3414,262840,119.5,239,116.56,101.3778,72.9249,1403
773,186.6747,263958,117.9875,240,115.35,102.0201,71.8078,1414
774,186.3473,266104,118.5,236,116.13,101.4471,72.202,1428
775,186.7061,258588,117.625,233,115.82,101.6952,72.4633,1385
776,186.8437,255789,117.9125,240,115.55,101.7041,72.7638,1369
777,185.9077,261944,118.225,250,116.11,101.7726,71.7813,1409
778,185.6251,253007,118.0625,232,115.26,101.6068,71.756,1363
779,184.212,264160,118.0125,243,115.81,102.1563,71.7527,1434
780,183.5687,263054,117.75,238,115.61,101.5031,72.1614,1433
781,182.583,255251,119.625,235,114.58,102.3918,72.4341,1398
782,183.5157,251600,118.5625,233,116.58,102.4058,71.6841,1371
783,181.786,249774,117.95,227,116.43,101.6898,71.9912,1374
784,182.1027,250027,119.5125,240,117.04,101.5161,71.2639,1373
785,181.1136,247220,117.7125,229,115.63,101.5363,71.8227,1365
786,179.9408,261454,116.7625,232,115.99,102.0261,71.6228,1453
787,179.7161,259510,117.675,238,115.57,102.3424,71.1766,1444
788,179.4325,253897,117.45,235,115.95,102.4083,72.018,1415
789,178.5367,257807,117.75,225,114.99,102.7119,70.6785,1444
790,177.9859,252562,117.625,229,115.65,102.1577,71.0942,1419
791,178.0675,253212,116.275,220,115.44,101.2134,71.5369,1422
792,179.5899,251785,116.5625,229,116.16,102.044,71.3548,1402
793,179.5488,251907,118.525,240,116.59,101.9465,71.7056,1403
794,180.1592,254565,117.6375,232,116.54,102.1692,71.589,1413
795,180.6278,246015,116.0875,225,116.54,102.2397,72.1059,1362
796,180.6126,258276,117.6875,226,115.73,102.0462,71.8868,1430
797,180.9649,257694,117.8375,234,114.98,101.7092,71.958,1424
798,182.1917,247052,118.1875,230,116.01,101.8395,70.8237,1356
799,181.4298,257086,117.55,223,117.2,102.8554,71.9995,1417
800,181.9301,255066,117.9375,230,115.79,102.5694,71.1555,1402
801,182.8288,247733,117.025,242,115.34,101.9367,71.8398,1355
802,182.8483,260376,118.65,249,116.06,101.5532,71.7167,1424
803,184.3918,250404,117.9125,247,115.44,102.0769,70.1183,1358
804,184.4384,259136,115.3125,239,116.51,102.5426,70.6932,1405
805,184.766,266063,117.2875,230,116.35,102.234,69.3981,1440
806,185.0537,251488,116.35,235,115.88,101.8409,70.4691,1359
807,185.0078,262526,115.575,244,117.24,103.4029,69.2825,1419
808,184.5673,253780,115.575,234,116.85,103.3635,70.4604,1375
809,184.1463,254306,116.475,236,116.15,103.4628,69.6255,1381
810,185.5431,254194,116.225,245,116.47,103.4095,70.469,1370
811,184.6243,262905,115.9375,231,116.57,103.2104,70.0725,1424
812,185.077,252260,116.4375,230,116,102.8609,69.5227,1363
813,184.596,251789,116.525,246,115.6,103.6882,69.7637,1364
814,183.6679,257135,115.9,239,115.63,102.0019,70.1299,1400
815,184.3935,256307,116.425,234,116.18,103.6373,69.8105,1390
816,183.7591,273066,117.4125,240,115.27,103.2979,70.0993,1486
817,184.9108,252773,116.5125,232,117.07,102.7932,70.2186,1367
818,184.2583,254645,117.2625,238,116.34,103.0663,69.6989,1382
819,184.2429,257940,115.8,239,116.38,101.9717,71.1169,1400
820,183.9191,254728,117.125,244,116.48,102.7791,70.6684,1385
821,183.9978,250605,117.55,244,115.61,102.7379,70.0017,1362
822,183.2141,251553,115.7875,233,115.72,103.1187,70.3718,1373
823,182.7001,247376,114.8125,236,116,102.3957,69.8178,1354
824,181.1966,262735,117,229,115.72,102.6955,70.7501,1450
825,182.3232,251606,117.075,231,115.49,102.3277,70.3037,1380
826,181.4901,248097,116.5875,231,116.68,101.9662,70.7704,1367
827,181.1864,252755,117.4625,223,115.73,102.6684,70.3618,1395
828,180.0765,249586,116.675,235,115.31,102.0369,70.236,1386
829,180.5731,253344,116.6875,248,117.18,102.5703,69.8668,1403
830,180.6882,263082,115.9375,239,117.53,102.3677,69.79,1456
831,181.081,257135,115.825,235,116.46,102.2311,70.387,1420
832,182.7436,258034,117.475,241,116.51,102.5227,70.0547,1412
833,183.5275,254002,117.275,231,116.24,102.5081,70.593,1384
834,183.9135,253065,116.9625,249,117.55,103.0513,70.7532,1376
835,183.8904,265170,116.75,237,115.77,103.0731,70.0531,1442
836,184.4543,250489,118.65,236,115.61,102.4584,70.9448,1358
837,184.0176,250632,118.1875,243,116.26,102.4832,70.3371,1362
838,184.1562,254688,116.95,231,115.66,101.6841,71.3681,1383
839,184.1025,264003,117.05,237,115.41,102.2267,70.5726,1434
840,185.0795,251523,117.45,233,115.42,102.4416,70.4789,1359
841,185.6081,253355,115.925,234,116,102.0166,71.3699,1365
842,184.773,269399,117.0875,236,114.97,102.1287,71.151,1458
843,185.3293,258905,117.3375,240,115.16,102.6567,70.8074,1397
844,186.3435,256595,117.6,245,117.03,101.8865,71.363,1377
845,186.239,257941,117.3875,239,115.75,102.7202,70.9342,1385
846,186.5616,259134,117.2625,245,116.83,102.706,71.4358,1389
847,186.4807,265362,117.3625,245,115.45,102.0277,70.6362,1423
848,187.1409,261623,116.8625,249,116.74,101.9968,71.1926,1398
849,186.7242,256559,116.1,244,115.77,102.0963,71.0239,1374
850,185.7389,263935,117.125,234,115.94,102.2862,70.8842,1421
851,186.446,259160,116.9625,244,116.31,102.3736,71.1629,1390
852,186.3159,255998,117.05,233,114.95,101.8885,71.7692,1374
853,186.4177,260612,118.25,245,116.69,102.5776,70.7311,1398
854,186.1305,260955,116.925,233,114.85,102.7866,70.9642,1402
855,185.8967,257281,118,229,115.68,102.2779,71.0492,1384
856,186.317,258608,116.725,248,116.17,102.1041,71.1685,1388
857,186.3496,263871,116.8125,239,115.49,102.4753,71.4992,1416
858,186.3997,260214,116.25,240,115.29,102.8388,71.1604,1396
859,187.6701,256545,117.5,234,114.99,102.1686,71.3465,1367
860,186.6805,252392,116.6875,240,115.82,101.9796,72.4205,1352
861,186.7392,254152,119.05,234,115.49,102.7672,71.8134,1361
862,186.7696,255314,117.225,234,115.44,102.3173,71.4893,1367
863,185.7675,260446,117.375,232,115.68,102.1869,71.3214,1402
864,185.1623,260153,118.075,251,115.82,102.4469,71.439,1405
865,185.0811,250970,117.3,235,115.8,102.0283,72.0596,1356
866,184.3262,249209,117.9375,233,116.73,102.7917,71.9839,1352
867,184.213,252556,118.775,230,115.66,102.4107,71.8678,1371
868,183.0578,253352,117.7125,238,116.41,102.909,72.2741,1384
869,181.7119,251671,117.85,240,115.77,103.1682,71.5405,1385
870,180.1901,257852,117.5875,230,115.89,102.407,72.3216,1431
871,180.0788,253731,117.75,227,115.96,102.1783,71.3044,1409
872,179.7642,252389,117.5125,227,116.3,102.2482,72.002,1404
873,179.8779,244454,117.675,225,116.8,101.7377,71.6262,1359
874,179.0812,258056,117.9625,229,114.77,102.7572,71.414,1441
875,177.8998,248526,117.65,220,115.53,102.0431,71.8894,1397
876,177.6273,248323,118.125,220,115.63,101.8792,71.643,1398
877,177.3159,244164,118.0375,236,116.09,102.8332,72.2893,1377
878,176.0439,252623,116.475,222,116.74,102.1764,71.6943,1435
879,177.2311,248478,117.9875,232,115.98,103.1828,71.4818,1402
880,177.1149,240522,116.3375,216,116.27,102.7709,72.2884,1358
881,176.8272,241546,117.9375,229,116.17,102.7113,71.3844,1366
882,176.1751,258625,117.025,226,115.37,103.1551,72.0603,1468
883,176.7549,243038,118.3625,234,116.57,102.4285,72.6154,1375
884,176.3071,253177,119.4875,224,115.74,103.1575,72.1478,1436
885,176.8428,253062,117.3375,216,115.06,103.0521,72.933,1431
886,177.2859,255469,119.025,228,115.98,102.645,71.7077,1441
887,177.9017,244437,118.3125,218,116.99,102.0251,72.3094,1374
888,179.7143,242794,118.1625,239,115.78,102.7588,72.1733,1351
889,178.9937,253813,117.725,219,115.75,101.5723,72.4412,1418
890,179.9528,251574,118.125,240,116.17,103.1193,71.5212,1398
891,179.699,246547,117.4625,230,116.3,102.9419,72.4299,1372
892,180.7704,244040,118.1875,239,115.14,102.3606,72.4229,1350
893,180.0859,257883,118.2875,222,115.98,103.0946,71.7312,1432
894,179.7181,253762,118.6,227,115.38,102.7872,71.928,1412
895,179.731,257914,118.825,235,116.19,102.3106,72.3274,1435
896,179.4976,258297,117.8125,231,116.28,102.3739,71.7815,1439
897,180.1649,252411,117.1125,235,116.22,103.4788,72.0297,1401
898,181.384,251761,118.2125,237,115.28,102.3522,72.3212,1388
899,181.9465,261639,118.825,239,115.8,102.7911,72.1529,1438
900,181.8494,252407,118.4125,233,115.26,102.0787,72.1978,1388
901,182.3378,260196,117.2,236,116.66,103.0055,71.6633,1427
902,181.3797,259373,118.75,225,116.23,102.5349,71.8829,1430
903,182.761,258424,119.65,240,115.4,102.9734,71.9034,1414
904,181.9865,256055,118.6875,230,116.51,102.6804,72.2361,1407
905,181.7792,262671,116.9,232,115.22,103.2243,72.1793,1445
906,182.6041,249985,118.1,227,116.32,102.6145,72.9493,1369
907,183.1493,256409,118.0625,238,115.46,103.3247,72.0505,1400
908,182.7949,248601,118.35,241,115.86,103.4692,71.9298,1360
909,183.3386,255024,118.2375,233,116.11,102.3797,72.6049,1391
910,183.4814,251920,115.7,241,116.82,102.7971,72.3353,1373
911,183.3063,253146,117.4125,237,116.11,103.2533,72.6278,1381
912,182.3911,261184,119.9375,228,116.62,102.6533,72.6202,1432
913,182.4985,247468,119.6,221,115.44,102.3392,72.3879,1356
914,182.3525,250917,116.2375,230,115.83,103.6429,72.8816,1376
915,181.6777,253077,118.425,221,115.3,103.133,71.8581,1393
916,181.9351,246704,118.25,232,115.73,103.2212,72.3175,1356
917,182.8657,247783,118.55,234,116.09,102.9016,72.1421,1355
918,182.7022,250302,117.025,228,115.27,102.5647,72.7597,1370
919,182.8332,248836,118.0375,229,116.12,102.4122,72.2749,1361
920,182.5962,256365,116.575,227,115.82,102.7964,72.2033,1404
921,183.0861,248814,116.4875,232,116.11,102.7833,72.2843,1359
922,182.0648,247062,117.2625,226,114.98,102.2294,72.5175,1357
923,182.6603,259195,118.6375,230,116.08,102.7528,72.2511,1419
924,182.8865,259333,118.2875,240,115.89,101.8654,72.2275,1418
925,182.8957,252579,117.1125,241,114.78,102.8664,72.2375,1381
926,182.5624,257413,117.45,243,116.38,102.8433,72.8644,1410
927,183.0137,253657,117.6625,240,116.4,102.8193,72.6611,1386
928,182.3367,249619,119.075,228,117.16,101.848,72.7389,1369
929,182.0352,253393,118.425,233,115.9,102.7774,72.4702,1392
930,182.2876,253562,117.55,241,116.56,102.6996,72.8161,1391
931,181.6284,248286,117.525,227,115.88,102.6083,71.8166,1367
932,182.0618,247422,118.025,234,115.43,102.5372,72.869,1359
933,181.5778,252030,119.2125,234,115.65,103.1015,71.673,1388
934,181.7585,257370,118.3625,226,115.96,102.4854,73.4652,1416
935,182.0554,253239,119.0625,235,115.44,102.3913,72.175,1391
936,181.4592,249325,117.6875,242,115.89,102.6183,72.4884,1374
937,181.6695,252884,118.375,232,116.09,102.4179,71.6847,1392
938,181.8041,265434,116.9,232,115.63,102.7247,72.406,1460
939,183.1866,251332,117.4875,233,115.18,102.1897,71.9935,1372
940,183.3805,259300,116.2,228,114.87,102.6413,72.2897,1414
941,184.5383,257800,119.3125,231,115.19,103.1154,73.018,1397
942,184.7448,255502,118.7875,231,115.21,102.4069,72.4276,1383
943,185.0436,250364,117.9,234,115.99,102.3933,72.7627,1353
944,184.5911,257320,119.8125,234,115.47,101.9453,72.664,1394
945,184.8819,262902,117.2,238,114.84,102.5311,72.3686,1422
946,185.4103,260316,118.625,231,116.66,102.4784,72.6272,1404
947,185.8935,251328,117.525,228,116.16,102.7862,72.6835,1352
948,185.6299,252271,119.05,232,115.13,102.4765,71.9662,1359
949,184.5341,259455,117.1625,233,115.86,102.6383,72.5714,1406
950,184.0904,258647,118.5125,233,115.51,102.3086,72.1384,1405
951,183.8313,251665,118.0875,231,115.13,102.372,72.2476,1369
952,183.0175,261532,117.7375,229,115.27,102.1772,72.2617,1429
953,182.8716,251997,116.7875,232,115.45,102.0641,72.8541,1378
954,182.7781,258631,117.7,238,115.96,102.9115,71.2433,1415
955,183.4758,249894,115.825,233,116.28,101.6337,71.6636,1362
956,182.8864,249457,117.6875,233,116.44,102.2887,72.4244,1364
957,181.5775,258748,117.3625,232,115.66,102.9197,71.7084,1425
958,181.2193,256969,117.8375,228,115.27,103.0182,72.1176,1418
959,182.5944,248511,117.0125,232,116.2,102.5033,71.6672,1361
960,182.6017,257651,116.1875,238,116.49,102.4766,72.3583,1411
961,182.6041,256924,117.8625,230,116.64,102.6033,72.431,1407
962,181.7043,259292,117.3875,243,115.9,102.3239,72.0252,1427
963,181.9257,247419,116.75,226,115.22,101.6182,71.6526,1360
964,181.9116,257223,118.0625,230,115.37,102.2407,72.1604,1414
965,180.9071,251280,117.2,221,115.85,101.0969,72.9486,1389
966,180.6056,251403,117.225,232,115.16,102.7593,71.7202,1392
967,180.043,255121,118,228,115.17,102.3544,71.7739,1417
968,180.3475,263127,117.625,225,115.58,102.6365,72.1529,1459
969,180.5051,249097,118.525,226,116,101.6965,71.5229,1380
970,179.5234,256898,117.9375,227,115.31,102.9727,72.3304,1431
971,179.7598,248428,117.925,232,114.79,101.9765,71.9194,1382
972,179.359,249309,117.9625,224,114.55,102.2481,72.4379,1390
973,179.85,243337,116.725,236,115.54,102.4867,72.5465,1353
974,178.9523,255186,118.3625,235,115.32,102.076,72.0467,1426
975,178.7332,252550,118.0125,227,115.88,102.5186,71.4789,1413
976,178.4358,251416,117.7875,231,115.11,102.0262,71.4456,1409
977,178.4003,254042,116.3875,223,115.68,101.9227,72.1386,1424
978,179.1626,244557,116.5875,221,115.64,101.5696,72.829,1365
979,179.7191,248911,118.9375,229,116.3,102.3148,71.2518,1385
980,178.8793,244528,116.3875,231,116.61,102.8576,72.3518,1367
981,178.8122,243721,116.9,224,116.2,103.0374,72.5937,1363
982,179.3353,244972,118,232,115.86,102.3282,71.1076,1366
983,179.8967,247358,116.9375,233,116.46,102.4766,71.1191,1375
984,180.2531,249290,117.0875,225,115.62,101.9891,71.9319,1383
985,180.754,248356,117.4125,243,115.16,102.7525,71.8646,1374
986,180.0711,250839,117.125,232,116.2,103.2685,70.9937,1393
987,180.7206,244515,117.2375,233,115.69,103.1889,70.7914,1353
988,179.9732,248363,116.8125,233,115.72,102.4758,71.1018,1380
989,179.2803,261570,116.175,225,115.44,103.1654,70.0784,1459
990,178.8949,250274,116.8375,233,115.77,102.4339,70.4143,1399
991,178.5118,249024,115.575,231,116.11,102.0868,70.0877,1395
992,178.8741,244342,115.0625,221,114.53,102.9218,70.4826,1366
993,177.8602,242957,116.075,218,115.2,102.5277,69.9378,1366
994,177.028,253150,115.725,220,116.18,103.1111,70.3445,1430
995,176.6501,255436,116.4625,224,115.41,104.049,69.2293,1446
996,177.1836,240261,115.6875,219,116.4,103.0088,70.1977,1356
997,176.2031,242103,116.2125,231,115.41,103.5918,69.7532,1374
998,175.1476,240828,115.675,218,116.25,102.5432,69.7901,1375
999,175.1915,247020,115.1375,217,115.06,103.2174,69.9818,1410
1000,175.4823,237954,115.2875,222,115.35,104.3187,70.0986,1356
1001,174.4309,239668,116.425,229,116.45,103.8944,69.2847,1374
1002,173.5358,251974,115.475,223,115.37,104.2003,69.9943,1452
1003,174.1274,235072,117.5,226,115.36,103.8062,70.4731,1350
1004,172.9383,241076,115.8875,213,115.82,102.9977,69.1099,1394
1005,172.8324,237126,116.0125,217,115.51,104.0391,70.0769,1372
1006,172.5492,236565,115.7375,214,115.09,103.3316,70.3195,1371
1007,172.1816,241743,116.2625,214,114.68,103.7111,69.8497,1404
1008,171.7645,245795,117.0875,225,115.29,103.1192,69.6679,1431
1009,171.4809,242474,116.4,220,115.6,103.287,69.7916,1414
1010,172.1765,245868,115.3625,224,114.55,103.8913,70.644,1428
1011,172.5379,234479,116.525,220,114.74,104.3812,69.3319,1359
1012,171.823,237803,115.25,216,115.54,104.2866,70.0043,1384
1013,171.0245,244565,115.4125,211,116.48,105.1058,68.918,1430
1014,171.6683,246344,115.75,214,114.63,104.7623,69.745,1435
1015,171.284,247848,116.175,218,116.25,103.7582,70.5746,1447
1016,171.7345,240600,117.0625,221,115.84,103.9555,70.8416,1401
1017,170.9826,245018,116.2125,219,115.62,103.541,70.8877,1433
1018,170.9825,254251,117.5125,221,115.9,104.1646,69.9338,1487
1019,170.8637,235621,114.775,224,115.77,104.0902,69.486,1379
1020,170.8691,250665,114.525,220,115.01,104.2196,70.6898,1467
1021,170.6449,246070,116.0875,214,115.84,103.9132,70.1774,1442
1022,169.8454,243898,114.5,213,115.54,104.334,71.0313,1436
1023,170.5391,237902,116.3625,224,115.21,103.6137,70.6607,1395
1024,169.5316,246499,117.4,220,115.56,103.6086,70.8034,1454
1025,170.4428,235211,117.6,212,116.16,103.3892,70.6696,1380
1026,170.7055,237622,116.325,209,115.9,104.0746,70.5669,1392
1027,171.1401,235831,115.8875,213,116.39,104.5619,70.2308,1378
1028,171.5314,234998,116.2125,216,115.2,103.6478,70.401,1370
1029,170.7221,240206,115.325,216,115.52,103.8444,69.9273,1407
1030,170.3737,246190,116.7125,209,115.49,104.2007,70.188,1445
1031,170.9831,242112,115.4125,215,116.02,104.3783,70.0976,1416
1032,170.5939,230643,117.3125,214,115.03,103.1961,70.1919,1352
1033,170.4043,240270,115.1375,216,115.47,103.7179,70.5065,1410
1034,170.2742,242811,116.725,222,115.7,104.1687,70.6226,1426
1035,170.6604,237730,116.1375,208,115.21,104.2778,69.4212,1393
1036,170.4153,232276,114.0625,219,116.24,103.6942,70.7358,1363
1037,170.4482,238457,117.8625,216,116.01,103.6673,70.7883,1399
1038,169.8279,240816,115.5,209,115.84,104.4442,70.2029,1418
1039,170.2386,243271,116.625,215,114.51,102.6648,70.919,1429
1040,170.6613,242851,116.975,214,115.22,104.3442,70.9586,1423
1041,170.5322,254434,116.15,234,115.63,104.8483,70.269,1492
1042,171.0693,234536,115.9125,211,115.18,104.0918,69.4397,1371
1043,171.1624,232952,115.05,212,116.08,104.1345,69.5248,1361
1044,170.6676,240300,116.775,207,115.62,103.5391,69.9455,1408
1045,171.4741,231490,117.075,224,115.97,104.6958,70.2988,1350
1046,171.2793,232426,115.9375,210,116.08,104.5897,70.3804,1357
1047,170.8906,235829,116.2625,215,114.58,104.4769,69.7808,1380
1048,170.5506,246275,116.5125,216,115.64,104.3439,69.7857,1444
1049,170.4742,248040,115.6625,216,115.16,105.1943,70.3106,1455
1050,170.0319,244846,116.0625,214,116.21,104.5054,70.2305,1440
1051,169.6486,262616,116.35,219,115.86,103.7352,69.6148,1548
1052,171.7627,233082,115.9625,214,116.79,103.7845,70.0455,1357
1053,170.5829,236769,116.0125,212,115.75,104.1048,69.9055,1388
1054,169.7841,250092,115.4375,212,116.27,104.3448,69.3923,1473
1055,170.3551,232705,116.7,209,115.21,103.7134,70.0914,1366
1056,170.2716,236337,116.7625,215,115.17,103.1914,71.349,1388
1057,170.2045,247988,117.1875,204,115.4,105.216,70.4028,1457
1058,170.9333,238281,116.525,221,115.37,104.5335,70.0466,1394
1059,170.874,246913,117.7125,213,114.9,103.9221,71.044,1445
1060,170.5775,245461,117.1375,220,115.45,102.9324,71.25,1439
1061,171.4456,241224,117.75,221,116.45,104.0111,69.112,1407
1062,172.9076,239650,115.525,227,116.24,105.1285,67.9739,1386
1063,172.8168,247128,115.4,216,115.16,105.706,68.211,1430
1064,172.4167,250349,114.9125,216,115.22,105.1209,68.6441,1452
1065,172.9563,249403,116.05,214,115.77,105.9188,67.7773,1442
1066,174.2316,252810,116.075,217,116.52,105.5128,66.3978,1451
1067,174.4712,248447,113.8676,221,115.49,105.9675,66.1145,1424
1068,174.3487,248970,114.0441,213,115.36,105.5958,67.1307,1428
1069,174.3109,241072,115.2368,215,114.65,105.5976,66.7128,1383
1070,174.1788,243502,115.6053,218,117.33,105.756,66.3195,1398
1071,173.3985,254549,115.3971,214,115.23,106.7305,66.3521,1468
1072,173.8675,254542,115.6912,224,115.4,106.0923,66.9118,1464
1073,173.1128,254649,114.8684,224,116.25,105.164,67.6548,1471
1074,173.7592,236660,115.4625,217,115.16,105.1759,67.388,1362
1075,173.6006,235576,115.7895,218,116.03,105.6483,66.9541,1357
1076,172.5364,255699,114.9342,215,115.13,105.1074,67.716,1482
1077,172.8418,258917,114.85,224,115.16,105.3425,68.4694,1498
1078,172.9652,263426,116.2375,225,115.27,105.6342,68.0665,1523
1079,172.5422,243457,116.3875,231,115.69,104.5652,67.5315,1411
1080,173.4086,241038,115.65,213,114.74,104.349,67.2546,1390
1081,172.6541,233083,114.8684,221,117.07,106.2566,67.9059,1350
1082,171.9006,238770,115.2875,214,115.37,103.9519,68.9698,1389
1083,172.3413,239382,115.7,216,116.51,105.0924,67.9556,1389
1084,172.3222,237460,115.0375,209,115.29,105.7235,67.722,1378
1085,171.6298,245259,114.925,213,115.09,106.4748,66.6157,1429
1086,171.7761,235505,114.9868,217,115.59,105.7585,68.6272,1371
1087,171.002,251031,116.1,207,115.5,105.7921,68.742,1468
1088,171.3378,232334,116.8625,230,114.98,105.529,67.9375,1356
1089,171.3943,235153,116.45,213,115.55,104.2077,68.2702,1372
1090,171.7498,236156,114.7375,220,115.4,104.7811,69.6613,1375
1091,170.2177,238475,116.025,209,114.85,104.6894,69.9467,1401
1092,170.3712,249253,116.1125,217,116.1,105.0019,67.6964,1463
1093,170.8767,239740,115.075,213,114.68,105.3237,67.8183,1403
1094,169.9729,238472,116.2,223,115.55,105.8144,68.633,1403
1095,170.0478,241978,116.7,215,115.45,105.0668,68.4417,1423
1096,170.3094,232813,115.4875,218,115.48,104.8666,68.7715,1367
1097,169.7231,234727,116.8875,205,115.4,105.2341,68.1614,1383
1098,170.4104,232099,114.7625,207,115.51,104.7721,67.8278,1362
1099,169.839,236246,114.85,212,114.96,104.6356,67.3973,1391
1100,170.0351,242300,115.0921,220,115.11,105.0206,68.5328,1425
1101,170.3255,231302,114.7,208,116.84,105.6644,68.551,1358
1102,170.0057,239198,116.0125,209,114.36,105.7464,68.5824,1407
1103,170.0548,236036,115.7125,227,115.22,104.7928,69.1862,1388
1104,168.3297,249128,115.4375,214,115.26,104.3808,68.6672,1480
1105,169.0538,245128,115.375,220,115.96,104.5888,69.9374,1450
1106,169.0256,244073,116.1125,208,115.26,105.6354,69.7283,1444
1107,169.0938,236055,116.0125,212,115.43,105.6564,68.3006,1396
1108,169.4698,246748,114.75,216,115.89,106.1424,69.3809,1456
1109,169.3259,236379,115.4375,211,115.63,105.5065,70.9406,1396
1110,168.8303,242778,116.4875,206,116.47,105.1155,68.8151,1438
1111,168.7009,231289,114.6875,214,115.72,104.4141,70.1735,1371
1112,169.062,240068,116.8,213,115.78,105.652,69.5997,1420
1113,168.7087,242097,115.8125,215,115.49,104.7287,70.8371,1435
1114,168.6419,249590,116.625,207,115.89,104.8641,70.1762,1480
1115,168.9427,230100,116.5125,205,115.18,104.0399,69.4337,1362
1116,169.0058,234918,115.9,218,116.5,104.7764,69.33,1390
1117,169.0964,247388,114.3625,215,115.85,106.3948,68.1308,1463
1118,169.222,249264,116.4875,210,115.69,105.8878,68.9769,1473
1119,168.8666,236751,114.8,206,115.63,105.4509,68.7927,1402
1120,169.6458,232754,114.7875,212,115.29,105.1531,69.263,1372
1121,168.7608,233565,116.275,211,116.66,104.1399,70.206,1384
1122,168.9227,246796,115.9875,211,115.26,104.7614,69.907,1461
1123,168.6467,247742,115.1875,227,115.53,104.862,70.0499,1469
1124,169.1453,231729,115.175,212,116.9,105.0314,70.028,1370
1125,168.3419,243254,115.95,204,116.17,104.7547,69.7779,1445
1126,168.8535,229303,114.9,217,115.31,105.9718,70.407,1358
1127,168.239,244283,115.975,204,115.05,105.5865,69.89,1452
1128,168.498,252073,116.825,207,114.88,106.2942,70.1933,1496
1129,168.3578,245129,114.5375,205,115.23,105.3192,70.5533,1456
1130,168.8846,237114,117.725,207,115.4,106.0193,70.0558,1404
1131,168.3707,249357,116.475,208,115.65,105.7953,69.7488,1481
1132,168.42,229388,117.2125,211,115.3,105.6771,69.8347,1362
1133,168.9588,246004,116.125,208,116.24,105.5638,69.528,1456
1134,168.1725,238805,115.15,217,115.58,106.3749,70.3307,1420
1135,168.7119,237715,115.1625,207,114.72,105.0705,70.4515,1409
1136,168.5447,237648,115.8,210,116.27,104.8367,71.0554,1410
1137,168.4384,235140,116.2375,206,115.02,104.7873,70.1659,1396
1138,168.318,245576,117,214,115.63,104.5761,71.1338,1459
1139,167.8178,249545,116.5,211,115.91,106.2085,70.1934,1487
1140,168.584,235849,115.4125,205,116.37,105.3256,69.9001,1399
1141,168.3177,229922,115.975,211,116.48,104.7772,70.2559,1366
1142,168.7144,230970,115.4625,205,114.25,105.4125,70.7095,1369
1143,168.2165,232307,116.9,221,114.56,104.8327,69.8439,1381
1144,167.99,235354,116.0125,213,116.18,105.7238,69.0337,1401
1145,168.7594,238457,115.2125,217,115.13,105.1291,69.8937,1413
1146,168.076,234298,115.8125,209,115.79,105.6761,70.1526,1394
1147,167.8438,239681,115.6,208,114.48,104.8885,70.6672,1428
1148,167.8735,230826,116.4125,211,114.78,104.0926,69.5096,1375
1149,167.1793,257289,115.75,217,116.36,105.2229,70.7589,1539
1150,167.6921,233092,116.4625,211,116.05,104.4487,71.2862,1390
1151,167.3523,249355,117.9375,202,116.23,104.6178,70.852,1490
1152,167.5684,241466,117.6125,217,115.2,105.3389,69.6142,1441
1153,168.0933,228775,115.6625,209,116.19,105.5721,70.3467,1361
1154,167.9696,232134,117.65,210,115.21,105.1051,70.5215,1382
1155,167.5178,245246,115.7875,204,116.64,104.6228,71.1106,1464
1156,168.4682,232823,116.4875,212,117.32,103.7219,71.0043,1382
1157,168.6681,227702,117.45,214,115.2,105.4987,70.1842,1350
1158,168.7944,242220,114.8125,219,116.51,104.8657,70.2468,1435
1159,168.6866,244933,115.3875,214,115.23,105.3581,70.4551,1452
1160,168.8585,236233,115.35,213,115.24,103.9599,70.5572,1399
1161,170.021,242450,116,204,115.11,104.4184,72.3728,1426
1162,170.7877,247813,117.275,205,115.77,104.4858,70.6744,1451
1163,172.6626,240001,115.9625,215,114.99,105.6508,70.7091,1390
1164,172.5531,254861,116.85,217,115.08,104.6552,71.267,1477
1165,172.38,265810,115.975,211,115.29,104.3311,69.9144,1542
1166,172.5906,245769,114.8125,216,114.97,104.5731,71.0814,1424
1167,173.1936,244203,116.6625,217,115.17,104.5963,69.6671,1410
1168,172.7187,245606,114.8625,216,115.89,104.4814,71.2205,1422
1169,172.5741,247989,117.3375,209,114.81,104.1193,70.6167,1437
1170,172.4031,256191,116.5375,212,114.91,103.6982,71.0766,1486
1171,172.5726,244708,117.25,212,115.71,104.8196,70.8188,1418
1172,172.0278,241699,116.175,208,115,104.953,71.4572,1405
1173,171.4638,253252,117.125,212,116.21,104.723,70.7624,1477
1174,171.4147,244266,116.775,217,116.02,105.5714,71.4754,1425
1175,171.2602,251410,115.8875,217,115.27,105.1854,70.3258,1468
1176,172.1123,249735,116.1625,212,116.26,104.6894,70.2207,1451
1177,171.4183,251642,116.725,211,113.87,105.9141,70.6798,1468
1178,171.844,236801,117.8125,227,114.78,104.5959,69.6158,1378
1179,171.7575,234449,115.1,212,116.1,105.0665,69.8256,1365
1180,171.8059,238982,115.5875,218,114.83,105.2846,70.5712,1391
1181,170.8214,250595,116.6,216,115.83,105.2854,69.8036,1467
1182,171.1739,236220,116.1375,219,114.97,104.1292,71.0177,1380
1183,170.7212,241229,118.1125,211,115.08,104.5673,70.2612,1413
1184,171.7543,238395,116.6375,208,115.7,105.0168,70.0041,1388
1185,171.8831,239605,115.65,215,114.89,104.6609,70.2321,1394
1186,172.3048,239676,115.325,220,114.88,104.6673,70.1214,1391
1187,171.4802,242816,115.8,213,115.4,104.7943,69.7533,1416
1188,172.4506,241086,115.55,215,116.43,106.1675,68.9863,1398
1189,172.4198,241905,116.0875,211,116.31,104.8777,69.3807,1403
1190,172.3281,232643,114.7625,222,116.38,104.5016,69.344,1350
1191,172.0659,237623,115.275,208,115.57,105.7282,68.9645,1381
1192,172.4258,244155,115.5875,220,115.43,106.2422,69.2032,1416
1193,172.4495,234014,115.1375,220,115.15,103.9495,69.0583,1357
1194,172.016,236866,114.7375,218,115.58,104.9073,69.6063,1377
1195,171.0262,248501,115.8125,221,114.1,106.7701,68.7525,1453
1196,170.9906,237677,114.775,216,114.59,105.0158,69.5103,1390
1197,171.1122,239386,115.55,218,115.81,105.1448,69.2483,1399
1198,170.159,256770,114.675,208,115.37,105.6352,69.6947,1509
1199,170.3303,244935,114.9875,205,115.97,105.4156,70.0722,1438
1200,169.8227,252866,116.7625,212,115.12,105.2232,68.9475,1489
1201,169.987,247501,114.625,232,114.95,105.0949,69.4284,1456
1202,170.4723,230649,114.7875,209,115.47,104.8185,69.7268,1353
1203,170.1766,240970,116.225,210,115.53,105.8831,68.5122,1416
1204,170.2411,234422,115,214,114.91,104.4445,69.4045,1377
1205,169.8789,234263,114.85,219,116.59,105.5668,69.1073,1379
1206,170.1334,243631,115.275,217,115.12,104.7918,70.262,1432
1207,169.7146,240825,117,209,114.78,104.6496,69.2349,1419
1208,169.7526,242237,117.1875,216,115.54,104.8608,69.7322,1427
1209,169.3782,248139,115.95,217,115.29,104.5891,71.271,1465
1210,169.3759,254572,116.2,223,114.7,105.9119,69.6834,1503
1211,170.2182,241880,116.6,210,115.56,105.0497,69.4556,1421
1212,171.0583,240508,115.525,210,114.64,104.9503,69.5242,1406
1213,170.536,231929,116.6125,214,116.11,104.4765,70.1485,1360
1214,171.2025,233349,117.0625,208,115.02,104.5237,68.9358,1363
1215,170.7387,237156,114.8875,211,115.15,105.4699,69.1164,1389
1216,170.1039,247161,115.55,207,115.74,105.144,69.5673,1453
1217,170.4767,245316,116.3625,221,114.92,105.4873,70.3675,1439
1218,171.0157,239422,116.85,218,114.9,104.7143,70.0713,1400
1219,170.8174,245977,116.85,211,116.24,104.6447,69.9687,1440
1220,170.3165,249173,116.8375,215,115.08,105.5132,71.0082,1463
1221,171.1402,244217,117.775,208,115.21,105.6093,69.2662,1427
1222,171.2026,236602,115.25,212,115.74,104.3796,70.3123,1382
1223,170.9161,246632,115.35,206,116.41,105.4588,69.7153,1443
1224,169.8248,252020,115.1375,208,115.6,105.1467,70.1348,1484
1225,170.0373,250975,116.15,218,114.82,107.0863,70.3194,1476
1226,169.7188,244395,116.025,212,115.05,105.3698,69.7339,1440
1227,169.6033,237275,116.5375,213,115.15,103.2609,71.18,1399
1228,170.1605,236353,116.2625,217,116.27,104.874,70.3024,1389
1229,170.0817,233182,116.1125,216,114.68,104.5709,69.9069,1371
1230,169.8573,248841,115.0875,207,114.77,104.5743,70.6694,1465
1231,170.1133,235777,116.4375,236,114.96,104.7321,70.7445,1386
1232,170.9484,231806,116.4375,211,115.59,104.9797,70.8591,1356
1233,168.8892,249956,116.35,212,115.3,104.7553,70.4784,1480
1234,169.7698,237508,116.1625,212,115.38,104.7859,69.0001,1399
1235,169.4024,241229,115.125,211,115.46,104.7858,70.0603,1424
1236,169.2524,244739,115.5125,211,115.01,104.9088,70.8913,1446
1237,169.0638,241254,117.4375,221,115.43,103.8012,70.5398,1427
1238,169.3324,238928,116.6,210,114.71,104.423,70.1673,1411
1239,169.6669,229729,115.85,209,115.56,104.5718,69.878,1354
1240,169.2371,232701,116.4125,211,115.91,105.7037,70.0171,1375
1241,168.8796,246902,115.2625,213,114.98,105.1554,70.2047,1462
1242,168.9668,254633,116.025,215,115.52,105.9573,70.3475,1507
1243,169.753,237824,115.225,211,116.01,107.2388,70.2947,1401
1244,169.8152,234345,116.25,212,115.67,105.9037,70.1023,1380
1245,169.8958,249407,115.9375,216,115.4,105.4748,69.5439,1468
1246,170.501,252171,116.3375,205,115.44,105.1823,68.6484,1479
1247,170.2315,259603,116.4875,212,115.37,105.5001,70.3112,1525
1248,171.1452,247476,116.625,213,115.15,105.7412,70.4393,1446
1249,170.2442,256558,116.7375,210,115.47,106.2357,70.5239,1507
1250,170.3731,259819,117.0125,217,115.08,104.9476,69.9429,1525
1251,171.4482,241399,117.325,217,115.31,105.1225,71.0591,1408
1252,172.0296,232412,116.5375,216,114.72,105.4569,71.0918,1351
1253,172.9837,233874,116.1625,214,115.58,105.3669,70.7776,1352
1254,172.0687,232809,116.1625,210,115.67,105.9098,71.0702,1353
1255,172.0159,237726,118.2,214,115.54,106.175,69.6967,1382
1256,172.6348,238236,116.975,214,115.84,105.2655,70.2002,1380
1257,171.8029,252722,115.9875,218,114.54,105.1932,69.5098,1471
1258,172.117,248537,116.65,217,115.38,106.5285,70.5402,1444
1259,171.3036,247705,116.675,210,114.93,103.9501,70.3024,1446
1260,171.4425,244477,115.3625,222,114.26,105.8969,70.3298,1426
1261,172.1929,233838,117.0125,217,114.75,105.3967,70.3372,1358
1262,172.077,236950,115.85,220,114.83,106.2957,70.0133,1377
1263,170.6212,246377,115.9375,216,115.46,105.5808,69.968,1444
1264,170.8073,237593,115.7375,203,115.11,106.0029,69.8914,1391
1265,170.945,242229,116.15,220,115.91,105.8544,69.5069,1417
1266,170.6305,239224,115.3,208,115.4,106.6541,70.5024,1402
1267,170.3373,255506,118.375,216,113.81,105.7713,69.971,1500
1268,170.1759,244713,115.8875,207,115.72,105.0443,71.0089,1438
1269,170.9607,234900,115.9,210,114.68,105.5592,70.8008,1374
1270,170.3306,249875,117.6,215,115.05,105.4067,70.5989,1467
1271,171.0029,234616,116.9375,217,114.82,105.8259,70.6507,1372
1272,170.6397,244356,115.9625,206,115.26,106.4231,70.2275,1432
1273,170.467,247859,115.7625,210,115.06,106.9181,69.8417,1454
1274,170.7764,236013,116.4375,211,115.73,106.6985,69.4672,1382
1275,171.2723,239610,115.95,218,115.68,106.3342,69.1657,1399
1276,171.0177,241477,116.0625,209,115.14,106.6454,69.5685,1412
1277,171.2316,235101,115.9875,210,116,105.8772,69.5744,1373
1278,171.4039,244422,115.225,216,115.14,106.6845,69.8702,1426
1279,171.6655,236555,114.8,212,114.57,107.1278,70.4159,1378
1280,171.6097,251923,116.2,213,114.48,105.091,69.581,1468
1281,172.443,239006,115.9875,214,115.54,106.4206,70.526,1386
1282,171.1497,252617,117.7375,210,116.49,106.1668,69.1821,1476
1283,171.1367,249175,115.7875,218,113.57,105.5938,70.0475,1456
1284,170.9503,251126,115.6,223,115.24,107.3964,69.8899,1469
1285,170.9028,235675,115.225,212,115.7,106.9769,69.8479,1379
1286,171.1247,252580,115.85,213,114.37,106.8596,69.7102,1476
1287,171.0737,243609,116.375,212,115.59,106.7028,69.3912,1424
1288,171.6121,234937,114.5875,216,115.07,105.8796,70.6041,1369
1289,171.1193,248123,115.7625,214,115.71,106.8041,69.3222,1450
1290,171.3137,247377,114.65,218,115.34,106.4603,69.8647,1444
1291,171.4312,249261,115.225,219,115.61,106.4073,68.1189,1454
1292,170.812,241699,114.675,217,115.44,107.2245,68.4225,1415
1293,170.4446,246122,114.7,211,113.75,106.426,67.4082,1444
1294,170.452,250394,115.4211,227,115.47,106.4969,68.5495,1469
1295,170.9654,232342,115.975,211,115.81,106.5964,69.0611,1359
1296,171.0332,232092,115.2125,211,114.42,105.7699,68.1558,1357
1297,170.2916,240622,115.0875,232,115.19,106.0558,67.9583,1413
1298,170.1965,244232,114.9375,211,115.7,106.4744,68.8115,1435
1299,170.2947,245565,114.2875,214,115.14,106.0445,67.5419,1442
1300,170.5004,240917,116.425,223,115.33,106.7994,69.5344,1413
1301,170.1365,250441,115.7,206,114.77,107.375,69.073,1472
1302,169.5347,241926,115.25,204,113.97,107.4033,68.4225,1427
1303,169.0283,257092,116.1625,209,114.49,106.4856,67.6689,1521
1304,169.9912,230848,116.3375,208,115.65,107.6014,68.3864,1358
1305,169.337,233177,114.4875,214,114.41,105.8693,68.1809,1377
1306,169.7159,229965,114.8625,208,114.51,106.3322,68.745,1355
1307,168.8312,252065,114.575,210,114.77,107.3914,69.408,1493
1308,170.259,235979,115.5125,220,114.74,105.4392,69.5943,1386
1309,169.4573,241985,115.4,213,115.18,105.4933,69.4711,1428
1310,169.9885,235604,114.5625,205,116.08,106.2374,68.7478,1386
1311,169.8905,242094,116.7625,212,115.6,107.0866,70.1535,1425
1312,170.7027,235399,115.4375,222,115.18,106.6974,69.1524,1379
1313,170.9684,237817,114.9375,217,115.3,106.2605,69.7067,1391
1314,171.1321,238387,115.55,216,116.69,105.9224,69.6244,1393
1315,171.45,245345,115.1125,216,114.93,106.2634,69.7536,1431
1316,172.0146,235660,117.375,211,114.3,105.9173,68.854,1370
1317,170.8377,241052,115.0625,210,115.45,107.3292,69.3846,1411
1318,172.3052,232612,114.4125,213,115.22,105.8469,69.5351,1350
1319,171.5236,243735,114.575,218,114.95,108.367,68.3393,1421
1320,171.5153,241322,115.65,211,115.37,106.5633,69.6043,1407
1321,171.3742,232212,114.95,216,114.27,108.0402,68.8288,1355
1322,171.3878,246627,115.025,227,114.07,106.5341,68.8047,1439
1323,172.7657,236689,116,226,114.05,106.1592,69.6596,1370
1324,172.5004,236153,116,217,114.18,107.3622,68.8845,1369
1325,173.397,244143,115.875,227,115.31,106.1212,68.5493,1408
1326,172.3122,253299,114.875,222,115.23,106.6269,69.5718,1470
1327,172.7547,246521,116.175,220,114.69,105.1579,68.8273,1427
1328,173.0409,241219,114.15,218,114.33,106.6373,69.2373,1394
1329,173.9087,236168,116.05,214,114.79,105.9873,68.4997,1358
1330,172.9875,248929,114.5125,214,115.29,105.8165,69.9277,1439
1331,173.906,236860,115.125,237,114.63,104.7783,69.1658,1362
1332,173.9398,245603,115.8625,218,114.51,106.379,69.5369,1412
1333,174.4164,245055,115.8125,223,114.56,107.1438,69.4508,1405
1334,173.7986,252008,115.45,214,115.38,106.4154,69.2123,1450
1335,173.7125,245282,115.9375,222,114.99,105.6562,69.5454,1412
1336,173.111,255685,116.5,212,115.46,105.9317,69.3508,1477
1337,172.8534,255823,114.725,215,115.21,105.9288,69.4166,1480
1338,173.7892,248171,114.6875,216,115.53,106.3423,69.8446,1428
1339,174.6901,248584,115.8375,215,115.23,106.1407,69.6542,1423
1340,173.4062,250572,116.225,215,114.5,106.3956,69.9033,1445
1341,174.0727,237087,115.5625,215,116.01,107.0357,68.486,1362
1342,173.3838,250713,115.8875,216,114.12,106.4038,69.2768,1446
1343,173.9165,237396,114.1625,221,115.1,105.7833,69.456,1365
1344,172.7208,244400,115.45,219,113.7,106.5469,69.809,1415
1345,172.1462,256670,115.45,215,114.58,106.5147,69.8826,1491
1346,171.6446,246825,116.025,207,115.09,107.4512,69.7168,1438
1347,170.7514,243833,115.1,209,114.24,106.1747,68.4874,1428
1348,171.0585,242732,114.6625,207,115.29,106.3285,69.1394,1419
1349,170.743,231186,114.1,223,114.69,107.2653,69.9393,1354
1350,170.5055,231035,115.975,214,114.46,107.1086,69.621,1355
1351,169.816,233497,115.0125,212,115.16,106.0057,69.5778,1375
1352,169.6023,234560,115.0875,207,115.01,105.5941,69.2295,1383
1353,169.2256,247577,115.2,208,115.27,105.2261,69.5128,1463
1354,168.9731,245011,116.0375,204,114.73,106.5214,69.2536,1450
1355,168.7106,240750,115.8375,207,114.19,106.7756,69.3782,1427
1356,168.7292,237402,115.5125,213,115.53,106.6197,69.4511,1407
1357,168.9824,230661,114.225,210,114.97,107.2769,68.3956,1365
1358,167.65,241919,114.7375,205,114.44,106.5006,69.213,1443
1359,167.9415,226721,113.4625,212,116.46,106.3168,70.6488,1350
1360,168.2306,231990,116.3625,210,115.81,107.5433,68.7204,1379
1361,167.9185,238948,115.375,214,114.34,106.6173,69.7246,1423
1362,166.9847,250978,115.2375,211,115.38,105.8683,68.2244,1503
1363,167.5411,244610,115.9125,201,113.82,106.4968,69.3802,1460
1364,168.1705,251583,115.275,209,114.72,106.0888,68.6035,1496
1365,167.9215,233075,114.925,221,115.2,107.4844,68.8556,1388
1366,167.7395,248590,114.8375,214,115.3,106.7231,67.5684,1482
1367,168.1685,233586,114.8,214,116.45,106.8845,68.7264,1389
1368,168.8285,232308,115.0125,212,114.22,106.9617,69.5575,1376
1369,168.7428,234215,116.225,210,115.36,107.5759,68.0055,1388
1370,169.7348,242551,114.9375,217,113.82,106.8648,68.1427,1429
1371,169.3754,249490,114.9125,220,114.43,106.7352,68.6211,1473
1372,169.8852,252959,114.6875,212,115.85,106.4092,67.8164,1489
1373,170.4236,236548,115.2125,207,115.21,106.1031,68.0081,1388
1374,169.81,244866,115.8,218,114.25,106.4005,67.2549,1442
1375,170.0493,231097,115.4474,204,114.08,106.6588,67.6112,1359
1376,170.0783,238790,115.225,205,115.79,106.1306,68.0776,1404
1377,170.6662,230570,114.0125,210,114.95,107.7404,67.2862,1351
1378,169.2989,255980,116.3816,206,115.09,106.3333,67.313,1512
1379,170.306,238769,115.3553,222,115.06,107.0943,67.4402,1402
1380,169.2635,244078,115.75,212,115.08,106.0565,67.5345,1442
1381,170.1531,232259,115.5875,216,115.1,107.3479,67.6848,1365
1382,169.1036,231841,115.4,210,114.33,106.3741,68.4692,1371
1383,169.155,236817,115.675,210,114.99,105.3257,67.7632,1400
1384,168.6828,233457,115.225,210,115.43,105.4814,68.0689,1384
1385,168.4983,245165,116.475,208,114.48,105.7602,67.3363,1455
1386,169.0557,249019,114.3816,213,115.26,106.8944,67.2197,1473
1387,168.8312,238052,116.3816,208,114.4,107.1143,67.1392,1410
1388,168.9225,228890,115.8289,203,114.53,106.427,68.3644,1355
1389,167.8292,249562,114.775,204,115.2,106.7628,68.2883,1487
1390,168.3818,229336,115.6125,207,114.83,106.5977,68.5108,1362
1391,167.4112,250782,116.3125,209,113.8,105.7246,69.0266,1498
1392,167.2808,240048,114.6375,202,114.42,105.6259,67.6896,1435
1393,167.8617,236685,115.3625,209,113.77,107.2915,68.259,1410
1394,167.6912,235103,114.85,214,114.71,106.3396,68.2264,1402
1395,167.6882,233925,114.975,219,115.21,107.4337,66.7198,1395
1396,167.859,242892,116.0526,212,115.13,107.1458,67.984,1447
1397,167.778,256197,115.0625,211,115.21,106.5237,69.4293,1527
1398,168.3108,238833,114.2625,207,115.38,106.1006,69.2283,1419
1399,167.8558,256148,115.525,217,113.65,106.1483,68.9702,1526
1400,168.5468,233943,115.7875,208,115.33,106.537,67.4881,1388
1401,168.0384,236094,114.5921,207,114.29,106.9541,69.0404,1405
1402,168.7704,233747,115.4875,213,115.73,107.266,67.7305,1385
1403,168.6325,228497,115.175,215,114.79,106.87,69.2805,1355
1404,168.3108,239338,116.3,208,115.09,106.1354,68.0158,1422
1405,168.1727,241496,115.825,207,114.62,107.2131,69.2865,1436
1406,168.5796,232977,116,200,115.11,106.3394,69.113,1382
1407,168.6352,230693,115.1125,205,114.82,107.0252,69.051,1368
1408,167.6586,250482,115.6625,211,114.5,106.3053,69.5844,1494
1409,168.6179,231681,115.425,216,114.66,105.1053,68.5719,1374
1410,169.0029,230858,113.6375,212,115.58,105.6824,69.1361,1366
1411,168.6437,232391,115.8,209,115.47,106.5494,69.4555,1378
1412,168.7983,235136,115.3375,208,114.71,105.5991,69.1371,1393
1413,168.682,231769,114.775,211,115.36,106.5564,69.2155,1374
1414,168.4478,232458,114.675,212,114.98,106.6421,68.6359,1380
1415,168.8535,232849,115.5125,205,115.19,106.5411,68.7243,1379
1416,167.656,245113,115.0625,203,114.85,106.7416,69.1448,1462
1417,167.8916,238574,114.7125,204,115.76,105.8803,69.2367,1421
1418,167.6956,241314,115.5125,204,113.77,106.8796,68.944,1439
1419,167.9343,230070,115.125,209,114.44,107.4995,68.1592,1370
1420,167.6757,235249,115.1,210,115.25,106.5346,69.044,1403
1421,168.3818,229336,115.2875,209,115.44,106.4298,70.6896,1362
1422,168.162,236604,116.05,214,114.81,106.3428,69.1538,1407
1423,167.7301,234319,115.5625,205,115.91,107.1677,69.3258,1397
1424,166.4126,243628,115.1625,202,114.67,106.9457,68.5687,1464
1425,167.228,225925,114.75,203,113.68,106.5925,68.8508,1351
1426,166.6348,238621,115.7625,205,114.72,106.1329,68.5547,1432
1427,166.6732,247343,113.6625,210,114.96,107.1101,69.4897,1484
1428,166.3844,238928,115.675,200,115.53,106.2673,68.4227,1436
1429,166.8157,227203,114.8875,206,115.29,106.2388,69.0705,1362
1430,166.2933,239296,115.475,204,114.92,106.2505,69.2689,1439
1431,165.9874,236532,114.9125,201,115.28,107.577,69.5716,1425
1432,166.3817,229274,114.8875,210,113.65,106.461,68.756,1378
1433,166.4993,229436,114.6125,206,115.01,106.3396,69.2882,1378
1434,165.086,239870,115.65,204,114.91,106.6792,69.6688,1453
1435,166.4635,225891,116.975,204,114.81,106.0432,67.6747,1357
1436,166.2011,232183,115,207,114.63,106.8455,69.9906,1397
1437,165.4085,244143,115.9875,205,116.37,106.2771,69.0011,1476
1438,166.2429,229249,114.75,204,114.1,106.5074,68.6848,1379
1439,165.5244,237693,115.5375,209,115.8,106.6027,67.7044,1436
1440,165.1777,253713,115.0375,201,114.64,106.475,69.5253,1536
1441,166.5759,225044,116.275,211,114.74,107.012,69.3111,1351
1442,165.5376,242347,114.5,199,114.1,106.1149,68.5162,1464
1443,165.1631,244111,114.525,202,114.1,106.3565,69.128,1478
1444,165.4959,241955,114.1625,200,115.92,107.5965,69.4393,1462
1445,166.4703,226899,114.5125,203,114.63,106.9896,69.0731,1363
1446,165.2056,237896,113.9,207,114.71,107.0216,69.2111,1440
1447,165.7889,239565,114.9625,218,114.18,107.3017,67.8809,1445
1448,165.3269,240716,115,211,114.12,106.804,67.8731,1456
1449,165.3481,230826,115.025,209,115.46,106.5239,70.8,1396
1450,165.7483,237020,116.2375,203,115.92,105.9742,69.7291,1430
1451,165.4604,237932,114.4125,199,114.17,105.8632,70.3756,1438
1452,165.7436,237842,115.875,206,115.19,106.5142,70.1054,1435
1453,165.4001,232718,115.625,219,115.15,106.5931,68.137,1407
1454,164.8526,230464,114.8625,205,114.56,105.5783,68.7462,1398
1455,165.125,228533,115.2375,199,114.76,104.9322,69.8556,1384
1456,164.8529,233102,116.05,209,114.93,106.2519,70.0435,1414
1457,165.1848,235058,115.3375,202,114.09,105.2504,70.2884,1423
1458,164.533,246635,114.7375,205,114.83,105.7206,68.7732,1499
1459,166.1944,224861,114.8,210,116.24,106.6281,68.9866,1353
1460,165.0881,239873,115.2625,208,114.46,106.8848,68.5602,1453
1461,164.6034,254806,114.4125,203,114.44,106.4898,67.9482,1548
1462,164.9446,241149,115.9875,214,114.27,105.2064,68.1522,1462
1463,164.9347,237506,114.525,201,115.62,106.6371,68.5762,1440
1464,166.1458,233601,115.15,204,114.85,105.5597,69.2262,1406
1465,165.6048,240955,114.9625,200,115.28,106.3764,69.0169,1455
1466,166.1142,238540,114.6375,213,114.92,106.6374,68.6693,1436
1467,166.0614,240623,114.9375,211,114.34,105.6752,68.8449,1449
1468,165.9504,233990,115.075,202,115.54,107.4817,68.7196,1410
1469,165.9653,229364,116.25,198,116.1,106.2667,69.96,1382
1470,166.4283,229671,116.1,203,115.36,106.8436,68.2395,1380
1471,166.6049,238245,115.7125,201,114.37,106.5387,68.7674,1430
1472,166.2628,253717,115.7375,206,115.72,107.0329,69.5722,1526
1473,166.9492,230056,116.0375,204,114.5,106.5139,69.5045,1378
1474,167.0458,230022,115.3,200,115.13,106.9692,69.6481,1377
1475,166.8089,247878,115.0625,211,115.26,106.5248,68.9647,1486
1476,167.5895,230268,115.2625,212,115.35,107.352,69.4075,1374
1477,167.2682,226983,114.975,204,114.76,107.0389,68.649,1357
1478,166.1494,240252,114.575,205,115.13,106.571,69.0715,1446
1479,166.8827,230465,114.8125,203,116.08,106.0112,70.227,1381
1480,167.2441,226114,115.275,214,114.86,105.5153,68.407,1352
1481,167.1391,233159,116.25,206,114.6,106.4895,68.2616,1395
1482,166.9582,231738,114.6,224,114.05,105.6315,69.3837,1388
1483,166.9588,259287,114.4875,206,115.61,106.3093,69.0102,1553
1484,166.9216,246877,114.2625,221,114.58,107.3142,68.7018,1479
1485,167.5272,227837,115.7875,205,113.75,106.175,68.6852,1360
1486,166.3418,242859,114.3375,213,115.82,106.3867,69.4465,1460
1487,166.9889,226604,115.5625,199,115.05,104.9231,69.8847,1357
1488,166.9986,236804,115.25,216,114.92,106.8558,69.5903,1418
1489,167.8777,238890,115.7,208,113.88,107.5375,68.7157,1423
1490,167.2472,251707,114.675,208,114.94,106.707,70.0673,1505
1491,167.8446,234311,116.55,217,114.59,107.1837,69.0966,1396
1492,167.5029,233499,114.65,204,114.43,107.0353,68.683,1394
1493,167.7545,252135,114.45,203,115.49,107.1502,68.4918,1503
1494,168.3359,236007,113.7,208,114.54,107.292,68.5257,1402
1495,167.6826,231905,115.3,206,115.56,107.6982,68.8622,1383
1496,167.395,241551,115.1,223,114.16,106.6549,69.8816,1443
1497,167.7711,241087,114.9375,207,114.43,107.1709,68.8095,1437
1498,166.6587,243155,115.2125,209,114.72,108.2443,68.7625,1459
1499,167.2953,228860,114.925,230,114.35,107.1664,70.4014,1368
1500,167.3331,240625,115.7875,206,115.06,106.4236,68.8569,1438
