1,204.8684,31140,109.7,299,109.48,98.5918,68.9707,152
2,204.7961,31129,109.5875,277,109.95,98.661,68.9705,152
3,201.8387,31285,108.55,272,109.65,98.7117,68.8446,155
4,202.6258,31407,108.9375,271,109.49,98.5033,69.0022,155
5,202.5705,31601,109.125,270,109.27,98.6992,69.0197,156
6,201.5855,30641,109.0375,280,109.43,98.5234,68.9527,152
7,199.522,31724,109.625,268,109.57,98.4863,69.1101,159
8,201.4156,31018,110.225,279,109.69,98.5621,69.4212,154
9,201.2013,30985,110.05,261,110.1,98.3182,69.0549,154
10,202.5484,31395,108.725,281,108.99,98.669,69.0084,155
11,199.1484,30868,109.5125,276,109.39,98.6713,68.7679,155
12,200.8289,30526,109.7875,299,110.16,98.4797,69.2197,152
13,198.6513,30195,108.8875,278,108.78,98.3677,69.0135,152
14,198.8831,30628,109.525,294,110.81,98.6021,69.1326,154
15,198.9091,30632,109.3375,265,109.11,98.6203,69.1188,154
16,200.0789,30412,108.3375,261,109.11,98.4794,69.147,152
17,196.7727,30303,110.575,265,110.54,98.5686,69.113,154
18,197.7935,30658,108.35,271,109.24,98.6064,69.183,155
19,197.0592,29953,109.325,281,108.58,98.4991,69.055,152
20,198.2368,30132,108.175,267,108.52,98.4093,69.1322,152
21,197.9737,30092,109.375,277,110.97,98.1934,69.2108,152
22,198.2157,30327,108.3125,277,109.24,98.4639,69.0406,153
23,196.6667,30680,109.6,285,109.55,98.5378,69.1699,156
24,196.2171,29825,109.025,271,108.59,98.8947,69.0485,152
25,197.0131,30143,109.2875,265,109.76,98.5189,69.3204,153
26,194.7834,30581,109.3125,256,109.51,98.3965,69.1321,157
27,198.3032,30737,108.9375,295,109.94,98.5356,69.0119,155
28,197.5197,30023,108.6125,274,108.94,98.4773,69.0643,152
29,197.1447,29966,110.2625,269,110.35,98.5804,68.8256,152
30,197.4194,30600,110.35,271,110.64,98.5683,69.0715,155
31,196.1742,30407,108.6,256,108.99,98.5944,69.4268,155
32,195.8618,29771,108.6,254,109.57,98.5921,69.1735,152
33,197.8387,30665,110.525,279,110.36,98.5732,69.1437,155
34,196.1645,29817,108.6625,289,108.35,97.9071,69.3362,152
35,196.3421,29844,108.65,268,110.06,98.3872,69.1435,152
36,197.3806,30594,110.0875,277,109.75,98.4694,69.1086,155
37,196.3816,29850,110.3875,295,110.29,98.7622,69.1331,152
38,195.6039,30123,109.175,270,109.1,98.6176,68.8905,154
39,195.7124,29944,109.7625,277,110.2,98.4,69.4158,153
40,195.0455,30037,109.225,275,109.76,98.3432,69.1728,154
41,195.6242,30713,108.6,262,109.14,98.4315,68.9865,157
42,193.0769,30120,109.8375,253,109.06,98.1228,69.7669,156
43,196.2581,30420,110.175,290,109.68,98.4358,68.9583,155
44,194.414,30523,107.8625,269,108.17,98.0195,69.3912,157
45,195.9675,30179,109.625,302,110.5,98.4144,69.3215,154
46,195.6169,30125,109.55,269,109.67,98.4178,69.096,154
47,195.2166,30649,110.675,272,110.26,98.4077,69.099,157
48,196.4868,29866,108.7625,290,110.46,98.1649,69.5071,152
49,194.8239,30977,109.525,258,109.4,98.2335,69.5301,159
50,195.0327,29840,108.4625,272,108.44,98.4361,69.1761,153
51,196.25,30615,108,256,109.37,98.0621,69.3689,156
52,193.1961,29559,109.3625,261,109.43,98.8099,69.3728,153
53,193.5833,30199,108.3875,265,108.53,98.206,68.974,156
54,193.3725,29586,108.9625,279,109.13,98.1703,69.5285,153
55,197.8431,30270,110.7625,269,110.94,98.0585,69.2535,153
56,196.8846,30714,108.925,260,109.62,98.1463,69.1141,156
57,198.2418,30331,109.375,262,109.53,98.3476,69.3172,153
58,196.5592,29877,109.325,269,110.29,98.0738,69.2631,152
59,199.1711,30274,109.825,263,110.6,98.1112,69.241,152
60,198.7273,30604,108.8625,265,109.63,97.8638,69.3529,154
61,198.0258,30694,109.9375,259,109.76,97.8833,69.5279,155
62,199.6863,30552,110.6125,278,110.04,98.4334,68.9786,153
63,198.6645,30793,108.325,270,108.89,98.192,69.3813,155
64,198.5938,31775,108.525,272,108.69,98.2216,69.0856,160
65,195.5484,30310,109.5375,269,109.18,98.0887,69.0981,155
66,198.8258,30818,110.2125,296,110.11,98.0126,69.326,155
67,196.9677,30530,108.825,275,109.45,98.2781,68.9934,155
68,200.0253,31604,110.3625,276,110.39,98.0544,69.0307,158
69,196.4312,31429,108.6375,279,108.9,98.3188,69.1684,160
70,199.7161,30956,109.425,293,110.21,97.9727,69.3258,155
71,199.8968,30984,109.7375,295,110.04,97.8713,69.3494,155
72,196.2013,31196,109.3875,314,109.84,97.8628,69.5571,159
73,195.4183,29899,110.0625,264,110.01,97.8941,69.3962,153
74,197.2051,30764,110.0375,265,109.22,98.221,69.2701,156
75,198.8562,30425,109.9125,276,110.66,98.2772,69.1611,153
76,196.118,31575,109.65,287,109.29,97.9169,69.172,161
77,194.2244,30299,108.1375,282,108.76,97.8449,69.4352,156
78,196.3922,30048,108.45,264,109.12,97.829,69.5245,153
79,193.8571,29854,109,257,109.49,98.1778,69.2033,154
80,196.6645,29893,110.6375,256,110.69,97.9329,69.8692,152
81,192.2675,30186,109.075,287,108.96,98.1474,69.1427,157
82,194.0779,29888,109.3,302,109.82,98.0429,69.3614,154
83,195.7792,30150,108.9375,270,109.38,98.0187,69.155,154
84,194.9416,30021,108.5375,263,108.75,97.8664,69.5259,154
85,196.8882,29927,108.525,263,108.41,98.1143,69.342,152
86,195.35,31256,108.925,263,109.35,98.0988,69.3707,160
87,195.0131,29837,108.3375,280,109.25,98.0634,69.2671,153
88,194.7871,30192,107.7625,275,108.48,97.8252,69.1118,155
89,195.7722,30932,109.8,271,109.78,97.6792,69.7908,158
90,194.8431,29811,108.1875,262,109.49,97.9898,69.4042,153
91,195.3072,29882,108.0375,284,110.07,97.7389,69.58,153
92,196.0714,30195,110.2375,270,109.36,98.2029,69.0281,154
93,194.0915,29696,109.0875,260,109.15,97.7364,69.4904,153
94,195.7039,29747,108.775,271,108.67,98.0222,69.6029,152
95,193.625,29431,108.7375,264,109.6,97.7584,69.614,152
96,195.0696,30821,109.3,263,109.26,98.1291,69.2972,158
97,196.732,30100,110.925,286,110.53,98.0991,69.1578,153
98,197,29944,109.5125,253,109.03,97.5903,69.455,152
99,196,29792,109.7375,270,108.76,98.1594,69.6702,152
100,196.7089,31080,109.7625,276,109.94,97.9103,69.1377,158
101,194.5192,30345,109.1875,285,109.92,97.8667,69.1187,156
102,196.5974,30276,108.9875,276,108.69,98.3952,69.0288,154
103,196.0909,30198,108.5,276,109.53,97.7238,69.5875,154
104,196.4156,30248,108.1125,256,109.14,97.8324,69.3196,154
105,194.118,31253,109.725,265,109.98,97.8813,69.379,161
106,194.8158,29612,108.3375,278,109.21,97.7505,69.313,152
107,194.6369,30558,109.0625,265,109.66,97.4505,69.7665,157
108,194.8581,30203,109.0375,267,109.53,97.627,69.2285,155
109,197.9608,30288,108.0375,264,108.61,97.5928,69.5415,153
110,196.1711,29818,109.825,260,108.82,98.0036,69.5004,152
111,194.8662,30594,110.0125,282,109.88,97.8188,69.7109,157
112,194.9299,30604,108.9875,261,108.8,97.6432,69.7615,157
113,194.1753,29903,108.55,260,109.07,97.9704,69.4556,154
114,195.6405,29933,110.4375,280,110.8,97.7049,69.201,153
115,196.5229,30068,108.725,284,108.58,98.0237,69.3234,153
116,196.9286,30327,108.375,291,109.6,97.6806,69.6975,154
117,197.0764,30941,108.9625,266,108.55,97.806,69.5113,157
118,194.2756,30307,109.7875,261,109.81,97.9253,69.527,156
119,196.9281,30130,109.675,290,110.49,97.6009,69.6926,153
120,195.1465,30638,109.0375,260,109.62,97.6235,69.3351,157
121,195.8947,29776,109.2625,255,109.11,97.8893,69.6328,152
122,196.3526,30631,108.7625,273,109.09,97.6287,69.5507,156
123,197.5425,30224,108.625,266,108.34,97.8703,69.5135,153
124,194.3397,30317,109,268,109.33,97.8685,69.5309,156
125,199.5163,30526,109.9375,292,109.65,98.2094,69.6414,153
126,197.8562,30272,109.125,267,108.79,97.3574,69.7952,153
127,198.2288,30329,108.25,280,108.73,97.9306,69.5059,153
128,194.5556,29767,109.3125,274,109.67,97.8148,69.594,153
129,197.071,30546,109.35,291,108.71,97.8037,69.244,155
130,196.8344,30903,109.4375,272,109.18,97.9083,69.5277,157
131,196.1824,31193,109.4375,265,108.82,97.8848,69.2064,159
132,197.4605,30014,108.275,278,109.01,97.4784,69.5607,152
133,198.25,30134,109.275,290,108.71,97.6437,69.5999,152
134,198.6144,30388,108.4875,276,108.42,97.7221,69.4543,153
135,199.1711,30274,109.05,276,109.03,97.3844,69.5311,152
136,198.2614,30334,109.6375,289,109.86,97.6783,69.8567,153
137,198.2342,31321,108.0125,282,108.5,97.8901,69.2534,158
138,196.5962,30669,107.75,273,109.01,97.7907,69.4737,156
139,198.8701,30626,108.7,258,109.77,97.8469,69.6113,154
140,197.0955,30944,108.85,272,107.96,97.9074,69.4209,157
141,197.9868,30094,109,261,109.28,98.0107,69.6764,152
142,196.7372,30691,108.6375,274,109.38,98.1244,69.1382,156
143,198.1364,30513,108.525,290,109.68,97.9159,69.2693,154
144,197.487,30413,108.8,289,108.8,97.9405,69.336,154
145,197.7791,32238,108.5375,276,108.38,97.6825,69.4244,163
146,200.5159,31481,108.7625,291,108.61,98.0829,69.2973,157
147,200.4314,30666,108.95,261,109.88,97.9225,69.5201,153
148,202.7013,31216,109.7,277,109.85,97.7082,69.4025,154
149,202,31310,108.875,275,109.87,98.0457,69.9088,155
150,206.6364,31822,109.4125,303,109.7,97.7822,69.689,154
151,205.2632,31200,108.575,273,109.02,97.7357,69.7399,152
152,209.8289,31894,110.6125,282,109.92,97.8431,69.5904,152
153,210.3442,32393,109.025,289,108.99,97.9325,69.8204,154
154,212.0196,32439,108.6625,301,108.76,97.6767,69.7134,153
155,215.8026,32802,108.7875,311,109.6,97.9808,69.7619,152
156,211.5226,32786,109.15,292,108.76,97.9789,69.5725,155
157,210.7669,34355,108.1625,284,109.18,97.884,69.469,163
158,213.3487,32429,108,307,109.08,97.7966,69.5964,152
159,211.6364,32592,108.5875,319,108.77,97.4162,69.9142,154
160,210.9026,32479,108.65,296,109,97.6214,69.4527,154
161,207.8968,32224,108.325,317,108.32,98.0927,69.5418,155
162,210.1382,31941,109,296,109.15,97.8445,69.3338,152
163,208.7124,31933,109.4375,290,109.17,97.4396,69.5299,153
164,206.1006,32770,108.8375,292,108.33,97.6478,69.614,159
165,207.3548,32140,109.2,277,108.65,97.6707,69.8097,155
166,211.6118,32165,110.1625,307,110.45,97.6202,70.0586,152
167,208.4774,32314,109.725,305,108.83,97.7633,69.8693,155
168,212.5987,32315,109.6,306,109.79,97.6525,69.8101,152
169,214.3026,32574,108.5125,288,108.83,97.7625,69.565,152
170,215.3684,32736,109.4625,288,110.35,97.5772,69.6979,152
171,218.4026,33634,109.2875,321,109.2,97.5168,69.8306,154
172,220.8312,34008,109.7125,332,109.32,97.9769,69.4551,154
173,222.2237,33778,107.9875,356,109.05,97.6861,69.8508,152
174,221.4379,33880,108.525,324,108.61,97.7934,69.4199,153
175,225.7566,34315,109.2375,350,109,97.6057,69.6598,152
176,223.3464,34172,109.45,311,109.17,97.655,69.8076,153
177,223.3654,34845,108.7625,329,108.72,97.6865,69.8708,156
178,225.3922,34485,109.8,316,109.55,97.5825,69.5936,153
179,226.5909,34895,108.475,318,108.63,97.8084,69.5837,154
180,227.0065,34959,109.8375,329,110.1,97.6602,69.6759,154
181,224.6513,34147,109.55,340,109.42,97.7552,69.5864,152
182,226.2303,34387,109.225,341,108.97,97.7714,69.8444,152
183,227.4522,35710,108.2625,324,109.31,97.7414,69.7954,157
184,230.2903,35695,108.85,299,109.57,97.834,69.7229,155
185,230.4323,35717,108.8,310,109.14,97.7257,69.5979,155
186,227.9346,34874,108.6875,329,108.88,97.728,70.034,153
187,227.0196,34734,108.9125,319,109.61,97.5732,69.971,153
188,224.9608,34419,110.7,328,110.59,97.4555,69.729,153
189,225.3203,34474,108.45,326,109.34,97.6223,69.5113,153
190,226.1753,34831,109.2625,328,109.49,97.7916,69.68,154
191,219.1438,33529,109.0625,328,108.99,97.6902,69.8989,153
192,220.8,34224,108.6125,307,109.48,97.6377,69.7754,155
193,222.4837,34040,109.75,308,109.7,97.7328,69.8923,153
194,219.125,33307,109.3875,318,109.36,97.8005,69.8558,152
195,216.1688,33290,109.4625,317,108.56,97.684,69.5709,154
196,215.6993,33002,108.8,323,109.62,97.6364,69.7405,153
197,214.6732,32845,108.8875,309,108.9,97.7907,69.768,153
198,209,32813,108.8125,301,109.21,97.7334,69.5752,157
199,212.0774,32872,110.675,300,110.35,97.5846,69.6432,155
200,214.0195,32959,109.1875,321,109.82,97.3409,69.9309,154
201,213.0519,32810,109.3625,305,108.67,97.6213,69.5495,154
202,210.8535,33104,109.1875,302,109.25,97.62,69.5636,157
203,207.0892,32513,110.5875,289,109.41,97.8402,69.7038,157
204,210.5197,31999,110.2,300,110.04,97.6195,70.2112,152
205,205.366,31421,109.6625,292,109.77,97.6374,69.8051,153
206,207.7124,31780,108.375,312,108.54,97.7086,69.5238,153
207,204.8526,31957,110.0875,294,109.97,97.9202,69.3857,156
208,205.1569,31389,108.4125,315,108.8,97.7557,70.0716,153
209,202.2662,31149,108.3,298,109.46,97.3926,69.6333,154
210,202.7632,30820,109.3125,315,109.15,97.595,69.6227,152
211,200.461,30871,108.6625,287,109.1,97.6604,70.0271,154
212,203.3355,30907,110.4,290,110.3,97.6689,70.0941,152
213,200.634,30697,109.2,279,109.2,97.5129,69.7714,153
214,200.3571,30855,108.8625,277,109.22,97.7005,69.6191,154
215,199.3694,31301,109.4,310,108.97,97.605,69.3708,157
216,200.5132,30478,109.45,274,108.99,97.4427,69.7351,152
217,202.4079,30766,109.45,273,109.83,97.6126,70.0261,152
218,200.4,31062,109.4625,291,109.24,97.5459,69.9371,155
219,198.1987,30919,109.575,280,109.72,97.4616,70.0789,156
220,198.8039,30417,109.4625,285,109.29,97.9565,69.6455,153
221,199.9608,30594,108.075,281,108.96,97.9099,69.8143,153
222,199.8366,30575,108.7625,263,109.2,97.4956,70.0138,153
223,201.2632,30592,108.725,286,108.87,97.5784,70.1142,152
224,198.2566,30135,110.3875,271,109.55,97.6852,69.8848,152
225,199.5461,30331,109.2125,290,108.7,97.6908,69.8998,152
226,198.7722,31406,109.7,285,110.22,97.184,70.0829,158
227,197.5769,30822,108.9375,292,108.84,97.476,70.0403,156
228,197.4494,31197,109.6125,278,109.46,97.6942,69.8496,158
229,199.4737,30320,108.4375,277,108.84,97.6893,69.5828,152
230,198.1104,30509,109.9625,286,109.48,97.5644,69.8185,154
231,197.4145,30007,109.95,279,109.79,97.4305,70.0053,152
232,197.1569,30165,108.3625,308,109.69,97.4176,69.9214,153
233,196.4183,30052,108.4,278,108.41,97.6405,69.9965,153
234,196.2387,30417,108.925,292,109.02,97.4672,69.7878,155
235,197.1582,31151,108.3,265,108.85,97.6933,69.5143,158
236,197.7143,30448,109.45,273,108.64,97.7895,70.0002,154
237,198.4605,30166,110.45,273,110.32,97.8277,69.8082,152
238,196.9226,30523,108.775,275,109.44,97.7321,69.8732,155
239,197.4444,30209,109.3,276,109.49,97.7159,69.5006,153
240,197.6818,30443,108.7125,275,109.32,97.7236,69.6591,154
241,197.4902,30216,108.9875,273,109.32,97.7385,69.7462,153
242,196.1184,29810,108.7125,264,109.46,97.883,69.7457,152
243,197.5064,30811,109.35,274,109.98,97.7295,69.735,156
244,197.4444,30209,109.825,287,109.04,97.8186,69.3358,153
245,197.8039,30264,109.3,268,109.63,97.7216,70.1554,153
246,197.5163,30220,109.3875,279,108.93,97.6536,69.5117,153
247,198.1373,30315,108.425,274,109.15,97.5155,69.8238,153
248,194.4934,29563,108.7375,274,109.35,98.1396,69.7181,152
249,194.7097,30180,109.6625,261,109.2,97.2946,69.9091,155
250,197.6053,30036,109.4875,286,109.22,97.5925,69.9953,152
251,196.7468,30299,109.8625,272,109.59,97.5084,69.9265,154
252,196.6078,30081,108.4375,269,108.28,97.804,70.208,153
253,197.0769,30744,109.525,271,109.59,97.8602,70.0507,156
254,196.6346,30675,108.5125,264,109.59,97.8604,69.8343,156
255,195.9161,30367,110.0625,275,109.35,97.7752,69.6602,155
256,196.817,30113,109.3,297,109.63,97.6267,69.835,153
257,197.8553,30074,109.5,278,108.95,97.6406,69.8329,152
258,196.5066,29869,109.175,294,108.98,97.7238,69.9563,152
259,199.2597,30686,109.425,296,109.23,97.718,70.2565,154
260,198.026,30496,108.2125,280,108.72,97.5899,70.065,154
261,196.5882,30078,108.4,273,108.91,97.7959,69.8158,153
262,197.0592,29953,108.95,280,108.99,97.3041,70.0238,152
263,196.729,30493,108.925,278,108.73,97.2798,70.2044,155
264,198.8117,30617,110,284,110.05,97.6073,69.5443,154
265,198.8442,30622,108.7875,294,108.82,97.2922,70.1952,154
266,198.1364,30513,108.675,295,109.4,97.701,69.7395,154
267,198.0968,30705,108.775,279,108.58,97.4954,70.1132,155
268,194.9273,32163,109.4375,307,109.54,97.8545,69.362,165
269,199.4679,31117,109.1375,302,109.67,97.603,70.0908,156
270,196.7792,30304,108.6,270,109.89,97.3164,69.9625,154
271,196.7051,30686,107.875,278,109.38,97.8038,69.7834,156
272,197.7308,30846,108.7125,278,109.55,97.7286,69.701,156
273,200.2532,30839,110.3875,279,109.18,97.3976,69.7503,154
274,198.8618,30227,109.65,296,110.59,97.4073,69.9653,152
275,195.4416,30098,109.3125,276,109.36,97.7433,70.1673,154
276,198.0921,30110,109.75,297,109.82,97.4363,69.8466,152
277,198,30294,108.7125,271,108.76,97.5089,70.1258,153
278,197.7632,30060,109.1375,281,108.92,97.469,69.8524,152
279,196.9346,30131,109.8375,283,109.55,97.4398,70.1949,153
280,200.2774,31043,109.075,281,109.9,97.5928,69.7216,155
281,196.719,30098,109.175,282,110.04,97.5126,70.0735,153
282,198.1013,31300,108.8,271,109.33,97.352,69.7834,158
283,197.7403,30452,107.9875,282,109.01,97.6007,69.9451,154
284,195.1118,29657,109.45,267,108.93,97.3649,70.1305,152
285,197.2065,30567,109.425,301,109.67,97.3934,69.493,155
286,196.4839,30455,109.2875,269,109.22,97.2712,70.3049,155
287,196.474,30257,108.625,270,109.27,97.51,69.5486,154
288,198.2237,30130,110.0375,292,110.3,97.3773,70.0423,152
289,196.7662,30302,108.6,285,108.42,97.5581,69.9814,154
290,195.2166,30649,109.2625,270,109.07,97.612,69.795,157
291,194.1373,29703,108.6375,271,109.37,97.8653,69.9749,153
292,194.5031,30926,108.725,274,109.41,97.757,70.1162,159
293,196.8153,30900,110.025,271,109.88,97.645,69.7773,157
294,195.7059,29943,109.1375,285,109.27,97.3085,69.7864,153
295,194.8917,30598,108.0875,264,108.68,97.3047,69.9462,157
296,196.5752,30076,108.7375,280,108.47,97.5543,70.1057,153
297,195.8961,30168,108.925,284,108.95,97.5197,70.4238,154
298,196.6711,29894,109.875,284,110.34,97.5759,69.6388,152
299,195.9226,30368,108.7625,276,108.91,97.4063,70.0465,155
300,197.5724,30031,110.725,280,109.88,97.2647,70.2055,152
301,199.7355,30959,108.8,318,108.8,97.2422,70.0618,155
302,206.0196,31521,108.2625,291,109.12,97.3514,70.1725,153
303,204.5,31493,108.575,280,109.55,97.3798,69.9206,154
304,213.4103,33292,109.25,311,109.17,97.3964,70.1979,156
305,222.6928,34072,108.525,309,109.01,97.2623,70.21,153
306,230.3226,35700,109.8625,334,109.14,97.2304,70.3674,155
307,238.4351,36719,109.4875,363,109.33,97.2869,69.9702,154
308,252.1053,38320,109.2625,375,108.87,97.1677,70.3249,152
309,259.5556,39712,109.975,403,109.29,97.1352,70.2101,153
310,267.6974,40690,109.6875,388,109.97,96.9593,70.3172,152
311,281.1053,42728,109.0125,408,108.63,97.0103,70.2572,152
312,292.1513,44407,109.4375,437,108.9,96.9823,70.2687,152
313,299.6581,46447,109.075,483,108.59,96.9249,70.5382,155
314,311.6908,47377,109.2875,473,108.84,97.0438,70.4601,152
315,325.7922,50172,109.375,501,109.29,97.1011,70.4418,154
316,334.7303,50879,108.7625,481,109.53,96.8256,70.3878,152
317,343.0392,52485,108.3625,536,108.47,96.9272,70.2024,153
318,348.6667,53346,109.675,512,109.68,97.0666,70.6043,153
319,354.2418,54199,109.325,519,109.43,96.9138,70.4852,153
320,365.5987,55571,108.8125,562,109.58,96.9218,70.5062,152
321,368.539,56755,109.8125,544,109.7,96.9239,70.3852,154
322,370.8618,56371,108.7625,566,109.56,97.0065,70.336,152
323,374.7059,57330,109.8625,557,109.15,96.8591,70.4154,153
324,373.2353,57105,108.725,566,109.54,96.8277,70.6098,153
325,380.1513,57783,109.2125,606,109.43,96.9572,70.3673,152
326,381.5263,57992,109.7125,579,110.13,96.8547,70.5637,152
327,378.5592,57541,109.6375,590,109.11,96.9035,70.3883,152
328,382.4641,58517,109.45,557,109.87,97.0244,70.3802,153
329,382.6516,59311,108.575,589,108.67,96.804,70.5229,155
330,386.7368,58784,110.5375,588,110.48,96.7629,70.1849,152
331,386.6053,58764,109.4125,576,109.52,96.9161,70.4788,152
332,387.7434,58937,109.2,589,109.4,96.748,70.4592,152
333,388.8224,59101,109.3125,585,109.38,96.7097,70.3606,152
334,386.5987,58763,109.75,564,109.09,96.8223,70.5608,152
335,384.7368,58480,109.475,576,108.48,96.8186,70.4549,152
336,385.5197,58599,109.625,575,110.45,96.7907,70.5393,152
337,384.9869,58903,109.4875,576,109.44,96.6995,70.4471,153
338,383.8224,58341,109.6625,584,109.69,96.8278,70.6229,152
339,382.8824,58581,108.7625,579,109.54,96.7116,70.4001,153
340,383.8553,58346,108.3375,593,108.49,96.8694,70.5035,152
341,380.4539,57829,108.625,564,109.07,96.6632,70.6418,152
342,382.7368,58176,109.3625,582,108.99,96.6858,70.43,152
343,383.0395,58222,109.3125,590,109.29,96.7538,70.5266,152
344,379.2763,57650,108.75,547,109.4,96.8312,70.491,152
345,374.4737,56920,109.8375,579,109.34,96.6278,70.5813,152
346,370.9013,56377,109.9625,547,109.58,96.5595,70.3619,152
347,372.5855,56633,110.4625,579,109.91,96.6194,70.5524,152
348,376.3987,57589,111.05,573,111.3,96.6007,70.5826,153
349,367.2941,56196,108.8625,567,109.2,96.5042,70.4168,153
350,367.9539,55929,109.55,554,110.05,96.7262,70.5946,152
351,371.9276,56533,110.175,567,110.33,96.5026,70.3748,152
352,362.0129,56112,109.125,598,110.52,96.6376,70.5439,155
353,362.5359,55468,109.95,550,108.64,96.5537,70.4224,153
354,359.9026,55425,109.1,560,109.2,96.4657,70.5801,154
355,356.7763,54230,109.5875,518,108.98,96.601,70.4494,152
356,356.0724,54123,109.9375,511,110.11,96.605,70.4968,152
357,351.268,53744,108.8875,544,108.5,96.5157,70.6059,153
358,351.3684,53408,109.9125,536,109.49,96.6428,70.6366,152
359,349.4771,53470,108.8375,519,109.48,96.5834,70.4617,153
360,348.7386,53357,108.3375,548,109.59,96.3757,70.6439,153
361,348.6711,52998,110.05,517,110.9,96.5847,70.5349,152
362,344.6039,53069,109.9875,523,109.86,96.4358,70.6293,154
363,345.7078,53239,109.975,572,109.55,96.3797,70.5196,154
364,347.3882,52803,109.875,533,109.25,96.4174,70.798,152
365,341.7697,51949,108.85,518,109.73,96.4378,70.4533,152
366,343.1974,52166,108.9,524,108.7,96.41,70.7751,152
367,339.2614,51907,109.3375,486,109.11,96.399,70.421,153
368,342.5855,52073,109.6375,513,108.95,96.385,70.4143,152
369,339.9346,52010,108.8,493,109.74,96.3847,70.4428,153
370,337.6908,51329,108.85,518,109.52,96.3928,70.6004,152
371,334.0131,51104,110.6375,517,109.62,96.371,70.6869,153
372,338.0974,52067,110.1375,502,111.24,96.3807,70.4081,154
373,338.2237,51410,109.35,514,109.84,96.1757,70.7893,152
374,340.7303,51791,109.0375,509,109.32,96.2807,70.6773,152
375,335.0196,51258,109.45,529,109.35,96.3082,70.5669,153
376,340.1753,52387,109.55,517,109.32,96.282,70.6502,154
377,334.7756,52225,110.825,494,109.7,96.4863,70.4611,156
378,335.25,50958,109.1125,496,109.51,96.3619,70.4718,152
379,331.9935,50795,109.4875,489,108.74,96.2516,70.5236,153
380,326.9935,50030,108.9625,483,109.21,96.2436,70.723,153
381,324.0839,50233,109.4,496,110.09,96.43,70.4461,155
382,319,48807,109.825,467,110.13,96.368,70.7419,153
383,314.9408,47871,109.8625,468,109.45,96.4018,70.5942,152
384,312.5163,47815,108.7,497,109.06,96.3578,70.6785,153
385,313.2566,47615,108.2375,474,109.42,96.0948,70.6921,152
386,308.3595,47179,109.725,447,110.36,96.4317,70.5906,153
387,310.5395,47202,108.8875,463,109.41,96.5267,70.5388,152
388,315.7829,47999,109.25,450,109.54,96.1861,70.6,152
389,314.4013,47789,108.8875,473,109.76,96.2068,70.683,152
390,322.3289,48994,109.375,480,110.07,96.2657,70.7741,152
391,321.9156,49575,109.4375,487,109.41,96.0732,70.6864,154
392,325.6013,49817,109.5125,509,109.27,96.2188,70.7599,153
393,320.5329,48721,108.65,479,109.05,95.9855,70.8154,152
394,327.625,49799,108.7375,472,109.05,96.1108,70.8445,152
395,324.6842,49352,108.7,472,109.33,96.0381,70.7415,152
396,323.8421,49224,109.6125,454,110.24,96.0787,70.8262,152
397,325.5197,49479,109.675,532,108.6,96.0016,70.9487,152
398,319.4539,48557,108.6,469,109.58,96.1536,70.6575,152
399,314.8158,47852,108.6625,486,108.51,96.2801,70.6624,152
400,311.3987,47644,110.1875,491,109.4,96.0844,70.7574,153
401,303.5263,46136,109.5,451,109.17,96.0368,70.6357,152
402,307.1382,46685,109.25,447,109.8,96.0569,70.6847,152
403,298.281,45637,108.7125,443,109.12,96.2599,70.9542,153
404,297.1104,45755,109.05,434,109.25,95.8609,70.7375,154
405,297.8289,45270,109.5125,432,108.98,95.9985,70.8145,152
406,295.5789,44928,110.0875,447,109.72,96.0551,70.8336,152
407,293.2484,44867,109.5875,408,109.81,96.1143,70.8499,153
408,289.268,44258,109.55,422,109.29,95.8693,70.6785,153
409,289.4211,43992,109.5375,416,109.17,96.0936,70.7434,152
410,288.9935,44505,109.3875,440,109.32,96.1327,70.5004,154
411,282.8366,43274,109.0875,400,109.5,95.8534,70.8136,153
412,279.2157,42720,108.9875,429,108.65,96.1817,70.809,153
413,276.6863,42333,108.4625,415,108.66,96.1918,70.6439,153
414,273.3092,41543,109.55,386,109.5,95.991,70.9072,152
415,273.5658,41582,109.3125,419,109.04,95.94,70.7717,152
416,265.8766,40945,108.9875,391,109.24,96.0303,70.9596,154
417,269.4145,40951,110.0375,403,109.11,95.976,70.921,152
418,263.8092,40099,109.45,365,109.09,96.0884,70.8028,152
419,266.3684,40488,109.6125,407,109.31,96.1868,70.7773,152
420,262.6711,39926,108.8625,410,108.5,95.7999,70.8443,152
421,262.0392,40092,109.0375,387,109.29,95.9781,70.8617,153
422,261.8387,40585,108.6,394,109.14,96.1143,70.6486,155
423,259.1908,39397,110.2375,388,109.62,96.0657,70.7764,152
424,257.9671,39211,108.125,388,108.68,95.9418,70.8489,152
425,259.9145,39507,108.9625,391,108.51,95.9661,70.8268,152
426,260.9342,39662,108.85,383,109.34,95.9433,70.7297,152
427,264.5,40204,108.95,421,108.95,95.886,70.9364,152
428,264.6078,40485,110.025,398,109.01,95.9163,70.8054,153
429,265.9013,40417,107.6625,429,109.49,95.9171,70.6901,152
430,269.875,41021,109.1875,429,108.57,95.8155,71.015,152
431,265.9673,40693,108.6125,419,108.82,95.9418,70.8381,153
432,271.4013,41253,109.95,441,109.14,95.9886,70.8814,152
433,273.1842,41524,110.2875,415,109.42,96.0296,70.8401,152
434,272.539,41971,109.125,387,109.31,96.0605,70.6994,154
435,273.9539,41641,109.7375,417,109.4,95.9326,70.9059,152
436,272.5163,41695,109.15,406,108.74,96.0362,71.0001,153
437,270.0516,41858,109.1375,396,109.21,95.8415,70.6091,155
438,267.8896,41255,110.025,385,109.63,95.8683,70.8973,154
439,258.9869,39625,108.4375,378,109.54,95.8415,70.6012,153
440,256.3032,39727,109.275,389,108.81,95.8806,70.9512,155
441,250.5065,38578,109.0625,385,109.07,95.9766,70.7306,154
442,245.2857,37774,109.225,349,109.27,95.9514,70.8213,154
443,240.7566,36595,108.3875,349,109.35,95.741,71.0619,152
444,237.3117,36546,109.85,346,109.45,95.9865,70.8096,154
445,233.5621,35735,109.1125,344,108.76,95.818,70.8633,153
446,228.9934,34807,109.2125,349,109.29,95.6447,70.8721,152
447,226.0392,34584,108.4875,308,109.05,96.0208,70.6102,153
448,225.6928,34531,109.1875,345,109.48,95.8963,70.7802,153
449,223.3816,33954,109.3625,303,107.79,95.9963,70.9573,152
450,221.7908,33934,108.3875,306,108.19,95.8539,70.7878,153
451,223.2039,33927,108.875,314,109.1,96.0483,71.2011,152
452,219.2026,33538,109.1375,331,108.63,95.8176,71.1399,153
453,220.719,33770,108.7625,304,109.26,95.9415,70.7877,153
454,216.9873,34067,108,325,109.45,96.1183,70.7146,157
455,218.7032,33899,108.675,315,109.04,95.8887,70.6843,155
456,219.1097,33962,109.9375,319,109.7,96.1269,70.9882,155
457,221.9739,33962,109.8375,302,108.78,96.1186,70.8451,153
458,220.2323,34136,110.1,315,108.93,95.7172,70.9084,155
459,218.3856,33413,109.5375,312,109.3,95.776,70.6297,153
460,222.7763,33862,109.275,311,109.36,96.0032,70.9654,152
461,220.9038,34461,108.575,319,108.42,95.9967,71.0193,156
462,220.0938,35215,109.1625,315,108.91,95.8306,70.7176,160
463,219.0779,33738,108.8875,306,109.54,95.8269,71.0015,154
464,216.0321,33701,108.725,302,109.81,96.0314,70.8025,156
465,215.7362,35165,110.075,323,109.32,95.9028,70.7795,163
466,214.6013,32834,108,311,109.12,95.8416,71.0621,153
467,214.2484,32780,109.0875,296,109.8,95.7862,70.7506,153
468,212.4934,32299,109.4375,327,110,95.8556,71.0914,152
469,211.0197,32075,109.6125,301,109.41,95.6934,71.1746,152
470,209.3487,31821,108.4375,297,108.37,95.767,70.6278,152
471,210.7935,32673,107.9125,310,108.73,96.0604,70.9184,155
472,207.1438,31693,109.35,300,109,95.9147,70.9463,153
473,205.9346,31508,108.3375,289,107.92,95.8931,70.8068,153
474,206.9211,31452,108.6875,278,108.88,95.7663,70.874,152
475,206.2987,31770,109.575,294,109.1,95.8096,70.982,154
476,206.6144,31612,108.1375,302,108.74,95.8729,71.4009,153
477,205.6364,31668,109.25,294,109.02,96.0764,71.0247,154
478,206.0724,31323,109.175,311,109.18,95.836,70.9886,152
479,205.671,31879,108.525,299,108.8,95.8837,70.6775,155
480,206.5882,31608,108.7625,286,108.38,95.7362,71.0552,153
481,204.3484,31674,108.75,288,108.63,95.7299,71.0042,155
482,206.5329,31393,108.9,295,108.69,95.9256,71.0818,152
483,206.5443,32634,109.35,305,108.79,96.0033,70.717,158
484,209.6645,31869,108.575,299,108.51,95.8084,71.0959,152
485,207.7962,32624,108.625,296,109.34,95.9472,70.8988,157
486,210.7566,32035,109.025,305,108.87,95.8739,70.8757,152
487,208.2564,32488,109.4375,304,108.98,95.9297,70.6448,156
488,212.6579,32324,109.1125,325,108.98,95.7508,71.2852,152
489,208.8355,31743,109.4625,293,108.69,95.8293,71.0096,152
490,208.0387,32246,109.4,292,109.46,96.0755,70.7017,155
491,208.8077,32574,109.1625,324,109.39,95.9616,70.9386,156
492,207.5752,31759,109.5,324,109.38,95.821,70.6103,153
493,209.3399,32029,108.725,311,109.26,95.476,71.1143,153
494,207.3688,33179,108.6,292,108.65,95.7458,70.5044,160
495,206.4323,31997,109.5375,326,109.09,96.0198,70.7861,155
496,209.0323,32400,109.675,314,109.68,96.0304,70.9136,155
497,207.9167,32435,109.1625,300,108.56,96.0806,70.9387,156
498,206.4,31992,109.5,274,108.65,95.6155,71.0798,155
499,210.0519,32348,108.55,294,109.43,95.8931,70.6209,154
500,209.7778,32096,109.875,310,110.14,96.0226,71.2745,153
501,212.0645,32870,108.3125,290,108.73,96.0185,71.1029,155
502,212.4013,32285,109.15,318,109.45,95.8561,71.1309,152
503,213.8766,32937,108.5375,301,109.1,95.9514,70.9647,154
504,215.4641,32966,108.5,329,109.96,95.7249,71.3406,153
505,216.0516,33488,108.15,303,109.71,95.883,71.2804,155
506,223.3922,34179,109.4125,319,109.67,95.7865,70.9597,153
507,227.6908,34609,109.425,333,108.53,95.9081,71.3926,152
508,229.8092,34931,108.8375,332,107.81,95.7725,71.2018,152
509,238.6753,36756,109.125,356,108.84,95.773,71.1051,154
510,239.3141,37333,109.375,357,109.87,95.8046,71.2781,156
511,244.961,37724,109.1375,371,109.27,95.7316,71.231,154
512,252.6184,38398,108.2375,378,109.25,95.8193,71.0704,152
513,255.5484,39610,109.575,402,108.02,95.8651,71.0499,155
514,262.6184,39918,109.675,392,109.16,95.7975,71.1359,152
515,262.3158,39872,109.9,407,110.2,95.9066,70.918,152
516,262.7434,39937,107.7875,398,108.82,95.6706,71.3975,152
517,264.5921,40218,109.2,399,108.68,95.7124,71.1211,152
518,261.1908,39701,108.525,407,108.65,95.8926,71.2752,152
519,262.0065,40349,108.8375,382,108.56,95.8142,71.0006,154
520,269,40888,109.9,393,109.73,95.693,70.9214,152
521,271.3856,41522,109.4,405,108.88,95.6712,71.4049,153
522,274.7434,41761,108.75,413,108.65,95.604,71.2705,152
523,280.2961,42605,108.85,401,108.79,95.7743,71.1687,152
524,287.2353,43947,109.475,444,108.35,95.4378,71.3703,153
525,291.8431,44652,109.5875,410,109.59,95.8606,71.1118,153
526,295.6797,45239,109.1,465,108.21,95.5865,71.3905,153
527,295.5855,44929,108.625,411,108.6,95.7511,71.1086,152
528,297.5658,45230,108.7,465,108.95,95.9583,71.1802,152
529,296.3725,45345,108.7625,442,109.27,95.7509,71.2201,153
530,294.3137,45030,109,451,108.91,95.7913,71.2627,153
531,293.4145,44599,108.9875,425,109.25,95.6765,71.2245,152
532,292.6903,45367,107.5,446,108.41,95.8187,71.2368,155
533,292.875,44517,109.4125,440,109,95.7981,71.0862,152
534,288.75,43890,108.2375,437,107.99,95.7185,71.2107,152
535,287.3506,44252,108.225,475,109.29,95.5677,71.2361,154
536,286.719,43868,109.0375,436,109.61,95.6021,71.273,153
537,283.8553,43146,108.9625,444,108.66,95.4631,71.1832,152
538,288.329,44691,109.2375,443,108.55,95.7585,71.135,155
539,290.1169,44678,108.95,464,108.61,95.7681,71.1571,154
540,288.7255,44175,108.75,452,109.16,95.5946,71.3689,153
541,292.4323,45327,108.7125,466,108.85,95.6735,71.2048,155
542,295.915,45275,108.8125,432,108.87,95.6501,71.1174,153
543,297.4934,45219,108.65,445,108.94,95.6638,71.3296,152
544,293.7124,44938,110.825,427,110.06,95.6837,71.2119,153
545,292.1429,44990,109.1875,431,109.65,95.6011,71.2659,154
546,290.8758,44504,108.825,413,109.74,95.6344,71.1461,153
547,286.7273,44156,108.5125,425,108.81,95.6268,71.2163,154
548,284.375,43225,110.5375,445,110.47,95.6704,71.268,152
549,278.2171,42289,107.8875,404,108.52,95.4434,71.2837,152
550,270.9079,41178,108.5875,435,108.6,95.4349,71.4874,152
551,267.5197,40663,109.3,402,109.94,95.6533,71.0996,152
552,264.0329,40133,111.2,393,110.3,95.5786,71.3394,152
553,260.6776,39623,108.7875,400,109.13,95.6349,71.3003,152
554,254.7403,39230,108.9875,366,108.47,95.7075,71.3114,154
555,253.513,39041,108.95,385,108.59,95.5768,71.1365,154
556,244.8497,37462,109.725,384,108.89,95.6382,71.0729,153
557,245.4452,38044,109.55,365,108.84,95.7435,71.0418,155
558,244.2961,37133,108.4375,371,108.88,95.5524,71.3257,152
559,242.0392,37032,108.9375,359,109.25,95.5709,71.1212,153
560,237.3007,36307,108.8875,364,109.11,95.6498,71.1733,153
561,238.3007,36460,108.7375,409,109.22,95.5139,71.2616,153
562,234.6774,36375,109.725,338,109.38,95.6432,71.2,155
563,232.9806,36112,109.525,346,109.37,95.8447,71.1154,155
564,232.5789,35352,109.4375,348,109.63,95.663,71.0941,152
565,227.0263,34508,109,346,109,95.4058,71.1358,152
566,227.9156,35099,108.65,334,108.85,95.4231,71.3322,154
567,225.474,34723,108.4,374,108.11,95.6394,71.2231,154
568,223.2468,34380,108.475,324,108.84,95.6424,71.3008,154
569,225.098,34440,109.25,318,109.51,95.6216,71.0241,153
570,226.0915,34592,109.275,310,109.59,95.6768,71.2982,153
571,221.0658,33602,108.5875,328,109.07,95.9413,71.3631,152
572,219.3613,34001,109.775,307,109.16,95.65,70.905,155
573,218.0197,33139,108.65,308,108.6,95.5081,71.2003,152
574,215.5063,34050,109.35,316,108.91,95.8835,71.1738,158
575,216.7548,33597,108.925,300,109.06,95.5659,71.2626,155
576,212.8026,32346,108.7,330,108.88,95.7193,71.4778,152
577,211.3228,33389,108.3125,332,109.45,95.9208,71.1942,158
578,210.2532,32379,108.4875,340,108.55,95.5639,71.1955,154
579,208.3203,31873,108.3875,341,108.81,95.4373,71.6203,153
580,206.6013,31610,108.9,278,109.04,95.4813,71.1567,153
581,205,31775,109.2,299,109.63,95.8709,71.443,155
582,206.125,31331,109.4875,310,109.55,95.5676,70.9564,152
583,205.2675,32227,109.7875,326,109.93,95.8116,71.2253,157
584,203.5065,31340,109.2625,303,108.59,95.6812,71.2474,154
585,203.634,31156,108.3375,285,109.36,95.9266,71.1955,153
586,200.9477,30745,109.575,297,109.74,95.7462,71.2258,153
587,198.9419,30836,108.9,318,109.24,95.6451,71.0911,155
588,198.1667,30914,108.3625,291,109.15,95.8849,71.2188,156
589,202.0066,30705,108.6625,274,108.51,95.5427,71.3405,152
590,199.3962,31704,108.925,280,108.89,95.9727,70.9559,159
591,199.2628,31085,109.1875,296,109.12,95.5983,71.0035,156
592,196.7338,30297,109.475,279,108.36,95.7586,71.0526,154
593,197.875,30077,109.4125,280,109.27,95.6383,71.1749,152
594,196.4145,29855,109.025,283,108.19,96.1227,71.1226,152
595,197.513,30417,109.5,294,108.45,96.1438,71.1399,154
596,196.0892,30786,109.8625,298,109.13,95.9008,70.9529,157
597,196.6447,29890,108.925,275,108.3,95.6766,71.5009,152
598,193.7987,30814,108.7,289,108.26,95.8099,70.6922,159
599,197.5229,30221,108.9375,279,108.61,95.8854,70.7969,153
600,195.9804,29985,108.9125,305,109.39,95.951,71.137,153
601,197.625,30039,110.025,291,110.32,96.1824,70.7827,152
602,196.1382,29813,108.55,292,108.13,95.8967,71.292,152
603,197.1974,29974,108.225,312,108.48,95.7171,71.5435,152
604,194.1795,30292,109.3,267,108.95,96.1359,70.9958,156
605,194.3548,30125,108.8875,306,108.98,95.395,71.0536,155
606,195.4934,29715,109.3375,300,109.26,95.7601,71.2586,152
607,194.6312,31141,109.4625,278,108.48,95.8832,71.0058,160
608,196.0519,30192,107.925,296,109.02,95.8604,71.2149,154
609,194.3947,29548,108.4875,276,109.74,95.6082,71.2232,152
610,192.758,30263,109.0125,287,108.16,95.7723,71.0982,157
611,195.6,30318,109.2125,271,109.4,96.1562,71.1485,155
612,198.8312,30620,110.2875,294,108.89,95.7235,70.9065,154
613,196.2549,30027,110.0375,284,108.7,95.8821,70.8638,153
614,194.7403,29990,108.25,292,108.59,95.776,71.0541,154
615,192.6144,29470,108.7875,280,109.22,95.7438,70.759,153
616,193.1667,30134,109.225,271,108.7,96.0915,71.1171,156
617,193.5724,29423,108.075,289,108.66,95.7818,71.1289,152
618,193.3399,29581,108.45,288,108.93,95.9165,71.2611,153
619,194.4342,29554,108.9125,293,109.07,95.9695,71.0914,152
620,192.1548,29784,109.2,261,110.2,95.9744,70.849,155
621,193.0126,30689,108.5625,273,109.46,95.9999,71.2857,159
622,192.6218,30049,108.625,276,108.63,95.8758,71.2556,156
623,194.4091,29939,109.1875,280,108.37,96.0081,71.404,154
624,193.8247,29849,109.05,286,109.71,95.9754,70.5436,154
625,195.1961,29865,109.0625,296,109.53,95.5539,70.8002,153
626,196.6908,29897,110.475,286,109.9,95.9064,71.3037,152
627,193.4103,30172,109.4375,271,108.76,96.0607,71.0075,156
628,193.7355,30029,109.2875,298,108.16,96.13,71.2346,155
629,193.6513,29435,109.0125,273,109.09,95.8805,71.0754,152
630,196.183,30016,108.8125,285,108.57,96.1377,71.2001,153
631,193.4387,29983,109.225,269,108.19,95.9494,70.9396,155
632,193.1299,29742,108.75,276,108.1,95.7821,71.3758,154
633,192.4286,29634,108.375,277,108.85,96.03,70.9548,154
634,193.7632,29452,109.3125,279,108.29,95.9753,71.4879,152
635,192.3618,29239,109.8,295,109.09,95.9357,70.9382,152
636,192.5065,29646,108.625,274,108.89,95.6838,71.1591,154
637,194.3548,30125,109.8,273,110.17,96.0401,71.2791,155
638,194.9613,30219,109.4625,285,110.05,96.1133,71.2953,155
639,194.3484,30124,109.3875,274,109.24,96.0445,70.6071,155
640,193.8509,31210,108.5625,271,108.23,96.132,70.92,161
641,195.3725,29892,108.2,278,109.01,95.9157,71.7629,153
642,195.6013,29927,109.3375,287,108.33,95.9251,71.5941,153
643,191.5359,29305,110.0625,288,109.05,96.2843,71.3581,153
644,196.3553,29846,108.3625,292,109.01,95.8785,71.5141,152
645,194.9605,29634,108.675,303,109.1,96.1659,71.0448,152
646,195.6645,29741,109.05,319,109.16,96.0825,71.1938,152
647,193.6115,30397,108.4375,260,109.04,96.3952,71.1234,157
648,194.4221,29941,108.5375,279,108.41,96.1007,71.0462,154
649,195.8038,30937,109.8125,285,109.73,96.2792,70.94,158
650,194.9737,29636,108.3625,289,108.04,96.0982,71.3037,152
651,194.6382,29585,109.175,311,109.46,95.9341,71.3799,152
652,193.451,29598,107.625,308,108.02,95.9907,71.4598,153
653,191.9467,32439,107.6875,275,108.2,96.5317,71.0298,169
654,196.0065,29989,108.7,287,108.59,95.9591,71.123,153
655,196.4837,30062,110.475,266,109.7,96.041,71.0043,153
656,195.0789,29652,109.0875,269,108.65,96.1272,71.4823,152
657,192.5812,30813,108.9,277,108.46,95.955,70.8447,160
658,193.5223,30383,108.5,276,108.16,96.1108,71.2166,157
659,196.1645,29817,108.8125,279,108.55,95.8191,71.2899,152
660,193.9551,30257,109.175,282,109.27,95.9595,71.4453,156
661,195.3506,30084,109.0375,287,109.07,95.855,71.3483,154
662,195.0943,31020,109.0625,287,109.2,96.0183,71.4613,159
663,194.9085,29821,109.075,289,109.17,95.7839,71.1906,153
664,195.375,29697,108.975,297,108.62,95.9404,71.3745,152
665,196.8158,29916,107.8375,299,108.41,95.8227,71.1533,152
666,194.7261,30572,109.05,289,108.35,96.3952,71.5404,157
667,195.987,30182,110.3875,289,109.16,95.8884,71.3167,154
668,192.0443,30343,109.025,285,108.85,95.8249,71.6375,158
669,195.7566,29755,109.95,301,109.38,95.8772,71.193,152
670,193.1558,29746,109.225,275,109.41,95.7344,70.9345,154
671,194.3766,29934,109.025,280,109.02,95.8867,71.4257,154
672,194.6513,29587,107.9875,289,108.84,95.5745,71.4777,152
673,195.0592,29649,108.5375,302,108.5,96.1586,71.2102,152
674,193.5098,29607,108.7875,273,108.41,95.5515,71.2962,153
675,193.0256,30112,108.875,275,108.61,95.8006,71.1193,156
676,193.0774,29927,108.1375,277,108.35,95.5952,71.2144,155
677,193.2368,29372,108.15,276,108.28,95.9818,71.0977,152
678,193.5455,29806,108.2125,297,108.83,96.1904,71.5151,154
679,194.6242,30556,109.2,286,108.93,95.9519,71.1661,157
680,193.2645,29956,109.275,274,109.04,95.7542,71.4655,155
681,195.7843,29955,109.25,276,109.96,95.7803,71.083,153
682,194.4839,30145,109.3875,285,108.82,95.5591,71.2746,155
683,190.9939,31323,108.5375,271,108.84,95.9856,71.204,164
684,193.8158,29460,107.9,268,108.32,95.851,71.4113,152
685,196.1948,30214,109.975,303,109.62,95.9681,71.3544,154
686,192.4038,30015,110.025,264,109.33,95.7942,71.4017,156
687,196.3013,30623,108.7625,273,109.04,96.2624,71.3308,156
688,195.098,29850,109.15,269,109.08,95.7846,71.351,153
689,194.6623,29978,108.0875,275,108.8,95.68,71.7529,154
690,193.3436,31515,108.525,287,108.82,95.9321,71.497,163
691,195.8693,29968,108.0875,277,108.66,96.0074,71.0856,153
692,195.3684,29696,108.6875,278,108.47,95.9284,71.7228,152
693,195.1579,29664,108.5125,288,107.56,96.0396,71.0017,152
694,194.242,30496,108.4875,297,108.86,95.7575,71.6726,157
695,194.8947,29624,110.125,295,109.02,95.7187,71.3526,152
696,191.4969,30448,108.8375,265,109,95.6504,71.2401,159
697,192.3038,30384,108.925,285,109.15,95.877,71.2386,158
698,193.0839,29928,108.9625,268,108.82,95.6126,71.112,155
699,191.902,29361,108.0875,268,108.07,96.007,71.3778,153
700,194.6883,29982,110.1875,282,110.24,95.7241,71.2644,154
701,194.6839,30176,108.6625,301,109.01,95.6034,71.6532,155
702,195.2692,30462,110.6875,283,109.92,95.4193,71.4703,156
703,197.1742,30562,109.6625,297,109.81,95.6268,71.7962,155
704,199.9484,30992,109.5875,287,107.82,95.6001,71.3566,155
705,203.8224,30981,108.6625,290,107.91,95.703,71.3288,152
706,207.8774,32221,109.2375,306,108.54,95.3704,71.7289,155
707,210.7677,32669,109.1375,321,108.46,95.5076,71.5536,155
708,219.474,33799,109.6625,301,108.61,95.8012,71.7892,154
709,228.1046,34900,108.9125,334,108.73,95.5204,71.5653,153
710,236.013,36346,108.2,371,108.37,95.4219,71.9393,154
711,242.4539,36853,108.6875,384,108.86,95.5935,71.6138,152
712,249.1677,38621,109.4125,354,109.11,95.3669,71.8328,155
713,259.4314,39693,109.05,400,109.07,95.3278,71.5717,153
714,265.3464,40598,109.225,429,109.29,95.5319,71.7959,153
715,271.4868,41266,110.0875,410,108.88,95.5408,71.8294,152
716,277.0327,42386,109.6,416,109.01,95.3109,71.6505,153
717,281,42993,108.6375,418,109.49,95.5614,71.8137,153
718,280.4379,42907,109.375,448,108.54,95.3377,71.5556,153
719,283.3961,43643,109.7875,444,108.93,95.3472,71.6481,154
720,288.5592,43861,109.25,420,108.72,95.2818,71.7465,152
721,290.2143,44693,109.6,481,109.26,95.5706,71.6068,154
722,294.085,44995,109.3625,434,108.45,95.3911,71.8595,153
723,294,45276,110.025,429,109.52,95.3632,71.6383,154
724,295.3421,44892,109.5,434,109.43,95.4064,71.837,152
725,293.9675,45271,109.2375,464,108.12,95.2646,71.588,154
726,301.0719,46064,110.2875,452,109.63,95.2467,71.7337,153
727,305.3421,46412,109.0125,466,109.71,95.3269,71.7897,152
728,307.1503,46994,108.875,440,108.86,95.1265,71.9294,153
729,318.1634,48679,109.3875,469,108.53,95.4149,71.553,153
730,326.4342,49618,109.1,487,109.1,95.1525,71.8832,152
731,334.0921,50782,109.3375,503,109.41,95.2236,71.8439,152
732,342.7961,52105,109.0625,527,109.71,95.2839,71.6269,152
733,348.4934,52971,109.3625,514,109.47,95.2724,72.1044,152
734,348.2434,52933,109.4625,540,108.97,95.2387,71.7637,152
735,352.7843,53976,109.9125,520,108.53,95.1956,71.9803,153
736,354.625,53903,109.175,512,109.61,95.1636,71.7302,152
737,351.8092,53475,108.5375,518,108.74,95.2141,71.9559,152
738,355.2961,54005,109.175,522,109.08,95.2039,71.7759,152
739,354.1711,53834,109.15,534,108.68,95.1519,71.8361,152
740,354.9346,54305,109.3,519,108.38,95.2801,71.8319,153
741,350,53900,108.8875,536,109.46,95.2439,71.7498,154
742,350.9671,53347,109.2125,536,109.57,95.1389,71.9756,152
743,350.1382,53221,109.7,510,109.41,95.2712,71.8936,152
744,351.4079,53414,110.375,524,109.52,95.1909,71.9235,152
745,354.4539,53877,108.625,545,108.92,95.1822,71.7622,152
746,354.2208,54550,108.3,530,109.09,95.1193,71.9837,154
747,354.6579,53908,109.25,522,108.96,95.2077,71.9958,152
748,356.3529,54522,108.6,611,107.64,95.1138,71.783,153
749,353.6579,53756,108.9125,555,109.52,95.1191,71.7871,152
750,351.9085,53842,109.7,559,109.66,95.0681,71.73,153
751,346.125,52611,109.7625,514,109.27,95.1571,72.1005,152
752,348.0132,52898,108.3875,507,109.05,95.0476,71.8517,152
753,342.5132,52062,109.55,533,109.51,95.0939,71.9144,152
754,342.9211,52124,109.9125,549,108.32,95.0681,71.8966,152
755,338.8636,52185,109.325,525,109.09,95.1273,71.8396,154
756,338.1765,51741,109.7375,493,110.03,95.0213,72.0376,153
757,334.6928,51208,109.8125,537,109.23,95.1254,71.7846,153
758,334.6316,50864,109.725,492,109.06,95.0995,71.819,152
759,331.5033,50720,108.725,511,108.72,95.1509,71.8647,153
760,328.1355,50861,109.625,481,109.06,95.109,72.1289,155
761,325.9276,49541,108.8,476,109.58,95.1861,71.6982,152
762,328.75,49970,109.2875,501,108.64,95.0462,71.8903,152
763,325.3571,50105,108.9375,484,108.71,95.0048,71.8862,154
764,326.3442,50257,109.2875,496,108.76,95.0116,71.8436,154
765,327.9079,49842,108.7125,473,109.77,95.0581,72.1316,152
766,325.8092,49523,109.0875,475,108.67,95.0465,71.9517,152
767,324.268,49613,109.9875,487,108.75,95.0859,72.1131,153
768,328.9868,50006,108.8125,478,109.38,95.0813,71.8199,152
769,328.9539,50001,108.7375,529,109.03,94.9975,71.9304,152
770,330.9342,50302,108.4875,532,109.2,94.8195,71.9203,152
771,335.2484,51293,109.825,481,110.88,95.0416,71.9286,153
772,331.4837,50717,108.7125,496,108.86,94.9512,72.1556,153
773,333.2614,50989,109.7125,520,109.13,94.9028,71.8605,153
774,334.0263,50772,109.525,525,108.91,94.8855,72.118,152
775,334.9869,51253,109.5125,477,108.69,94.979,72.0446,153
776,334.3791,51160,110.4875,501,110.21,94.9924,71.9414,153
777,331.0649,50984,108.05,488,108.66,94.9352,71.8496,154
778,335.3553,50974,109.4375,494,109.33,95.0143,71.7357,152
779,330.3355,50211,108.95,520,108.58,94.9107,71.9982,152
780,329.3947,50068,109.3875,523,109.45,94.9306,71.8616,152
781,323.3571,49797,109.0375,453,108.61,95.1271,71.788,154
782,322.3595,49321,108.375,487,109.12,94.9749,71.8919,153
783,318.7987,49095,109.775,492,109.86,94.9254,71.9353,154
784,316.4868,48106,108.9625,476,108.97,94.8489,71.7484,152
785,310.3974,48422,108.8125,476,108.62,94.9615,72.1511,156
786,308.2222,47158,108.4125,463,108.88,94.7314,71.9372,153
787,303.3158,46104,109.4875,426,109.05,94.9864,72.1178,152
788,298.1842,45324,109.325,435,110,94.6384,72.0616,152
789,293.1613,45440,108.475,437,109.05,94.9877,71.8117,155
790,290.4145,44143,109.0625,445,109.54,94.7992,72.1401,152
791,289.0329,43933,108.9875,436,109.09,94.7668,71.9959,152
792,284.7372,44419,110.55,424,109.99,94.7969,72.0349,156
793,280.1494,43143,109,415,108.39,95.1465,71.9976,154
794,276.7821,43178,109.55,419,109.17,94.925,71.8119,156
795,270.3007,41356,110.1375,406,108.81,95.1299,71.7978,153
796,270.3421,41092,108.4375,391,109.19,94.9208,71.9198,152
797,267.451,40920,109.5375,382,108.38,94.726,72.1229,153
798,268.0921,40750,108.225,410,109.47,94.853,71.8315,152
799,267.7434,40697,108.5375,416,108.49,95.0197,72.1356,152
800,261.8224,39797,109.3875,393,108.88,94.8099,72.1169,152
801,261.625,39767,110.6375,392,108.76,94.9681,71.8864,152
802,257.6065,39929,109,387,109.97,94.9253,71.7235,155
803,253.5329,38537,109.8,377,108.74,94.8291,71.9099,152
804,251.0779,38666,109.0625,369,108.66,95.1307,71.8071,154
805,249.9935,38499,109.15,409,109.76,94.8986,71.7768,154
806,250.0197,38003,108.7875,350,107.83,94.8601,71.9612,152
807,245.6645,38078,107.8125,360,109.32,94.8114,71.7378,155
808,249.2208,38380,109.575,366,108.4,94.8985,72.1513,154
809,247.2171,37577,110.325,362,110.48,94.7453,72.0657,152
810,241.6908,36737,109.0375,366,109.09,94.7467,72.1444,152
811,242.7895,36904,109.05,356,108.49,94.6204,72.1636,152
812,239.6667,36669,109.85,344,108.95,94.7019,72.1524,153
813,240.1118,36497,109.45,353,109.16,94.6007,72.4267,152
814,233.9114,36958,109.4875,343,109.15,94.7973,71.8487,158
815,235.0392,35961,109.35,331,107.77,94.6528,72.1513,153
816,235.4671,35791,109.3375,344,108.86,94.7714,71.9193,152
817,234.0392,35808,109.175,348,109.68,94.5529,72.0076,153
818,232.6494,35828,109.3375,364,108.9,94.6435,72.0068,154
819,231.7922,35696,108.9875,349,108.64,94.738,71.6796,154
820,232.4323,36027,109.325,343,108.88,94.7574,71.9788,155
821,231.4575,35413,108.9,336,108.92,94.6939,72.0782,153
822,232.375,35321,108.475,342,107.85,94.7351,72.0074,152
823,233.3618,35471,108.3125,358,109.26,94.8141,72.0556,152
824,234.6579,35668,109.125,360,108.94,94.7373,72.0894,152
825,234.9737,35716,108.7625,347,109.38,94.9468,71.863,152
826,236.6078,36201,109.2375,361,107.93,94.6437,72.3863,153
827,234.9211,35708,108.4375,339,108.87,94.5817,71.9972,152
828,233.6818,35987,108.8875,344,109.13,94.8519,72.0834,154
829,231.9868,35262,109.675,350,108.86,94.5741,72.1647,152
830,229.0132,34810,109.1125,332,108.91,94.6945,71.91,152
831,224.6842,34152,109.5375,334,108.3,94.5948,72.3432,152
832,224.9416,34641,108.55,322,108.74,94.7157,71.9071,154
833,222.1558,34212,109.525,328,108.74,94.5664,72.0698,154
834,220.1513,33463,108.7875,335,108.99,94.7603,72.0764,152
835,221.9935,34187,108.9,314,109.21,94.6481,72.0532,154
836,219.9935,33659,109.7,325,109.48,94.7405,71.9678,153
837,217.0769,33864,108.8,351,109.38,94.4724,71.9415,156
838,216.7208,33375,108.1875,348,109,94.5279,72.0639,154
839,212.8065,32985,108.8,290,107.88,94.6797,71.908,155
840,212.3567,33340,108.375,311,108.47,94.7648,71.8126,157
841,207.6603,32395,109.1625,343,108.46,94.9806,72.0057,156
842,208.4934,31691,109.8625,307,109.58,94.4404,71.9307,152
843,210.3377,32392,110.6625,291,110.12,95.0409,71.9929,154
844,209.5882,32067,109.0625,298,107.78,94.2983,72.2157,153
845,208.4868,31690,109.5625,287,108.98,94.8806,72.1856,152
846,209.2829,31811,108.1,300,108.34,94.5427,71.9034,152
847,210.3377,32392,109.05,300,108.62,94.4932,72.3165,154
848,210.961,32488,107.4125,316,108.67,94.2961,71.94,154
849,210.2062,33633,109.15,322,109.69,94.4247,71.8864,160
850,210.471,32623,108.5375,309,109.83,94.3228,72.3919,155
851,211.2078,32526,109.5375,335,108.63,94.4818,71.9832,154
852,214.549,32826,108.0875,316,108.69,94.3709,72.0463,153
853,216.3289,32882,108.4375,324,108.92,94.6054,72.0789,152
854,221.6842,33696,108.725,322,108.87,94.4704,72.2842,152
855,223.1169,34360,108.85,330,108.71,94.4494,72.0068,154
856,228.4276,34721,108.975,337,109.2,94.5304,72.0744,152
857,226.6908,34457,109,325,107.51,94.503,72.2459,152
858,226.3487,34405,108.575,325,108.72,94.6101,72.2708,152
859,228.7829,34775,109.1875,346,109.76,94.436,72.3448,152
860,230.1842,34988,108.6625,325,108.82,94.529,72.1599,152
861,224.7595,35512,109.275,334,108.98,94.7054,72.1711,158
862,227.9359,35558,108.6125,318,108.31,94.3329,72.159,156
863,234.7161,36381,108.075,358,109.37,94.4823,72.4019,155
864,234.4774,36344,108.9625,346,109.45,94.3693,72.0021,155
865,233.1623,35907,109.3875,339,109.08,94.7151,72.151,154
866,240.013,36962,108.1375,353,109.46,94.2716,72.2486,154
867,242.8089,38121,109.25,359,108.81,94.3446,72.2357,157
868,247.5132,37622,109.3875,376,108.39,94.2377,72.4266,152
869,252.8105,38680,109,372,108.77,94.2547,72.3171,153
870,254.6711,38710,109.4125,389,108.89,94.5024,72.3305,152
871,256.8323,39809,108.075,357,108.67,94.4397,71.9058,155
872,259,40145,108.5625,375,108.28,94.2917,72.4436,155
873,256.9342,39054,108.9125,393,108.88,94.2774,72.1494,152
874,255.4605,38830,109.55,399,108.7,94.3836,72.3434,152
875,249.9673,38245,109.5,381,108.87,94.3369,72.0773,153
876,248.7237,37806,108.8625,359,108.41,94.4798,72.3002,152
877,241.6471,36972,108.35,344,108.6,94.1761,72.288,153
878,239.4539,36397,108.5,331,108.52,94.3723,72.0142,152
879,233.9032,36255,107.6125,340,108.51,94.1742,72.3505,155
880,234.8947,35704,109.6375,341,109.52,94.2065,72.0709,152
881,233.7468,35997,108.7625,365,109.18,94.2567,72.2814,154
882,227.2372,35449,108.475,318,109.04,94.3483,71.9705,156
883,224.9615,35094,109.0125,334,108.22,94.199,72.2524,156
884,225.7368,34312,110.4375,328,108.86,94.2519,72.2642,152
885,223.1465,35034,108.95,316,108.72,94.2518,72.1453,157
886,223.5355,34648,108.7875,318,109.21,94.1983,72.0988,155
887,229.7532,35382,109.8,332,108.68,94.3512,72.0439,154
888,226.0649,34814,108.8125,331,108.93,93.9303,72.6384,154
889,228.6842,34760,110.7375,316,109.34,94.0703,72.3058,152
890,226.9542,34724,107.8,321,106.76,94.335,72.1496,153
891,224.1242,34291,108.3875,353,108.92,94.2905,72.2143,153
892,226.7105,34460,107.0375,351,108.12,94.0547,72.0357,152
893,225.6316,34296,110.025,345,109.82,94.1739,72.2084,152
894,223.7763,34014,108.9125,324,108.81,94.2124,72.2746,152
895,222.6513,33843,109.45,315,107.87,94.2298,72.2104,152
896,223.1634,34144,109.4375,326,108.9,94.2724,72.2387,153
897,220.7922,34002,108.775,311,108.64,94.0719,72.2372,154
898,220.5705,34409,109.225,328,108.91,93.9252,72.1353,156
899,216.5909,33355,108.5875,305,108.31,94.034,72.33,154
900,218.0065,33791,108.45,324,109.33,94.4196,72.3856,155
901,218.961,33720,109.75,310,109.5,94.0269,72.1529,154
902,220.8693,33793,108.2,324,108.41,94.2499,72.2828,153
903,226.098,34593,110.15,324,108.85,93.9694,72.5525,153
904,226.2105,34384,108.3625,358,109.35,94.3648,72.0993,152
905,223.8831,34478,108.425,316,108.68,93.9505,72.6131,154
906,226.3158,34400,108.9625,336,109.24,94.4217,72.5874,152
907,227.5395,34586,109.625,345,108.76,94.014,72.4719,152
908,232.2645,36001,108.75,354,109.02,94.0858,72.261,155
909,239.0909,36820,108.9,336,109.48,94.2357,72.6732,154
910,239.4387,37113,110.2125,344,108.65,94.205,72.5157,155
911,244.4539,37157,110.6,375,109.68,94.0662,72.4018,152
912,250.9145,38139,108.6125,388,108.91,93.8794,72.6866,152
913,254.098,38877,109.2875,375,108.9,94.1445,72.4719,153
914,259.6624,40767,108.475,371,108.74,94.1223,72.1767,157
915,264.3421,40180,108.4875,386,108.36,93.8869,72.3552,152
916,265.0329,40285,110.875,367,109.6,94.0965,72.3833,152
917,261.5871,40546,108.3375,390,109.81,93.9707,72.508,155
918,264.6234,40752,109.0625,411,108.95,94.0665,72.5444,154
919,267.7124,40960,109.6125,380,108.53,94.1236,72.4702,153
920,268.539,41355,108.4125,411,108.78,93.978,72.5307,154
921,271.2208,41768,108.85,384,109.67,93.843,72.4071,154
922,279.0584,42975,108.575,439,109.59,93.9336,72.5895,154
923,281.1373,43014,109.925,431,110.14,93.7645,72.5526,153
924,281.6104,43368,108.7125,415,109.81,94.0096,72.4355,154
925,279.0855,42421,109.55,428,108.81,93.9985,72.5526,152
926,274.1776,41675,108.7875,417,108.94,93.9069,72.5686,152
927,273.6169,42137,109.1625,401,108.98,93.8527,72.61,154
928,272.6104,41982,108.8375,447,108.14,93.9209,72.4392,154
929,269.2895,40932,108.85,389,107.78,93.8213,72.5377,152
930,262.5714,40436,109.125,413,108.73,93.9223,72.5488,154
931,262.7974,40208,109.875,391,108.27,93.9223,72.4921,153
932,260.7338,40153,108.975,392,109.12,93.9547,72.6664,154
933,257.8553,39194,109.25,402,108.81,94.0127,72.2598,152
934,252.7677,39179,109.025,362,108.17,93.6724,72.5507,155
935,249.8824,38232,109.075,369,109.07,93.9481,72.4204,153
936,244.7255,37443,110.4125,335,110.23,93.8666,72.5066,153
937,248.4013,37757,109.25,372,108.88,93.6971,72.585,152
938,249.3092,37895,108.85,373,108.4,93.944,72.4517,152
939,249.4474,37916,108.7375,348,109.02,93.8521,72.6035,152
940,246.4539,37461,109.1125,369,109.36,93.7623,72.5543,152
941,245.3442,37783,109.0375,356,108.54,94.0321,72.4754,154
942,246.2961,37437,108.3625,357,108.27,93.7383,72.195,152
943,241.3684,36688,109.6375,353,109.2,94.0449,72.3849,152
944,241.7871,37477,110.875,388,109.56,93.8306,72.4541,155
945,239.3882,36387,109.65,350,109.05,93.6991,72.3234,152
946,238.1883,36681,108.5,345,109.13,93.7336,72.4741,154
947,236.6818,36449,108.1375,353,108.91,93.6916,72.3251,154
948,233.3636,35938,108.1375,335,108.91,93.8508,72.5664,154
949,232.8882,35399,109.025,348,108.56,93.7289,72.4253,152
950,230.6667,35292,108.4125,345,108.68,93.6732,72.4337,153
951,229.6494,35366,108.7625,367,108.76,93.6757,72.5644,154
952,226.1883,34833,109.85,314,109.11,93.7011,72.0414,154
953,224.1895,34301,109.6875,330,108.74,93.845,72.6312,153
954,220.4276,33505,108.975,324,108.13,93.7389,72.4536,152
955,216.4581,33551,110.25,293,109.02,93.5538,72.1907,155
956,214.8247,33083,107.9375,311,108.42,93.9576,72.3123,154
957,213.8355,32503,109.1,296,108.72,93.9491,72.1761,152
958,210.3618,31975,107.9625,299,108.86,94.0807,72.3018,152
959,210.4539,31989,108.8125,306,108.29,93.7334,72.5597,152
960,207.7532,31994,109.375,297,109.19,93.8691,72.4799,154
961,205.085,31378,108.65,307,108.45,93.4201,72.3506,153
962,206.4444,31586,108.2,297,108.05,94.1338,72.1945,153
963,204.5,31493,109.2375,275,108.38,93.7952,72.0492,154
964,202.1818,31136,108.4625,302,109.53,93.4868,72.5127,154
965,199.9869,30598,109.325,280,108.13,93.798,72.5818,153
966,200.8039,30723,109.2375,279,108.56,93.5014,72.6458,153
967,200.8247,30927,108.5625,298,108.39,93.8962,72.1856,154
968,197.4172,32179,108.325,276,108.74,94.1642,72.3953,163
969,196.5247,31837,108.8375,287,109.31,94.0601,72.4986,162
970,196.2342,31005,109.0125,284,109.13,93.9767,71.9901,158
971,198.3922,30354,109.0875,303,109.91,93.6602,72.589,153
972,194.6275,29778,108.7,269,108.67,93.8739,72.2834,153
973,195.8889,29971,108.3875,286,108.98,94.0824,72.5174,153
974,194.0779,29888,109.05,275,109.04,94.0332,72.0005,154
975,196.7662,30302,108.7,263,107.88,93.9023,72.1459,154
976,195.4474,29708,109.2,284,107.99,93.6988,72.8373,152
977,194.4522,30529,109.1375,269,109.01,93.699,72.5087,157
978,194.1484,30093,108.7125,272,108.21,93.6484,72.6131,155
979,193.8645,30049,108.525,279,108.3,93.5293,72.2612,155
980,193.9542,29675,108.925,267,109.13,93.5677,73.0113,153
981,195.5461,29723,108.7875,299,108.31,93.7995,72.6069,152
982,193.0316,30499,108.1,304,109.14,93.7147,72.5347,158
983,193.3101,30543,108.9375,285,108.62,93.9398,72.0495,158
984,194.7368,29600,109.5375,272,110.22,93.8726,72.2059,152
985,190.825,30532,108.05,275,108.64,94.0222,72.6956,160
986,193.4783,31150,110.3,296,109.62,94.2456,72.6264,161
987,192.4416,29636,108.95,296,109.26,93.8171,72.4928,154
988,194.4868,29562,108.9,289,108.64,93.9266,72.48,152
989,194.3312,30510,108.5375,275,108.59,93.5896,72.6871,157
990,193.6209,29624,108.8125,290,108.43,93.8942,72.006,153
991,192.141,29974,107.9625,265,109.12,93.4067,72.621,156
992,192.9013,29321,109.0875,307,108.78,94.0476,72.6184,152
993,192.6258,29857,108.2125,263,109.53,93.9954,72.252,155
994,192.3141,30001,109.025,258,108.68,93.8021,72.4147,156
995,190.9161,29592,108.95,263,109.59,93.8517,72.3217,155
996,192.9281,29518,109.125,277,108.97,93.8584,72.3315,153
997,192.8258,29888,108.55,284,108.47,93.3898,72.5456,155
998,190.3145,30260,109.6375,297,109.13,93.6116,72.2852,159
999,192.8065,29885,109.5375,292,108.87,93.5997,72.8126,155
1000,192.0573,30153,109.1125,293,108.55,93.491,72.1314,157
1001,191.8344,30118,108.8,298,108.48,93.8787,72.5441,157
1002,189.3148,30669,109.375,274,109.33,93.9257,72.0429,162
1003,191.2549,29262,108.95,261,108.34,93.8507,72.157,153
1004,192.8301,29503,108.875,277,108.28,93.5343,72.6494,153
1005,189.2039,28759,109.2375,286,108.54,94.1209,72.5322,152
1006,189.1688,30267,109.55,288,108.67,93.7468,72.6236,160
1007,191.9295,29941,109.075,267,108.23,93.7037,72.2353,156
1008,190.6013,29162,109.05,279,108.85,93.6932,72.6449,153
1009,190.6346,29739,108.4875,265,108.66,93.5418,72.1367,156
1010,190.2697,28921,108.475,272,109.2,93.5236,72.5551,152
1011,188.5321,29411,108.7625,265,109.31,93.6283,72.3685,156
1012,189.871,29430,107.8875,257,108.42,93.3062,72.719,155
1013,189.5253,29945,110.1625,294,108.68,93.6578,72.6913,158
1014,191.3791,29281,109.4125,274,109.05,93.6003,72.6023,153
1015,188.5577,29415,109.3625,270,108.83,93.5056,72.4939,156
1016,189.9608,29064,108.475,262,109.19,93.7648,72.1432,153
1017,191.1711,29058,108.8125,270,108.76,93.4646,72.7134,152
1018,188.3949,29578,108.225,258,107.9,93.8757,72.1419,157
1019,189.7516,29791,109.5875,271,109.02,93.7866,72.6796,157
1020,188.2919,30315,108.3875,265,108.78,93.5218,72.1131,161
1021,188.1139,29722,108.325,269,108.93,93.4618,72.3948,158
1022,190.6541,30314,107.85,265,108.8,93.8917,72.0351,159
1023,188.549,28848,108.95,271,109.04,93.566,72.6613,153
1024,190.1615,30616,109.975,275,110,93.725,72.5888,161
1025,190.4444,29138,109.3,267,108.34,93.7864,72.6902,153
1026,190.8431,29199,108.9375,266,108.18,93.6076,72.9362,153
1027,190.6471,29169,108.9375,250,108.28,94.0268,72.3947,153
1028,191.5,29108,108.75,277,108.97,93.5282,72.4237,152
1029,189.2403,29143,108.1,288,108.98,94.0126,72.3709,154
1030,189.3077,29532,109.6375,273,109.37,93.8212,72.339,156
1031,189.3613,29351,109.5,264,108.26,93.8445,72.6349,155
1032,190.4575,29140,108.85,270,108.28,93.5529,72.2243,153
1033,191.2876,29267,108.9875,273,109.09,94.2372,72.5353,153
1034,190.1429,29282,108.7,263,108.73,93.9956,72.3054,154
1035,192.6974,29290,108.5625,274,109.8,94.0978,72.4512,152
1036,191.1688,29440,108.8125,279,109.02,94.1089,72.4239,154
1037,188.1709,29731,109.225,258,108.84,94.1609,72.4617,158
1038,189.1923,29514,108.925,262,108.27,94.4615,72.2997,156
1039,189.7308,29598,108.3625,263,107.73,94.6086,72.4711,156
1040,189.0577,29493,108.025,260,108.47,94.9067,72.3412,156
1041,188.4615,29400,108.5125,260,108.46,94.5362,72.4738,156
1042,189.4156,29170,108.25,257,109.51,95.1832,72.3776,154
1043,189.1494,29129,108.1375,266,109.07,95.0538,72.168,154
1044,189.1623,29131,110.65,274,109.83,95.2926,72.2989,154
1045,189.4395,29742,108.15,267,108.07,95.2138,71.8809,157
1046,190.9342,29022,108.7375,276,108.18,95.2994,72.5086,152
1047,191.7303,29143,108.85,260,107.41,95.4075,72.5318,152
1048,190.1538,29664,108.7625,271,108.93,95.4071,72.3955,156
1049,189.2895,28772,109.1875,257,108.81,95.3727,72.362,152
1050,188.2821,29372,108.15,251,108.94,95.4944,72.7293,156
1051,186.977,32534,110.275,257,108.53,95.5109,71.8337,174
1052,190.7895,29000,108.4,263,108.35,95.7902,71.9056,152
1053,189.1154,29502,109.6125,270,110.3,95.8243,72.2712,156
1054,190.7484,29566,107.5375,294,108.88,96.0584,71.6356,155
1055,188.9408,28719,108.425,258,108.75,95.9104,72.2309,152
1056,188.4967,28840,109.5125,288,108.25,96.2786,72.1613,153
1057,190.5584,29346,109.2625,263,109.65,96.1746,71.9207,154
1058,190.902,29208,108.825,260,108.83,96.2957,72.1135,153
1059,190.5897,29732,108.2375,260,108.57,96.4607,72.0655,156
1060,191.0789,29044,108.5,278,108.18,96.4382,72.5502,152
1061,191.2628,29837,110.05,272,109.09,96.5502,72.0992,156
1062,190.7403,29374,107.6375,287,108.14,97.0181,72.0813,154
1063,191,29223,109.375,277,108.84,96.7538,71.7693,153
1064,189.7419,29410,108.4,286,108.24,96.6166,72.2375,155
1065,190.4,29512,109.0875,269,108.91,97.0654,71.9925,155
1066,189.4052,28979,109.0375,278,108.66,97.0261,72.5467,153
1067,189.1974,28758,109.2375,289,108.46,96.5284,72.3714,152
1068,190.9026,29399,108.425,266,108.68,96.7821,72.1154,154
1069,189.7161,29406,108.675,270,108.68,96.6737,72.5048,155
1070,189.487,29181,107.9625,292,108.94,96.7486,72.0026,154
1071,187.8247,28925,107.5,275,108.25,96.617,72.3013,154
1072,191.3268,29273,109.4375,260,108.02,96.8779,72.0036,153
1073,187.5253,29629,108.7,284,108.5,97.0496,72.5061,158
1074,187.8205,29300,109.7125,264,108.58,97.3647,72.0512,156
1075,189.1513,28751,108.9,269,107.57,97.2037,72.2843,152
1076,188.879,29654,108.55,290,108.56,96.7095,72.1781,157
1077,189.3922,28977,109.1875,254,108.11,97.3266,72.3915,153
1078,191.7582,29339,109.85,265,110.04,96.993,72.1452,153
1079,189.1974,28758,108.9625,264,108.34,97.1353,71.8356,152
1080,188.1558,28976,109.2375,254,108.31,96.9977,72.509,154
1081,186.4591,29647,109.8,272,108.71,96.8085,72.4306,159
1082,187.7785,29669,108.65,258,108.53,97.2273,71.755,158
1083,187.1529,29383,109.8,266,108.86,97.1867,71.8797,157
1084,187.8428,29867,108.6,285,108.3,97.1415,72.08,159
1085,187.9477,28756,109.3875,273,108.31,97.2101,72.4722,153
1086,189.9079,28866,107.4375,265,107.94,96.9968,72.2912,152
1087,188.3291,29756,108.5125,270,108.65,96.9216,72.4531,158
1088,190.1765,29097,108.5,266,108.08,96.8083,71.8966,153
1089,190.0943,30225,108.9,280,109.17,96.6953,71.7385,159
1090,188.4231,29394,109.0375,268,108.22,96.2315,72.4377,156
1091,189.0714,29117,108.55,255,108.93,96.9667,72.3451,154
1092,187.7812,30045,108.4,266,108.29,97.3106,71.7592,160
1093,186.0519,28652,109.025,268,109.06,97.1922,72.2124,154
1094,189.6579,28828,109.1375,266,108.81,96.8444,72.4217,152
1095,188.539,29035,108.35,272,108.06,97.1141,71.8745,154
1096,187.1553,30132,109.4875,261,108.32,97.1241,72.0121,161
1097,188.4658,30343,108.8,267,108.39,97.0944,72.2367,161
1098,188.8625,30218,109.825,276,108.98,97.2741,72.0412,160
1099,188.4935,29028,108.5125,245,108.47,96.935,72.0704,154
1100,189.2372,29521,108.8625,253,108.13,97.5398,71.8311,156
1101,187.9161,29127,109.225,250,108.22,97.0324,71.5787,155
1102,189.9803,28877,108.425,253,108.01,97.0319,72.3036,152
1103,188.2549,28803,108.55,274,109.2,97.49,71.5289,153
1104,188.1481,30480,108.9375,269,108.86,97.1681,72.5887,162
1105,186.5312,29845,109.075,265,108.41,96.9007,71.9631,160
1106,186.4207,30573,109.2,276,108.8,97.0537,71.4982,164
1107,185.9623,29568,108.425,265,108.04,97.1695,72.0433,159
1108,189.2566,28767,108.8125,264,109.16,97.2175,72.0496,152
1109,190.2829,28923,108.2875,273,108.71,97.2065,72.1269,152
1110,188.6452,29240,109.05,271,108.77,96.9457,72.5831,155
1111,190.6601,29171,109.1375,265,108.86,97.1444,72.081,153
1112,187.7205,30223,108.5,268,108.12,97.0037,72.4817,161
1113,189.5577,29571,108.725,274,108.49,97.2305,72.6228,156
1114,189.4013,29736,109.375,281,108.3,96.759,72.2416,157
1115,192.1046,29392,107.9375,281,108.61,97.0623,72.4434,153
1116,188.6478,29995,108.5375,255,108.86,97.0832,72.1925,159
1117,189.3871,29355,108.525,275,108.82,97.2923,71.9679,155
1118,189.4277,30119,108.825,257,108.85,97.1079,72.1233,159
1119,189.7451,29031,108.1,265,108.64,97.1268,72.2519,153
1120,189.7039,28835,109.2875,279,107.73,96.4365,72.3287,152
1121,188.758,29635,109.05,281,108.96,96.8399,72.1153,157
1122,189.1699,28943,107.925,265,108.85,96.7563,72.7371,153
1123,190.8421,29008,107.725,282,107.77,96.9913,72.3111,152
1124,189.6883,29212,107.9125,262,108.13,96.9739,72.3266,154
1125,191.2697,29073,109.275,269,108.61,97.0028,72.4601,152
1126,189.0461,28735,108.9375,274,108.48,97.0335,72.7566,152
1127,191.0455,29421,109.4875,295,108.21,96.6624,72.8639,154
1128,189.7727,29225,108.975,257,109.15,96.7219,72.3376,154
1129,188.5152,31105,108.5,252,108.1,96.6623,72.3559,165
1130,190.1895,29099,109.9375,253,108.88,97.0608,72.1679,153
1131,191.0968,29620,109.275,269,108.6,97.1348,72.7717,155
1132,188.7089,29816,109.15,264,108.14,96.7742,72.4421,158
1133,190.5455,29344,108.525,277,108.02,96.6553,72.6175,154
1134,191.9814,30909,109.05,276,109.29,96.9085,72.3032,161
1135,192.8092,29307,108.1625,281,108.74,96.6976,72.4146,152
1136,195.0516,30233,108.1375,287,108.76,97.0823,72.2952,155
1137,194.4679,30337,108.1625,288,108.47,96.926,72.2965,156
1138,195.0649,30040,108.85,287,108.74,97.0712,72.3702,154
1139,195.0714,30041,108.4625,275,108.94,96.7221,72.2983,154
1140,197.7829,30063,108.425,274,107.93,97.2105,72.3403,152
1141,196.7778,30107,109.5625,271,109.18,96.993,72.7296,153
1142,199.7871,30967,108.3375,302,108.45,97.2276,72.3057,155
1143,198.9351,30636,108.9625,281,108.52,96.873,72.0072,154
1144,196.7647,30105,109.275,283,107.63,96.8522,72.5895,153
1145,196.8344,30903,108.925,279,108.13,97.1707,72.4013,157
1146,199.085,30460,109.7,268,108.47,96.8636,72.3748,153
1147,199.9671,30395,108.3,290,108.26,97.0274,72.6422,152
1148,200.5769,31290,109.1875,289,108.74,97.1463,72.4008,156
1149,201.4605,30622,108.475,287,108.61,96.7601,72.5252,152
1150,204.5359,31294,108.95,284,108.96,96.8756,72.3306,153
1151,207.1438,31693,108.825,317,107.95,96.7573,72.5633,153
1152,204.5855,31097,109,294,108.55,96.7223,72.2094,152
1153,205.3355,31827,108.6,297,107.78,97.0756,72.5707,155
1154,203.9613,31614,109.6625,281,108.67,96.8862,72.5222,155
1155,202.7484,31426,109.425,285,108.89,96.4585,72.4336,155
1156,203.8442,31392,108.2125,294,107.69,96.8798,72.5135,154
1157,205.8701,31704,109.825,296,108.08,97.0406,72.5725,154
1158,204.3026,31054,109.5125,277,108.13,97.0327,72.5545,152
1159,208.9286,32175,109.375,304,109.22,97.0275,72.5416,154
1160,207.1474,32315,109.5,300,109.39,96.7192,72.5412,156
1161,209.2745,32019,109.0625,287,108.47,96.806,72.3294,153
1162,207.5329,31545,108.775,299,108.81,96.5815,72.7448,152
1163,207.281,31714,107.9875,274,108.63,96.9776,72.3826,153
1164,208.2662,32073,110.2625,302,109.33,96.4664,72.4641,154
1165,205.549,31449,109.0875,289,109.75,96.6646,72.5621,153
1166,206.098,31533,108.4375,293,108.91,96.576,72.7028,153
1167,202.2484,32562,108.275,313,108.62,97.1416,72.535,161
1168,204.6623,31518,109.575,304,107.93,96.7609,72.5911,154
1169,206.6582,32652,108.625,304,108.15,96.8779,72.3324,158
1170,207.7564,32410,109.5125,322,108.8,96.7453,72.6921,156
1171,208.0321,32453,109.45,298,109.38,96.8047,72.3882,156
1172,209.4118,32040,108.8875,302,108.03,96.9372,72.5358,153
1173,208.4156,32096,109.85,309,109.03,96.8943,72.4938,154
1174,208.6078,31917,108.825,310,108.59,96.7007,72.6776,153
1175,208.8355,31743,108.5875,306,108.71,96.6593,72.628,152
1176,209.4737,31840,108.3125,308,108.93,96.5486,72.704,152
1177,210.5,32838,110.075,308,109.58,96.6114,72.5072,156
1178,209.3442,32239,108.7875,308,108.25,96.6607,72.5422,154
1179,209.8153,32941,109.225,316,109.13,97.0148,72.4192,157
1180,209.0195,32189,109,289,108.25,96.5912,72.4708,154
1181,209.0258,32399,108.475,319,109.28,96.7448,72.4721,155
1182,206.8471,32475,109.3,300,108.35,96.62,72.6334,157
1183,207.1923,32322,108.6625,295,108.6,96.6355,72.7714,156
1184,205.462,32463,110.1,312,108.42,96.8554,72.2128,158
1185,205.4654,32669,108.4625,285,108.55,96.3481,72.2163,159
1186,209.5461,31851,108.125,289,108.89,96.5084,72.2761,152
1187,207.1569,31695,108.525,300,109.14,96.5147,72.5539,153
1188,206.5948,31609,108.575,288,109.01,96.5451,72.5624,153
1189,203.5679,32978,109.6875,294,108.84,97.0817,72.6224,162
1190,202.9481,31254,109.85,299,109.22,96.5458,72.801,154
1191,202.3595,30961,108.7375,281,109.07,96.9461,72.3967,153
1192,200.2785,31644,107.325,280,108.14,96.2998,72.5659,158
1193,201.6818,31059,109.2375,300,108.89,96.4136,72.6403,154
1194,200.732,30712,108.575,294,108,96.6745,72.4003,153
1195,200.3856,30659,108.1125,295,108.94,96.3334,72.584,153
1196,197.817,30266,109.175,284,108.45,96.506,72.417,153
1197,199.2105,30280,108.4125,267,108.61,96.5435,72.8507,152
1198,198.3506,30546,109.375,290,108.33,96.325,72.9026,154
1199,195.7451,29949,109.3125,268,108.7,96.8371,72.2243,153
1200,194.8077,30390,108.3625,271,109.4,96.6383,72.6027,156
1201,196.6478,31267,108.4875,279,109.04,96.6354,72.5537,159
1202,194.4268,30525,109.4,276,108.85,96.9535,72.2407,157
1203,196.4805,30258,109.775,277,108.98,96.4139,72.5239,154
1204,194.6369,30558,109.175,263,108.82,96.5424,72.7582,157
1205,194.7712,29800,109.225,303,108.82,96.0158,72.7622,153
1206,192.1169,29586,109.0875,267,109.16,96.2831,72.8617,154
1207,194.2357,30495,108.7125,277,107.72,96.0861,72.6557,157
1208,192.7625,30842,109.4375,267,108.67,96.3653,72.5077,160
1209,194.7419,30185,108.4125,264,108.9,96.2542,72.6621,155
1210,195.1645,29665,108.7375,282,109.62,96.4296,72.5695,152
1211,198.7303,30207,109.5125,302,109.14,96.2171,72.6143,152
1212,195.1173,31609,108.5875,286,108.91,96.3867,72.0006,162
1213,195.1382,29661,109.025,259,108.48,95.9338,72.9147,152
1214,196.5066,29869,108.7,307,108.45,96.3797,72.5331,152
1215,196,30576,108.75,288,108.79,96.0588,73.2594,156
1216,196.2763,29834,108.9,286,108.45,96.0375,72.8186,152
1217,196.471,30453,108.525,272,108.96,96.12,72.4547,155
1218,194.8816,29622,108.4625,277,108.76,96.3541,72.6266,152
1219,195.7059,29943,110.2,276,108.42,96.186,73.0466,153
1220,194.1835,30681,109.4,272,107.68,96.3525,72.7896,158
1221,195.0987,29655,109.7625,260,108.54,96.0022,72.8994,152
1222,192.4094,32902,108.5,278,108.08,96.0932,72.5241,171
1223,194.2987,29922,108.5875,292,108.91,96.1855,72.727,154
1224,192.9481,29714,108.8,265,108.83,96.1592,73.085,154
1225,193.5031,30767,108.4,263,108.85,96.1225,72.8972,159
1226,190.7051,29750,109.2875,281,108.72,96.1309,72.0911,156
1227,191.8961,29552,108.9625,282,108.44,96.1513,72.5612,154
1228,193.3822,30361,109.525,268,109.29,96.1782,72.2548,157
1229,193.6065,30009,108.4875,277,108.05,96.0446,72.5076,155
1230,193.2829,29379,109.675,266,108.55,96.0959,72.283,152
1231,193.4145,29399,109.625,254,109.03,96.2744,72.0682,152
1232,192.3924,30398,108.825,279,108.8,96.214,72.5302,158
1233,191.7898,30111,108.4125,263,108.85,96.2134,72.538,157
1234,192.1667,29978,108.6,269,107.72,95.8514,72.6671,156
1235,191.2745,29265,107.9625,262,108.08,95.7761,72.6215,153
1236,190.061,31170,108.4125,276,109.34,96.2873,72.0881,164
1237,192.6993,29483,108.2625,270,107.63,95.8167,72.5825,153
1238,191.0955,30002,108.7125,268,108.75,96.2536,72.8283,157
1239,189.559,30519,109.275,273,109.38,95.7777,72.2771,161
1240,189.4969,30888,107.825,266,107.94,95.8323,72.7268,163
1241,188.7451,28878,108.65,271,108.9,95.6773,72.2638,153
1242,192.6323,29858,109.225,273,109.3,95.9901,73.2698,155
1243,188.6503,30750,108.4125,256,108.76,95.8629,72.2563,163
1244,191.8039,29346,107.975,265,109,95.6046,72.7013,153
1245,191.7078,29523,108.35,310,108.11,95.3159,73.1598,154
1246,190.7922,29382,109.025,276,108.69,95.6766,72.3138,154
1247,190.9613,29599,108.4125,256,108.51,95.2057,72.607,155
1248,191.6903,29712,108.9125,280,108.56,95.5563,72.4699,155
1249,190.0127,30022,108.225,277,108.62,95.8359,72.6718,158
1250,191.4129,29669,108.3,279,109.22,95.7712,72.9649,155
1251,189.0513,29492,108.3625,273,107.66,95.6308,72.8853,156
1252,190.8224,29005,108.6875,266,108.66,95.3966,72.9177,152
1253,192.4286,29634,108.4,273,109.13,95.337,72.9365,154
1254,188.7987,30019,109.0125,273,108.63,95.5622,72.6781,159
1255,192.1688,29594,109.4,265,108.4,95.5825,72.9611,154
1256,191.3671,30236,109.45,260,108.38,95.0948,72.827,158
1257,192.4837,29450,108.9875,256,108.46,95.2689,73.1291,153
1258,192.4408,29251,108.8,273,108.66,95.3303,72.9836,152
1259,189.8718,29620,108.575,287,109.39,95.172,72.7065,156
1260,191.9623,30522,108.9625,283,108.54,95.3855,72.1833,159
1261,194.3618,29543,108.9375,309,108.83,95.0596,73.004,152
1262,192.0921,29198,107.7375,270,109.09,95.3086,72.7219,152
1263,192.8052,29692,108.5625,293,108.24,94.9763,72.9494,154
1264,192.2564,29992,109.2875,276,108.73,95.3752,72.7651,156
1265,191.3882,29091,109.45,275,108.46,94.8683,73.0246,152
1266,191.6903,29712,108.2875,265,109.16,94.8117,73.477,155
1267,190.8038,30147,109.1375,253,108.83,95.2257,72.4828,158
1268,195.0658,29650,108.8375,261,108.55,95.229,73.2464,152
1269,193.0789,29348,108.975,260,108.95,95.1267,73.0296,152
1270,192.1765,29403,108.1,266,109.29,95.2484,72.7188,153
1271,191.7712,29341,108.8375,265,107.43,95.2026,72.9062,153
1272,192.1895,29405,108.8875,272,107.94,94.9461,72.881,153
1273,190.1056,30607,109.4875,279,108.22,95.055,72.4552,161
1274,194.4408,29555,108.075,292,108.35,94.9922,72.9818,152
1275,193.4805,29796,109.3375,266,108.52,95.0004,72.8661,154
1276,195.7843,29955,109.125,283,108.67,94.6466,73.1477,153
1277,194.3526,30319,108.8875,274,108.44,95.1986,72.7458,156
1278,194.9565,31388,109,280,108.68,94.5676,73.1351,161
1279,196.5033,30065,109.3125,292,108.34,94.8111,72.7928,153
1280,196.0066,29793,109.0125,283,108.3,94.8344,73.3589,152
1281,195.1765,29862,108.3,283,108.63,94.5183,72.4792,153
1282,193.8712,31601,108.575,277,109.31,94.9232,72.4318,163
1283,196.3806,30439,107.8375,282,109.31,94.8928,72.8469,155
1284,195.5461,29723,108.65,252,108.24,94.822,73.1561,152
1285,197.1529,30953,110.125,263,109.24,94.6866,73.0611,157
1286,195.5897,30512,108.2875,281,107.96,94.8292,73.0865,156
1287,195.962,30962,109.225,264,108.03,94.8051,72.668,158
1288,194.529,30152,108.075,255,108.63,94.7284,73.086,155
1289,192.5217,30996,107.8875,251,109.35,94.774,72.5399,161
1290,195.2372,30457,110.025,294,109.43,94.8315,72.7581,156
1291,195.1364,30051,110.175,279,108.25,94.7749,73.4942,154
1292,196.5769,30666,109.325,304,108.08,94.3378,72.6956,156
1293,195.9871,30378,108.4,283,108.45,94.786,73.0994,155
1294,199.7143,30756,108.625,281,108.47,95.0151,73.1351,154
1295,199.9276,30389,108.5375,291,108.12,94.8334,73.1957,152
1296,203.3595,31114,109.95,284,109.24,95.0916,72.9091,153
1297,201.7308,31470,108.4375,279,108.63,94.7549,73.112,156
1298,199.1429,30668,109.1125,298,109.21,94.7727,72.6971,154
1299,199.9211,30388,108.875,305,108.15,94.5706,73.1393,152
1300,200.3312,30851,109.0875,295,108,94.6413,73.4147,154
1301,200.1118,30417,108.9375,290,108.26,94.3552,73.1744,152
1302,202.9091,31248,109.375,288,108.4,94.6615,72.8572,154
1303,208.6053,31708,108.4125,287,108.4,94.7772,72.9791,152
1304,210.8571,32472,109.55,329,108.38,94.648,73.1455,154
1305,215.5519,33195,108.6125,315,108.98,94.4729,73.3248,154
1306,219.183,33535,109.3,336,108.84,94.5889,73.1252,153
1307,223.0325,34347,108.7375,319,108.58,94.5174,73.0081,154
1308,228.5066,34733,108.3875,360,108.25,94.3967,73.4661,152
1309,228.4314,34950,108.7,319,108.49,94.8049,73.1935,153
1310,230.2516,35689,109.2875,330,108.47,94.4244,73.4346,155
1311,233.9079,35554,108.8375,358,108.2,94.4554,73.359,152
1312,230.8039,35313,109.8,352,108.09,94.4152,73.2433,153
1313,234.4452,36339,108.95,355,108.68,94.3495,73.7483,155
1314,235.2564,36700,110.4875,352,108.48,94.6084,73.299,156
1315,240.6776,36583,109.45,348,108.93,94.7033,73.4019,152
1316,246.5329,37473,108.9375,356,108.71,94.5358,73.3946,152
1317,252.5197,38383,108.7125,376,108.33,94.418,73.4951,152
1318,255.4408,38827,109.6625,373,108.18,94.1702,73.4314,152
1319,258.1948,39762,108.95,415,108.64,94.396,73.6122,154
1320,258.7632,39332,108.4875,377,109.47,94.3538,73.434,152
1321,259.7532,40002,108.5875,367,107.6,94.3556,73.5697,154
1322,258.4241,40831,109.7625,389,108.84,94.3388,73.2598,158
1323,260.7628,40679,109.2375,385,107.61,94.6028,73.4609,156
1324,258.8224,39341,108.8875,386,107.6,94.3622,73.3406,152
1325,256.9156,39565,109.9375,381,108.76,94.5491,73.5149,154
1326,251.7013,38762,108.15,356,108.75,94.3903,73.358,154
1327,254.9161,39512,108.6875,363,109.13,94.3857,73.3601,155
1328,254.268,38903,109.375,365,108.3,94.4713,73.6529,153
1329,253.3224,38505,110.3125,383,108.91,94.4052,73.5285,152
1330,250.6645,38101,109.425,346,108.69,94.5923,73.4208,152
1331,245.9172,38609,109.8625,356,108.73,94.5083,73.4608,157
1332,245.7792,37850,109.7125,355,108.98,94.5237,73.431,154
1333,243.2025,38426,108.6625,360,108.56,94.3992,73.0623,158
1334,245.0921,37254,109.8625,354,109.06,94.2146,73.5077,152
1335,242.1234,37287,108.9875,366,108.58,94.6952,73.3512,154
1336,240.3871,37260,108.25,362,107.72,94.0611,73.5891,155
1337,238.6169,36747,110.0875,346,109.39,94.4746,73.197,154
1338,234.1818,36064,108.575,323,107.88,94.3952,73.2572,154
1339,231.8452,35936,108.1875,343,108.36,94.2773,73.2421,155
1340,231.7368,35224,109.4125,341,108.58,94.4517,73.3385,152
1341,228.6429,35211,108.2125,328,108.7,94.269,73.6843,154
1342,227.4837,34805,109.4625,330,108.3,94.3894,73.2312,153
1343,225.2152,35584,108.3125,344,108.04,94.5887,73.4249,158
1344,227.5329,34585,109.2875,340,107.79,94.3213,73.3012,152
1345,225.3013,35147,109.3,323,107.6,94.5178,73.0111,156
1346,222.8301,34093,109.1,319,107.96,94.295,73.1134,153
1347,221.2763,33634,108.0875,309,107.83,94.2026,73.1919,152
1348,219.5226,34026,108.8875,323,109.01,94.2902,73.3456,155
1349,216.0588,33057,109,319,107.64,94.3736,73.4344,153
1350,213.9868,32526,108.35,326,108.17,94.1653,73.2158,152
1351,211.1812,33789,108.75,309,108.83,94.4431,72.9986,160
1352,213.2171,32409,108.2375,300,108.61,94.3917,73.2663,152
1353,211.6405,32381,109.4125,313,108.73,94.6832,73.1861,153
1354,206.9167,32279,108.5,289,108.22,94.046,73.3481,156
1355,205.5197,31239,108.675,285,108.23,94.6018,73.232,152
1356,205.6883,31676,108.5625,294,108.95,94.1081,73.7682,154
1357,202.8176,32248,109.525,277,108.84,94.1448,73.1637,159
1358,202.5062,32401,108.475,288,109.06,94.0158,73.136,160
1359,204.268,31253,108.8375,289,108.79,93.8365,73.2277,153
1360,205.1184,31178,110.3125,280,109.71,94.3417,73.5721,152
1361,201.0255,31561,109.4125,283,107.95,94.1585,73.3287,157
1362,200.7742,31120,108.8375,295,108.14,94.2254,72.9579,155
1363,199.7895,30368,108.3625,278,108.82,94.2499,73.3089,152
1364,200.4444,30668,108.1625,293,108.97,94.1622,73.3592,153
1365,195.8684,29772,109.425,266,107.95,94.4204,73.3379,152
1366,198.3439,31140,109.6375,291,109.84,94.2456,73.4212,157
1367,197.6581,30637,109.65,269,108.46,94.0785,73.3256,155
1368,194.4331,30526,108.65,283,108.24,94.2666,72.7864,157
1369,196.1883,30213,109.2,267,107.84,94.2405,73.2663,154
1370,193,30880,108.5625,281,107.84,94.0355,73.4266,160
1371,194.2468,29914,110.15,259,109.38,94.3221,73.5261,154
1372,194.1548,30094,108.4375,261,108.57,94.3083,73.2312,155
1373,191.5817,29312,108.4875,302,108.89,94.0977,73.0319,153
1374,192.0127,30338,109.325,250,108.82,94.1426,73.0985,158
1375,194.6471,29781,109.1375,269,108.4,94.1742,73.4321,153
1376,192.121,30163,109.5,288,109.78,94.0619,73.3996,157
1377,193.1438,29551,108.4375,277,108.63,94.0106,73.0991,153
1378,192.671,29864,108.1625,282,108.21,94.1322,72.9652,155
1379,192.0526,29192,108.9875,258,108.41,93.7101,73.4117,152
1380,192.0592,29193,109.2875,268,108.42,93.9037,72.9941,152
1381,191.9221,29556,109.05,254,108,94.2041,73.0819,154
1382,192.4522,30215,111.1375,279,109.26,93.9605,73.1044,157
1383,188.7692,29448,109.0875,256,108.26,94.0685,73.0919,156
1384,190.8882,29015,108.6625,269,108.12,94.1861,73.1517,152
1385,190.2222,29104,108.375,268,108.29,94.1351,73.1718,153
1386,189.6478,30154,107.4875,263,108.54,94.0628,72.8751,159
1387,190.8553,30346,109.275,266,110.27,93.8745,73.3706,159
1388,191.0316,30183,109.1875,274,108.16,94.4143,73.0707,158
1389,190.4575,29140,108.3625,262,108.51,94.2562,73.2941,153
1390,189.5128,29564,109.3,269,108.95,93.8271,73.7202,156
1391,189.5897,29576,109.575,258,108.41,93.7019,72.8566,156
1392,189.4675,29178,108.575,262,108.91,93.9251,72.9922,154
1393,192.8224,29309,109.1375,282,108.54,93.8399,73.1924,152
1394,188.7089,29816,108.55,276,108.51,94.0553,73.3052,158
1395,189.8101,29990,108.2625,280,108.12,93.4994,73.5401,158
1396,190.1382,28901,108.6375,261,108.66,93.702,73.1198,152
1397,188.4717,29967,108.2875,274,108.1,93.9303,73.3486,159
1398,190.8497,29200,108.8625,285,107.97,93.7644,73.1664,153
1399,190.2949,29686,108.6375,259,108.98,93.5315,73.0728,156
1400,189.7059,29025,108.95,266,107.78,93.5799,73.2077,153
1401,190.6993,29177,108.8375,255,108.04,93.888,73.3785,153
1402,188.8258,29268,108.075,244,107.39,93.5639,73.3778,155
1403,191.0395,29038,108.3375,269,108.95,93.786,73.3597,152
1404,189.2699,30851,110.125,281,109.87,93.7916,73.1446,163
1405,190.5818,31446,109.8125,271,109.21,93.585,72.9675,165
1406,189.271,29337,108.6125,271,108.28,93.6369,73.5453,155
1407,189.3766,29164,108.625,263,108.67,94.1954,73.3085,154
1408,189.1923,29514,109.9625,263,109.89,93.6216,73.0903,156
1409,189.9427,29821,107.4375,271,108.49,93.2506,73.2577,157
1410,188.8291,29835,108.8125,260,107.53,93.4178,73.5829,158
1411,187.7346,30413,109.525,269,108.22,93.5962,73.1755,162
1412,186.5159,29283,109.1125,271,108.15,93.126,73.487,157
1413,188.2051,29360,108.2625,262,108.39,93.4197,73.0519,156
1414,190.1948,29290,109.4375,286,109.26,93.52,73.5348,154
1415,188.6908,28681,110.325,268,107.68,93.4241,73.4438,152
1416,190.6879,29938,107.7875,257,108.48,93.3849,73.2911,157
1417,187.1883,28827,108.925,278,108.21,93.2976,73.6996,154
1418,188.9351,29096,110.15,258,108.42,93.439,73.1753,154
1419,190.6234,29356,109.3375,257,108.41,93.3578,73.622,154
1420,189.3312,29157,109,267,108.49,93.2203,73.443,154
1421,191.4605,29102,109.3375,268,107.7,93.3192,73.2492,152
1422,188.9416,29097,109.225,248,108.89,93.534,73.4051,154
1423,189.1242,28936,108.875,269,107.89,93.448,73.2114,153
1424,188.0443,29711,108.7,264,107.9,93.4982,73.2607,158
1425,189.25,28766,108.35,297,108.38,93.4163,73.6937,152
1426,188.9477,28909,108.5625,253,108.78,93.1432,73.5639,153
1427,187.7643,29479,108.7375,266,107.66,93.359,73.2715,157
1428,187.481,29622,109.275,283,108.07,93.397,73.1712,158
1429,189.1742,29322,110.425,266,108.98,93.1311,73.7695,155
1430,187.0848,30869,108.7625,271,107.85,93.2582,73.1652,165
1431,187.6581,29087,109.55,269,109.53,93.6107,73.2306,155
1432,190.4314,29136,108.4125,271,107.6,93.5627,73.4084,153
1433,189.3935,29356,109.45,262,109.39,93.2989,73.6637,155
1434,189.8323,29424,110.1375,278,109.14,92.7661,73.1234,155
1435,186.519,29470,109.175,272,108.69,93.3442,73.2112,158
1436,189.0696,29873,109.7875,287,108.62,93.1503,73.2376,158
1437,189.5909,29197,109.075,269,108.87,93.6298,73.1428,154
1438,185.7862,29540,109.1375,268,108.5,93.4161,73.3092,159
1439,186.9873,29357,109.0125,281,108.24,92.7837,73.3096,157
1440,188.6842,28680,109.825,269,109.94,93.1028,73.2912,152
1441,190.8954,29207,108.0625,270,108.35,93.5652,72.9985,153
1442,187.4342,28490,108.9125,264,108.68,92.9064,73.6598,152
1443,187.1154,29190,108.3875,261,108.2,93.3078,73.2507,156
1444,188.0784,28776,109.8625,262,108.36,93.0992,73.0137,153
1445,189.915,29057,108.2875,268,108.71,92.8538,73.6039,153
1446,189.0258,29299,109.95,266,109.37,93.4945,73.4406,155
1447,189.1013,29878,108.95,265,108.97,93.3867,73.4688,158
1448,188.3613,29196,109.2,261,108.79,93.1698,73.3571,155
1449,188.1494,28975,108.2125,254,108.26,93.1323,73.5833,154
1450,189.2564,29524,108.7,266,108.14,93.275,73.4036,156
1451,187.268,28652,108.0125,252,108.41,93.4568,73.4637,153
1452,189.2368,28764,108.3875,265,108.84,93.0852,73.5897,152
1453,188.4444,28832,109.5625,266,108.69,93.3827,73.2664,153
1454,186.1812,29789,109.1,257,108.57,93.4177,73.3266,160
1455,189.2745,28959,108.7125,287,108.77,92.9266,73.4314,153
1456,188.9868,28726,108.0625,270,108.24,93.3021,73.2515,152
1457,188.6184,28670,109.25,264,108.86,93.3805,73.836,152
1458,188.7582,28880,109.5625,264,108.63,93.2554,73.6217,153
1459,188.7697,28693,108.9375,281,107.91,93.2068,73.45,152
1460,189.7829,28847,109.125,286,109.55,93.3073,73.1594,152
1461,187.1645,28449,108.0375,265,108.58,93.0859,73.248,152
1462,185.1845,31111,109.1125,261,108.14,93.1726,73.5087,168
1463,188.8497,28894,108.9125,277,109.26,92.7623,73.1661,153
1464,188.5395,28658,109.3,267,107.91,93.4358,73.6878,152
1465,186.8052,28768,109.4125,268,108.72,92.8971,73.586,154
1466,191.1242,29242,108.5,256,107.72,93.3833,73.4896,153
1467,190.1776,28907,108.6875,257,108.74,93.1806,73.7717,152
1468,188.2468,28990,108.7625,286,107.99,93.2259,73.517,154
1469,186.795,30074,107.925,273,108.91,93.0872,73.2568,161
1470,190.1961,29100,108.1125,273,108.5,93.1694,73.4626,153
1471,189.1656,29699,108.05,261,108.99,92.9339,73.3933,157
1472,188.391,29389,108.95,263,108.48,93.3273,73.7502,156
1473,187.7099,30409,109.5375,274,108.44,92.8972,73.4359,162
1474,190.3007,29116,107.9875,271,108.6,93.5608,73.2937,153
1475,187.5283,29817,108.65,260,108.77,93.2701,73.1095,159
1476,186.8269,29145,109.2875,271,108.87,93.1308,73.4627,156
1477,188.9745,29669,108.8625,265,108.25,92.9041,73.4908,157
1478,189.9739,29066,108.4,260,107.79,93.7519,73.5373,153
1479,185.3062,29649,107.625,265,108.14,92.9707,73.9373,160
1480,189.3922,28977,108.5125,270,108.16,93.0134,73.5196,153
1481,188.6275,28860,109.1875,251,109.17,93.2337,73.3023,153
1482,188.2353,28800,109.025,254,107.98,93.0173,73.4465,153
1483,188.0516,29148,109.8375,258,108.6,93.352,73.367,155
1484,187.2308,29208,108.3375,268,108.46,93.0186,73.2544,156
1485,190.3856,29129,110.0875,278,109.27,93.4165,73.8837,153
1486,185.5484,28760,108.0375,250,108.01,93.2942,73.2783,155
1487,187.195,29764,108.5625,257,108.79,92.6446,73.6765,159
1488,187.7987,28921,109.625,264,108.32,92.9598,73.1936,154
1489,189.9627,30584,108.2125,256,108,93.1513,73.1865,161
1490,186.3072,28505,108.325,271,107.68,92.9007,73.5712,153
1491,186.6382,28369,110.0375,255,108.54,93.7963,73.4826,152
1492,185.4679,28933,108.9375,264,108.38,93.521,73.4267,156
1493,187.25,29211,109.625,266,108.25,93.2784,73.578,156
1494,188.5909,29043,109.075,251,108.2,93.1957,73.7565,154
1495,187.8129,29111,108.4,269,108.67,93.0608,73.7484,155
1496,185.6154,28956,109,280,109.63,93.2292,73.6993,156
1497,187.2405,29584,109.1125,282,107.66,92.7485,73.4567,158
1498,187.051,29367,108.5,256,108.07,92.7654,73.4541,157
1499,185.5786,29507,109.35,256,108.5,93.2178,73.341,159
1500,188.1699,28790,108.525,265,108.32,92.7028,73.768,153
