1,196.0809,67844,106.4375,274,106.95,115.353,56.0644,346
2,195.188,68511,106.7125,293,106.87,115.3959,56.1078,351
3,194.2421,67402,106.4875,290,106.51,115.5718,56.1194,347
4,192.8672,68275,107.3375,269,107.49,115.8372,56.2168,354
5,194.0878,68513,105.975,290,107,116.2263,55.9663,353
6,195.2756,68737,107.2625,282,107.2,116.4327,56.0837,352
7,196.3399,69308,107.05,282,106.88,116.201,55.8515,353
8,195.592,68066,106.5,285,107.12,116.4011,56.0785,348
9,196.82,68887,107.2375,271,106.9,116.623,55.9687,350
10,196.5374,68395,106.825,294,107.11,116.9392,55.8789,348
11,197.1153,68399,107.2375,293,107.93,116.8047,55.7868,347
12,196.5817,68607,105.675,287,106.68,116.6545,55.8787,349
13,196.8371,68893,106.925,277,106.84,116.8561,56.0886,350
14,199.3105,69958,106.95,316,107.07,116.8852,55.8824,351
15,200.1908,69266,106.9875,285,106.81,116.4995,55.7853,346
16,199.2184,69328,106.6,298,106.44,117.0098,55.8609,348
17,199.7479,69712,106.9875,298,106.28,116.6679,56.108,349
18,201.7688,69812,106.725,297,106.52,116.3759,55.9692,346
19,203.6676,71080,107.0875,290,106.61,116.8904,55.9492,349
20,205.6533,71773,106.9125,306,106.82,116.3762,56.2227,349
21,206.2655,73018,106.9375,323,106.99,116.3701,55.8409,354
22,206.86,72401,107.025,307,107.47,116.555,56.0826,350
23,204.231,72502,106.6375,298,107.54,116.8698,55.9427,355
24,205.0173,71141,107.5375,300,107.12,116.7045,55.7096,347
25,202.702,70743,106.8125,289,107.09,116.8068,55.9712,349
26,202.1527,70147,107.7875,294,107.66,116.6633,55.7177,347
27,200.5312,70587,107.275,288,107.2,116.35,55.8042,352
28,200.9249,69520,106.4,301,106.4,116.4395,55.5968,346
29,200.235,69882,106.7125,277,106.62,116.8366,55.7925,349
30,199.187,70313,105.55,309,106.17,116.5206,55.9846,353
31,194.9344,71346,105.9375,290,107.04,116.8626,56.2146,366
32,194.1445,67174,107.3625,275,107.1,116.6401,55.6753,346
33,193.34,67669,106.9625,282,106.88,116.9602,55.9967,350
34,191.0723,66111,106.8375,274,106.55,116.9533,55.6356,346
35,190.3504,66813,106.775,265,107.31,117.1139,55.7028,351
36,186.2219,66295,107.35,258,106.89,118.0218,55.9453,356
37,185.8839,65617,106.8125,279,107.39,117.2811,56.331,353
38,185.3855,66368,107.675,275,107.11,117.1672,56.3086,358
39,186.7775,64625,106.975,255,107.5,117.0816,56.1342,346
40,186.8697,65965,106.0625,273,106.9,116.9792,56.2688,353
41,186.0172,64920,107.025,268,107.07,116.7623,55.9026,349
42,185.5675,67361,107.1,262,107.17,116.7492,56.5492,363
43,185.5068,68081,107.375,269,107.27,117.4493,56.3266,367
44,186.6742,65896,107.2125,279,107.16,116.8316,56.1663,353
45,189.7948,65669,107.275,260,107.37,117.027,56.1593,346
46,188.9363,68206,105.975,286,106.6,117.0528,56.1493,361
47,187.3064,67243,106.9375,285,107.31,117.1199,55.531,359
48,187.8343,66869,106.9375,271,107.2,117.0372,55.6866,356
49,188.298,65716,106.3,276,106.79,117.0868,56.1745,349
50,187.5499,65830,107.175,274,106.96,117.2081,56.0838,351
51,186.2493,65746,107.4625,267,107.51,117.2171,56.1784,353
52,187.3409,65944,107.1375,276,106.73,116.9399,56.3148,352
53,189.6753,66007,107.2375,270,106.9,117.0864,55.6469,348
54,190.3296,68138,107.4375,266,107.2,116.9023,55.7851,358
55,191.2161,66352,107.2625,296,107.2,117.1566,55.6432,347
56,192.6753,67051,106.45,280,107.4,117.1248,55.8588,348
57,191.8114,67134,106.625,271,106.67,116.9442,56.0259,350
58,190.8394,67748,106.75,274,106.66,117.2465,55.8107,355
59,190.2074,66953,107.4375,284,107.47,116.5131,56.0476,352
60,187.8611,67630,106.7375,276,106.42,117.1804,56.2847,360
61,186.1152,66257,107.45,273,107.9,116.9708,55.8753,356
62,183.0115,63688,107.5,263,107.05,116.6762,56.1449,348
63,181.4342,64772,106.775,246,106.85,117.3417,55.7596,357
64,182.1965,63040,106.225,251,107.02,117.4256,56.2827,346
65,180.5281,64268,107.8375,237,107.78,117.4933,56.0539,356
66,179.1977,63436,107.0875,257,106.81,118.3969,56.1983,354
67,180.7003,62703,106.7375,262,107.29,117.8557,56.3199,347
68,178.7829,62574,106.425,253,107.48,117.034,56.3068,350
69,178.1541,63601,106.3875,251,106.98,117.4668,56.3099,357
70,178.0646,63391,106.8625,258,106.98,117.6679,56.4922,356
71,178.4653,61749,106.2875,248,106.81,117.3322,56.4343,346
72,176.1583,63417,107.625,247,107.33,118.068,56.4321,360
73,176.2536,61160,107.625,246,107.59,116.9797,56.4074,347
74,175.2825,62050,106.4,236,106.72,117.4509,56.3107,354
75,173.537,63341,106.9,236,106.71,117.7117,56.7389,365
76,172.7208,60625,106.55,237,107.25,117.3222,56.6977,351
77,171.9595,63625,106.725,236,106.49,116.5685,56.7127,370
78,169.709,64150,106.7375,233,107.1,117.4435,56.9933,378
79,170.6705,59564,107.4125,236,107.66,117.1504,57.0725,349
80,172.3352,60145,106.175,235,105.94,117.5831,56.2908,349
81,171.9348,63272,108.5625,232,108.44,117.7861,56.8317,368
82,172.161,60945,106.95,238,107.45,117.6104,56.4999,354
83,175.3725,61205,106.9375,245,106.88,116.8484,56.5613,349
84,177.7458,62922,106.7875,261,106.78,116.1714,56.3675,354
85,178.1,64116,107.2125,250,107.93,116.6474,56.8309,360
86,179.1925,62359,106.9875,244,107.06,116.6116,56.6393,348
87,177.5257,65507,107.675,248,107.83,116.8416,56.506,369
88,180.9857,63345,106.35,259,106.81,116.6867,56.2405,350
89,181,64979,107.5875,258,107.77,116.4159,56.5615,359
90,183.8023,64147,107.0125,269,106.82,116.2902,56.326,349
91,182.187,64312,107.5375,241,107.21,116.4218,56.3646,353
92,183.5086,63861,106.675,249,106.97,116.5748,56.0577,348
93,182.8179,63255,107.725,256,107.46,116.8604,56.2977,346
94,180.3683,63670,106.65,257,107,116.6899,56.2767,353
95,180.9629,63337,107.6125,256,106.67,117.1846,55.8236,350
96,180.9341,63146,106.6625,266,106.43,116.5567,56.1338,349
97,181.8264,66003,107.575,247,107.29,116.5401,56.3013,363
98,180.5989,65738,107.8875,248,107.82,115.9739,56.4907,364
99,180.7614,63628,106.925,256,107.02,116.9224,56.2572,352
100,180.7914,63277,106.375,260,106.77,116.6842,56.4918,350
101,180.0491,62297,107.65,238,108.26,116.562,56.0898,346
102,180.0401,62834,106.625,252,106.21,116.8122,55.8164,349
103,178.548,63206,106.8,251,107.06,116.5558,56.1845,354
104,178.2901,63293,107.375,252,106.81,116.8849,56.0986,355
105,176.2368,63269,106.7875,249,106.2,117.6587,56.338,359
106,177.2911,61520,107.525,249,106.55,117.2665,56.5111,347
107,176.3434,64189,107.4125,262,107.4,117.7336,56.1215,364
108,174.7593,60991,107.2875,238,106.97,117.1761,56.7281,349
109,174.1792,60266,107.025,232,107.52,116.9209,56.3155,346
110,172.1314,60246,106.725,224,107.04,117.6751,56.7282,350
111,171.0704,60730,106.3125,222,106.62,118.4255,56.7438,355
112,169.5961,60885,107.825,228,107.62,118.762,56.6188,359
113,169.679,59727,107.2125,226,107.4,118.02,56.2376,352
114,168.4429,58955,106.5,220,106.61,118.3001,56.9736,350
115,166.9767,64620,107.1625,242,107.4,118.9444,57.4234,387
116,166.3895,60233,107.3,227,107.33,117.5067,57.4932,362
117,167.6208,59673,106.3,230,106.36,118.2641,56.8289,356
118,168.6295,60538,106.1125,236,106.54,118.7753,57.297,359
119,166.6676,58167,107.8125,227,107.19,118.4545,56.8142,349
120,166.4432,61584,106.7625,223,107.09,118.1889,56.6451,370
121,165.5027,60574,107.55,221,107.21,118.0496,57.3685,366
122,165.6384,58636,106.825,210,107.44,118.2114,57.6427,354
123,166.1257,58144,107.1625,232,107,118.4335,57.3814,350
124,163.8417,62096,106.7875,208,106.62,118.2813,58.1394,379
125,163.9549,58204,107.35,208,107.61,118.5715,57.3451,355
126,166.3006,57540,106.9875,208,106.87,118.0576,57.2576,346
127,163.328,61738,107.2625,216,107.08,118.3184,57.1107,378
128,165.0293,62051,108.35,217,107.79,117.7633,58.5834,376
129,164.8757,58366,108.175,221,107.41,118.9268,56.9681,354
130,163.7699,59776,106.475,219,106.24,118.3689,57.6125,365
131,164.2271,59286,107.4625,224,107.08,117.301,57.0576,361
132,164.3641,58678,106.9625,216,106.89,117.731,57.3696,357
133,163.3722,57507,107.8,219,107.79,118.0212,57.7348,352
134,162.6171,59030,106.45,217,106.78,119.3259,58.1693,363
135,162.602,66179,107.0625,227,107.06,120.0224,58.5738,407
136,162.3376,63961,107.6,244,107.15,120.8898,58.01,394
137,163.7615,56989,107.725,206,107.17,120.8733,57.2865,348
138,162.5028,58826,106.8,201,106.31,120.5687,57.3098,362
139,163.4569,56883,106.8,215,106.53,120.5255,57.8211,348
140,163.7352,58126,108.025,220,107.62,121.7483,57.545,355
141,163.0914,58876,106.8125,213,107.09,120.4098,57.8282,361
142,161.3766,62130,107.275,215,107.04,121.57,58.4033,385
143,161.1343,64776,107.475,209,106.7,122.3547,57.0314,402
144,162.6169,57729,107.475,208,107.17,122.7339,57.4221,355
145,162.345,60230,107.25,215,107.47,123.7099,57.2131,371
146,162.0053,60590,107.425,209,107.05,124.1432,56.9643,374
147,162.5978,59023,106.725,209,106.48,123.7774,56.8547,363
148,162.6374,57411,107.2,210,107.34,124.5874,56.6537,353
149,162.7816,56648,106.775,205,106.3,124.1278,57.3648,348
150,160.6,60225,107.775,211,106.73,124.4878,55.9975,375
151,163.1098,56436,106.925,211,106.73,125.0371,57.1448,346
152,161.4781,62815,106.5875,209,106.52,126.005,57.5563,389
153,162.0056,57836,107,219,107.36,125.6078,57.7577,357
154,160.5328,61163,106.4875,217,107.09,126.0258,57.4188,381
155,162.4864,59795,106.525,227,107.17,126.694,57.8055,368
156,162.3561,56987,107.1,208,106.69,126.1257,56.3544,351
157,162.153,57240,106.775,204,106.78,126.6041,56.6191,353
158,163.2946,57643,108.0125,203,107.38,126.6439,57.6276,353
159,162.0603,59152,107.5375,206,107.57,125.863,57.0847,365
160,162.3208,56163,107.95,217,106.84,126.8611,57.6023,346
161,161.2293,60461,107.0875,217,106.65,126.553,58.1633,375
162,161.0703,61851,106.825,211,106.52,127.0767,57.3763,384
163,160.8155,64487,106.85,216,107.27,127.3877,57.4673,401
164,162.209,57422,106.7375,242,107.12,127.5469,57.5703,354
165,161.449,63288,107.6625,218,106.8,128.0579,57.7324,392
166,161.9347,57001,107.55,206,106.91,128.2635,56.1084,352
167,161.5873,58333,106.1625,209,106.98,127.5687,57.2681,361
168,161.3034,57424,107.525,209,107.41,127.0344,56.3553,356
169,162.9306,58655,107.475,203,107.52,126.7214,56.402,360
170,161.0596,62169,106.625,205,106.94,128.1884,57.7609,386
171,163.0239,61297,107.2,214,107.4,128.6817,57.8865,376
172,161.4205,62954,107.3625,211,107.58,128.9034,57.067,390
173,162.4986,57362,107.425,207,107.06,128.6644,57.3478,353
174,161.8776,62161,106.75,214,107.03,128.2501,58.1055,384
175,162.2439,59868,107.6875,227,106.66,128.6734,57.5085,369
176,162.6601,57419,107.1625,215,107.27,128.4164,57.4366,353
177,163.5057,56900,107.2875,209,106.9,127.4011,57.6478,348
178,161.0804,60083,107.575,213,107.25,128.1911,57.5883,373
179,163.3584,56522,107.85,208,107.82,129.2256,56.9258,346
180,162.0027,60427,106.6875,215,106.53,128.7805,57.6625,373
181,161.3584,66641,107.475,207,107.26,128.917,57.7956,413
182,162.0439,62711,107.2375,211,107.03,129.2708,57.6828,387
183,162.1355,63395,106.9875,211,106.78,129.016,57.5931,391
184,161.7725,61150,107.0375,220,106.91,127.2126,58.3835,378
185,162.2376,58730,107.8375,219,106.53,127.8031,56.8748,362
186,161.4973,60723,107.35,211,106.95,128.8538,56.5314,376
187,162.122,59823,107.1625,215,106.5,128.676,57.2834,369
188,161.5442,58479,106.625,210,106.97,128.0527,56.5658,362
189,161.5307,60574,107.2625,235,106.61,128.5161,56.9224,375
190,161.7661,60177,107.3,212,107.23,129.3242,57.4619,372
191,162.7123,59390,107.1,222,107.48,129.2913,57.5313,365
192,162.3589,59261,107.8125,221,107.05,128.7611,56.6704,365
193,163.15,58734,107.75,223,107.61,128.3296,56.8463,360
194,161.9946,60424,107.1625,250,106.44,128.9977,56.9371,373
195,163.9356,58525,107.0875,216,106.7,128.8252,56.6422,357
196,164.324,58828,107.55,211,107.98,128.4641,56.6463,358
197,164.4957,57738,107.4,220,105.96,128.1154,57.2346,351
198,164.6848,60604,107.2125,224,106.71,128.8196,56.634,368
199,163.8112,61593,106.775,221,106.13,129.4246,55.9388,376
200,163.7973,61424,106.0125,226,107.57,128.0921,56.3566,375
201,164.0054,60518,107.5125,227,107.41,128.1527,56.6625,369
202,163.4347,61288,106.9125,217,106.76,129.246,56.9279,375
203,165.0055,60062,106.95,230,107.61,128.7964,56.3156,364
204,165.7514,57350,106.775,210,108.05,128.7035,55.7834,346
205,164.5474,60718,106.75,212,106.6,128.2811,56.7497,369
206,164.2204,61090,106.6,211,106.77,128.2217,56.5978,372
207,164.9288,60199,107.975,216,106.39,130.0633,56.4161,365
208,164.5703,62043,107.325,228,107.07,130.1807,56.6591,377
209,164.7107,59790,107.475,212,107.2,129.3346,56.8007,363
210,162.615,60818,107.8875,220,106.41,129.4243,57.0881,374
211,162.6975,59710,107,219,106.64,130.9415,56.2073,367
212,163.8297,60617,107.025,212,107.13,131.3842,56.9031,370
213,163.02,57057,107.2125,213,106.71,131.2371,56.7691,350
214,161.7925,68600,107.1,209,106.11,130.7944,56.914,424
215,161.6864,62896,107.4,212,107.36,131.6336,57.2241,389
216,163.3305,57329,107.3375,212,106.33,132.0597,57.4593,351
217,164.5978,58926,107.725,215,106.74,132.5087,57.4251,358
218,164.9857,57745,106.075,228,105.61,131.9659,56.7276,350
219,164.2301,57809,107.2125,229,106.04,132.4216,56.8008,352
220,166.3153,58543,106.925,219,106.56,131.2323,56.6391,352
221,165.6839,63954,107.825,214,107.17,131.3907,56.8483,386
222,166.6848,61340,107.575,229,107.78,131.1671,55.8682,368
223,168.1927,60213,106.6625,221,107,130.3712,55.8662,358
224,166.8224,61057,107.0625,220,106.11,129.3866,55.7397,366
225,167.1519,60509,107.075,221,107.8,131.1748,55.9475,362
226,168.4282,60971,108.0875,232,108.5,131.4514,56.1113,362
227,167.1549,59340,107,237,107.34,131.4796,56.2662,355
228,166.4429,59753,106.9125,222,107.42,131.7429,56.4332,359
229,166.634,62821,108.125,230,107.43,131.9852,55.7194,377
230,165.5639,66060,107.8,216,107.33,132.8789,56.773,399
231,165.5768,61429,106.825,219,106.55,132.3878,56.0219,371
232,166.1441,57652,107.625,219,105.98,131.6306,55.9096,347
233,165.273,61151,106.8,225,106.93,132.2286,56.0492,370
234,163.6824,62363,106.825,208,106.16,132.3771,56.1003,381
235,163.4584,60970,107.3,206,106.94,132.3112,56.8621,373
236,164.8624,58691,107.0125,217,106.39,132.654,57.2934,356
237,165.0776,57447,107.225,204,106.56,131.8016,56.4463,348
238,163.5995,60041,107.45,222,106.57,131.6971,56.7972,367
239,165.5447,59265,107.775,221,107.03,132.9631,57.004,358
240,164.3238,62936,107.3,218,107.13,135.2071,56.5906,383
241,165.3778,59536,106.9625,214,106.84,134.1641,56.4741,360
242,164.5995,66169,107.4375,226,106.8,134.3027,56.6321,402
243,167.871,62448,107.775,223,106.37,134.2032,56.8327,372
244,169.7102,59738,106.875,229,106.87,135.0262,56.8911,352
245,169.2918,59760,106.9375,243,107.12,134.6078,56.7628,353
246,169.0777,63066,107.075,236,106.57,134.0991,56.8178,373
247,171.546,59698,106.9875,235,106.58,134.1937,56.5154,348
248,172.3324,61178,107.55,228,106.34,134.6316,56.8338,355
249,170.6515,63653,107.0125,238,106.58,134.2677,56.6557,373
250,173.8944,62602,106.7,244,106.68,133.5653,56.6595,360
251,173.5354,61258,107.7625,239,106.55,132.5729,56.8584,353
252,174.3746,60508,107.8625,230,107.23,133.1003,56.2205,347
253,173.0344,65407,106.8875,238,107.66,133.4925,56.6859,378
254,172.9155,61385,107.525,244,107.18,133.029,56.7565,355
255,174.781,60649,108.0625,230,108.43,133.1291,56.0426,347
256,173.2269,61842,107.225,245,106.67,133.5826,56.8974,357
257,173.4665,64703,106.9875,242,107.19,132.6473,56.3162,373
258,175.6034,61988,106.9125,240,106.78,132.7691,56.5185,353
259,179.2207,64161,107.7,257,105.74,133.5327,56.2763,358
260,182.4265,63302,107.5375,257,106.63,132.3477,56.1545,347
261,183.2438,66151,106.075,249,107.49,132.4168,55.7675,361
262,183.9834,66418,107.6875,270,107.06,132.9571,55.7971,361
263,184.533,64402,106.475,266,106.42,133.1073,55.5628,349
264,183.4601,66596,106.8625,277,106.3,133.1252,56.0448,363
265,184.8804,68036,106.6375,262,107.09,132.5195,56.1799,368
266,184.0793,64980,106.9625,269,107.09,132.8044,55.5114,353
267,183.6138,63714,107.4875,268,106.19,132.1627,55.9059,347
268,183.0331,66441,106.0875,258,106.88,132.9752,55.749,363
269,184.1576,64271,107.0875,261,106.87,133.1067,56.2444,349
270,183.4444,66040,107.875,278,106.07,133.3985,55.4613,360
271,182.5686,65177,107.3875,247,107.11,133.6836,55.7819,357
272,183.5836,64805,107.0625,290,107.43,133.1542,55.6854,353
273,183.9687,64573,107.925,256,106.82,133.0937,55.5932,351
274,186.4657,65263,106.9875,260,106.72,132.9797,55.5181,350
275,189.4492,67065,107.275,289,107.38,132.157,55.6495,354
276,193.6451,68744,107.15,293,106.31,132.8848,55.2693,355
277,194.5431,67701,107.0625,302,107.67,132.1432,55.511,348
278,197.35,71046,107.7,296,106.71,131.3804,55.3144,360
279,200.6081,69611,106.9,291,107.11,131.386,55.4367,347
280,202.3857,70835,107.1125,335,106.68,131.5083,55.2584,350
281,205.9312,71870,107.075,329,107,131.0511,55.3368,349
282,206.9688,73060,107.2,311,107.84,130.5769,55.5155,353
283,210.0114,73504,107.6625,317,107.46,130.2747,55.4907,350
284,209.8107,74273,107.325,325,107.36,130.0492,55.8432,354
285,211.8,74130,106.8125,321,106.29,129.8444,55.6712,350
286,212.5314,74386,107.6125,333,107.77,129.7067,55.6202,350
287,212.2877,74513,106.8125,324,106.8,129.1303,55.8355,351
288,213.1215,75445,107.2875,334,106.6,129.0985,56.2264,354
289,211.8994,73741,106.7375,313,107.36,128.8303,56.2597,348
290,214.4124,75902,108.05,344,106.85,128.6865,56.451,354
291,212.9887,75611,107.65,336,107.36,128.5476,56.8288,355
292,214.0115,74262,107.15,342,107.45,128.9796,56.8531,347
293,212.4397,73929,106.7875,340,107.28,128.895,57.3396,348
294,209.7803,74472,108.325,332,106.78,128.7591,57.4563,355
295,208.3023,73739,107.4625,325,107.74,128.8327,57.4069,354
296,207.2759,72132,107.475,331,107.81,129.0248,57.8303,348
297,203.7,71295,107.675,312,107.12,129.1048,57.8836,350
298,200.2707,70295,107.125,327,107.26,128.7951,58.3252,351
299,198.5419,71078,107.4125,322,107,129.1796,58.4824,358
300,194.3542,71328,107.0125,295,107.1,130.03,58.7925,367
301,193.6573,68942,106.575,290,107.69,129.0738,58.6964,356
302,191.1717,69013,107.6875,293,107.46,129.3499,58.7279,361
303,190.9029,66816,108.025,299,107.1,130.028,58.6513,350
304,189.5141,67088,108.0375,274,106.78,131.1052,59.4982,354
305,186.7077,65161,107.225,290,107.21,131.4523,59.4847,349
306,186.9031,65603,106.95,269,107.17,131.4606,59.3061,351
307,186.2244,65551,108.05,280,107.1,131.4211,59.4763,352
308,184.6848,67964,107.2375,272,106.94,132.3618,60.0008,368
309,183.1077,66285,108.25,267,107.07,133.4149,59.963,362
310,183.1704,65575,107.4125,275,107.03,133.7985,60.0218,358
311,183.6127,63530,108,273,106.63,134.0844,59.8003,346
312,181.9342,66406,107.675,267,106.68,134.7827,60.3549,365
313,185.3477,64501,107.5875,266,106.87,135.1811,60.0075,348
314,182.2606,68530,108.2125,265,106.75,135.344,60.6861,376
315,184.3851,64166,108.0125,266,106.89,134.4202,59.7627,348
316,185.5891,64585,108.25,269,106.92,134.573,59.9538,348
317,185.4222,66752,108.175,280,107.16,134.5382,59.7765,360
318,186.9014,66350,107.7625,276,107.03,134.422,59.8928,355
319,187.7686,65719,107.4625,266,107.7,134.8622,59.8683,350
320,186.9576,66183,108.0875,278,107.58,134.3353,59.7026,354
321,188.44,65954,107.325,271,107.4,133.8783,59.9844,350
322,187.5371,65638,108.2375,263,107.1,134.5271,59.8324,350
323,189.6301,65612,108.0125,270,106.55,134.3793,59.5576,346
324,188.7819,66640,108.475,293,106.98,133.5991,59.2863,353
325,189.9887,67066,108.1625,287,106.94,133.7316,59.7011,353
326,191.7386,67492,107.7875,306,107.5,133.8642,59.9358,352
327,193.4278,68280,106.95,303,107.23,133.5765,59.5341,353
328,195.6705,68289,107.025,302,107.65,133.1751,59.6919,349
329,197.0402,68570,107.5875,312,106.69,133.0836,59.2782,348
330,197.2486,69037,107.9625,297,106.78,132.6153,59.5764,350
331,199.6494,69478,107.9375,295,106.43,132.3814,59.5016,348
332,200.7723,69668,108.6,328,107.23,132.4154,59.352,347
333,198.688,74508,107.85,301,106.41,132.9111,59.5464,375
334,200.2845,72503,107.425,297,107.57,131.8998,59.2562,362
335,201.3314,71070,107.525,339,107.33,131.5654,59.309,353
336,199.5989,69660,107.8875,302,107.13,131.5264,59.0562,349
337,198.7931,69180,107.6,343,108.04,131.1519,59.3648,348
338,192.832,72312,108.65,295,107.22,131.0189,59.4631,375
339,195.702,68300,106.775,297,107.5,130.7572,59.2347,349
340,194.8854,68015,108.525,286,105.85,130.2937,58.7511,349
341,194.9235,68808,107.1,290,106.96,130.1219,59.1954,353
342,195.1028,70237,107.7375,296,106.6,129.5597,58.7676,360
343,192.6576,70898,107.15,304,107.12,129.3022,58.4616,368
344,193.0951,67004,108.25,300,106.06,128.7864,58.3933,347
345,189.16,66206,107.8375,266,107.82,128.5085,58.3906,350
346,185.3703,68587,107.95,279,107.73,128.7615,58.5228,370
347,184.6138,64061,107.1125,276,107.62,127.8986,58.7367,347
348,182.1686,63759,107.875,283,107.94,128.2333,58.8325,350
349,179.5761,66084,106.7,268,106.44,128.7169,58.6683,368
350,179.7794,62743,108.2,280,106.5,128.583,59.188,349
351,176.8333,64721,106.4,257,107.53,127.7351,58.6477,366
352,176.6472,63593,107.3,249,106.9,127.5983,59.1372,360
353,175.514,62483,107.55,245,106.87,127.139,58.4517,356
354,174.9802,61943,107.8125,257,107.21,126.9602,57.9149,354
355,174.6886,61141,108.2625,250,107.05,126.5299,58.8302,350
356,173.7299,60458,107.0625,251,106.85,126.3716,58.544,348
357,174.0459,64397,108.525,245,107.32,124.8731,58.0158,370
358,173.7541,64289,108.4375,270,108.55,124.6725,58.5669,370
359,172.0399,60386,106.925,247,106.78,123.873,57.6038,351
360,171.708,62330,107.8,255,107.6,124.9004,58.8056,363
361,170.32,63870,107.7,239,106.94,124.8594,59.4826,375
362,171.4236,59484,107.35,240,107.12,123.6294,59.1839,347
363,170.1505,63296,107.1875,244,106.66,123.5442,58.2459,372
364,172.6322,60076,107.4375,234,106.34,123.369,58.4188,348
365,171.3271,63905,107.575,239,107.27,123.1354,57.8072,373
366,172.5457,62289,106.25,264,105.48,123.1534,57.3512,361
367,171.7989,61504,107.65,256,107.51,122.8194,58.3156,358
368,173.273,60299,107.0375,256,107.01,123.1005,57.9035,348
369,172.7904,60995,107.7,254,106.83,122.6365,57.3545,353
370,170.9237,64951,107.35,248,106.78,122.4959,57.7515,380
371,169.7784,59762,106.7375,235,106.45,122.7398,58.3284,352
372,171.069,59532,107.0875,236,107.17,121.5164,57.6161,348
373,171.1379,59556,107.0625,233,107.03,120.9045,57.6735,348
374,170.4719,60688,107.1125,241,106.79,120.9288,58.2947,356
375,170.1695,60240,107.35,242,107.51,120.2274,58.277,354
376,169.0499,64408,108.6875,234,108.27,120.2472,58.5142,381
377,168.5791,62880,107.4375,233,107.3,120.3904,58.8746,373
378,167.906,58935,107.525,248,107.21,120.0245,57.602,351
379,168.2493,59392,107.075,241,106.86,119.3837,58.0986,353
380,167.8989,59772,107.2375,241,106.79,118.3093,58.208,356
381,165.6069,62765,106.925,223,106.58,118.8293,58.2882,379
382,167.7593,58548,107.65,224,106.94,119.0879,59.1322,349
383,167.7179,58869,107.85,254,106.81,119.8491,58.3407,351
384,165.688,59482,107.1125,251,106.99,118.6423,57.6783,359
385,166.0055,60260,106.4375,233,106.7,118.5719,58.3676,363
386,165.2091,61623,107.925,242,107.64,118.61,58.6787,373
387,163.7575,60099,106.7,231,106.85,118.082,58.4639,367
388,166.3573,57726,106.825,224,106.94,118.3104,58.753,347
389,164.4005,65267,107.5375,244,107.73,118.5449,58.8843,397
390,164.5602,58748,106.7375,222,106.81,117.2294,58.687,357
391,164.8857,57710,107.075,246,107.15,117.7336,58.3684,350
392,163.9309,61638,106.7125,235,106.44,117.8651,58.2857,376
393,164.6676,58951,107.6125,224,106.68,117.2921,57.9906,358
394,164.5014,58069,106.4625,235,106.72,116.8665,58.5526,353
395,164.7535,58158,107.0625,221,107.33,117.3034,58.9079,353
396,163.7708,62888,107.6,241,107.03,117.163,58.7256,384
397,163.4815,61796,107.125,236,106.93,117.8997,57.9665,378
398,164.0184,62327,108.1125,220,107.95,117.5448,58.339,380
399,163.8115,59955,107.475,213,107.37,116.2204,58.8871,366
400,162.9141,58812,107.0125,223,107.2,116.3614,58.6295,361
401,163.3545,56684,106.9125,226,107.08,116.3878,57.7344,347
402,166.1268,57646,108.6625,215,108.4,116.2496,58.5909,347
403,164.5602,58748,107.1125,237,107.28,115.7223,57.8974,357
404,164.272,57988,107.0875,215,107.51,115.6879,58.534,353
405,162.4676,60113,107.1875,221,106.7,115.3707,59.8879,370
406,162.6826,57915,107.7625,216,107.29,115.2478,58.6126,356
407,162.2425,59543,107.2625,226,106.75,114.8702,58.565,367
408,161.9717,63007,107.7375,224,106.97,113.7897,59.4286,389
409,162.371,60402,106.725,221,106.6,114.1819,59.5909,372
410,161.6829,63218,107.5625,224,107.67,114.6364,59.1336,391
411,162.2351,57269,107.225,225,106.94,115.6456,59.1263,353
412,163.5014,57716,107.3,221,107.13,114.6415,60.1516,353
413,163.366,56688,107.1125,236,108.1,114.454,61.5435,347
414,162.1519,58699,106.8125,209,107.41,114.7522,59.3415,362
415,161.269,59347,106.5125,222,107.64,112.6444,59.5704,368
416,160.1797,61509,107.75,228,107.39,112.3618,59.0987,384
417,162.3029,60539,107.2875,226,107.47,113.3214,59.7462,373
418,160.235,64094,107.3125,218,107.09,114.2124,60.4887,400
419,162.0126,64319,108.15,221,108.02,113.8874,60.597,397
420,161.594,59305,107.4125,226,106.81,112.6294,59.905,367
421,162.3853,57322,107.2375,206,107.49,112.5649,58.9594,353
422,162.3287,58276,107.275,221,107.71,112.1743,59.4054,359
423,162.3031,57293,107.5625,222,106.98,111.3814,59.4067,353
424,161.7064,58376,106.5375,224,106.65,111.8919,60.0949,361
425,162.5356,57050,107.825,213,107.63,112.0219,59.6163,351
426,161.8583,59402,107.2125,218,107.26,111.4844,58.8635,367
427,160.9732,60043,107.225,221,107.28,111.305,58.6121,373
428,160.5813,60218,107.1125,212,106.89,111.2432,59.7127,375
429,161.6534,56902,106.8375,223,106.78,110.5168,60.5202,352
430,160.0997,60998,107.175,221,107.38,109.6825,60.1585,381
431,161.36,60510,107.2375,233,107.36,110.4753,60.1396,375
432,162.3515,59583,106.6125,226,107.51,110.7155,60.1779,367
433,161.6694,59656,106.9125,220,107.34,109.8427,60.0767,369
434,162.429,57175,106.925,220,107.81,110.2787,59.4755,352
435,163.095,58388,107.175,217,107.1,109.9938,59.6175,358
436,162.116,58686,106.575,236,106.81,109.4847,59.2986,362
437,161.6695,56261,107.3,232,106.91,109.6743,59.9468,348
438,160.9243,59542,107.2125,236,107.4,109.4191,59.4964,370
439,163.1734,56458,107.8,212,106.89,109.2405,59.2258,346
440,161.9633,57335,107,226,107.6,109.2318,59.5964,354
441,162.267,59552,107.875,220,107.31,109.6556,59.4018,367
442,162.5874,56743,107.6125,221,107.3,110.1452,59.1187,349
443,163.4358,58510,107.4125,241,107.7,109.2603,59.5802,358
444,162.9697,59158,106.45,209,107.65,109.4755,59.836,363
445,161.4096,60690,107.075,235,106.97,109.2627,60.4185,376
446,160.7338,64615,107.5625,231,106.98,109.7458,60.8102,402
447,161.09,62664,106.2125,219,106.83,109.8161,60.7898,389
448,162.8276,56664,107.375,218,107.37,109.1992,60.2077,348
449,161.683,56104,107.725,216,107.24,109.4107,58.965,347
450,162.7352,57771,107.3,231,107.21,107.8975,59.5941,355
451,161.202,63030,106.3625,226,106.94,107.9964,60.2866,391
452,160.992,60050,107.0875,217,107.24,108.9529,59.8682,373
453,161.2535,57245,107.0125,210,108.33,108.356,59.2415,355
454,161.5648,56063,106.5625,229,107.07,108.9729,58.946,347
455,162.1354,58693,106.7125,220,107.19,110.2455,58.6627,362
456,161.3104,58717,106.9625,211,107.22,111.6676,59.2604,364
457,162.2597,58738,106.9125,207,106.33,113.2856,58.4322,362
458,161.6387,57705,106.8625,216,106.63,113.7119,58.5162,357
459,162.3902,56187,107.0125,217,107.3,115.4361,58.1749,346
460,161.0027,59571,107,218,107.12,116.6529,58.4448,370
461,161.2,62868,106.5875,246,106.29,117.1488,58.7779,390
462,160.7825,60615,107.25,230,107.12,116.7513,58.1637,377
463,160.4432,59364,107.2625,212,107.09,116.9656,59.2141,370
464,161.3287,57917,107.0875,202,106.84,118.3695,59.3615,359
465,161.9088,58611,107.075,233,107.08,118.9124,59.4409,362
466,160.6714,56717,107.7125,223,107.42,118.5821,59.0466,353
467,160.7059,62836,107.325,220,106.97,119.3356,58.897,391
468,161.5096,58951,107.0875,211,106.7,118.3379,57.9231,365
469,160.6769,57683,107.55,217,107.07,118.0422,57.9499,359
470,162.5534,57869,106.8625,213,106.96,119.141,58.552,356
471,160.8264,58380,106.8875,205,106.92,119.074,58.4636,363
472,160.6567,58961,107.2625,238,107.11,119.3006,57.9983,367
473,160.6612,58320,106.0625,225,106.47,119.6536,58.2532,363
474,159.2725,65461,106.8125,207,106.48,120.4168,59.0426,411
475,161.3434,64376,107.7875,210,107.25,120.5372,59.4592,399
476,160.1377,61653,108.175,217,107.83,120.1636,59.5515,385
477,159.4403,64095,106.6875,220,106.59,119.3171,58.9068,402
478,161.9086,56668,108.7625,209,108.36,119.5161,58.713,350
479,160.4605,58889,107.3875,207,107.58,119.4482,58.7039,367
480,161.4946,60076,107.5625,209,106.87,119.6046,58.9155,372
481,160.1877,57187,107.075,201,106.84,118.1954,58.4491,357
482,160.5406,57313,107.4625,211,107.81,117.609,58.1735,357
483,159.7027,59090,107.125,210,106.74,118.7416,58.698,370
484,160.7635,56428,107.975,229,107.56,119.5449,57.9622,351
485,160.8596,57266,106.4875,216,107.02,119.6468,58.0273,356
486,159.6855,64992,107.375,205,107.18,119.7033,59.4044,407
487,160.1016,61479,107.55,221,107.35,119.6335,59.7233,384
488,158.9855,65820,107.525,205,106.87,120.4039,59.7419,414
489,161.1236,56071,106.4875,218,106.53,120.5397,58.6145,348
490,161.3612,59865,106.975,210,106.29,119.9482,58.854,371
491,160.7421,56099,106.725,207,106.99,118.9017,58.024,349
492,159.7688,55280,106.9,202,106.79,119.441,58.604,346
493,160.5232,58912,107.775,212,107.58,119.2083,59.3229,367
494,160.5345,65177,107.1875,217,107.4,119.7699,59.0839,406
495,162.2717,56146,106.7,228,107.08,119.3462,58.7678,346
496,159.4793,65546,107,226,106.94,119.711,58.6507,411
497,162.3603,58125,107.225,214,108.03,120.6282,58.2562,358
498,160.6695,55913,108.15,203,107.76,119.9598,57.9909,348
499,161.4631,56835,107.4625,222,107.39,119.9797,57.6249,352
500,160.3668,60779,106.825,224,106.67,119.7532,58.3906,379
501,160.4714,56165,108.5,205,107.73,119.353,57.6765,350
502,160.5963,60063,107.575,216,107.32,119.7797,57.8146,374
503,160.9352,57132,106.7375,208,107.21,119.6959,58.3099,355
504,159.4934,60767,107.0625,211,106.84,119.4922,59.5498,381
505,160.7479,56744,107.425,233,107.37,118.7245,59.28,353
506,160.6201,57502,107.45,218,107.15,118.5384,57.7168,358
507,160.2686,60261,106.625,212,106.35,118.805,58.2547,376
508,159.7108,65162,106.8375,215,106.1,119.9956,59.3353,408
509,161.0027,58927,107.1625,209,107.34,120.4323,58.4846,366
510,161.0992,60090,107.6375,212,107.3,119.1523,58.9501,373
511,160.85,61123,107.0875,216,106.9,119.2725,58.908,380
512,159.1206,67308,107.3,217,106.33,120.0897,59.139,423
513,161.4626,58288,107.4,220,107.2,120.5192,58.7359,361
514,161.4262,59082,106.975,212,107.19,120.2052,57.6746,366
515,161.1924,59480,107.2,219,107.07,119.4383,57.5617,369
516,160.3305,57238,107.25,221,107.34,118.7312,57.9054,357
517,162.2904,59236,107.875,229,107.06,119.5579,57.5525,365
518,160.2842,60908,107.65,209,107.48,120.0776,58.6565,380
519,160.903,59695,107.8875,209,107.75,120.0697,57.998,371
520,160.7039,57532,107,213,106.81,120.3803,58.6028,358
521,160.4451,58402,107.5375,216,107.62,119.8672,58.2824,364
522,161.008,60056,107.2125,212,107.2,119.7363,58.5005,373
523,160.0859,57791,106.7125,212,107.07,117.469,58.33,361
524,161.2592,57247,107.475,232,107.62,118.3634,57.6908,355
525,159.5788,64789,107.3,209,107.43,119.381,58.0603,406
526,161.3861,58099,106.7,213,106.58,120.0273,58.661,360
527,162.0865,56244,106.8875,209,107.3,120.89,58.5728,347
528,161.6263,60125,106.725,220,106.87,119.9866,56.7622,372
529,160.9272,59704,107.5125,226,107.66,119.4706,57.4778,371
530,163.0056,57704,108.575,220,108.45,119.539,57.6574,354
531,163.0224,58199,106.9625,220,107.12,119.3462,58.6255,357
532,161.9693,57985,107.6,219,107.43,119.6752,58.3466,358
533,161.3482,57924,107.8875,228,107.27,119.8187,58.2594,359
534,159.9543,63022,107.3875,223,107.11,120.3009,58.0784,394
535,161.5678,57195,106.9375,218,106.6,120.1711,58.1341,354
536,159.8375,58021,107.7125,217,107.14,120.2095,58.182,363
537,160.2793,60265,107.325,211,106.9,120.3084,58.7692,376
538,162.28,56798,107.725,209,107.47,119.2359,59.3934,350
539,161.6455,56091,107.7375,243,107.97,120.2031,57.6826,347
540,160.0743,60348,106.4875,213,106.38,120.1622,58.1007,377
541,160.4499,59206,107.125,233,106.87,120.3633,58.1129,369
542,159.0955,66661,106.875,212,106.95,120.4005,58.973,419
543,160.1649,61183,107.0625,212,106.48,120.2877,59.1628,382
544,160.4079,60955,107.6,212,107.62,120.8119,59.5013,380
545,160.4151,59514,107.1875,205,107.09,120.5209,58.991,371
546,159.8464,57225,106.25,202,106.47,120.6515,58.0576,358
547,159.7394,60062,107.2,211,106.5,120.5418,58.5201,376
548,160.4432,59364,107.0375,218,107.06,120.4592,58.2125,370
549,159.962,58866,107.725,205,107.6,120.5152,57.8105,368
550,159.0026,62329,107.1375,214,107.26,121.0754,58.9433,392
551,160.5798,60378,107.3,199,107.17,120.9887,58.6629,376
552,158.9389,57218,107.4375,206,107.41,120.5927,57.8226,360
553,159.2981,58781,106.6125,225,106.5,119.8782,58.1023,369
554,160.0474,57457,106.8875,215,107.14,120.5327,58.9138,359
555,160.1439,65659,107.275,219,106.95,121.1283,59.3285,410
556,159.6243,55230,107.15,200,107.29,119.5807,58.422,346
557,160.1894,57508,106.3125,211,106.99,120.0556,57.8741,359
558,159.6466,55557,106.4375,217,107.13,119.0901,59.1448,348
559,160.3994,58225,107.15,205,106.12,118.9492,59.7637,363
560,159.4661,56451,107.45,213,107.27,119.7481,57.8683,354
561,160.2356,55762,107.55,207,107.64,119.5083,57.6005,348
562,159.5647,57922,106.4,205,106.48,120.343,58.5201,363
563,158.4032,69539,107.7375,213,107.52,120.8354,59.4409,439
564,160.0027,59681,107.425,206,106.77,120.8835,59.2095,373
565,161.2459,59016,106.4875,207,106.19,120.5178,57.9741,366
566,160.9272,59704,107.1375,229,106.9,119.9622,57.8831,371
567,159.6981,59248,107.7375,201,107.36,118.5332,58.3791,371
568,160.9449,61320,106.5,242,106.42,119.2837,57.5743,381
569,160.2519,62338,106.9875,215,106.73,119.5869,57.8085,389
570,161.3288,59369,106.7625,212,106.74,120.2503,58.1792,368
571,161.7694,60340,106.5625,211,106.96,120.0312,58.7891,373
572,159.9432,59179,107.4,223,107.25,118.9159,58.5302,370
573,162.0549,56071,107.2,228,107.21,119.3145,57.4643,346
574,160.6753,62342,106.8875,214,106.74,119.4315,58.4795,388
575,161.0171,56356,106.775,224,106.85,119.8065,57.8306,350
576,160.147,61016,106.75,214,106.78,119.6186,57.5436,381
577,161.6594,59329,107.575,217,107.37,119.487,57.5311,367
578,161.5288,58958,107.2,219,107.22,119.8227,57.932,365
579,162.1676,58056,107.0125,215,106.87,119.884,59.3344,358
580,161.6713,58525,106.4875,211,106.46,119.3426,60.3021,362
581,161.7249,56442,107.65,222,107.08,119.3881,57.9136,349
582,160.7206,61556,107.625,218,107.62,119.0401,58.0428,383
583,162.5169,57856,106.75,209,106.41,119.5375,58.7873,356
584,161.4533,60545,107.4625,217,107.44,119.7443,57.7123,375
585,159.9287,65091,106.3625,208,106.08,119.7291,57.9865,407
586,162.7644,59409,107.175,210,106.89,120.0184,59.0966,365
587,162.8107,57635,107.1875,212,106.97,119.9211,59.1247,354
588,161.493,57653,106.125,218,106.47,119.8112,58.5809,357
589,162.2422,56947,107.975,216,107.53,120.024,58.6994,351
590,161.6515,60296,107.05,221,107,120.6628,58.0058,373
591,160.359,66549,106.8,212,106.44,120.1155,58.7288,415
592,162.6877,56778,108.05,207,107.85,118.6712,59.5807,349
593,161.4711,58614,107.325,209,106.75,119.2517,58.4864,363
594,160.381,60624,106.4375,207,106.55,118.3549,58.0238,378
595,160.3156,57393,107.0625,213,107.28,118.7755,58.3694,358
596,162.1968,60175,106.4875,212,106.71,119.2047,59.0244,371
597,159.4651,68570,107.2875,212,106.79,119.9592,59.7997,430
598,161.2559,61116,107.325,206,106.61,119.2977,58.9313,379
599,161.7095,62905,106.9125,214,106.4,118.6175,58.5689,389
600,160.6061,57497,107.0875,213,107.37,118.7701,58.5471,358
601,161.2044,59162,107.5625,216,107.29,118.341,58.2769,367
602,162.9741,56715,108.35,211,108.72,119.1818,58.6865,348
603,162.6925,58732,106.9375,212,107.1,120.4981,58.4664,361
604,160.2968,64279,106.5375,245,106.7,120.2144,58.3871,401
605,162.6225,56430,107,213,106.74,118.0702,58.5579,347
606,160.585,57650,106.825,212,107.44,118.1518,57.419,359
607,160.989,58439,107.475,212,107.48,119.3348,57.3179,363
608,161.9725,58958,106.1,217,106.34,119.9101,57.6543,364
609,161.8284,60362,106.3625,220,106.84,119.279,58.3465,373
610,164.5583,60722,107.1,212,106.79,118.8023,59.0193,369
611,164.2926,57831,106.575,225,106.47,118.2806,57.9392,352
612,164.1944,59110,106.5,218,106.83,118.1626,57.0656,360
613,163.5395,62145,108.8875,218,108.83,118.6031,58.1014,380
614,164.1929,60423,106.9375,219,107,118.4935,58.4381,368
615,164.3739,58024,106.8375,218,107.29,118.3481,58.03,353
616,166.5833,57971,108.3125,212,108.03,118.5305,57.7841,348
617,165.5157,58096,107.425,223,107.74,117.5902,57.672,351
618,165.3989,58882,107.55,230,107.27,117.9595,57.6693,356
619,165.9945,60090,107.4125,223,107.96,117.768,56.594,362
620,165.7003,60812,106.125,218,106.48,118.2002,57.5909,367
621,165.5881,58287,107.1875,211,107.34,118.7895,57.9647,352
622,165.6233,59790,106.4375,214,106.82,119.115,57.7381,361
623,164.4945,59876,106.95,215,106.75,118.7743,57.7815,364
624,163.5836,57745,106.6875,231,107.05,117.7457,58.0531,353
625,163.9801,57557,107.175,222,107.53,118.0322,57.7203,351
626,163.8442,57837,106.4,221,106.74,119.2626,57.8039,353
627,162.6896,59219,106.975,219,106.62,118.9954,57.106,364
628,161.9525,61380,106.925,217,107.22,118.7366,57.8507,379
629,162.8449,60904,106.6125,224,106.31,118.5771,58.2463,374
630,162.2082,59206,106.725,223,106.77,118.8782,58.3998,365
631,162.4637,58162,107.1125,220,107.45,118.4665,57.6716,358
632,161.6095,61250,106.9625,230,107.63,117.7426,58.3029,379
633,162.639,56761,106.725,209,107.64,118.8711,57.7768,349
634,161.1868,61251,106.825,227,107.44,118.7201,58.5235,380
635,161.5957,59952,106.875,225,106.7,119.0332,58.0967,371
636,161.4471,61027,107.3375,218,107.86,119.2114,58.9807,378
637,161.782,59374,106.3625,227,106.58,118.58,58.5902,367
638,161.3807,60195,107.2375,222,107.01,117.4536,58.8052,373
639,163.5491,56588,108.275,220,108.23,117.4135,58.8906,346
640,163.1532,56451,107.8125,219,107.66,117.5913,58.3382,346
641,162.6506,64247,106.75,246,106.54,117.3993,58.7724,395
642,161.9576,61058,108.1,209,107.72,118.2885,59.1975,377
643,162.078,58186,107.3125,222,107.07,117.1548,58.0092,359
644,162.7809,57950,106.5375,215,106.47,116.4651,57.9449,356
645,162.9834,59000,107.0375,223,107.07,115.9544,58.6347,362
646,163.0583,58701,107.025,222,107.58,117.2169,58.9443,360
647,162.429,60586,106.4125,224,106.23,117.6963,58.0971,373
648,161.0576,64262,107.9375,203,107.14,117.7305,58.6153,399
649,160.8519,66271,107.475,218,107.17,117.6239,59.9047,412
650,162.1136,57064,107.4375,219,107.12,117.868,57.7795,352
651,161.5522,58805,107.05,207,107.19,117.7611,58.3241,364
652,161.9595,56038,106.775,214,107.36,118.2261,57.9447,346
653,161.9451,58948,106.9,206,107.45,118.0082,59.2162,364
654,162.2373,60839,106.475,210,106.65,117.6026,58.9621,375
655,162.1124,57712,107.775,215,107.4,117.0708,58.642,356
656,162.3541,60071,106.925,220,107.6,117.6416,58.7809,370
657,161.7423,57742,106.3375,214,106.26,116.2952,58.4775,357
658,161.0457,59909,106.4875,227,106.52,116.2627,58.8515,372
659,160.8069,60785,107.2375,217,107.63,117.1236,59.0857,378
660,160.5323,64534,106.2875,225,106.56,116.7366,59.532,402
661,161.7808,59050,107.7875,215,106.91,117.5151,59.4934,365
662,162.6295,58384,107.8,231,107.4,116.9884,59.1814,359
663,162.8371,57970,107.675,228,107.48,117.4472,59.012,356
664,162,58482,106.25,222,106.43,117.7829,58.5657,361
665,162.2034,56609,106.75,216,106.64,117.8404,57.9732,349
666,161.2137,61100,106.9625,204,107.18,116.5893,59.0514,379
667,160.8538,61607,107.3125,211,106.44,116.1439,60.2324,383
668,160.0573,67064,107.575,211,107.32,116.5783,60.0837,419
669,160.3601,61899,106.8,221,106.57,117.1795,58.9233,386
670,162.3218,56488,106.95,208,107.34,116.8498,58.0631,348
671,159.5422,62381,106.775,209,106.58,116.8289,58.628,391
672,161.0605,63941,107.3625,212,106.22,117.0197,60.005,397
673,161.8595,58755,107.375,211,107.85,117.0679,58.6084,363
674,161.2306,62235,106.5875,207,106.68,116.8157,59.3766,386
675,162.2216,58562,107.65,213,107.44,117.321,59.0965,361
676,163.0201,56894,107.7875,218,107.54,117.592,57.7186,349
677,162.0824,57053,106.825,218,106.87,117.0567,58.6333,352
678,162.8832,57172,106.25,221,106.47,116.8159,58.8067,351
679,161.4144,60369,106.9875,219,107.31,115.9133,58.2323,374
680,161.4758,60069,106.8375,227,106.7,116.5485,58.8943,372
681,161.6081,63512,107.55,221,107.14,117.0763,59.6679,393
682,162.2427,72198,107.375,220,106.27,117.9876,59.6196,445
683,163.123,62313,107.5,220,107.35,117.88,58.8198,382
684,164.0382,64467,107.7125,227,106.93,117.9526,58.8154,393
685,163.7232,62706,106.625,208,107.12,117.658,58.4441,383
686,164.2016,61083,106.375,227,106.36,117.0149,57.8066,372
687,165.3343,58859,106.675,231,106.9,117.4913,57.7421,356
688,165.1011,60427,106.6125,233,106.72,117.8022,57.8301,366
689,165.7577,58844,107.3625,249,106.89,118.1436,57.9194,355
690,166.616,58149,107.175,231,106.91,119.9338,57.4373,349
691,165.5259,60748,107.125,236,106.97,120.2384,57.9909,367
692,166.3248,58380,106.2375,217,106.53,120.3238,57.3603,351
693,165.7729,59844,107.5375,217,106.96,121.3536,57.4871,361
694,167.842,58409,106.65,224,106.63,121.8614,56.753,348
695,168.4905,61836,107.175,226,107.05,123.5731,57.1186,367
696,170.4986,60527,106.9875,222,106.61,122.7152,56.5799,355
697,171.2563,60796,108.075,239,107.28,123.6989,56.4369,355
698,171.6936,61638,106.575,246,106.46,123.7157,56.125,359
699,171.9384,61382,107.5125,241,106.91,124.4605,56.8981,357
700,170.1161,64474,107.0375,238,107.19,125.1852,56.158,379
701,171.49,59850,107.0125,240,106.65,125.9698,55.7364,349
702,171.1105,61942,106.8875,227,107.39,126.2584,55.9535,362
703,171.9518,60699,107.025,266,107.12,126.573,56.0344,353
704,173.0401,60391,107.375,263,107.33,127.1633,55.4563,349
705,173.2,61486,108.3625,242,106.87,127.2208,55.4986,355
706,170.8895,64938,107.325,228,107.1,127.6983,56.2805,380
707,172.5087,59688,107.225,246,106.97,127.6733,55.2788,346
708,174.986,62295,107.7375,245,108.52,127.6849,56.077,356
709,174.51,61253,107.025,249,107.13,127.6784,55.5805,351
710,174.2318,62375,107.45,245,106.57,127.5003,56.1376,358
711,176.5743,61801,107.1125,248,107.91,128.6183,55.942,350
712,179.604,62143,106.8875,257,107.25,129.2948,55.2242,346
713,181.4543,63509,106.65,252,107.08,128.6767,55.3767,350
714,184.0286,64410,106.675,268,107.39,128.5015,55.0752,350
715,184.7881,65415,107.5125,266,107.23,128.5322,55.1628,354
716,187.4131,65782,109.0375,286,107.77,129.0444,55.2961,351
717,188.7335,68699,107.6625,277,107.58,128.8717,55.682,364
718,192.7131,67835,106.6,275,107.46,128.9267,55.0825,352
719,193.6932,68180,107.3875,296,106.76,128.5906,55.0045,352
720,193.2228,69367,107.675,291,106.99,129.1898,55.5144,359
721,190.8616,67565,106.7125,276,106.52,129.2883,55.0788,354
722,188.8254,67033,107.0375,284,106.99,129.0548,55.159,355
723,187.764,66844,108.05,278,107.94,129.7288,55.7454,356
724,185.3686,68401,106.9,296,106.84,129.7844,55.5015,369
725,183.2133,63575,106.95,257,107.02,129.1903,55.2804,347
726,181.8771,65112,106.9375,278,107.31,129.6428,55.1502,358
727,177.6061,69444,106.7875,241,107.59,130.537,55.9545,391
728,177.2343,62032,107.9,257,106.9,129.7971,55.4505,350
729,174.9887,61946,106.9625,244,106.27,129.6602,55.5256,354
730,173.9547,61406,106.4125,238,106.96,130.6714,56.0903,353
731,172.8182,60832,107.2875,251,106.42,130.59,55.4263,352
732,171.2776,60461,107.5875,230,106.96,130.5617,56.0623,353
733,170.5086,59337,107.975,227,106.42,130.6445,56.3252,348
734,170.4913,58990,106.875,231,106.62,131.8185,56.004,346
735,167.8975,60611,106.05,227,106.68,132.4887,56.0714,361
736,167.414,62278,107.975,230,108.23,132.759,55.9454,372
737,168.4699,58796,107.6875,252,106.84,133.1737,55.6855,349
738,164.7673,59481,107.6625,221,107.78,133.6689,56.5892,361
739,165.2459,59819,107.4875,227,107.1,133.7125,56.1539,362
740,164.9693,59059,107.3,223,107.55,133.7021,55.9985,358
741,163.8733,59486,107.4875,225,107.06,133.827,56.9919,363
742,162.8506,64326,107.15,224,107.28,134.2322,56.7094,395
743,162.5714,64866,106.875,215,106.18,134.6948,57.1031,399
744,162.0243,60111,106.9375,209,106.47,135.072,57.1532,371
745,163.4143,57195,106.675,215,106.8,135.2527,57.0166,350
746,162.7732,59575,107.3875,224,106.51,136.0375,57.476,366
747,164.0393,58398,107.0375,210,106.37,136.0318,56.7797,356
748,162.2101,60991,107.525,212,106.84,136.6329,56.9403,376
749,164.1935,60259,108.05,237,106.12,137.0592,57.7123,367
750,161.9923,63339,106.9125,232,107.06,136.981,57.2305,391
751,161.5601,63170,107.3375,213,107.16,137.4605,57.0046,391
752,163.0894,60180,107.475,207,107.35,137.2722,56.9681,369
753,162.2633,57928,107.425,218,106.72,137.8488,56.8696,357
754,162.224,60834,107.5,235,106.47,138.5431,56.6817,375
755,163.2642,57469,106.6625,216,106.64,139.1949,57.0746,352
756,162.6028,57724,108.1875,207,106.47,138.9793,57.3507,355
757,161.8476,58427,107.9,215,107.59,138.6329,57.2236,361
758,161.717,59997,107.0875,207,106.73,140.121,57.0743,371
759,161.9093,57154,108.2,222,106.79,138.9375,56.2146,353
760,160.8403,57420,107.2,225,106.49,139.6803,56.6445,357
761,161.705,61933,108.2125,210,107.71,140.2464,57.7869,383
762,161.7143,58864,109.3625,219,107.41,139.8882,55.8419,364
763,161.9343,56677,107.275,237,107.2,139.871,56.5313,350
764,162.1534,57078,107.525,218,106.45,139.7656,57.1207,352
765,161.3973,60524,107.3125,215,105.81,140.2893,57.3353,375
766,161.5726,61236,106.5375,206,107.41,141.2968,56.9867,379
767,162.0943,56733,107.1,207,106.24,140.3645,57.6781,350
768,161.0352,59422,107.7,222,106.91,139.6063,56.675,369
769,160.6006,57495,105.8375,215,107.02,137.8569,57.4476,358
770,162.0432,56229,107.05,222,107.14,138.0551,57.6719,347
771,161.875,56980,107.275,214,106.9,137.9029,57.9503,352
772,161.7437,57419,106.9375,219,107.21,137.1929,57.1091,355
773,162.9944,58026,107.1625,230,107.23,136.4693,57.2131,356
774,162.1413,58533,106.4875,219,107.05,135.9294,57.7099,361
775,161.0691,62978,107,218,107.45,136.7565,58.5715,391
776,161.4674,56998,107.2125,208,107.13,137.5538,58.7726,353
777,162.7216,57278,106.9625,223,107.64,136.4196,57.8389,352
778,161.5644,58971,107.525,219,106.53,135.3093,57.6715,365
779,161.75,56936,107.35,226,106.82,134.7822,58.0207,352
780,160.9896,62142,107.8125,207,106.65,135.2659,57.9746,386
781,161.8929,58929,107.3375,227,106.45,134.8961,57.1326,364
782,163.5186,57068,107.125,222,106.8,134.4949,57.0016,349
783,161.1105,61222,107.35,214,106.83,133.813,58.2149,380
784,161.4357,61507,107.275,218,107,133.8157,57.2678,381
785,162.0506,57690,107.725,212,106.6,133.431,57.2492,356
786,161.9613,58630,107.1125,217,107.85,133.717,57.9543,362
787,163.9511,57055,106.9875,218,107.29,134.6432,58.7905,348
788,163.0483,67502,107.4125,224,106.94,133.7327,58.7993,414
789,162.4037,61551,107.0125,216,106.65,131.4176,57.8194,379
790,162.8049,59261,108.4875,242,107.19,131.1941,58.0461,364
791,162.7233,59394,106.7125,220,106.82,130.8862,56.5336,365
792,161.6229,57861,107.8875,218,107.41,130.4892,57.2397,358
793,162.6264,59196,106.85,218,106.59,131.3565,57.2907,364
794,162.19,61470,106.9875,214,107.25,131.6855,58.811,379
795,162.0312,67567,107.9625,228,106.7,131.4151,58.6792,417
796,161.8591,59726,107.7375,214,107.45,132.0169,57.4845,369
797,162.0157,61890,106.1625,225,107.32,130.5797,58.1219,382
798,162.6572,57418,107.775,211,105.97,129.2624,57.4887,353
799,161.7205,56117,106.9875,216,107.19,129.0099,57.5805,347
800,162.9452,56542,107.0625,223,107.02,129.6893,56.483,347
801,161.4533,58769,107.525,217,106.9,130.1947,57.2116,364
802,161.1072,64604,106.5125,209,107.69,130.3508,58.6218,401
803,161.9651,60413,106.65,213,107.09,130.4162,57.515,373
804,161.7361,58225,107.775,210,106.52,128.4686,57.4604,360
805,162.5101,56391,107.775,219,106.7,128.3667,57.5035,347
806,161.0106,60540,107.2125,212,106.79,127.9069,57.2925,376
807,162.4478,59131,106.5,230,107.34,128.5643,57.9775,364
808,163.0436,59837,107.9,223,106.96,129.9982,58.8061,367
809,162.3175,61356,106.7625,222,106.91,129.6315,59.3467,378
810,161.5531,59290,108.3875,219,107.05,128.2639,56.8499,367
811,161.8764,56333,107.9,223,106.92,127.8298,56.7463,348
812,161.4435,58604,107.0125,218,106.7,128.82,57.9402,363
813,161.1344,62359,106.375,206,107.17,129.6692,58.7687,387
814,161.3903,56648,106.9875,211,107.02,128.7234,57.4622,351
815,162.6017,56748,107.1,222,106.73,128.8605,57.7011,349
816,161.437,60216,107.875,220,106.51,128.546,57.5877,373
817,161.8608,62802,106.725,208,107.29,128.2369,58.4738,388
818,161.4895,61366,106.95,220,106.7,128.9572,59.1037,380
819,162.1761,57086,107.225,216,106.91,128.2783,58.4029,352
820,161.8011,57763,107.7625,222,106.04,128.0591,59.021,357
821,162.9682,61439,107.5125,229,106.98,128.8615,59.3977,377
822,163.2882,56661,106.55,216,107.03,129.948,60.3393,347
823,163.513,56739,108,224,107.22,131.61,60.9293,347
824,163.2243,60393,106.9,215,106.79,132.153,60.424,370
825,162.2812,61180,107.375,222,107.38,131.8429,60.4825,377
826,162.1361,61936,107.4625,230,106.62,133.3701,61.3382,382
827,162.8398,63019,107.8,228,106.89,135.168,60.917,387
828,164.0424,58071,107.9375,218,106.69,135.1086,61.2487,354
829,164.0767,59888,107.85,226,107.05,136.277,60.4889,365
830,164.2986,58326,108.5,237,106.5,136.4463,61.0763,355
831,161.0155,72618,107.975,245,107.23,136.047,61.5864,451
832,164.3148,58989,107.8625,252,106.76,135.2473,59.7807,359
833,162.9108,60277,107.825,225,107.44,136.7003,60.2396,370
834,165.8785,60048,108.575,244,107.19,137.9616,60.9941,362
835,164.9299,61189,107.5625,224,106.63,137.7754,61.1833,371
836,166.1978,59665,108.0375,228,107.09,137.687,60.9168,359
837,164.5747,63855,107.675,229,107.72,138.9606,61.6426,388
838,165.7702,63490,107.3875,233,107.59,138.4794,60.7386,383
839,165.205,59639,108.5,237,106.87,137.4998,60.9976,361
840,162.5572,65348,108.0875,219,107.61,137.7328,61.6383,402
841,164.6564,58947,107.1875,229,107.11,136.3884,62.095,358
842,165.1014,58611,108.675,221,106.47,137.6466,61.8566,355
843,160.9908,69870,107.6875,223,106.61,138.795,61.6513,434
844,163.0078,62432,108.5125,227,107.49,138.4816,61.4589,383
845,164.9483,57402,108.4125,221,106.8,137.8605,60.9965,348
846,162.1335,59503,107.7875,213,107.08,137.0407,61.3945,367
847,161.8193,65375,107.7125,221,106.95,136.9406,61.9017,404
848,163.0574,59679,107.3,237,107.04,136.3408,60.8122,366
849,162.8472,60742,108.8,225,107.2,135.9501,60.684,373
850,162.5559,56732,107.875,216,106.7,136.0773,61.5313,349
851,162.75,61845,107.9375,232,106.62,136.8879,60.4652,380
852,162.9307,58818,109.025,219,106.94,138.3071,61.65,361
853,162.9973,61287,107.325,215,106.31,137.8722,62.1532,376
854,162.1145,58037,107.9375,226,107.15,138.6473,62.3915,358
855,161.0752,64269,108,221,106.88,138.58,61.6002,399
856,162.016,60918,108.8875,256,106.6,138.2406,61.791,376
857,162.1158,61604,108.5625,222,106.96,138.941,62.3132,380
858,161.5823,63825,108.675,227,106.54,138.2313,61.2845,395
859,163.2098,56797,108.025,228,107.29,136.9498,62.3879,348
860,164.4986,57410,108.875,223,106.54,137.2919,61.3732,349
861,163.7263,58614,108.325,225,107.62,138.4623,61.4786,358
862,163.6271,57924,107.6,235,107.17,138.68,61.3034,354
863,164.547,57756,107.725,227,107,138.3183,60.9637,351
864,164.978,60052,107.9625,228,107.5,135.7423,61.6252,364
865,164.3607,60156,107.975,231,106.81,136.5199,60.6268,366
866,164.6066,60246,108.35,222,107.1,136.0516,61.0478,366
867,165.4435,60056,108.45,228,107.23,136.2487,61.77,363
868,164.3108,60795,108.8875,230,107.12,137.0012,60.561,370
869,164.5866,58922,108.125,238,107.28,135.4074,60.6945,358
870,164.9219,63330,107.975,223,107.74,135.0738,61.2935,384
871,166.727,58021,107.725,222,107.06,134.3794,60.9735,348
872,168.2792,59066,107.2625,225,106.79,134.0076,60.8311,351
873,167.238,59035,107.475,225,106.83,133.4304,60.6874,353
874,167.1393,60003,108.2125,240,107.29,132.3604,61.1561,359
875,167.377,61260,108.5375,240,106.48,132.3233,60.8379,366
876,167.5345,58302,107.775,228,107.33,132.4908,60.7405,348
877,168.3569,59430,108.2625,235,106.85,132.8087,60.4868,353
878,168.3616,59600,108.2125,229,106.83,132.8523,59.9871,354
879,169.3107,59936,107.0125,235,106.49,132.4455,60.071,354
880,169.0541,59338,107.75,230,106.44,132.1044,59.9839,351
881,170.8892,60153,108.3625,236,108.78,131.7903,60.1746,352
882,169.8074,64357,107.6,256,106.87,131.6011,60.2328,379
883,168.5215,58814,107.9,245,106.99,129.6008,60.1204,349
884,169.7199,60590,107.6875,228,107.78,129.8912,60.1862,357
885,168.8536,61125,107.2,236,106.72,130.4303,59.8603,362
886,167.727,58369,108.1625,240,107.08,129.2601,60.1517,348
887,168.632,60033,107.7,244,106.71,129.0192,59.6398,356
888,166.8984,62420,107.175,237,107.14,130.346,59.4407,374
889,167.1429,58500,107.7625,242,106.77,128.9754,58.4271,350
890,167.7883,60236,107.7,224,107.45,128.1735,59.6262,359
891,167.0282,59295,107.125,229,106.54,128.7768,59.1358,355
892,166.9602,58770,107.95,222,107.25,127.0769,59.2533,352
893,166.5429,58290,106.3125,246,106.85,127.096,58.0072,350
894,165.8478,61032,106.775,235,106.88,127.1631,58.1798,368
895,166.2312,59677,106.2375,217,106.57,126.2944,58.9467,359
896,165.1622,61110,107.0375,226,106.69,127.099,58.1442,370
897,166.1756,58660,107.3125,226,106.95,127.0007,58.4576,353
898,165.067,61570,106.7125,227,105.63,126.9842,57.7495,373
899,164.122,61874,107.0625,236,106.71,126.8408,59.2989,377
900,165.9051,61219,107.425,237,106.77,126.44,59.8957,369
901,164.1649,61726,107.275,221,106.5,125.5076,58.6459,376
902,165.3484,58368,107.5875,219,107.04,126.4647,58.1962,353
903,164.2487,62086,107.425,221,106.92,126.5134,58.4959,378
904,164.916,58875,106,231,107.18,126.2705,58.9919,357
905,163.0081,60476,106.9375,225,107.02,125.0624,57.7851,371
906,163.7453,61077,107.15,221,106.83,125.311,57.5142,373
907,163.4087,59971,106.775,224,107.05,125.3852,58.5275,367
908,164.8507,58522,107.1625,219,107.24,124.5589,57.064,355
909,164.8,57680,107.7125,222,107.82,124.7049,57.5835,350
910,163.9457,63447,106.7,220,106.89,125.1477,58.8357,387
911,166.2301,58513,107.2125,221,106.78,124.9036,58.7694,352
912,165.0081,61383,107.5375,214,107.29,124.6671,59.0262,372
913,165.1514,63253,107.1125,225,106.55,124.8746,58.2757,383
914,165.176,61941,106.75,239,106.79,124.4162,57.6774,375
915,164.9155,58545,107.8875,218,107.24,124.2083,57.4381,355
916,163.1364,61013,107.65,229,106.91,124.2568,57.7675,374
917,164.9151,60194,106.3375,215,106.8,124.0636,57.4289,365
918,164.072,59230,106.9125,212,106.84,124.5403,57.7003,361
919,163.3342,62067,106.8875,223,106.97,124.4889,58.2869,380
920,163.0107,60966,106.8125,235,106.45,125.1169,57.3272,374
921,165.6282,57473,106.2,240,106.48,123.8463,57.4903,347
922,163.7295,59925,107.675,223,107.09,124.032,58.7895,366
923,164.6581,57795,106.6875,213,105.85,123.5993,57.5334,351
924,162.9774,57694,106.975,218,106.53,123.2586,58.1474,354
925,164.796,58173,107.0625,217,107.06,124.3612,57.5727,353
926,164.2603,59955,106.875,224,106.82,124.6792,57.7271,365
927,166.046,57784,108.35,225,108.73,124.2473,57.5899,348
928,162.6869,64424,107.05,219,106.96,124.3992,58.2,396
929,165.1047,59933,107.025,219,106.89,124.6139,58.7251,363
930,164.5457,57591,107.375,224,106.7,123.5921,57.3746,350
931,164.5694,56941,106.7,236,106.67,123.5633,57.8189,346
932,163.0771,61317,107.85,217,107.35,124.5458,58.4724,376
933,163.8325,66516,107.1375,234,106.95,124.9488,59.0683,406
934,162.7127,58902,107.125,224,106.67,124.4849,58.9343,362
935,163.3315,60596,107.4375,211,106.71,124.2892,58.4214,371
936,162.7192,56789,106.4,222,107.13,123.8945,57.8883,349
937,161.8962,59254,106.475,214,106.83,123.448,58.3144,366
938,162.1481,56914,107.65,219,107.09,124.191,57.2469,351
939,160.4731,56647,106.6125,219,106.45,124.7276,58.338,353
940,161.629,60126,106.9125,222,107.29,125.3009,58.7726,372
941,162.4258,59123,107.2125,211,107.06,125.9578,59.2232,364
942,162.25,59059,107.3625,209,106.62,125.3188,58.9512,364
943,160.8449,58065,107.575,202,106.48,125.6626,58.7621,361
944,161.4382,57472,107.425,214,107.14,125.5352,58.9163,356
945,161.2127,58359,106.525,224,106.66,125.4357,58.4233,362
946,161.9915,56859,106.5125,241,106.79,125.4374,58.5874,351
947,160.9164,57769,106.725,215,106.83,125.5122,58.6893,359
948,159.8051,62324,106.7375,222,106.69,125.6695,59.0921,390
949,161.4578,59255,107.8625,209,107.3,125.7486,58.5982,367
950,161.2458,57081,106.8875,218,105.75,125.858,58.62,354
951,160.9193,55839,107.95,214,106.93,124.7977,57.9596,347
952,161.4501,56669,106.975,218,106.31,124.1567,58.3375,351
953,161.2172,60134,107.25,226,107.67,125.8121,58.5733,373
954,161.8981,60388,107.125,213,106.82,124.5329,58.7738,373
955,160.9925,64397,107.35,217,106.42,125.1494,58.0961,400
956,160.9339,56005,107.225,202,107.33,124.8783,58.8953,348
957,161.6766,59497,107.25,217,106.64,124.5956,58.1274,368
958,160.7549,57711,107.075,216,106.77,124.4295,57.3905,359
959,161.9741,56367,107.4125,207,107.1,124.321,58.2087,348
960,160.897,64037,107.9125,229,107.28,125.467,58.9392,398
961,161.7677,57104,107,214,106.8,125.6121,57.7672,353
962,160.3458,64459,107.1,202,106.75,124.9972,58.3477,402
963,161.814,60033,105.6875,210,105.84,124.5259,58.9384,371
964,160.5488,60848,106.925,225,107.19,124.8595,59.0206,379
965,162.1789,59844,108.175,221,106.56,125.7791,58.9723,369
966,158.6225,64718,107,221,106.43,125.3642,59.0621,408
967,158.8436,67032,107.475,219,106.8,125.3008,58.668,422
968,160.7907,62226,108.45,213,107.6,125.5069,58.3822,387
969,161.194,58997,106.4875,210,107.5,126.0666,58.9439,366
970,161.0963,56867,107.95,213,106.66,125.2043,57.5011,353
971,160.9272,57451,106.4375,207,106.91,124.8406,57.7159,357
972,160.0924,58914,107.0125,214,107.07,124.7325,58.3304,368
973,162.6466,56601,106.65,207,106.74,124.9352,57.701,348
974,161.0739,56698,106.55,219,106.91,124.8718,57.1331,352
975,161.9171,56671,107.95,218,108.3,125.0403,57.4782,350
976,161.4658,58935,106.625,212,106.41,125.1397,57.2337,365
977,161.5417,62032,107.3375,211,107.48,125.1714,58.1039,384
978,161.2236,65618,107.45,213,106.74,126.4765,58.5367,407
979,161.3413,67118,107.125,218,106.64,125.7797,58.2048,416
980,161.4416,63608,107.5625,213,107.37,124.7157,58.4201,394
981,160.92,68391,107.3375,216,107.59,125.4688,58.2834,425
982,161.8564,59725,107.375,217,107.42,125.491,58.698,369
983,163.1246,57583,107.1625,216,107.4,124.2016,59.7406,353
984,164.0257,57409,106.625,233,106.9,124.7955,57.4141,350
985,163.2972,58787,107.2125,221,107.63,124.7945,56.9477,360
986,162.6188,62283,107.025,222,106.82,125.4001,57.7028,383
987,163.0714,59358,107.3875,216,107.39,126.4308,58.1064,364
988,163.2299,58926,106.4375,222,106.96,124.9062,57.76,361
989,164.1643,56965,108.25,223,107.65,125.0205,57.4,347
990,163.8693,57682,106.2,214,106.56,124.4541,58.0699,352
991,163.2338,57948,107.125,213,106.72,124.9015,58.0694,355
992,162.3232,58761,107.2125,220,106.73,126.1421,58.0278,362
993,163.2943,57153,106.7,201,107.11,126.0578,58.0247,350
994,161.6767,59012,106.9875,212,106.99,124.5627,58.35,365
995,161.3586,61639,106.8875,231,106.36,124.1709,58.1415,382
996,159.2325,63693,107.6375,206,107.4,124.9756,56.7019,400
997,158.7062,64276,106.6625,211,106.54,126.1456,57.5262,405
998,160.4853,59861,107.2375,213,106.5,125.9219,57.8132,373
999,160.235,64094,107.925,229,106.86,125.8461,58.2038,400
1000,160.123,58605,106.95,204,106.73,125.4441,57.6583,366
1001,159.841,55305,107.25,218,106.91,124.9579,58.1588,346
1002,159.8412,57383,107.5125,226,107.02,124.8253,57.974,359
1003,159.9946,58878,106.725,217,106.54,124.4077,57.3067,368
1004,161.6638,56259,107.95,245,107.56,124.843,57.4574,348
1005,162.3935,60248,106.75,232,105.99,124.3894,57.7667,371
1006,161.7009,56757,107.0875,209,106.29,123.9988,57.7579,351
1007,160.4493,58564,106.2,208,106.08,124.5786,58.5411,365
1008,161.3333,58080,107.9875,212,106.66,125.6055,59.0782,360
1009,163.1008,58227,106.9625,210,106.74,125.5106,59.5791,357
1010,161.7446,59522,107.1875,214,106.61,124.3761,57.6733,368
1011,164.3868,57371,106.8,229,107.02,124.9316,57.3801,349
1012,163.5014,58043,106.1875,229,106.71,125.0926,57.7898,355
1013,164.3803,58355,107.3125,219,107.17,124.4799,56.7348,355
1014,163.5528,60351,107.125,238,107.37,124.4616,58.0607,369
1015,165,58080,107.225,229,107.25,125.5652,58.2231,352
1016,164.1131,65317,106.9,232,106.43,125.2201,58.2799,398
1017,164.9017,67115,106.4125,235,106.74,125.5219,58.1879,407
1018,164.9654,62027,107.425,228,106.85,125.4793,58.4929,376
1019,164.3741,67229,106.7375,225,106.73,125.1572,57.8987,409
1020,167.8172,60582,106.9125,230,107.38,124.8755,57.6428,361
1021,167.9973,61655,106.7125,243,106.38,124.9726,57.9224,367
1022,169.037,59332,106.6,241,106.58,124.2467,57.3168,351
1023,166.8584,58901,107.175,229,107.22,124.7366,57.8043,353
1024,167.5556,60320,107.025,220,106.91,124.8815,57.6252,360
1025,165.9668,65059,107.7625,228,107.2,125.1185,57.7504,392
1026,165.3081,65462,107.2,240,106.5,125.5681,57.8516,396
1027,164.9626,57407,107.1,225,107.02,124.3521,57.1533,348
1028,164.727,59137,107.225,224,107.42,124.3998,57.1986,359
1029,166.1734,57496,108.05,229,107.95,125.0665,57.2135,346
1030,164.8071,60649,107.1,225,107.17,124.9673,56.7979,368
1031,165.3382,57207,107.3,229,106.85,125.3085,57.2038,346
1032,163.4005,62419,107.075,227,107.72,125.4827,58.2058,382
1033,162.3866,68040,107.6,220,107.29,125.7286,58.4394,419
1034,162.4784,56380,107.975,215,107.25,125.6794,56.8255,347
1035,164.058,59389,108.675,215,108.87,125.3992,57.194,362
1036,163.1879,56463,106.725,218,105.97,125.4475,57.5868,346
1037,160.9634,61488,106.9,207,107.67,126.1597,57.8752,382
1038,163.542,60347,108.0625,225,107.81,126.2857,58.5294,369
1039,161.4775,57486,107,216,106.52,126.0984,56.2666,356
1040,161.6761,56910,106.65,204,107.04,125.989,56.743,352
1041,162.2361,58405,106.8875,217,106.88,126.8618,56.9444,360
1042,160.535,57311,106.9875,209,106.89,127.6668,57.9014,357
1043,160.2337,58966,106.15,221,106.59,128.1755,57.426,368
1044,159.6056,57458,106.6125,207,106.73,128.9936,57.6326,360
1045,161.1136,56712,106.45,218,106.91,128.5885,57.0156,352
1046,161.4793,58617,107.35,221,106.89,129.1715,57.0285,363
1047,161.8315,57612,107.825,215,106.45,129.9625,57.7274,356
1048,162.0665,56075,106.2625,206,106.54,129.5912,56.223,346
1049,163.4028,58825,107.7875,213,107.18,129.1612,56.8501,360
1050,163.914,57206,107.2375,224,106.64,130.0647,55.4695,349
1051,162.6307,60336,107.0125,220,107.33,129.6246,57.1241,371
1052,163.6974,56803,107.1,215,107.04,128.918,56.8994,347
1053,162.902,56527,107.15,219,106.96,129.812,56.5444,347
1054,161.5836,58978,107.35,204,106.75,130.5915,57.4342,365
1055,161.989,58964,106.625,216,106.86,131.3217,57.8629,364
1056,163.4105,59318,107.075,222,106.39,132.4832,56.2785,363
1057,160.9148,64205,106.7,215,106.76,132.1681,56.214,399
1058,163.482,59017,106.975,221,106.62,131.9863,56.9075,361
1059,165.0694,57114,107.1125,212,107.18,131.06,56.4303,346
1060,164.9775,58732,107.2125,231,106.86,131.6723,56.2964,356
1061,167.9106,60112,107.2125,232,106.8,133.2741,56.8181,358
1062,168.1694,60541,106.5875,224,106.5,133.8843,56.5404,360
1063,169.0571,59170,106.8625,220,106.72,133.5009,56.2746,350
1064,171.1989,60262,107.0375,233,106.72,133.4244,56.6361,352
1065,170.5552,61741,107.15,236,106.61,133.7996,56.2245,362
1066,172.3146,67375,107.3125,248,106.53,134.2555,56.4871,391
1067,174.1272,60248,107.1,231,107.08,133.5624,56.5035,346
1068,172.6287,63700,106.85,247,106.14,133.6841,56.4815,369
1069,174.5686,61099,107.2375,252,107.04,133.7713,56.0012,350
1070,175.7435,60983,106.325,247,106.98,134.8438,55.9792,347
1071,180.4509,62436,106.675,245,105.94,136.6778,56.338,346
1072,179.3081,64013,107.4875,252,106.17,136.9827,56.4052,357
1073,182.9164,65667,106.725,260,106.23,136.9854,56.9709,359
1074,186.8514,65398,108.6875,261,105.75,137.0355,56.431,350
1075,190.7914,66777,107.625,276,105.94,137.7935,57.0038,350
1076,190.9774,67606,107.1625,279,107.24,137.385,57.1327,354
1077,192.245,67478,106.8625,280,107.13,138.2186,57.613,351
1078,196.6629,68832,106.85,285,106.88,138.3889,57.5049,350
1079,196.4631,69155,106.825,294,106.81,138.4899,57.7285,352
1080,198.1433,70539,107.575,301,106.54,138.7214,57.0198,356
1081,198.4185,70637,107.275,313,106.87,139.136,57.7117,356
1082,198.392,69834,107.5625,326,107.44,139.1207,58.07,352
1083,198.6676,68739,107.275,295,106.25,139.4281,57.5143,346
1084,195.4558,70755,107.0625,309,106.44,139.4709,58.1392,362
1085,192.2179,68814,107.225,283,106.53,139.7919,57.8308,358
1086,190.0222,68408,107.325,297,106.4,140.1659,58.2138,360
1087,189.1965,65462,106.6,279,106.49,140.4185,57.7216,346
1088,186.0789,66058,106.7,270,107.2,140.7552,57.9934,355
1089,183.4708,65866,107.3375,296,106.65,140.7993,58.2678,359
1090,182.8842,64741,107.1875,250,107.39,140.8535,57.6459,354
1091,181.3884,65844,106.8375,262,106.91,141.0931,58.4712,363
1092,180.6222,65024,106.65,264,105.95,141.1756,57.7715,360
1093,180.7032,62704,107.3375,264,106.31,141.3899,57.8221,347
1094,177.2225,61319,107.2,253,106.82,140.7686,57.473,346
1095,176.3978,63856,107.525,239,106.44,141.755,58.101,362
1096,175.6649,64996,106.6,244,107.63,140.9809,58.4006,370
1097,174.3398,62588,108.125,231,106.55,141.1954,58.5846,359
1098,173.7439,64459,107.225,252,107,140.6341,58.4169,371
1099,174.1275,61467,108.075,248,107.1,141.2276,57.3807,353
1100,172.9363,62430,107.5,239,107.3,140.7053,58.2359,361
1101,175.3343,60841,107.3625,253,106.64,141.3986,57.7848,347
1102,174.0855,61104,107.275,238,106.71,140.9465,58.149,351
1103,172.5497,62463,106.6625,247,106.55,140.6506,57.4255,362
1104,174.0637,62837,107.3,248,107.31,140.8759,57.6029,361
1105,174.1676,63397,108.5375,235,107.39,140.6967,56.6607,364
1106,175.4576,62112,106.6625,247,106.97,140.4886,56.2538,354
1107,174.4338,61924,107.425,248,106.74,140.689,56.839,355
1108,175.3458,60845,107.0625,236,106.43,140.4154,56.5312,347
1109,174.7326,65350,107.9375,252,107.49,140.131,56.5695,374
1110,174.2797,61695,107.7375,238,107.18,140.2233,56.037,354
1111,173.765,60644,107.2,231,106.04,141.0394,56.0712,349
1112,171.1923,62314,107.2125,234,105.74,140.7086,56.01,364
1113,170.5112,61043,107.0125,234,106.93,140.3366,56.2987,358
1114,169.4928,58814,107.4875,233,105.7,140.1817,56.0825,347
1115,169.6332,59202,106.9375,225,106.49,141.2433,55.6821,349
1116,168.3518,60775,107.6625,221,106.69,140.1879,55.6642,361
1117,168.0532,59995,107.075,236,106.29,141.8957,56.3183,357
1118,168.273,58559,108.025,224,106.46,141.6113,56.465,348
1119,167.8074,59236,107.05,235,106.96,142.5304,56.0504,353
1120,168.7819,59580,107.4375,241,107.09,143.2071,56.7117,353
1121,169.3792,60299,107.425,229,106.02,143.026,55.6137,356
1122,171.5014,63284,106.525,224,106.22,143.146,55.8131,369
1123,173.1143,60590,107.6,250,106.3,142.9297,55.9194,350
1124,172.4888,61406,106.9875,240,106.26,143.0938,55.6622,356
1125,172.366,59811,107.1875,224,107.28,142.5893,55.8051,347
1126,170.4368,62039,107.625,236,106.52,143.4435,55.801,364
1127,169.663,61927,107.125,238,106.21,143.699,56.3127,365
1128,171.7201,63193,107.2125,230,105.72,143.7832,56.6613,368
1129,168.8721,66029,108,228,106.24,143.1105,55.7621,391
1130,171.9917,62261,106.5875,249,106.46,143.1558,55.1807,362
1131,172.0084,61407,106.9625,234,106.9,142.6308,55.5302,357
1132,172.8399,61531,107.95,233,106.27,143.1022,55.3774,356
1133,175.5354,61964,106.6,238,106.94,142.8063,55.249,353
1134,175.1611,63058,106.2,252,107.02,142.7098,54.935,360
1135,179.3829,62784,107.025,243,107.03,143.2647,55.2302,350
1136,179.2085,63619,107.4125,247,106.57,142.7877,55.5007,355
1137,180.0504,64278,106.9875,244,106.82,143.194,55.8809,357
1138,180.1577,63956,108.7625,246,107.06,143.4267,55.3883,355
1139,179.6648,64320,106.825,259,106.8,143.2915,55.3362,358
1140,177.7919,61516,107.6625,258,107.59,143.8389,55.9793,346
1141,177.3811,61906,106.85,245,106.29,143.9409,55.6679,349
1142,173.67,68947,107.45,233,105.86,144.6372,55.712,397
1143,174.7263,64474,108.2125,252,106.34,143.7435,56.0824,369
1144,175.0798,61453,107.525,239,106.57,143.6222,55.592,351
1145,171.336,64251,106.8,231,106.69,144.0405,54.9993,375
1146,172.389,62922,106.0875,243,106.47,144.4193,55.7318,365
1147,172.9915,61412,106.9375,230,107.14,143.929,55.438,355
1148,172.0738,62979,106.05,232,106.66,144.1299,55.7606,366
1149,173.0866,61965,107.4625,240,107.11,143.8251,55.7236,358
1150,173.4859,61414,107.125,236,106.43,143.8541,55.4448,354
1151,174.2374,62377,107.5875,238,105.56,144.1412,55.8552,358
1152,177.3247,61709,106.55,246,107.15,143.9456,55.5841,348
1153,179.054,63027,106.425,266,106.12,144.1749,55.6581,352
1154,179.796,62569,106.1375,264,106.46,143.9209,55.9077,348
1155,183.0687,66637,107.5875,266,106.14,144.1442,55.9173,364
1156,182.7765,65434,107.4875,270,106.59,143.8789,55.2516,358
1157,184.7197,63913,108.2625,270,106.65,143.623,55.0139,346
1158,183.5068,67714,107.075,270,106.82,144.1556,55.6828,369
1159,185.552,64201,107.2375,262,106.51,143.6325,55.9873,346
1160,186.0607,64377,107.3,267,106.45,144.0295,55.7501,346
1161,184.3099,65430,107.1,268,107.33,144.4301,56.4766,355
1162,188.1416,65097,106.525,271,107.29,144.7853,56.2556,346
1163,186.6705,65708,107.325,275,106.71,145.2454,56.8675,352
1164,189.1894,67919,107.1,279,106.11,145.4713,57.1369,359
1165,188.0732,66766,107.15,288,106.59,145.7684,57.1188,355
1166,191.1902,66343,107.2125,278,106.35,146.763,57.2716,347
1167,191.5128,67221,107.825,273,106.43,147.5881,57.6442,351
1168,194.8309,67996,106.775,284,105.99,147.8133,57.5903,349
1169,195.196,67733,107.675,300,106.47,147.9639,57.8718,347
1170,194.3107,68786,106.75,294,105.83,148.6059,58.2305,354
1171,193.1111,71258,107.4375,291,106.5,148.5759,58.368,369
1172,193.5143,67730,107.7375,298,106.45,148.926,59.2546,350
1173,193.5165,70440,107.1625,309,107.05,148.9175,59.3017,364
1174,192.4958,67951,107.675,294,106.25,149.0889,59.3911,353
1175,189.255,66050,108.5125,294,106.96,148.9406,59.7134,349
1176,188.4929,66161,107.9625,278,107,148.6213,59.9061,351
1177,184.7414,64290,107.9,291,107.5,148.6431,59.2991,348
1178,186.4986,64715,107.4875,282,106.78,149.3014,59.9422,347
1179,184.9514,64733,108.5625,282,107.65,149.0071,60.078,350
1180,179.625,67539,107.2125,289,107.32,148.6004,59.8806,376
1181,179.3427,63846,106.8875,284,106.24,148.7905,60.6404,356
1182,178.0686,62324,107.825,276,106.84,149.235,60.2879,350
1183,176.8481,61720,108.475,281,107.48,149.0853,60.3454,349
1184,173.2107,68245,108.4125,258,107.01,148.068,61.1703,394
1185,172.5227,68319,107.3875,277,107.51,147.7744,60.8863,396
1186,174.4611,62806,108.525,267,107.4,148.1903,60.503,360
1187,172.9101,61556,108.675,257,106.09,148.0724,60.0616,356
1188,174.366,60505,107.775,263,106.75,148.7739,61.3597,347
1189,173.3388,63442,107.225,260,106.61,147.99,61.8993,366
1190,174.6864,61839,108.275,247,106.23,147.9098,59.6679,354
1191,175.5587,62850,109.2375,266,107.31,148.2939,60.0444,358
1192,178.7521,63457,108.9,275,106.97,148.6244,59.6563,355
1193,180.3641,66374,107.9,273,107.35,147.9026,60.0802,368
1194,181.0331,65715,107.5875,256,107.36,148.6158,60.9184,363
1195,184.9682,63999,107.3125,282,105.84,149.6365,60.088,346
1196,182.2161,63229,108.3875,267,106.54,149.0167,59.9796,347
1197,181.5944,64466,107.5375,270,105.94,148.1182,60.2517,355
1198,182.8034,64164,108.125,276,107.02,148.529,59.5147,351
1199,182.6441,64656,107.775,258,106.28,147.908,60.1501,354
1200,184.1849,65754,109.0375,264,107.32,148.1088,59.9489,357
1201,185.8931,64319,107.975,271,106.73,147.8463,60.0112,346
1202,186.1653,68695,108.2,274,107.48,147.4226,60.1699,369
1203,190.4011,66450,108.3625,290,106.84,146.8561,59.5759,349
1204,192.3804,66756,108.4875,282,106.92,146.1095,59.3936,347
1205,191.4109,66611,108.5,283,106.09,146.3335,59.3069,348
1206,192.0623,67798,107.6625,278,106.92,146.1884,59.3948,353
1207,193.7032,67215,107.9375,282,106.75,146.1775,58.8611,347
1208,189.7677,66988,107.75,287,106.86,145.665,59.7722,353
1209,189.6193,66746,107.725,286,106.84,145.1908,59.1637,352
1210,186.3179,64466,108.2375,286,106.46,145.6692,59.424,346
1211,185.0364,66058,107.2875,273,106.98,145.4978,59.6864,357
1212,184.7273,65024,108.05,274,106.52,145.271,58.9327,352
1213,181.2762,65622,107.6,266,106.48,144.8064,59.4441,362
1214,180.1404,64130,107.85,242,106.5,145.1451,59.3629,356
1215,179.2266,63267,107.75,258,107.47,144.9162,59.2799,353
1216,178.2017,61836,109.2125,248,106.89,144.9519,59.3784,347
1217,175.943,61756,108.15,241,106.55,144.646,59.5461,351
1218,175.4486,61407,109.4875,276,108.13,143.17,59.4531,350
1219,171.838,61518,107.8,239,106.91,144.1998,59.701,358
1220,171.6513,59563,107.5875,242,107.25,143.4263,59.4621,347
1221,168.4144,62987,107.7,256,107.21,143.4076,59.644,374
1222,168.2898,59238,107.85,236,106.91,143.2296,59.2129,352
1223,168.2655,59566,106.8,257,107.09,142.5827,58.9746,354
1224,166.3077,64860,107.2625,240,107.14,143.0188,59.639,390
1225,166.9494,59434,108.15,229,106.67,143.0332,59.7707,356
1226,165.6229,59293,107.075,225,106.6,142.1769,59.6211,358
1227,165.6584,60134,107.6625,224,107.34,141.7856,59.4297,363
1228,165.0661,57443,107.45,210,106.86,141.6504,59.7044,348
1229,163.4438,59657,107.925,215,106.76,141.542,59.7031,365
1230,163.0603,56745,107.3375,217,106.32,141.3063,59.177,348
1231,161.4801,60878,107.725,221,106.73,140.8117,59.3001,377
1232,161.754,60496,108.1125,209,106.95,142.1246,59.4871,374
1233,162.7127,57763,107.3,214,106.56,141.0718,60.5364,355
1234,162.8696,59936,107.5,211,106.61,140.6444,60.3715,368
1235,161.7744,58077,108.275,230,107.14,140.3538,60.3096,359
1236,160.8663,62577,107.0875,212,107.5,140.3901,60.8636,389
1237,160.9,57924,107.9375,209,107.84,140.3553,60.4335,360
1238,161.6034,57854,108.7625,209,106.41,139.3576,59.3123,358
1239,159.9062,56287,107.2125,215,107.03,138.4267,58.9957,352
1240,160.7908,63030,106.85,203,107.22,137.8229,58.7404,392
1241,160.1274,59087,106.9375,220,107.04,137.3492,58.7408,369
1242,159.863,58350,106.95,215,106.86,136.7322,58.0999,365
1243,159.7003,58610,107.35,217,106.52,136.8829,56.7394,367
1244,159.8107,59929,107.65,204,105.9,137.2518,58.4783,375
1245,160.8797,64191,108.825,220,108.6,137.0845,59.8983,399
1246,159.3558,66292,108.1,208,106.35,137.9003,59.7421,416
1247,161.1296,57201,107.225,203,106.32,136.5475,58.744,355
1248,158.7612,56519,107.175,211,106.73,135.5687,58.1988,356
1249,159.7895,60720,107.05,216,106.6,135.0732,58.0692,380
1250,158.5898,59154,107.2375,209,106.61,134.414,57.1399,373
1251,159.5942,60167,107.4875,236,106.9,134.4392,57.5938,377
1252,160.2006,57512,106.35,207,106.27,133.7994,57.0328,359
1253,158.4688,58475,107.4375,207,106.29,134.2122,57.6254,369
1254,160.0604,58262,106.6375,207,106.35,134.5628,58.8598,364
1255,160.109,58760,107.9375,207,107.06,135.2203,58.0926,367
1256,159.7724,58956,107.4125,197,107.28,134.3904,59.443,369
1257,161.4339,56179,108,199,107.79,134.1598,57.3883,348
1258,160.3087,58673,107.475,202,106.5,131.4328,57.8307,366
1259,160.8,57084,107.525,213,106.72,131.6901,57.4501,355
1260,159.4903,57576,107.3875,220,107.46,131.825,56.8645,361
1261,160.1495,58935,106.875,213,106.57,131.9982,58.1949,368
1262,160.5525,58120,106.525,202,107.15,132.8249,58.2382,362
1263,160.1182,55561,106.7,202,106.81,132.8261,57.641,347
1264,160.6178,55895,107.0875,215,107.43,132.2039,57.385,348
1265,160.1607,57818,106.7875,222,107.61,131.1797,57.6179,361
1266,159.4621,63147,108.0625,214,106.48,131.2284,58.0429,396
1267,160.5105,61315,107.4375,202,106.33,132.1417,58.0449,382
1268,161.2689,57573,106.8625,215,106.68,131.8954,58.8067,357
1269,160.9195,56000,106.8,212,107.7,129.3519,58.4169,348
1270,159.3132,60539,106.825,209,106.15,129.831,58.1464,380
1271,161.4899,56037,107.3375,208,107.37,129.7093,57.9932,347
1272,159.9788,60472,107.525,209,106.86,129.8097,57.809,378
1273,160.2542,57371,107.4625,216,106.43,130.0317,56.3744,358
1274,160.7507,56102,107.0625,217,107.57,130.5403,56.7938,349
1275,160.0795,58429,107.85,215,106.79,130.7969,58.0515,365
1276,160.1845,64234,106.925,200,107.11,130.6709,58.9367,401
1277,161.6971,56594,107.5875,204,107.16,130.3131,58.7907,350
1278,158.7194,66186,107.55,215,106.74,130.0658,58.7831,417
1279,160.7937,56117,108.0875,208,107.6,130.7755,57.7182,349
1280,160.3918,58543,107.0875,208,106.68,130.9877,58.267,365
1281,161.175,58023,107.4625,197,106.86,130.4406,57.991,360
1282,160.7798,60614,107.35,219,106.06,129.5715,57.2353,377
1283,160.9138,55998,106.8,209,106.34,129.7121,57.9365,348
1284,162.1792,56114,106.675,205,106.24,129.047,58.2084,346
1285,161.084,59440,107.1625,205,106.4,128.7504,58.6506,369
1286,160.3369,60447,107.4125,199,106.96,128.5768,59.0637,377
1287,162.375,57156,107.0375,205,106.83,128.5058,58.3305,352
1288,162.0137,58973,107.7875,202,106.79,127.8995,57.8438,364
1289,161.2585,61762,107.2125,215,106.71,128.2134,58.1508,383
1290,161.4722,58130,107.725,208,107.01,128.7539,57.9394,360
1291,162.2121,58883,106.175,214,106.81,128.2058,56.9677,363
1292,163.7395,58455,106.65,213,107.03,127.0522,57.5566,357
1293,163.5663,59211,108.275,219,107.41,126.4634,57.9219,362
1294,165.3922,59045,107.425,213,107.3,127.338,57.7316,357
1295,164.2759,64889,107.3625,220,107.26,127.9599,57.2458,395
1296,164.6436,59601,107.1625,216,106.66,126.3665,57.5618,362
1297,164.9326,61190,106.9375,225,106.65,127.1025,56.6923,371
1298,164.8934,60351,106.5,225,106.52,127.1505,56.6396,366
1299,165.8297,61357,107.0875,227,106.9,126.7437,56.3867,370
1300,163.6727,63014,107.5875,206,106.77,126.6988,57.3168,385
1301,165.3522,61511,105.7125,218,106.69,126.3181,57.0899,372
1302,165.144,60773,107.7375,236,107.92,126.6056,56.7079,368
1303,164.8575,61327,106.6125,223,106.58,125.6823,57.2278,372
1304,166.4615,58428,106.4125,222,106.48,125.9382,56.8374,351
1305,166.5244,58117,106.0625,227,106.11,125.7684,57.7129,349
1306,164.6314,60749,107.3125,227,106.18,126.3366,57.0989,369
1307,162.8776,62545,107,219,106.61,125.5652,57.6575,384
1308,163.5858,60036,106.575,222,106.96,125.8371,57.4904,367
1309,163.3425,59620,106.7125,215,106.58,127.1897,57.2605,365
1310,164.552,56935,107.15,221,107.1,127.0451,57.1675,346
1311,162.8482,62208,107.075,220,106.42,126.6654,57.3727,382
1312,163.0844,61809,107.2375,218,106.17,125.9488,57.2113,379
1313,165.02,57757,107.3,214,106.56,126.2195,56.5852,350
1314,164.1491,60571,107.225,222,106.93,125.8447,56.4936,369
1315,165.563,59106,106.8875,218,106.65,125.4189,57.5195,357
1316,164.4343,57552,107.1875,218,107.06,125.5527,57.7129,350
1317,166.0341,58444,106.6875,220,106.7,125.3321,56.4775,352
1318,164.1371,57448,106.825,209,106.78,125.9493,56.9245,350
1319,163.623,59886,106.7,219,106.68,126.5415,57.0789,366
1320,164.7388,58647,106.8375,217,106.98,125.8996,57.9693,356
1321,163.2291,58436,107,234,106.55,126.1855,56.9739,358
1322,160.9944,56992,107.1875,222,107.15,125.5588,56.9276,354
1323,161.5215,56371,106.9,213,107.46,124.7418,57.5899,349
1324,160.4759,56648,106.275,220,106.52,126.1586,56.3271,353
1325,161.0655,56534,106.325,216,106.84,126.338,57.411,351
1326,160.9251,55841,106.5,212,107.32,127.0243,57.6223,347
1327,160.2507,56248,107.5625,224,106.68,124.5587,57.7147,351
1328,159.1085,60143,107.45,206,107.19,125.3367,57.5135,378
1329,160.2385,55763,106.8875,204,107.53,125.9069,57.5433,348
1330,159.1649,61756,107.2375,213,107.27,126.6316,58.2146,388
1331,158,65254,106.0375,218,105.63,127.2381,59.375,413
1332,160.3077,58352,107.45,203,106.93,127.4994,59.0894,364
1333,159.0778,57268,107.275,199,106.1,126.8446,59.5773,360
1334,158.8081,58759,106.7,207,107.23,125.7162,58.7806,370
1335,158.8237,57653,108.0625,203,107.28,125.967,58.2395,363
1336,158.6285,56789,106.325,211,106.96,126.1429,57.1407,358
1337,156.6454,66261,106.8625,195,106.33,127.232,57.1095,423
1338,160.5057,55856,106.95,212,106.54,127.1039,58.1246,348
1339,159.1667,58255,107.2375,201,107.01,126.1306,58.5583,366
1340,158.6957,58400,106.8875,220,107,125.3666,58.5806,368
1341,158.0914,58810,107.15,209,107.02,125.3195,58.0406,372
1342,158.5803,56296,106.7375,208,106.19,125.5991,58.2697,355
1343,159.1469,56338,106.95,201,106,125.8188,58.2892,354
1344,159.4957,55345,107.2375,202,106.98,125.9793,58.8122,347
1345,158.6247,59167,107.1125,194,106.57,126.2005,59.0613,373
1346,157.3405,58216,107.1,195,107.79,123.9975,59.3805,370
1347,157.3184,59781,106.7125,202,107.49,123.2309,58.5235,380
1348,159.1108,56007,107.4375,200,107.45,124.6268,58.2987,352
1349,158.0851,61337,107.65,210,107.11,126.1318,59.2375,388
1350,158.5767,55819,107.125,197,106.65,127.1188,59.3796,352
1351,159.0778,55200,107.3375,213,106.74,126.7697,59.6236,347
1352,158.272,61093,106.1875,205,105.83,126.6558,59.1093,386
1353,156.9317,64342,106.9375,208,106.67,126.1259,58.9208,410
1354,157.0554,62351,107.275,194,106.73,125.4317,59.509,397
1355,158.0385,57526,107.4875,213,107.12,125.7301,59.9703,364
1356,157.2833,66059,106.9875,200,106.69,126.3235,60.204,420
1357,159.0917,55523,107.4125,208,107.09,126.3558,59.5545,349
1358,157.6354,57064,107.525,201,107.06,126.2134,58.1541,362
1359,157.1019,58599,106.525,204,106.99,126.4517,58.5372,373
1360,157.832,58240,107.2875,206,106.94,126.0686,59.0933,369
1361,158.0256,55467,107.25,191,106.64,126.2073,58.7036,351
1362,156.3325,62064,107.2875,196,106.61,126.8267,59.5774,397
1363,157.584,55312,106.9,202,106.37,124.9523,59.1134,351
1364,157.4533,57313,107.7875,215,106.81,125.5198,59.212,364
1365,157.9624,58762,107.6,200,106.8,126.8419,59.8252,372
1366,157.7616,57583,106.475,195,107.23,126.7859,60.0225,365
1367,156.2605,62973,107.05,198,107.53,127.1762,60.0153,403
1368,156.6854,61264,108.35,212,107.09,127.4732,58.4928,391
1369,157.6303,59269,107.7875,198,107.1,126.5066,58.8372,376
1370,156.8221,62572,107.1,205,106.81,127.3506,59.1772,399
1371,157.8076,58231,106.8125,196,107.38,128.1897,59.563,369
1372,157.5994,56263,107.0125,200,106.58,128.085,60.0747,357
1373,157.5039,60324,107.9,224,106.83,128.2437,60.4279,383
1374,157.6164,57530,108.4875,205,107.14,128.1622,60.934,365
1375,157.5339,60493,106.9625,202,107.29,128.8624,61.4196,384
1376,156.776,57380,107.7375,194,106.97,128.7369,60.9973,366
1377,157.5268,55922,107.25,207,107.11,128.2215,59.4126,355
1378,157.0256,55116,107.45,195,106.98,129.0275,59.2108,351
1379,157.4215,57144,107.3375,200,106.68,129.595,60.3266,363
1380,156.5076,61664,107.3375,219,106.56,130.9673,61.5535,394
1381,157.3114,62138,106.775,200,106.71,132.2088,62.719,395
1382,158.7238,62061,107.925,197,106.89,131.4387,63.1233,391
1383,158.6225,56311,107.9,216,107.14,131.4231,62.5099,355
1384,157.9303,58908,108.8,207,107.48,132.5994,61.6942,373
1385,157.1407,61442,107.975,206,106.24,132.847,61.1676,391
1386,158.9454,55313,107.0625,213,106.7,132.9754,61.2592,348
1387,159.2056,56518,107.75,217,106.93,132.882,61.568,355
1388,157.1033,57814,107.7,202,106.94,133.8911,61.6783,368
1389,156.9977,66881,107.25,218,106.73,133.5473,62.1693,426
1390,158.7694,57157,107.375,215,106.37,132.8623,62.0152,360
1391,158.7165,60471,107.275,204,107.16,133.4708,60.9825,381
1392,158.5873,57250,108.8875,213,106.6,133.8501,61.4812,361
1393,159.3389,56884,107.5125,217,107.3,133.4684,61.5998,357
1394,158.4094,60354,107.125,225,106.65,134.4374,61.9945,381
1395,158.9401,58331,108.2375,207,107.59,135.4505,61.6873,367
1396,158.7797,56208,107.15,203,106.64,134.0363,61.2406,354
1397,159.9886,56316,109.775,213,108.28,134.2692,61.7312,352
1398,158.7538,61914,107.275,205,107.55,134.432,61.8693,390
1399,159.7978,56888,107.6,216,107.24,135.1366,61.9653,356
1400,159.7127,56698,107.475,226,107.33,134.9128,62.5645,355
1401,158.4005,59717,108.7875,210,106.55,135.4236,63.4175,377
1402,159.7081,55259,108.225,206,107.33,135.3691,62.4867,346
1403,157.1355,63797,108.1875,203,106.41,135.7868,62.4502,406
1404,160.2204,59602,107.675,198,106.91,136.1209,61.2679,372
1405,157.5837,63979,107.5,211,107.09,136.2961,61.9593,406
1406,159.184,59694,107.6875,226,106.55,134.5601,62.2271,375
1407,159.1611,57298,106.8,220,106.86,133.9942,62.2558,360
1408,158.8949,58950,108.6125,230,107.35,134.4902,62.2917,371
1409,158.8393,62265,107.1875,211,106.9,134.6289,61.0716,392
1410,157.7531,62628,107.6,208,106.86,133.734,61.6075,397
1411,159.1967,57470,107.675,210,107.15,132.7343,62.4692,361
1412,159.6714,55885,108.5625,236,107.26,133.5644,62.9797,350
1413,159.6899,57169,107.5375,206,107.44,132.2802,62.85,358
1414,159.6114,58737,107.775,206,106.92,131.2603,62.2479,368
1415,158.3943,61457,108.2,207,106.7,132.121,61.5747,388
1416,159.5331,55358,107.475,225,106.87,131.281,62.1831,347
1417,157.6597,60699,107.1375,207,106.72,130.49,61.4976,385
1418,157.8492,62824,107.35,220,107.26,130.9167,62.0132,398
1419,158.6402,56000,107.975,205,107.21,130.9062,61.9972,353
1420,159.6319,58106,107.7625,219,106.8,130.9999,60.885,364
1421,158.6043,58525,107.725,212,107.33,130.0178,60.2089,369
1422,158.8032,58916,107.425,212,106.37,129.4091,61.16,371
1423,157.6033,67139,107.7625,202,107.79,130.4914,60.9836,426
1424,159.9451,55341,107.2125,231,106.57,129.6918,59.7227,346
1425,158.0359,61634,108.2375,211,106.67,129.3493,60.2502,390
1426,158.8541,59888,107.7625,208,107.15,128.3867,60.6122,377
1427,159.0934,57910,106.975,210,107.34,128.5611,60.3706,364
1428,158.7065,61102,107,204,106.82,128.8244,60.7242,385
1429,159.5989,58094,107.95,201,106.64,127.5878,60.9158,364
1430,157.723,59777,108.1625,218,107.13,127.2032,60.7503,379
1431,159.3811,58971,107.3,204,106.25,127.4238,60.3088,370
1432,159.3873,60089,106.8375,199,107.04,127.4158,60.8229,377
1433,159.2661,61636,107.05,208,106.73,128.1752,60.5141,387
1434,159.8828,58677,107.6875,210,107.2,127.965,59.9036,367
1435,159.9429,55980,107.9125,220,107.04,127.7075,59.2994,350
1436,158.7209,58568,107.5375,197,106.96,127.7747,60.0876,369
1437,158.7094,64436,107.8125,207,106.6,128.3369,59.9642,406
1438,159.4617,60436,106.65,220,107.82,127.9093,59.4512,379
1439,158.5627,59461,106.9875,194,107.21,127.8587,59.6853,375
1440,160.0864,57471,107.8,204,106.81,127.8774,59.836,359
1441,158.599,66453,106.95,204,106.5,128.2571,59.8525,419
1442,159.2575,58766,106.8875,220,107.14,127.7659,59.1244,369
1443,159.0693,57424,106.7,203,107.09,126.5848,59.247,361
1444,159.0549,55033,108.3625,210,107.08,126.5238,58.6489,346
1445,160.0142,56165,106.3625,212,106.7,126.6047,59.2241,351
1446,160.2712,56736,107.0875,206,106.61,127.4524,59.5609,354
1447,158.5515,61518,106.85,201,107.7,127.5595,59.5022,388
1448,159.0418,57096,107.225,205,107.34,128.5158,59.6337,359
1449,158.867,57351,107.6,200,108.01,127.89,59.7019,361
1450,159.4325,57874,108.1625,200,107.41,127.2025,59.7789,363
1451,158.8103,55266,107.5,214,107.08,128.7173,59.7767,348
1452,159.8944,57562,107.3125,209,106.74,130.7195,60.4149,360
1453,160.3149,58034,108.0125,223,106.48,132.9139,62.3659,362
1454,161.1099,58644,107.3,218,106.91,135.0164,63.167,364
1455,157.8152,72595,107.7625,216,107.56,136.1484,63.7962,460
1456,160.5162,64367,107.5125,209,106.95,137.8197,62.7236,401
1457,158.6636,68384,108.1,228,107.19,138.3668,62.5973,431
1458,161.3699,55834,107.5625,209,107.4,138.2749,62.4905,346
1459,159.8754,56436,107.7625,203,108.01,139.3384,63.4586,353
1460,160.1671,59422,108.3375,208,107.07,140.8176,63.7271,371
1461,159.0275,63611,108.875,223,106.95,140.7707,63.9605,400
1462,160.1093,58600,107.9375,216,107.07,141.6601,62.7516,366
1463,159.744,59904,108.0375,227,107.13,141.7746,63.2862,375
1464,160.9425,56008,108.3375,206,106.59,141.9972,62.9888,348
1465,162.2399,56135,108.5,226,106.25,141.9066,63.6696,346
1466,161.0549,55725,109.425,218,107.34,142.0338,64.0025,346
1467,160.1868,60871,108.675,210,106.69,142.2234,64.8276,380
1468,161.7493,60656,108.575,218,106.73,142.0507,64.1796,375
1469,160.6135,59427,108,215,107.07,141.6544,64.4518,370
1470,163.0113,57706,109.5375,245,106.1,142.3352,63.1206,354
1471,162.4199,58796,108.9375,218,107.17,141.6809,63.2023,362
1472,163.0706,57727,108.8375,229,107.47,140.5735,63.383,354
1473,162.8815,56357,108.275,224,107.15,141.3547,64.1555,346
1474,162.0865,59972,108.725,225,107.21,140.5371,63.9556,370
1475,162.0801,58673,108.5,211,106.89,140.5231,62.266,362
1476,162.5307,58186,108.775,234,107.23,140.6143,62.1988,358
1477,161.2302,63041,107.6875,222,106.75,141.2324,62.1379,391
1478,161.5291,58312,107.75,234,106.63,140.1989,63.5206,361
1479,160.1898,56547,109.4875,208,106.53,141.4464,62.8503,353
1480,161.736,60651,109.1125,213,106.42,141.0661,62.8767,375
1481,160.7212,62842,108.725,203,106.41,140.6052,62.545,391
1482,160.1094,62923,108.9375,216,106.91,139.528,61.9638,393
1483,159.24,63696,108.0625,219,106.78,139.4307,62.4767,400
1484,160.9239,59220,108.8875,223,106.88,139.6394,62.2606,368
1485,159.0154,61857,108.75,208,106.53,138.6838,62.8789,389
1486,159.1726,62714,108.45,227,106.53,138.8313,63.2906,394
1487,159.4301,59308,107.75,203,106.53,138.8028,63.0256,372
1488,158.9553,60403,109.3625,216,107.19,139.2149,62.6311,380
1489,161.0145,55711,107.5375,225,107.35,138.2359,63.5418,346
1490,159.5956,57614,107.8625,213,106.67,138.013,63.6707,361
1491,158.95,60401,108.5625,208,107.34,138.0397,62.8263,380
1492,159.0912,59341,108.2875,205,107.2,138.224,63.2811,373
1493,158.5995,62171,108.8125,218,107.31,138.267,64.0723,392
1494,158.9244,65159,107.1625,220,106.76,138.68,63.5182,410
1495,158.6786,66645,108.1625,208,107.4,138.5564,62.9111,420
1496,160.4031,62076,108.0875,220,107.94,136.2579,63.4113,387
1497,161.7401,57256,107.725,217,106.16,134.5971,62.7639,354
1498,161.2346,57722,108.9125,213,107.47,133.4783,61.9703,358
1499,159.4884,61722,108.15,225,106.74,132.4672,59.9368,387
1500,160.4958,57618,107.825,207,106.77,133.2383,60.4347,359
