1,234.4625,71980,123.5,408,123.27,78.6418,44.3531,307
2,233.7476,72228,123.125,420,124.26,78.2879,44.4395,309
3,234.1465,73522,122.4125,386,123.67,78.4279,44.4634,314
4,234.7923,73490,121.65,406,122.76,78.681,44.3279,313
5,235.8377,72638,122.05,401,121.96,78.3987,44.4257,308
6,235.7299,73312,119.475,436,121.98,78.5943,44.538,311
7,237.1661,72810,122.275,414,122.62,78.2237,44.5219,307
8,233.5929,72881,123.1625,410,123.12,78.7903,44.332,312
9,236.1104,72722,121.1,383,123.47,78.6537,44.384,308
10,235.6602,72819,120.875,426,122.74,78.8606,44.3131,309
11,234.8961,72348,123.8875,423,123.85,78.9698,44.2633,308
12,234.7013,72288,120.8875,424,121.27,78.5797,44.569,308
13,236.0519,72704,122.675,440,122,78.7366,44.3929,308
14,235.8333,73580,122.9125,423,122.92,78.8488,44.4748,312
15,237,73944,121.525,483,122.55,78.7374,44.3695,312
16,234.4286,72204,121.8,407,122.14,78.9988,44.3349,308
17,237.9614,74006,122.725,410,123.45,78.8173,44.3544,311
18,235.627,73280,122.0875,414,124.16,78.6536,44.4403,311
19,235.644,72814,120.875,455,121.33,78.8661,44.4033,309
20,235.9772,72445,120.7,396,123.16,78.7461,44.3264,307
21,235.7806,73092,121.5,418,121.88,78.6066,44.3847,310
22,235.0639,73575,121.4,426,121.74,78.5312,44.3054,313
23,235.1101,74765,121.1375,423,121.05,78.2105,44.4874,318
24,235.9159,72898,119.9375,443,121.56,78.3833,44.3818,309
25,234.288,72395,120.4,395,122.49,78.6247,44.466,309
26,236.5179,72611,120.7375,407,122.5,78.5107,44.2446,307
27,236.8746,73668,121.025,441,122.13,78.1984,44.5672,311
28,235.6019,72801,123.1125,418,122.58,78.7712,44.2723,309
29,236.8479,73186,121.275,430,121.54,78.4653,44.3941,309
30,237.4628,73376,121.5375,417,121.96,77.9531,44.5896,309
31,236.8013,72698,122.8,433,121.97,78.5275,44.4647,307
32,236.4679,73778,122.025,432,121.03,78.5628,44.3191,312
33,235.8746,73357,121.6125,408,123.17,78.5589,44.3987,311
34,234.9325,73064,120.2625,413,120.64,78.4976,44.3264,311
35,235.5498,73256,122.175,461,121.83,78.7418,44.3616,311
36,233.0863,72956,121.45,412,123.08,78.8202,44.2552,313
37,234.6174,72966,122.375,468,122.05,78.5115,44.5149,311
38,233.8214,72017,123.275,419,122.83,78.5421,44.6069,308
39,233.2276,72767,122.5125,410,122.01,78.6962,44.3119,312
40,233.7739,73405,122.75,432,123.41,78.5412,44.2515,314
41,234.9642,72134,122.4375,442,123.12,78.0998,44.6324,307
42,232.9019,73597,120.9375,383,121.25,78.359,44.2269,316
43,235.513,72538,121.55,433,122.52,78.3607,44.3254,308
44,235.2662,72462,120.725,410,121.91,78.2474,44.4409,308
45,236.5212,72612,120.7625,418,123.61,78.3761,44.3821,307
46,234.5417,73177,121.75,425,121.91,78.1529,44.4787,312
47,235.2581,72930,120.675,418,121.83,77.9115,44.4796,310
48,234.7508,72538,123.675,419,122.52,77.8039,44.3688,309
49,235.7296,72369,122.025,410,122.5,77.6795,44.8075,307
50,233.4391,72833,122.2625,425,122.89,77.5161,44.4744,312
51,234.4104,71964,121.2125,404,122.22,77.8673,44.4345,307
52,233.7717,72703,122.1375,425,123.54,77.6054,44.4459,311
53,233.2071,72061,121.125,413,121.96,77.5162,44.3291,309
54,234.3713,71952,121.425,420,121.93,77.8977,44.3998,307
55,235.0065,72852,120.75,496,123.42,77.533,44.4442,310
56,232.173,73831,121.5,414,122.9,77.5132,44.5244,318
57,231.9097,71892,122.525,452,122.43,77.2657,44.438,310
58,233.4026,73055,121.075,437,121.81,77.6377,44.497,313
59,232.9778,73621,121.1125,418,122.1,77.3094,44.3071,316
60,231.8323,71868,121.4875,432,121.1,77.5169,44.3633,310
61,233.0717,71553,121.8625,406,122.8,77.3383,44.5577,307
62,233.3974,72820,123.25,418,122.06,77.2517,44.3488,312
63,232.4855,72303,121.725,416,122.91,77.3977,44.6606,311
64,232.2596,72465,122.65,392,122.4,77.5709,44.3845,312
65,233.233,72069,121.9625,415,124.69,77.4428,44.424,309
66,232.3173,72483,121.4,427,122.45,77.7994,44.5803,312
67,232.9524,73380,123.15,399,122.51,77.2297,44.5028,315
68,232.9391,72677,122.55,422,121.96,77.464,44.4302,312
69,232.4658,71367,121.325,413,122.65,77.2731,44.4544,307
70,232.3766,71572,122.725,414,122.11,77.5638,44.3394,308
71,231.8103,72093,120.6625,418,122.78,77.3516,44.5626,311
72,231.5627,72016,121.2375,428,122.9,77.4157,44.2765,311
73,230.345,72098,121.1375,385,121.91,77.5669,44.5258,313
74,232.5179,71383,122.2875,395,122.71,77.587,44.5023,307
75,231.5,71765,122.7625,428,122.21,77.8912,44.2899,310
76,231.9711,72143,121.6,406,122.58,77.6123,44.5756,311
77,232.474,71602,123.275,407,122.83,77.7982,44.5197,308
78,232.7492,71454,122.6125,413,121.81,77.7174,44.6427,307
79,232.0032,71457,121.2625,405,121.2,77.962,44.4864,308
80,232.6429,71654,119.5375,423,121.5,77.6682,44.4326,308
81,231.9286,71434,121.075,387,122.25,77.4906,44.5621,308
82,232.4808,72534,123.3375,424,123.44,77.306,44.3782,312
83,232.3151,72250,121.4875,430,122.19,77.7044,44.4726,311
84,229.9839,71525,120.475,395,123.08,77.5193,44.5843,311
85,231.3766,71264,121.025,412,121.57,77.3662,44.4455,308
86,232.0353,72395,120.4625,393,122.08,77.6399,44.3941,312
87,229.5495,71849,122.7375,435,122.8,77.6229,44.4703,313
88,232.1818,71512,121.45,386,121.72,77.646,44.2756,308
89,227.1861,72018,121.7125,405,122.02,77.544,44.3388,317
90,229.5195,70692,120.8625,421,121.11,77.6329,44.3735,308
91,228.9837,70298,121.9125,402,123.41,77.9869,44.3851,307
92,229.2492,70838,122.8375,404,123.17,77.5792,44.4837,309
93,228.7244,71362,121.1875,422,121.1,77.8381,44.4316,312
94,227.492,70750,121.0125,391,121.37,77.8704,44.5651,311
95,229.3214,70631,123.55,423,121.8,78.0599,44.4176,308
96,227.6494,70116,121.6125,378,122.7,78.3031,44.4261,308
97,227.6442,71025,121.1,405,122.59,77.8185,44.3903,312
98,229.5097,71148,121.65,410,123.06,77.8132,44.5071,310
99,228.1981,70285,122.2875,405,122.19,78.0906,44.4474,308
100,228.1387,70723,121.8875,394,123.04,78.2449,44.305,310
101,228.3257,70096,120.5,416,121.43,78.1676,44.2658,307
102,229.6323,71186,120.3375,394,123.16,78.2811,44.4133,310
103,228.7299,71135,121.7125,418,122.83,77.8897,44.2221,311
104,228.4516,70820,120.85,412,122.18,78.5424,44.3435,310
105,228.4355,70815,120.825,406,122.24,78.0102,44.4007,310
106,228.2404,71211,121.9125,424,122.18,78.2715,44.7548,312
107,228.2853,71225,122.2375,406,122.32,78.4162,44.3998,312
108,229.4935,71143,121.4375,418,122.05,78.4164,44.507,310
109,229.127,70342,123.675,396,123.59,78.5633,44.4324,307
110,228.0065,70226,122,406,122.09,78.664,44.3183,308
111,228.3885,71714,121.2375,440,122.65,78.8883,44.2748,314
112,230.0796,72245,122.05,395,123.35,79.0234,44.4441,314
113,229.9088,70582,122.5375,417,122.81,78.6782,44.5787,307
114,231.4481,71286,122.9375,401,121.07,78.576,44.5122,308
115,228.4263,72868,121.4625,429,122.1,78.9152,44.3335,319
116,230.5742,71478,120.2625,380,122.27,79.0392,44.3707,310
117,231.5277,71079,121.575,399,122.8,79.0043,44.4269,307
118,230.4116,71658,120.05,417,121.18,78.7885,44.473,311
119,230.6169,71030,120.9875,402,121.89,78.7611,44.3483,308
120,230.516,71921,121.8875,396,122.63,78.8019,44.5426,312
121,230.035,72231,123.0875,407,122.22,78.7576,44.4204,314
122,231.5909,71330,120.025,430,121.01,78.6025,44.4006,308
123,232.1699,72437,121.9,398,123.27,78.469,44.4526,312
124,231.5961,71100,121.25,427,121.84,78.0471,44.3525,307
125,232.3474,71563,121.2125,393,121.69,78.0539,44.4188,308
126,230.8375,73868,120.3625,438,121.5,78.5185,44.3349,320
127,232.2395,71762,120.4,398,121.74,78.0269,44.5438,309
128,232.1258,71959,121.85,416,121.75,77.721,44.4273,310
129,232.0502,74024,120.625,433,121.84,78.1342,44.3457,319
130,229.7379,70989,121.0625,417,122.52,77.9897,44.4546,309
131,229.9679,71750,121.525,415,123.01,77.5377,44.4448,312
132,229.6871,71203,121.1,421,122.4,77.9058,44.29,310
133,229.0439,73065,121.5625,400,121.93,77.6139,44.5769,319
134,229.9161,71274,122.3625,417,122.53,77.5693,44.6248,310
135,228.5431,71534,121.75,408,121.67,77.2956,44.4529,313
136,228.4383,70359,121.8125,391,122.94,77.7866,44.3102,308
137,227.7428,70828,122.1125,397,122.2,77.0882,44.493,311
138,227.9522,71577,120.775,406,121.6,76.8465,44.6711,314
139,228.8452,70942,121.3375,425,123.31,77.5945,44.4418,310
140,229.7818,70543,120.3375,415,121.77,77.2208,44.6672,307
141,227.4159,71636,121.775,402,120.66,77.0134,44.6598,315
142,229.11,70795,121.55,436,122.96,76.986,44.3683,309
143,227.9524,71805,119.7,425,122.42,77.3312,44.5805,315
144,228.2182,70063,120.65,436,122.62,77.1256,44.3253,307
145,226.8115,70992,122.675,385,122.23,77.2366,44.6094,313
146,227.0852,71986,121.9,407,121.41,77.3669,44.6023,317
147,226.1745,72602,122.5375,415,122.46,77.0747,44.6352,321
148,229.5342,70467,121.9,397,121.79,76.7245,44.6246,307
149,229.6699,71657,123.075,397,122.15,77.1611,44.5699,312
150,228.1812,70508,121.95,401,121.59,76.8412,44.8435,309
151,228.2129,70746,121.15,410,121.77,77.1893,44.4381,310
152,227.9484,70664,119.175,390,120.36,76.6329,44.5241,310
153,226.2857,71280,119.7375,391,121.71,77.1237,44.6112,315
154,227.5161,70530,120.6625,383,122.4,77.0841,44.2344,310
155,225.0673,70221,122.2,376,122.35,77.1827,44.7461,312
156,227.7621,70834,122.625,414,122.17,77.0256,44.5878,311
157,228.073,71843,121.475,398,121.12,77.6357,44.5777,315
158,226.7029,70958,121.95,425,122.24,77.7591,44.4155,313
159,227.5871,70552,121.6875,407,123.38,77.577,44.4883,310
160,227.4548,70511,120.925,394,121.89,77.1864,44.7417,310
161,227.2645,70452,122.6,418,122,77.6336,44.7386,310
162,228.271,70764,121.9125,390,122.6,77.2029,44.696,310
163,227.0615,70162,120.0375,418,121.9,77.5612,44.5162,309
164,228.9778,72357,121.9875,397,122.61,77.3886,44.8306,316
165,227.4204,71410,121.05,383,120.97,77.6273,44.7824,314
166,228.2532,70302,120.825,394,122.5,77.594,44.4847,308
167,227.3408,70703,119.875,408,120.4,77.9813,44.3748,311
168,226.9806,70364,120.55,397,121.63,77.8073,44.6184,310
169,229.4304,70894,121.8125,392,121.52,77.9915,44.5025,309
170,225.4058,70552,121.3,416,121.18,77.9358,44.3221,313
171,227.1954,69749,121.8,405,121.95,78.0566,44.4295,307
172,224.1778,70616,120.35,416,121.36,77.7613,44.5751,315
173,225.6159,71069,122.4875,399,122.92,78.0055,44.4268,315
174,224.853,70379,121.7375,413,122.45,77.9493,44.6465,313
175,225.6827,70413,122.3,403,122.5,78.0003,44.4694,312
176,227.4903,70067,120.7875,406,121.46,77.7107,44.5743,308
177,228.1618,70502,121.3125,446,122.3,78.1682,44.6801,309
178,227.2083,70889,121.6875,409,122.48,78.1387,44.7289,312
179,226.7588,70522,122.0875,390,122.08,78.3319,44.5637,311
180,226.0705,70534,120.9,395,121.57,77.79,44.6815,312
181,227.7839,70613,121.3125,389,122.1,78.1817,44.6072,310
182,225.9515,69819,122.7625,406,122.27,78.4651,44.6115,309
183,226.9676,70133,121.5125,395,122.13,78.4303,44.5055,309
184,227.3539,70025,122.075,382,121.3,78.364,44.4978,308
185,225.8939,70253,121.1375,403,121.89,77.861,44.73,311
186,226.2899,69471,120.975,419,121.79,78.1521,44.7509,307
187,226.0032,70739,122,407,121.69,78.1613,44.5118,313
188,226.6472,70034,122.0875,392,122.15,77.8218,44.7718,309
189,227.228,69759,121.225,418,121.43,78.2243,44.485,307
190,222.5679,72112,120.7625,413,121.82,78.1558,44.402,324
191,225.5935,69934,121.35,396,122.28,77.93,44.3562,310
192,227.2733,70682,120.775,388,120.9,78.0088,44.6374,311
193,225.8875,70251,120.1625,384,119.93,78.149,44.7177,311
194,227.7695,70153,121.775,408,121.6,78.1109,44.6429,308
195,227.6938,69902,121.3875,390,121.46,78.4359,44.3591,307
196,226.1629,69432,120.25,425,122.01,77.949,44.3882,307
197,226.1891,70571,121.6,388,122.69,77.7599,44.7095,312
198,228.5993,70180,121.475,392,122.35,77.8506,44.5305,307
199,224.229,69511,122.2875,395,122.59,77.823,44.5019,310
200,225.0485,69540,121.9875,477,121.45,77.5269,44.643,309
201,224.3117,69088,122.375,401,123.06,77.7523,44.6987,308
202,226.3344,70390,122.8625,394,122.78,78.1086,44.4519,311
203,226.7727,69846,121.1625,384,121.73,78.0462,44.5881,308
204,228.5961,70179,122.8375,395,122.8,78.1264,44.492,307
205,226.7935,70306,121.2875,416,121.79,78.1533,44.4738,310
206,224.9156,69274,121.9125,395,121.72,77.793,44.337,308
207,225.0195,69306,122.325,446,122.27,77.9754,44.6597,308
208,224.5,69595,121.9875,377,122.14,77.8252,44.3188,310
209,224.9647,70189,119.45,392,121.6,78.0958,44.5854,312
210,226.6484,70261,121.875,391,121.86,78.2077,44.6121,310
211,226.2168,69901,121,403,120.82,77.8013,44.6022,309
212,225.529,69914,120.3625,393,121.81,77.6961,44.4529,310
213,225.9228,70262,122.0125,391,122.51,77.9739,44.3581,311
214,226.9839,70592,120.375,410,120.09,77.4436,44.6128,311
215,228.684,70206,122.7125,395,121.8,77.6106,44.5954,307
216,226.0863,70765,121.4625,410,121.59,77.6336,44.5292,313
217,226.3281,71746,121.1375,379,122.16,77.854,44.3738,317
218,227.8964,70420,119.9375,411,121.26,77.3879,44.6989,309
219,225.5943,71739,122.35,394,122.03,77.4914,44.4896,318
220,226.6429,69806,120.325,427,121.57,77.409,44.4647,308
221,225.8252,69780,121.7375,415,122.47,77.2877,44.3418,309
222,228.114,70031,121.5125,435,122.37,77.0406,44.4427,307
223,226.7935,70306,119.6875,411,120.92,77.0456,44.1841,310
224,224.4151,71364,120.6875,408,122.39,77.0963,44.4123,318
225,226.6529,71169,120.925,407,123.26,77.0091,44.5742,314
226,225.7444,70658,122.1875,389,121.65,77.0184,44.5616,313
227,224.537,69831,120.45,401,121.25,77.1006,44.377,311
228,227.0749,69712,120.8,412,122.64,77.2945,44.4306,307
229,225.7788,70443,119.3,398,121.66,77.2637,44.2129,312
230,224.3681,68881,120.6125,388,120.84,77.1271,44.4373,307
231,227.0847,69715,122.475,425,122.48,76.6083,44.5598,307
232,227.6384,69885,120.8875,394,122.23,76.7663,44.581,307
233,226.6258,70254,121.9125,390,121.59,77.1575,44.4516,310
234,226.7832,70076,120.4375,406,121.1,77.0943,44.4292,309
235,224.5162,69151,121.5625,394,122.41,76.5343,44.8847,308
236,224.8032,69689,121.325,416,121.83,76.6053,44.8285,310
237,224.8409,69251,121.6,428,121.45,76.8557,44.4006,308
238,225.9579,69821,120.9125,401,121.53,77.1005,44.4225,309
239,225.1234,69338,120.6125,387,121.71,76.7775,44.4692,308
240,225.1336,69116,120.175,401,122.27,76.4157,44.4884,307
241,225.1596,69124,121.05,410,120.9,77.3397,44.6366,307
242,225.2452,69826,122.625,426,121.97,77.0102,44.7226,310
243,223.9649,70101,121.3375,406,122.15,77.1281,44.3092,313
244,225.6136,69489,120.9875,385,121.95,77.2813,44.4812,308
245,225.1548,69798,121.85,394,122.7,77.0204,44.6924,310
246,225.4337,69659,120.375,400,121.39,77.0177,44.5431,309
247,223.3084,68779,121.0125,403,122.69,77.0817,44.4529,308
248,224.772,69005,120.8125,406,121.39,77.1925,44.4526,307
249,223.8907,69630,120.3,390,120.63,76.8316,44.4993,311
250,225.0615,69544,121.0625,416,120.83,76.826,44.717,309
251,224.6677,69647,123.7,406,122.78,77.0127,44.6458,310
252,224.0226,69447,121.2875,385,120.93,76.9393,44.5548,310
253,225.0225,69982,121.65,414,121.43,77.129,44.3145,311
254,224,69440,119.3875,392,121.49,77.0929,44.5661,310
255,226.2935,70151,120.525,437,120.59,76.9141,44.6446,310
256,225.7329,69300,121.2,395,122.38,77.2665,44.7302,307
257,226.645,69580,121.2125,408,122.18,76.9676,44.4164,307
258,225.7955,70674,121.2,388,122.18,76.9409,44.6951,313
259,223.9644,69205,120.9375,397,121.14,76.7235,44.6339,309
260,223.7412,70031,120.9375,402,121.4,77.084,44.7585,313
261,224.2662,69074,120.45,402,121.04,76.8749,44.5238,308
262,224.2866,70426,120.8125,413,120.64,76.8898,44.7528,314
263,226.7305,69833,122.8125,432,121.13,76.5951,44.6861,308
264,223.0942,68713,121.5875,384,121.7,76.7936,44.8894,308
265,225.4355,69885,120.225,416,121.83,76.9828,44.5403,310
266,222.4207,68728,121.9875,389,120.72,77.3476,44.6345,309
267,224.1071,69025,120.225,390,120.14,77.1502,44.6081,308
268,225.1254,70014,122.05,398,122.08,77.0978,44.8404,311
269,224.0541,70353,120.425,392,120.5,77.3174,44.7477,314
270,223.0806,69155,122.7875,407,121.98,77.0854,44.7182,310
271,223.6399,69552,120.6375,384,120.89,77.2973,44.5213,311
272,224.3633,69777,121.9,448,120.83,77.7252,44.6256,311
273,222.15,71088,123.1,409,122.29,77.5022,44.8136,320
274,224.829,69697,120.7875,409,120.82,77.9409,44.633,310
275,225.9349,69362,121.975,391,121.33,77.91,44.725,307
276,223.0291,68916,120.8,401,122.14,77.8806,44.6006,309
277,225.1318,70016,121.325,415,120.95,77.7743,44.6304,311
278,224.2419,69515,121.675,416,121.08,77.667,44.6142,310
279,223.43,68593,121.2375,388,122.27,77.7191,44.7351,307
280,224.7403,69220,121.8125,375,121.59,77.7665,44.7217,308
281,224.2058,69728,120.6375,391,120.68,77.9445,44.5988,311
282,224.3409,69097,122.075,383,122.34,77.9961,44.5917,308
283,223.3811,68578,121.775,384,121.88,77.6263,44.6485,307
284,223.7903,69375,120.9875,397,122.39,77.9934,44.663,310
285,222.4185,69617,121.525,382,122.11,77.9271,44.6338,313
286,222.6571,69469,122.675,382,121.88,78.1481,44.3978,312
287,224.8571,69256,121.5625,407,121.38,78.2057,44.5,308
288,225.1424,69569,122.1875,374,122.47,78.2172,44.5925,309
289,222.3645,68933,122.3625,402,121.36,77.9931,44.4792,310
290,223.8301,69835,121.35,398,121.96,78.0509,44.6567,312
291,224.6893,69429,121.5625,413,121.71,78.0147,44.4401,309
292,225.1387,69793,121.1,418,121.61,78.1492,44.3119,310
293,225.6808,69284,122.0875,406,121.38,78.3099,44.4259,307
294,225.4051,70101,120.425,383,121.39,78.0766,44.5627,311
295,223.2926,69444,122.7625,418,120.76,78.0931,44.5412,311
296,225.1871,69808,120.45,390,121,78.1809,44.3773,310
297,224.3981,69339,121.7875,405,121.34,78.3542,44.5325,309
298,225.5728,69702,121.2625,397,120.68,78.4537,44.4811,309
299,225.763,69535,120.6875,387,120.7,78.2752,44.5706,308
300,225.4853,69224,121.25,385,121.21,78.3847,44.7076,307
301,223.1899,70528,123.4,394,121.96,78.549,44.5445,316
302,225.164,70026,121.725,410,121.12,78.2761,44.5834,311
303,223.3903,69251,121.4375,406,120.82,78.437,44.3576,310
304,225.0478,70665,120.45,400,121.51,78.7414,44.4485,314
305,225.8714,70246,120.7,401,121.09,78.2376,44.3805,311
306,223.8413,70510,120.7875,411,122.46,78.4257,44.3347,315
307,225.2058,70039,120.2375,424,120.09,77.7447,44.6988,311
308,225.4076,70778,119.475,413,121.1,78.2069,44.2043,314
309,226.8285,70090,120.2375,422,120.34,77.9637,44.4076,309
310,226.6124,69570,121.275,417,122.02,77.9161,44.3272,307
311,227.4919,70295,120.8875,402,120.89,77.7192,44.4615,309
312,226.8994,69885,122.1125,413,122.39,77.8648,44.3921,308
313,226.8123,70085,121.9625,396,122.93,77.6885,44.5147,309
314,226.3537,70396,119.4,427,119.6,78.1493,44.5174,311
315,227.0833,70850,120.35,394,121.03,78.0924,44.4922,312
316,226.5387,70227,121.05,411,122.04,77.9051,44.5246,310
317,225.9903,69831,121.175,388,120.88,77.5578,44.6367,309
318,223.8782,69850,121.7625,380,121.44,78.2461,44.4263,312
319,226.4513,69747,120.4,436,121.02,78.1541,44.4769,308
320,225.2452,69826,120.5875,405,121.04,77.5592,44.5344,310
321,224.2283,69735,122.3,401,121.76,78.085,44.5055,311
322,225.0945,69104,120.6125,437,122.23,77.9709,44.3912,307
323,227.3961,70038,121.4,409,122.38,77.9634,44.43,308
324,227.1857,69746,119.725,423,120.94,78.4091,44.6204,307
325,227.3398,70248,120.175,423,120.04,78.4274,44.4623,309
326,227.288,70232,118.975,392,119.67,78.1925,44.3611,309
327,227.5871,70552,120.6125,404,121.59,78.3788,44.3469,310
328,229.3762,71336,121.475,403,121.69,78.1,44.5741,311
329,226.2911,71508,122.4375,400,121.52,78.0174,44.2545,316
330,227.2437,71809,119.3,403,120.68,78.2383,44.4517,316
331,227.1581,70419,120.4625,422,121.47,78.2136,44.3983,310
332,226.4121,70867,119.6375,383,121.07,78.0675,44.4451,313
333,226.3878,70633,121.2125,403,122.5,78.2357,44.4523,312
334,227.0161,70602,120.3625,421,121.74,77.9408,44.4435,311
335,226.8521,70551,120.6,394,120.23,78.1029,44.4403,311
336,228.6242,71788,122.225,397,122.41,77.5423,44.3347,314
337,226.3462,70620,120.75,400,121.4,77.6342,44.4611,312
338,226.6311,70029,121.25,418,121.94,77.7993,44.3656,309
339,226.8474,69869,120.9375,394,121.67,77.6924,44.5087,308
340,227.4968,70524,121.3375,405,120.4,77.3952,44.4244,310
341,227.2671,69771,120.7,431,121.87,77.7064,44.5145,307
342,225.4416,69436,122.1125,396,122.46,77.8149,44.3741,308
343,224.9642,69064,121,390,121.66,77.3768,44.6637,307
344,226.0909,69636,121.675,390,121.73,77.6939,44.4107,308
345,226.6189,69572,121.2625,425,121.39,77.4758,44.6079,307
346,223.3671,70584,122.475,440,122.88,77.6732,44.3752,316
347,221.544,70451,119.95,404,121.95,77.3043,44.2908,318
348,222.8594,69755,120.4625,387,121.69,76.6974,44.5416,313
349,223.6505,69108,119.775,393,119.65,77.4022,44.3947,309
350,223.9772,68761,119.825,390,121.6,77.0353,44.5918,307
351,225.3592,69636,120.9375,396,121.74,77.6144,44.4999,309
352,224.5552,69163,120.3625,409,121.7,77.2737,44.5203,308
353,223.2548,69209,122.0375,403,121.77,77.4245,44.6867,310
354,225.4239,69656,121.15,400,120.64,77.0011,44.4644,309
355,223.4172,70153,119.5875,424,121.3,77.1806,44.577,314
356,223.7087,69126,120.9625,403,121.68,77.405,44.6719,309
357,224.5746,70741,121.0375,414,120.45,77.4856,44.4636,315
358,224.4951,69369,122.05,398,122.64,77.2417,44.4377,309
359,225.7792,69540,119.3625,384,121.6,77.3796,44.5023,308
360,225.1677,69802,122.3125,418,123.05,77.2874,44.6211,310
361,225.0809,69550,121.1125,421,121.25,77.3985,44.3627,309
362,225.6731,70410,120.6625,434,121.97,77.6266,44.4414,312
363,225.4557,71244,121.6,397,121.62,77.4543,44.5483,316
364,225.759,69308,122.1125,415,120.77,77.4889,44.3949,307
365,225.3,69843,122.2875,374,122.94,77.979,44.4073,310
366,222.5157,70760,119.975,404,121.05,77.2594,44.4627,318
367,223.1571,69625,120.0375,404,121.16,77.8694,44.3436,312
368,225.8045,70451,121.3125,401,121.62,77.1637,44.505,312
369,226.2305,69679,122.425,393,121.77,77.8232,44.3711,308
370,225.899,69351,120.4,390,122.37,77.5292,44.3348,307
371,223.9167,69862,121.3,409,122.53,77.7245,44.4588,312
372,224.5962,70074,118.9125,400,120.47,77.6559,44.3759,312
373,223.8949,70303,120.8,401,121.53,77.6615,44.4043,314
374,225.7702,69763,119.8,397,121.14,77.6825,44.4536,309
375,225.654,71081,121.5375,380,121.63,77.4952,44.3177,315
376,226.0747,69631,120.2125,398,121.71,77.3848,44.3679,308
377,226.8306,69637,121.1375,394,121.28,77.2289,44.5702,307
378,226.3109,70609,121.4875,411,120.7,77.3236,44.3018,312
379,224.5159,70498,120.6125,397,122.35,77.1745,44.4774,314
380,226.4337,69968,120.825,419,120.59,76.9029,44.4013,309
381,226.9578,69903,120.0125,427,121.25,77.3757,44.4978,308
382,225.5266,71943,119.6875,393,120.63,77.2008,44.5606,319
383,226.2373,71491,121.225,384,121.89,77.274,44.5206,316
384,227.1987,69750,121.4125,392,121.53,77.2725,44.4598,307
385,226.9349,69669,121.025,419,121.54,76.938,44.4824,307
386,226.9838,69911,121.825,407,122.05,76.9091,44.5606,308
387,226.1331,69649,120.65,388,120.33,76.8946,44.4231,308
388,226.7532,69840,119.3125,431,121.19,77.0006,44.536,308
389,226.6786,69817,120.2,423,120.99,76.7869,44.61,308
390,226.4448,69745,121.6875,402,120.48,76.6987,44.4338,308
391,226.0909,69636,120.1,412,122.12,76.924,44.4691,308
392,225.4886,69225,119.55,423,120.14,76.9855,44.5491,307
393,224.4069,71137,119.5375,401,121.07,76.9538,44.4241,317
394,225.9188,69583,121.3125,400,121.24,77.1105,44.3433,308
395,225.5631,69699,119.6375,393,121.73,76.8618,44.5639,309
396,225.6923,70416,122.4125,406,122.36,76.8894,44.6551,312
397,228.0939,70481,119.8,392,121.49,76.7748,44.6098,309
398,227.8167,70851,121.325,415,121.14,77.0158,44.3565,311
399,226.8006,70535,121.5,397,121.52,77.0744,44.4408,311
400,225.9272,71393,120.475,382,120.31,76.6529,44.5088,316
401,227.5357,70081,121.7375,379,122.14,76.89,44.4321,308
402,227.1981,69977,120.45,413,122.09,76.9307,44.4782,308
403,228.328,71010,119.5875,396,120.08,77.0877,44.5298,311
404,228.6221,70187,121.2875,395,120.17,76.9004,44.3871,307
405,227.234,70897,121.3625,382,121.12,76.7227,44.4789,312
406,227.2058,70661,119.825,391,121.08,76.955,44.4105,311
407,226.9383,69897,119.4375,402,121.21,76.8963,44.6197,308
408,228.228,70066,120.9375,411,121.56,76.9027,44.6524,307
409,227.4153,71181,121.35,383,121.52,77.1598,44.8184,313
410,227.4774,70518,121.0875,406,122.64,76.7706,44.7526,310
411,227.1054,71084,121.1125,398,121.03,76.8273,44.5405,313
412,227.6444,71708,121.6625,393,121.61,77.3707,44.3226,315
413,226.5129,70219,119.7375,415,121.45,76.6357,44.5393,310
414,226.1139,71452,121.0875,413,119.92,77.0879,44.5838,316
415,228.6417,70193,120.275,378,120.57,76.8028,44.5649,307
416,227.2695,69999,120.85,399,120.75,77.0069,44.4599,308
417,225.7331,70203,120.675,398,121.66,76.737,44.3614,311
418,224.8506,69254,120.3875,442,120.96,77.032,44.5045,308
419,224.6401,70537,122.0875,373,121.16,76.8167,44.5434,314
420,226.9871,70139,121.0125,408,121.11,77.0177,44.4889,309
421,225.6571,71082,120.6625,379,121.51,77.0885,44.3991,315
422,225.8682,70245,121.375,411,121.27,76.9924,44.4319,311
423,225.224,69369,119.7125,399,120.87,77.0264,44.4769,308
424,225.4204,70782,119.1,396,121.14,77.252,44.4678,314
425,225.508,70584,120.95,415,121.58,77.2927,44.5606,313
426,224.8599,70606,122.4625,387,121.31,76.7147,44.6841,314
427,222.9646,69342,120.9375,391,120.82,77.3416,44.5783,311
428,223.873,68729,120.625,398,121.3,76.9615,44.5349,307
429,225.873,69343,121.675,398,121.77,77.0767,44.5262,307
430,224.2677,69523,120.2125,406,120.88,77.1291,44.5074,310
431,223.7346,69134,120.35,384,120.94,76.8277,44.4231,309
432,222.2671,68236,120.4625,420,121.06,76.8312,44.3896,307
433,222.2336,71337,120.1375,376,121.71,77.1762,44.6143,321
434,222.5987,68783,122.625,401,121.24,77.3789,44.6028,309
435,224.1169,69028,120.9375,431,121.33,76.8746,44.5953,308
436,222.9221,68660,120.6125,406,120.92,76.7932,44.6725,308
437,223.1161,69166,121.3625,380,121.57,77.2158,44.503,310
438,224.4007,68891,122.725,407,121.41,77.2177,44.4677,307
439,223.5487,68853,121.2375,379,121.02,77.3599,44.3773,308
440,221.263,68149,120.95,372,122.06,77.5433,44.3792,308
441,222.1774,68875,119.775,408,122.22,77.1496,44.5397,310
442,221.2894,68821,122.6375,459,121.57,77.399,44.3385,311
443,220.8825,69578,119.125,403,120.34,77.2164,44.5145,315
444,222.4643,68519,122.2875,429,120.61,77.1206,44.3543,308
445,221.0518,68305,121.5,399,121.2,77.3828,44.4549,309
446,220.9135,68925,119.7125,394,121.37,77.4138,44.3793,312
447,222.3192,68252,121.6,391,121.55,77.1953,44.5341,307
448,222.487,68526,119.45,387,120.04,77.2666,44.6421,308
449,222.6773,69698,120.4375,379,121.85,77.1913,44.4245,313
450,222.3994,69611,120.175,400,120.49,77.207,44.388,313
451,222.7305,68601,119.9625,387,120.4,76.7917,44.5693,308
452,221.2903,68600,120.9875,442,120.13,76.9856,44.6053,310
453,220.8667,69573,120.0125,379,121.34,77.2002,44.3856,315
454,223,69130,120.0375,409,120.98,77.5082,44.3605,310
455,221.7055,68507,120.1125,390,121.2,77.3524,44.5663,309
456,219.0877,67479,121.1375,402,121.44,77.375,44.5031,308
457,220.4121,68989,121.475,409,120.91,77.0094,44.4293,313
458,221.519,70000,120.7625,404,120.93,77.2385,44.4193,316
459,220.3139,68077,119.725,377,121.66,77.2609,44.5237,309
460,221.211,68133,120.825,414,120.44,77.0965,44.3767,308
461,221.5367,69341,121.7,382,122.04,77.4773,44.6597,313
462,221.3269,68390,122.125,370,120.44,77.2526,44.5658,309
463,219.9776,68633,120.95,390,120.21,77.499,44.5678,312
464,220.653,69947,120.4875,419,120.9,77.2146,44.3432,317
465,222.0128,69268,120.0875,394,121.75,77.1268,44.5269,312
466,223.3333,69680,121.2375,398,121.01,77.6642,44.3778,312
467,221.3074,68384,120.8,384,121.92,77.1717,44.5934,309
468,221.7685,68970,122.2375,379,122.9,76.9465,44.4612,311
469,222.1942,68658,119.175,395,120.08,77.0789,44.6085,309
470,219.919,70594,120.775,396,119.73,76.7106,44.6203,321
471,223.3734,68799,120.4625,420,119.83,76.96,44.4897,308
472,223.0227,68914,121.45,394,121.03,76.9439,44.7505,309
473,223.0227,68691,120.3125,396,120.32,76.899,44.5932,308
474,221.9525,70137,120.85,394,120.42,76.9769,44.7947,316
475,223.1075,68494,121.35,404,121.33,76.986,44.467,307
476,224.1818,69048,120.625,406,123.35,77.2284,44.5065,308
477,223.0744,68930,120.4125,386,121.5,76.9353,44.6619,309
478,222.9387,69111,121.075,377,121.06,77.0896,44.6938,310
479,222.0868,69069,120.825,392,120.56,77.3532,44.5347,311
480,222.5552,68547,122.3125,395,122.26,76.9315,44.5221,308
481,223.7717,69593,119.975,397,120.6,77.5069,44.5793,311
482,223.2468,68760,121.5125,400,121.52,77.0768,44.3597,308
483,224.987,69071,120.3375,421,120.29,77.1874,44.5824,307
484,224.6218,70082,120.0625,394,121.42,76.7681,44.8392,312
485,223.2975,70562,120.7,403,121.98,77.013,44.5789,316
486,223.9903,69437,121.425,394,121.7,76.6054,44.7414,310
487,225.1097,69784,118.8125,379,121.24,76.5724,44.7669,310
488,222.2797,69129,121.75,416,121.56,76.995,44.6253,311
489,223.5016,68615,120.6875,394,121.58,76.9835,44.5471,307
490,221.7656,70965,120.275,389,121.43,77.1319,44.6367,320
491,222.2025,70216,122.65,397,121.52,77.032,44.5996,316
492,225.5277,69237,122.3375,402,121.29,77.1821,44.3462,307
493,223.5617,68857,119.375,395,121.28,77.3204,44.6284,308
494,223.6181,69098,121.9,396,121.73,77.0658,44.638,309
495,224.5287,70502,121.275,420,121.34,77.4338,44.6396,314
496,223.0977,68491,121.05,411,120.68,77.3709,44.5674,307
497,225.2308,70272,121.9,380,121.36,77.2142,44.5155,312
498,224.0032,69217,120.8375,396,120.99,77.303,44.6632,309
499,222.0289,69051,121.0125,383,121.54,76.9805,44.2556,311
500,221.3633,68844,120.2625,398,120.79,77.3703,44.6743,311
501,222.7184,68820,121.3625,400,120.96,77.2812,44.6332,309
502,223.3397,69682,120.1,369,120.84,77.3057,44.4383,312
503,221.379,69513,121.15,391,121.29,77.1079,44.7297,314
504,221.5705,69130,121.45,404,121.66,77.2036,44.9517,312
505,223.0677,69151,119.9375,409,121.02,77.6999,44.5367,310
506,222.4142,68726,121.5125,377,120.97,77.2668,44.4877,309
507,222.9233,69775,121.1625,400,122.57,77.1801,44.419,313
508,223.2045,69863,119.8125,394,121.1,77.6448,44.4882,313
509,223.5484,69300,119.85,404,121.54,77.4185,44.5315,310
510,224.8306,69023,120.0625,404,120.9,77.4223,44.5264,307
511,223.329,68562,120.0375,406,120.71,77.3809,44.4952,307
512,223.9579,69203,121.6375,405,121.99,77.4855,44.7821,309
513,224.6124,68956,121.475,420,120.83,77.4715,44.6086,307
514,222.9581,69117,121.7375,393,121.3,76.9511,44.6824,310
515,224.4207,69346,121.0125,387,121.4,77.1121,44.8517,309
516,224.5909,69174,121.325,416,121.81,77.1981,44.5724,308
517,223.1197,68944,121.425,383,120.66,77.1691,44.5271,309
518,221.2875,69263,121.925,390,122.21,77.0144,44.6973,313
519,222.7435,68605,122.25,373,121.21,76.7709,44.4483,308
520,223.3192,68559,119.5,407,121.06,76.8279,44.6325,307
521,222.045,69056,120.625,409,120.79,76.9391,44.5451,311
522,222.8457,69305,120.5625,410,120.39,77.1305,44.5123,311
523,222.557,70328,120.4,407,120.85,76.5562,44.4405,316
524,223.1541,70963,121.2625,404,122.04,76.761,44.4763,318
525,223.6299,68878,119.45,400,120.46,76.684,44.4717,308
526,224.0619,68787,120.45,395,121.29,76.6242,44.5528,307
527,222.4554,69851,120.325,409,120.25,76.863,44.5506,314
528,224.3701,69106,119.7,412,119.84,76.554,44.6443,308
529,222.9806,69124,120.5375,385,121.14,76.3346,44.6733,310
530,223.5937,70432,121.3375,396,120.67,76.7399,44.2954,315
531,224.4935,69144,119.775,387,120.27,76.0183,44.7088,308
532,223.1774,69185,119.45,409,121.14,76.6094,44.6238,310
533,223.3366,69011,120.4,400,120.96,76.2164,44.6102,309
534,224.1161,69476,121.4,392,120.71,76.3771,44.489,310
535,224.0682,69013,118.7125,392,119.99,76.493,44.6916,308
536,223.9446,68751,119.6,395,120.03,76.3905,44.5595,307
537,223.4469,69492,121.3625,397,121.97,76.3029,44.4206,311
538,225.0677,69771,120.2125,409,119.83,76.217,44.4481,310
539,225.1859,70258,120.325,427,121.47,76.1633,44.8521,312
540,221.9772,68147,120.2125,395,120.9,76.1376,44.7578,307
541,224.1285,71497,119.6875,426,119.96,76.1436,44.5441,319
542,223.7166,70247,120.1625,423,120.46,75.8109,44.7024,314
543,223.3119,69450,119.7,412,120.55,75.8362,44.6565,311
544,224.1068,69249,120.325,396,121.37,75.8734,44.7363,309
545,223.1688,70075,119.475,427,122.15,76.1274,44.6719,314
546,223.9935,68766,118.1625,396,118.3,75.975,44.6121,307
547,223.8312,68940,120.775,414,120.71,75.8414,44.4922,308
548,224.7199,68989,120.4125,417,120.57,76.1677,44.6644,307
549,225.9579,69821,119.8625,380,119.41,75.9561,44.5267,309
550,224.0971,69246,121.575,424,122.68,75.9473,44.7894,309
551,223.7143,68904,118.6875,399,119.68,75.6396,44.9313,308
552,223.8117,68934,120.475,391,120.07,75.9539,44.7064,308
553,225.1824,69131,119.4125,416,120.05,76.087,44.5559,307
554,226.627,70481,121.7875,408,121.32,75.8986,44.5542,311
555,225.2783,69611,120.575,384,121.31,75.6477,44.8102,309
556,225.2395,69599,119.525,417,120.65,76.0749,44.6755,309
557,224.877,69487,118.95,406,120.91,75.6619,44.5808,309
558,224.8903,69716,118.975,413,119.78,75.7301,44.6612,310
559,225.11,69559,119.575,395,119.37,75.4964,44.7408,309
560,223.737,68911,120.425,377,122.28,75.2539,44.8762,308
561,224.8795,69038,121.4,391,120.73,75.905,44.5503,307
562,224.0774,69464,120.275,395,119.62,75.7732,44.7201,310
563,224.343,69322,120.75,399,120.37,75.4118,44.7931,309
564,223.5353,69743,121.15,407,120.88,75.6623,44.7008,312
565,223.8188,69160,120.0875,389,119.87,75.3916,44.6967,309
566,223.0032,69131,120.35,380,120.76,75.9514,44.5311,310
567,223.886,68733,119.2625,400,119.57,74.9792,44.7223,307
568,221.2286,69687,120.125,390,120.51,75.371,44.8716,315
569,221.3935,68632,119.35,420,119.94,75.4925,44.7926,310
570,222.0712,68620,120.3,406,120.34,75.2771,44.5647,309
571,222.9577,68448,119.675,388,120.87,74.9148,44.7723,307
572,221.3713,67961,119.375,384,120.79,75.0349,44.8536,307
573,220.7799,68221,119.5,377,121.44,75.3121,44.6398,309
574,220.4156,67888,120.7875,375,120.9,74.9536,44.7387,308
575,219.7429,69219,119.125,428,119.06,75.4594,44.7723,315
576,220.3301,68082,119.675,370,120.26,75.053,44.658,309
577,221.9169,69460,120.7875,395,119.21,75.4144,44.7315,313
578,219.1571,68377,120.6375,427,121.29,74.9704,44.7981,312
579,218.7774,67821,120.9125,382,119.92,75.253,44.7281,310
580,221.484,69103,118.625,389,120.92,75.2553,44.8117,312
581,220.5372,68146,118.75,386,119.53,75.3455,44.7933,309
582,223.2524,68985,120.8625,402,120.28,75.2196,44.7207,309
583,218.8968,67858,119.6125,406,120.12,75.3777,44.7819,310
584,219.2654,67753,119.6125,387,120.24,75.1109,44.9664,309
585,218.9481,67436,119.9625,382,119.7,75.1908,44.8279,308
586,219.1798,69480,119.575,376,119.88,75.8519,44.7475,317
587,217.5728,67230,120.075,367,120.86,75.306,44.9295,309
588,218.3811,67043,119.6375,414,120.87,75.6606,44.5848,307
589,220.2186,68488,119.6875,399,120.33,75.3555,44.7857,311
590,219.641,68528,119.6875,413,119.57,75.6839,45.0087,312
591,220.5584,67932,119,386,119.28,76.2344,44.7311,308
592,219.1101,69677,119.5625,383,120.75,76.0345,44.688,318
593,220.3355,67643,120.625,393,120.25,75.6133,44.9063,307
594,219.4135,68457,118.4375,388,120.03,76.1471,44.6651,312
595,216.4484,67099,120.1375,375,120.4,75.9161,44.6331,310
596,217.5764,68319,118.5,406,121.1,76.0646,44.9633,314
597,218.6516,67782,118.9125,398,119.62,76.4854,44.5753,310
598,218,68234,120.1375,378,120.35,76.4305,44.6371,313
599,218.3258,67681,118.6625,388,120.27,75.8921,44.716,310
600,218.5531,67970,119.55,385,119.3,76.4003,44.4493,311
601,217.9355,67560,119.275,370,120.08,76.2586,44.6422,310
602,217.6166,68114,120.3625,408,120.04,76.3651,44.7355,313
603,219.1234,67490,118.9125,394,120.22,76.5086,44.5483,308
604,217.8176,66870,120.15,378,120.19,75.9154,44.7293,307
605,217.7878,67732,119.9,417,120.62,76.0664,44.6487,311
606,220.3065,68295,120.3125,406,119.49,76.5011,44.3707,310
607,220.1942,68040,120.625,367,119.58,76.0583,44.4309,309
608,217.7375,69676,119.35,388,119.24,76.5737,44.6565,320
609,218.4516,67720,120.675,386,120.76,76.5995,44.5563,310
610,218.2233,67431,119.7,372,119.04,76.2169,44.6931,309
611,220.0767,68884,119.5375,414,119.67,76.2312,44.7208,313
612,218.737,67371,118.7125,377,119.86,76.157,44.6683,308
613,219.6161,68081,119.2125,384,120.36,76.3016,44.7907,310
614,219.0228,67240,118.7125,356,120.05,76.1548,44.7056,307
615,215.9219,69095,120.8875,387,121.27,76.7844,44.6551,320
616,217.8078,66867,119.9125,375,119.39,76.1233,44.6873,307
617,218.3742,67696,120.4625,393,120.18,76.3942,44.8519,310
618,219.0577,68346,119.4125,398,120.76,76.3624,44.4024,312
619,221.0586,67865,119.2375,403,118.85,76.5236,44.6626,307
620,217.7331,67715,119.4375,388,118.86,76.4612,44.7762,311
621,217.232,69297,118.825,371,119.7,76.6741,44.6443,319
622,218.3878,68137,120.65,396,120.03,76.4883,44.4413,312
623,219.4212,68240,119.4125,399,119.99,76.3321,44.5436,311
624,219.2684,68631,119.4125,382,120.72,76.3337,44.6002,313
625,217.6113,69418,118.6875,359,119.63,76.2279,44.685,319
626,216.9644,67042,119.2,380,119.79,76.0837,44.7855,309
627,217.3052,66930,119.4875,382,120.45,76.0925,44.7667,308
628,217.9065,67551,119.1625,383,119.73,75.9937,44.938,310
629,218.1865,67856,119.825,383,119.98,75.7462,44.7375,311
630,216.1781,69177,117.85,400,119.08,76.1742,44.7218,320
631,216.3849,68594,118.9125,377,119.36,76.0013,44.7342,317
632,217.2332,67994,118.6875,404,120.86,76.2338,44.415,313
633,215.5633,68118,119.675,361,122.21,75.9513,44.7835,316
634,216.877,67015,119.8125,385,120.48,76.0956,44.8568,309
635,215.4082,68069,119.45,397,119.35,76.249,44.8554,316
636,218.25,68094,120.175,399,120.16,76.0438,44.6953,312
637,217.2964,66710,120.7375,396,119.89,76.3574,44.54,307
638,217.3099,68018,119.425,406,120.39,76.2025,44.583,313
639,217.5097,66993,119.6375,376,120.73,76.0307,44.8621,308
640,218.3506,67252,120.6125,390,119.37,76.0299,44.5433,308
641,219.2756,68414,119.275,392,119.79,76.0488,44.9085,312
642,218.0613,67599,120.0625,382,119.37,76.056,44.6786,310
643,219.1262,67710,120.1625,387,120,76.3201,44.6514,309
644,219.3811,67350,119.7625,418,120.66,76.1161,44.7634,307
645,215.5095,68101,120.2625,390,120.16,75.9573,44.6748,316
646,219.1613,67940,118.775,377,119.42,76.0646,44.8356,310
647,217.8548,67535,120.0625,366,119.8,76.2087,44.5556,310
648,218.3864,67263,119.7625,376,119.43,76.2664,44.6499,308
649,217.1178,68175,119.65,402,120.08,76.4879,44.5031,314
650,216.3494,67501,118.675,378,119,76.3167,44.5269,312
651,217.3119,67584,119.5625,431,120.54,76.2322,44.6097,311
652,217.3123,68888,120.2625,376,120.67,76.3233,44.7977,317
653,216.3722,66859,120.8125,388,120,75.7914,44.6706,309
654,217.8199,67742,120.0375,371,120.22,75.9048,44.7168,311
655,217.5534,67224,119.875,402,120.52,76.1473,44.5669,309
656,217.7818,66859,119.1125,397,120.87,75.6316,44.7556,307
657,218.6246,67555,119.2125,415,118.86,75.7413,44.8423,309
658,217.7948,66863,118.925,370,120.24,75.4436,44.6632,307
659,217.9935,67360,118.875,406,120.03,75.7127,44.6088,309
660,218.6019,67548,120.25,407,120.58,75.4033,44.8768,309
661,217.8328,67746,121.625,378,119.8,75.8385,44.6252,311
662,217.3442,66942,120.3375,396,120.55,75.6041,44.7379,308
663,216.4723,66457,118.9625,379,119.92,75.1483,44.7697,307
664,216.5385,67560,119.6375,386,121.31,75.1405,44.7063,312
665,219.224,67521,120.75,390,120.06,75.3874,44.5348,308
666,216.4135,67521,119.525,403,119.44,75.4678,44.6067,312
667,215.3121,67608,119.1875,385,120.48,75.6101,44.8336,314
668,216.1246,67647,118.35,388,119.07,75.4583,44.7474,313
669,215.7157,67519,118.8625,402,120.33,75.4623,44.6557,313
670,216.9486,67471,119.8125,347,120.03,75.6959,44.6253,311
671,215.1534,67343,118.925,392,119.95,75.4256,44.8879,313
672,215.0032,66651,120.4375,361,119.91,75.3011,44.8301,310
673,215.7129,66871,118.7875,370,119.83,75.0251,44.9157,310
674,216.8641,67011,119.425,385,120.21,75.2551,44.7993,309
675,215.9446,66295,119.525,404,120.46,75.3315,44.6588,307
676,215.7302,67955,120.3625,417,120.66,75.2553,44.6291,315
677,215.141,67124,119.4125,367,119.91,75.093,44.7331,312
678,214.9805,65999,119.05,389,120.19,75.4269,44.7186,307
679,215.4103,67208,120.15,396,121.21,75.4063,44.668,312
680,215.9839,66955,119.225,388,120.61,74.885,44.6978,310
681,214.1565,67031,119.025,393,121.53,75.0538,44.6419,313
682,216.342,66417,119.875,380,120.23,75.046,44.5351,307
683,214.9582,66852,120.6625,369,119.86,75.1959,44.7618,311
684,215.0881,68398,119.4875,399,119.74,75.0596,44.8956,318
685,214.3917,67319,118.4625,417,119.17,74.8891,44.6369,314
686,214.3218,67940,117.7,377,120.4,74.7665,44.78,317
687,214.1911,67256,119.3125,375,119.68,74.5365,44.6163,314
688,216.3,67053,120.3875,373,119.51,74.92,45.0185,310
689,215.717,67088,118.4,390,119.69,74.6931,44.908,311
690,214.929,66628,120.1375,408,120.23,74.651,44.9464,310
691,215.8562,67563,120.6375,376,120.35,74.3783,44.8142,313
692,215.6634,66640,118.7375,397,119.14,74.442,44.9745,309
693,213.9317,68886,120.1125,376,120.29,74.8628,44.6074,322
694,214.955,66851,119.4375,371,120.79,74.7399,44.6777,311
695,217.899,66895,120.875,419,121.38,74.4984,44.5717,307
696,216.8377,66786,120.0875,404,119.03,74.5224,44.651,308
697,215.6656,67072,119.525,399,119.97,74.5497,44.5124,311
698,217.1133,67088,117.875,400,119.44,74.5063,44.6607,309
699,215.9524,68025,119.5,389,119.79,74.4817,44.8777,315
700,217.5195,66996,120.1,395,120.46,74.696,44.9065,308
701,215.9453,67159,118.5875,391,120,74.3271,45.08,311
702,216.0163,66317,119.5125,389,119.92,74.7078,44.648,307
703,217.8896,67110,118.9625,378,119.76,74.3236,44.8208,308
704,217.7394,66846,119.9625,395,120.29,74.3919,44.6834,307
705,214.9708,66211,119.5875,359,119.21,74.396,44.758,308
706,216.9416,66818,119.55,415,120.96,74.2824,44.7595,308
707,215.7398,68821,119.4875,419,119.56,74.5976,44.8318,319
708,215.6808,66214,118.5,388,119.24,75.005,44.8304,307
709,216.8604,66793,119.6,374,119.84,74.5769,44.5926,308
710,216.7792,66768,119.2,369,119.96,74.8355,44.7493,308
711,214.5016,66710,120.0875,389,120.55,75.0969,44.6392,311
712,214.0949,67654,117.8125,372,119.18,75.0046,44.7216,316
713,217.6408,67251,118.475,391,119.93,74.7529,44.7161,309
714,215.7032,66868,118.8875,380,119.42,75.1019,44.7914,310
715,217.0162,66841,119.2,393,119.41,75.3509,44.526,308
716,215.6538,67284,119.1,368,119.14,75.0519,44.6449,312
717,216.699,66960,120.1125,399,119.59,75.6435,44.6323,309
718,217.7929,67298,120.9125,389,121.14,75.0432,44.7551,309
719,216.4327,67527,120.4875,371,119.36,75.513,44.5387,312
720,216.8241,66565,119.15,389,119.68,75.0888,44.6974,307
721,216.4647,67537,119.7,374,120.08,74.9882,44.7507,312
722,216.526,66690,120.075,380,118.48,74.9867,44.853,308
723,216.1613,67010,119.35,403,120.06,75.5173,44.6859,310
724,215.3151,66963,118.8875,383,121.58,74.9867,44.7511,311
725,215.5987,67698,119.325,385,119.92,75.2211,44.8076,314
726,217.557,66790,119.2875,402,119.69,75.2416,44.6943,307
727,217.1392,67096,119.4625,374,120.42,75.1308,44.5151,309
728,217.5663,67228,120.3375,369,120.09,75.3215,44.6581,309
729,216.7166,68049,120,385,119.87,75.5433,44.7227,314
730,217.4286,66968,119.2,368,119.62,75.1057,44.6684,308
731,216.9609,66607,118.9625,383,120.45,74.7576,44.7035,307
732,216.4643,66671,119.0875,373,119.37,74.7806,44.5824,308
733,216.4776,67541,119.025,367,121.34,75.0071,44.4647,312
734,216.1857,66369,119.9,401,121.08,74.8456,44.8691,307
735,215.8562,67563,121.0375,385,119.72,74.778,44.6741,313
736,217.9288,67340,119.95,364,121.98,74.9624,44.9799,309
737,216.5387,67127,120.5125,374,120.9,74.8357,44.7958,310
738,218.342,67031,120.1875,393,120.54,74.5835,44.5745,307
739,216.6059,66498,119.625,401,118.95,74.4685,45.1178,307
740,217.1968,67331,119.375,382,119.98,74.5339,44.5268,310
741,217.4595,67195,119.775,407,119.71,74.1967,44.8893,309
742,218.6234,67336,120.0125,393,120.59,74.3177,44.5338,308
743,217.9904,67795,119.4625,384,120.26,74.0467,44.7255,311
744,218.0939,67391,120.5,399,120.45,74.1669,44.6511,309
745,217.4244,67619,121.425,371,121.4,74.0494,44.7432,311
746,216.262,67690,119.075,373,119.36,73.9212,44.8526,313
747,217.4351,66970,120.6,381,118.7,73.5252,44.8509,308
748,217.7695,67073,118.2375,382,119.77,73.841,44.7101,308
749,217.3871,67390,118.7375,418,120.1,73.9407,44.6518,310
750,218.2532,67222,119.3375,392,120.49,73.8372,44.9298,308
751,218.5793,67541,118.975,404,120.14,73.5784,44.4965,309
752,219.0772,68133,118.225,405,119.29,73.4784,44.9719,311
753,216.9841,68133,120.2375,343,120.88,74.0243,44.4619,314
754,216.4177,68388,118.5125,398,119.55,73.9003,44.8545,316
755,217.9581,67567,119.1125,415,121.45,73.1982,44.786,310
756,216.9108,68110,118.25,393,119.58,73.7535,44.7061,314
757,218.6623,67348,118.475,377,118.96,73.4138,44.6869,308
758,217.9645,67569,119.85,367,120.48,73.5394,44.6899,310
759,216.7771,68068,120.0125,412,119.28,73.3941,44.9393,314
760,215.7981,68408,119.6375,370,119.84,73.517,44.6886,317
761,217.2557,67132,117.875,401,120.44,73.2062,44.8845,309
762,217.8462,67968,118.5,365,119.72,73.1132,45.0239,312
763,216.8312,66784,119.8875,391,120.34,73.2497,44.7246,308
764,216.4249,67741,119.7875,403,119.82,73.2382,44.9123,313
765,216.269,68341,118.4375,367,119.74,72.9544,45.0801,316
766,215.5723,67043,117.2375,392,119.79,72.9572,45.0252,311
767,217.0489,66634,119.325,370,119.85,72.9225,44.8157,307
768,216.9295,67682,119.05,383,120.09,73.0885,44.7934,312
769,216.3742,68807,120.0375,377,120.22,73.064,45.0068,318
770,216.767,66981,118.5625,382,121.69,72.8979,44.8853,309
771,217.9968,67143,118.0875,373,120.27,72.8931,45.0175,308
772,215.5241,67028,119.1875,410,121.25,72.8807,44.8312,311
773,215.1497,67557,119.4625,408,119,72.9254,44.9802,314
774,216.5599,66917,118.7625,453,119.59,73.0957,45.046,309
775,215.9585,67595,120.1375,374,120.2,73.0992,45.0214,313
776,216.7299,67403,119.6875,375,119.96,73.3958,44.8603,311
777,217.5195,66996,119.7,404,120.47,73.0195,45.0001,308
778,216.0863,67635,119.0625,374,119.63,72.9236,44.8288,313
779,216.2261,67895,118.9875,362,120.33,73.2005,45.1038,314
780,216.4108,67953,119.2875,377,120.16,73.008,44.9294,314
781,214.9613,66638,119.5125,382,119.62,73.1909,44.7997,310
782,213.8131,68634,119.575,387,119.01,72.9201,44.844,321
783,217.9159,67336,118.375,411,120.89,73.2375,44.9606,309
784,215.4331,67646,120.325,379,121.79,73.061,44.9379,314
785,216.4253,66659,118.7,382,119.85,73.2221,44.7491,308
786,215.8377,66478,120.0875,372,120.84,73.235,45.0769,308
787,216.6558,66730,120.4125,369,119.61,73.2378,44.9805,308
788,214.9805,65999,119.3375,379,120.08,73.2844,44.6683,307
789,213.0062,68588,119.15,383,122.58,72.7205,44.9518,322
790,218.1368,66968,119.625,391,118.85,72.9722,44.9406,307
791,217.6958,67268,119.2125,386,121.19,73.2019,44.5349,309
792,215.5162,66379,118.6875,392,119.23,73.0732,44.8803,308
793,217.8214,67089,119.2875,409,120.76,73.3757,44.6847,308
794,216.0422,66541,120.15,387,119.63,73.2663,45.0254,308
795,216.6688,66734,118.9,381,120.82,72.9189,44.6584,308
796,217.2136,67119,119.775,394,120.23,72.9518,44.6826,309
797,215.2261,67581,118.9125,372,120.13,72.9796,44.9374,314
798,216.7565,66761,118.1375,392,120.03,73.2719,44.7967,308
799,217.1877,67111,118.5125,373,119.59,73.1943,44.8078,309
800,217.1916,66895,119.7375,383,119.72,72.7501,44.8489,308
801,215.6387,66848,119.1375,369,120.08,72.9723,44.7023,310
802,215.4675,66364,118.4625,391,119.88,72.7233,44.8215,308
803,215.3878,67201,119.15,403,121.9,72.7053,44.8287,312
804,217.1677,67322,119.9125,368,120.55,72.7426,44.9945,310
805,216.1447,67221,120.2625,403,120.87,72.3916,44.8234,311
806,216.3518,66420,118.9625,376,120.94,72.1909,45.0515,307
807,214.0804,66579,119.125,389,119.8,72.1167,44.947,311
808,214.6572,68261,120.0375,359,120.49,72.3195,44.9058,318
809,214.7217,66349,118.225,401,120.53,72.2341,44.7966,309
810,215.5552,66391,120.8625,377,119.35,71.8357,45.0253,308
811,217.4951,67206,118.8,394,119.57,71.903,44.9137,309
812,215.7799,66676,118.8625,377,119.86,71.5313,44.9957,309
813,214.5696,66302,120.3625,362,119.92,71.9235,44.9435,309
814,215.0064,67082,119.525,377,119.32,72.0664,44.7725,312
815,215.283,66953,120.575,376,120.29,71.4564,44.8924,311
816,216.2899,66401,119.2375,387,119.19,71.6384,44.7511,307
817,214.4103,66896,118.925,374,120.81,71.5365,45.0128,312
818,215.0031,68801,118.875,379,120.11,71.4889,44.8217,320
819,215.263,66301,117.25,376,119.36,71.0787,45.1796,308
820,215.9223,66720,117.0625,371,121.03,71.0084,44.7354,309
821,215.8333,67340,119.6125,394,119.75,71.3786,44.8317,312
822,215.7695,66457,117.475,363,120.29,70.8803,44.8982,308
823,216.5673,67569,118.925,361,120.35,71.2944,44.8713,312
824,215.9231,67368,118.8625,414,120.22,71.3136,44.7232,312
825,214.4824,67133,118.8625,376,119.42,71.362,45.1719,313
826,217.5719,68100,120.7125,381,119.83,70.9372,45.026,313
827,217.1286,67527,118.6625,379,120.72,71.2742,44.8098,311
828,214.2254,67481,118.425,378,121.41,70.9694,45.0653,315
829,216.1994,67238,119.2125,372,119.17,71.0815,44.9873,311
830,216.5273,67340,119.6375,421,118.77,71.2239,44.9905,311
831,215.2298,66506,118.375,361,119.01,71.0531,44.8829,309
832,215.6331,66415,118.4,367,118.63,71.1629,44.9149,308
833,216.9579,67040,118.8,365,119.08,71.2188,44.9853,309
834,216.0225,67183,119.975,405,120.13,71.2555,45.0213,311
835,216.6634,66949,118.0875,399,120.37,71.02,45.0511,309
836,216.9091,66808,119.8,364,120.1,71.2904,45.1343,308
837,217.443,66755,118.6,374,119.74,71.0345,45.1224,307
838,216.8734,66797,119.6625,395,120.12,71.2658,45.0541,308
839,216.57,66487,119.2375,406,120.73,71.009,45.1201,307
840,217.1061,67520,117.55,362,119.52,70.9199,45.2125,311
841,218.0809,67387,118.0625,392,120.04,70.773,45.1397,309
842,218.0032,67581,120.075,380,121.41,70.9369,45.0874,310
843,217.6808,66828,118.6,433,121.25,70.6257,44.9911,307
844,214.7658,67866,118.4125,356,119.61,70.8364,44.9979,316
845,216.237,66601,119.25,427,121.19,71.2951,45.1077,308
846,215.5534,66606,118.7125,376,120.85,70.9606,45.0521,309
847,216.224,66597,119.225,374,120.31,71.0061,45.0151,308
848,215.1859,67138,117.925,387,120.38,70.9627,45.0743,312
849,215.9161,66934,117.2,389,119.7,70.9069,44.9211,310
850,215.6299,66414,119.5125,352,121.38,70.9027,45.307,308
851,215.8827,66276,119.2125,392,119.89,70.7724,45.1306,307
852,215.8489,67129,117.325,365,120.26,71.1026,44.9764,311
853,215.8084,66469,118.675,358,119.17,70.6882,44.9079,308
854,216.0912,66340,119.05,383,120.34,71.1528,44.9746,307
855,215.1368,66047,119.05,361,120.39,70.9106,45.1272,307
856,215.5556,67900,119.3125,426,120.21,71.1793,44.989,315
857,215.0161,66655,118.0125,360,119.48,71.1537,44.8772,310
858,215.776,68401,119.8875,362,119.6,71.4541,45.0718,317
859,215.5839,66831,120.0875,366,119.01,71.3341,44.9941,310
860,216.8864,66801,119.15,377,120.19,71.465,45.0423,308
861,216.5387,67127,119.175,385,121.12,71.435,44.9808,310
862,216.551,67997,118.075,366,119.88,71.33,45.0504,314
863,214.3738,67099,119.3625,378,120.88,71.3333,44.8901,313
864,215.7436,67312,119.4,367,121.22,71.7013,44.9886,312
865,214.443,67764,118.55,376,120.43,71.7836,44.7382,316
866,215.3851,66554,119.475,368,121.3,71.2574,45.1858,309
867,215.1865,66923,119.1375,362,119.61,71.1635,44.9449,311
868,214.9299,67488,118.2125,402,119.71,71.1525,44.9227,314
869,215.2168,66502,118.7125,378,119.84,71.2672,44.9679,309
870,216.1916,66587,117.1125,378,119.91,71.2273,45.1297,308
871,216.712,66964,119.375,414,121.52,71.2383,44.7258,309
872,215.5806,66830,118.3125,390,119.56,71.2667,44.8949,310
873,214.5478,67368,119.725,387,120.71,71.3186,45.0337,314
874,216.224,66597,118.45,352,118.69,71.0055,45.0409,308
875,216.785,66553,118.6125,376,120.4,70.9006,45.1455,307
876,214.9013,67479,118.6125,378,119.15,71.1673,44.9652,314
877,216.7581,67195,118.65,408,118.55,70.748,45.1182,310
878,215.0927,67324,119.3,391,119.76,70.7043,44.9372,313
879,216.3377,66632,118.9125,384,119.9,70.5724,44.8614,308
880,214.7387,66569,118.6,367,120.42,70.6448,45.0737,310
881,215.3876,66124,118.7375,396,120.67,70.4977,44.9391,307
882,215.0478,67525,119.025,396,120.08,70.3783,45.0623,314
883,214.6384,65894,118.45,345,119.87,70.3521,45.1242,307
884,216.2476,67253,118.9125,397,120.06,70.1448,45.2055,311
885,215.3139,66532,119.0875,383,119.12,69.8703,45.0132,309
886,215.8307,67555,118.8,386,119.31,69.9265,45.0935,313
887,213.8232,66499,119.0625,388,119.14,70.1931,45.2907,311
888,216.0446,67838,118.875,349,119.6,70.1028,44.7515,314
889,215.229,66721,117.7625,360,119.15,70.1461,45.0088,310
890,216.6558,66730,119,363,120.05,70.2728,44.7192,308
891,216.7572,67845,118.2,389,120.86,69.7243,45.1381,313
892,216.6419,67159,119.8375,381,120.24,69.6669,45.3103,310
893,214.6417,65895,118.2125,354,118.74,69.4046,45.2584,307
894,216.57,66487,118.55,387,119.71,70.023,45.0888,307
895,217.3453,66725,118.575,373,118.35,69.7578,45.311,307
896,217.6548,67473,117.4875,358,119.18,69.9752,44.8982,310
897,215.5617,66393,118.0625,379,120.08,69.7683,45.1702,308
898,217.1424,67097,118.7125,380,119.68,69.7475,45.301,309
899,214.6613,67189,118.825,373,120.26,69.7327,44.9788,313
900,215.5162,66379,118.2125,390,119.34,69.5746,45.0922,308
901,215.0554,66022,119.2375,392,119.9,69.6302,45.2704,307
902,217.3779,66735,117.9875,403,119.52,69.2878,45.302,307
903,215.1987,67142,116.9,367,119.57,69.8118,45.0728,312
904,216.0579,67194,117.7125,387,119.81,69.8315,45.2217,311
905,216.0357,66539,117.325,390,119.73,69.6169,45.1036,308
906,214.0511,66998,118.6625,373,119.37,69.673,45.2333,313
907,214.6731,66978,118.5625,353,118.64,69.9898,45.186,312
908,215.0224,67302,119.1125,396,118.59,70.1385,44.9179,313
909,215.1433,66049,118.8,408,119.06,69.7923,45.0519,307
910,215.7258,66875,117.825,360,119.15,69.7189,45.3384,310
911,216.9617,67909,117.3,377,118.91,69.8459,45.2287,313
912,216.6463,67377,117.975,392,118.76,69.8423,45.2075,311
913,217.3698,67602,117.0375,367,118.76,69.8069,45.2277,311
914,217.2313,66690,118.95,358,120.48,69.7238,44.9306,307
915,217.5243,67215,118.05,372,119.93,70.078,45.0094,309
916,218.0097,67365,118.7875,367,119.01,69.8619,45.0984,309
917,217.3518,66727,118.7625,366,119.83,69.4976,45.0434,307
918,215.2019,68219,118.9125,373,118.39,70.0147,45.1943,317
919,215.4545,66360,119.9375,368,119.97,69.4214,44.9939,308
920,213.9841,67191,118.5875,369,118.97,69.3138,45.1739,314
921,213.7411,66046,118.2375,363,120.07,69.7792,45.1715,309
922,216.2508,66389,117.575,374,120.58,69.6993,45.0503,307
923,215.8762,66274,119.925,383,119.87,70.1471,45.293,307
924,217.3592,67164,117.9375,372,119.81,70.1702,45.061,309
925,214.4185,67113,117.825,367,119.31,69.7234,45.1169,313
926,215.8312,66476,117.4125,362,120.22,69.9831,45.1203,308
927,214.2621,66207,119.3375,349,118.75,69.836,45.3179,309
928,213.4824,66820,117.6625,349,120.41,69.9229,45.0354,313
929,214.8762,65967,119.825,384,119.43,69.6631,45.1826,307
930,216.471,67106,117.8625,368,120.25,70.1369,45.242,310
931,215.9837,66307,118.775,361,119.86,70.0968,45.0929,307
932,215.3994,66343,117.8,379,118.82,69.61,45.1456,308
933,216.9414,66601,118.5125,376,119.62,69.9733,45.2009,307
934,216.1036,66776,118.75,402,120.33,70.1059,45.1767,309
935,216.9775,67480,117.8125,387,119.13,69.9521,45.0491,311
936,213.8842,66518,118.5875,353,119.68,69.7879,45.3105,311
937,215.3484,66758,119.1125,348,120.89,70.0566,45.3235,310
938,216.6319,66506,118.0375,363,118.69,70.0066,45.2227,307
939,215.2862,66954,117.2875,364,121.57,69.8027,45.1463,311
940,217.5663,67228,117.925,367,118.81,69.82,45.2236,309
941,216.2704,66395,118.325,355,119.34,69.4333,45.1708,307
942,215.767,66672,118.3,397,118.94,69.8371,45.2692,309
943,214.4057,68181,118.6375,387,120.03,70.0508,45.1389,318
944,215.2166,67578,118.1625,419,119.13,69.4231,45.2167,314
945,214.2673,68137,118.8375,368,119.68,69.8051,45.1608,318
946,217.055,67070,118.75,391,119.12,69.516,45.4592,309
947,214.3065,66435,117.3375,370,119.47,69.757,45.1494,310
948,216.0717,66334,117.65,392,119.35,69.9102,45.3241,307
949,216.0423,66325,120.3,376,118.68,69.4402,45.287,307
950,215.1262,66474,119.25,402,119.43,69.8097,45.3462,309
951,214.8312,67457,117.125,373,118.61,69.5123,45.1442,314
952,216.8774,67232,117.95,366,119.58,69.5921,45.0991,310
953,216.3657,66857,117.1875,379,119.52,69.0975,45.2092,309
954,217.1759,66673,118.2125,364,118.87,69.3666,45.1439,307
955,215.7969,69055,118.2125,374,119.77,69.5679,45.1947,320
956,215.3968,66773,118.95,348,121.01,69.2748,45.5001,310
957,215.746,67097,119.225,403,119.26,69.6515,45.1946,311
958,217.4469,67626,118.175,392,119.27,69.6954,45.3106,311
959,215.5176,67457,117.35,347,119.79,69.2989,45.0844,313
960,215.828,67770,118.5125,396,119.67,69.3933,45.2763,314
961,216.0971,66774,117.7375,388,119.8,69.4276,45.2417,309
962,215.3811,66122,119.1625,359,119.15,68.9455,45.2618,307
963,215.4854,66585,119.25,363,119.68,69.5943,45.1094,309
964,216.1368,66354,119.2875,361,119.46,69.3741,45.2793,307
965,216.3029,66405,118.175,375,120.29,68.9964,45.2499,307
966,216.7068,66529,117.725,359,119.62,69.2984,45.3323,307
967,214.6469,68687,119.2875,381,118.67,69.1428,45.4785,320
968,215.9385,66725,118.4375,363,119.69,69.2348,45.3183,309
969,213.4377,66806,118.9375,372,121.15,68.9783,45.0559,313
970,215.9676,66734,117.1375,355,119.81,68.7579,45.6029,309
971,214.0575,67000,119.175,369,119.45,69.0332,45.1051,313
972,215.5831,66184,118.9625,369,120.14,68.8301,45.4292,307
973,213.2759,68035,117.375,358,119.25,68.4613,45.3347,319
974,214.6899,67842,118.95,406,118.59,68.7758,45.1553,316
975,215.9486,67160,117.55,381,121.05,68.7538,45.2192,311
976,214.6752,66764,118.575,346,119.1,68.8817,45.0893,311
977,215.0449,67094,117.325,393,118.5,68.19,45.4055,312
978,215.9114,68228,118.725,375,120.08,68.634,45.1665,316
979,215.178,66490,117.4,392,120.27,68.2538,45.2323,309
980,214.836,66814,118.4625,376,118.71,67.9374,45.1092,311
981,214.1948,65972,118.325,364,120.41,68.1968,45.419,308
982,214.1122,66803,118.35,382,121.02,68.5288,45.0519,312
983,216.2816,66831,119.0125,353,118.56,67.8098,45.0635,309
984,214.9839,66860,117.45,369,118.99,68.2836,45.1484,311
985,214.7915,65941,118.8625,361,119.23,67.8082,45.1335,307
986,214.8058,66375,117.825,379,120.15,67.7521,45.2437,309
987,215.0863,67322,118.7375,380,120.83,68.1826,45.4823,313
988,215.6246,66628,118.55,365,119.99,68.3234,45.1755,309
989,216.1006,66559,118.65,370,118.81,67.7251,45.3383,308
990,213.8829,67587,118.1,372,118.98,68.3029,45.2871,316
991,215.0481,67095,117.125,385,119.28,67.8694,45.1171,312
992,213.8211,66926,119.475,354,118.79,67.8753,45.3317,313
993,214.9457,67278,117.95,357,119.79,67.6952,45.0107,313
994,213.1656,68213,118.3375,376,120.07,67.8281,45.0644,320
995,216.1916,66587,119.1375,375,120.96,67.6546,45.2475,308
996,213.6399,66442,118.4875,353,119.82,67.6656,45.1856,311
997,215.1129,66685,119.0625,364,119.95,67.7128,45.1569,310
998,213.9746,67402,118.45,372,118.8,67.6567,45.2123,315
999,212.8882,68550,117.5625,368,119.27,67.6351,45.1804,322
1000,214.1199,67876,116.3875,359,119.68,67.9326,45.2395,317
1001,214.2524,66204,118.1125,339,119.92,67.8951,45.1306,309
1002,215.8484,66913,119.1375,365,120.58,67.5061,45.3271,310
1003,216.5032,66683,117.8,380,120.49,67.4836,45.0792,308
1004,215.7668,67535,118.55,406,119.09,67.694,45.3132,313
1005,216.1104,66562,117.5625,374,119.47,67.5559,45.2319,308
1006,214.3903,66461,118.75,367,119.25,67.9233,45.1826,310
1007,215.3981,66558,118.925,391,118.82,67.6615,45.4255,309
1008,215.0682,66241,117.85,367,118.74,67.8893,45.3048,308
1009,214.6752,66764,117.55,357,119.5,67.726,45.2063,311
1010,215.7484,66882,118.3,380,120.22,67.9831,45.2324,310
1011,215.6474,67282,117.8875,371,119.38,68.2882,45.2445,312
1012,214.4745,67345,118.5,381,120.24,68.1916,45.0291,314
1013,214.7764,67225,119.2125,363,120.19,68.0675,45.1725,313
1014,214.5143,67572,118.525,376,120.05,68.0867,45.1204,315
1015,215.8839,66924,118.3875,363,121.15,67.789,45.3621,310
1016,215.7329,66230,117.5875,359,119.99,67.9822,45.0279,307
1017,215.0945,66034,117.525,359,120.82,67.9111,45.1806,307
1018,214.3301,66871,117.3,368,119.66,68.0877,45.2531,312
1019,213.2964,65482,118.1625,355,120.45,68.0545,45.2242,307
1020,214.0096,66557,118.625,371,119.92,68.188,45.4163,311
1021,213.8306,65646,118.725,369,119.83,67.9529,45.3242,307
1022,215.4757,66582,116.775,348,121.16,68.6346,45.0375,309
1023,213.3474,65711,117.8625,377,120.04,68.1859,45.2525,308
1024,214.8419,66601,119.6625,364,119.82,68.7413,45.2181,310
1025,215.5342,66169,118.7125,359,121.16,68.28,45.0933,307
1026,215.2645,66732,117.9125,357,120.32,68.4148,45.0458,310
1027,212.8581,65986,119.025,345,121.41,68.4034,45.2801,310
1028,216.557,66483,119.5375,375,119.76,68.0928,45.0945,307
1029,215.4696,67442,118.8625,360,120.81,68.0434,45.1515,313
1030,213.6039,65790,118.2375,381,118.97,68.7276,45.1213,308
1031,213.4212,66374,119.6,350,119.83,68.292,45.3402,311
1032,213.0252,67742,117.325,359,120,68.5301,45.245,318
1033,213.9707,65689,118.475,339,118.87,67.9419,45.5046,307
1034,214.865,66823,118.525,407,118.54,68.2718,45.1322,311
1035,214.0096,66557,117.475,382,120.27,68.4459,45.2696,311
1036,215.8539,66483,118.3125,374,120.66,68.2427,45.312,308
1037,214.25,65989,118.2625,371,119.62,68.2203,45.2781,308
1038,216.5949,67361,119.0125,382,120.22,68.2868,45.2962,311
1039,215.1795,67136,119.15,362,120.3,68.2737,45.3296,312
1040,215.5147,66163,118.0625,373,119.42,68.9336,44.8823,307
1041,214.5492,67583,117.2625,363,119.28,68.5892,45.1162,315
1042,216.0694,68494,117.6875,380,119.82,69.0981,45.1742,317
1043,212.8287,68318,118.7875,351,120.21,69.0524,45.0187,321
1044,213.7806,66272,118.6125,359,119.7,69.2303,45.3614,310
1045,216.6817,67388,117.45,373,120.29,69.0544,45.1231,311
1046,213.9776,66761,119.85,373,120.19,68.7506,45.3988,312
1047,214.8026,66374,118.5125,362,120.58,69.122,45.1865,309
1048,215.3097,66746,117.4875,360,120.24,69.1006,45.2575,310
1049,215.2,66712,118.85,368,120.38,69.1643,45.0911,310
1050,214.6201,66103,119.625,378,120.37,69.3293,45.4738,308
1051,215.1721,66273,117.4875,353,120.65,69.0714,45.0841,308
1052,214.5761,66304,118.625,365,121.01,69.3432,45.0921,309
1053,214.5584,66084,118.175,366,120.43,69.3918,45.0751,308
1054,214.529,66504,118.4375,340,121.3,69.2767,44.539,310
1055,215.7362,66231,117.0375,368,119.91,68.9027,45.0169,307
1056,214.0581,66358,118.1125,364,119.57,68.7744,44.8538,310
1057,214.4013,66250,117.8125,360,120.52,68.3826,45.046,309
1058,214.4887,66277,118.325,389,119.89,68.1801,45.4025,309
1059,214.4419,66477,119.7375,350,119.66,67.7532,45.3481,310
1060,215.5162,66379,119.25,354,119.95,68.303,45.2029,308
1061,213.1262,67561,118.0125,366,119.98,67.5907,45.6099,317
1062,212.4693,65653,119.975,372,118.9,67.6378,45.3805,309
1063,214.0256,66990,118.2125,366,120.38,67.6197,45.2564,313
1064,214.7267,66780,117.3,371,119.95,67.1305,45.2538,311
1065,213.9675,65902,117.225,364,119.42,66.9199,45.2791,308
1066,214.1036,66158,119.025,358,119.76,67.0342,45.1646,309
1067,213.2327,67808,117.75,385,118.66,66.6241,45.5192,318
1068,215.0584,66238,117.6,379,119.75,66.8023,45.3246,308
1069,213.8194,66284,118.5,348,120.03,66.8549,44.9943,310
1070,214.7428,66785,119.45,359,120.97,66.3378,45.4816,311
1071,213.6667,66664,117.9875,375,119.52,66.4803,45.2879,312
1072,211.6583,67519,117.6625,362,120.37,66.189,45.3405,319
1073,212.5877,65477,118.9875,360,119.24,66.3118,45.247,308
1074,212.6399,66131,118.025,372,119.4,65.9793,45.2758,311
1075,214.345,67090,118.575,369,120.56,65.8329,45.3977,313
1076,214.1331,65953,117.85,363,120.67,66.0381,45.0297,308
1077,212.6234,65488,117.225,361,119.86,66.1322,45.1522,308
1078,212.9161,66004,119.75,357,119.92,65.6907,45.5693,310
1079,214.0224,66989,117.925,357,119.87,65.6473,45.4104,313
1080,212.9105,66641,118.225,373,119.36,65.4824,45.4424,313
1081,212.9806,65811,118.3,363,120.53,65.317,45.53,309
1082,212.7643,66808,119.1625,361,119.08,65.6345,45.5028,314
1083,213.5367,66837,117.9375,378,119.69,65.4167,45.5498,313
1084,213.9006,66737,118.325,361,119.66,65.9382,45.2969,312
1085,215.4091,66346,116.7875,365,119.47,65.5744,45.2186,308
1086,211.356,65309,117.5875,366,120.06,65.6785,45.1722,309
1087,211.6381,66666,117.55,354,119.59,65.7609,45.3367,315
1088,212.3774,67536,117.6125,363,119.64,65.6744,45.2651,318
1089,213.3079,67192,117.35,363,120.49,65.2706,45.1828,315
1090,213.3592,65928,117.9125,369,118.65,65.8745,45.3471,309
1091,213.4968,66184,119.075,351,119.03,65.6542,45.3483,310
1092,212.5288,66309,117.3875,376,120.96,65.6731,45.3386,312
1093,212.5195,65456,117.95,384,119.05,65.7717,45.5723,308
1094,212.0903,65748,116.6125,352,118.99,65.8109,45.4181,310
1095,212.074,65955,118,345,121.55,66.0449,45.3132,311
1096,213.1104,65638,116.925,352,119.51,66.1072,45.5582,308
1097,211.3127,64873,118.6125,355,120.32,66.2575,45.1162,307
1098,213.6013,66430,118.1125,379,119.41,65.9364,45.4089,311
1099,211.6582,66884,116.55,338,120.16,66.0529,45.0344,316
1100,212.2903,65810,117.3,351,119.72,66.1048,45.2463,310
1101,211.7166,64997,116.975,351,119.87,66.2142,45.2001,307
1102,213.0292,65613,117.35,340,119.48,66.1485,45.5649,308
1103,213.7677,66268,118.4,359,119.62,65.9846,45.4714,310
1104,212.1452,65765,118.5875,361,119.46,66.1837,45.2652,310
1105,211.8861,66956,118.1125,370,119.9,65.942,45.1286,316
1106,213.1118,66704,117.5375,364,119.13,66.1598,45.0781,313
1107,214.2378,65771,117.6375,355,120.71,65.976,45.197,307
1108,210.4084,65437,118.3625,380,120.88,66.4664,44.8777,311
1109,213.6091,65578,117.125,370,120.24,66.262,45.1535,307
1110,211.6891,66047,118.375,345,120.64,66.4126,44.7362,312
1111,212.7452,66802,118.9875,367,120.19,66.2028,44.9222,314
1112,211.074,65644,118.3375,357,119.45,66.0101,44.976,311
1113,211.5831,64956,118.225,363,120.27,66.564,44.9626,307
1114,213.0573,66900,118.4875,368,119.13,66.4858,45.0551,314
1115,211.202,64839,117.7375,347,119.01,66.148,44.8425,307
1116,213.3491,67845,117.775,364,120.53,65.7931,44.9065,318
1117,210.4806,65249,118.275,349,120.05,65.0213,45.4009,310
1118,213.2129,66096,117.7875,355,119.43,65.0181,45.342,310
1119,212.4231,66276,118.2375,375,121.67,64.7768,45.1453,312
1120,212.711,65515,118.5625,377,119.28,64.8724,45.469,308
1121,212.2572,66012,116.825,383,120.83,65.1709,45.2218,311
1122,211.3067,66139,117.825,346,119.23,64.6611,45.152,313
1123,211.9228,65908,118.2,330,119.37,64.9663,45.289,311
1124,212.6869,66571,117.975,357,119.81,64.4902,45.5664,313
1125,212.4434,65645,117.25,352,118.89,64.4349,45.3013,309
1126,212.2194,65788,116.6625,364,121.88,64.4555,45.1706,310
1127,213.1456,65862,118.475,355,118.84,64.0786,45.3077,309
1128,212.2085,65148,118.2625,354,119.75,64.5471,45.3576,307
1129,212.0422,65309,117.15,350,119.92,64.0429,45.4083,308
1130,213.1909,65876,118.2625,365,119.58,64.3618,45.3654,309
1131,212.3981,65631,118.0375,352,120.25,64.1078,45.3243,309
1132,211.4207,65329,117.45,363,119.57,64.1725,45.1805,309
1133,212.4051,66058,117.8125,356,119.84,64.3274,45.1806,311
1134,213.2727,65688,117.7625,359,119.21,64.4143,45.1452,308
1135,213.0868,66270,117.975,373,118.59,64.3256,45.6405,311
1136,212.9806,66024,118.075,358,119.59,64.2269,45.6642,310
1137,213.0098,65394,117.375,376,119.63,64.0503,45.2951,307
1138,213.0127,66886,117.55,359,118.44,63.9438,45.6125,314
1139,213.0511,66685,117.7125,377,119.72,64.1769,45.4261,313
1140,212.4952,66086,117.0625,375,118.34,64.4762,45.166,311
1141,214.7687,65934,117.95,351,118.77,64.3417,45.1949,307
1142,212.6861,65720,117.325,352,120.51,64.2497,45.3357,309
1143,211.6219,67719,117.45,344,119.63,64.3457,45.3151,320
1144,212.8925,65358,118.1875,358,119.78,64.1255,45.3645,307
1145,213.6038,66858,118,348,118.71,64.5906,45.2584,313
1146,214.0717,65720,117.825,346,119.74,64.1482,45.2934,307
1147,213.4952,66824,118.1375,374,119.63,64.197,45.2393,313
1148,213.6955,66673,118.6875,370,120.12,64.0114,45.4388,312
1149,212.6258,65914,117.0375,383,120.47,63.8426,45.1946,310
1150,211.8946,66323,117.1625,348,119.87,63.8715,45.4755,313
1151,213.8306,65646,117.325,359,119.42,63.6854,45.4884,307
1152,212.6913,66147,116.825,378,118.64,63.995,45.3676,311
1153,213.2675,66966,117.4125,368,121.1,63.7478,45.3093,314
1154,213.418,66373,117.1,366,119.9,63.4512,45.5582,311
1155,211.9808,66350,118.5625,354,120.31,64.2181,45.4438,313
1156,212.8961,65572,117.8375,371,119.08,63.4356,45.607,308
1157,213.6516,66232,117.5625,348,119.58,63.4243,45.4938,310
1158,212.4351,65430,117.9,382,120.26,63.7404,45.5847,308
1159,213.289,65693,116.8125,382,119.82,64.0817,45.4784,308
1160,213.529,66194,118.6,345,119.03,63.9992,45.4986,310
1161,213.6688,65810,118.9875,383,120.1,63.8867,45.5318,308
1162,213.6331,65799,118.4625,347,119.8,64.1808,45.4662,308
1163,214.0942,65941,116.8875,347,119.82,64.0088,45.5818,308
1164,212.0351,66367,118.15,370,120.33,63.9277,45.6015,313
1165,212.6159,66974,117.9625,353,120.29,64.0458,45.6717,315
1166,213.4679,66602,117.3125,363,119.91,64.0835,45.5256,312
1167,212.3539,65405,118.8875,380,120.44,64.3521,45.3545,308
1168,210.09,65338,117.25,338,119.36,63.9888,45.1483,311
1169,213.3322,65493,117.5875,362,120.95,64.0975,45.2484,307
1170,213.2173,66737,118.0125,345,119.65,64.4061,45.5461,313
1171,211.6169,65178,118.5375,349,118.85,64.5091,45.3418,308
1172,212.0804,65957,117.175,363,118.27,64.5239,45.3301,311
1173,211.8544,65463,118.0125,350,119.18,64.685,45.1061,309
1174,211.6849,65834,117.9125,337,118.97,63.9249,45.2145,311
1175,212.0906,65536,117.175,349,119.83,63.804,45.1812,309
1176,212.3746,65199,119.225,352,118.78,63.7423,45.424,307
1177,212.6198,66550,117.075,351,118.87,63.8334,45.2862,313
1178,213.7935,66276,115.675,384,120.34,63.7587,45.2431,310
1179,213.0194,66036,117.2,370,120.5,63.4873,45.0953,310
1180,212.4952,66511,116.5875,345,119.57,63.2232,45.1698,313
1181,213.1975,66944,118,363,118.82,63.574,45.1727,314
1182,213.2898,66973,117,369,119.93,63.1878,45.1646,314
1183,215.1753,66274,116.6875,396,120.39,63.0695,45.5244,308
1184,212.5305,66097,117.9125,357,119.9,63.2803,45.2591,311
1185,213.4838,65753,116.5375,346,120.6,62.7497,45.4408,308
1186,214.7045,66129,116.2,349,119.36,62.7243,45.4357,308
1187,212.8867,65782,117.2375,348,118.88,63.2709,45.3959,309
1188,214.5147,65856,118.3125,367,119.39,62.4872,45.4384,307
1189,213.3377,65708,116.925,338,118.73,63.0659,45.4524,308
1190,214.1742,66394,117.6375,357,118.28,62.4463,45.3193,310
1191,213.7293,67111,116.825,362,118.98,62.7459,45.1029,314
1192,213.7134,65610,116.9375,371,118.7,62.5061,45.5364,307
1193,214.6742,66549,118.5625,363,119.99,63.0042,45.362,310
1194,214.5609,66943,117.45,368,120.1,62.7131,45.311,312
1195,215.3657,66548,116.5125,368,119.55,62.235,45.2506,309
1196,215.1107,66039,117.725,399,121.79,62.306,45.3169,307
1197,214.4823,66704,116.8875,359,119.52,62.2303,45.4523,311
1198,215.2476,66081,116.8625,365,119.37,61.8277,45.5505,307
1199,216.0162,66749,117.7125,373,120.5,61.9731,45.3842,309
1200,215.0874,66462,115.475,359,119.77,61.3626,45.2036,309
1201,213.9871,66550,117.4875,356,119.66,61.4311,45.4338,311
1202,212.2154,68970,117.275,352,119,61.4664,45.4395,325
1203,213.6221,65582,116.4625,353,119.03,61.1084,45.3049,307
1204,214.7942,66801,118,355,119.63,61.3796,45.3871,311
1205,215.0903,66678,116.575,370,119.94,61.1499,45.5331,310
1206,212.551,66741,118.0375,344,118.66,60.9854,45.0812,314
1207,214.3117,66008,116.525,337,119.78,60.7146,45.4058,308
1208,214.026,65920,117.575,349,120.96,60.5407,45.5087,308
1209,213.987,65694,116.5375,346,119.97,60.9147,45.5408,307
1210,214.5457,68011,118.175,388,118.95,60.6102,45.4359,317
1211,212.6497,66772,116.5625,372,119.33,61.058,45.5614,314
1212,213.0865,66483,117.225,339,118.56,60.8196,45.503,312
1213,214.6108,67817,117.425,382,119.84,60.5893,45.6273,316
1214,213.8097,66281,117.8375,340,120.72,61.0504,45.1598,310
1215,213.2776,67609,117.5375,365,119.24,60.51,45.461,317
1216,214.6071,66099,117.275,359,119.29,60.8501,45.3954,308
1217,213.6935,66245,116.15,341,120.99,60.7637,45.2138,310
1218,214.4091,66038,116.0625,345,120.65,60.6727,45.311,308
1219,211.9025,67385,116.9,359,119.06,60.3523,45.4402,318
1220,213.4309,66377,115.9625,368,118.82,60.5085,45.3509,311
1221,212.9154,67920,115.975,380,119.3,60.4204,45.2584,319
1222,213.7404,66687,117.4625,360,119.16,60.4822,45.1843,312
1223,212.9711,66234,116.2875,349,119.1,60.1279,45.4912,311
1224,213.9201,66957,116.2625,368,119.21,60.4996,45.4363,313
1225,213.3666,66357,117.7,357,119.45,61.0018,45.2619,311
1226,212.7695,65533,117.55,351,120.18,60.6299,45.4618,308
1227,214.1294,66166,116.2375,345,119.31,60.2725,45.5059,309
1228,213.5032,66186,117.25,346,118.87,60.6719,45.3629,310
1229,211.2523,67812,116.6375,351,118.51,60.6261,45.3866,321
1230,213.202,65453,116.25,364,119.32,60.6069,45.4001,307
1231,212.3962,66480,116.4375,378,119.28,60.2054,45.7943,313
1232,214.1498,65744,117.725,360,118.86,60.2554,45.6716,307
1233,211.4513,65127,117.2875,350,120.4,60.3112,45.5275,308
1234,210.7556,66388,116.9625,363,118.78,60.0389,45.7513,315
1235,210.785,67662,116,372,119.99,60.4118,45.6664,321
1236,213.1961,66304,117.2125,370,117.38,60.3204,45.6459,311
1237,213.2771,66969,117.5,358,119.84,60.411,45.8566,314
1238,213.7961,66063,116.5125,382,118.31,60.118,45.5085,309
1239,212.6169,65486,117.4625,342,119.88,60.5977,45.513,308
1240,210.288,64979,116.3625,342,119.51,60.6195,45.4101,309
1241,211.9108,66540,117.7125,356,120.69,60.7357,45.5255,314
1242,210.4459,66080,117.725,344,118.17,60.3536,45.65,314
1243,211.7042,65840,116.325,358,118.77,60.2111,45.704,311
1244,212.4161,65849,118.475,343,120.21,60.6321,45.5133,310
1245,212.1871,65778,117.25,367,119.77,60.6417,45.6383,310
1246,213.0613,66049,116.3125,386,119.8,60.4348,45.5771,310
1247,212.8864,65569,116.75,369,120.14,60.5354,45.6257,308
1248,212.8317,65765,117.7625,351,118.09,60.0785,45.6086,309
1249,214.5147,65856,117.3125,368,118.3,60.13,45.5538,307
1250,214.4142,66254,117.2,353,118.38,60.186,45.5997,309
1251,211.2303,66960,116.3375,349,119.1,60.2835,45.3114,317
1252,212.7411,65737,116.8375,357,117.74,60.0198,45.7547,309
1253,212.0764,66592,117.2625,383,119.59,59.8688,45.587,314
1254,211.9871,65504,117.5875,352,119.6,59.7411,45.5369,309
1255,214.7362,65924,116.925,353,118.54,60.2945,45.4162,307
1256,214.7078,66130,116.8625,341,119.35,60.0108,45.6833,308
1257,212.3601,66044,117.35,361,118.81,59.6578,45.6589,311
1258,214.6026,65883,116.45,346,120.23,59.9985,45.5777,307
1259,213.2141,66736,118.0375,355,118.04,59.8341,45.5292,313
1260,212.7023,65725,116.7,355,118.37,59.4986,45.6315,309
1261,214.6818,66122,116.6375,350,119.53,59.847,45.2141,308
1262,214.4065,66466,115.35,353,118.92,59.9118,45.302,310
1263,213.3758,67000,116.775,356,119.26,59.7555,45.7905,314
1264,212.0818,67442,116.7625,368,120.01,59.9914,45.4223,318
1265,213.9773,66119,115.7,357,118.48,59.5699,45.6615,309
1266,213.8414,66077,116.25,358,118.93,59.2441,45.669,309
1267,213.9032,66310,116.2375,356,118.59,59.8258,45.4886,310
1268,213.9712,66759,116.675,385,119.69,59.6255,45.6543,312
1269,215.3322,66107,116.825,366,119.13,59.4622,45.7541,307
1270,213.6161,66221,118.0375,364,119.4,60.0633,45.6917,310
1271,212.7885,66390,118.8625,342,119.43,59.6773,45.9929,312
1272,212.6916,65509,117.1625,349,120.51,60.103,45.7629,308
1273,212.3883,65628,117.3375,357,119.06,59.5581,45.6102,309
1274,212.537,66099,116.2,342,119.11,59.6566,45.5725,311
1275,213.4854,65967,116.5625,349,117.54,59.8381,45.4519,309
1276,213.3376,66348,116.1875,360,119.57,59.6066,45.5114,311
1277,212.644,65707,117.2,353,118.23,59.6848,45.7337,309
1278,214.4563,66267,117.2,358,118.47,59.3818,45.7282,309
1279,213.859,66724,117.5125,352,117.85,59.317,45.4755,312
1280,211.6346,66030,116.225,351,118.07,59.5308,46.063,312
1281,212.1795,66200,115.825,380,117.26,59.1311,46.024,312
1282,211.5815,66225,117.6625,342,119.11,59.4987,45.6767,313
1283,213.1154,66492,118.05,364,119.53,59.4774,45.7538,312
1284,212.7508,65740,116.5375,346,119.4,59.7232,45.7349,309
1285,212.8349,67043,117.25,356,119.02,59.5155,45.6435,315
1286,212.7143,65516,117.6125,364,120.05,59.3767,45.7801,308
1287,211.9268,66545,116.65,366,119.4,59.184,45.6843,314
1288,212.3636,65408,117.125,360,118.93,59.3214,45.6285,308
1289,212.5987,65693,117.0625,348,118.65,59.3437,45.7925,309
1290,212.0255,66576,117.45,361,118.35,59.423,45.525,314
1291,211.1865,65679,116.85,359,118.47,59.5087,45.9139,311
1292,212.0388,65520,117.9375,372,119.7,59.5156,45.665,309
1293,211.9516,65705,116.5375,364,119.23,59.7993,45.4889,310
1294,211.8506,65250,115.6125,367,119.1,59.1807,45.4855,308
1295,213.526,65766,116.95,355,118.74,59.3191,45.7354,308
1296,213,66243,116.6875,370,118.5,59.1571,45.6631,311
1297,210.9678,65611,116.825,357,119.77,59.363,45.6009,311
1298,211.2396,66118,117.5875,362,120.32,59.2755,45.5428,313
1299,213.754,66050,116.775,348,118.94,58.9666,45.6737,309
1300,211.3333,65936,116.725,344,118.97,58.4746,45.5305,312
1301,211.5097,65568,116.4625,349,120.06,58.9057,45.6115,310
1302,209.3469,66991,118.1875,344,119.2,58.5854,45.681,320
1303,211.671,65618,116.5625,341,119.09,58.3186,45.7089,310
1304,212.1564,65132,117.9375,344,120.23,58.5556,45.4198,307
1305,212.0455,65310,116.35,350,120.36,58.3711,45.6533,308
1306,211.4935,65140,116.9625,343,119.7,58.4665,45.823,308
1307,214.5519,66082,116.25,340,120.06,58.3568,45.7184,308
1308,209.9204,65915,117.4375,337,119.25,58.0355,45.7917,314
1309,212.342,65189,116.75,381,120.19,58.1825,45.5398,307
1310,211.2492,66121,116.95,364,119.55,58.0361,45.8934,313
1311,212.8867,65782,117.5,349,118.74,57.7784,45.3686,309
1312,211.5728,65376,115.7895,352,118.79,58.3761,45.5125,309
1313,211.7687,65013,117.7125,339,119.72,57.5773,45.6246,307
1314,212.411,65635,118.1842,387,119.04,58.1335,45.5792,309
1315,212.4968,66299,115.8125,376,119.21,58.162,45.5615,312
1316,210.9228,65597,116.6875,363,119.41,58.0137,45.7407,311
1317,210.8742,65371,117.8,330,118.17,57.8662,45.8091,310
1318,211.3065,65505,119.1579,344,119.61,57.7293,45.4975,310
1319,211.0421,65212,115.9605,363,119.47,57.0525,45.9796,309
1320,211.4951,64929,117.6447,358,118.64,57.7333,45.8001,307
1321,211.2894,65711,117.0263,360,118.69,57.6862,45.7771,311
1322,210.6743,64677,116.8158,337,118.34,57.5421,45.5921,307
1323,209.5706,68320,116.2368,360,119.34,57.8401,45.6665,326
1324,211.9516,65705,116.4474,354,118.86,57.4904,45.9556,310
1325,211.9253,65273,117.5658,349,120.3,57.2752,45.8839,308
1326,211.2571,66546,117.0921,347,119.62,57.5787,45.495,315
1327,211.2922,65078,116.3816,332,119.04,57.2084,45.7221,308
1328,211.0513,65848,117.7237,353,119.5,57.4176,45.7726,312
1329,211.9218,65060,117.3684,349,120.24,57.9049,45.7439,307
1330,210.1789,65786,117.5132,343,119.14,57.7795,45.8674,313
1331,212.6883,65508,117.9079,360,119.1,57.1078,45.8908,308
1332,210.9936,65830,116.5526,378,119.57,57.296,45.8037,312
1333,211.9446,65067,116.4342,356,118.65,57.0007,45.7804,307
1334,212.0974,65326,117.8421,353,119.86,56.8584,45.9933,308
1335,210.7192,66798,118.1176,345,117.94,57.4073,45.619,317
1336,210.0476,66165,116.8816,345,119.72,57.5209,45.9082,315
1337,210.9773,64981,116.8421,347,119.14,57.2801,45.7758,308
1338,212.5765,65261,117.5921,357,118.96,57.1019,45.8352,307
1339,211.0971,65229,117.1974,369,119.91,57.2708,45.3872,309
1340,211.0777,65223,116.8026,336,119.57,56.8786,45.7996,309
1341,210.4481,64818,115.6324,368,119,57.3225,45.8742,308
1342,211.8013,65023,117.4737,348,119.56,56.9603,46.1052,307
1343,210.0293,64479,116.3088,338,120.1,57.3138,45.9964,307
1344,210.672,66151,116.0921,350,117.49,56.8813,46.0106,314
1345,211.0225,65628,116.5882,342,118.86,56.8599,45.9144,311
1346,209.5305,65164,116.8971,362,118.25,57.6098,45.6739,311
1347,210.2733,65395,117.4737,325,119.9,57.1387,45.6558,311
1348,208.7651,65761,117.5921,348,119.91,57.2093,46.1425,315
1349,211.0032,66255,117.0132,358,118.57,57.0818,45.9375,314
1350,210.3291,66464,118,345,118.81,57.1662,45.4935,316
1351,209.3726,65743,116.1184,359,119.77,57.1266,45.9312,314
1352,209.1942,64641,117.5132,369,119.86,57.0631,45.824,309
1353,210.8698,66424,117.5132,339,119.12,57.0121,45.9609,315
1354,210.4951,64622,117.8816,328,119.6,57.0358,46.0665,307
1355,208.6877,66154,116.5395,369,119.17,57.2822,45.6356,317
1356,210.987,64984,117.4605,331,119.31,56.8592,46.0055,308
1357,208.901,65386,117.4853,338,118.99,57.2275,45.8138,313
1358,211.9283,65062,116.1711,358,119.91,56.8291,45.6737,307
1359,210.7853,65765,116.8235,338,119.54,56.5105,45.9537,312
1360,210.2605,65391,117.0294,346,118.48,57.4687,45.9029,311
1361,210.5419,65268,117.1053,364,119.48,56.9514,45.7404,310
1362,209.7587,66074,117.9412,351,118.76,57.3887,45.8932,315
1363,209.8683,66948,117.2895,333,119.81,57.3059,45.6841,319
1364,209.6242,65822,117,350,118.66,57.0298,45.7995,314
1365,211.2516,65488,116.4605,378,120.51,56.897,45.6592,310
1366,209.1314,65249,116.8824,340,119.52,56.7625,45.8105,312
1367,210.6154,65712,116.8676,372,120.65,57.2486,45.7418,312
1368,208.4263,66488,118.0395,338,120.45,56.875,45.606,319
1369,211.479,65347,117.5441,366,119.07,56.7348,45.8452,309
1370,212.217,67485,117.1471,394,120.16,56.3644,45.8234,318
1371,211.3929,65109,117.2647,366,117.97,56.5891,45.9116,308
1372,210.9544,64763,117.0588,367,120.88,56.2553,45.6288,307
1373,210.6571,65725,116.8382,367,119.09,56.3047,45.8,312
1374,210.8194,65354,117.8088,370,117.82,55.9101,45.7958,310
1375,212.0065,65086,117.6667,344,119.58,56.0204,45.7416,307
1376,211.4693,65344,117.0147,363,118.29,55.8627,46.0414,309
1377,209.4207,64711,118.9167,342,118.56,56.1625,45.6348,309
1378,211.0732,66277,117.3824,370,119.13,55.836,45.7583,314
1379,211.6773,66255,117.9833,349,119.42,56.2537,45.7626,313
1380,212.8078,65332,117.2206,356,117.76,56.5831,45.6771,307
1381,211.9397,66761,116.5882,369,119.36,56.1296,45.5868,315
1382,212.57,65259,117.1029,350,119.1,55.9752,45.792,307
1383,210.9739,64769,117.3,378,119.96,56.3114,45.9816,307
1384,210.2707,66025,116.4265,337,118.01,56.453,45.913,314
1385,211.8632,65042,117.4265,349,120.44,55.9056,45.9823,307
1386,212.4593,65225,116.5667,364,118.84,56.2667,45.8159,307
1387,210.1704,65363,117.4706,346,119,56.4241,45.4101,311
1388,210.9164,65595,117.2206,393,120.1,56.6392,45.6876,311
1389,211.1916,65047,117.8676,361,118.77,56.5633,45.743,308
1390,210.3883,65010,117.3382,343,119.02,55.8773,45.9386,309
1391,210.0521,64486,117.55,328,119.67,55.7313,46.0588,307
1392,211.411,65326,115.6667,351,119.44,56.2682,45.8622,309
1393,210.9677,65400,118.0588,361,119.64,56.1997,45.6679,310
1394,210.829,65357,117.8382,353,119.39,55.8349,45.8129,310
1395,211.3583,64887,116.0333,340,118.78,56.2358,45.955,307
1396,211.0677,65431,117.4118,379,119.55,55.7246,45.7341,310
1397,210.4313,65865,117.6667,362,120.19,55.5237,45.9326,313
1398,211.0912,64805,115.75,372,118.7,55.6178,45.7152,307
1399,210.7621,65547,117.8167,359,119.86,56.063,46.1822,311
1400,210.3864,64799,117.9559,348,119.67,55.3554,45.7211,308
1401,211.6141,65812,117.6333,396,119.93,55.8949,45.5601,311
1402,211.9416,65278,116.8167,371,118.99,55.6533,45.8223,308
1403,210.0579,65328,116.7167,329,119.76,55.4004,45.879,311
1404,210.7428,65541,117.4833,362,119.12,55.3423,45.6339,311
1405,211.8714,65892,117.1,332,120.47,55.712,45.7845,311
1406,212.5627,66107,118.15,386,120.77,55.807,45.8514,311
1407,210.278,65817,117.2,357,119.13,55.5155,45.964,313
1408,210.8818,66006,116.1,372,119.02,55.5161,45.8135,313
1409,211.6166,66236,116.8333,349,119.06,55.5981,45.7226,313
1410,211.8734,65257,116.1167,362,118.97,55.4151,45.8107,308
1411,210.2179,65588,116.75,345,119.28,55.4798,45.718,312
1412,212.6775,65292,116.3833,358,120.1,55.5097,45.8007,307
1413,211.0772,65645,118.4,348,119.83,55.3268,45.8484,311
1414,211.6952,66684,116.95,362,120.15,55.5171,45.9784,315
1415,211.6287,64970,117.5833,367,118.98,55.1457,45.7541,307
1416,210.1165,64926,117,375,118.91,55.2965,45.8424,309
1417,211.3802,66162,115.8667,361,118.77,55.2908,45.8866,313
1418,210.2524,64968,116.85,334,118.77,55.7606,45.8226,309
1419,210.3876,64589,116.2,334,119.29,56.0526,45.6963,307
1420,208.7621,64925,118.9118,346,119.3,55.405,45.9902,311
1421,208.738,65335,117.35,364,119.41,55.4419,46.0975,313
1422,210.2866,64558,116.15,355,119.16,55.4179,45.9175,307
1423,210.3131,65828,116.7833,351,119.21,55.6168,45.7108,313
1424,210.2669,65393,117.7667,357,119.5,55.5684,45.8676,311
1425,210.6186,65713,116.0667,340,119.85,55.7787,45.7942,312
1426,209.8421,67779,117.0833,338,119.15,55.6541,45.6784,323
1427,210.9091,64960,116.7,369,120.03,55.522,45.7837,308
1428,210.7055,65108,117.5333,341,119.25,54.9671,45.9374,309
1429,209.219,65904,116.18,350,119.52,55.1418,45.8981,315
1430,210.2283,65381,116.9167,363,119.84,55.1585,45.6637,311
1431,210.4416,64816,117.4833,341,119.11,55.2971,45.9165,308
1432,211.3811,64894,118.4667,346,118.68,55.2618,46.0495,307
1433,211.2997,64869,116.5667,356,118.38,55.6112,45.8695,307
1434,208.2701,64772,117.7333,337,119.92,55.302,45.5657,311
1435,209.9839,65305,116.5167,335,119.11,55.3058,45.7378,311
1436,210.4791,65459,116.6333,374,118.87,55.0566,45.7373,311
1437,211.9773,65501,118.25,352,120.35,55.6618,45.7263,309
1438,209.2762,65922,117.4,357,119.73,55.408,45.4734,315
1439,211.2613,65491,115.8333,365,119.39,55.0908,45.8226,310
1440,211.9516,65705,117.15,358,118.87,55.273,45.6658,310
1441,208.5333,68816,117.45,358,119.39,55.7418,45.4918,330
1442,209.2006,65689,116.85,361,118.35,55.2579,45.8287,314
1443,210.3387,65205,115.8,329,120.19,54.982,45.8798,310
1444,208.3699,66470,116.36,346,119.97,55.1647,45.8953,319
1445,211.3604,65099,118.0167,340,118.93,54.6155,45.7313,308
1446,212.5645,65895,117.64,337,119.21,54.9185,45.9068,310
1447,211.0281,67529,117.24,355,119.98,55.1493,45.5219,320
1448,208.9164,64973,117.9,375,118.92,54.4941,45.9365,311
1449,211.2236,66113,119.78,353,118.92,54.4956,45.8269,313
1450,211.1161,65446,117.38,343,119.29,54.3447,45.8373,310
1451,210.7003,64685,116.78,354,118.98,54.2642,46.068,307
1452,211.254,65700,116.3,353,119.37,54.3137,45.8764,311
1453,211.135,65663,116.76,362,119.17,54.8375,45.637,311
1454,207.6101,66020,117.42,343,119.3,54.8616,45.7875,318
1455,210.2718,64974,116.48,345,118.19,54.6731,45.3507,309
1456,209.6603,66043,116.2,349,119.56,54.5544,45.8783,315
1457,209.5665,66223,116.24,349,119.63,54.5328,45.7042,316
1458,209.4578,64513,117.8,349,120.43,54.3049,45.8375,308
1459,210.0694,66592,115.68,353,120.25,54.5336,45.7413,317
1460,209.6994,66265,117.4,338,119.97,54.3514,45.7237,316
1461,209.3166,66772,117.86,337,118.26,54.2254,45.7469,319
1462,209.1847,65684,116.86,344,119.58,54.1624,45.9056,314
1463,208.7412,65336,116.54,355,119.65,54.316,45.7125,313
1464,210.3035,65825,117.46,388,119.45,54.407,45.5542,313
1465,211.1558,65036,117.48,367,119.03,53.9543,45.8598,308
1466,209.7492,65232,116.725,361,118.42,53.8576,45.7659,311
1467,210.7074,65530,116.125,362,120.41,53.8065,45.8704,311
1468,209.0159,65840,116.975,344,120.12,54.0989,45.975,315
1469,209.1487,66091,117.34,375,119.1,54.0423,45.6882,316
1470,209.0737,65231,117.54,330,119.66,54.0548,46.1031,312
1471,210.0098,64473,115.5,340,119.39,54.0111,46.1318,307
1472,209.0511,65433,115.58,363,118.66,53.8263,45.9042,313
1473,208.0095,65523,115.95,338,119.5,53.9894,45.9661,315
1474,210.4601,65874,118.05,343,118.28,54.2757,45.8816,313
1475,209.0032,66254,116.82,341,118.06,54.7331,45.5664,317
1476,209.8801,66532,118.44,349,119.63,53.979,46.0812,317
1477,210.3539,64789,116.65,356,119.75,54.205,45.684,308
1478,209.0744,64604,117.46,352,117.62,54.2562,45.8779,309
1479,209.6367,65197,117.12,349,119.33,54.6744,45.7851,311
1480,210.8019,64927,117.2,359,118.1,53.9116,45.8694,308
1481,208.0353,64907,118.175,338,119.57,53.9484,46.0085,312
1482,210.3864,64799,117.65,367,118.74,53.6529,45.7338,308
1483,209.4633,65562,113.35,352,118.96,53.7221,45.6771,313
1484,210.7839,65343,115.775,344,120.04,53.634,45.8917,310
1485,210.1061,65343,116.85,355,118.95,53.3959,45.8833,311
1486,209.9335,66339,116.45,369,119.35,53.3759,45.92,316
1487,211.228,64847,116.5,333,119.44,53.1865,46.0197,307
1488,208.8644,66210,115.4,397,119.17,53.0203,45.6914,317
1489,209.7581,65025,116.15,328,119.95,52.9062,45.9544,310
1490,209.9968,65729,119.5,366,120.38,52.6519,46.0072,313
1491,209.7597,64606,116.7,366,120.72,53.1854,45.7812,308
1492,207.4272,65547,115.125,322,120.9,52.9193,45.7725,316
1493,209.016,65213,116.6667,356,118.54,52.9676,45.9055,312
1494,209.1378,65251,117.9,339,118.22,52.6871,45.7103,312
1495,210.0675,65331,116.9,339,118.97,52.8153,45.6335,311
1496,208.3365,65626,116.7,345,119.19,52.8566,45.7795,315
1497,209.3987,65123,116.2,360,119.09,52.6105,45.8092,311
1498,208.695,66365,118.6,338,119.67,52.5696,45.97,318
1499,211.1197,65236,115.7,356,118.79,52.4858,45.8875,309
1500,210.6667,65096,117.4,381,119.03,52.3982,45.7935,309
