1,449.3865,73250,148.6125,597,151.59,36.1867,77.4673,163
2,448.8712,73166,151.3125,609,153.48,35.9982,77.3619,163
3,445.6503,72641,151.0625,579,153.28,36.2841,77.35,163
4,446.1098,73162,153.7875,608,153.49,36.3134,77.3424,164
5,445.773,72661,150.35,601,152.73,36.1285,77.4126,163
6,444.4756,72894,154.0625,601,154.59,36.1975,77.4756,164
7,445.3879,73489,150.4,596,151.92,36.0126,77.5007,165
8,446.8182,73725,150.0875,585,152.8,36.1966,77.3857,165
9,444.8466,72510,152.2875,640,151.6,35.9552,77.5078,163
10,441.4847,71962,153.825,600,153.64,36.3523,77.5851,163
11,437.2134,71703,150.6125,594,152.23,35.8377,77.4911,164
12,436.622,71606,155.5,577,155.74,36.227,77.2797,164
13,432.6012,70514,151.65,559,153.33,36.1291,77.4936,163
14,430.3415,70576,151.275,591,151.51,36.0229,77.608,164
15,428,70192,152.1,568,153.55,36.2167,77.3173,164
16,430.7791,70217,150.85,596,152.3,35.9535,77.5473,163
17,427.1595,69627,150.975,600,149.83,36.3454,77.3832,163
18,427.6871,69713,154.9375,583,154.56,35.9997,77.58,163
19,421.4479,68696,150.7125,613,152.74,36.3917,77.2235,163
20,422.2242,69667,150.8625,563,153.37,36.2902,77.2932,165
21,416.6909,68754,149.525,598,152.39,36.2672,77.4279,165
22,412.0552,67165,149.7625,552,151.37,36.0407,77.461,163
23,411.5644,67085,152.2875,566,152.56,36.3547,77.3526,163
24,409.7212,67604,151.65,566,153.07,36.3097,77.4325,165
25,399.7853,65165,153.825,559,153.33,36.3392,77.5522,163
26,398.8466,65012,151.7,572,152.1,36.3659,77.2553,163
27,400.0245,65204,150.275,542,150.79,36.3461,77.4318,163
28,397.5301,65990,152.075,531,152.08,36.5641,77.4168,166
29,395.0429,64392,149.5875,552,153.2,36.533,77.3791,163
30,399.7576,65960,152.7375,550,154.28,36.3231,77.5077,165
31,394.5241,65491,151.975,603,153.34,36.5631,77.6303,166
32,399.2883,65084,150.7,536,152.69,35.9192,77.4954,163
33,393.546,64148,151.6375,529,153.59,36.0479,77.4912,163
34,394.9448,64376,150.2625,557,150.98,36.2538,77.559,163
35,397.0859,64725,153.4875,583,153.54,36.2791,77.57,163
36,398.4121,65738,152.0625,562,152.17,36.2554,77.4603,165
37,395.8485,65315,149.775,543,151.86,36.0041,77.3666,165
38,393.4817,64531,150.8875,541,151.78,36.348,77.2802,164
39,388.3758,64082,152.2125,537,153.1,36.2609,77.5937,165
40,392.3758,64742,153.6375,544,151.27,36.4864,77.532,165
41,390.1024,64757,151.65,536,152.84,36.2674,77.7721,166
42,390.1227,63590,151.2375,554,153.06,36.31,77.3982,163
43,391.1807,64936,150.8625,551,152.29,36.2736,77.6739,166
44,392.1043,63913,150.025,525,151.9,36.2122,77.4905,163
45,387.8405,63218,151.5,547,151.33,36.1359,77.3667,163
46,390.7055,63685,152.0875,567,151.85,36.3603,77.5803,163
47,391.4132,65366,150.5625,530,151.09,36.1646,77.5929,167
48,397.5153,64795,150.925,564,153.03,36.2356,77.5398,163
49,397.589,64807,151.7125,558,153.18,36.0273,77.6379,163
50,396.1951,64976,149.675,534,150.85,36.1599,77.7401,164
51,399.9018,65184,150.0875,548,151.74,36.0882,77.424,163
52,394.5153,64306,152.25,537,150.43,36.1516,77.5271,163
53,393.9817,64613,152.225,560,152.66,36.0857,77.6156,164
54,397.939,65262,152.5625,556,153.05,35.5852,77.8052,164
55,400.2822,65246,151.25,556,151.76,36.0356,77.6372,163
56,400.2744,65645,151.3875,576,152.74,36.031,77.3755,164
57,396.1939,65372,150.3875,526,150.42,36.078,77.6033,165
58,395.3681,64445,151.1625,546,152.88,36.1453,77.529,163
59,389.3049,63846,150.2,551,151.93,35.7943,77.5645,164
60,389.2275,65001,152.0875,533,153.09,36.0105,77.3677,167
61,389.1024,64591,151.5,506,153.3,35.8671,77.6166,166
62,393.0183,64455,151.7,544,151.84,36.2058,77.538,164
63,390.681,63681,151.8,532,152.17,36.0058,77.4264,163
64,392.0181,65075,149.525,577,152.31,35.9895,77.6896,166
65,398.3902,65336,151.525,562,152.63,35.8205,77.7699,164
66,399.012,66236,152.0125,559,151.78,35.8873,77.6715,166
67,399.697,65950,151.5,525,152.72,35.9022,77.4483,165
68,406.8589,66318,150.9,559,152.52,36.0844,77.345,163
69,412.872,67711,150.65,576,151.53,35.9334,77.4438,164
70,417.1779,68000,150.9375,584,150.89,35.8167,77.4349,163
71,415.4695,68137,150.925,545,151.14,35.6031,77.4143,164
72,412.7239,67274,149.95,551,150.17,35.9662,77.5035,163
73,410.6871,66942,150.7,563,152.83,35.7655,77.6369,163
74,406.4634,66660,152.25,556,152.05,35.8353,77.6169,164
75,402.092,65541,151.2875,545,153.64,35.9175,77.7026,163
76,405.7683,66546,151.875,523,151.43,35.8644,77.4756,164
77,399.6258,65139,149.975,572,150.08,35.9906,77.5323,163
78,399.9167,67186,151.4,544,152.83,35.9205,77.3067,168
79,395.9515,65332,150.175,552,150.77,35.5267,77.6541,165
80,396.6121,65441,151.7625,549,151.88,35.7952,77.5307,165
81,393.3293,64506,151.5125,552,150.96,35.8741,77.7591,164
82,387.8476,63607,149.75,546,151.15,35.8393,77.5892,164
83,387.75,63591,151.725,518,153.18,35.9591,77.662,164
84,389.4024,63862,149.925,585,151.89,35.6908,77.5758,164
85,390.8916,64888,149.1,545,150.63,35.7099,77.4922,166
86,397.2711,65947,150.5375,525,150.96,35.4105,77.6821,166
87,401.3436,65419,151.5875,554,152.57,35.953,77.4988,163
88,401.4036,66633,150.7,602,153.99,35.553,77.7245,166
89,404.3497,65909,152.375,533,152.13,35.8359,77.3321,163
90,410.3841,67303,152.4875,582,151.61,35.9505,77.5164,164
91,416.622,68326,151.65,564,151.94,35.8339,77.7828,164
92,420.3926,68524,150.575,565,152.45,35.2448,77.4758,163
93,429.0843,71228,153.975,560,154.17,35.5978,77.6812,166
94,426.9571,69594,150.2375,573,150.93,35.8669,77.3566,163
95,432.7607,70540,150.4625,575,152.74,35.5489,77.4406,163
96,433.4601,70654,152.1,585,152.71,35.5776,77.5857,163
97,435.3394,71831,151.4,586,152.43,35.6627,77.495,165
98,435.2761,70950,153.35,570,153.26,35.7721,77.4083,163
99,430.0915,70535,151.6875,576,151.97,35.4588,77.4254,164
100,422.0419,70481,152.1,556,153.04,35.4264,77.5237,167
101,424.7439,69658,149.1125,569,150.76,35.6415,77.6236,164
102,418.135,68156,154.225,584,152.83,35.6046,77.5112,163
103,417.7055,68086,151.45,599,151.91,35.9398,77.511,163
104,416.3558,67866,152.6625,595,152.46,35.8556,77.4961,163
105,406.2606,67033,150.4625,567,151.85,35.6616,77.5216,165
106,404.2364,66699,151.125,592,151.44,35.8028,77.3679,165
107,401.8834,65507,152.8625,534,154.18,35.7013,77.5905,163
108,399.1585,65462,150.5875,549,151.58,35.8497,77.3818,164
109,403.2242,66532,151.3,555,151.75,35.4832,77.6409,165
110,410.1963,66862,151.4875,562,150.92,35.872,77.4604,163
111,407.9755,66500,151.9625,567,153.36,35.5538,77.6509,163
112,408.9879,67483,151.85,562,151.95,35.9891,77.575,165
113,407.3006,66390,149.15,531,151.73,35.8656,77.3559,163
114,407.1515,67180,150.3,552,152.54,35.8411,77.4011,165
115,410.9325,66982,150.2625,596,151.11,35.8946,77.6117,163
116,404.2577,65894,153.15,557,152.33,35.8736,77.6814,163
117,401.988,66730,150.4375,535,152.25,35.8187,77.4492,166
118,399.0491,65045,151.3125,543,150.9,35.904,77.4762,163
119,393.2209,64095,150.9375,526,150.75,35.971,77.5359,163
120,392.1963,63928,151.675,520,152.07,36.1509,77.6296,163
121,395.9394,65330,151.1,559,151.76,35.6211,77.6764,165
122,390.6319,63673,149.3375,527,150.18,35.9323,77.5646,163
123,390.2945,63618,150.0375,528,151.78,36.0159,77.5544,163
124,388.811,63765,149.775,515,150.12,35.8976,77.5175,164
125,385.303,63575,150.6625,533,151.79,35.8895,77.563,165
126,391.1585,64150,152.2125,558,154.18,35.7689,77.6869,164
127,392.9816,64056,150.6375,521,152.2,35.8523,77.5048,163
128,395.1636,65202,151.325,542,151.38,35.9932,77.4473,165
129,394.0793,64629,150.6875,549,152.13,35.7324,77.7717,164
130,398.135,64896,151.125,540,151.98,35.9691,77.7292,163
131,398.5644,64966,150.775,557,152.59,35.667,77.6879,163
132,396.0606,65350,152.6375,514,151.6,35.6152,77.4756,165
133,392.4817,64367,151.9875,560,152.97,35.6796,77.8238,164
134,386.0549,63313,152.2875,526,151.86,35.9055,77.5827,164
135,391.3988,63798,149.85,530,150.75,35.5903,77.6132,163
136,388.2606,64063,151.4,524,150.21,36.1809,77.4721,165
137,385.8405,62892,150.4375,518,150.13,35.9915,77.8676,163
138,384.7394,63482,152.0875,530,152.41,35.9925,77.7335,165
139,385.0793,63153,150.2625,505,151.84,35.7548,77.4972,164
140,380.3234,63514,151.4,536,152.38,35.6534,77.6866,167
141,381.9207,62635,150.6875,537,150.73,35.3918,77.6687,164
142,387.5939,63953,151.7125,545,151.38,35.4084,77.681,165
143,391.7914,63862,151.275,536,151.22,35.4598,77.8594,163
144,397.1463,65132,152.3375,557,151.91,35.9229,77.6673,164
145,394.7485,64344,151.25,528,152.65,35.4927,77.7187,163
146,392.865,64037,149.8875,534,152.07,35.4884,77.5845,163
147,388.6319,63347,150.9125,515,152.66,35.509,77.6191,163
148,383.3939,63260,150.175,543,152.32,35.8191,77.5697,165
149,380.8072,63214,150.5625,542,151.87,35.7128,77.8615,166
150,382.6766,63907,155.075,525,153.03,35.4406,77.9042,167
151,387.3394,63911,149.9625,521,151.22,35.7128,77.3739,165
152,393.1718,64087,148.6625,532,150.67,35.293,78.046,163
153,393.018,65634,148.8375,529,150.47,35.6877,77.6474,167
154,393.9817,64613,149.925,533,151.27,35.6113,77.6435,164
155,397.6687,64820,151.175,537,152.2,35.5836,77.4426,163
156,403.4364,66567,147.9375,549,149.44,35.2272,77.6079,165
157,404.2242,66697,149.6875,546,151.38,35.4617,77.4686,165
158,409.0859,66681,151.6875,545,152.63,35.3797,77.6541,163
159,412.6074,67255,151.5125,536,150.62,35.5065,77.3772,163
160,413.8232,67867,151.2125,562,153.22,35.5342,77.4705,164
161,414.2927,67944,148.9625,561,151.41,35.2174,77.5603,164
162,417.5818,68901,150.7,552,152.42,35.0893,77.8043,165
163,413.0485,68153,150.725,562,151.53,35.2422,77.422,165
164,419.0061,68717,149.2,554,152.26,35.3626,77.5548,164
165,420.816,68593,149.2,606,152.71,35.3619,77.5183,163
166,413.6606,68254,148.725,557,150.56,35.1982,77.7327,165
167,412.4663,67232,151.4125,539,150.56,35.3719,77.5264,163
168,409.9509,66822,149.7875,526,153.33,35.3454,77.4932,163
169,407.2393,66380,151.8875,531,150.74,35.2355,77.6894,163
170,406.1455,67014,151.5125,617,152.12,35.4005,77.6411,165
171,402.7178,65643,150.25,551,149.64,35.3607,77.7271,163
172,394.6647,65909,151.3375,556,151.86,35.7686,77.6735,167
173,394.7394,65132,151.1875,537,151.82,35.5054,77.6215,165
174,393.8528,64198,150.7875,525,152.74,35.5535,77.5909,163
175,388.1928,64440,150.7375,530,152.01,35.2372,77.8926,166
176,390.5061,64043,150.3125,555,151.88,35.6486,77.7598,164
177,392.2182,64716,150.725,514,151.21,35.7412,77.6721,165
178,395.6768,64891,152.3125,545,150.9,35.5558,77.589,164
179,394.1636,65037,150.475,536,152.68,35.3868,77.448,165
180,399.135,65059,149.7875,520,152.49,35.6847,77.6153,163
181,396.1437,66156,151.5875,523,150.67,35.429,77.5825,167
182,399.8405,65174,147.925,538,149.01,35.4673,77.4648,163
183,393.3865,64122,153.6375,574,151.76,35.8467,77.6175,163
184,399.6159,65537,150.825,569,152.34,35.4845,77.6319,164
185,405.362,66074,152.4375,555,153.64,35.5196,77.4174,163
186,406.2622,66627,150.2,549,151.03,35.542,77.6496,164
187,408.5758,67415,150.4125,541,152.69,35.7178,77.4877,165
188,408.0061,66505,149.9,537,150.68,35.3386,77.6515,163
189,413.4172,67387,150.7625,552,151.52,35.403,77.7226,163
190,408.6871,66616,150.025,564,151.27,35.4872,77.7619,163
191,411.4785,67071,149.5875,548,151.9,35.3232,77.3796,163
192,415.1043,67662,150.15,591,152.14,35.2846,77.3571,163
193,419.7178,68414,149.5625,593,152.6,35.5575,77.4943,163
194,426.5031,69520,148.4375,607,150.91,35.4696,77.5472,163
195,427.8221,69735,150.8,559,151.13,35.6473,77.529,163
196,433.0915,71027,149.6,604,151.46,35.2792,77.5057,164
197,438.1585,71858,148.75,594,150.87,35.31,77.5792,164
198,443.689,72765,150.5,611,151.05,35.4723,77.452,164
199,439.0798,71570,149.225,590,151.54,35.5408,77.4688,163
200,442.5644,72138,151.825,602,151.38,35.3893,77.6939,163
201,443.6646,72761,150.0375,604,151.44,35.313,77.4612,164
202,442.9207,72639,149.525,570,151.05,35.442,77.5577,164
203,442.7791,72173,150.2625,576,150.6,35.5138,77.592,163
204,445.5215,72620,149.8875,637,150.97,35.1747,77.431,163
205,441.0368,71889,149.4875,602,149.91,35.2257,77.5842,163
206,440.411,71787,152.2,586,153.56,35.3612,77.3984,163
207,435.9509,71060,149.6875,609,152.3,35.2905,77.4005,163
208,435.0429,70912,149.3,584,151.21,35.4355,77.5702,163
209,432.9451,71003,151.6625,555,150.79,34.8949,77.7253,164
210,429.4908,70007,151.7,590,152.46,35.494,77.5892,163
211,424.3253,70438,149.2875,597,151.39,35.4071,77.4627,166
212,425.3576,70184,151.5625,554,151.53,35.5581,77.5019,165
213,422.184,68816,151.4125,589,151.16,35.4067,77.7231,163
214,422.4479,68859,150.2125,591,152.73,35.4479,77.6141,163
215,423.4182,69864,149.625,576,152.56,35.2491,77.6001,165
216,416.3232,68277,151.6875,570,153.81,35.5609,77.4752,164
217,415.2988,68109,149.55,615,150.81,35.6096,77.5107,164
218,413.1091,68163,150.8125,542,151.25,35.3248,77.8107,165
219,414.5758,68405,150.15,565,151.28,35.5539,77.6331,165
220,410.878,67384,151.675,578,150.13,35.4644,77.7009,164
221,408.7485,66626,149.875,544,151.36,35.3325,77.4901,163
222,411.903,67964,150.425,569,151.7,35.2525,77.6738,165
223,414.9036,68874,148.125,554,149.78,35.2693,77.5073,166
224,417.6933,68084,148,565,150.05,35.383,77.7505,163
225,421.411,68690,151.25,559,152.69,35.0575,77.4555,163
226,417.9509,68126,150.45,552,150.9,35.3108,77.4056,163
227,422.0245,68790,152.55,546,152,35.4458,77.7642,163
228,424.4356,69183,148.6875,571,151.7,35.1362,77.596,163
229,427.9212,70607,150.6125,580,151.21,35.2412,77.4706,165
230,431.9571,70409,150.8,606,150.77,35.2069,77.4626,163
231,433.2515,70620,150.1375,582,152.03,35.1343,77.7981,163
232,438.1534,71419,150.1125,564,149.86,35.0597,77.5394,163
233,433.1524,71037,151.4625,597,150.96,35.37,77.5846,164
234,431.3902,70748,150.2625,594,150.89,35.2662,77.4775,164
235,429.2754,71689,151.8375,572,152.93,35.1873,77.5544,167
236,429.0061,69928,152.1125,562,151.49,35.1229,77.6776,163
237,428.7744,70319,149.725,578,153.62,35.2826,77.6054,164
238,423.3415,69428,150.475,556,151.32,35.0506,77.6031,164
239,422.8344,68922,148.8875,575,151.27,35.3424,77.6424,163
240,423.5153,69033,149.425,581,150.73,35.0387,77.6972,163
241,422.3293,69262,149.15,563,151.4,35.1663,77.6301,164
242,424.1768,69565,149.825,594,152.13,35.0118,77.6845,164
243,419.0181,69557,150.175,530,151.87,35.4238,77.4971,166
244,421.4634,69120,149.75,533,150.51,34.9367,77.532,164
245,423.4356,69020,148.1,606,150.57,35.174,77.6207,163
246,422.5542,70144,150.0625,565,150.39,35.1146,77.5206,166
247,420.0491,68468,149.6625,551,152.18,35.3897,77.7033,163
248,416.8963,68371,148.7,547,149.17,34.8319,77.5215,164
249,414.9286,69708,149.2875,585,149.19,35.1396,77.5875,168
250,418.2945,68182,150.0125,538,150.8,35.4598,77.5437,163
251,417.0549,68397,149.275,565,149.57,35.1916,77.6335,164
252,419.2317,68754,150.4375,599,152.17,35.2414,77.5734,164
253,417.4172,68039,148.8375,568,151.06,35.1046,77.6771,163
254,414.0982,67498,152.2375,555,153.51,35.2627,77.6441,163
255,409.4172,66735,149.4,547,149.68,35.0481,77.7383,163
256,407.4329,66819,148.7375,534,148.05,35.1906,77.5826,164
257,408.0798,66517,150.05,568,149.81,35.4629,77.7104,163
258,406.622,66686,150.85,579,151.16,34.9699,77.663,164
259,403.7301,65808,150.2625,567,151.35,35.3376,77.7317,163
260,401.872,65907,150.2625,548,152.05,35.0157,77.7334,164
261,404.3313,65906,149.7,560,149.12,34.9074,77.5226,163
262,405.4969,66096,150.1125,551,151.56,35.074,77.524,163
263,400.3476,65657,150.55,557,150.96,35.0788,77.7616,164
264,398.5399,64962,150.05,563,150.85,35.4123,77.5943,163
265,394.1566,65430,147.9625,538,151.24,35.4201,77.6461,166
266,393.1902,64090,149.675,550,150.07,35.599,77.7528,163
267,393.773,64185,150.7625,540,150.9,34.7828,77.7789,163
268,399.5276,65123,150.8625,538,151.55,35.3633,77.6458,163
269,390.5238,65608,150.7125,543,150.31,34.8731,77.6112,168
270,389.6585,63904,150.8125,503,149.59,35.2181,77.5636,164
271,390.816,63703,150.475,522,151.5,35.258,77.5421,163
272,389.2086,63441,150.45,547,151.36,34.8103,77.7625,163
273,389.561,63888,149.675,532,149.43,34.9758,77.8688,164
274,391.0909,64530,150.125,543,150.87,35.2682,77.449,165
275,390.9264,63721,148.125,572,151.24,35.0873,77.6633,163
276,391.7195,64242,146.5375,523,150.44,35.1815,77.9114,164
277,388.1988,64441,150.725,538,152.01,35.2783,77.681,166
278,397.0245,64715,148.95,568,149.77,35.2195,77.6372,163
279,397.7485,64833,149.45,531,148.37,35.2874,77.8223,163
280,398.7378,65393,148.4,549,150.78,35.0764,77.5633,164
281,396.5706,64641,149.1875,519,149.85,35.3037,77.5447,163
282,393.2012,64485,148.775,548,151.94,34.9608,77.7976,164
283,388.9152,64171,149.2375,528,149.7,35.3603,77.8181,165
284,388.9693,63402,149.875,535,151.75,35.2096,77.822,163
285,382.5399,62354,150.0625,559,150.64,35.3275,77.6555,163
286,377.9217,62735,150.6375,527,150.87,35.1585,77.9198,166
287,376.3804,61350,149.35,503,149.12,35.5214,77.8311,163
288,372.3593,62184,148.3,501,152.94,35.3096,77.6164,167
289,376.0061,62041,151.9625,506,152.38,35.1308,77.8961,165
290,377.6424,62311,147.45,516,149.11,35.1787,77.662,165
291,380.3554,63139,148.2375,504,149.69,35.4094,77.5548,166
292,380.7055,62055,148.35,539,150.48,35.4873,77.717,163
293,385.865,62896,150.5375,510,151.01,35.4428,77.4172,163
294,390.1098,63978,148.2,527,149.39,35.015,77.6787,164
295,387.9146,63618,149.1125,502,149.22,35.3044,77.6105,164
296,392.2209,63932,150.4625,552,150.98,35.0731,77.5629,163
297,397.2934,66348,147.9625,550,148.74,34.9621,77.6928,167
298,402.1718,65554,150.875,554,153.09,35.053,77.4273,163
299,401.8528,65502,150.5375,561,152.09,35.0852,77.8166,163
300,405.2209,66051,148.5375,607,149.55,34.9755,77.692,163
301,404.9878,66418,151.875,531,150.29,34.9622,77.7846,164
302,399.9018,65184,150.2,539,151.69,35.1119,77.6171,163
303,403.4485,66569,150.5625,549,152.2,34.7105,77.5506,165
304,403.7669,65814,149.85,574,151.32,35.0013,77.6979,163
305,406.311,66635,150.625,582,149.79,34.8376,77.6144,164
306,406.1341,66606,148.225,525,149.74,34.8881,77.786,164
307,402.4908,65606,149.1125,558,150.31,34.9156,77.7704,163
308,406.4085,66651,147.6125,594,149.44,35.1961,77.7264,164
309,404.7485,65974,150.4625,554,149.98,34.9229,77.5181,163
310,405.8788,66970,149.8375,557,150.68,34.946,77.5749,165
311,410.2073,67274,152.2,539,153.69,35.0156,77.7863,164
312,411.2331,67031,149.375,535,151.88,35.1233,77.7457,163
313,413.3865,67382,149.825,559,149.71,34.8863,77.6706,163
314,418.1534,68159,149.3,558,149.86,34.8136,77.7776,163
315,416.681,67919,150.45,601,152.38,34.9557,77.5749,163
316,415.4601,67720,149.6125,576,149.44,34.9178,77.6016,163
317,414.6687,67591,149.7625,546,150.03,35.0115,77.792,163
318,416.5515,68731,148.8875,522,150.89,34.9885,77.7933,165
319,420.3988,68525,150.35,582,151.15,34.9257,77.6049,163
320,416.2988,68273,150.275,569,150.7,34.6628,77.9553,164
321,419.9509,68452,151.45,568,152.58,34.851,77.5758,163
322,414.5515,68401,148.8875,543,149.21,34.7336,77.7858,165
323,416.319,67860,150.95,563,151.07,34.8726,77.6592,163
324,418.1227,68154,150.8125,595,151.3,34.7203,77.4268,163
325,412.7546,67279,149.6,561,150.03,34.6897,77.4601,163
326,403.9451,66247,148.3125,539,149.45,34.6841,77.9772,164
327,408.0061,66505,150.4625,567,150.91,35.0138,77.5164,163
328,407.1166,66360,150.4625,534,150.3,34.9537,77.8006,163
329,402.4847,65605,150.05,542,148.75,34.7918,77.7851,163
330,402.7423,65647,148.9,531,149.25,34.8862,77.8594,163
331,400.0552,65209,146.85,532,150.17,34.9652,77.5759,163
332,393.773,64185,149.5125,524,150.48,35.133,77.8043,163
333,396.5767,64642,150.0625,532,151.5,35.1554,77.6547,163
334,398.0242,65674,150.35,541,151.01,34.8528,77.8021,165
335,391.411,63800,151.525,512,150.09,34.7878,77.773,163
336,394.6564,64329,146.425,510,149.07,34.7141,77.7925,163
337,392.6871,64008,148.4,559,150.87,34.6053,77.8745,163
338,392.0904,65087,148.35,552,150.48,34.7631,77.5316,166
339,392.3252,63949,151.1,568,150.73,34.9561,77.6242,163
340,389.1737,64992,147.7,530,148.5,34.758,77.6655,167
341,388.3253,64462,148.1125,522,149.01,34.6313,77.9792,166
342,392.6319,63999,150.0125,586,151.03,34.7372,77.8325,163
343,393.7378,64573,152.5,521,151.97,34.8831,77.7111,164
344,390.411,63637,147.45,535,149.85,35.04,77.6767,163
345,390.8598,64101,147.875,503,149.88,35.0799,77.8977,164
346,386.2848,63737,148.625,528,150.09,34.8668,77.6647,165
347,387.9018,63228,151.1125,544,152.22,34.9095,77.7333,163
348,382.5183,62733,150.35,509,150.69,34.8055,77.804,164
349,381.5644,62195,150.8875,504,151.95,34.975,77.7666,163
350,381.8528,62242,149.95,510,150.73,35.2526,77.9092,163
351,378.5671,62085,147.4875,512,148.29,34.7359,77.8671,164
352,381.4085,62551,149.975,483,151.47,35.0929,77.8713,164
353,378.4398,62821,147.8125,520,150.47,34.9374,77.7818,166
354,374.2683,61380,150.65,529,151.13,35.0803,77.9677,164
355,377.0976,61844,148.3875,546,149.61,34.9244,77.7295,164
356,378.2515,61655,147.25,499,150.3,34.8404,78.0298,163
357,379.0982,61793,148.65,500,150.32,34.9498,77.9584,163
358,375.6626,61233,148.8375,523,151.11,35.1535,77.7848,163
359,376.1043,61305,147.25,539,148.97,34.7128,77.9725,163
360,374.9264,61113,149.3625,479,150.28,34.9591,77.9233,163
361,372.4049,60702,148.375,497,149.3,35.0366,78.0198,163
362,371.1037,60861,147.0375,512,148.9,35.1716,77.8185,164
363,371.3988,60538,148.425,537,151.42,34.8488,77.8786,163
364,376.0613,61298,147.2625,487,149.34,35.0423,77.7272,163
365,375.8963,61647,148.075,506,149.46,34.5609,78.0754,164
366,377.9387,61604,149.15,509,150.47,34.9241,77.9267,163
367,382.5503,64651,149.025,525,148.76,34.9102,77.8529,169
368,381.5706,62196,148.9625,504,150.75,35.0108,77.9467,163
369,388.1585,63658,150.8375,529,151.95,34.822,77.869,164
370,385.7791,62882,147.8875,515,151.51,34.8302,78.016,163
371,381.4695,62561,147.8,493,150.52,34.5927,77.9579,164
372,382.2025,62299,151.6375,520,150.24,34.7675,77.9348,163
373,377.6258,61553,148.175,498,149.82,34.6499,78.1831,163
374,378.8659,62134,148.3625,523,149.22,34.6577,77.9236,164
375,380.4172,62008,147.95,507,150.16,34.973,78.035,163
376,382.5394,63119,147.2125,572,149.03,35.0206,77.787,165
377,380.5732,62414,150.2375,500,150.45,34.8149,77.8578,164
378,380.7914,62069,150.6,522,151.49,34.9431,78.2262,163
379,380.9816,62100,148.625,522,149.12,35.0476,78.14,163
380,383.227,62466,146.825,529,148.63,34.7287,77.9083,163
381,384.908,62740,148.8875,497,148.98,34.9716,77.736,163
382,383.5337,62516,150.5375,512,151.56,34.4544,77.9642,163
383,382.319,62318,148.4,508,149.06,34.8168,77.9208,163
384,384.4096,63812,148.75,530,149.46,34.7471,77.7988,166
385,377.4172,61519,146.1625,508,148.47,34.8433,77.9288,163
386,379.8537,62296,148.5875,531,150.44,34.9019,77.7583,164
387,377.1576,62231,148.0375,495,149.2,34.7081,77.758,165
388,381.2515,62144,149.4625,508,149.79,35.0017,78.0114,163
389,374.908,61110,147.9875,479,150.06,34.8685,78.1613,163
390,373.8589,60939,147.725,528,147.84,34.7211,78.2098,163
391,373.1867,61949,147.8125,524,148.57,34.7197,78.239,166
392,366.7866,60153,150.4,507,151.15,35.2901,77.8266,164
393,369.6933,60260,148.9125,531,151.93,34.9687,78.0957,163
394,369.5394,60974,150.625,496,149.49,35.0181,78.0192,165
395,365.3772,61018,147.6,518,149.36,34.9637,78.0945,167
396,369.6074,60246,150.875,498,151.51,35.1762,77.9931,163
397,373.0982,60815,149.4625,505,149.52,34.8544,77.9996,163
398,372.8537,61148,145.575,520,149.28,35.152,77.6021,164
399,375.9018,61272,148.0625,536,148.93,34.3361,77.9901,163
400,380.9518,63238,149.6375,545,149.51,34.4552,77.616,166
401,385.9816,62915,149.25,538,149.86,34.6081,78.0497,163
402,385.7423,62876,150.675,496,151.74,34.4809,77.7351,163
403,389.8193,64710,148.1,501,149.56,34.3372,77.9269,166
404,391.0552,63742,148.25,525,148.99,34.4861,77.8725,163
405,391.2256,64161,148.0125,509,149.05,34.2582,77.9612,164
406,392.1024,65089,148.3125,517,149.93,34.1754,77.837,166
407,399.3537,65494,149.25,553,150.54,34.5696,77.7462,164
408,402.5793,66023,149.7875,545,149.72,34.7044,77.9829,164
409,403.454,65763,147.225,533,148.68,34.5207,77.8909,163
410,408.5915,67009,146.9,561,150.48,34.46,77.7403,164
411,406.5337,66265,148.325,533,150.08,34.5601,77.7417,163
412,409.25,67117,148.9625,564,150.87,34.5818,77.7257,164
413,405.6524,66527,150.0125,552,150.28,34.4039,77.8853,164
414,404.7256,66375,150.6125,533,152.98,34.2574,77.9572,164
415,403.7607,65813,149.05,533,149.58,34.4261,77.8726,163
416,401.4049,65429,148.0375,524,148.88,34.3433,77.8986,163
417,403.6687,67009,146.675,516,147.32,34.2296,77.5954,166
418,408.0798,66517,149.65,537,149.37,34.6306,77.8589,163
419,404.227,65889,149.475,576,151.41,34.5176,77.7744,163
420,402.5915,66025,150.675,533,149.44,34.5642,77.8272,164
421,406.9697,67150,150.275,537,151.17,34.5711,78.0495,165
422,405.3049,66470,148.525,559,149.21,34.5181,78.0037,164
423,404,66256,152.125,539,153.4,34.5185,77.901,164
424,399.0549,65445,149.0375,589,151.19,34.5065,78.2665,164
425,393.4724,64136,147.825,509,148.81,34.8553,78.1987,163
426,387.1463,63492,148.8375,536,149.57,34.5223,78.2358,164
427,384.5422,63834,148.5,509,149.59,34.6244,78.0952,166
428,382.8221,62400,148.3125,532,148.79,34.6013,77.9791,163
429,383.0732,62824,149.0875,509,148.99,34.6347,77.8873,164
430,384.0121,63362,148.5375,511,148.99,34.3614,77.9846,165
431,379.638,61881,147.75,530,149.03,34.5629,78.1704,163
432,377.6727,62316,146.275,535,148.03,35.0075,78.0136,165
433,372.3114,62176,148.7375,525,149.89,34.3168,78.2149,167
434,373.6585,61280,148.125,520,148.84,34.5875,77.9981,164
435,367.6364,60660,146.6875,481,148.57,34.7442,78.1397,165
436,368.9758,60881,148.4125,489,150.28,34.8993,77.9955,165
437,368.3354,60407,146.5,495,148.27,34.6671,78.4751,164
438,369.3963,60581,149.7375,492,149.02,34.8352,78.2007,164
439,366.9816,59818,148.025,480,149.55,34.7298,78.0298,163
440,367.7239,59939,146.1625,483,148.73,34.8552,77.8264,163
441,375.6748,61235,148.375,488,149.16,34.6846,78.2744,163
442,377.061,61838,149.7125,509,151.37,34.4845,78.2733,164
443,382.8598,62789,146.95,521,149.66,34.8258,78.1426,164
444,391.1463,64148,148.7,500,149.24,34.3853,77.9735,164
445,390.5215,63655,148.05,514,150.88,34.3624,77.8735,163
446,395.2317,64818,145.1375,523,147.29,34.5333,77.9797,164
447,394.0982,64238,146.3375,536,147.9,34.5691,78.0298,163
448,395.253,65612,149.1125,555,150.79,34.5284,78.0669,166
449,393.7758,64973,146.625,556,146.25,34.352,78.1865,165
450,389.1585,63822,150.0375,551,150.34,34.3531,78.1265,164
451,391.9755,63892,148.3,504,148.61,34.6486,77.8037,163
452,387.7012,63583,147.0625,525,148.07,34.4123,77.9784,164
453,386.0859,62932,145.05,526,147.61,34.1847,78.061,163
454,385.908,62903,146.825,487,148.29,34.3882,78.0302,163
455,386.8344,63054,146.825,510,147.98,34.2901,78.2977,163
456,388.6258,63346,148.45,490,149.39,34.3338,78.049,163
457,386.2761,62963,146.15,514,148.47,34.4163,78.1837,163
458,386.4049,62984,145.6625,530,147.65,34.0939,78.1018,163
459,384.3963,63041,146.5375,524,149.71,34.5583,78.178,164
460,382.8834,62410,147.875,504,149.61,34.3865,78.1331,163
461,375.8303,62012,148.6,508,148.73,34.1582,78.1424,165
462,381.8957,62249,147.7125,535,149.99,34.6406,77.872,163
463,380.8554,63222,147.7,495,149.71,34.3516,78.3579,166
464,383.8485,63335,146.075,515,147.34,34.5201,77.9923,165
465,386.7239,63036,149.9375,516,149.46,34.3279,78.0067,163
466,381.5868,63725,148.525,489,149.28,34.3893,77.8842,167
467,384.8909,63507,149.6375,512,150.31,34.152,78.0149,165
468,385.4479,62828,146.7625,492,147.22,34.2783,78.094,163
469,381.8537,62624,147.4,496,150,34.04,78.1155,164
470,377.0859,61465,147.3375,477,148.93,33.9614,78.0678,163
471,371.9264,60624,150.3875,503,148.96,34.7459,77.9679,163
472,369.2012,60549,147,476,149.07,34.5177,77.9728,164
473,360.6627,59870,148.4375,491,149.11,34.5064,78.2011,166
474,358.8896,58499,146.3,486,148.24,34.8568,78.3647,163
475,356.1646,58411,147.7375,508,147.93,34.5875,78.4143,164
476,350.8364,57888,147.4375,482,149.83,34.6659,78.1764,165
477,350.7317,57520,148.275,475,149.27,34.7287,78.185,164
478,348.2577,56766,148.225,469,149.51,34.3938,78.3627,163
479,347.3497,56618,151.2375,466,151.73,34.6823,78.3482,163
480,340.2727,56145,149.3625,493,149.16,34.9024,78.4638,165
481,346.0976,56760,148.3875,457,148.78,34.8344,77.8663,164
482,343.9264,56060,147.875,462,150.25,34.7471,78.3022,163
483,338.8712,55236,146.4875,478,146.83,34.7407,78.2767,163
484,342.0736,55758,149.2375,501,151.11,35.0395,78.3728,163
485,337.9816,55091,147.2125,454,148.67,34.5978,78.4391,163
486,335.7012,55055,145.9625,446,146.59,34.8937,78.4783,164
487,334.1166,54461,147.8125,476,148.12,34.8294,78.4443,163
488,333.1472,54303,145.8125,467,148.14,34.8856,78.3137,163
489,334.1758,55139,146.025,463,149.68,34.7496,78.2035,165
490,335.6402,55045,148.075,462,148.96,34.555,78.1672,164
491,335.1951,54972,148.15,472,149.15,34.9412,78.3598,164
492,329.9141,53776,148.3375,439,148.24,34.7028,78.435,163
493,332.9699,55273,148.5375,476,149.51,34.5284,78.1986,166
494,327.2679,54981,150.35,468,150.51,34.9038,78.4096,168
495,328.1747,54477,145.8875,440,146.9,34.758,78.2494,166
496,325.4795,55657,149.4125,423,150.42,34.6118,78.3295,171
497,330.4417,53862,146.7625,426,148.21,34.7799,78.235,163
498,328.4847,53543,147.45,460,150,35.3503,78.2257,163
499,327.3537,53686,146.5875,433,148,35.0531,78.4656,164
500,327.1807,54312,147.025,444,149.33,34.7737,78.0947,166
501,329.7805,54084,147.7,458,149.8,34.8958,78.4115,164
502,330.4724,53867,147.125,445,148.58,34.6413,78.4863,163
503,330.5337,53877,147.8625,454,148.58,34.8729,78.3868,163
504,332.4819,55192,147.6625,443,150.97,34.7412,78.1548,166
505,337.6871,55043,146.8625,471,147.59,34.8849,78.6774,163
506,337.4634,55344,149.0125,466,149.03,34.7168,78.3933,164
507,342.0061,56431,146.5375,472,148,34.9414,78.3455,165
508,339.1656,55284,147.8625,473,149.26,34.9017,78.4034,163
509,337.9333,55759,148.25,465,150.26,34.6002,78.1131,165
510,342.372,56149,148.025,471,149.99,34.7009,78.3102,164
511,340.6768,55871,147.1625,459,148.22,34.6393,78.2621,164
512,343.6829,56364,145.75,456,147.93,34.2278,78.6034,164
513,344.9107,57945,146.825,479,148.67,34.5401,78.3643,168
514,349.2945,56935,147.5875,484,147.62,34.4781,78.3097,163
515,345.512,57355,147.6125,476,149.02,34.6414,78.2219,166
516,351.8232,57699,146.6375,490,148.01,34.4348,78.1462,164
517,351.7317,57684,146.7875,474,148.7,34.6675,78.4705,164
518,349.8221,57021,147.8625,463,148.64,34.3505,78.2025,163
519,356.2195,58420,145.5875,518,147.24,34.5091,78.3326,164
520,361.5758,59660,148.1375,481,147.22,34.7032,77.817,165
521,363.6687,59278,147.325,495,147.63,34.3763,78.4013,163
522,364.5276,59418,148.05,488,149.06,34.4143,78.1718,163
523,360.9816,58840,146.3625,476,147.82,34.1084,78.3318,163
524,364.3742,59393,147.9,475,147.5,34.3647,78.114,163
525,371.0859,60487,147.2625,496,147.77,34.7447,78.1727,163
526,372.5758,61475,146.075,496,146.87,34.3523,77.9332,165
527,370.2169,61456,146.8875,501,147.94,34.2948,78.2424,166
528,374.135,60984,148.1375,482,148.56,34.3625,77.9924,163
529,369.5305,60603,146.3125,494,148.14,34.1779,77.9582,164
530,364.0123,59334,146.4375,541,148.21,34.0812,77.9943,163
531,368.3855,61152,148.25,479,147.13,33.9947,78.1664,166
532,371.741,61709,147.3375,501,149.16,34.1969,78.1922,166
533,365.4329,59931,148.175,491,148.25,34.2853,78.1491,164
534,367.7988,60319,148.675,487,146.8,34.3387,78.42,164
535,368.9085,60501,147.5875,474,148.87,34.2848,78.1191,164
536,367.9634,60346,146.5375,497,148.07,34.0524,78.2952,164
537,365.1006,61702,147.275,502,147.95,34.3297,78.1306,169
538,361.3558,58901,147.075,475,147.41,34.2279,78.0725,163
539,359.5092,58600,147.1125,509,148.49,34.2206,78.2385,163
540,361.9817,59365,147.9,494,149.74,34.3863,78.4401,164
541,361.7744,59331,147.975,461,149.74,34.389,78.0421,164
542,364.1377,60811,148.05,524,148.59,34.178,78.235,167
543,363.097,59911,146.575,474,146.18,34.1028,78.0518,165
544,364.2744,59741,146.1625,533,150.03,34.0243,78.2589,164
545,362.4085,59435,145.85,484,148.23,34.3204,78.3668,164
546,355.9152,58726,145.8625,477,146.41,34.0363,78.4381,165
547,361.0123,58845,146.6125,490,149.43,34.3608,78.3968,163
548,356.9518,59254,147.2625,482,149.39,33.7891,78.1358,166
549,362.411,59073,149.0875,475,149.69,34.3672,78.1931,163
550,362.1595,59032,148.075,487,148.74,34.2387,78.4756,163
551,359.1084,59612,147.25,487,149.19,33.8327,78.3637,166
552,364.7744,59823,147.9875,485,149.18,34.0249,78.2619,164
553,363.8293,59668,147,476,148.66,34.3402,78.0568,164
554,366.5828,59753,147.3875,465,148.61,34.2332,78.547,163
555,366.773,59784,146.8125,497,148.48,33.6997,78.3854,163
556,363.9939,59695,149.4875,505,149.5,34.1862,78.3947,164
557,365.1098,59878,145.875,501,147.43,34.1603,78.2274,164
558,367.2256,60225,148.0625,493,148.94,34.0551,78.3696,164
559,366.3091,60441,146.3375,518,147.52,34.1154,78.2969,165
560,374.1227,60982,146,534,147.96,34.0028,78.4176,163
561,372.2761,60681,146.7,495,148.77,34.0913,78.3554,163
562,374.681,61073,146.9625,480,149.32,34.0898,78.5599,163
563,374.1779,60991,148.8875,490,149.41,33.9226,78.6425,163
564,372.5215,60721,147.7125,499,149.03,34.2085,77.9241,163
565,367.0539,61298,145.6125,482,148.38,33.3467,78.4158,167
566,367.5767,59915,146.6625,504,148.55,34.3924,78.4662,163
567,364.6442,59437,147.3625,468,147.52,33.793,78.3356,163
568,365.2454,59535,148.1,493,146.91,34.3925,78.2221,163
569,366.1205,60776,145.8875,511,146.26,34.1729,78.237,166
570,365.7853,59623,148.0375,476,148.89,33.9447,78.183,163
571,366.0184,59661,146.45,476,147.5,34.5307,78.1543,163
572,364.0888,61531,146.1375,481,146.47,34.4025,78.4965,169
573,360.8795,59906,147.3375,477,148.98,34.0256,77.9856,166
574,363.9512,59688,146.1125,464,147.49,34.0616,78.2743,164
575,358.7066,59904,147.1625,461,148.7,34.3356,78.5134,167
576,358.2761,58399,148.85,484,148.76,34.0896,78.1168,163
577,360.0244,59044,146.4875,481,148.41,34.4115,78.4024,164
578,355.1636,58602,146.525,469,148.39,33.9047,78.3799,165
579,357.454,58265,148.35,483,148.87,34.0398,78.509,163
580,357.3865,58254,145.2125,488,147.37,34.4681,78.1792,163
581,352.9756,57888,147.3875,486,148.64,34.0912,78.4554,164
582,350.9394,57905,147.1375,482,145.76,34.056,78.1451,165
583,352.1104,57394,148.0625,439,149.3,34.205,78.3719,163
584,353.9509,57694,146.2625,471,147.26,34.4721,78.2166,163
585,349.2945,56935,146.925,475,146.17,34.357,78.5264,163
586,349.0599,58293,146.0375,466,145.95,34.2212,78.6907,167
587,353.4417,57611,147.45,478,147.62,34.3187,78.2782,163
588,351.0982,57229,145.625,445,146.37,34.3985,78.5066,163
589,354.4785,57780,146.1,479,147.36,34.2297,78.2884,163
590,352.2577,57418,146.8875,465,147.26,34.2952,78.2925,163
591,355.622,58322,145.525,480,146.67,34.3687,78.4315,164
592,350.4817,57479,148.3875,520,146.36,34.0426,78.2989,164
593,349.8424,57724,147.25,481,147.55,34.3429,78.2376,165
594,346.2635,57826,146.8375,477,147.65,34.2604,78.254,167
595,344.0783,57117,144.7,489,145.56,34.3906,78.2492,166
596,342.4451,56161,145.3125,470,147.41,34.2905,78.3615,164
597,340.5273,56187,146.425,449,146.32,34.2879,78.4694,165
598,335.9766,57452,148.0625,444,148.22,34.1284,78.3239,171
599,334.5758,55205,145.575,433,148.17,34.3966,78.6816,165
600,332.8263,55582,146.175,432,148.7,34.2411,78.4211,167
601,335.2761,54650,147.1375,456,148.41,34.1645,78.5255,163
602,327.5988,54709,148.775,487,149.29,34.2417,78.4299,167
603,330.5706,53883,148.5375,446,149.37,34.4211,78.4209,163
604,332.1091,54798,147.8375,455,148.58,34.8811,78.4777,165
605,332.1104,54134,147.25,476,149.02,34.6377,78.717,163
606,333.2025,54312,147.275,454,148.7,34.4589,78.4701,163
607,330.2754,55156,145.175,459,146.71,34.9912,78.5914,167
608,329.5455,54375,145.775,489,147.18,34.4561,78.6127,165
609,327.2638,53344,147.65,475,148.06,34.6522,78.4037,163
610,327.2761,53346,147.9625,449,148.89,34.9671,78.1682,163
611,324.9264,52963,145.85,458,148.65,35.0558,78.5249,163
612,322.2622,52851,146.5375,445,147.67,34.7579,78.6051,164
613,322.7561,52932,147.5125,436,148.94,34.9126,78.7371,164
614,325.0121,53627,146.75,482,148.2,34.9171,78.6898,165
615,325.0368,52981,146.35,478,148.24,34.6357,78.2684,163
616,325.0244,53304,146.425,444,148.74,35.0319,78.4414,164
617,323.8659,53114,144.65,479,146.26,34.772,78.2692,164
618,325.4049,53041,147.7375,478,148.35,35.1966,78.7442,163
619,320.6503,52266,146.7125,448,147.3,34.8394,78.3915,163
620,319.8982,53423,149.125,428,150.28,34.9434,78.165,167
621,319.9018,52144,147.475,441,150.56,34.7834,78.7371,163
622,318.0671,52163,146.55,455,148.21,34.7892,78.1104,164
623,319.092,52012,146.9375,442,147.77,34.8025,78.5125,163
624,317.6402,52093,144,471,146.08,34.5919,78.5668,164
625,317.2848,52352,149.2125,434,149.25,34.7728,78.8213,165
626,319.4545,52710,145.1,435,149.98,34.7011,78.3928,165
627,319.6364,52740,149.3875,413,149.48,34.7825,78.6509,165
628,316.5706,51601,147.3375,450,147.32,35.1049,78.4727,163
629,318.3988,51899,145.25,454,146.19,34.7607,78.4014,163
630,317.4431,53013,146.5375,417,147.86,34.2436,78.7568,167
631,318.9042,53257,146.275,470,147.26,34.7296,78.6081,167
632,319.5644,52089,146.475,441,147.36,34.7534,78.4555,163
633,318.5244,52238,145.825,450,146.98,34.8253,78.6044,164
634,322.6424,53236,146.375,428,148.07,34.6845,78.4233,165
635,323.6402,53077,148.125,450,148.07,34.7311,78.5141,164
636,323.6135,52749,145.2625,479,147.82,34.6721,78.6814,163
637,323.2798,54311,149.1875,435,148.96,34.791,78.2948,168
638,326.5583,53229,145.3,480,148.11,34.4428,78.4344,163
639,330.7439,54242,144.475,470,146.47,34.7436,78.5283,164
640,329,53627,145.9875,442,146.77,34.4603,78.6276,163
641,322.5488,52898,145.7625,463,147.44,34.4167,78.426,164
642,323.1585,52998,146.4125,447,146.63,34.4787,78.3857,164
643,324.372,53197,145.7375,448,146.61,34.4158,78.4997,164
644,324.6503,52918,145.9375,443,146.82,34.7008,78.5284,163
645,322.3455,53187,145.075,454,147.43,34.6975,78.5541,165
646,322.811,52941,144.8,457,147.06,34.7146,78.7111,164
647,322.2976,54146,146.175,442,147.21,34.2322,78.6478,168
648,321.9329,52797,146.8375,495,148.47,34.6211,78.4428,164
649,323.2822,52695,144.025,481,144.96,34.8496,78.6694,163
650,321.9879,53128,146.9625,454,148.77,34.5181,78.8316,165
651,323.7456,54713,146.1875,445,147.86,34.3636,78.6693,169
652,328.3054,54827,146.6,452,149.37,34.4881,78.5495,167
653,331.4878,54364,145.05,484,146.84,34.4568,78.7124,164
654,332.8221,54250,146.925,469,147.94,34.4897,78.5342,163
655,331.9102,55429,145.0875,472,146.68,34.523,78.5721,167
656,336.6564,54875,146.0125,447,146.49,34.744,78.4443,163
657,339.689,55709,148.35,469,147,34.4301,78.6572,164
658,340.2317,55798,144.825,453,148.03,34.7162,78.4167,164
659,341.1325,56628,145.6625,501,148,34.4184,78.5961,166
660,338.9699,56269,145.5125,481,146.22,34.5242,78.5612,166
661,339.0798,55270,146.55,461,146.5,34.287,78.6112,163
662,340.2,56133,146.6,461,147.05,34.4874,78.1711,165
663,342.4207,56157,146.2,470,147.03,34.7153,78.506,164
664,341.303,56315,146.7875,473,147.66,34.5796,78.3468,165
665,336.7212,55559,144.5625,458,146.3,34.5668,78.7404,165
666,340.6646,55869,145.075,463,145.79,34.6377,78.3434,164
667,337.8834,55075,145.7,448,147.84,34.2251,78.5358,163
668,337.4663,55007,144.85,453,146.89,34.7218,78.5436,163
669,337.8963,55415,145.45,452,146.46,34.4284,78.6292,164
670,334.7055,54557,146.75,463,146.95,34.3286,78.7181,163
671,333.75,54735,144.375,452,146.68,34.5576,78.6682,164
672,337.2209,54967,146.55,464,146.58,34.5226,78.8901,163
673,336.1212,55460,144.4875,480,146.06,34.8227,78.4739,165
674,333.8024,55745,145.0125,441,146.6,34.6535,78.6079,167
675,333.9202,54429,144.625,450,145.27,34.6096,78.5396,163
676,331.6988,55062,145.1875,447,145.87,34.5502,78.4645,166
677,332.9085,54597,147.9,467,149.78,34.8906,78.3812,164
678,333.0915,54627,145.25,451,146.92,34.9223,78.6126,164
679,331.0303,54620,145.3,435,147.76,34.6517,78.7382,165
680,330.0552,53799,146.0375,472,145.29,34.7801,78.6995,163
681,325.8204,54412,147.45,453,148.8,34.3934,78.4768,167
682,324.1455,53484,146.3,446,147.84,34.6475,78.3679,165
683,323.3091,53346,144.6375,423,147.77,34.8639,78.5553,165
684,320.0061,52161,144.1,460,145.3,34.9394,79.0517,163
685,321.9939,52807,147.2375,427,146.3,34.7528,78.8074,164
686,321.515,53693,144.0375,442,145.81,34.6269,78.8898,167
687,320.2761,52205,148.175,438,148.65,34.6176,78.5039,163
688,322.4049,52552,146.1375,445,148.33,34.7857,78.5795,163
689,321.8659,52786,147.3,439,148.7,34.7705,78.5966,164
690,326.4785,53216,146.8125,447,147.43,34.9126,78.5601,163
691,326.1394,53813,146.7875,465,148.2,34.8289,78.7062,165
692,324.5122,53220,146.0625,437,147.87,34.7884,78.4656,164
693,330.7195,54238,146.175,436,147.68,34.5193,78.6868,164
694,331.4061,54682,146.0875,442,147.71,34.8405,78.6418,165
695,333.8253,55415,144.975,455,145.57,34.5038,78.6319,166
696,339.7485,55379,146.4125,432,146.62,34.5457,78.501,163
697,342.3926,55810,145.4375,455,146.59,34.49,78.5541,163
698,344.3436,56128,145.5375,459,146.17,34.8684,78.2216,163
699,341.7607,55707,145.7125,480,148.35,34.4625,78.4798,163
700,343.3614,56998,146.175,457,146.77,34.1957,78.3041,166
701,344.6121,56861,145.475,437,145.81,34.7641,78.2492,165
702,345.6325,57375,144.45,469,147.09,34.4537,78.3292,166
703,348.5488,57162,144.6375,445,144.8,34.8386,78.459,164
704,347.2381,58336,145.7875,448,147.13,34.33,78.1897,168
705,348.8896,56869,144.7625,479,144.51,34.4641,78.7805,163
706,351.6994,57327,146.95,502,147.07,34.6337,78.4556,163
707,349.8957,57033,145.3625,449,146.44,34.5252,78.5246,163
708,350.3804,57112,147.5,450,147.06,34.2567,78.1702,163
709,354.4939,58137,142.725,483,147.53,34.5922,78.3562,164
710,353.6303,58349,143.9875,463,146.19,34.5675,78.3819,165
711,350.9515,57907,146.6875,480,147.83,34.4276,78.7223,165
712,349.1472,56911,146.3,511,146.83,34.6275,78.2624,163
713,348.8545,57561,145.8875,440,147.03,34.3004,78.4945,165
714,347.6463,57014,146.9,462,148.19,34.8213,78.4893,164
715,348.0859,56738,145.525,478,147.3,34.2304,78.5019,163
716,345.4424,56998,146.45,459,148.88,34.3257,78.3997,165
717,343.3067,55959,145.25,460,146.22,34.5389,78.378,163
718,344.3554,57163,145.6,454,147.17,34.7159,78.5092,166
719,348.2622,57115,147.05,468,147.24,34.7808,78.4172,164
720,349.4601,56962,147.675,465,148.73,34.2405,78.4728,163
721,344.8909,56907,144.9875,436,146.77,34.3184,78.3549,165
722,343.3452,57682,144.775,471,144.93,34.5014,78.2831,168
723,346.6098,56844,146.8,462,148.4,34.4111,78.399,164
724,345.6848,57038,147.35,455,147.61,34.4456,78.4922,165
725,346.362,56457,145.9,461,147.22,34.6887,78.4034,163
726,347.2073,56942,143.725,469,145.49,34.3918,78.2647,164
727,346.4417,56470,143.55,463,144.98,34.6589,78.3519,163
728,344.2945,56120,143.9375,456,145.03,34.7335,78.7723,163
729,347.0305,56913,144.725,445,146.21,34.8768,78.5058,164
730,350.1902,57081,148.225,473,148.85,34.2905,78.7814,163
731,355.2667,58619,146.875,462,147.88,34.1713,78.4341,165
732,354.494,58846,145.3,492,147.48,34.7411,78.4841,166
733,354.1867,58795,145.9,448,146.83,34.3042,78.4356,166
734,355.5488,58310,145.175,480,147.44,34.2373,78.3632,164
735,359.6442,58622,146.9875,474,147.96,34.5583,78.388,163
736,353.9636,58404,146.4,468,147.65,33.999,78.3784,165
737,356.6303,58844,145.125,481,145.52,34.2325,78.3945,165
738,353.6258,57641,145.7875,468,146.06,34.3909,78.5007,163
739,358.4969,58435,146.075,454,146.04,34.4,78.4314,163
740,354.8773,57845,146.75,464,145.68,34.283,78.3128,163
741,357.4601,58266,147.5375,496,146.81,34.478,78.4502,163
742,355.1227,57885,144.7125,464,145.64,34.6477,78.5281,163
743,356.0854,58398,146.65,490,146.56,34.4475,78.121,164
744,355.1646,58247,145.2,456,145.24,34.0913,78.3227,164
745,353.0848,58259,146.55,461,144.96,34.293,78.5641,165
746,351.4485,57989,145.45,449,146.86,34.4443,78.5305,165
747,349.0542,57943,145.175,468,145.73,34.2835,78.5609,166
748,350.7212,57869,144.5875,480,145.96,34.6661,78.4028,165
749,344.0964,57120,144.775,445,146.21,34.603,78.6072,166
750,343.227,55946,144.8875,460,146.55,34.8347,78.5256,163
751,343.9509,56064,145.0125,444,146.66,34.5178,78.4299,163
752,339.7975,55387,144.85,441,147.23,34.8417,78.1946,163
753,338.2848,55817,146.05,472,145.44,34.7289,78.3869,165
754,343.7055,56024,146.85,452,148.46,34.683,78.5932,163
755,340.9755,55579,145.1875,476,146.93,34.6473,78.5839,163
756,341.3865,55646,146.2,435,148.74,34.6141,78.598,163
757,339.2349,56313,146.875,449,147.21,34.4594,78.3798,166
758,335.8909,55422,145.0875,462,145.56,34.6421,78.2838,165
759,334.3681,54502,144.6125,488,146,34.5302,78.3998,163
760,332.9571,54272,145.15,423,146.81,34.3307,78.5456,163
761,338.7818,55899,145.8125,474,146.6,34.6821,78.5504,165
762,341.0307,55588,147.6375,437,147.89,34.5596,78.5168,163
763,343.6707,57393,144.425,445,145.68,34.8374,78.6161,167
764,343.5854,56348,145.425,472,147.09,34.8623,78.3575,164
765,342.012,57116,145.2875,493,146.95,34.5435,78.27,167
766,343.9816,56069,145.625,463,146.65,34.911,78.5446,163
767,348.2883,56771,146.55,497,147.46,34.8226,78.2867,163
768,351.012,58268,145.825,523,146.27,34.6431,78.2862,166
769,350.0736,57062,143.95,462,144.63,34.7018,78.3268,163
770,350.1472,57074,147.25,453,146.8,34.5762,78.6436,163
771,350.5394,57839,145,465,146.4,34.5446,78.6045,165
772,349.189,57267,146.2,436,146.5,34.5467,78.6647,164
773,355.9632,58022,145.5,465,148.13,34.803,78.4692,163
774,355.184,57895,145.325,454,146.38,34.8748,78.5169,163
775,353.8909,58392,146.45,472,146.52,34.7497,78.4148,165
776,354.9146,58206,146.3875,467,145.49,34.4507,78.5616,164
777,356.3742,58089,143.425,477,145.66,34.8306,78.7568,163
778,355.9512,58376,144.8875,484,145.71,34.3973,78.3846,164
779,357.3354,58603,146.05,458,146.79,34.9394,78.4171,164
780,355.4329,58291,146.4125,533,146.56,34.4451,78.57,164
781,355.0793,58233,146.3375,496,146.25,34.5188,78.2573,164
782,354.7055,57817,145.9625,460,147.72,34.6005,78.4178,163
783,354.2822,57748,143.7375,479,144.42,34.834,78.2571,163
784,356,58028,143.225,500,144.95,34.8597,78.4047,163
785,358.9451,58867,145.975,477,146.44,34.8543,78.3206,164
786,360.3614,59820,145.8125,472,146.29,34.4918,78.5577,166
787,362.1098,59386,146.4,484,145.94,34.5028,78.5559,164
788,363.1963,59201,144.775,475,146.93,34.4168,78.6792,163
789,368.8232,60487,145.7125,477,146.41,34.4646,78.5531,164
790,367.7636,60681,145.7,487,148.18,34.4741,78.5288,165
791,371.3006,60522,147.5,498,147.47,34.4399,78.5237,163
792,372.9401,62281,148.1625,496,148.98,34.3554,78.3695,167
793,372.5671,61101,146.925,493,148.2,34.3519,78.268,164
794,374.7791,61089,145.4875,461,146.78,34.3518,78.3496,163
795,372.7378,61129,145.2125,486,146.42,34.4655,78.2046,164
796,367.7394,60677,144.8375,489,146.62,34.1992,78.5772,165
797,368.8232,60487,145.15,486,145.82,34.2411,78.3585,164
798,367.8909,60702,146.2375,483,148.07,34.1391,78.4915,165
799,365.9268,60012,145.9875,503,147.12,34.3671,78.6982,164
800,367.1963,59853,146.675,469,146.32,34.2951,78.4989,163
801,365.494,60672,145.6375,479,147.18,34.0487,78.2266,166
802,365.5215,59580,145.2,491,146.49,34.248,78.4156,163
803,365.411,59562,146.2,514,145.83,34.5587,78.7381,163
804,362.3558,59064,146.6625,468,146.98,34.3852,78.63,163
805,359.5,60396,144.825,452,144.94,34.4374,78.3778,168
806,362.6341,59472,145.0625,485,146.12,34.466,78.5671,164
807,370.2454,60350,148.4125,491,147.86,34.7302,78.561,163
808,366.5576,60482,145.8375,499,147.64,34.3041,78.5979,165
809,365.5976,59958,147.4,503,147.31,34.6963,78.4199,164
810,368.2515,60025,147,482,147.47,34.3725,78.4805,163
811,370.7853,60438,145.2,494,146.26,34.3066,78.4058,163
812,376.0675,61299,145.075,498,146.44,34.4701,78.7582,163
813,373.6402,61277,143.65,487,145.79,34.4867,78.5219,164
814,373.4207,61241,147.875,470,147.79,34.4999,78.5183,164
815,376.3865,61351,144.55,501,147.25,34.4173,78.3524,163
816,374.6061,61810,144.475,485,146.51,34.5909,78.417,165
817,377.5951,61548,145.875,504,147.07,34.3172,78.5857,163
818,379.7362,61897,145.5625,493,146.81,34.492,78.5565,163
819,381.5394,62954,145.4375,506,147.5,34.5878,78.2106,165
820,385.5092,62838,146,498,146.26,34.4119,78.4189,163
821,389.6727,64296,144.5125,520,145.34,34.3471,78.4641,165
822,392.6928,65187,144.95,522,147.12,34.0104,78.5516,166
823,392.1043,63913,145.3125,538,146.07,34.2665,78.6983,163
824,396.1402,64967,145.625,513,147.02,33.9931,78.5142,164
825,396.2209,64584,146.225,523,147.05,34.1231,78.2317,163
826,396.6463,65050,144.175,521,146.41,34.1721,78.4502,164
827,399.0793,65449,144.975,511,146.59,34.3237,78.264,164
828,400.7683,65726,147.475,513,146.79,34.3199,78.3866,164
829,403.8221,65823,145.575,534,147.88,34.1941,78.1238,163
830,403.0854,66106,149.375,535,149.73,34.1293,78.232,164
831,406.4908,66258,145.65,529,147.1,33.8566,78.1265,163
832,401.5152,66250,147.9875,504,147.85,34.1706,78.2098,165
833,403.2761,65734,143.425,492,145.87,34.0868,78.3625,163
834,401.6909,66279,146.3125,496,147.63,34.0219,78.3895,165
835,401.439,65836,144.825,525,145.74,34.1388,78.0746,164
836,395.8415,64918,146.75,524,147.84,34.2431,78.391,164
837,394.1402,64639,145.2,488,146.42,34.0067,78.6098,164
838,391.8293,64260,145.275,491,147.69,34.0974,78.4535,164
839,390.7485,63692,145.3375,523,146.58,33.9932,78.0566,163
840,388.8896,63389,144.7375,491,145.83,33.958,78.5252,163
841,392.3436,63952,144.9125,493,146.18,34.1967,78.1529,163
842,391.2195,64160,145.25,496,146.43,34.3017,78.2389,164
843,391.4756,64202,145.475,497,146.23,34.2064,78.1152,164
844,388.0491,63252,147.35,505,147.98,34.3139,78.4852,163
845,389.9634,63954,145.5,516,146.1,33.803,78.5408,164
846,392.628,64391,146.525,504,147.54,34.1564,78.3456,164
847,388.7134,63749,145.375,476,145.48,34.0809,78.5837,164
848,388.5366,63720,145.625,519,146.54,34.3967,78.2137,164
849,387.7605,64756,146.425,495,147.33,34.0774,78.4045,167
850,388.4417,63316,146.925,492,146.39,34.1657,78.1685,163
851,395.0364,65181,145.45,529,147.72,34.0127,78.4863,165
852,393.2561,64494,146.8375,509,147.95,33.994,78.2787,164
853,397.5183,65193,146.625,496,146.76,34.3392,78.3611,164
854,400.3865,65263,145.6375,523,146.82,33.9702,78.5388,163
855,400.1768,65629,145.4625,526,146.02,34.0114,78.3492,164
856,398.6319,64977,144,520,145.83,34.0921,78.1892,163
857,403.9329,66245,144.7125,529,145.79,34.0243,78.5519,164
858,400.7317,65720,144.0625,511,145.76,34.0227,78.1564,164
859,402.878,66072,146.1625,509,146.86,33.9698,78.4968,164
860,402.7914,65655,145.525,504,146.33,34.0896,78.2966,163
861,403.1104,65707,144.7,524,147.27,33.9172,78.2365,163
862,400.488,66481,145.65,525,145.86,33.9229,78.3457,166
863,396.7576,65465,148.6125,496,148.59,34.1098,78.2556,165
864,400.2822,65246,146.4625,506,147.14,34.0736,78.2367,163
865,401.4663,65439,145.4875,511,146.74,33.9339,77.986,163
866,401.1779,65392,144.2625,520,145.77,34.084,78.2737,163
867,398.75,65395,145.575,514,146.55,34.1315,78.426,164
868,393.811,64585,146.75,478,147.38,33.9295,78.3003,164
869,397.8537,65248,144.35,527,146.29,34.135,78.1161,164
870,397.7178,64828,147.175,494,147.79,34.2069,78.4828,163
871,393.546,64148,145.7375,479,145.88,34.3579,78.3749,163
872,392.4451,64361,144.85,492,145.67,33.9846,78.452,164
873,388.0368,63250,146.9125,479,146.25,34.0225,78.6752,163
874,392.908,64044,145.45,485,148.21,34.0843,78.4022,163
875,390.6485,64457,144.2125,504,146.53,34.0179,78.3653,165
876,390.8957,63716,146.2375,502,146.98,33.9797,78.2967,163
877,392.5583,63987,146.8875,521,148.18,34.0732,78.528,163
878,393.8282,64194,145.175,496,146.12,33.9752,78.3072,163
879,398.8537,65412,145.875,484,145.9,33.8062,78.341,164
880,403.2378,66131,144.5875,520,146.65,34.2657,78.3266,164
881,404.878,66400,143.65,521,145.95,33.8965,78.412,164
882,408.4756,66990,149.3625,533,150.73,33.9011,78.4493,164
883,414.0305,67901,148.325,572,149.24,34.2005,78.437,164
884,404.6871,65964,147.65,503,148.05,34.2666,78.2344,163
885,405.628,66523,146.7875,493,147.23,33.9911,78.5408,164
886,403.7256,66211,143.7625,520,145.87,33.74,78.5481,164
887,403.9697,66655,145.2125,524,147.58,33.7526,78.4599,165
888,400.4233,65269,147.5,495,146.74,34.1106,78.4377,163
889,395.2683,64824,145.3375,488,145.66,33.7508,78.7041,164
890,397.7195,65226,146.325,503,148.02,34.1328,78.3224,164
891,395.7485,64507,145.2625,493,146.55,33.8472,78.6752,163
892,396.6135,64648,146.15,538,146.64,33.9052,78.4862,163
893,394.9693,64380,147.9375,505,147.64,33.9122,78.5121,163
894,395.9695,64939,145.1125,519,146.38,33.9789,78.4822,164
895,394.3681,64282,146.425,540,147.58,33.99,78.5765,163
896,396.681,64659,147.25,491,147.55,34.0404,78.1423,163
897,391.7073,64240,143.9875,485,145.37,34.2338,78.3763,164
898,392.0788,64693,143.7,528,143.93,33.9533,78.5401,165
899,392.1227,63916,146.1375,498,146.63,33.8862,78.4285,163
900,387.1768,63497,143.9625,483,146.44,34.0862,78.6196,164
901,385.0482,63918,144.6125,502,145.89,34.1241,78.3136,166
902,378.2606,62413,145.5,464,146.07,34.4591,78.4702,165
903,386.3436,62974,145.075,481,147.68,34.2168,78.5356,163
904,381.9755,62262,145.9875,498,146.16,33.9468,78.7134,163
905,375.5273,61962,147.9125,475,148.15,34.1124,78.5972,165
906,371.6098,60944,144.675,470,143.64,34.3425,78.7922,164
907,367.4512,60262,145.0125,472,144.59,33.8161,78.3768,164
908,365.7622,59985,145.025,498,144.23,34.2064,78.4745,164
909,369.3006,60196,146.1,501,147.05,34.0227,78.4041,163
910,370.5092,60393,144.425,498,146.48,34.1071,78.388,163
911,368.8344,60120,145.9,466,145.59,34.3981,78.667,163
912,368.8466,60122,145.4875,473,145.85,34.1951,78.3102,163
913,365.5951,59592,143.925,475,144.88,34.4214,78.5926,163
914,361.0958,60303,143.475,468,144.99,33.8387,78.5135,167
915,362.9333,59884,146.0625,454,146.59,34.2297,78.8007,165
916,368.1411,60007,143.975,468,146.7,34.2828,78.6974,163
917,363.8293,59668,146.4125,454,145.79,34.364,78.588,164
918,361.3879,59629,143.8125,460,146.24,34.2156,78.501,165
919,365.9141,59644,144.175,458,146.99,34.5433,78.7497,163
920,363.4242,59965,145.1625,454,145.65,34.1585,78.4562,165
921,361.4121,59633,145.375,440,146.76,34.0328,78.7023,165
922,357.9455,59061,144.475,470,145.73,34.255,78.5524,165
923,352.3313,57430,146.1125,451,147.76,34.0291,78.6854,163
924,353.6503,57645,144.65,497,146.74,34.456,78.504,163
925,349.7622,57361,146.5375,454,146.05,34.4044,78.7435,164
926,343.9756,56412,144.8625,473,147.91,34.3401,78.496,164
927,350.0671,57411,145.5125,499,146.26,34.5055,78.6662,164
928,345.0788,56938,143.3,447,145.08,34.1412,78.574,165
929,343.1707,56280,144.775,444,144.63,34.3328,78.8365,164
930,346.6845,58243,143.2625,456,145.33,34.33,78.7856,168
931,345.0424,56932,146.2875,483,147.62,34.3818,78.707,165
932,342.8476,56227,145.5875,456,146.7,34.1566,78.4664,164
933,342.7561,56212,144.4625,472,147.44,34.2052,78.548,164
934,342.7669,55871,146.5125,440,146.58,34.4218,78.3924,163
935,342.1829,56118,144.9375,461,146.37,34.5205,78.4973,164
936,337.0424,55612,146.45,428,147.97,34.5055,78.4685,165
937,341.3476,55981,145.825,454,147.14,34.4756,78.4966,164
938,337.9325,55083,145.7625,460,147.55,34.5665,78.8315,163
939,335.9353,57109,146.5375,429,146.34,34.4321,78.578,170
940,334.9207,54927,143.45,454,144.89,34.4624,78.7879,164
941,335.241,55650,144.9625,443,146.37,34.4109,78.3644,166
942,332.6303,54884,143.5875,429,145.74,34.381,78.7041,165
943,334.9877,54603,145.9375,457,146.99,34.4573,79.2241,163
944,337.9581,56439,145.925,489,146.87,34.375,78.7778,167
945,345.1377,57638,145.0125,474,147.02,34.433,78.4781,167
946,343.8712,56051,145.5625,437,145.8,34.2495,78.631,163
947,343.816,56042,145.1875,457,146.67,34.3189,78.7583,163
948,345.4398,57343,145.775,446,145.03,34.0964,78.5603,166
949,340.689,55873,143.0625,431,146.44,34.1778,78.7608,164
950,346.0123,56400,145.125,446,145.59,34.2535,78.5078,163
951,345.1557,57641,145.8125,451,146.55,34.0301,78.693,167
952,345.6196,56336,145.475,460,146.29,34.4369,78.834,163
953,353.9329,58045,145.2,435,145.1,33.9305,78.7588,164
954,353.8037,57670,141.7875,472,144.73,34.0224,78.6886,163
955,354.4458,58838,143.8875,433,146.2,34.4927,78.6323,166
956,356.6871,58140,146.3625,442,146.79,34.0689,78.904,163
957,359.189,58907,144.8625,455,144.96,34.0506,78.6225,164
958,360.4356,58751,144.6875,457,147.02,34.1251,78.7413,163
959,355.5732,58314,144.3375,475,146.25,33.9581,78.5112,164
960,355.681,57976,146.275,446,147.85,33.9823,78.8799,163
961,353.1585,57918,145.1125,448,145.13,33.9915,78.4159,164
962,357.4939,58629,144.875,443,145.55,34.1905,78.6961,164
963,358.0183,58715,142.3375,496,146.12,34.1007,78.6771,164
964,358.5091,59154,146.275,495,145.87,34.3039,78.5434,165
965,356.3313,58082,145.9375,485,145.32,34.2499,78.533,163
966,356.9387,58181,144.1875,499,144.52,34.0573,78.5954,163
967,359.5276,58603,145.1625,490,145.98,34.1345,78.5253,163
968,357.3012,59312,147.15,449,146.81,33.824,78.6761,166
969,360.3879,59464,146.5125,474,145.63,34.053,78.4717,165
970,360.5732,59134,144.875,457,146.47,34.2114,78.6093,164
971,362.7423,59127,146.0875,472,147.61,33.7892,78.615,163
972,362.3067,59056,144.8375,482,145.23,33.9313,78.5891,163
973,363.2209,59205,144.975,470,145.67,33.8528,78.3457,163
974,364.122,59716,145.6375,448,146.81,34.0146,78.6175,164
975,362.5732,59462,145.8375,461,145.75,33.969,78.6338,164
976,360.4085,59107,146.2875,474,147.2,34.0741,78.7062,164
977,359.7975,58647,145.2375,513,148.06,33.9204,78.8534,163
978,356.2988,58433,146.325,459,146.07,34.1244,78.7459,164
979,354.1098,58074,144.95,481,147.93,33.925,78.6336,164
980,355.1829,58250,144.9375,469,146.54,34.2237,78.6514,164
981,351.7805,57692,144.8875,479,146.16,34.0992,78.7036,164
982,347.1818,57285,144.675,454,145.91,34.1291,78.5231,165
983,349.2638,56930,144.8,440,146.05,34.05,78.6394,163
984,344.6871,56184,144.4,445,146.12,34.5644,78.715,163
985,337.3436,54987,145.6625,418,146,33.9191,78.6565,163
986,340.0061,55761,145.525,453,147.75,34.4546,78.4957,164
987,334.4048,56180,144.65,447,145.56,34.163,78.9126,168
988,335.5394,55364,145.2875,425,147.67,34.4052,78.807,165
989,337.0244,55272,146.0875,465,146.16,34.2725,78.8163,164
990,336.9632,54925,145.975,437,146.47,33.9808,78.8759,163
991,341.0545,56274,145.325,478,146.09,34.0495,78.6907,165
992,340.5399,55508,143.325,451,144.87,34.0726,78.8411,163
993,340.5305,55847,143.3625,434,145.49,34.3951,78.803,164
994,340.8263,56918,146.05,459,145.28,33.8806,78.7465,167
995,345.8902,56726,144.2375,461,144.53,33.8803,79.0074,164
996,345.3293,56634,145,474,143.71,33.8316,78.9414,164
997,344.2606,56803,144.425,443,145.13,34.1857,78.7745,165
998,345.6182,57027,143.5,440,144.84,33.6145,78.5448,165
999,347.0424,57262,145.0375,435,146.54,34.0629,78.6259,165
1000,348.7546,56847,145.275,443,146.48,33.8075,78.9845,163
1001,349.5706,56980,144.6,467,145.68,33.8588,78.5357,163
1002,351.9755,57372,144.5625,478,146.24,33.8514,78.9439,163
1003,355.3273,58629,143.6625,469,144.49,33.9689,79.0939,165
1004,350.8712,57192,146.9125,464,147.34,33.4208,78.453,163
1005,353.8659,58034,146.5375,428,145.87,33.844,78.6294,164
1006,353.2242,58282,143.45,472,144.74,33.8499,78.662,165
1007,353.6319,57642,145.0625,461,145.88,33.8657,78.7665,163
1008,357.3436,58247,144.2125,459,146.01,33.9753,78.736,163
1009,358.2822,58400,143.4375,473,145.03,33.918,78.7956,163
1010,358.7917,60277,144.7625,464,145.66,33.939,78.6127,168
1011,362.8528,59145,144.3625,493,144.25,33.6014,78.6072,163
1012,363.8537,59672,144.1625,461,145.27,33.6563,78.4957,164
1013,366.4908,59738,145.3125,490,145.73,33.7666,78.6103,163
1014,365.561,59952,144.85,439,146.14,33.6343,78.8037,164
1015,359.5576,59327,144.0125,468,144.54,33.702,78.7381,165
1016,362.0364,59736,143.95,448,146.03,33.8663,78.3983,165
1017,358.7805,58840,146.35,456,147.77,33.6045,78.5665,164
1018,353.0904,58613,144.4875,436,145,33.7911,78.6856,166
1019,352.7669,57501,145.15,451,146.44,33.6448,78.559,163
1020,349.9451,57391,144.2875,473,143.92,34.0842,78.7221,164
1021,351.8554,58408,144.675,441,145.98,33.9165,78.6842,166
1022,347.5183,56993,143.575,439,144.23,33.9889,78.756,164
1023,343.9693,56067,146.55,431,146.65,33.9178,78.7599,163
1024,347.4356,56632,144.5,465,145.17,33.9779,78.6929,163
1025,342.9455,56586,145.4875,433,145.73,34.0713,78.6722,165
1026,343.8466,56047,143.2375,433,145.48,34.1775,78.795,163
1027,348.4172,56792,144.4125,444,147.09,34.3177,78.5754,163
1028,344.5671,56509,144.9625,442,147.44,33.8765,78.7137,164
1029,345.4785,56313,144.625,448,145.08,34.2342,78.9571,163
1030,346.4724,56475,144.3625,454,145.13,34.109,78.7708,163
1031,341.7273,56385,144.3125,435,145.27,34.0962,79.0538,165
1032,344.0061,56761,144.325,427,144.71,33.6184,78.9235,165
1033,344.1317,57470,144.6125,431,146.92,34.2166,78.6833,167
1034,344.7784,57578,144.8125,432,146.19,33.7874,78.9238,167
1035,346.5455,57180,144.325,445,145.25,34.1834,78.993,165
1036,346.4551,57858,143.9125,474,146.05,33.7486,78.7994,167
1037,348.3497,56781,145.6625,457,146.02,33.8414,78.7155,163
1038,343.8293,56388,145.5125,453,146.27,33.9035,78.726,164
1039,339.9207,55747,145.275,437,145.95,34.1223,78.8024,164
1040,344.0599,57458,146.1,447,146.08,34.1568,78.649,167
1041,335.4724,54682,144.75,457,145.24,34.047,78.6985,163
1042,336.8476,55243,143.4875,434,143.63,33.9788,78.9279,164
1043,338.3293,55486,145.3125,452,148.2,34.0048,78.6886,164
1044,334.3374,54497,145.3125,461,145.51,34.0115,78.7612,163
1045,334.2695,55823,144.275,437,144.85,34.0931,78.7551,167
1046,337.4417,55003,144.2125,448,145.82,34.3036,78.6824,163
1047,329.6205,54717,145.95,440,145.43,34.0418,79.3074,166
1048,327.908,53449,145.375,429,147.25,34.2424,78.9497,163
1049,330.4356,53861,145.8375,437,145.54,33.975,78.8904,163
1050,330.2182,54486,145.7875,444,146.96,34.314,78.8716,165
1051,325.9939,53137,142.8,429,144.24,34.2011,79.0051,163
1052,324.3576,53519,143.7125,440,145.19,34.2956,78.9255,165
1053,323.0659,53952,146.4625,426,146.03,34.3942,78.9909,167
1054,324.0061,52813,143.5875,446,144.02,34.4874,79.0017,163
1055,323.2699,52693,144.6625,425,144.8,34.6109,79.1169,163
1056,321.0552,52332,142.6375,407,144.08,34.451,79.2231,163
1057,320.1902,52191,145.8875,438,147.12,34.4357,79.5452,163
1058,317.6341,52092,147,456,146.74,34.055,79.0572,164
1059,318.4909,52551,144.9125,426,145.14,34.7662,78.8769,165
1060,316.7455,52263,144.475,411,145.49,34.1406,79.2751,165
1061,310.4601,50605,146.7875,412,145.31,34.4124,79.4888,163
1062,313.128,51353,145.9875,408,145.57,34.5593,78.9774,164
1063,309.7669,50492,142.3375,419,143.6,34.5556,78.8862,163
1064,310.7633,52519,144.2375,419,145.29,34.5612,78.7465,169
1065,312.5091,51564,145.575,432,145.01,34.6139,79.0424,165
1066,312.0732,51180,144.8125,410,144.14,34.3933,78.6016,164
1067,310.3841,50903,142.9375,411,144.83,34.7397,79.1068,164
1068,308.0361,51134,144.4375,407,145.3,34.5386,79.1336,166
1069,312.5,51250,145.2,414,145.45,34.6586,78.7408,164
1070,311.0305,51009,145.4125,406,145.06,33.9853,79.2273,164
1071,313.3558,51077,146,422,145.32,34.5339,79.1078,163
1072,313.503,52355,145.7,416,144.22,34.4229,78.9223,167
1073,312.6845,52531,142.6625,415,144.15,34.3878,78.8085,168
1074,316.5951,51605,144.4875,413,146.63,34.305,79.2202,163
1075,309.8935,52372,145.45,411,144.1,34.6132,79.0608,169
1076,315.3681,51405,144.725,420,144.76,34.3799,79.0676,163
1077,314.1394,51833,145.3375,400,144.83,34.2613,78.7194,165
1078,314.9162,52591,144.3,416,144.62,34.1778,79.0857,167
1079,315.6061,52075,143.5625,436,143.89,33.9778,78.9224,165
1080,319.1411,52020,143.975,405,145.48,33.6872,78.8365,163
1081,317.3232,52041,144.6875,401,146.83,34.518,79.0549,164
1082,315.5706,51438,144.075,423,145.36,34.3008,78.9785,163
1083,316.7262,53210,146.3625,403,146.88,33.7583,79.2582,168
1084,315.2182,52011,142.5,423,143.28,34.5308,78.6972,165
1085,314.2143,52788,145.3,442,145.68,34.2345,79.0397,168
1086,315.7186,52725,143.9125,463,146.03,34.2445,79.0222,167
1087,315.8364,52113,144.475,389,144.3,34.1981,79.0577,165
1088,314.3976,52190,143.2625,443,144.44,34.1295,79.2229,166
1089,315.2561,51702,142.35,419,144.18,34.1266,78.974,164
1090,313.0606,51655,145.1,429,145.77,34.1003,79.2379,165
1091,316.8712,51650,145.3,424,146.46,34.4296,79.349,163
1092,314.9277,52278,143.5,420,143.33,34.078,79.0377,166
1093,319.9939,52479,145.8625,423,146.33,34.2384,79.1659,164
1094,314.5122,51580,146,416,145.58,34.3622,79.23,164
1095,314.1071,52770,143.925,439,144.75,34.3728,78.8838,168
1096,312.2331,50894,142.4125,458,144.57,34.2562,79.2844,163
1097,311.5,51086,144.95,404,144.43,34.0629,79.0744,164
1098,311.872,51147,142.75,413,144.1,33.8491,79.0145,164
1099,314.7362,51302,145.5,429,146.21,34.1579,79.014,163
1100,311.2561,51046,145.25,415,145.86,34.071,78.8655,164
1101,312.5644,50948,143.1625,393,144.37,34.7425,79.0186,163
1102,311.7576,51440,146.65,411,145.82,34.4339,79.1437,165
1103,309.2588,52574,146.725,426,145.59,34.7432,79.0847,170
1104,306.1636,50517,146.5875,446,145.97,34.5522,79.2643,165
1105,309.9329,50829,144.2875,410,144.86,34.8142,79.2077,164
1106,307.1707,50376,144.7375,423,145.42,34.6937,78.9561,164
1107,305.7333,50446,144.4,415,146.14,34.2289,79.1641,165
1108,308.411,50271,145.525,434,146.98,34.4566,79.0785,163
1109,306.6748,49988,143.025,398,143.15,34.0585,79.0155,163
1110,310.4759,51539,146.475,463,146.43,34.54,79.3353,166
1111,310.6108,51872,143.3625,435,145.73,34.1833,78.8815,167
1112,310.0305,50845,143.0625,398,143.6,34.4316,79.1255,164
1113,310.9693,50688,145.0875,413,145.06,34.5779,78.7141,163
1114,314.7669,51307,144.1875,416,145.71,34.2722,78.8892,163
1115,310.5843,51557,143.9375,422,144.91,34.1783,79.3798,166
1116,310.7546,50653,145.8375,399,145.61,34.2919,78.8461,163
1117,312.3669,52790,143.75,423,145.35,34.2455,78.9609,169
1118,316.2256,51861,144.1375,427,144.14,34.3995,79.1407,164
1119,321.5091,53049,144.0875,451,145.69,34.0897,79.0231,165
1120,319.6503,52103,143.3,442,144.61,34.2139,78.9216,163
1121,321.8424,53104,144.45,421,146.01,34.1371,78.9189,165
1122,324.5521,52902,143.425,442,145.41,33.9546,78.8922,163
1123,321.8037,52454,145.55,425,145.15,34.2827,78.9957,163
1124,320.7073,52596,145.85,419,147.73,33.8781,79.2842,164
1125,317.7256,52107,144.825,417,144.04,34.402,79.1619,164
1126,321.0793,52657,146.6,439,145.17,33.8651,79.1601,164
1127,320.4085,52547,144.1125,423,144.9,34.2199,79.0306,164
1128,316.1905,53120,143.1875,423,144.84,34.4269,78.8641,168
1129,322.8675,53596,142.9375,439,143.36,34.1636,78.8313,166
1130,322.6061,53230,144.3125,422,146.04,34.6659,78.9609,165
1131,327.7195,53746,144.1625,428,145.38,33.9372,79.1043,164
1132,328.3558,53522,146.7125,406,145.51,34.4794,78.8999,163
1133,325.9085,53449,143.875,461,146.04,34.1093,78.7796,164
1134,325.988,54440,144.575,430,145.33,33.8267,78.8756,167
1135,325.7711,54078,145.075,421,145.37,34.3268,78.9771,166
1136,326.5061,53547,143.65,416,144.77,33.8768,78.7334,164
1137,327.0427,53635,143.05,409,146.21,34.16,78.8142,164
1138,322.8024,53908,146.3125,420,147.31,33.9037,78.8494,167
1139,327.0793,53641,143.1625,442,145.11,34.0631,79.0208,164
1140,324.7301,52931,145.55,431,145.82,34.1172,78.81,163
1141,325.0536,54609,143.8375,432,144.26,34.0163,78.9783,168
1142,326.9329,53617,143.3375,417,143.42,34.0498,78.6491,164
1143,326.689,53577,142.2125,444,143.8,34.1433,78.7987,164
1144,325.6768,53411,142.3625,436,143.91,34.2738,79.0246,164
1145,327.362,53360,145.6375,417,143.64,33.9986,78.994,163
1146,324.7576,53585,145.25,420,146.74,33.8092,79.1322,165
1147,328.3415,53848,145.1125,420,142.95,33.7196,78.8573,164
1148,329.9146,54106,144.225,414,145.27,33.8847,78.6309,164
1149,332.128,54469,143.4875,427,144.21,33.9424,79.1096,164
1150,330.0552,53799,144.1,445,143.43,34.3566,78.7061,163
1151,336.0732,55116,143.6875,423,144.44,33.848,79.2584,164
1152,339.6687,55366,146.0375,446,145.01,33.9411,78.6629,163
1153,342.9387,55899,146.1375,448,146.61,33.8302,78.8162,163
1154,342.1515,56455,142.5125,449,143.24,33.9463,78.8431,165
1155,342.8293,56224,143.575,436,144.4,34.179,78.8232,164
1156,343.5549,56343,141.4125,435,142.5,34.0719,78.6694,164
1157,346.9333,57244,144.5875,455,144.52,33.8116,78.6901,165
1158,339.8303,56072,145.075,484,145.24,33.7697,78.7042,165
1159,342.9882,57965,144.8625,433,144.04,33.8386,78.7061,169
1160,337.1595,54957,144.1125,437,144.59,33.9685,79.0103,163
1161,338.1867,56139,145.725,447,145.35,33.8262,79.0154,166
1162,338.2317,55470,144.7875,424,143.76,34.2298,79.0178,164
1163,340.8667,56243,145.075,474,145.8,33.8459,78.9115,165
1164,346.9817,56905,143.9375,441,144.42,33.8037,78.7841,164
1165,350.908,57198,143.7,450,145.41,34.1069,79.0115,163
1166,348.131,58486,143.925,460,144.62,33.8339,78.6414,168
1167,353.7853,57667,142.15,450,144.85,33.7212,78.7128,163
1168,356.3926,58092,142.3375,464,143.47,33.5897,79.0087,163
1169,359.6485,59342,144.7125,427,144.4,33.4529,78.6332,165
1170,359.8788,59380,144.125,469,144.85,33.7338,78.6695,165
1171,361.8466,58981,143.2625,441,144.22,33.3796,78.7307,163
1172,359.362,58576,143.5125,488,144.1,34.0296,78.8125,163
1173,353.7117,57655,143.1875,448,145.9,33.8965,78.768,163
1174,353.878,58036,142.0375,461,144.64,33.709,78.8703,164
1175,349.8344,57023,143.9375,466,146.29,33.8932,78.7878,163
1176,350.0485,57758,145.1875,452,146.13,33.947,78.6514,165
1177,345.378,56642,144.4125,429,145.29,34.2625,79.0636,164
1178,342.3374,55801,144.425,447,143.7,34.0369,78.749,163
1179,343.0542,56947,143.2375,460,144.54,33.9948,78.9282,166
1180,339.7683,55722,144.5875,453,143.69,34.0439,78.9197,164
1181,340.2988,55809,144.7,444,146.64,33.882,79.1319,164
1182,333.8344,54415,146.05,469,145.59,34.1508,79.0408,163
1183,331.5854,54380,144.775,431,144.85,34.1566,78.9069,164
1184,333.0184,54282,141.6625,429,143.65,34.2384,78.8817,163
1185,326.3804,53200,143.2125,429,143.46,34.0858,79.0567,163
1186,325.9202,53125,144.6,410,144.65,34.302,78.918,163
1187,325.8,53757,141.5875,427,142.17,34.4577,78.8135,165
1188,322.1796,53804,142.2125,417,143.13,34.2703,78.8129,167
1189,323.0241,53622,145.5125,438,145.6,34.4039,79.0027,166
1190,324.1687,53812,146.325,416,144.28,33.9975,78.6727,166
1191,322.8554,53594,142.55,436,144.02,34.112,78.9507,166
1192,320.4817,52559,143.7375,405,144.69,34.0966,79.2031,164
1193,323.0359,53947,144,422,144.94,34.4867,79.1032,167
1194,319.8902,52462,144.55,425,145.1,34.0553,79.1216,164
1195,319.3636,52695,144.8375,417,145.55,34.0318,79.1538,165
1196,320.3252,52213,143.975,427,144.42,34.3589,79.3052,163
1197,321.5305,52731,145.2625,434,146.4,34.0729,79.2831,164
1198,320.5153,52244,144.6,429,146.34,33.8366,79.2737,163
1199,319.7278,54034,145,453,144.21,33.908,79.0578,169
1200,321.3742,52384,145.95,437,146.14,34.4331,79.1708,163
1201,321.2182,53001,144.5875,395,144.09,34.0911,78.9753,165
1202,322.4207,52877,143.1625,449,143.78,34.0509,79.1459,164
1203,323.4036,53685,145.6375,404,144.03,33.8765,79.3685,166
1204,325.0613,52985,146.425,418,147.23,34.3244,78.7658,163
1205,322.9264,52637,144.55,434,146.06,33.6542,79.0661,163
1206,323.2454,52689,146.0125,422,144.88,34.2713,79.0018,163
1207,324.75,53259,144.475,433,144.75,33.9676,79.0921,164
1208,325.9202,53125,145.1625,415,145.03,33.9644,79.02,163
1209,324.6,53559,144.7625,417,145.24,33.7464,79.1365,165
1210,326.0061,53791,143.975,428,143.88,34.1679,78.8368,165
1211,328.7301,53583,142.5125,416,143.25,33.7281,78.9667,163
1212,328.0843,54462,144.7375,414,146.63,33.8914,79.076,166
1213,327.8773,53444,144.7,422,145.17,33.8028,79.1497,163
1214,323.2256,53009,144.625,401,144.41,33.9692,79.0993,164
1215,324.2622,53179,144.8,418,143.95,33.8183,79.0871,164
1216,321.6108,53709,144.8875,416,145.09,33.928,78.8354,167
1217,320.2635,53484,145.2875,433,146.14,34.323,79.0199,167
1218,320.2195,52516,143.425,445,143.7,33.954,79.224,164
1219,317.0182,52308,143.4625,406,143.72,34.1165,79.1982,165
1220,316.2073,51858,146.225,424,145.94,34.1092,78.8571,164
1221,313.9264,51170,143.725,430,145,34.4203,78.9221,163
1222,313.3855,52022,142.7125,426,143.79,33.9052,79.2374,166
1223,311.5562,52653,145.7625,411,145.32,34.4038,78.8219,169
1224,313.2182,51681,144.75,398,144.03,33.846,79.4323,165
1225,311.4485,51389,145.125,418,143.66,34.4671,79.2321,165
1226,313.1104,51037,144.7125,436,143.37,34.1175,78.9528,163
1227,311.622,51106,142.4875,419,145.3,34.0393,78.9933,164
1228,314.0184,51185,143.6,412,144.31,34.2535,79.3254,163
1229,311.4268,51074,142.575,417,143.34,34.3879,79.1464,164
1230,310.8841,50985,143.375,393,143.69,33.8564,79.3916,164
1231,311.9451,51159,143.7375,415,142.99,33.9012,79.3414,164
1232,309.622,50778,145.35,423,145.8,34.1286,79.1648,164
1233,309.4578,51370,145.4,392,144.84,34.24,79.1774,166
1234,314.9387,51335,142.875,403,143.64,33.6553,79.1916,163
1235,317.3006,51720,144.0875,421,143.92,33.8886,79.077,163
1236,315.2814,52652,145.1875,422,145.93,33.8802,79.1063,167
1237,314.3902,51560,144.825,434,145.46,33.7247,78.8247,164
1238,316.7055,51623,144.075,420,145.44,34.3112,79.1283,163
1239,314.7055,51297,144.875,438,146,34.3611,79.252,163
1240,314.9758,51971,144.1375,402,144.53,34.066,78.7289,165
1241,319.5329,53362,145.1375,419,146.08,33.6722,79.1831,167
1242,323.1159,52991,143.9875,416,143.78,33.8173,79.1033,164
1243,320.7362,52280,144.3,422,144.14,33.6297,79.1605,163
1244,321.4695,52721,143.6125,431,143.53,34.0053,78.9403,164
1245,325.7515,53749,141.9375,418,143.85,33.8163,79.0329,165
1246,326.3963,53529,144.525,407,145.12,33.8189,79.0977,164
1247,326.2195,53500,144.3375,437,144.63,33.9298,79.146,164
1248,325.3882,55316,142.975,424,144.47,33.7904,78.927,170
1249,324.7455,53583,143.175,410,142.99,34.0094,78.7124,165
1250,327.1902,53332,142.425,426,143.03,33.7851,78.9668,163
1251,327.6503,53407,144.1625,419,143.9,33.841,78.7818,163
1252,322.8323,53913,143.1625,449,144,33.6035,78.874,167
1253,326.3436,53194,144.525,412,145,34.0261,79.1826,163
1254,323.0427,52979,144.3375,401,143.67,33.6973,79.0591,164
1255,320.3171,52532,145.8125,412,144.36,33.7209,79.1606,164
1256,320.939,52634,145.3625,432,145.58,33.6496,79.2305,164
1257,319.5939,52733,145.0125,403,144.33,33.8811,79.1379,165
1258,322.6707,52918,145.5,430,144.04,33.7473,79.4446,164
1259,323.6788,53407,146.5375,412,147.12,33.9643,79.204,165
1260,324.4908,52892,145.8375,421,144.99,33.7834,79.0295,163
1261,323.6585,53080,145.6375,429,144.73,34.0616,79.1846,164
1262,325.1104,52993,143.925,415,143.67,33.3973,79.1448,163
1263,321.8415,52782,145.4875,450,143.65,33.7967,79.0546,164
1264,323.0305,52977,143,426,143.09,33.5855,79.1043,164
1265,326.8834,53282,145.4625,427,145.07,34.25,79.0797,163
1266,327.4724,53378,145.2125,416,146.01,34.0699,79.1698,163
1267,324.1951,53168,143.325,409,143.04,33.8003,78.8776,164
1268,329.3067,53677,143.1875,422,144.67,33.9068,79.1107,163
1269,322.5663,53546,145.2625,424,143.17,33.977,79.2036,166
1270,323.6074,52748,143.9625,445,144.01,33.9037,79.1506,163
1271,323.3494,53676,143.85,468,143.34,33.9734,79.2234,166
1272,317.0357,53262,145.0625,423,145.62,34.0712,78.9191,168
1273,320.0798,52173,141.65,401,142.85,33.7884,79.0846,163
1274,320.7362,52280,144.2875,408,144.34,34.1178,79.2039,163
1275,325.3394,53681,145.5125,447,144.66,34.0767,78.8074,165
1276,325.6524,53407,142.175,409,143.88,33.787,79.2269,164
1277,329.372,54017,142.9375,430,144.23,33.863,79.0187,164
1278,324.6242,53563,145.1125,418,144.05,33.7576,79.178,165
1279,323.0982,52665,144.9375,416,144.01,33.6066,79.2635,163
1280,326.8896,53283,143.25,443,143.91,34.1415,78.8994,163
1281,323.3232,53025,143.9125,433,146,33.3561,78.6991,164
1282,324,53136,140.1,412,142.01,33.7928,78.9696,164
1283,324.7545,54234,143.4875,420,143.15,33.9733,79.0952,167
1284,330.8221,53924,143.825,434,144.8,33.7393,78.7882,163
1285,330.7914,53919,141.8375,416,144.36,33.7938,79.3482,163
1286,329.2945,53675,144.525,422,145.06,34.1484,79.0721,163
1287,323.5988,54041,144.55,430,144.34,33.6278,79.1855,167
1288,321.3902,52708,145.2625,438,144.85,33.805,79.1664,164
1289,321.8293,52780,145.5875,406,145.36,33.8581,78.959,164
1290,323.741,53741,142.2125,401,143.48,33.8722,79.0038,166
1291,325.9207,53451,144.75,439,145.04,33.7631,79.1276,164
1292,325.2061,53659,144.625,443,142.66,34.0082,78.7312,165
1293,323.1273,53316,142.525,435,143.59,33.7399,79.2734,165
1294,325.6258,53077,143.6125,409,144.53,33.7599,79.3994,163
1295,323.4551,54017,143.95,430,143.24,33.9175,79.411,167
1296,326.2577,53180,145.2,430,146.68,33.9505,79.1313,163
1297,323.5697,53389,144.875,418,144.63,34.2025,79.0465,165
1298,326.2699,53182,145.3,434,144.9,33.7047,79.4942,163
1299,321.5939,53063,143.9625,408,144.47,33.5494,79.3206,165
1300,323.9091,53445,143.325,410,145.51,33.6727,79.2734,165
1301,317.8795,52768,143.2,415,143.17,33.774,79.3783,166
1302,316.7169,52575,144.2625,405,144.43,34.0958,79.3805,166
1303,317.8545,52446,142.1375,416,142.78,33.7614,79.159,165
1304,322.0859,52500,145.225,411,143.92,33.8933,79.0377,163
1305,319.9329,52469,142.925,412,142.72,33.6945,79.3495,164
1306,318.3841,52215,145.1875,435,145.58,33.8263,79.0785,164
1307,314.1902,51213,145.5625,429,145.1,33.6858,79.2243,163
1308,319.2699,52041,142.575,449,142.97,33.8305,79.1284,163
1309,316.5854,51920,145.7,422,145.01,33.5852,79.1203,164
1310,314.4329,51567,144.6125,398,144.51,33.8534,79.0359,164
1311,318.2121,52505,144.3125,411,144.94,33.5508,79.2716,165
1312,319.2761,52042,143.1,424,142.63,33.5006,79.0943,163
1313,322.227,52523,144.875,435,143.87,33.9548,79.1735,163
1314,319.7914,52126,143.1125,436,143.62,33.816,79.4579,163
1315,318.6747,52900,145.3875,431,144.11,33.9443,78.6955,166
1316,321.4573,52719,142.475,409,144.91,33.6859,79.3188,164
1317,319.189,52347,144.2625,405,144.61,33.5367,79.1204,164
1318,318.6228,53210,143.75,426,144.61,33.5612,78.8932,167
1319,315.7953,54001,141.9,406,142.54,33.7645,78.9549,171
1320,320.2788,52846,143.075,431,145.24,33.3756,79.2008,165
1321,317.8405,51808,144.975,427,144.94,33.9498,79.0011,163
1322,312.6848,51593,146.275,405,145.63,33.7349,79.376,165
1323,317.4878,52068,144.35,422,144.03,33.91,79.2125,164
1324,314.8902,51642,143.5125,409,143.6,33.7327,78.9065,164
1325,314.622,51598,142.5375,429,143.78,33.8472,79.1604,164
1326,314.7805,51624,144.2625,419,144.85,33.9149,79.2768,164
1327,314.2289,52162,144.9,421,144.12,34.0059,79.4634,166
1328,310.7784,51900,141.975,407,142.12,33.8554,79.5247,167
1329,313.006,51959,143.2125,426,144.19,34.4262,79.2346,166
1330,309.7305,51725,143.9875,426,142.95,33.9094,79.1878,167
1331,307.3313,50095,143.9625,409,143.45,33.8274,79.0783,163
1332,308.0542,51137,142.4,415,142.17,33.9498,79.1825,166
1333,310.5333,51238,143.425,411,143.3,33.8523,79.4591,165
1334,308.3353,51492,144.8375,419,143.84,34.0711,79.1109,167
1335,309.012,51605,144.7375,431,143.62,34.0096,79.4148,167
1336,313.8221,51153,144.05,395,144.41,33.8734,79.2012,163
1337,307.8024,51403,142.625,430,143.43,33.7666,79.2602,167
1338,310.6933,50643,145.325,423,143.85,33.9833,79.2505,163
1339,311.2147,50728,141.9375,395,142.68,34.2085,79.2225,163
1340,311.5455,51405,142.0625,441,141.83,33.8322,79.4984,165
1341,312.0242,51484,144.1125,408,144.59,34.4169,79.1902,165
1342,313.1796,52301,142.175,405,142.53,34.0085,79.1434,167
1343,313.3758,51707,142.675,407,142.45,33.7533,79.0632,165
1344,312.9451,51323,144.7125,397,144.79,34.0292,79.0972,164
1345,316.2012,51857,144.025,401,142.73,33.9752,79.0633,164
1346,313.9816,51179,141.4375,402,141.67,33.9196,79.0819,163
1347,311.3758,51377,142.5625,412,142.41,34.2416,79.1854,165
1348,317.0366,51994,145.05,412,144.74,33.7817,79.052,164
1349,318.3963,52217,144.6875,474,144.19,33.8125,78.9971,164
1350,318.4417,51906,142.05,417,142.84,33.7865,79.0104,163
1351,320.8364,52938,144.95,405,144.28,33.6565,79.0738,165
1352,322.7299,56155,144.15,424,143.7,33.9331,79.2165,174
1353,324.3742,52873,144.65,453,143.9,34.1145,79.1074,163
1354,327.4512,53702,143.1,448,143.76,33.9374,79.3764,164
1355,323.9091,53445,143.125,414,143.97,33.9011,78.9302,165
1356,325.5337,53062,142.775,432,143.88,33.5425,79.1485,163
1357,322.2988,52857,144.45,422,143.83,33.4339,78.6374,164
1358,323.5152,53380,143.4875,418,144.43,33.6792,79.0663,165
1359,321.6258,52425,144.575,414,143.93,33.9772,79.1538,163
1360,320.7738,53890,142.8625,437,142.1,33.9197,79.1898,168
1361,315.2798,52967,145.0625,433,142.89,33.9289,78.94,168
1362,318.5758,52565,142.15,417,143.17,33.3967,79.5406,165
1363,317.9273,52458,143.975,402,143.63,33.6604,79.0949,165
1364,317.4731,53018,144.4625,411,144.42,34.0963,79.2773,167
1365,314.5488,51586,142.275,412,143.55,33.6917,79.1569,164
1366,316.0859,51522,142.7125,406,141.59,33.6515,79.3167,163
1367,315.3455,52032,143.4375,422,143.52,33.801,79.6022,165
1368,311.5706,50786,143.5875,395,144.11,33.785,79.0846,163
1369,308.1706,52389,141.3,397,141.33,33.298,79.078,170
1370,315.5153,51429,143.075,408,142.73,33.8399,79.1263,163
1371,312.9573,51325,143.4875,441,143.46,33.3801,79.1719,164
1372,317.1402,52011,144.3375,409,145.16,33.9545,79.1556,164
1373,315.7152,52093,145.7375,399,143.48,34.0995,79.5057,165
1374,316.3512,53147,142.625,402,143.43,33.6259,79.0315,168
1375,317.1951,52020,144.2625,405,143.32,33.5782,79.5505,164
1376,316.3865,51571,142.65,414,143.64,33.7871,79.4664,163
1377,315.8323,52744,142.8,424,142.05,33.3824,79.3588,167
1378,317.0181,52625,145.3,406,145.26,33.7058,79.3312,166
1379,315.614,53970,143.05,413,143.82,33.5453,79.0712,171
1380,318.6159,52253,142.9375,418,143.8,33.5717,79.1842,164
1381,317.8963,52135,144.225,411,144.69,33.3732,79.0826,164
1382,317.2744,52033,144.8,457,143.16,33.9781,79.5084,164
1383,315.5732,51754,145.95,416,144.81,33.7192,79.0826,164
1384,315.9207,51811,145.2125,404,143.55,33.8071,79.3488,164
1385,316.1677,52800,144.05,415,144.17,33.6827,78.8459,167
1386,318.8037,51965,142.45,417,141.67,33.7656,79.4888,163
1387,314.1131,52771,145.7625,416,144.34,34.0899,79.2501,168
1388,313.7866,51461,143.4875,404,142.87,33.8323,79.1669,164
1389,312.1595,50882,144.0125,398,142.85,34.0784,79.0363,163
1390,316.1951,51856,143.05,398,144.54,33.6291,79.2932,164
1391,316.5868,52870,144,426,143.95,33.6058,79.4991,167
1392,317.7683,52114,144.5125,404,144.34,33.4167,79.4908,164
1393,319.1779,52026,143.7,411,142.21,33.8459,79.316,163
1394,314.8303,51947,142.6,440,143.23,33.6794,79.1897,165
1395,316.4485,52214,145.6625,413,144.29,33.7428,79.4484,165
1396,315.5964,52389,143.4,395,143.1,33.6915,79.232,166
1397,313.3006,51068,144.3125,395,144.06,33.9054,79.1873,163
1398,312.5767,50950,143.5875,417,142.8,33.6436,79.2255,163
1399,309.1402,50699,142.7125,402,142.81,33.7494,79.3956,164
1400,308.5783,51224,143.1625,389,142.31,33.9122,79.4094,166
1401,307.7195,50466,144.15,400,144.98,33.9344,79.3624,164
1402,309.4294,50437,142.2625,402,142.04,33.8923,79.3954,163
1403,305.2134,50055,142.525,390,141.68,33.7976,79.4622,164
1404,306.3152,50542,143.6375,402,142.32,34.0396,79.2687,165
1405,309.097,51001,142.4,418,142.78,33.7854,79.2083,165
1406,310.3804,50592,142.8375,444,142.84,34.0984,79.3872,163
1407,308.1963,50236,143.275,414,143.31,34.0655,79.1566,163
1408,304.7176,51802,143.125,395,143.91,33.6959,79.4613,170
1409,306.189,50215,142.3625,407,142.17,33.9033,79.222,164
1410,305.2699,49759,142.85,439,141.27,33.8698,79.1371,163
1411,302.2424,49870,144.4625,398,142.9,33.9641,79.272,165
1412,304.4311,50840,142.6625,395,141.43,33.9474,79.3586,167
1413,304.8485,50300,141.5875,402,142.66,33.6871,79.1872,165
1414,303.7169,50417,144.1125,394,143.89,33.7533,79.2977,166
1415,305.1718,49743,144.6,395,143.71,33.5296,79.2965,163
1416,303.1951,49724,143.4,395,144.49,33.7443,79.2944,164
1417,300.8452,50542,144.9375,398,142.85,34.1364,79.3002,168
1418,303.0123,49391,140.6125,400,141.96,33.7631,79.2578,163
1419,302.6909,49944,143.9,420,142.4,34.1271,78.9618,165
1420,303.5758,50090,143.45,401,143.68,33.9741,79.2125,165
1421,298.8795,49614,144.275,393,143.85,33.9606,79.1372,166
1422,299.5059,50916,145.375,402,145.23,33.6862,79.4113,170
1423,300.5697,49594,143,387,142.58,33.7935,79.2209,165
1424,299.2454,48777,144.9875,425,145.41,34.2074,79.403,163
1425,299.012,49636,143.75,400,143.37,33.6559,79.6169,166
1426,297.362,48470,142.6875,417,141.6,34.0769,79.4413,163
1427,297.8049,48840,141.025,394,141.39,33.8597,79.3807,164
1428,299.8344,48873,145.2375,382,143.04,33.8865,79.5738,163
1429,297.5964,49401,143.1625,406,143.4,34.1782,79.7416,166
1430,294.8675,48948,142.0375,392,143.56,33.9646,79.5321,166
1431,296.0301,49141,143.0125,380,143.06,33.8856,79.3297,166
1432,297.5893,49995,143.7625,395,142.74,34.0059,79.4889,168
1433,299.372,49097,143.4375,392,143.2,34.2296,79.4591,164
1434,299.381,50296,141.625,395,142.26,33.766,79.282,168
1435,295.9217,49123,142.4375,438,141.89,34.285,79.3291,166
1436,297.061,48718,145.1375,379,142.32,34.1278,79.161,164
1437,297.6424,49111,141.6375,400,140.32,33.9442,79.2369,165
1438,300.4172,48968,142.075,394,143.21,33.9756,79.4501,163
1439,301.3494,50024,145.2625,429,144.64,33.7228,79.5108,166
1440,303.1227,49409,143.325,421,143.07,33.7664,79.3537,163
1441,304.3006,49601,142.7375,433,142.66,33.839,79.2623,163
1442,306.5583,49969,142.9625,438,143.68,33.5437,79.2783,163
1443,303.6994,49503,143.925,392,144.27,33.5757,79.4485,163
1444,305.4398,50703,141.075,435,141.44,33.7706,79.4489,166
1445,306.5305,50271,141.9125,415,141.76,33.6884,79.4282,164
1446,308.8712,50346,143.9375,401,143.39,33.893,79.0884,163
1447,305.1488,51265,142.1375,398,143.13,33.5162,79.0426,168
1448,307.0182,50658,142.7375,394,142.28,33.6619,79.1206,165
1449,303.9461,50759,143.2875,383,143.44,33.5623,79.1782,167
1450,306.8293,50320,143.6375,403,144.23,33.5948,79.4735,164
1451,305.9634,50178,144.6,403,143.12,34.1387,79.2929,164
1452,306.6606,50599,143.4375,424,143.62,33.6192,79.5378,165
1453,305.2485,50366,142.8,419,143.72,33.7454,79.1902,165
1454,305.9455,50481,143.3625,409,143.12,33.3619,79.1161,165
1455,309.8282,50502,143.0125,393,142.67,33.497,79.5428,163
1456,303.5964,50397,141.85,402,140.5,33.5608,79.0781,166
1457,307.4294,50111,142.45,425,142.3,33.8044,79.3881,163
1458,307.1902,50072,141.825,403,142.15,33.6244,79.2917,163
1459,305.1902,49746,142.3875,410,142.44,33.5752,79.15,163
1460,305.7394,50447,143.1125,390,143.78,33.5237,79.3537,165
1461,304.7546,49675,142.475,403,142.68,33.6591,79.2805,163
1462,304.3091,50211,144.775,389,144.75,33.7518,79.143,165
1463,303.1288,49410,142.6625,398,142.53,33.869,79.4699,163
1464,303.8344,49525,142.25,400,143.27,33.9704,79.0388,163
1465,304.865,49693,143.925,385,143.59,33.7765,79.6397,163
1466,299.6568,50642,143.775,374,143.67,34.0086,79.6076,169
1467,299.2945,48785,142.75,428,143.13,33.5066,79.2351,163
1468,299.2134,49071,143.2375,412,142.58,33.7933,79.6032,164
1469,299.8118,50968,144.625,384,143.66,33.7817,79.0769,170
1470,300.0952,50416,142.7875,391,141.78,34.1982,79.1918,168
1471,301.9141,49212,142.25,402,142.55,33.7612,79.3487,163
1472,302,49528,142.85,403,143.1,33.7821,79.1581,164
1473,300.8303,49637,144.65,420,144.07,33.5138,79.4435,165
1474,299.7239,48855,143.525,390,143.9,34.0617,79.2202,163
1475,299.7651,49761,140.9875,429,141.21,33.9191,79.3338,166
1476,303.1595,49415,140.425,399,140.92,33.7306,79.4469,163
1477,303.0854,49706,141.7125,401,142.51,34.0875,79.4173,164
1478,304.1646,49883,143.975,396,142.88,33.4147,79.4241,164
1479,301.8537,49504,141.2875,394,142.67,33.7435,79.3613,164
1480,301.2561,49406,143,387,141.85,33.7999,78.8855,164
1481,301.8466,49201,141.25,381,140.59,33.5512,79.4039,163
1482,303.0417,50911,143.075,397,142.7,33.5163,79.5944,168
1483,304.2927,49904,143,411,141.89,34.0574,79.3615,164
1484,303.4601,49464,144.5875,415,143.11,33.7063,79.5746,163
1485,306.4294,49948,141.2,419,142.4,33.646,79.2578,163
1486,309.1288,50388,146.625,416,145.5,33.6459,79.4472,163
1487,304.25,49897,142.3875,393,143.48,33.797,79.1303,164
1488,306.8675,50940,141.675,436,142.35,33.8182,79.3962,166
1489,303.0533,51216,142.4625,432,143.36,33.4139,79.4668,169
1490,303.1534,49414,142.4,409,143.7,33.9479,79.4765,163
1491,300.8631,50545,144.0125,387,142.9,33.7846,79.4305,168
1492,303.5915,49789,142.0875,408,143.9,33.9912,79.175,164
1493,301.6135,49163,141.8625,407,142.15,33.5987,79.2766,163
1494,305.4146,50088,141.2875,400,142.13,33.8095,79.5326,164
1495,304.0361,50470,142.1375,403,141.85,33.6933,79.3319,166
1496,304.8242,50296,143.7,395,142.74,33.6021,79.3113,165
1497,303.0184,49392,142.75,400,142.52,34.0128,79.5594,163
1498,299.4451,49109,143.5875,387,142.4,33.6279,79.3171,164
1499,303.5389,50691,143.375,418,144.85,34.0375,79.2922,167
1500,300.3006,48949,143.525,403,142.37,34.0475,79.4899,163
