1,421.3941,99449,244.4375,550,245.59,50.3073,68.7404,236
2,423.0424,99838,246.0375,581,248.11,50.2635,69.2005,236
3,423.5297,99953,244.3875,550,246.24,49.9732,68.7958,236
4,421.9419,101688,250.5625,570,248.8,50.2862,69.0784,241
5,424.8771,100271,246,591,247.41,50.063,68.9534,236
6,420.2353,100016,248.75,604,247.88,50.0166,69.2157,238
7,415.6473,100171,246.625,542,247.61,50.0456,68.8524,241
8,420.7627,99300,245.3125,576,247.62,49.9528,68.9336,236
9,416.8243,99621,245.875,595,245.38,49.6075,68.9291,239
10,413.431,98810,244.1875,537,245.18,49.7489,68.901,239
11,415.7017,98937,243.675,552,246.66,49.7633,68.8665,238
12,416.3629,98678,243.35,547,241.79,49.493,68.5968,237
13,420.5485,99670,242.4375,563,243.11,49.3455,69.2425,237
14,423.6398,99979,248.4375,582,248.41,49.6043,68.772,236
15,422,100858,246.825,605,246.3,49.4388,68.9347,239
16,421.0717,99794,244.8125,600,244.9,49.2628,68.5687,237
17,420.4093,99637,246.15,576,246.17,49.3032,68.6029,237
18,418.0847,98668,245.2625,576,246.98,49.4103,68.8945,236
19,417.2574,98890,245.425,580,246.94,49.2964,68.7976,237
20,419.8856,99093,246.5375,562,246.08,49.2772,68.9109,236
21,421.1958,101087,245.9875,585,246.75,49.2218,69.0402,240
22,420.979,100193,244.475,618,245.74,49.1969,68.9265,238
23,423.3263,99905,245.625,570,245.83,49.2289,68.8329,236
24,423.8228,100446,245.7375,600,245.69,49.1529,68.3855,237
25,427.1513,101662,246.475,577,248.29,49.0004,69.129,238
26,430.4576,101588,244.575,583,244.79,49.2167,68.9349,236
27,425.6281,103002,245.5625,577,246.9,49.081,68.8107,242
28,428.4619,101117,244.2375,589,244.06,49.1397,68.945,236
29,425.2966,100370,244.8375,574,246.98,49.2745,68.9215,236
30,422.1186,99620,246.325,587,247.38,49.1954,68.8802,236
31,419.1017,98908,246.525,622,244.91,48.8668,68.6533,236
32,419.7806,99488,248.7875,569,247.91,49.2648,68.9021,237
33,416.1525,98212,242.5375,551,242.26,49.2166,68.9309,236
34,416.6059,98319,246.625,578,246.17,49.1419,69.0604,236
35,412.5685,99429,244.825,582,246.15,49.0348,68.8617,241
36,411.7966,97184,244.6125,575,243.59,49.0391,68.8667,236
37,410.1008,97604,240.8,557,240.99,48.9502,68.7451,238
38,407.3992,96961,242.525,563,244.3,49.0057,68.9758,238
39,411.4684,97518,246.075,600,246.35,49.0635,68.8354,237
40,411.4703,97107,249.025,559,248.48,49.0467,68.989,236
41,410.2797,96826,243.6125,563,244.95,48.7635,68.8913,236
42,411.8481,97608,244.275,581,243.9,48.8988,68.8274,237
43,415.7806,98540,240.65,576,242.95,48.9156,69.0755,237
44,415.4149,100115,245.925,551,244.34,48.8465,68.87,241
45,414.5105,98239,241.725,552,242.83,48.9939,68.9473,237
46,419.7161,99053,246.025,567,246.03,48.7875,69.0953,236
47,418.0672,99500,247.4625,564,245.42,48.8942,69.1356,238
48,413.9283,98101,243.3375,560,243.89,48.8064,69.1448,237
49,410.6471,97734,243.275,536,243.79,49.0422,68.8149,238
50,413.2321,97936,244.9125,558,245.47,49.0307,68.8737,237
51,411.2246,97049,247.0875,566,246.36,49.0624,68.8464,236
52,410.481,97284,242.4625,559,243.5,49.1076,69.2808,237
53,411.0253,97413,244.8,594,244.68,48.9413,69.2169,237
54,413.4619,97577,245.825,573,244.37,49.0248,69.3553,236
55,413.1822,97511,244.45,572,246.3,48.9883,68.9699,236
56,412.7966,97420,247.6,580,248.67,49.1173,68.87,236
57,413.2911,97950,243.6125,560,244.48,48.9397,69.015,237
58,410.6034,97313,242.9125,570,243.22,49.0313,68.8331,237
59,411.3891,98322,242.675,598,242.74,48.6988,68.8761,239
60,411.2857,97886,241.3,575,241.74,48.9493,68.6864,238
61,412.775,99066,240.7875,564,243.41,48.7088,69.1821,240
62,408.3613,97190,242.7,591,240.98,48.7867,69.1459,238
63,408.0127,96291,245.7125,575,246.46,48.9607,68.8654,236
64,406.7708,97625,243.6,557,243.69,48.762,68.5443,240
65,404.3122,95822,244.6625,546,244.53,48.5998,69.0158,237
66,404.3347,95423,242.3375,540,242.62,48.9169,69.0699,236
67,408.1074,98762,243.9625,599,246.5,49.0317,69.022,242
68,406.4108,97945,243.8625,558,243.4,48.7781,68.9974,241
69,407.3924,96552,245.9125,582,245.33,48.9603,69.4064,237
70,405.9538,96617,245.0375,551,246.48,48.9106,69.003,238
71,409.0549,96946,245.575,590,246.33,48.9701,68.9396,237
72,408.4051,96792,245.2875,550,244.97,48.4648,68.9369,237
73,408.0546,97117,242.0875,582,241.03,48.6686,69.1237,238
74,408.0675,96712,244.0875,565,242.46,48.5612,69.0768,237
75,408.4412,97209,241.65,571,241.47,48.7788,68.8947,238
76,409.9322,96744,242.05,539,242.78,48.5137,68.6521,236
77,406.0958,97463,245.6375,542,245.12,48.6863,68.9666,240
78,405.7932,96173,241.65,543,242.66,48.4847,68.969,237
79,407.2278,96513,245.8125,551,244.17,48.4991,68.9247,237
80,411.1405,99496,242.7125,587,242.09,48.5221,69.0365,242
81,408.3178,96363,242,564,242.69,48.7546,68.8815,236
82,407.1398,96085,244.6875,586,244.04,48.584,68.7257,236
83,405.6276,96945,242.3625,545,243.05,48.5304,68.9056,239
84,402.3739,95765,242.45,551,243.35,48.6002,68.7389,238
85,402.3008,94943,244.925,548,244.65,48.6105,69.0455,236
86,403.3517,95191,241.35,560,243.54,48.7981,68.7588,236
87,402.7722,95457,244.7125,552,243.51,48.5927,68.8779,237
88,403.827,95707,241.6,576,241.29,48.7521,68.7816,237
89,404.0678,95360,243.25,562,242.82,48.6225,68.8501,236
90,404.6751,95908,240.6875,573,243.11,48.681,68.6158,237
91,405.9244,96610,242.6,568,241.83,48.8753,69.0414,238
92,401.7269,95611,244.875,552,246.15,48.7174,68.7984,238
93,406.3917,97534,243.075,579,242.7,48.4293,69.1244,240
94,407.6498,96613,245.95,537,243.58,48.5881,68.9154,237
95,405.1603,96023,244.3625,538,244.97,48.4326,68.8516,237
96,402.8866,95887,244.675,552,245.69,48.314,68.8532,238
97,402.4576,94980,242.375,558,243.96,48.0638,68.4838,236
98,404.0966,96175,243.9625,583,243.83,48.4025,68.4799,238
99,401.9494,95262,246.775,551,245.54,48.0716,68.3038,237
100,401.7782,96025,246.075,562,245.39,48.3185,68.6126,239
101,400.0464,94811,246.3625,564,245.82,48.2264,68.7529,237
102,399.9746,94394,243.95,564,242.79,48.2373,68.9418,236
103,402.8487,95878,245.05,539,243.22,48.2081,68.5551,238
104,402.2689,95740,245.375,544,246.67,48.0022,68.8707,238
105,399.2068,94612,245.1375,530,243.4,48.1723,68.7807,237
106,402.3008,94943,244.8125,531,245.46,48.1128,68.8622,236
107,406.2954,96292,244.5375,558,244.73,48.1934,68.647,237
108,405.6059,95723,243.95,546,243.44,48.2667,68.8466,236
109,403.7699,96501,243.5625,551,244.65,48.1339,68.3553,239
110,403.4641,95621,243.3125,529,243.44,48.0473,68.5371,237
111,402.8729,95078,243.6,552,244.15,48.1591,68.9862,236
112,402.0422,95284,242.4125,591,240.51,48.1428,68.562,237
113,403.1008,95938,245.9875,544,245.62,48.1414,68.7906,238
114,400.4195,94499,244.8875,544,244.62,48.3408,68.3996,236
115,399.0711,95378,245.2,576,245.27,48.1806,68.4425,239
116,398.5907,94466,243.4875,539,240.84,48.2695,68.7362,237
117,397.7437,94663,241.725,526,241.31,47.9723,68.3505,238
118,399.0166,96163,244.7,568,246.17,48.1879,68.3108,241
119,395.0253,93621,243.2875,558,243.45,48.1036,68.4733,237
120,398.7806,94511,239.5125,520,239.27,48.1968,68.4681,237
121,395.3093,93293,243.225,538,241.03,48.2684,68.2735,236
122,395.8312,93812,240.7,561,240.32,48.2696,68.5894,237
123,396.3517,93539,245.925,535,245.13,48.2123,68.4902,236
124,395.5359,93742,244.775,548,245.74,48.2668,68.1689,237
125,392.211,92954,242.2,562,241.92,48.1439,68.6612,237
126,392.8109,93489,242.0125,575,241.36,48.22,68.4912,238
127,390.9747,92661,245.3125,573,242.8,48.2597,68.1796,237
128,391.8025,93249,242.1875,526,242.21,48.122,68.5473,238
129,389.3038,92265,245.2375,554,243.99,48.3526,68.5807,237
130,393.8263,92943,243.05,550,242.4,47.9968,68.4141,236
131,397.0966,94509,241.125,542,241.83,48.1881,68.597,238
132,396.7203,93626,241.325,524,241.7,48.3347,68.4375,236
133,395.6653,93377,243.0375,535,243.37,48.2019,68.4672,236
134,395.3096,94479,243.65,551,244.56,48.3454,68.3753,239
135,396.4832,94363,246.2625,546,244.34,48.4104,68.1476,238
136,393.2415,92805,241.3,521,241.33,48.1544,68.547,236
137,396.4979,94763,242.925,536,243.74,48.1857,68.665,239
138,394.7917,94750,239.9125,527,240.11,48.1608,68.4121,240
139,398.3671,94413,240.9,554,242.06,48.066,68.6063,237
140,397.0127,94092,240.7875,549,240.98,47.9731,68.5806,237
141,397.8193,94681,240.575,557,239.77,48.1135,68.4369,238
142,396.589,93595,245.3125,580,243.86,48.1576,68.5452,236
143,395.6034,93758,241.075,592,240.93,47.9636,68.527,237
144,394.5187,95079,241.025,545,240.07,48.1417,68.3522,241
145,394.55,94692,241.8625,546,241.84,48.3243,68.4888,240
146,398.6737,94087,242.7875,536,242.98,48.0337,68.5776,236
147,396.1792,95083,239.6625,588,243.1,48.2597,68.344,240
148,394.5556,95877,244.4625,550,242.19,48.2066,68.3168,243
149,394.473,95068,239.7625,563,239.93,48.1751,68.7274,241
150,396.0339,93464,241.575,555,240.68,48.4498,68.2006,236
151,394.4534,93091,244.225,571,243.53,48.2253,68.6072,236
152,395.038,93624,241.475,542,241.04,48.054,68.3258,237
153,393.1314,92779,240.9125,537,240.17,48.4012,68.4647,236
154,397.2415,93749,242.35,569,240.49,48.1438,68.61,236
155,392.6736,93849,240.6125,538,240.35,48.1333,68.5045,239
156,395.4388,93719,241.35,545,241.54,48.2032,68.698,237
157,395.9025,93433,240.125,498,237.87,48.1601,68.3616,236
158,395.3849,94497,242.2875,522,240.79,48.0617,68.7383,239
159,397.6653,93849,243.075,534,242.09,48.3656,68.4588,236
160,395.2605,94072,240.9875,560,238.72,48.1358,68.4429,238
161,398.6229,94075,241.5875,541,240.31,48.1123,68.9126,236
162,397.3473,94966,240.4,562,241.81,48.2678,68.7726,239
163,403.6667,95669,239.85,536,240.26,48.1207,68.5831,237
164,401.5294,95564,243.6375,553,242.85,48.4383,68.7592,238
165,406.4661,95926,243.775,560,243.61,48.1267,68.6939,236
166,407.0711,97290,243.4625,551,243.6,48.3353,68.5558,239
167,406.5085,95936,243.3375,557,243.39,48.4913,68.6306,236
168,408.4937,96813,244.8125,572,244.06,48.2664,68.6678,237
169,410.0886,97191,242.1875,553,241,48.2476,68.6319,237
170,407.7426,96635,240.7625,560,240.46,48.1217,68.5888,237
171,408.678,96448,242.525,563,241.5,48.0702,68.3698,236
172,406.7238,97207,245.3,563,243.7,47.8286,68.6613,239
173,406.0882,96649,242.525,553,240.91,47.8712,68.501,238
174,409.1097,96959,245.775,547,245.15,47.856,68.5714,237
175,405.5,95698,243.625,531,243.76,47.9659,68.689,236
176,407.4477,97380,243.6125,569,241.63,47.753,68.4003,239
177,404.5021,95867,241.5125,537,241.83,47.8968,68.7465,237
178,405.8856,95789,239.8375,571,239.03,47.8445,68.342,236
179,402.1849,95720,241.6875,576,243.73,47.8145,68.6219,238
180,403.0042,95915,241.6375,534,241.9,47.9026,68.5765,238
181,403.1833,96764,240.6,561,241.09,47.9004,68.4733,240
182,404.0169,95348,243.5125,548,242.81,47.8701,68.3086,236
183,405.678,95740,243.825,554,244.33,47.8122,68.6218,236
184,402.979,95909,241.5875,568,242.02,47.6806,68.4039,238
185,401.2203,94688,241.925,556,242,47.7796,69.0002,236
186,400.2669,94463,241.5,548,242.48,47.8441,68.7141,236
187,401.0085,94638,239.6625,544,240.51,47.6402,68.6532,236
188,399.9372,95585,241.5375,583,241.27,47.763,68.8051,239
189,402.0338,95282,244.9,546,245.73,47.8023,68.7112,237
190,401.0462,95449,240.8,541,240.99,47.6918,68.5331,238
191,399.6971,96327,239.2375,563,240.51,47.6408,68.3664,241
192,399.2134,95412,239.2375,532,239.7,47.7085,68.8727,239
193,399.2068,94612,244.825,548,242.43,47.631,68.6809,237
194,398.3305,95201,239.4375,579,237.88,47.4758,68.3437,239
195,396.728,94818,245.775,528,245.25,47.131,68.6223,239
196,395.2222,96039,242.95,553,243.03,47.2304,68.5633,243
197,395.3824,94101,244.575,551,242.66,47.3643,68.4203,238
198,397.7353,94661,241.025,556,241.71,47.2918,68.6105,238
199,394.4202,93872,241.0375,562,241.15,47.5347,68.4666,238
200,391.9328,93280,240.9375,516,240.88,47.3926,68.4487,238
201,394.1548,94203,238.1125,573,238.03,47.5155,68.4949,239
202,394.8,94752,238.9625,553,238.78,47.2198,68.9206,240
203,396.4051,93948,241.875,552,240.99,47.1735,68.6165,237
204,393.3403,93615,241.1375,569,240.51,47.1845,68.5979,238
205,393.4748,93647,239.5625,535,238.92,47.3058,68.6682,238
206,396.0508,93468,240.5,538,240.88,46.9934,68.6438,236
207,398.0042,93929,242.1,554,241.3,47.0984,68.8698,236
208,395.4833,94916,244.25,544,241.54,47.2349,68.6041,240
209,397.3502,94172,240.675,540,240.49,47.1095,68.9089,237
210,393.7059,93702,243.775,537,240.59,47.0765,68.5865,238
211,393.0042,93142,242.6375,542,241.5,46.9835,68.3821,237
212,395.2983,94081,242.3875,535,241.31,46.7105,68.8128,238
213,395.4603,94515,240.9375,555,241.15,46.8077,68.1028,239
214,396.7131,94021,240.65,520,241.53,46.7291,68.2108,237
215,390.6987,93377,237.0375,553,237.74,46.8183,68.5992,239
216,396.9325,94073,240.0375,548,241.32,46.7865,68.1799,237
217,395.3924,93708,244.25,538,241.57,47.0153,68.5524,237
218,394.521,93896,241.6625,552,241.64,46.9551,68.5621,238
219,397.6582,94245,241.7125,539,238.68,46.9852,68.8559,237
220,394.9153,93200,239.625,573,239.84,47.1057,68.4628,236
221,393.6835,93303,240.825,537,240.02,46.7962,68.3845,237
222,397.3178,93767,239.725,580,240.09,46.7971,68.3341,236
223,399.916,95180,241.3125,552,240.8,46.6863,68.2318,238
224,401.9789,95269,247.0375,565,242.69,46.7429,68.1714,237
225,402.2797,94938,242.8125,525,241.78,46.6906,68.4414,236
226,400.2101,95250,243.4,573,242.16,46.6034,68.3361,238
227,406.5356,97162,241.4625,570,242.69,46.5213,68.257,239
228,409.6356,96674,243.9,576,242.58,46.4895,68.0793,236
229,411.1181,97435,240.8875,553,239.54,46.6003,67.9256,237
230,411.822,97190,244.525,605,243.39,46.5276,68.0193,236
231,414.5297,97829,243.4,560,240.8,46.6676,68.4449,236
232,417.105,99271,240,569,239.56,46.7605,68.1359,238
233,414.2636,99009,247.375,555,245.05,46.5771,68.1213,239
234,417.3151,99321,242.975,626,240.82,46.7292,68.3253,238
235,415.822,98134,241.1875,562,241.66,46.894,68.1887,236
236,416.9241,98811,241.4875,563,241.75,46.6253,68.2296,237
237,419.4388,99407,239.6,584,240.8,46.8307,68.043,237
238,421.0717,99794,244.9875,575,246.78,46.4261,68.5254,237
239,423.2479,100733,245.4125,567,243.5,46.5104,68.5439,238
240,422.1799,100901,244.275,585,243.23,46.6998,68.289,239
241,419.8745,100350,243.6,575,242.24,46.4659,67.667,239
242,420.5949,99681,241.85,565,241.83,46.2533,67.7593,237
243,421.0167,101044,243.025,585,240.83,46.4708,68.1152,240
244,417.8644,98616,241,575,239.99,46.4812,67.8827,236
245,419.1017,98908,244.5625,611,243.25,46.4737,68.2791,236
246,415.0293,99192,243.0875,550,241.39,46.2734,67.9862,239
247,416.4364,98279,243.1125,565,241.33,46.1498,67.8395,236
248,417.3814,98502,243.675,584,241.52,46.2589,68.2143,236
249,419.7542,99062,245.2,582,240.86,46.3574,68.2823,236
250,417.3797,98919,244.375,588,242.28,46.1275,68.1694,237
251,420.1186,99148,244.5375,598,242.58,46.0529,68.5414,236
252,416.6709,98751,241.55,568,240.67,46.3045,68.17,237
253,414.1435,98152,243.95,541,242.29,46.1625,68.2739,237
254,414.8983,97916,243.025,551,243.24,46.1246,68.2508,236
255,410.525,98526,240.8125,599,240.2,46.0993,68.2173,240
256,409.1849,97386,243.2875,578,241.81,46.3049,68.437,238
257,406.6441,95968,243.8375,547,241.88,45.9795,68.2363,236
258,405.1271,95610,241.4875,562,241.41,46.0664,68.5376,236
259,403.4286,96016,241.2625,574,239.56,46.0683,68.3613,238
260,403.4125,96819,241.75,562,239.15,45.8485,68.2675,240
261,404.3432,95425,240.6,536,238.54,46.0658,68.3387,236
262,402.584,95815,238.75,553,239.81,46.09,68.1987,238
263,402.4667,96592,244.8,582,242.93,45.9384,68.148,240
264,402.6864,95034,242.4125,605,239.76,46.1317,68.5352,236
265,401.3291,95115,240.55,556,238.32,46.0752,68.5355,237
266,402.6597,95833,242.475,560,241.92,45.9715,67.922,238
267,406.3983,95910,240.25,528,237.55,46.294,67.928,236
268,412.0294,98063,245.25,574,242.21,46.1014,68.1151,238
269,412.178,97274,244.525,581,240.53,46.1806,68.4508,236
270,408.8093,96479,242.65,573,237.88,46.2064,68.188,236
271,409.8067,97534,241.15,572,238.01,45.9451,68.0739,238
272,412.021,98061,243.9875,549,238.93,46.0396,68.2529,238
273,410.0458,98411,242.1875,574,240.73,46.048,68.1633,240
274,417.2218,99716,240.925,568,238.65,46.0656,68.0473,239
275,417.1176,99274,245.6875,563,241.12,46.0243,68.0931,238
276,418.8945,99278,243.1875,585,239.98,45.9406,68.3746,237
277,423.4619,99937,241.675,586,240.01,45.858,68.1551,236
278,426.0458,102251,242.625,572,241.26,45.8461,68.2662,240
279,426.6992,100701,247.125,604,245.18,45.938,68.321,236
280,427.9707,102285,247.6125,581,245.72,46.0768,67.7372,239
281,429.5932,101384,237.2,590,236.59,46.0504,68.3419,236
282,432.8903,102595,243,627,241.39,46.0631,68.5277,237
283,431.9703,101945,243.7125,579,241.62,45.9355,68.1381,236
284,431.5738,102283,245.3875,580,242.26,45.89,67.8212,237
285,434.0424,102434,244.175,577,243.08,45.8685,68.2481,236
286,429.1483,101279,243.1625,610,240.71,45.8213,68.4584,236
287,433.0847,102208,241.0625,603,241.69,46.0552,68.4242,236
288,431.7975,102336,245.825,598,244.07,45.8926,67.9404,237
289,435.7373,102834,241.8,618,238.5,46.0558,68.4111,236
290,440.5021,104399,242.5625,590,239.45,45.879,68.589,237
291,437.4708,104993,245.225,614,242.6,46.061,68.272,240
292,439.6667,104201,243.55,616,241.44,45.8817,68.8005,237
293,441.8776,104725,248.0375,660,245.51,45.8302,68.5563,237
294,441.5992,104659,247.225,608,243.41,45.7911,68.4032,237
295,439.0675,104059,239.775,619,239.45,45.7043,68.5476,237
296,438.822,103562,242.825,605,242.55,45.7956,68.7526,236
297,440.1271,103870,243.725,576,240.84,45.6612,68.4297,236
298,444.2712,104848,244.875,613,241.36,45.764,68.5731,236
299,444.5297,104909,244.0625,611,240.5,45.978,68.5637,236
300,443.2785,105057,242.6625,622,241.69,45.7755,68.6044,237
301,441.2025,104565,241.3875,622,238.38,45.7387,68.7943,237
302,435.4315,104939,245.8875,606,241.9,45.6975,68.3384,241
303,433.5696,102756,247.525,648,243.47,45.6635,68.9409,237
304,433.6356,102338,241.6375,630,237.87,45.7513,68.5573,236
305,432.4184,103348,243.7625,619,242.05,45.4538,68.4147,239
306,432.3833,103772,245.45,600,241.16,45.243,68.485,240
307,429.3277,102180,243.475,622,240.76,45.4979,68.4996,238
308,432.2833,103748,244.975,633,239.36,45.46,68.2704,240
309,432.4686,103360,245.425,595,242.21,45.5434,68.6234,239
310,431.7966,101904,240.1,625,240.05,45.416,68.6969,236
311,430.2929,102840,244.6875,603,240.26,45.3681,68.4696,239
312,427.4322,100874,246.25,607,245.18,45.6288,68.7559,236
313,424.5297,100189,243.4625,587,240.79,45.619,68.2641,236
314,423.3755,100340,241.15,585,239.05,45.4733,68.3356,237
315,422.8067,100628,240.5125,610,238.13,45.3974,68.8413,238
316,425.1477,100760,242.7375,576,238.32,45.3473,68.6569,237
317,425.7773,101335,243.4,588,242.56,45.2175,68.6811,238
318,421.2983,100269,242.8,561,240.15,45.4549,68.2813,238
319,423.6667,100409,244.4125,555,241.54,45.4096,68.7069,237
320,418.346,99148,243.6125,601,240.71,45.3881,68.5529,237
321,416.112,100283,244.95,583,242.18,45.3189,68.4903,241
322,415.6456,98508,242.65,582,239.36,45.2637,68.4313,237
323,416.3475,98258,240.45,567,241.26,45.2511,68.3615,236
324,415.0254,97946,240.7,589,238.87,45.3741,68.2224,236
325,416.5508,98306,242.95,585,239.23,45.4836,68.7404,236
326,420.9322,99340,241.0875,627,238.22,45.37,68.4414,236
327,422.6709,100173,243.25,580,240.27,45.3329,68.7453,237
328,422.1695,99632,241.4625,573,236.58,45.5421,68.7963,236
329,420.4025,99215,242.8,592,239.1,45.3785,68.6912,236
330,412.5443,97773,243.1375,535,240.83,45.596,68.5868,237
331,417.0625,100095,241.975,580,238.91,45.1198,68.7237,240
332,418.6092,99629,240.05,586,239.81,45.2859,68.4353,238
333,422.2966,99662,244.5875,560,241.02,45.2385,68.5504,236
334,421.8059,99968,241.8125,584,241.04,45.2902,68.3313,237
335,420.4118,100058,245.0625,574,241.02,45.3537,68.7156,238
336,420.4538,100068,239.1625,583,238.09,45.3613,69.0665,238
337,416.211,98642,239.0375,594,236.72,45.2808,68.5789,237
338,414.6488,100345,237.825,605,236.74,45.1787,68.261,242
339,413.9747,98112,242.0875,584,237.8,45.1815,68.5416,237
340,413.6134,98440,240.3625,579,240.64,45.3189,68.6342,238
341,411.1046,98254,239.5,570,238.17,45.3028,68.5987,239
342,415.6992,98105,242.2,574,240.63,45.1378,68.7534,236
343,414.9831,97936,242.325,567,240.5,45.1086,68.1993,236
344,413.9456,98933,237.275,569,237.25,45.2895,68.6721,239
345,417.8193,99441,243.675,586,240.72,45.0104,68.3103,238
346,414.7143,98702,241.775,559,238.2,45.2884,68.5504,238
347,416.025,99846,241.5125,554,237.66,45.4816,68.6668,240
348,413.8866,98505,242.775,595,241.91,45.3405,68.5499,238
349,412.1423,98502,239.175,569,238.83,45.3677,68.5074,239
350,412.789,97831,239.6125,580,236.75,45.2938,68.5629,237
351,408.7415,96463,241.1,585,238.81,45.3084,68.4733,236
352,415.1181,98383,245,566,240.44,45.3053,68.4679,237
353,416.0083,99842,239.6,578,238.22,45.3646,67.9987,240
354,415.3093,98013,242.525,568,238.64,45.1228,68.3452,236
355,415.563,98904,238.6625,560,234.67,45.0975,68.5175,238
356,419.9283,99523,240.5625,570,238.35,45.228,68.7015,237
357,419.2034,98932,241.9625,585,239.45,45.1394,68.7209,236
358,420.789,99727,242.725,553,236.82,45.0876,68.341,237
359,419.8577,100346,243.775,576,238.64,45.1525,68.5516,239
360,417.7924,98599,241.5,559,238.24,45.1525,68.064,236
361,419.9156,99520,242.5,571,240.11,45.1481,68.4665,237
362,415.3586,98440,241.6875,571,239.38,45.1248,68.2308,237
363,413.2754,97533,245.2625,548,240.47,45.0408,67.9872,236
364,414.4191,99875,242.6,597,237.22,44.8835,68.4742,241
365,414.5254,97828,241.1375,553,241.16,44.8618,68.3824,236
366,413.2278,97935,240.1875,572,237.78,44.8159,68.2661,237
367,411.4153,97094,239.325,560,238.4,44.84,68.1363,236
368,410.7185,97751,243.025,567,240.3,44.7647,67.7135,238
369,408.8755,98539,241.5625,579,239.13,44.6567,67.4768,241
370,407.916,97084,238.725,540,238.57,44.6154,67.9569,238
371,408.4873,96403,240.2625,565,236.3,44.677,67.8194,236
372,407.0169,96463,239.7625,555,238.36,44.6587,68.0047,237
373,403.0669,96333,240.3,567,239.88,44.8064,68.0319,239
374,399.3693,96248,239.625,580,237.83,44.6891,68.0397,241
375,402.4051,95370,239.7875,556,234.89,44.7103,67.571,237
376,399.827,94759,240.025,526,236.79,44.7753,67.7862,237
377,395.1743,95237,243.3,553,237.23,44.7915,67.8738,241
378,397.1405,96108,236.4,555,235.02,44.7693,67.7688,242
379,396.2827,93919,239.3125,540,238.23,44.6102,67.7092,237
380,394.7689,93955,238.1625,539,235.9,44.7197,67.8177,238
381,396.2034,93504,241.125,547,238.88,44.8202,67.6596,236
382,396.3729,93544,239.375,544,236.46,44.6375,67.4911,236
383,393.7269,93707,242.4125,546,237.36,44.8554,67.8781,238
384,394.6515,95111,235.825,528,236.2,44.7916,67.8927,241
385,397.8263,93887,241.0375,540,238.44,44.718,68.1878,236
386,395.5378,94138,238.9,534,236.61,44.7171,68.0332,238
387,395.2839,93287,240.8,519,238.47,44.5913,68.0916,236
388,395.1092,94036,239.4125,542,237.96,44.4125,68.1233,238
389,396.661,93612,239.2,563,236.08,44.5187,68.0087,236
390,399.1483,94199,240.1375,539,236.69,44.5967,68.0074,236
391,398.0042,93929,239.375,538,237.98,44.602,68.1741,236
392,396.4748,94361,236.95,543,234.98,44.7106,68.132,238
393,399.4831,94278,240,547,238.18,44.6313,68.2849,236
394,397.6398,93843,239.15,542,239.85,44.4897,68.2554,236
395,398.7731,94908,239.4625,543,237.22,44.5119,68.1741,238
396,399.2574,94624,243.2125,562,240.06,44.5909,68.4274,237
397,396.7119,93624,241.8,552,237.84,44.3766,68.2181,236
398,399.8697,95169,240.75,540,235.94,44.6324,67.9307,238
399,394.7562,95531,239.1625,515,237.15,44.4549,68.2889,242
400,399.346,94645,239.8625,591,238.99,44.4732,68.2562,237
401,403.1864,95152,241.7875,571,238.77,44.2003,68.1358,236
402,403.1181,95539,241.6875,549,239.16,44.3063,68.0616,237
403,403.4268,96419,236.9,567,236.63,44.0958,68.3473,239
404,404.0717,95765,241.7125,552,239.29,44.1038,68.1746,237
405,403.9578,95738,240.5625,580,236.03,44.1572,68.3366,237
406,404.3361,97445,239.675,577,237.24,44.056,68.0811,241
407,401.3517,94719,240.725,578,238.23,43.9021,67.785,236
408,401.7899,95626,242.625,538,237.91,44.2382,68.0307,238
409,401.1134,95465,239.425,557,237.3,44.2712,68.3828,238
410,400.7076,94567,240.8375,548,236.99,44.2709,68.6279,236
411,398.5455,96448,240.1125,543,233.49,43.9306,67.9779,242
412,401.0169,95041,240.2125,545,239.04,44.192,68.1577,237
413,400.0975,94423,239.2625,589,237.61,43.9881,67.9703,236
414,404.1017,95368,237.7375,586,234.22,44.0298,68.0893,236
415,399.5833,95900,239.425,547,236.63,44.0627,67.7234,240
416,401.1013,95061,237.1625,618,234.37,43.8511,67.9421,237
417,400.0294,95207,241.0375,549,239.31,43.7458,67.9253,238
418,404.5975,95485,241.4375,551,235.87,43.6648,68.1258,236
419,404.1458,96995,236.6375,571,233.06,43.864,68.1522,240
420,401.519,95160,238.8125,574,234.88,43.8118,67.9373,237
421,401.7479,95616,241.8875,553,238.3,43.4842,68.3047,238
422,404.0581,97378,237.3875,570,236.72,43.6898,68.3478,241
423,401.7161,94805,239.0375,554,238.52,43.4215,68.4476,236
424,402.6695,95030,243.525,546,237.47,43.548,68.1481,236
425,405.4153,95678,243.5,570,238.5,43.3487,68.2279,236
426,398.678,94088,238.4125,560,237.4,43.2237,68.1374,236
427,398.8819,94535,239,541,235.2,43.4836,68.1661,237
428,394.6653,94325,236.2,537,233.71,43.4566,67.9927,239
429,393.3432,92829,240.075,530,238.71,43.2717,68.1661,236
430,396.4703,93567,238.375,573,238.31,43.2532,68.23,236
431,397.692,94253,242.3625,548,238.02,43.1215,68.0224,237
432,396.0249,95442,240.9125,565,236.8,43.0134,67.9849,241
433,397.9118,94703,242.9625,553,236.79,43.1014,68.0608,238
434,401.0633,95052,238.175,546,236.75,43.1996,67.8118,237
435,403.624,97677,245,548,240.02,42.8958,67.9071,242
436,409.9195,96741,239.9,566,235.76,43.0788,67.9793,236
437,407.4051,96555,241.3875,556,238.99,42.9154,68.4335,237
438,412.9534,97457,238.15,585,234.13,43.005,68.2008,236
439,412.1695,97272,239.4875,562,236.23,43.0921,68.3728,236
440,409.4874,97458,240.0375,596,234.25,42.8608,68.4639,238
441,411.7426,97583,242.85,591,238.07,42.9302,68.1915,237
442,413.7881,97654,242.825,575,239.05,42.7645,68.186,236
443,416.3305,98254,242.4875,582,235.34,43.0325,68.6313,236
444,417.3924,98922,240.2,624,235.07,42.7617,68.242,237
445,411.6904,98394,240.875,587,235.1,42.8023,68.1444,239
446,411.9578,97634,242.8375,571,241.21,42.8567,68.2438,237
447,411.0424,97006,240.2375,576,238.15,42.5931,68.3929,236
448,410.9205,98210,237.975,580,233.69,42.7285,68.185,239
449,410.2288,96814,241.9375,578,237.85,42.7936,68.5174,236
450,409.1261,97372,240.5875,562,237.06,42.6638,68.5636,238
451,411.3195,99128,245.9875,584,242.41,42.6788,68.4416,241
452,407.4557,96567,239.1,580,235.25,42.6443,68.1952,237
453,406.9706,96859,242.825,557,236.7,42.807,68.2755,238
454,404.175,97002,240.1,594,235.77,42.7648,68.2181,240
455,403.5397,96446,241.2,594,237.65,42.5054,67.8749,239
456,403.8571,96118,241.075,566,237.19,42.4669,68.3912,238
457,406.4619,95925,246.0625,585,238.65,42.5895,68.3939,236
458,406.8042,97633,240.325,568,235.9,42.5216,68.321,240
459,409.7143,97512,237.825,567,235.99,42.3031,68.495,238
460,405.9241,96204,241.6,548,236.23,42.2786,68.4534,237
461,408.1949,96334,238.2125,556,232.53,42.4744,68.5991,236
462,402.8051,95062,238.15,569,236.8,42.3313,68.582,236
463,408.7119,96456,242.4875,579,233.23,42.401,68.4562,236
464,408.6245,96844,241.9,562,233.99,42.1351,68.1526,237
465,414.4025,97799,240.7375,591,236.6,42.1842,68.3435,236
466,419.3138,100216,238.7125,594,234.71,42.1249,68.3437,239
467,421.025,101046,242.2,589,234.34,42.1689,68.5838,240
468,425.1765,101192,240.55,572,235.43,41.9523,68.2857,238
469,427.0377,102062,239.3125,592,233.95,42.0161,68.0865,239
470,431.5781,102284,244.4625,592,239.17,42.0855,68.1061,237
471,433.916,103272,240.5875,599,234.2,42.4828,68.6258,238
472,435.9538,103757,241.5,596,235.66,42.6025,67.9395,238
473,430.0466,101491,240.1625,574,234.62,42.3673,68.1902,236
474,437.887,104655,240.325,592,237.66,42.4004,68.5112,239
475,439.8983,103816,240.05,622,239.17,42.201,68.111,236
476,445.443,105570,238.475,624,235.51,42.3064,68.3042,237
477,446.8739,106356,243.0375,627,235.45,42.3315,68.2556,238
478,449.4641,106523,245.4875,609,237.02,42.0893,68.0572,237
479,442.2815,105263,242.2875,590,239.15,42.0044,68.2942,238
480,442.9286,105417,239.95,636,237.94,42.2692,68.4243,238
481,438.9198,104024,242.625,606,235.29,42.1704,68.4485,237
482,442.2785,104820,241.9375,610,236.95,41.9611,68.6297,237
483,435.6888,105001,245.0125,631,236.45,42.2467,68.6711,241
484,441.2375,105897,243.9125,619,236.59,42.0146,68.3714,240
485,445.5316,105591,241.2125,608,237.89,41.9141,68.4043,237
486,443.2941,105504,245.0625,630,238.2,41.8521,68.8903,238
487,443.1814,105034,241.3,623,236.1,41.9636,68.7057,237
488,439.9295,106023,242.1625,607,234.95,41.9003,68.498,241
489,432.916,103034,242.3,615,234.99,41.8304,68.2519,238
490,434.3109,103366,240.9625,615,237.65,41.9072,68.7919,238
491,430.8963,103846,239.425,591,233.62,41.7942,68.5501,241
492,428.5636,101141,236.4875,583,238.47,41.8367,68.5923,236
493,422.9873,99825,239.175,583,234.87,41.7683,68.4379,236
494,422.7797,99776,244.5375,569,235.37,41.8747,68.4121,236
495,418.6527,100058,239.45,604,235.59,41.743,68.1335,239
496,419.0254,98890,237.35,603,231.97,41.7134,68.3313,236
497,420.4515,99647,238.1625,593,234.12,41.6952,68.2874,237
498,422.2574,100075,242.4625,591,234.27,41.8152,68.0944,237
499,425.2754,100365,239.4375,611,235.83,41.8785,68.3974,236
500,423.9576,100054,238.875,582,236.94,41.81,68.3153,236
501,423.7089,100419,241,574,237.47,41.7338,68.3492,237
502,422.2911,100083,242.625,596,233.92,41.4638,68.224,237
503,426.1013,100986,240.225,585,234.89,41.7596,68.493,237
504,423.75,100005,240.65,560,235.93,41.7797,68.1267,236
505,421.8093,99547,239.225,587,238.32,41.583,68.1359,236
506,417.4407,98516,240.5,578,236.94,41.5148,68.2404,236
507,418.1229,98677,241.8,573,235.42,41.6163,67.9824,236
508,413.4407,97572,240.2375,582,235.58,41.6481,68.1569,236
509,417.5439,99793,245.3125,590,236.15,41.6499,68.2741,239
510,417.9195,98629,240.375,603,237.56,41.6202,67.5631,236
511,413.8602,97671,240.45,576,234.45,41.5737,67.1994,236
512,413.1059,97493,241.775,570,233.17,41.2941,67.5093,236
513,414.7173,98288,239.6875,568,233,41.4105,67.6583,237
514,415.5781,98492,241.6875,599,234.14,41.4652,67.5231,237
515,413.7342,98055,241.9625,591,237.38,41.4117,67.8623,237
516,415.7227,98942,239.75,573,235.55,41.3599,67.7403,238
517,414.2405,98175,240,562,234.34,41.6023,67.7307,237
518,420.7773,100145,242.6875,569,235.58,41.4993,67.4568,238
519,418.5612,99199,242.325,579,235.57,41.4129,67.5226,237
520,422.0126,100439,243.9625,576,237,41.431,67.4741,238
521,427.6008,101769,243.8625,577,237.41,41.5306,67.8426,238
522,426.3361,101468,244.325,576,236.95,41.4504,67.5308,238
523,436.322,102972,248.9625,600,239.82,41.6475,67.595,236
524,433.8908,103266,245.1125,592,236.25,41.7988,67.8111,238
525,438.9703,103597,246.575,585,236.55,41.5729,68.2368,236
526,437.5,103250,245.9,630,236.48,41.6041,67.9368,236
527,437.569,104579,247.1625,566,239.56,41.5717,68.3021,239
528,438.097,103829,244.8875,600,235.47,41.773,68.2879,237
529,441.2479,105017,247.1375,639,237.07,41.5286,67.9322,238
530,439.3207,104119,247.4625,600,234.03,41.2908,67.6379,237
531,441.5672,105093,250.9625,626,236.84,41.7248,68.037,238
532,447.2218,106886,246.275,619,236.58,41.7232,68.0098,239
533,444.0378,105681,246.1125,625,238.95,41.3019,68.5459,238
534,437.7593,105500,245.975,593,236.36,41.3451,67.8808,241
535,439.7754,103787,251.8125,588,237.32,41.4591,68.2409,236
536,436.4958,103013,248.15,581,239.9,41.5951,68.3801,236
537,438.7089,103974,247.4625,614,236.49,41.557,68.1889,237
538,439.4017,105017,246.6875,616,237.02,41.3149,68.4351,239
539,444.7754,104967,255.75,627,236.42,41.7178,68.0021,236
540,443.3051,104620,249.7625,604,236.49,41.2773,67.9137,236
541,437.4576,103240,253.625,584,238.44,41.4201,68.2403,236
542,436.6907,103059,252.2375,584,237.61,41.4513,68.4265,236
543,439.0042,103605,251.525,625,238.06,41.4687,67.9291,236
544,441.3347,104155,251.4125,604,242.01,41.2585,67.9631,236
545,437.6229,103279,247.0625,593,235.76,41.3207,67.9161,236
546,438.1519,103842,249.0125,603,238.43,41.281,67.8521,237
547,433.6118,102766,243.725,630,237.03,41.2075,68.0715,237
548,430.6203,102057,248.675,589,237.43,41.166,68.1497,237
549,428.8487,102066,249.3375,589,241.65,41.1651,68.0463,238
550,430.7468,102087,245.275,584,232.41,41.1789,67.8278,237
551,429.6356,101394,242.4,594,236.27,41.288,67.8537,236
552,429.1992,101291,246.2125,596,237.06,41.1344,68.1725,236
553,428.4237,101108,246.9125,581,237.35,41.1248,68.0517,236
554,430.9664,102570,248.7,593,234.18,41.1285,67.6977,238
555,430.822,101674,246.7875,566,235.45,41.2451,67.5302,236
556,433.9407,102410,249.0125,604,234.46,41.0168,67.4963,236
557,427.4177,101298,247.9,572,234.75,40.9995,67.4752,237
558,430.1975,102387,250.625,575,236.51,41.0499,67.536,238
559,428.2594,102354,246.225,565,237.33,41.4873,67.649,239
560,428.0678,101024,244.7,624,233.62,41.3227,67.8672,236
561,424.9661,100292,244.6875,571,236.09,41.256,67.5744,236
562,426.1356,100568,244.875,580,236.72,41.0086,67.5498,236
563,429.3165,101748,247.175,582,236.37,41.2554,67.6368,237
564,429.4034,102198,244.6,604,236.08,41.0561,67.7046,238
565,429.1483,101279,246.075,585,234.96,41.0746,67.4992,236
566,430.2667,103264,245.175,588,234.46,41.1641,67.8521,240
567,431.2311,102633,244.25,598,236.54,41.2687,67.9146,238
568,428.3771,101097,243.75,617,234.21,41.2249,67.8429,236
569,427.1864,100816,244.2375,567,234.64,41.2846,67.998,236
570,426.8403,101588,245.9375,578,240.52,41.2311,67.8131,238
571,425.35,102084,244.1875,570,236.57,41.3252,67.7673,240
572,430.8983,101692,246.8375,569,235.92,41.2605,67.7851,236
573,428.7712,101190,242.1375,611,233.64,41.1852,68.0274,236
574,432.8529,103019,247.9375,584,231.79,41.2897,67.955,238
575,440.5316,104406,250.25,608,236.08,41.2734,67.9818,237
576,444.5798,105810,245.625,619,236.83,41.1985,68.0599,238
577,451.308,106960,245.1875,627,235.35,41.1196,68.328,237
578,456.1983,108119,243.6375,616,233.24,41.2123,68.2462,237
579,453.2246,106961,250.1625,625,235.82,41.2457,68.3501,236
580,458.9328,109226,251.25,641,233.64,41.128,68.1116,238
581,462.8686,109237,250.0125,626,233.6,41.2705,68.4398,236
582,463.8494,110860,250.5875,641,234.83,41.1663,68.5446,239
583,459.6092,109387,245.9375,631,236.58,41.1641,68.1925,238
584,463.1603,109769,248.175,634,234.15,41.0997,68.0867,237
585,459.1229,108353,247.425,616,236.6,41.077,68.5271,236
586,458.6822,108249,246.025,638,236.7,41.1402,68.5785,236
587,457.2269,108820,244.7875,627,235.78,41.0827,68.4549,238
588,460.3125,110475,244.5625,637,236.61,41.1261,68.7804,240
589,461.1381,110212,243.95,602,235.69,41.0596,68.6395,239
590,464.6864,109666,245.1375,641,234.98,41.0245,68.8392,236
591,464.6356,109654,244.7,610,233.12,41.1771,68.3605,236
592,461.2437,109776,246.3,612,236.11,40.918,68.8111,238
593,461.5381,108923,245.65,639,236.55,41.1724,68.811,236
594,456.8432,107815,245.575,611,236.25,41.0983,68.7437,236
595,459.0462,109253,240.5125,636,233.59,41.166,68.3862,238
596,456.3992,108623,249.3125,621,235.23,41.213,68.9252,238
597,455.7395,108466,243.45,630,234.4,41.1936,68.6074,238
598,461.3729,108884,244.875,629,236.34,41.1341,68.7458,236
599,465.3755,110294,247.2,636,235.57,40.8549,68.4778,237
600,463.9534,109493,247.95,616,236.59,41.1067,68.6616,236
601,468.6864,110610,243.675,637,238.49,41.0011,68.7908,236
602,472.5254,111516,244.075,676,233.6,41.0966,68.5866,236
603,469.9958,110919,247.2125,636,237.79,41.132,69.0311,236
604,472.4852,111979,241.75,663,233.55,41.0905,68.5099,237
605,472.161,111430,247.2375,636,238.57,41.2451,68.8048,236
606,473.1857,112145,245.1625,661,234.97,41.1887,68.6593,237
607,479.5169,113166,250.525,685,238.3,41.2516,68.3832,236
608,480.346,113842,248.9625,677,235.28,41.2368,68.5808,237
609,491.3966,116461,252.2625,689,238.5,41.3385,68.6458,237
610,498.089,117549,250.325,681,233.69,41.2535,68.7502,236
611,506.9244,120648,251.4875,708,234.69,41.5088,68.8047,238
612,508.6907,120051,247.8625,694,235.5,41.4153,68.8657,236
613,508.0502,121424,252.25,704,236.8,41.3267,68.8762,239
614,509.1181,120661,250.4875,728,237.26,41.4607,68.8197,237
615,510.3941,120453,249.2,689,234.33,41.2349,69.1031,236
616,510.7797,120544,248.075,683,236.87,41.3868,68.9796,236
617,512.4895,121460,252.9625,712,235.34,41.1818,68.7791,237
618,504.8565,119651,246.7875,681,233.94,41.0569,68.9453,237
619,497.9748,118518,246.1,689,237.1,41.0574,69.0088,238
620,498.2966,117598,248.9125,690,234.98,40.9875,69.0972,236
621,491.8819,116576,245.6125,688,236.62,40.6778,69.1021,237
622,489.9915,115638,247.3875,695,235.34,40.5024,69.3794,236
623,487.0844,115439,248.8625,684,236.72,40.4901,69.1858,237
624,480.3682,114808,245.7875,691,236.44,40.2065,68.9887,239
625,478.928,113027,245.55,664,235.27,40.3186,69.414,236
626,476.903,113026,245.525,664,235.42,39.6253,69.4891,237
627,474.1186,111892,241.525,646,232.24,39.5595,69.1799,236
628,471.4726,111739,242.2125,641,234.31,39.1191,69.0282,237
629,467.3165,110754,242.375,655,235.65,38.7344,69.2281,237
630,469.25,110743,240.7875,669,232.61,38.3562,69.1317,236
631,470.4328,111963,246.9,661,234.2,37.9902,69.2668,238
632,476.0295,112819,244.825,706,233.44,38.293,69.199,237
633,475.9623,113755,239.1125,672,236.36,38.2617,69.1898,239
634,481.2025,114045,244.7625,680,236.92,38.3977,69.1202,237
635,481.384,114088,244.45,652,233.6,38.3678,69.3386,237
636,484.2321,114763,245.675,657,237.4,38.4852,69.194,237
637,488.2678,116696,242.5875,696,237.44,38.4465,69.3728,239
638,491.5,115994,247.6,734,235.44,38.6409,69.724,236
639,490.6653,115797,243.625,714,235.62,38.7146,69.5976,236
640,493.8734,117048,242.4875,664,233.45,38.7812,69.3824,237
641,490.4746,115752,244.7875,697,235.28,38.9039,69.3275,236
642,491.084,116878,242.6125,666,233.38,39.0232,69.5521,238
643,499.9831,118496,243.8875,706,235.16,39.0603,69.6194,237
644,503.2203,118760,243.9125,685,235.55,39.2735,69.8895,236
645,508.6667,120554,243.95,731,237.26,39.2693,69.664,237
646,510.1441,120394,242.95,688,234.56,39.2943,69.5318,236
647,514.0169,121822,247.2875,724,238.32,39.1567,69.439,237
648,513.7017,122261,246.625,753,237.53,39.2586,69.3032,238
649,515.1695,121580,248.7125,709,234.84,39.3724,69.5291,236
650,513.7881,121254,246.275,716,239.01,39.1723,69.8573,236
651,507.0295,120166,247.775,686,237.31,39.1813,69.5344,237
652,507.8945,120371,245.4125,687,235.95,39.1758,69.6793,237
653,505.5636,119313,243.8375,709,235.79,39.1334,69.5856,236
654,501.6878,118900,245.9875,692,235.89,39.1139,69.6677,237
655,504.0415,121474,246.975,709,236.45,39.2063,69.3702,241
656,507.2363,120215,250.1,706,237.24,39.2223,69.6565,237
657,508.0636,119903,246.1125,714,235.14,39.2314,69.6732,236
658,510.272,121955,243.325,705,238.19,39.2609,69.5987,239
659,514.9492,121528,244.0125,739,234.71,39.4045,69.528,236
660,520.7839,122905,248.2375,752,239.16,39.2347,69.5333,236
661,520.616,123386,247.575,704,238.25,39.2817,69.7152,237
662,518.6525,122402,246.0375,724,238.95,39.0562,69.5165,236
663,515.0966,122593,244.1375,735,233.77,39.2739,69.5063,238
664,506.7637,120103,243.5125,711,236.07,38.947,69.7042,237
665,501.0253,118743,243.2625,697,238.31,39.0293,69.6464,237
666,501.8819,118946,243.2,716,235.13,39.0607,69.2748,237
667,506.5847,119554,246.1875,711,237.66,39.1359,69.6245,236
668,506.8908,120640,244.525,704,237.25,39.2707,69.2051,238
669,512.7637,121525,245.8125,738,238.17,39.3289,69.274,237
670,517.7712,122194,249.5,755,236.91,39.407,69.6989,236
671,527.2415,124429,248.9875,721,236.82,39.8094,69.3685,236
672,524.3866,124804,250.7625,722,237.76,40.1409,69.7003,238
673,526.6102,124280,246.6625,738,236.06,40.4836,69.346,236
674,525.7585,124079,246.5375,719,237.52,40.6606,69.7012,236
675,525.5316,124551,246.6875,730,238,40.7912,69.6491,237
676,524.0506,124200,245.2875,724,240.41,41.179,69.4218,237
677,523.728,125171,248.4,736,238.78,41.3154,69.7517,239
678,521.5654,123611,246.2125,747,236.62,41.3407,69.9138,237
679,520.0084,124282,242.7375,730,237.5,41.497,69.5238,239
680,511.6483,120749,241.1125,699,237.58,41.5955,69.5978,236
681,507.8559,119854,241.95,690,236.45,41.8561,69.5135,236
682,501.3586,118822,243.2875,710,240.64,41.9143,69.6866,237
683,499.8051,117954,242.8125,692,238.2,42.006,69.69,236
684,492.9661,116340,244.2375,709,236.49,42.1661,69.6215,236
685,487.1646,115458,240.65,677,237.18,42.3837,69.6196,237
686,477.9873,113283,243.2375,631,240.76,42.5609,69.5747,237
687,472.7637,112045,239.3,669,236.56,42.5008,69.6683,237
688,466.2792,111907,240.4,664,235.42,42.458,69.3874,240
689,468.9492,110672,240.6375,663,239.2,42.8373,69.357,236
690,464.8432,109703,240.6,657,237.28,42.9954,69.5596,236
691,457.7881,108038,236.8375,627,232.17,42.7901,69.4275,236
692,454.7415,107319,240.225,621,239.35,43.2082,69.3291,236
693,447.2076,105541,240.0125,644,238.04,43.0283,69.3768,236
694,442.1814,104797,236.15,585,236.34,43.1483,68.9297,237
695,440.4641,104390,238.575,624,237.61,43.0819,69.3069,237
696,433.9958,102857,236.6875,579,234.93,43.0835,69.3039,237
697,433.9068,102402,235.5,598,237.13,42.9819,69.1043,236
698,431.4874,102694,241.5125,578,238.26,43.1795,69.1512,238
699,429.9449,101467,235.025,591,234.64,43.1548,69.0853,236
700,426.7975,101151,242.0625,577,235.38,43.1946,68.9063,237
701,426.0042,100537,238.425,579,236.12,43.261,68.6355,236
702,424.175,101802,234.9375,589,233.95,43.096,69.1037,240
703,423.6793,100412,238.075,582,233.14,43.2045,69.1572,237
704,417.2373,98468,238.2875,569,235.38,43.0136,69.2495,236
705,417.958,99474,236.05,558,233.88,43.0606,69.0506,238
706,414.6229,97851,237.5,565,236.38,42.9006,68.9685,236
707,419.8017,99493,234.6375,597,236.86,43.0144,68.9871,237
708,418.678,98808,237.5625,578,234.05,42.911,69.1899,236
709,417.1229,98441,240.4125,569,233.69,42.8079,68.8614,236
710,418.6949,98812,237.975,578,237.54,42.8554,68.8679,236
711,417.9916,99064,237.7125,598,237.32,42.7708,68.8662,237
712,414.3814,97794,238.1375,570,234.05,42.9589,69.0419,236
713,414.8945,98330,238.075,579,234.36,43.1297,69.1511,237
714,414.6975,98698,240.65,586,238.87,43.0321,68.8155,238
715,411.8475,97196,235.4625,539,234.62,43.066,69.1151,236
716,411.7458,97172,238.9875,578,235.93,42.8628,68.704,236
717,415.8856,98149,235.075,544,235.21,42.8808,68.6682,236
718,414.9623,99176,234.9375,554,237.27,42.8698,68.9608,239
719,416.2773,99074,239.2375,563,235.63,43.0529,68.847,238
720,413.2708,99185,235.7625,581,236.52,42.928,68.6603,240
721,412.173,97685,238.5875,530,235.4,43.0636,68.8243,237
722,412.9958,98293,234.9875,558,237.13,42.919,68.684,238
723,405.7344,97782,238.7,544,239.16,43.1836,68.8398,241
724,407.3559,96136,237.2875,566,237.09,43.1971,68.7184,236
725,404.1013,95772,237.25,562,235.6,43.2684,68.7325,237
726,403.0464,95522,238.0625,564,237.21,43.3228,69.0105,237
727,397.9831,93924,239.3875,545,235.61,43.316,68.7404,236
728,398.2647,94787,237.4875,537,237.02,43.6548,68.6385,238
729,397.9449,93915,238.6,532,234.18,43.5391,68.9051,236
730,395.4473,93721,235.675,550,235.56,43.3019,68.5613,237
731,395.3038,93687,236.3125,527,233.09,43.2408,68.6514,237
732,395.479,94124,237.35,531,236.99,43.498,68.6665,238
733,397.7395,94662,235.2125,565,233.02,43.4663,68.606,238
734,394.5508,93114,235.0125,568,234.03,43.5064,68.954,236
735,396.9409,94075,238.975,540,235.36,43.4688,68.914,237
736,398.7417,95698,240.0625,559,238.88,43.626,68.6723,240
737,397.4788,93805,234.85,539,233.4,43.7905,68.6686,236
738,400.65,96156,235.9,554,234.32,43.7032,68.8839,240
739,399.8619,95567,238.05,558,237.09,43.8969,68.7496,239
740,401.572,94771,236.2375,561,234.03,43.9508,68.7888,236
741,400.4873,94515,234.0875,571,236.29,43.9404,69.1877,236
742,405.072,95597,236.7,562,238.52,44.0873,68.67,236
743,406.0169,95820,237.125,536,236.1,44.0472,68.7733,236
744,400.8667,96208,234.725,535,234.33,43.8785,68.6399,240
745,397.6611,95041,233.9875,573,236.74,44.0894,68.7612,239
746,399.569,95497,236.9125,574,236.73,44.0355,68.549,239
747,400.0042,95601,234.5625,552,237.71,44.1148,68.5472,239
748,399.0083,95762,233.925,567,234.13,44.2596,68.8809,240
749,400.8432,94599,237.375,541,237.06,44.3113,69.0873,236
750,395.1681,94050,239.525,536,236.78,44.3042,68.5488,238
751,397.3856,93783,232.7625,544,231.33,44.4506,68.6188,236
752,394.7542,93162,233.375,532,234.31,44.2192,69.1708,236
753,396.5339,93582,235.9125,554,234.58,44.6169,69.019,236
754,390.7899,93008,236.2375,536,236.21,44.5716,68.9514,238
755,393.7542,92926,234.6125,562,233.97,44.4005,68.9355,236
756,395.4454,94116,233.5125,548,234.23,44.2137,69.0269,238
757,394.8093,93175,236,569,235.79,44.6793,68.7729,236
758,397.9244,94706,234.25,522,231.78,44.3164,69.0364,238
759,395.0798,94029,237.9375,527,234.64,44.5875,69.2513,238
760,398.0805,93947,234.95,530,233.46,44.4531,69.3251,236
761,397.5805,93829,237.3375,541,234.34,44.457,69.3164,236
762,394.0844,93398,235.5875,536,233.42,44.3131,69.1454,237
763,396.9789,94084,235.9125,521,235.56,44.3797,68.7425,237
764,396.7076,93623,235.0875,540,234.14,44.3716,68.9428,236
765,394.4644,94277,237.1375,530,234.42,44.37,68.9415,239
766,394.8866,93983,237.4125,516,235.3,44.3626,69.0886,238
767,397.6875,95445,235.925,529,236.71,44.2943,69.0182,240
768,397.2542,93752,232.725,549,230.64,44.4597,69.0876,236
769,397.9292,95503,236.3625,556,235.03,44.2176,68.9957,240
770,399.2241,96213,235.925,561,236.32,44.4314,68.98,241
771,401.1715,95880,233.45,534,235.75,44.3881,68.9888,239
772,407.9703,96281,235.5375,545,235.28,43.7941,69.1569,236
773,402.6833,96644,240.2625,576,235.84,43.9528,68.9321,240
774,409.0669,97767,239.625,551,234.51,43.8813,68.8008,239
775,408.1083,97946,238.675,541,234.9,43.7351,68.9801,240
776,410.6092,97725,235.3625,558,235.15,43.7367,68.7305,238
777,410.322,96836,235.5125,556,232.69,43.5169,68.5861,236
778,412.4768,97757,239.175,577,237.27,43.499,68.7449,237
779,414.1266,98148,234.9125,555,232.17,43.2512,69.0299,237
780,419.9458,100787,235.0625,551,232.96,43.33,69.0299,240
781,425.135,100757,236.975,571,234.83,43.2033,68.736,237
782,425.4059,101672,235.6625,573,233.62,42.9706,68.6996,239
783,425.5339,100426,237.6625,609,234.19,43.2931,68.7659,236
784,424.2321,100543,238.425,600,236.23,43.0868,69.0216,237
785,420.589,99259,238.4375,549,235.26,43.2823,68.7859,236
786,423.5907,100391,238.175,575,232.9,43.3516,68.8101,237
787,423.308,100324,238.8625,551,235.19,43.3376,68.87,237
788,420.8856,99329,239.3625,571,236.52,43.3556,68.9699,236
789,423.2924,99897,239.1,594,234.66,43.5918,68.8002,236
790,417.7017,99413,238.775,577,233.74,43.3422,69.0155,238
791,419.7797,99068,237.3875,580,235.85,43.5289,68.9677,236
792,414.7966,97892,233.8,541,232.94,43.4385,68.8367,236
793,414.9407,97926,237.3,571,237.23,43.5025,68.9375,236
794,413.6456,98034,237.5625,573,233.36,43.7303,69.109,237
795,408.2583,97982,234.55,538,231.98,43.5276,68.7567,240
796,406.4492,95922,236.95,551,233.02,43.4328,68.4353,236
797,407.3924,96552,234.625,558,232,43.6773,68.9141,237
798,407.7992,97464,238.925,531,235.34,43.6044,68.4548,239
799,405.178,95622,232.6,559,231.37,43.6134,68.6617,236
800,406.4622,96738,235.8875,542,232.96,43.8549,68.5433,238
801,403.4515,95618,235.925,548,234.52,44.0356,68.3697,237
802,406.458,96737,237.8625,533,238.2,44.2579,68.6563,238
803,403.0254,95114,237.4,540,236.23,44.1466,69.1816,236
804,406.3051,95888,234.3,545,235.06,44.1305,68.702,236
805,404.5934,97507,235.6125,571,234.46,44.0475,68.8326,241
806,404.8125,97155,235.9375,579,232.54,44.1366,68.3592,240
807,405.8703,97003,235.4,530,234.95,44.0171,68.3717,239
808,411.1088,98255,234.325,571,233.23,43.958,68.3006,239
809,420.0805,99139,237.9375,584,234.85,43.9682,68.8094,236
810,422.9072,100229,235.3375,566,231.33,44.2867,68.6578,237
811,421.8109,100391,235.875,581,234.73,43.9817,68.8178,238
812,423.4622,100784,237.8,572,237.14,44.2608,68.4075,238
813,423.6737,99987,234.575,568,233.19,44.1588,68.672,236
814,424,100488,237.15,590,235.36,43.7728,68.3694,237
815,429.0544,102544,236.6,624,232.52,43.2186,68.6137,239
816,432.3347,102031,236.2125,583,233.08,41.8473,68.5105,236
817,439.0168,104486,236.55,590,228.32,40.7149,68.5673,238
818,439.0506,104055,240.8875,627,230.49,40.2619,68.2122,237
819,446.9198,105920,241.45,610,234.47,40.172,68.1841,237
820,448.5685,108105,241.1875,618,231.18,39.9254,68.6765,241
821,449.9619,106191,240.9875,627,233.36,39.7211,68.4419,236
822,450.0084,107102,240.6875,644,233.69,39.4929,68.6049,238
823,448.1441,105762,238.8625,609,230.91,39.807,68.6196,236
824,445.2574,105526,239.5625,633,233.23,39.6104,68.4667,237
825,439.6695,103762,238.1875,611,232.12,39.7229,68.9059,236
826,435.8432,102859,238.3125,617,232.13,39.7921,68.6216,236
827,433.4583,104030,240.65,606,229.88,39.9093,68.4205,240
828,433.521,103178,236.775,583,228.97,39.826,68.7041,238
829,431.4262,102248,238.925,568,230.59,39.5636,68.4425,237
830,437.0805,103151,239.45,602,230.78,39.7488,68.0896,236
831,439.9456,105147,239.0625,625,229.9,39.6897,68.433,239
832,447.7353,106561,238.7,620,232.59,39.7795,68.353,238
833,446.2585,105317,237.5125,598,233.88,39.7937,68.358,236
834,448.2785,106242,239.8625,618,227.56,39.7377,68.5438,237
835,447.4706,106498,237.625,638,231.12,40.0819,68.5177,238
836,446.519,105825,243.05,621,233.41,40.2609,68.4623,237
837,445.0252,105916,240.625,625,230.3,40.1087,68.4586,238
838,436.9958,103131,235.325,618,231.98,40.113,68.5185,236
839,434.5,102542,235.3625,592,228.17,40.3403,68.3596,236
840,431.2458,101774,237.35,587,230.02,40.4752,68.3656,236
841,425.7426,100901,234.1,570,232.88,40.2847,68.156,237
842,426.1983,101009,236.875,599,231.88,40.2382,68.3919,237
843,419.095,101421,237.475,606,231.43,40.0773,68.3549,242
844,417.7458,98588,238.85,577,231.27,40.2956,68.4238,236
845,413.3898,97560,238,548,230.63,40.252,68.1866,236
846,412.1992,97279,233.425,564,229.08,40.0207,68.2294,236
847,410.3515,98074,236.4625,563,230.24,40.0896,68.2215,239
848,409.7848,97119,235.475,575,231.96,40.0023,68.1822,237
849,409.0464,96944,236.4625,590,232.87,40.0039,68.1418,237
850,409.411,96621,237.9125,594,229.13,40.042,67.8051,236
851,406.4177,96321,237.4375,599,228.95,39.9496,68.1557,237
852,405.211,96035,238.45,543,228.9,39.9693,67.9626,237
853,406.5732,97171,237.825,553,228.13,39.7829,67.8397,239
854,405.4051,96081,234.6875,550,230.61,39.9238,67.7519,237
855,404.8602,95547,237.85,537,231.02,39.4972,67.4788,236
856,405.6485,96950,237.5,553,228.07,39.476,67.4381,239
857,405.5781,96122,238.7875,542,228.74,39.2084,67.6602,237
858,405.4661,95690,237.825,617,226.96,38.8159,67.7355,236
859,400.8375,96201,236.2875,593,227.44,38.1635,67.8721,240
860,400.5588,95333,236.4,548,225.36,37.0018,67.8038,238
861,399.339,94244,233.3375,569,225.16,35.0603,68.0279,236
862,399.7178,96332,237.35,540,225.45,33.1341,67.6832,241
863,401.7,96408,234.2125,571,224.32,31.5814,67.518,240
864,406.1907,95861,238.5125,547,222.61,30.6325,67.8775,236
865,408.9958,97341,238.475,588,225.91,30.369,67.5958,238
866,408.6583,98078,237.6625,570,224.17,30.1268,67.6781,240
867,410.9328,97802,237.1625,593,223.85,29.9394,68.0895,238
868,414.2669,97767,239.825,583,226.58,29.846,68.079,236
869,409.3389,97832,235.35,561,225.75,29.8132,67.8275,239
870,409.8908,97554,236.85,586,223.35,29.9612,68.0958,238
871,408.3151,97179,238.7,561,225.66,29.8431,68.0915,238
872,408.4979,97631,237.075,587,226.62,29.8996,67.712,239
873,407.2881,96120,235.725,560,226.23,30.0869,68.0723,236
874,405.7042,97369,235.975,556,228.01,30.4706,67.9427,240
875,404.3249,95825,239.6875,583,227.21,30.9334,68.1072,237
876,403.6933,96079,237.425,563,224.88,31.6634,68.421,238
877,406.2552,97095,237.5625,565,228.19,31.6546,68.4438,239
878,404.7595,95928,236.6625,561,226.54,32.1494,68.3181,237
879,403.072,95125,237.4875,559,226.52,32.6645,68.2005,236
880,401.6076,95181,236.25,559,227.99,33.0974,68.1557,237
881,398.9534,94153,236.6125,552,226.97,33.4337,68.3407,236
882,396.5,94367,233.625,549,224.32,33.7272,68.5981,238
883,397.5882,94626,237.8,540,227.71,33.6751,68.4995,238
884,396.9289,94866,236.2125,557,226.5,33.9626,68.1049,239
885,393.3602,92833,236.8,539,225.22,33.9579,68.1716,236
886,395.0335,94413,235.375,539,228.21,34.2799,68.0643,239
887,397.3655,94573,236.0375,545,226.2,34.0842,68.2561,238
888,392.0127,92907,238.375,572,229.53,34.2262,68.1933,237
889,391.113,93476,234.4375,551,224.35,34.2482,68.1302,239
890,390.8025,93011,238.0625,544,226.48,34.399,68.2921,238
891,390.5042,92940,237.725,542,226.58,34.4729,68.0078,238
892,389.8571,92786,236.8125,560,228.48,34.5281,68.1544,238
893,391.2754,92341,235.825,572,224.95,34.9891,68.1193,236
894,389.089,91825,237.575,548,227.8,35.0949,68.415,236
895,385.616,91391,236.0625,538,225.98,35.3442,68.2299,237
896,388.557,92088,236.375,541,227.83,35.4299,68.3938,237
897,386.7034,91262,236.525,521,226.6,35.3715,68.1316,236
898,387.5932,91472,237.325,550,225.45,35.3899,68.2362,236
899,385.895,91843,235.775,511,226.46,35.6779,67.9155,238
900,384.325,92238,233.625,555,226.99,35.2768,68.0478,240
901,385.9916,91866,236.5625,558,226.57,35.5076,68.1323,238
902,392.3729,92600,236.75,554,227.23,35.5492,67.7834,236
903,390.8941,92251,234.8125,524,229.11,35.3381,67.8321,236
904,392.2208,94133,237.4625,530,227.41,35.5714,67.9345,240
905,391.2059,93107,232.725,562,227.89,35.2019,68.0344,238
906,388.9195,91785,235.95,542,226.14,35.3527,67.9825,236
907,390.5714,92956,236.3,572,225.98,35.2366,67.723,238
908,392.9789,93136,235.4875,543,226.51,34.984,68.0242,237
909,388.3682,92820,228.9125,528,226.76,35.3117,68.0903,239
910,387.7754,91515,234.9875,606,225.63,35.3647,67.9012,236
911,383.0085,90390,234.325,526,224.08,35.4689,67.778,236
912,384.9407,90846,235.5,579,225.79,35.3729,67.9201,236
913,384.0837,91796,236.975,565,225.99,35.5057,67.6905,239
914,384.5021,91127,237.1875,529,224.36,35.3821,68.0444,237
915,384.3054,91849,235.9625,519,223.45,35.3268,67.6793,239
916,385.0962,92038,232.7375,553,226.05,35.2471,67.695,239
917,384.0422,91018,233.8375,531,227.33,35.7634,68.2394,237
918,382.308,90607,234.9125,515,226.36,35.5408,67.8033,237
919,383.979,91387,235.825,556,227.55,35.3836,67.6925,238
920,383.8201,91733,237.3125,525,226.82,35.4888,67.5134,239
921,380.5232,90184,235.475,531,226.94,35.3085,67.5761,237
922,380.1513,90476,236.0875,536,228.1,35.3897,67.9019,238
923,380.6186,89826,235.2125,573,224.42,35.6663,68.0369,236
924,376.728,90038,233.4125,513,224.36,35.5432,67.3399,239
925,376.8583,90446,233.3375,504,227.45,35.5193,67.433,240
926,381.1723,90719,235.025,558,227.88,35.478,67.7164,238
927,381.958,90906,233.8875,544,227.74,35.5792,67.6927,238
928,379.6765,90363,234.9875,540,223.78,35.6586,67.1228,238
929,378.7932,89774,234.525,510,227.47,36.165,67.4477,237
930,379.0975,89467,234.5875,518,229.21,37.111,67.5424,236
931,379.865,90028,234.5,555,226.88,37.6525,67.7018,237
932,381.5865,90436,236.1125,531,227.17,38.8144,67.4481,237
933,379.962,90051,234.275,509,228.07,39.2996,67.5296,237
934,376.9582,90093,234.65,494,228.75,40.4794,67.7098,239
935,378.5127,89329,233.8625,551,226,41.5271,67.6127,236
936,376.1333,90272,235.4,507,234.64,42.2518,67.521,240
937,375.6949,88664,232.625,495,230.46,43.0279,67.7447,236
938,375.2363,88931,232.475,524,229.93,43.1214,67.5101,237
939,374.5508,88394,232.825,498,232.23,44.0219,67.3281,236
940,375.7932,89063,233.2875,520,230.15,44.0856,67.9003,237
941,373.3644,88114,231.25,496,229.92,44.9291,67.6351,236
942,372.2058,90446,231.0125,504,228.61,45.374,68.1218,243
943,369.9916,87688,231.9875,502,232.19,45.4774,67.8118,237
944,372.8481,88365,232.5625,526,230.24,46.0329,67.5958,237
945,374.6695,88422,230.575,525,230.47,46.1621,67.9954,236
946,373.4534,88135,233.4625,508,232.46,46.2528,67.9326,236
947,373.2203,88080,231.9125,501,232.27,46.5791,68.047,236
948,373.9322,88248,230.025,510,228.1,46.6525,67.712,236
949,369.7342,87627,233.1125,502,234.01,46.7946,67.7097,237
950,367.8571,87550,230.075,482,232.34,46.857,67.7446,238
951,370.5,87438,232.275,482,232.61,46.8114,67.6505,236
952,369.9114,87669,229.6,510,230.18,46.5481,67.4673,237
953,370.8033,88622,230.3,486,230.67,46.6813,67.5808,239
954,374.3941,88357,224.825,505,227.79,46.7861,67.8812,236
955,370.9623,88660,228.025,501,230.71,46.594,68.0719,239
956,370.7173,87860,231.6875,504,230.39,46.6622,67.8526,237
957,370.4292,88903,227.1,497,228.98,46.6029,68.0867,240
958,373.4351,89251,229.6375,497,229.71,46.4586,68.0392,239
959,371.6345,88449,229.55,530,229.26,46.3942,68.2195,238
960,372.6261,88685,227.8125,509,230.33,46.3546,67.9158,238
961,370.3376,87770,228.35,492,230.19,46.2377,67.8927,237
962,372.3333,89360,231.625,485,231.58,45.8374,68.3358,240
963,373.5924,88915,229.7875,518,229.85,45.9657,68.3365,238
964,374.8941,88475,231.9875,493,229.29,45.7953,67.7945,236
965,372.9661,88020,234.0125,500,232.59,45.7232,68.1497,236
966,376.6144,88881,230.9625,514,232.31,45.1714,68.0871,236
967,375.0882,89271,233.725,509,232.41,45.3118,68.1766,238
968,374.827,88834,233.1,504,232.84,44.6482,67.7871,237
969,376.8117,90058,232.175,514,229.9,44.2601,68.1938,239
970,378.9831,89440,232.9625,488,230.94,43.9788,68.5218,236
971,375.6041,92023,231.5125,516,229.15,43.4592,68.3693,245
972,376.975,90474,230.375,490,229.47,43.4195,67.9742,240
973,377.2204,92419,230.6875,543,227.84,42.7586,68.1926,245
974,380.3824,90531,230.4875,546,229.3,42.9048,68.5132,238
975,379.1772,89865,230.85,531,227.53,42.5689,68.2432,237
976,376.8692,89318,234.3125,519,232.65,42.2116,67.9867,237
977,377.6904,90268,231.725,518,231.4,41.8867,68.0225,239
978,378.063,89979,232.45,526,226.5,41.6528,68.2671,238
979,374.5314,89513,231.8,513,226.97,41.4096,68.5103,239
980,379.8109,90395,227.9,541,226.87,40.9225,67.8305,238
981,379.2627,89506,234.6625,569,229.81,40.9623,67.9404,236
982,380.8354,90258,230.3875,511,228.69,40.5261,67.7891,237
983,383.9623,91767,233.1625,549,227.57,40.3066,67.8207,239
984,381.2278,90351,234.875,528,227.2,39.803,67.8673,237
985,380.4534,89787,230.575,545,227.43,39.4516,67.7682,236
986,381.8051,90106,230.5375,528,224.44,39.3988,67.8113,236
987,380.7712,89862,234.2125,530,228.08,39.3976,67.7385,236
988,377.205,90152,231.725,520,226.6,39.1825,68.0011,239
989,377.8228,89544,232.8625,517,225.42,38.4177,67.5666,237
990,382.3109,90990,230.7875,588,224.56,38.3374,67.7021,238
991,385.9322,91080,233.2125,545,224.95,38.1051,67.5478,236
992,384.0042,91009,231.2875,520,227.44,37.5075,67.6673,237
993,384.9328,91614,236.2,512,225.21,36.9506,67.7081,238
994,382.0332,92070,234.4375,538,224.12,36.6995,67.6667,241
995,384.8432,90823,233.2875,568,223.51,36.7805,67.4796,236
996,383.5062,92425,237.15,559,225.19,36.5421,67.655,241
997,382.1013,90558,232.6125,530,224.1,36.431,67.8126,237
998,385,91245,235.9375,533,226.43,36.2041,67.8207,237
999,385.7059,91798,236.375,519,226.15,36.0119,67.6138,238
1000,383.7344,92480,234.775,552,227.61,35.5339,67.7156,241
1001,383.9534,90613,233.1875,536,224,34.3339,67.7094,236
1002,386.1737,91137,234.0125,546,223.41,33.0809,67.52,236
1003,384.9177,93535,232.25,558,226.14,31.5405,67.5474,243
1004,386.3402,93108,234.8875,589,222.9,30.9435,67.4038,241
1005,386.322,91172,234.8375,511,226.28,30.5795,67.0806,236
1006,386.7647,92050,234.6,548,225.64,30.8316,67.1285,238
1007,388.6287,92105,234.5125,546,224.04,31.1788,66.8887,237
1008,390.3178,92115,233.8,533,225.79,31.7401,67.0879,236
1009,390.0549,92443,232.8875,540,224.59,32.3431,67.0151,237
1010,392.0675,92920,233.475,558,224.98,32.5305,67.0625,237
1011,389.0823,94547,235.15,587,225.81,33.5028,66.9399,243
1012,389.6736,93132,233.275,537,226.2,33.458,67.0414,239
1013,390.3013,93282,234.6125,553,227.41,34.2388,67.2874,239
1014,391.2839,92343,234.4375,556,224.85,34.945,66.8195,236
1015,393.3264,94005,234.3625,587,226.67,35.4964,66.8442,239
1016,391.5397,93578,235.6625,563,225.17,36.0891,66.9475,239
1017,391.5798,93196,235.6,562,228.59,36.5889,67.3856,238
1018,390.7899,93008,233.8625,543,228.98,36.8475,67.2608,238
1019,391.6025,93593,233.475,546,228.16,37.2691,67.3557,239
1020,390.6624,92587,235.8375,547,230.02,37.6855,67.0265,237
1021,389.7331,91977,233.2,511,224.66,37.9261,67.1444,236
1022,391.3375,93921,231.9625,535,225.11,37.9903,66.7849,240
1023,391.605,93202,234.5875,507,227.79,38.3238,67.3017,238
1024,392.6624,93061,234.4625,574,229.55,38.6445,67.0067,237
1025,389.2845,93039,233.45,532,226.3,38.6017,67.1487,239
1026,389.3613,92668,236.6875,550,227.48,38.7078,67.819,238
1027,394.0502,94178,235.125,547,226.73,38.8055,67.1894,239
1028,396.4644,94755,232.4375,539,230.07,38.8,67.2519,239
1029,398.6151,95269,232.4,539,223.86,38.9883,67.2591,239
1030,400.6488,96957,236.45,568,227.8,38.8619,67.6116,242
1031,397.25,93751,231.4375,545,228.33,39.2619,67.3572,236
1032,403.1339,96349,235.95,564,228.4,39.3446,67.431,239
1033,401.3333,95116,233.6625,575,228.38,39.7704,67.3832,237
1034,399.4454,95068,236.825,539,229.73,40.0278,67.4214,238
1035,398.0506,94338,232.8125,534,228.45,40.1474,67.5471,237
1036,401.7806,95222,236.4125,545,229.03,40.1568,67.2165,237
1037,396.9237,93674,234.2875,532,230.6,40.0062,67.6838,236
1038,397.318,94959,235.6125,554,229.88,39.8927,67.9458,239
1039,398.9582,95351,235.2875,554,229.46,39.3384,67.8961,239
1040,399.5805,94301,234.8875,549,228.61,39.0075,68.1958,236
1041,399.7881,94350,234.0875,556,227.41,38.224,67.8343,236
1042,397.2963,96543,234.9875,572,224.21,36.9543,67.6595,243
1043,399.1941,94609,236.4375,541,223.34,35.7789,67.4872,237
1044,396.0798,94267,236.1125,570,226.92,34.7097,67.7146,238
1045,397.9237,93910,234.0875,546,225.4,35.2523,67.8281,236
1046,400.822,94594,234.625,574,223.84,35.8464,67.397,236
1047,401.7773,95623,237.7625,579,229.01,37.0029,67.8958,238
1048,399.3515,95445,230.6625,542,229.72,37.4916,67.8186,239
1049,396.9322,93676,237.2375,545,228.68,37.7682,67.6887,236
1050,396.6527,94800,233.2875,582,229.65,38.0411,67.9292,239
1051,394.692,93542,231.8125,576,228.88,38.4456,67.8676,237
1052,395.75,93397,234.85,584,231.59,38.4446,68.1438,236
1053,390.903,92644,231.625,552,231.83,39.0812,68.1935,237
1054,390.0546,92833,233.1875,559,231.76,39.614,68.2186,238
1055,391.8608,92871,235.85,538,230.14,40.2266,68.6428,237
1056,391.2479,93117,232.0625,606,232.66,40.0997,68.8504,238
1057,388.1339,92764,232.025,541,230.79,40.2559,68.507,239
1058,389.9576,92030,231.6625,550,232.68,40.4745,68.8657,236
1059,387.636,92645,231.5875,569,233.43,40.6233,68.6039,239
1060,387.322,91408,232.3,529,232.22,40.4827,68.8149,236
1061,385.4916,91747,231.675,517,228.63,40.3943,68.9239,238
1062,384.2563,91453,231.3125,517,233.2,39.8578,69.3281,238
1063,384.7941,91581,230.1,536,232.01,39.4417,69.2021,238
1064,385.3093,90933,231.175,544,228.45,39.0672,69.4486,236
1065,385.6681,91789,233.725,572,233.41,38.8521,69.4755,238
1066,387.0672,92122,229.7875,559,230.05,38.1233,69.2585,238
1067,386.8739,92076,230.8875,558,234.07,38.0531,69.359,238
1068,389.6737,91963,233.875,526,230.04,38.2872,69.1813,236
1069,386.5649,92389,232.5875,572,229.6,37.8373,69.4083,239
1070,386.0921,92276,231.525,525,233.01,37.3226,69.4904,239
1071,386.1506,92290,232.2125,575,229.86,36.5098,69.3556,239
1072,387.6992,91497,229.8625,537,230.73,35.9039,69.29,236
1073,385.8619,92221,231.3875,546,229.78,35.4119,69.5656,239
1074,389.9958,92429,231.7625,544,229.02,35.4206,69.1384,237
1075,390.4958,92157,235.7375,529,229.65,35.1102,69.4337,236
1076,389.2958,93431,232.15,561,228.9,35.252,69.6992,240
1077,389.4025,91899,231.4125,552,229.77,34.6675,69.6825,236
1078,393.5125,94443,233.2625,555,226.98,34.6766,69.5699,240
1079,395.0084,93617,234.1375,564,229.21,34.3524,69.6775,237
1080,400.7215,94971,234.6375,553,229.61,34.2837,69.5424,237
1081,403.0339,95116,235.175,567,229.23,33.9636,69.5827,236
1082,395.8996,94620,232.6375,551,226.55,33.7251,69.4857,239
1083,397.8151,94680,234.125,585,227.43,33.3651,69.6552,238
1084,395.9083,95018,234.6125,545,228.4,33.4298,69.6665,240
1085,401.8692,95243,236.05,560,228.04,33.4508,69.681,237
1086,397.9958,94325,232.1,545,228.2,33.3622,69.3964,237
1087,398.1055,94351,233.0375,532,229.28,33.123,69.2967,237
1088,400.5805,94537,238.8375,569,229.09,32.783,69.4611,236
1089,401.9542,96469,235.7125,564,227.02,32.2223,69.7075,240
1090,402.0254,94878,237.425,579,230.87,31.4931,69.7057,236
1091,401.5188,95963,234.4875,591,227.31,30.579,69.3999,239
1092,405.1483,95615,236.4625,562,226.46,29.8197,69.219,236
1093,404.2899,96221,236.8125,600,225.46,29.6286,69.3579,238
1094,405.2059,96439,234.775,558,226.56,29.4322,69.4198,238
1095,403.0084,95513,239.1,567,227.95,29.4299,69.5085,237
1096,401.5274,95162,237.9375,554,227.72,29.1569,69.6256,237
1097,401.0805,94655,235.875,565,228.24,29.0433,69.9732,236
1098,398.0551,93941,234.725,559,230.03,28.7398,69.4439,236
1099,399.8432,94363,236.0375,604,224.34,28.638,69.5681,236
1100,397.7246,93863,237.5125,556,226.85,28.4004,69.5271,236
1101,400.2658,94863,235.5375,550,226.09,28.5301,69.5422,237
1102,399.021,94967,238.925,562,223.26,28.4287,69.6559,238
1103,400.4093,94897,233.3625,549,225.65,28.4062,69.6638,237
1104,399.5546,95094,236.3625,577,223.27,28.2818,69.6505,238
1105,397.4875,95397,235.0125,545,225.59,28.028,69.5835,240
1106,395.5485,93745,231.325,566,227.97,28.2215,69.572,237
1107,396.8613,94453,232.85,606,224.38,27.6483,69.6832,238
1108,394.5294,93898,236.325,604,227.64,27.3339,69.6396,238
1109,393.8908,93746,235.275,592,229.75,27.4969,70.0265,238
1110,395.59,94546,234.7375,559,225.97,27.8425,69.7491,239
1111,396.9068,93670,233.7125,586,227.31,27.9086,69.6398,236
1112,397.3571,94571,236.1875,585,225.12,28.343,69.5278,238
1113,396.6017,93598,237.125,594,225.06,28.854,69.4223,236
1114,395.6778,94567,237.8625,558,226.71,29.0658,69.0147,239
1115,392.5697,95787,237.65,572,228.73,29.385,69.3273,244
1116,395.4262,93716,234.325,569,226.73,30.0122,68.9996,237
1117,393.7924,92935,236.5875,566,228.3,30.2297,69.2122,236
1118,395.5339,93346,232.65,536,226.45,30.0118,69.1681,236
1119,394.6992,93149,238.625,558,227.1,30.3303,69.1704,236
1120,396.5607,94778,234.6375,566,225.5,30.4009,69.2654,239
1121,395.7322,94580,235.325,575,225.87,29.8957,68.7122,239
1122,395.8017,93805,235.375,567,225.23,30.0187,69.2205,237
1123,395.0802,93634,237.55,541,231.48,29.3257,69.1538,237
1124,395.9195,93437,236.525,579,225.36,28.6176,69.1008,236
1125,397.8109,94679,234.375,569,227.93,28.0807,68.939,238
1126,393.3544,93225,235.7875,575,224.51,27.777,69.145,237
1127,394.4748,93885,238.8625,571,227.3,27.6601,68.633,238
1128,391.1597,93096,236.875,522,224.81,27.3623,68.3302,238
1129,392.4768,93017,238.225,555,226.28,27.4925,68.5971,237
1130,388.5496,94029,234.1125,542,227.93,27.8734,68.8876,242
1131,389.3671,92280,235.2375,573,227.39,27.9118,68.5666,237
1132,388.1653,91607,235.6375,551,226.64,28.4167,68.5747,236
1133,385.9237,91078,235.8375,568,226.85,28.347,68.6377,236
1134,388.1144,91595,233.775,561,226.8,28.5826,67.9926,236
1135,388.5212,91691,238.125,533,226.28,28.9741,68.4596,236
1136,386.4557,91590,235.7875,517,226.18,29.1255,68.5002,237
1137,387.9668,93500,236.8875,577,225.62,29.6069,68.4958,241
1138,386.8059,91673,236.7875,554,226.4,30.2804,68.5135,237
1139,390.1568,92077,233.6,564,227.7,30.5974,68.7786,236
1140,391.7101,93227,234.6125,582,228.03,30.6822,68.6746,238
1141,395.0333,94808,236.575,556,227.12,30.7881,68.4839,240
1142,393.8613,93739,233.6625,550,225.65,30.8073,68.1849,238
1143,393.1369,94746,233.6125,544,225.85,31.1022,68.8655,241
1144,390.5949,92571,234.075,541,223.25,31.0544,68.7093,237
1145,390.2479,92879,232.6,539,227.92,31.0991,68.5325,238
1146,391.9205,93669,233.3,590,225.98,31.0695,68.5102,239
1147,390.0083,93602,236.9375,582,227.8,31.2645,68.2711,240
1148,388.9538,92571,235.6,582,225.44,31.3039,68.4609,238
1149,390.2278,92484,234.6,538,227.44,31.3336,68.9599,237
1150,391.4748,93171,233.275,561,225.87,31.682,68.2343,238
1151,391.1639,93097,233.7625,540,225.92,31.628,68.4612,238
1152,391.6271,92424,235.7875,538,222.83,31.5864,68.7921,236
1153,391.6723,93218,235.225,556,227.79,31.881,69.034,238
1154,392.8326,93887,237.9125,550,226.57,31.7263,68.717,239
1155,395.2616,93677,234.775,570,222.76,31.2873,68.6459,237
1156,393.6109,94073,232.45,588,225.69,30.8552,68.474,239
1157,396.9449,93679,235.0125,564,223.44,30.9712,68.5447,236
1158,394.8642,95952,234.35,580,225.57,30.5149,68.5543,243
1159,400.0711,95617,233.7875,562,227.29,30.1674,68.5736,239
1160,403.7331,95281,234.0875,573,227.22,29.3145,68.7045,236
1161,407.2176,97325,238.8625,579,227.82,28.0181,68.4285,239
1162,412.4661,97342,236.125,574,226.62,27.2878,68.6745,236
1163,412.0879,98489,235.3375,597,224.17,26.8969,68.377,239
1164,411.8305,97192,235.5125,622,229.45,26.8065,68.3186,236
1165,413.4286,98396,236.5375,609,227.44,26.3661,68.4207,238
1166,411.5397,98358,237.0125,576,224.36,26.0359,68.319,239
1167,413.4576,97576,235.4875,593,225.85,25.6759,68.2783,236
1168,412.5485,97774,236.0125,624,226.69,25.7346,68.5657,237
1169,410.7679,97352,235.5,598,224.92,25.8615,68.3093,237
1170,411.2059,97867,237.6125,595,227.47,25.9507,68.3864,238
1171,411.7373,97170,232.875,609,226.71,26.0328,68.4058,236
1172,413.3122,97955,236.1,561,229.38,26.5056,68.3438,237
1173,412.1646,97683,236.05,594,226.77,26.8538,67.9688,237
1174,411.9536,97633,237.7125,572,226.27,27.0461,68.1108,237
1175,411.9283,97627,235.5875,589,223.64,27.6512,68.5088,237
1176,410.7848,97356,234.6375,594,224.49,28.2496,68.4155,237
1177,411.2415,97053,234.6625,555,223.88,28.3112,68.1572,236
1178,412.2458,98939,237.55,606,225.86,28.4665,68.2482,240
1179,410.0424,96770,234.2625,569,222.89,28.9345,68.1369,236
1180,411.895,98031,234.75,570,227.06,29.0225,68.3044,238
1181,412.3898,97324,237.1,615,225.3,29.269,68.0699,236
1182,410.7553,97349,236.475,604,225.63,29.3636,68.3955,237
1183,415.395,98864,240.0625,561,224.68,29.5806,68.1411,238
1184,409.3517,96607,233.4,561,223.12,29.89,68.3819,236
1185,405.6364,98164,234.175,573,226.68,30.1426,68.173,242
1186,407.2194,96511,236.1125,568,225.58,30.2815,68.1543,237
1187,406.2458,95874,236.45,577,225.46,30.5411,68.1154,236
1188,404.1144,95371,233.55,558,224.49,30.8704,68.2948,236
1189,397.2929,94953,233.05,571,223.88,30.8757,68.088,239
1190,396.6723,94408,233.625,624,225.7,31.0874,68.1399,238
1191,397.692,94253,233.45,529,223.37,31.1527,68.4368,237
1192,395.3924,93708,237.15,566,223.31,31.4437,67.7524,237
1193,394.4599,93487,235.5625,563,221.23,31.4892,67.7753,237
1194,398.8602,94131,231.075,575,224.09,31.2556,68.164,236
1195,403.5823,95649,233.975,577,224.95,30.9062,68.4637,237
1196,407.3151,96941,230.7625,599,224.46,30.565,68.2969,238
1197,408.3571,97189,235.2375,599,226.49,30.0344,67.7381,238
1198,412.8967,99921,234.05,618,224.33,30.0163,68.2747,242
1199,418.3096,99976,235.725,618,224.02,29.8537,68.0089,239
1200,421.9619,99583,238.6125,599,224.31,29.5389,67.7818,236
1201,421.525,101166,233.2,600,223.99,29.6619,68.0535,240
1202,424.2385,101393,233.5125,623,221.33,29.8071,67.777,239
1203,425.1181,100753,237,610,223.18,30.0111,68.115,237
1204,428.1632,102331,236.175,617,224.2,30.4764,67.9719,239
1205,434.7046,103025,239.1875,631,225.12,31.1271,67.9871,237
1206,434.2803,103793,236.6375,588,220.45,31.7988,67.9998,239
1207,436.5297,103021,239.925,648,223.23,32.9463,67.9486,236
1208,435.0422,103105,235.45,589,222.34,34.0179,67.8377,237
1209,435.8136,102852,235.5875,614,224.96,35.3911,68.3623,236
1210,436.0593,102910,232.7375,623,226.21,36.284,67.9564,236
1211,437.0714,104023,232.8625,596,224.93,37.4306,68.1079,238
1212,436.3071,105150,235.25,639,224.36,38.3602,68.3148,241
1213,441.8644,104280,235.475,614,225.27,39.0665,68.0968,236
1214,443.0502,105889,233.525,626,229.66,39.6506,68.2126,239
1215,438.2616,103868,236.6375,622,227.24,40.0022,68.6002,237
1216,441.1308,104548,233.025,629,228.36,40.2682,68.3058,237
1217,439.9367,104265,235.4875,606,227.63,40.8764,68.7294,237
1218,439.6822,103765,230.825,612,226.91,41.2439,68.4449,236
1219,437.5823,103707,238.375,584,227.33,41.6168,68.2803,237
1220,434.6314,102573,229.8875,610,227.58,42.1287,68.2279,236
1221,430.9705,102140,229.475,581,228.66,42.7032,68.5484,237
1222,421.8729,99562,231,594,226.95,42.9523,68.4517,236
1223,420.9538,100187,231.225,621,229.64,43.222,68.2075,238
1224,411.0506,97419,231.8875,564,227.36,43.5632,68.2457,237
1225,408.1899,96741,235.725,540,229.66,44.1549,68.3702,237
1226,404.9212,97586,232.2875,550,228.96,44.2243,68.1042,241
1227,406.3941,95909,232.8625,582,230.18,44.4223,68.2197,236
1228,401.9873,95271,233.425,564,229.34,44.6488,68.5529,237
1229,400.1674,95640,229.75,570,226.53,45.2116,68.5227,239
1230,397.0254,93698,232.1625,546,230.3,45.1993,67.9772,236
1231,396.2669,93519,231.9875,567,232.51,45.3158,68.3486,236
1232,393.6833,94484,232.325,527,230.87,45.5523,68.4172,240
1233,392.7415,92687,232.7375,535,229.78,45.6216,68.1737,236
1234,391.6203,92814,231.7125,559,230.08,45.938,68.2696,237
1235,386.07,93815,228.8625,516,227.94,45.9275,68.4738,243
1236,382.5649,91433,229.5875,529,229.66,46.4116,68.1542,239
1237,384.1186,90652,231.1875,517,228.52,46.5379,68.305,236
1238,379.8178,89637,230.7125,530,230.49,46.764,68.4436,236
1239,376.5638,91505,230.75,535,229.57,46.9385,68.0517,243
1240,379.3333,91040,228.0625,557,226.26,46.7794,68.2811,240
1241,376.4125,90339,227.4875,518,227.43,46.882,68.2595,240
1242,376.8312,89309,230.6,513,229.08,46.5319,68.1146,237
1243,378.8655,90170,227.9125,531,227.13,46.5317,67.5575,238
1244,377.1867,90902,229.8125,526,229.73,46.5008,67.7751,241
1245,375.437,89354,228.1,515,227.51,46.4455,68.4087,238
1246,380.4322,89782,234.0125,522,231.05,46.358,67.7526,236
1247,379.0636,89459,230.8125,544,228.37,46.5077,67.6421,236
1248,382.2863,92131,230.8625,542,229.05,46.3027,68.0669,241
1249,381.8481,90498,229.5625,564,227.45,46.3435,67.7317,237
1250,383.2489,90830,229.8625,542,228.63,46.2778,67.6411,237
1251,379.8771,89651,229.0375,579,228.16,46.5575,67.7729,236
1252,380.0546,90453,226.8,546,226.47,46.4675,68.2303,238
1253,379.8856,89653,228.0625,530,225.01,46.4625,67.851,236
1254,381.7731,90862,231.8625,533,227.78,46.4351,67.7943,238
1255,380.8059,90251,229.525,552,229.6,46.2818,67.6442,237
1256,381.7975,90486,230.7,538,227.85,46.2666,67.6143,237
1257,383.6398,90539,234.125,569,232.01,46.1509,67.4648,236
1258,380.4051,90156,228.275,502,229.16,46.2885,67.5751,237
1259,379.8898,93073,229.45,530,228.93,46.3569,67.7268,245
1260,381.979,90911,228.375,546,227.29,46.2302,67.7259,238
1261,379.8263,89639,229.7875,531,228.4,46.5648,67.557,236
1262,379.7731,90386,227.7375,520,227.3,46.7227,67.6554,238
1263,383.361,92390,229.1125,541,227.32,46.3178,67.5241,241
1264,384.7792,92347,233.375,533,231.48,46.4261,67.5778,240
1265,385.3136,90934,230.7875,517,229.16,46.5757,67.6068,236
1266,387.8136,91524,231.2,520,228.86,46.7203,67.9464,236
1267,387.3,92952,230.2875,537,227.98,46.9505,68.2808,240
1268,388.962,92184,229.8375,548,227.9,47.4238,67.9643,237
1269,392.6583,94238,230.3375,551,229.72,47.3437,68.033,240
1270,395.4538,94118,233.1125,555,228.77,47.5935,68.0425,238
1271,395.3051,93292,232.075,536,232.85,48.04,68.1306,236
1272,401.6639,95596,232.6875,556,230.86,48.1849,67.8794,238
1273,397.4059,94980,229.7875,569,228.57,48.2421,67.7198,239
1274,400.7966,94588,227.85,584,227.17,48.4997,68.0629,236
1275,405.6709,96144,229.0875,560,228.01,48.7746,67.6801,237
1276,409.3475,96606,230.525,565,229.95,48.9893,68.0971,236
1277,412.6371,97795,230.7375,576,230.58,49.2907,68.0857,237
1278,409.4664,97453,232.975,577,230.35,49.9046,67.968,238
1279,411.4873,97111,231.375,540,230.81,49.9598,68.4393,236
1280,410.827,97366,230.975,593,230.51,50.0966,68.0862,237
1281,409.3983,98665,229.5,578,230.85,49.892,67.8277,241
1282,411.5508,97126,233.0125,558,232.4,50.0178,68.1247,236
1283,413.0551,97481,227.9,548,228.83,49.9874,68.0344,236
1284,411.6723,97978,230.8375,552,229.6,49.9227,68.159,238
1285,413.3856,97559,232.9375,573,231.96,49.887,67.9534,236
1286,413.7712,97650,232.175,546,230.86,49.7754,68.3195,236
1287,412.1603,97682,233.6875,566,232.24,50.1332,68.1675,237
1288,415.0466,97951,234.0875,569,233.56,49.978,68.0264,236
1289,416.7542,98354,233.725,573,231.84,50.1988,67.9229,236
1290,419.3849,100233,232.6375,579,231.24,50.7653,68.255,239
1291,418.9748,99716,228.175,586,230.83,51.7088,68.3504,238
1292,423.428,99929,232.3375,571,233.28,52.2187,68.529,236
1293,428.3165,101511,231.3125,568,233.72,52.8089,68.8968,237
1294,431.4195,101815,233.4375,583,231.17,53.2947,68.3349,236
1295,433.3,103992,229.25,582,230.22,53.5629,68.9082,240
1296,433.5381,102315,232.2375,591,231.48,53.945,68.5058,236
1297,435.0042,102661,230.65,576,230.51,54.3378,69.1333,236
1298,434.1708,104201,232.9625,579,229.61,54.4627,69.0403,240
1299,440.8059,104471,231.575,588,232.05,54.823,68.7246,237
1300,441.7331,104249,231.4625,621,232.44,54.9931,68.8489,236
1301,440.8075,105353,228.4625,621,230.87,55.1337,68.9549,239
1302,436.1398,102929,227.0375,586,229.94,55.6999,69.1854,236
1303,439.1441,103638,231.675,600,235.14,56.1244,69.0939,236
1304,430.6639,103790,230.0625,592,230.4,56.6246,68.7939,241
1305,429.8661,102738,227.4125,612,230.12,56.991,69.3141,239
1306,427.8613,101831,227.8,579,229.67,57.3325,69.4651,238
1307,426.458,101497,227.925,560,232.84,57.8227,69.2033,238
1308,423.5565,101230,228.4875,592,234.93,57.9898,69.2603,239
1309,420.9831,99773,228.7125,583,230.4,58.2581,69.0863,237
1310,417.7647,99428,227.625,546,231.6,58.6456,69.4022,238
1311,413.3207,97957,229.6,568,229.04,58.9871,69.1766,237
1312,415.5254,98064,228.1625,578,230.36,59.3064,69.1169,236
1313,416.8697,99215,229.45,613,233.74,59.6038,69.2834,238
1314,417.8151,99440,227.5,627,233.49,59.9201,69.0997,238
1315,414.7269,98705,228.325,554,231.69,60.2601,69.5583,238
1316,417.692,98993,231.3,559,233.9,60.5444,69.4309,237
1317,418.3347,98727,230.725,557,231.8,60.749,69.5286,236
1318,419.8565,99506,228.175,593,234.7,61.05,69.3791,237
1319,419.4407,98988,231,569,234.52,61.1521,69.4241,236
1320,417.5439,99793,226.9625,579,234.92,61.2916,69.7683,239
1321,416.2458,98234,228.25,549,235.71,61.5593,69.6026,236
1322,416.8201,99620,225.6125,585,235.29,61.6877,69.7362,239
1323,419.4195,98983,227.2125,581,235.33,61.9387,69.5939,236
1324,421.7227,100370,229.3625,558,239.64,61.9325,69.4552,238
1325,423.6516,103371,231.2875,564,240.64,62.3097,69.6709,244
1326,423.911,100043,226.675,570,241.19,62.4509,69.3261,236
1327,424.2415,100121,232.35,552,240.15,62.4535,69.329,236
1328,424.0675,100504,229.3625,541,242.03,62.6241,69.5025,237
1329,424.7679,100670,229.0375,594,239.21,62.7668,69.9226,237
1330,427.2143,101677,233.3125,569,241.8,63.0598,69.6449,238
1331,425.9367,100947,229.5375,565,241.04,62.8631,69.4979,237
1332,423.572,99963,228.4625,551,242.38,62.9074,69.5661,236
1333,422.3333,100093,228.025,561,240.36,62.7926,69.5622,237
1334,419.2246,98937,229.8375,589,241.68,62.9091,69.8015,236
1335,418.8051,98838,227.7375,573,237.54,62.7684,69.3913,236
1336,414.572,97839,227.9875,586,239.9,62.7474,69.5213,236
1337,411.2881,97064,231,579,237.14,62.3673,69.281,236
1338,406.6356,95966,230.425,555,233.44,61.9147,69.1761,236
1339,406.1519,96258,224.825,557,231.78,61.8279,69.2053,237
1340,400.9578,95027,227.2875,571,236.79,61.4595,69.2357,237
1341,406.3559,95900,225.65,577,234.26,61.0485,68.9751,236
1342,400.3207,94876,226.8375,543,232.1,60.4836,68.9628,237
1343,399.1992,94211,227.35,548,231.39,60.3667,68.8942,236
1344,395.6498,93769,228.65,552,229.89,60.048,69.0079,237
1345,394.8008,93173,227.2,540,231.38,59.5336,68.7978,236
1346,393.2321,93196,230.7125,539,230.69,59.318,68.8175,237
1347,395,93615,222.5,563,231.56,58.9851,68.8257,237
1348,391.5375,93969,224.675,544,233.47,59.2509,68.6953,240
1349,395.6949,93384,225.9875,537,230.45,59.334,68.585,236
1350,394.3138,94241,225.3,573,229.55,59.1483,68.4756,239
1351,390.0667,93616,228.275,563,231.6,59.0765,68.5685,240
1352,390.9325,92651,226.4375,535,228.95,58.9529,68.5734,237
1353,389.5823,92331,225.3125,521,230.69,58.8261,68.3155,237
1354,390.6751,92590,224.25,535,228.13,58.6469,68.7913,237
1355,385.8589,92992,225.4125,524,232.02,58.6691,68.9615,241
1356,387.1013,91743,223.9625,562,228.48,58.5329,68.7478,237
1357,388.2311,92399,225.325,547,227.09,58.3728,68.8413,238
1358,383.4599,90880,225.7125,542,229.98,58.2603,68.6918,237
1359,383.8136,90580,227.325,528,227.84,57.8798,68.5048,236
1360,386.2924,91165,226.6625,520,229.19,57.6195,68.6791,236
1361,387.1398,91365,227.9875,525,227.66,57.2011,68.8281,236
1362,387.6946,92659,225.725,532,225.75,56.4415,68.4385,239
1363,386.1568,91133,223.925,531,227.23,55.7802,68.9362,236
1364,385.2614,92848,226.4125,527,226.57,54.9158,68.9118,241
1365,387.3527,93352,227.4375,523,229.48,54.24,69.0076,241
1366,392.0466,92523,229.625,523,230.39,53.5866,68.8677,236
1367,392.0588,93310,225.625,539,227.61,52.8408,69.1174,238
1368,401.384,95128,228.425,541,231.55,51.5345,68.8431,237
1369,402.6059,95015,228.6125,550,230.14,50.801,68.8659,236
1370,402.2017,95724,231.3125,527,232.05,50.1681,68.5951,238
1371,402.5401,95402,231.6875,533,232.98,49.3092,68.4669,237
1372,403.979,96147,229.3375,570,229.95,48.4699,68.5132,238
1373,407.8008,96241,230.1875,548,229.46,46.9391,68.8029,236
1374,405.3882,96077,227.6875,571,227.31,46.496,68.5621,237
1375,408.8517,96489,230.8375,555,230.53,45.6536,68.5398,236
1376,408.339,96368,231.875,587,228.67,45.3712,68.6874,236
1377,406.3263,95893,233.2625,572,231.79,45.0341,68.538,236
1378,405.6102,95724,232.4625,552,231.46,44.8486,68.6697,236
1379,408.0084,97514,232.1625,578,230.63,45.0032,68.4838,239
1380,414.75,97881,232.8625,564,231.14,44.6031,69.1366,236
1381,414.2278,98172,233.125,558,231.57,44.5783,68.6047,237
1382,414.3924,98211,230.8125,545,229.29,44.3049,68.7751,237
1383,413.8983,97680,231.65,558,229.27,44.2006,68.5822,236
1384,416.7627,98356,234.675,561,230.39,44.0709,69.3314,236
1385,419.8101,99495,233.0625,581,232.22,43.4094,68.5084,237
1386,424.4346,100591,234.625,573,227.62,42.8627,68.9557,237
1387,424.7806,100673,235.525,575,230.88,42.7053,68.7028,237
1388,423.2034,99876,236.0875,605,228.39,42.3526,68.8858,236
1389,426.5401,101090,235.125,565,230.47,42.3354,68.344,237
1390,425.9831,100958,235.3,568,230.85,42.4825,68.9298,237
1391,425.4492,100406,235.2375,620,231.06,42.3994,68.9838,236
1392,429.9454,102327,239.2125,581,230.45,42.3085,68.8954,238
1393,430.4177,102009,237.5125,580,229.57,42.2596,68.539,237
1394,431.6076,102291,234.075,609,227.52,42.0638,68.6102,237
1395,437.5274,103694,238.7125,583,228.67,41.9699,68.4719,237
1396,439.3771,103693,232.1375,601,228.6,41.7251,68.977,236
1397,436.5381,103023,233.8875,601,229.77,41.6467,68.3496,236
1398,436.6314,103045,235.4,590,228.65,41.7528,68.7281,236
1399,431.7553,102326,236.0625,582,224.9,41.4244,69.1178,237
1400,430.0084,102772,234.2625,580,227.84,40.9896,68.8184,239
1401,429.8,103152,233.4625,635,226.27,41.0478,68.8433,240
1402,426.7426,101138,235.7,598,225.95,40.5312,68.7181,237
1403,423.3729,99916,235.9625,579,228.66,40.1914,68.5961,236
1404,420.2627,99182,235.5875,568,224.09,39.5879,68.8601,236
1405,421.8782,100407,233.9,592,225.82,38.9297,68.7773,238
1406,423.2627,99890,234.075,579,222.68,38.1088,68.6316,236
1407,417.7908,99852,231.45,587,219.09,38.1112,68.6259,239
1408,419.5424,99012,233.125,579,222.57,37.9581,68.5258,236
1409,414.4746,97816,238.025,574,223.63,38.0991,68.837,236
1410,412.678,97392,230.725,569,220.39,38.1179,68.8338,236
1411,414.6102,97848,238.3875,562,223.57,38.0819,68.8099,236
1412,410.2479,97639,233.3125,585,223.64,38.6497,68.7708,238
1413,414.9364,97925,231.5875,576,224.25,39.0296,68.7719,236
1414,415.5654,98489,234.425,590,224.39,39.2845,69.0686,237
1415,413.3376,97961,234.2875,592,220.65,39.8776,68.9855,237
1416,414.1513,98568,228.975,568,221.9,40.1508,68.8911,238
1417,416.6102,98320,234.475,550,225.27,40.6909,69.2873,236
1418,417.308,98902,232.3875,567,222.03,40.715,69.4498,237
1419,417.7521,99425,233,590,224,40.7055,69.6723,238
1420,421.1688,99817,233.125,606,223,40.7931,69.567,237
1421,425.0042,100726,230.6,596,222.47,40.9171,69.7085,237
1422,420.7203,99290,232.8875,586,224.89,40.9008,69.6513,236
1423,424.5127,100185,235.3875,611,221.45,40.5252,69.5011,236
1424,429.0084,102533,232.8625,617,222.76,40.1801,69.4898,239
1425,431.2667,103504,232.8,593,225.7,39.6616,69.281,240
1426,430.7848,102096,231.425,578,223.57,39.5281,69.2812,237
1427,426.6862,101978,232.8375,585,225.34,39.09,68.9918,239
1428,427.4703,100883,228.15,594,223.58,39.1312,68.9504,236
1429,423.9414,101322,232.0375,598,223,39.2269,68.5865,239
1430,423.4262,100352,231.95,569,221.5,38.9963,68.27,237
1431,426.5565,101947,232.7625,591,223.6,38.6732,68.1408,239
1432,432.6398,102103,232.5125,605,221.57,38.9548,68.5041,236
1433,425.9153,100516,230.625,574,224.36,38.9144,68.5025,236
1434,422.6059,99735,233.4,579,223.68,39.1077,68.5931,236
1435,422.6017,99734,233.5875,580,220.69,39.1856,68.3617,236
1436,424.0759,100506,231.325,601,224.88,38.9925,68.1241,237
1437,417.1139,98856,228.975,575,223.22,38.9554,68.0376,237
1438,415.8529,98973,231.6875,582,223.5,39.1105,67.789,238
1439,411.6345,97969,233.9,570,224.37,38.851,68.2744,238
1440,409.0042,97343,231.025,609,221.93,38.8209,68.2828,238
1441,407.3542,97765,230.5375,590,223.75,38.7572,67.7949,240
1442,403.5917,96862,232.1375,604,223.87,38.6197,67.4297,240
1443,403.3093,95181,228.55,544,220.41,38.2513,67.4778,236
1444,394.3755,93467,231.35,568,217.99,38.2058,67.6666,237
1445,397.3502,94172,232.5,571,217.83,38.2711,67.5582,237
1446,396.5042,93575,231.9375,540,223.65,37.8187,67.7402,236
1447,395.0886,93636,230.8375,546,220.08,37.8614,67.506,237
1448,392.5934,94615,229.9375,565,219.91,37.0375,67.389,241
1449,392.8941,92723,230.1875,563,222.73,35.9107,67.1095,236
1450,398.678,94088,231.5875,542,218.07,34.6322,66.5858,236
1451,400.1907,94445,229.5125,574,218.63,32.9911,66.8333,236
1452,399.1958,95807,230.2375,548,221.14,31.1677,66.9183,240
1453,403.6488,97683,231.7375,589,218.32,29.9591,66.7776,242
1454,402.0294,95683,234,566,220.06,29.2791,66.4964,238
1455,403.6611,96475,232.375,568,219.54,28.4384,66.7389,239
1456,403.9076,96130,235.65,597,218.86,28.058,66.8002,238
1457,410.0551,96773,234.6375,598,222.72,28.0431,66.8735,236
1458,411.1229,97025,232.2625,585,223.44,28.002,66.8892,236
1459,407.7231,98669,233.5625,577,223.59,28.3759,66.9331,242
1460,407.1506,97309,232.375,541,218.87,28.7156,66.8729,239
1461,411.8228,97602,235.075,589,221.77,28.9424,66.9206,237
1462,410.6498,97324,233.6,591,221.34,29.5174,67.338,237
1463,408.4831,96402,235.1,571,220.68,29.894,67.262,236
1464,410.3178,96835,232.9125,582,222.33,30.2097,67.3958,236
1465,410.962,97398,236.1375,567,222.87,30.5686,67.5814,237
1466,413.1737,97509,234.2375,602,220.79,31.0491,67.4471,236
1467,410.958,97808,237.425,590,219.66,31.6587,67.8702,238
1468,410.481,97284,234.6625,598,218.09,32.1838,67.9237,237
1469,411.1013,97431,234.425,561,223.94,32.8373,67.6742,237
1470,407.3882,96551,233.3375,576,222.71,33.463,67.6841,237
1471,404.9788,95575,229.075,561,222.06,33.8043,68.0863,236
1472,402.7848,95460,234.3875,572,222.77,34.2151,68.2059,237
1473,399.4017,95457,233.675,564,220.1,34.5548,67.8871,239
1474,397.6441,93844,230.275,572,221.89,35.2714,68.2673,236
1475,393.9958,92983,232.9125,536,221.4,35.4615,68.4889,236
1476,394.2797,93050,232.4875,552,222.86,35.8383,68.1628,236
1477,394.2447,93436,228.475,549,221.55,35.6085,68.2254,237
1478,393.411,92845,225.2625,530,221.61,36.012,68.176,236
1479,390.3291,92508,231.3,536,222.91,36.293,67.8887,237
1480,390.211,92480,232.2,532,222.36,36.7965,68.221,237
1481,389.5792,93499,231.2375,542,220.8,36.8729,68.1891,240
1482,394.6176,93919,230.8375,580,222.07,37.1696,68.1745,238
1483,393.9409,93364,230.475,532,224.82,37.5637,68.2439,237
1484,394.9873,93217,231.6125,559,220.62,37.5648,68.2203,236
1485,394.5847,93122,229.0125,540,219.71,37.9331,68.7431,236
1486,392.4076,93393,231.4125,556,222.82,38.2824,68.6374,238
1487,391.6345,93209,227.6625,532,222.99,38.7415,68.9348,238
1488,388.3966,92050,230.7875,550,222.24,39.4527,68.1303,237
1489,386.2405,91539,227.375,562,224.75,39.7772,68.0574,237
1490,384.322,90700,228.2375,535,223.2,40.0368,68.2946,236
1491,385.7238,92188,230.3875,534,224.72,40.5362,68.0313,239
1492,381.7322,91234,227.475,556,224.73,40.9431,68.3869,239
1493,386.9325,91703,226.925,544,225.94,41.4452,67.9916,237
1494,381.2627,89978,228.0875,511,224.59,42.1055,68.0687,236
1495,381.4576,90024,228.525,542,225.03,42.6765,68.0177,236
1496,381.1757,91101,226.0625,515,225.22,43.0652,67.9694,239
1497,378.2647,90027,227.725,532,224.56,43.7003,68.1644,238
1498,377.8228,89544,229.175,506,226.16,44.0651,68.1805,237
1499,376.6398,88887,226.7875,529,224.02,44.4634,68.33,236
1500,375.2773,89316,226.825,498,227.72,44.8412,68.2873,238
