1,423.3143,59264,137.625,564,135.27,43.5636,50.9492,140
2,424.05,59367,137.85,559,135,43.8948,51.155,140
3,422.1571,59102,135.875,565,135.54,43.848,50.8001,140
4,421.5203,62385,136.125,614,135.14,43.2763,50.7849,148
5,420.9225,59771,136.325,555,136.12,44.1061,51.5108,142
6,420.7929,58911,137.3625,572,134.97,43.8653,51.0805,140
7,414.6357,58049,136.45,604,135.59,44.0647,51.0381,140
8,416.8643,58361,136.4125,542,134.82,44.1349,51.1836,140
9,419.5214,58733,136.925,544,137.33,43.9195,51.0393,140
10,417.0884,61312,136.9125,582,133.62,43.6331,51.1893,147
11,416.4366,59134,136.9,562,136.08,44.5699,50.9519,142
12,422.0143,59082,135.4625,556,136.87,43.8647,50.9198,140
13,424.2214,59391,135.35,615,134.37,44.0275,51.1266,140
14,424.1571,59382,136.45,571,135.14,43.4605,50.5099,140
15,419.7643,58767,135.525,549,136.62,43.8926,51.0547,140
16,419.3077,59961,136.15,598,135.89,44.1755,51.1774,143
17,419.2143,58690,137.3625,563,137.67,44.0971,51.1998,140
18,418.4929,58589,137.8875,581,135.39,44.0154,51.1856,140
19,416.75,58345,137.9,536,136.77,43.7803,50.8538,140
20,421.4429,59002,136.3375,567,136.22,43.69,51.2839,140
21,422.35,59129,136.2625,577,133.63,43.9557,51.1762,140
22,419.695,59177,135.4125,580,134.62,43.7199,50.8479,141
23,419.3143,58704,135.5375,571,136.56,43.8739,50.9572,140
24,420.7943,59332,135.0625,572,136.32,44.2041,51.4613,141
25,419.2643,58697,136.375,565,134.99,43.8616,51.2247,140
26,419.0429,58666,135.5,579,133.76,44.0157,51.2335,140
27,418.85,58639,136.6,566,134.55,43.9282,51.2379,140
28,417.6312,58886,137.3125,534,136.94,43.7525,50.9352,141
29,416.4681,58722,133.8875,578,135.31,44.0002,51.3028,141
30,417.7589,58904,136.4875,597,135.44,44.257,50.9097,141
31,417.15,58401,136.5625,559,135.64,43.9803,51.2757,140
32,417.8227,58913,137.6875,599,135.6,44.088,51.1593,141
33,417.5461,58874,136.2875,568,135,44.2088,51.0682,141
34,422.1172,61207,136.725,587,134.11,43.9207,51.2447,145
35,417.3239,59260,136.625,573,136.5,44.1549,51.3735,142
36,424.4143,59418,136.85,583,136.71,43.8602,51.2486,140
37,420.4965,59290,136.075,583,136.12,43.6757,51.0705,141
38,425.1143,59516,137.2625,566,135.46,44.1298,51.3283,140
39,414.4392,61337,136.5875,543,135.02,43.9398,50.9455,148
40,419.2828,60796,136.4125,575,136,43.6326,50.8375,145
41,419.4,58716,135.3,602,136.73,44.1848,51.1219,140
42,419.1986,59107,137.2125,575,136.55,43.7502,51.0393,141
43,417.0775,59225,137.45,616,135.65,43.6021,51.0764,142
44,419.7801,59189,137.9,565,136.94,44.0982,51.0077,141
45,418.4143,58578,137.725,551,136.78,44.0039,51.311,140
46,421.4014,59839,136.175,554,136.01,43.9769,51.1912,142
47,421.0714,58950,137.2,607,135.14,44.1135,51.2854,140
48,425.7143,59600,136.65,604,135.98,43.7622,51.0929,140
49,431.35,60389,138.225,599,136.23,43.5893,50.9492,140
50,427.5141,60707,134.225,576,136.06,43.287,50.7566,142
51,434.9007,61321,137.7875,579,136.61,42.9637,50.8991,141
52,436.5175,62422,136.3625,596,135.19,43.9162,51.3581,143
53,436.844,61595,135.3625,600,136.75,42.9852,50.4634,141
54,439.9714,61596,136.9125,580,134.77,42.8597,50.5704,140
55,441.5571,61818,136.7125,597,134.64,42.7827,50.4974,140
56,438.3125,63117,135.925,591,134.36,42.8181,50.4938,144
57,442.95,62013,136.0875,593,134.87,42.887,50.5253,140
58,442.4397,62384,136.8875,570,135.69,42.6535,50.2548,141
59,440.6644,65659,138.2625,580,134.39,42.8375,50.5375,149
60,436.0069,63221,137.5125,583,135.33,42.8156,50.6549,145
61,442.9214,62009,137,584,136.29,43.1504,50.6195,140
62,431.8243,63910,138.8625,567,135.71,42.5997,50.4264,148
63,438.2199,61789,135.25,607,135.04,43.0501,50.7057,141
64,440.0915,62493,135.35,553,135.52,43.2628,50.5997,142
65,438.3262,61804,137.425,572,135.86,43.6921,50.9822,141
66,438.8929,61445,135.7125,623,134.66,43.2045,50.6088,140
67,435.1438,63531,135.7375,585,136.3,43.3278,50.84,146
68,440.0429,61606,138.375,573,137.27,43.8731,51.0381,140
69,436.3286,61086,135.05,573,135.22,43.7767,50.9487,140
70,432.2828,62681,136.3,577,134.43,43.6658,50.9884,145
71,432.0851,60924,137.2875,589,136.01,43.7557,50.7467,141
72,427.507,60706,137.05,563,135.26,43.4877,51.0578,142
73,430.2714,60238,136.825,559,132.81,43.8805,50.9154,140
74,428.4714,59986,137.4625,564,135.16,43.63,51.1169,140
75,423.8369,59761,138.0875,549,135.91,43.8859,51.1028,141
76,425.7305,60028,136.5875,582,137.67,43.9212,51.4089,141
77,425.2057,59954,138.5875,569,136.33,44.1578,51.4189,141
78,419.7778,60448,136.9375,575,134.48,44.008,51.3691,144
79,423.507,60138,136.375,565,134.77,44.1526,51.385,142
80,424.4507,60272,136.775,581,138.53,44.3173,51.5103,142
81,421.2,58968,135.65,559,135.75,44.1659,51.0438,140
82,422.4571,59144,136.5875,574,134.03,43.9737,51.252,140
83,423.3429,59268,138.7375,556,135.69,43.9868,51.3059,140
84,420.8042,60175,138.15,564,135.33,44.2757,51.5382,143
85,424.3662,60260,135.5125,585,135.43,43.8576,51.3212,142
86,418.5423,59433,136.5125,561,134.66,44.0708,51.1478,142
87,420.6143,58886,136.8125,534,135.37,44.2484,51.2509,140
88,418.2553,58974,137.4125,544,135.67,44.2451,51.2142,141
89,417.9504,58931,136.55,574,135.68,43.9956,51.2242,141
90,409.6733,61451,137.9625,543,135.1,43.9497,51.0991,150
91,414.932,60995,136.6375,554,133.05,43.6629,50.9729,147
92,416.0071,58241,137.6875,562,135.71,44.2029,51.2327,140
93,410.4615,58696,137.9375,558,136.85,44.2449,51.3712,143
94,409.5429,57336,137.2875,538,136.08,44.4585,50.991,140
95,410.4468,57873,137.3375,541,135.39,44.4406,51.436,141
96,411.4786,57607,134.6,544,136.07,44.1652,51.3409,140
97,412.0851,58104,137.9125,555,135.59,44.624,51.3459,141
98,408.8958,58881,136.1875,561,135.09,44.3151,51.5035,144
99,416.3592,59123,138.0625,541,134.58,44.5051,51.0771,142
100,417.7214,58481,136.275,547,135.65,44.1595,51.1534,140
101,414.1,57974,135.4375,513,134.8,44.0758,51.3105,140
102,419.4681,59145,136.7875,591,135.57,44.409,51.3309,141
103,414.9586,60169,137.5875,552,135,44.0205,51.1522,145
104,414.8451,58908,137.3375,530,135.86,44.3352,51.3588,142
105,419.1844,59105,136.675,570,135.04,43.717,50.8965,141
106,423.2482,59678,134.1375,567,134.98,43.7987,51.3323,141
107,425.3901,59980,136.975,544,135.08,44.147,50.943,141
108,425.1489,59946,134.7375,543,133.92,43.6668,51.259,141
109,422.6503,60439,137.1875,561,136.49,44.2891,51.0326,143
110,417.8707,61427,136.5125,560,134.98,43.7099,51.1085,147
111,423.2378,60523,136.0625,572,135.21,43.9023,51.077,143
112,429.75,60165,136.075,558,134.19,44.1175,51.5141,140
113,426.6479,60584,137.2125,551,135.44,43.6906,50.8014,142
114,426.1831,60518,137.125,559,135.73,43.8131,51.0332,142
115,427.4786,59847,135.8375,578,136.25,43.6743,50.8771,140
116,424.65,59451,135.275,563,135.04,43.9706,51.2874,140
117,422.3944,59980,137.7625,545,135.73,44.1796,50.9214,142
118,424.3404,59832,137.9125,578,135.45,44.1296,51.1931,141
119,422.8298,59619,136.4875,553,135.57,43.9197,51.2586,141
120,422.8227,59618,137.3875,535,136.2,44.4286,51.1772,141
121,419.8571,58780,135.9125,542,134.22,43.9362,51.0531,140
122,414.3929,58015,137.9125,530,135.43,44.0115,50.9724,140
123,419.2766,59118,136.1125,587,135.12,44.3654,51.2946,141
124,415.8322,59464,135.9125,553,135.15,44.195,51.3368,143
125,415.6,58184,136.2875,548,135.74,44.4004,51.2201,140
126,411.7518,58057,137.1,563,135.34,44.1565,50.8171,141
127,412.0071,57681,136.575,577,134.12,44.0218,51.2179,140
128,413.8392,59179,135.125,531,134.63,44.0833,51.1227,143
129,415.4429,58162,136.8375,551,134.48,44.1577,51.2554,140
130,416.8936,58782,137.025,553,135.07,44.0732,51.2892,141
131,415.8169,59046,135.075,557,135.3,44.049,51.1592,142
132,417.3286,58426,137.425,558,135.97,44.056,50.9511,140
133,422.4255,59562,136.4625,599,135.14,44.0675,51.1078,141
134,422.4143,59138,136.5,549,135.7,44.4667,51.2497,140
135,417.5141,59287,138.1,576,136.68,44.6818,51.2674,142
136,418.7786,58629,135.775,553,135.29,44.122,50.9048,140
137,413.2207,59917,136.1,539,134.78,44.0003,51.1209,145
138,420.5929,58883,136.075,535,134.68,44.2041,51.0995,140
139,417.951,59767,137.8875,555,135.45,44.8224,51.4184,143
140,413.951,59195,138.2,535,134.49,44.5331,51.364,143
141,412.7305,58195,136.45,524,134.27,44.5338,51.0677,141
142,411.2143,57570,133.7625,541,133.43,44.1188,51.0965,140
143,414.3429,58008,136.8875,579,134.01,44.2587,51.1771,140
144,410.1915,57837,135.9375,521,135.59,43.9453,51.3418,141
145,407.0567,57395,136.2125,531,134.9,44.4036,51.4389,141
146,410.3786,57453,137,558,135.26,44.0561,51.0294,140
147,414.0214,57963,136.6125,546,134.03,44.3872,51.4215,140
148,412.6286,57768,136.35,575,135.14,44.368,51.3957,140
149,414.7571,58066,137.425,519,133.6,43.9925,51.1547,140
150,409.1049,58502,137.3625,526,135.6,44.2482,50.6794,143
151,407.6713,58297,135.725,569,137.03,44.2153,51.2987,143
152,409.2786,57299,135.5,525,133.19,44.3589,51.3728,140
153,409.5455,58565,137.175,551,135.45,44.142,51.0247,143
154,409.9514,59033,136.8,544,135.07,44.4441,51.6565,144
155,411.1986,57979,135.875,537,134.78,44.0326,51.1214,141
156,408.5493,58014,134.8625,563,134.64,44.2843,51.1277,142
157,407.7034,59117,135.0125,546,134.54,44.2487,51.4049,145
158,411.4014,58419,136.525,548,135.99,43.9502,51.2215,142
159,409.8857,57384,136.075,547,135.19,44.1246,51.4723,140
160,417.8369,58915,135.9125,590,135.8,44.3427,51.2311,141
161,420.5141,59713,135.525,551,133.88,43.9141,51.024,142
162,423.3333,60960,137.1375,596,135.53,43.867,51.0582,144
163,426.5493,60570,137.2125,567,133.96,44.0296,51.1884,142
164,424.8056,61172,136.6125,559,135.37,43.9795,51.2893,144
165,423.7286,59322,136.4125,545,134.81,44.2217,51.1348,140
166,424.6338,60298,137.5375,526,134.08,43.864,51.1582,142
167,426.3972,60122,136.3875,534,136.19,43.7333,50.9286,141
168,428.8156,60463,135.9375,539,135.05,44.2954,51.2992,141
169,425.8639,62602,135.7,594,136.07,43.9364,50.657,147
170,423.1929,59247,138.05,587,134.06,43.9927,51.1835,140
171,421.838,59901,136.0625,546,136.04,44.0938,51.2553,142
172,427.7817,60745,137.175,540,135.74,43.9686,51.223,142
173,423.4357,59281,136.125,547,135.34,43.945,51.1541,140
174,420.45,58863,137.1875,531,135.06,44.1359,50.9114,140
175,416.1892,61596,137.6875,549,137.52,43.9482,50.7867,148
176,417.5986,59299,136.575,563,135.3,44.2486,51.1552,142
177,417.5286,58454,135,562,135.62,44.0394,50.9526,140
178,416.3404,58704,135.7625,528,133.89,44.4286,51.4544,141
179,414.05,57967,137.1,570,135.07,44.3813,51.5124,140
180,417.9214,58509,135.4875,547,136.54,44.5293,51.4738,140
181,416.9078,58784,134.4,546,135.77,44.4498,51.3355,141
182,415.2361,59794,136.225,527,135.21,44.033,51.2901,144
183,417.8357,58497,136.7875,532,135.48,44.4937,51.3002,140
184,423.6312,59732,137.4875,553,134.96,43.9146,51.0616,141
185,424.6357,59449,136.775,553,136.08,43.9937,51.037,140
186,428.6028,60433,135.5,579,135.33,43.9873,51.1733,141
187,431.4326,60832,136.7375,604,136.33,44.0032,51.2525,141
188,431.7465,61308,135.3375,568,133.85,44.147,51.1553,142
189,434.3099,61672,135.925,563,134.46,44.2441,51.2319,142
190,435.3,60942,136.3625,571,136.79,44.1062,50.9395,140
191,438.95,61453,136.8625,592,136.72,43.7102,51.1626,140
192,442.5845,62847,137.3625,601,134.76,43.5859,51.0028,142
193,443.8857,62144,136.125,589,134.59,43.6448,50.9285,140
194,443.5461,62540,137.1875,618,134.36,43.3307,50.7576,141
195,435.6071,60985,137.5125,556,134.42,44.1224,51.1157,140
196,435.6786,60995,135.4375,586,134.21,43.5478,50.8276,140
197,426.338,60540,135.225,553,135.6,43.8644,50.9132,142
198,424.7571,59466,136.6,565,134.37,44.3435,51.0748,140
199,419.2042,59527,136.55,533,134.74,43.8763,50.9412,142
200,416.5714,58320,138.325,546,135.43,44.0376,51.1707,140
201,413.7447,58338,137.2,522,134.95,44.2807,51.6131,141
202,411.4207,59656,137.325,554,134.65,44.3886,51.2044,145
203,408.1348,57547,137.3,541,136.62,44.6953,51.4181,141
204,409.1571,57282,136.55,537,135.61,44.1041,51.1155,140
205,409.9786,57397,136.9375,549,135.5,44.5973,51.5752,140
206,409.5571,57338,138.5875,516,135.7,44.3428,51.5343,140
207,405.8085,57219,137.125,527,136.55,45.0337,51.4572,141
208,410.7021,57909,135.7125,527,135.27,44.5401,51.1217,141
209,411.2199,57982,135.2625,529,135.91,44.7114,51.6537,141
210,415.05,58107,136.7875,536,134.69,44.2181,51.0014,140
211,410.1103,59466,136.525,551,136.32,44.44,51.5251,145
212,412.1786,57705,137.6875,539,136.39,44.7112,51.6479,140
213,409.8857,57384,136.825,564,135.82,44.2103,51.2254,140
214,410.0993,57824,138.025,564,134.51,44.8177,51.2508,141
215,405.8369,57223,135.1625,527,134.19,44.5922,51.2812,141
216,409.4406,58550,136.4625,537,135.06,44.4187,51.27,143
217,406.9357,56971,138.7,558,136.08,44.3558,51.4855,140
218,409.9857,57398,138.0875,536,134.84,44.6026,51.3797,140
219,402.8671,57610,135.025,534,133.35,44.6021,51.5836,143
220,410.9504,57944,137.55,555,136.88,44.3506,51.419,141
221,407.6714,57074,136.9875,524,134.83,44.4793,51.4565,140
222,407.2786,57019,134.0625,517,133.84,44.1993,51.3271,140
223,406.1714,56864,135.3125,540,133.75,44.5786,51.5247,140
224,408.5643,57199,136.2625,528,136.45,44.0754,51.391,140
225,409.9429,57392,137.1625,570,134.92,44.9346,51.5496,140
226,403.3566,57680,136.3625,507,135.26,44.7625,51.6922,143
227,408.6525,57620,134.7625,515,133.43,44.541,51.7014,141
228,404.3929,56615,134.825,532,134.46,44.5695,51.225,140
229,406.9643,56975,135.325,558,134.93,44.7396,51.6661,140
230,401.0213,56544,136.3625,504,135.26,44.6139,51.6791,141
231,406.3,56882,136.7,525,135.96,44.742,51.7548,140
232,405.2057,57134,136.5625,540,137.27,44.667,51.8482,141
233,406.1929,56867,136.7125,532,136.34,45.1309,52.0861,140
234,404.9071,56687,138,511,136.22,44.7793,51.6559,140
235,402.7071,56379,135.675,515,134.26,44.7148,51.7484,140
236,406.2128,57276,136.6,528,135.14,44.6682,51.7258,141
237,403.1357,56439,138.35,515,134.47,44.7142,51.3362,140
238,404.5786,56641,136.325,545,135.52,44.2542,51.8716,140
239,403.6383,56913,134.2125,534,133.88,44.9156,51.7304,141
240,405.5786,56781,137.0375,553,135.32,44.5361,51.6504,140
241,406.7429,56944,137.2875,531,135.36,44.6101,51.3604,140
242,406.034,59687,137.375,560,136.64,44.6711,51.6341,147
243,409.5643,57339,135.5375,526,135.88,44.9112,51.5636,140
244,403.5957,56907,136.9125,551,136.32,44.739,51.2485,141
245,403.6667,59339,136.3375,523,136.78,44.5763,51.4663,147
246,404.6127,57455,137.925,522,134.67,44.9696,51.6914,142
247,404.3357,56607,134.9625,566,136.96,44.7017,52.0311,140
248,406.7286,56942,135.6625,546,135.34,44.7623,51.3117,140
249,403.6383,56913,135.65,552,134.1,44.6248,51.4176,141
250,408.6929,57217,137.5625,536,136.39,44.8024,51.6116,140
251,407.8143,57094,135.275,525,134.4,44.5899,51.403,140
252,403.3566,57680,136.1375,518,135.1,44.5795,51.7413,143
253,403.2465,57261,134.3875,541,134.36,44.7061,51.8132,142
254,406.15,56861,135.7125,537,135.41,44.9816,51.8991,140
255,409.75,57365,136.9,533,135.58,44.7185,51.8003,140
256,404.1064,56979,135.4875,539,136.53,44.8129,51.6174,141
257,404.6972,57467,134.6625,547,135.05,44.8306,51.4395,142
258,408.5423,58013,137.2875,562,134.54,44.6511,51.4799,142
259,413.7214,57921,137.2875,525,135.57,44.9047,51.4185,140
260,407.2979,57429,136.6375,516,136.15,44.3756,51.3829,141
261,411.2786,57579,136.3125,541,134.6,44.6936,51.4384,140
262,406.0629,58067,137.325,557,136.66,44.7089,51.836,143
263,409.2786,57299,136.85,561,136.31,44.7385,51.4648,140
264,409.4857,57328,136.775,527,137.15,44.7832,51.5352,140
265,405.9574,57240,136.1,540,134.34,44.8452,51.8219,141
266,411.8723,58074,136.0375,566,136.87,44.417,51.2933,141
267,410.8,57512,136.75,523,134.31,44.7595,51.6595,140
268,409.5816,57751,135.95,546,135.69,44.4154,51.4664,141
269,402.9667,60445,137.5125,517,135.17,44.1714,51.3894,150
270,409.1064,57684,136.2,536,135.31,44.6969,51.5665,141
271,412.0143,57682,137.6125,548,135.5,44.1616,51.6544,140
272,406.9714,56976,135.4,525,135.26,44.4872,51.717,140
273,409.6972,58177,136.025,522,135.46,44.932,51.6438,142
274,410.9437,58354,137.4625,516,135.35,44.2216,51.5518,142
275,409.6429,57350,137.525,563,136.67,45.052,51.7352,140
276,410.3214,57445,135.725,539,135.46,44.4943,51.8518,140
277,407.4857,57048,138.5,537,135.2,44.6843,51.582,140
278,408.331,57983,138.2,538,137.26,44.4691,51.5013,142
279,406.9718,57790,136.8875,512,136.21,44.6057,51.7531,142
280,408.2786,57159,136.7375,526,135.91,44.8861,51.493,140
281,404.2482,56999,138.275,535,135.45,44.6382,51.7704,141
282,407.4357,57041,134.6375,564,135.46,44.603,51.6714,140
283,408.0922,57541,137.7125,543,135.57,44.9217,51.9103,141
284,406.838,57771,135.45,545,135.44,45.0725,51.6044,142
285,405.7762,58026,135.4125,534,134.7,44.5609,51.7124,143
286,404.3286,56606,136.6125,505,135.67,44.8849,51.7326,140
287,406.4714,56906,136.7875,548,135.36,44.7592,51.5562,140
288,401.7746,57052,134.3,528,134.37,44.9214,51.7783,142
289,399.9574,56394,139.9625,512,136.03,44.7883,51.6691,141
290,403.2,56448,136.925,515,133.99,44.6373,51.5762,140
291,402.0704,57094,136.6125,542,135.54,44.865,51.5849,142
292,399.7958,56771,135.325,506,135.6,45.1757,51.643,142
293,396.9574,55971,134.6625,553,135.79,45.2896,51.8027,141
294,399.4,55916,135.9375,550,135.05,44.9299,51.8157,140
295,396.8369,55954,135.7625,520,135.97,44.9517,51.8428,141
296,399.8,55972,136.875,516,136.43,45.3328,51.8873,140
297,399.5674,56339,135.475,521,135.96,45.2724,51.8813,141
298,398.9648,56653,134.5125,512,135.16,45.0576,52.057,142
299,400.383,56454,135.2875,523,134.95,45.0893,51.9894,141
300,397.3121,56021,136.65,499,134.08,44.8405,51.4425,141
301,402.8652,56804,135.85,537,134.78,44.4743,51.4599,141
302,400.9858,56539,136.625,498,136.32,44.616,51.5613,141
303,397.4468,56040,135.325,497,134.85,44.9701,51.8746,141
304,396.4326,55897,134.525,541,134.97,44.6656,51.6674,141
305,399.1538,57079,135.45,529,134.81,44.8644,51.4246,143
306,394.0357,55165,133.7375,507,135,44.7506,51.8185,140
307,396.9007,55963,138.325,496,135.57,44.9292,51.6956,141
308,394.9714,55296,134.8,506,135.55,44.806,52.1348,140
309,397.8865,56102,136.075,513,135.32,44.5065,51.5947,141
310,396.5248,55910,137.0625,503,135.08,44.9305,51.6155,141
311,393.6714,55114,136.4375,558,135.74,44.6577,51.8077,140
312,398.2624,56155,135.5625,524,136.18,44.9612,51.9753,141
313,397.3214,55625,135.8,531,135.82,44.8512,51.8663,140
314,396.9857,55578,137.25,503,135.74,45.07,51.9111,140
315,401.5461,56618,137.6875,520,137.22,44.3923,51.6061,141
316,402.1056,57099,136.675,528,135.7,44.4657,51.4884,142
317,404.4071,56617,135.7875,543,136.46,44.6207,51.5087,140
318,406.7746,57762,136,514,133.38,44.4237,51.5838,142
319,407.6383,57477,138.15,511,136.57,44.0352,51.2418,141
320,411.1549,58384,137.1125,526,135.49,44.1029,51.3142,142
321,416.2817,59112,137.3875,556,134.9,44.1196,51.366,142
322,414.5986,58873,137.1125,524,135.65,44.7025,51.7136,142
323,415.0429,58106,135.5,521,136.25,44.0163,51.4618,140
324,415.6738,58610,136.975,521,135.46,44.4002,51.2692,141
325,413.9366,58779,137.1,525,136.2,44.1677,51.2088,142
326,414.4539,58438,139.2,537,134.56,44.0882,51.2267,141
327,413.5874,59143,136.5125,544,134.96,44.1589,51.2963,143
328,413.6224,59148,137.4125,566,136.28,44.2916,51.2202,143
329,405.7703,60054,137.8375,540,136.78,44.359,51.2613,148
330,406.6549,57745,136.925,508,134.65,44.0985,50.9965,142
331,408.0496,57535,135.05,512,135.24,44.3377,51.5708,141
332,410.6806,59138,136.6,542,137.29,44.2917,51.0544,144
333,411.3617,58002,136.725,520,135.52,44.2365,51.0074,141
334,410.5282,58295,135.9125,534,135.82,44.0313,51.2262,142
335,414.5071,58031,135.0375,534,135.88,44.3394,51.1591,140
336,415.1915,58542,136.75,522,134.55,44.0465,51.0491,141
337,420.9504,59354,137.35,536,135.63,44.2016,51.2601,141
338,425.6357,59589,135.0375,537,135,43.9293,50.7354,140
339,419.0839,59929,135.9125,548,133.48,43.9346,51.1365,143
340,422.2643,59117,138.0625,565,135.95,44.4094,51.2552,140
341,418.9429,58652,136.225,527,134.59,44.1465,51.632,140
342,422.6383,59592,135.0625,568,136.11,44.2459,51.1268,141
343,424.4643,59425,137.6625,520,134.72,43.8921,51.0481,140
344,425.4929,59569,136.3875,530,135.06,43.6643,50.9388,140
345,424.3803,60262,135.125,542,134.51,44.1938,51.0877,142
346,427.6454,60298,137.775,536,134.76,43.7623,51.0394,141
347,422.6357,59169,135.5125,534,137.25,43.8237,51.0165,140
348,423.3611,60964,136,536,135.89,43.7533,51.078,144
349,423.1418,59663,138.7875,533,135.48,43.7237,50.9604,141
350,424.6028,59869,135.2625,547,135.8,43.9032,51.1533,141
351,433.0786,60631,136.8125,535,135.91,43.958,51.0933,140
352,432.6127,61431,136.7875,538,133.71,43.8534,51.0782,142
353,434.234,61227,136.825,531,135,44.1839,51.1063,141
354,433.9,60746,136.275,557,136.22,44.013,51.0276,140
355,429.922,60619,135.975,566,136.02,43.282,50.6947,141
356,431.6738,60866,137.6,531,135.86,43.5365,50.6176,141
357,435.3786,60953,136.2375,540,135.07,44.0829,51.2065,140
358,435.5429,60976,134.5375,576,136.34,44.0794,51.1684,140
359,426.1389,61364,136.2,527,134.59,43.9981,51.1856,144
360,422.0839,60358,136.075,526,137.54,43.6083,51.0182,143
361,423.1875,60939,137.175,542,136.43,43.919,51.3261,144
362,422.0426,59508,135.3625,558,134.87,44.6799,51.7097,141
363,424.5319,59859,135.5125,519,135.07,43.6961,50.5661,141
364,421.6338,59872,134.35,526,133.81,44.0548,51.0181,142
365,419.9155,59628,137.3375,523,135.59,43.7089,50.9568,142
366,417.2324,59247,136.175,528,134.84,43.8588,51.1804,142
367,419.1277,59097,136.525,546,135.68,44.1875,51.0888,141
368,417.7801,58907,138.2,535,135.21,44.1247,51.1134,141
369,412.8085,58206,137.65,525,134.52,44.1699,51.1972,141
370,413.0714,57830,137.8375,525,135.33,43.5922,51.1202,140
371,409.5664,58568,137.1,548,134.76,44.4935,51.1441,143
372,409.2837,57709,136,520,135.14,44.3029,51.4038,141
373,411.4429,57602,137.3625,537,134.99,44.2848,51.378,140
374,409.0643,57269,137.3625,507,136.83,44.2182,51.1756,140
375,408.6479,58028,136.3125,509,136.5,43.939,51.0609,142
376,408.1793,59186,136.6125,525,135.1,43.7813,50.902,145
377,413.5714,57900,139.1625,528,135.35,44.332,51.359,140
378,412.3904,60209,138.2,523,135.7,43.8503,50.9007,146
379,414.4397,58436,136.075,550,136.3,44.5997,51.4514,141
380,410.1986,57838,135.9375,502,136.24,44.8006,51.3934,141
381,406.2199,57277,134.825,514,135.88,44.533,51.5013,141
382,406.1135,57262,135.8,509,134.35,44.3302,51.1735,141
383,401.3147,57388,134.9,515,135.1,44.431,51.4106,143
384,403.7163,56924,135.0375,536,135.17,44.0549,50.9989,141
385,403.4857,56488,136.5125,526,135.75,43.8877,51.2374,140
386,402.9929,56419,137.275,525,136.39,44.9194,51.4196,140
387,399.8811,57183,134.5,519,134.38,44.5049,51.6128,143
388,403.4266,57690,134.35,505,135.61,44.3026,51.1608,143
389,400.7071,56099,138.125,507,134.57,44.7293,51.5298,140
390,394.2778,56776,135.5625,498,135.34,44.7776,51.3917,144
391,396.1268,56250,136.7,513,135.13,44.6036,51.306,142
392,397.7902,56884,135.95,549,135.85,44.8901,51.2982,143
393,398.8521,56637,136.5,493,135.59,44.633,51.4898,142
394,402.0845,57096,135.3125,483,133.77,44.5431,51.3666,142
395,396.6597,57119,134.9875,513,135.24,44.7293,51.8569,144
396,401.7,56238,136.6125,517,135.46,44.3611,51.6621,140
397,404.5106,57036,137.4625,517,135.68,44.5648,51.027,141
398,405.6,56784,134.575,522,135.5,44.3056,51.5342,140
399,409.8286,57376,135.3875,511,136.32,43.846,50.862,140
400,414.3286,58006,136.375,542,135.15,44.619,51.7143,140
401,415.95,58233,134.5375,541,134.06,44.1532,51.035,140
402,423.2695,59681,136.4625,537,135.15,43.9166,51.1801,141
403,421.9645,59497,135.575,525,135.46,43.8106,51.1888,141
404,420.4014,59697,135.875,516,134.42,43.6216,51.0503,142
405,421.4929,59009,135.375,542,136.52,43.595,50.8194,140
406,426.3759,60119,136.1125,520,135.47,43.735,50.932,141
407,428.3333,60395,137.125,523,135.52,43.5857,51.1169,141
408,422.4167,60828,136.2625,523,134.59,43.6344,50.692,144
409,422.1489,59523,137.2125,536,135.94,43.7345,51.3482,141
410,422.3,59122,138.3375,541,134.73,43.905,51.2341,140
411,422.9504,59636,138.3375,539,138.02,44.0489,51.185,141
412,419.9357,58791,137.3625,557,135.57,43.8394,51.1013,140
413,422.089,61625,137.3,509,135.74,43.6272,51.1938,146
414,422.0486,60775,137.25,556,134.67,43.8615,51.1463,144
415,418.7552,59882,136.325,546,135.84,43.4221,50.9158,143
416,423.2624,59680,138.575,549,135.77,43.8079,51.0115,141
417,416.3571,58290,136.325,528,134.57,44.1419,51.3496,140
418,411.1189,58790,135,524,133.77,43.9198,51.1591,143
419,404.7931,58695,134.225,497,134.55,44.4815,51.3857,145
420,408.8227,57644,137.7125,515,134.52,44.8499,51.4451,141
421,403.7517,58544,135.0875,492,135.55,44.1943,51.1714,145
422,406.2071,56869,136.6375,525,134.9,44.7212,51.2231,140
423,403.2929,56461,137.35,524,134.53,44.7567,51.404,140
424,401.1197,56959,137.5125,515,135.42,44.7838,51.7599,142
425,400.5282,56875,134.25,502,133.98,44.6452,51.6199,142
426,400.1064,56415,136.8,533,136.46,44.3501,51.39,141
427,402.0929,56293,136.9875,496,133.56,44.5288,51.2187,140
428,399.9225,56789,135.675,520,133.98,44.2404,51.319,142
429,398.2786,55759,137.375,507,134.45,44.8157,51.6824,140
430,399.5282,56733,136,501,136.71,44.2164,51.3396,142
431,400.0211,56803,135.75,487,134.87,44.2637,51.1885,142
432,402.7071,56379,137.15,520,135.1,44.5992,52.1025,140
433,399.4357,55921,136.8375,499,135.16,44.7645,51.5582,140
434,397.3121,56021,136.0125,496,135.28,44.3971,51.5497,141
435,397.4126,56830,136.2375,491,135.86,45.0758,51.7836,143
436,398.0786,55731,135.7375,515,136,44.7329,51.5539,140
437,398.8643,55841,136.3875,488,133.88,44.7634,51.7439,140
438,396.3,55482,135.5125,486,135.19,44.9557,51.9469,140
439,395.1656,59670,137.05,507,134.17,44.6794,51.5111,151
440,390.3714,54652,136.4875,515,134.64,44.4649,51.7749,140
441,397.9929,55719,136.85,518,136.14,44.9398,51.6586,140
442,393.3429,55068,135.65,524,134.19,44.6826,51.9568,140
443,396.6786,55535,136.425,528,134.86,44.5494,51.223,140
444,395.0922,55708,136.1375,547,135.5,44.7326,51.6915,141
445,394.9,55286,135.325,485,136.31,44.7718,51.3822,140
446,397.493,56444,135.4,515,135.78,44.8544,51.7267,142
447,398.5704,56597,136.525,515,135.35,44.8433,51.7325,142
448,397.7714,55688,135.5,524,135.33,44.6167,51.9214,140
449,396.5685,57899,136.3,505,133.49,44.4185,51.4734,146
450,392.4043,55329,135.3125,508,135.13,44.7026,51.6634,141
451,392.8,54992,136.425,536,135.74,44.6262,51.7005,140
452,398.6071,55805,136.725,497,134.86,44.4959,51.7763,140
453,391.9789,55661,137.3875,488,134.24,44.3962,51.3851,142
454,393.9429,55152,136.0625,487,134.5,44.3164,51.5741,140
455,397.7714,55688,136.8375,538,135.58,45.1596,51.8012,140
456,394.6571,55252,134.9625,514,135.36,44.2861,51.7837,140
457,391.0922,55144,133.975,488,135.4,44.8834,51.694,141
458,391.3732,55575,136.2875,505,135.98,45.103,52.16,142
459,391.4825,55982,138.7625,492,136.29,44.6328,51.6222,143
460,391.5248,55205,137.4125,493,136.85,45.008,51.8234,141
461,391.1714,54764,136.125,494,134.72,44.8639,51.5653,140
462,388.8071,54433,137.925,486,135.7,44.8766,52.1667,140
463,386.9034,56101,135.25,519,135.17,45.1271,51.7532,145
464,389.3007,55670,134.225,511,136.33,44.6609,51.9303,143
465,390.7571,54706,137.1125,487,137.13,44.7765,51.7986,140
466,393.8732,55930,135.5,501,134.26,45.1963,51.7681,142
467,391.3214,54785,135.25,500,133.78,44.6616,51.7535,140
468,390.4071,54657,136.6875,476,135.33,45.2042,52.0559,140
469,387.6786,54275,135.8,474,134.62,45.1552,52.0591,140
470,391.0786,54751,135.075,531,135.13,44.9198,51.6444,140
471,387.2199,54598,135.875,497,134.67,44.9386,51.5857,141
472,391.8214,54855,137.6375,470,136.62,45.2175,51.879,140
473,388.95,54453,136.3375,465,137.17,45.2117,51.9652,140
474,390.4859,55449,135.025,518,133.35,45.2125,51.8791,142
475,391.9433,55264,135.7375,498,135.17,45.2487,51.868,141
476,387.2571,54216,135.025,516,135.9,44.9268,51.9619,140
477,389.9655,56545,135.8875,497,135.01,44.8661,52.0982,145
478,391.2979,55173,135.7625,491,135.88,45.0439,51.9929,141
479,390.6429,54690,136.25,525,135.44,44.9745,51.7983,140
480,387.3944,55010,135.5875,514,136.33,44.9684,51.8536,142
481,389.2042,55267,136.825,480,135.15,45.2975,52.4902,142
482,387.2069,56145,137.8,488,135.98,45.0629,51.9255,145
483,384.0423,54534,135,481,134.67,45.0638,52.2325,142
484,388.9571,54454,136.925,481,134.67,45.0434,51.6176,140
485,387.2042,54983,135.9125,504,134.32,45.4332,51.907,142
486,383.3714,53672,134.95,471,134.39,45.6795,52.5945,140
487,387.3357,54227,134.8,493,135.76,45.5727,52.3101,140
488,385.6528,55534,136.85,481,136.11,45.1082,52.0608,144
489,387.7643,54287,135.25,482,133.61,44.9487,51.9564,140
490,386.7234,54528,136.55,511,134.49,44.8842,51.6342,141
491,388.0071,54321,136.7,487,134.65,45.0971,51.9965,140
492,383.5887,54086,135.6625,497,134.87,44.7101,51.7321,141
493,385.6434,55147,136.0375,493,135.37,44.8853,52.0497,143
494,383.4681,54069,136.2375,470,135.05,45.2394,52.2296,141
495,387.4468,54630,136.025,463,134.86,44.9825,52.0823,141
496,382.7429,53584,135.4375,486,135.34,44.6834,52.0292,140
497,382.5411,55851,135.0375,464,136.01,45.4474,52.1566,146
498,383.6923,54868,136.3875,501,134.82,45.3235,52.2163,143
499,379.2867,54238,137.3875,471,134.81,44.9851,52.3481,143
500,381.338,54150,136.8625,482,136.24,44.9626,52.1225,142
501,380.2817,54000,136.8,471,135.64,44.839,51.9554,142
502,381.2429,53374,136.1875,495,133.79,45.4724,51.8779,140
503,379.8014,53552,136.05,470,134.81,45.8552,52.3611,141
504,379.9,53186,136.5375,479,136.53,45.4766,52.7811,140
505,377.8099,53649,136.2375,468,135.41,45.1538,52.1871,142
506,377.6429,52870,136.1375,467,135.35,44.9441,51.974,140
507,379.9789,53957,135.175,491,134.91,45.491,52.0908,142
508,375.1986,54779,134.8375,473,133.57,45.9063,52.2378,146
509,381.2929,53381,134.15,477,134.89,45.777,52.221,140
510,376.6312,53105,135.1375,455,134.64,45.5966,52.1988,141
511,378.8521,53797,137.55,475,136.12,45.6237,52.5559,142
512,378.9357,53051,134.9625,471,133.99,45.3449,52.4859,140
513,379.0429,53066,136.5125,509,136.61,45.5294,52.2508,140
514,377.6357,52869,135.025,465,135.93,45.9293,52.5485,140
515,375.723,55607,135.15,479,134.43,45.0362,51.972,148
516,377.2606,53571,136.8625,482,136.22,45.6932,52.7271,142
517,378.5643,52999,136.4375,465,134.3,45.0636,52.0872,140
518,380.4894,53649,136.65,488,135.77,45.3511,52.0834,141
519,380.0071,53201,136.35,515,135.16,45.4407,52.6599,140
520,382.2908,53903,136.6875,473,135.61,45.9334,52.8162,141
521,380.9789,54099,135.575,466,135.19,45.9707,52.3195,142
522,378.5563,53755,134.85,486,134.12,45.6387,52.4181,142
523,382.5714,53560,136.4875,489,134.63,45.4571,52.2539,140
524,382.0986,54258,135.5875,486,135.08,45.1629,52.0281,142
525,382.1643,53503,135.75,514,137.05,45.6709,52.4404,140
526,383.9792,55293,135.8375,476,134.89,45.5906,52.8149,144
527,386.0345,55975,138.7625,476,137.06,45.621,52.651,145
528,385.55,53977,137.2,481,135.81,45.2027,52.3964,140
529,390.5319,55065,134.4625,480,134.06,44.6318,52.1753,141
530,385.8014,54398,135.5375,472,134.77,45.3377,52.3923,141
531,387.2571,54216,137.6,489,136.69,45.0192,52.1241,140
532,390.766,55098,136.45,499,135.55,44.8454,52.0509,141
533,392.7143,54980,136.6625,478,134.53,44.9104,51.8026,140
534,387.6111,55816,136.0875,496,135.96,45.3121,52.065,144
535,390.4184,55049,136.1625,489,134.41,44.9328,51.7048,141
536,389.383,54903,135.3625,508,134.79,44.8514,52.0402,141
537,390.0643,54609,137.7875,472,135.78,45.2953,52.2623,140
538,386.1915,54453,135.4875,509,135.76,45.3088,52.1574,141
539,387.8028,55068,135.5875,494,133.74,45.3938,52.3023,142
540,386.4929,54109,135.525,474,135.37,45.5026,52.0147,140
541,382.0559,54634,136.0125,465,134.49,45.8301,52.4468,143
542,386.7872,54537,135.1375,483,134.99,45.3486,52.3185,141
543,383.25,55188,137.5375,472,135.94,45.361,52.1032,144
544,383.6056,54472,136.425,487,134.6,45.5545,52.2103,142
545,385.5,53970,134.9875,481,134.78,45.2094,52.2603,140
546,383.9722,55292,134.9,474,133.95,45.6781,52.1227,144
547,387.5857,54262,136.7375,533,135.85,45.3625,52.166,140
548,387.2979,54609,137.4125,480,134.93,44.9067,51.822,141
549,390.8298,55107,135.2875,538,135.92,44.8905,52.0327,141
550,388.4255,54768,136.4375,480,135.04,45.4018,51.8994,141
551,389.1056,55253,137.6625,478,135.92,45.1786,52.4088,142
552,386.4043,54483,135.95,467,134.08,45.3254,52.4338,141
553,387.773,54676,136.7125,471,133.56,45.2125,52.2736,141
554,391.9648,55659,138.025,515,135.56,44.6107,51.7322,142
555,390.1862,56577,136.9125,482,134.55,44.5281,51.9867,145
556,389.6809,54945,136,468,133.96,44.6175,51.7613,141
557,389.4056,55685,136.4375,525,135.5,44.0975,51.5266,143
558,389.617,54936,135.9625,491,135.22,45.6399,52.4948,141
559,389.0643,54469,137.8,525,136.9,44.6181,51.8326,140
560,392.539,55348,136.875,507,134.71,45.4037,52.3866,141
561,388.8723,54831,137.7875,472,136.89,45.3533,52.5015,141
562,388.4178,56709,135.5875,486,134.78,44.5464,51.9772,146
563,392.7746,55774,135.85,462,136.65,45.2367,51.8429,142
564,387.9507,55089,134.95,506,135.04,44.7315,52.105,142
565,389.5385,55704,136.95,483,134.77,44.7877,51.6577,143
566,390.4143,54658,134.7875,500,134.05,45.1254,52.3044,140
567,386.0634,54821,136.5,454,135.39,45.0476,52.0211,142
568,383.932,56438,135.1875,469,134.32,45.3573,52.632,147
569,387.1127,54970,136.725,507,135.37,45.0833,51.9931,142
570,390.4681,55056,134.975,481,135.37,45.2936,52.3298,141
571,388.4468,54771,136.2875,466,135.35,45.162,52.1071,141
572,383.1972,54414,135.3875,475,134.63,44.9892,51.9079,142
573,386.4214,54099,135.7,474,135.13,45.5373,52.7268,140
574,386.2571,54076,136.8125,494,136.75,46.014,52.2246,140
575,388.5664,55565,137.9375,498,135.81,45.2006,51.9513,143
576,386.5352,54888,134.5375,484,134.21,45.3796,52.2408,142
577,387.5106,54639,136.325,507,135.74,45.3777,52.1701,141
578,388.2979,54750,135.9375,483,135.54,45.4784,52.2106,141
579,385.8944,54797,135.85,499,135.41,45.8991,52.2608,142
580,382.6214,53567,135.3875,469,134.91,45.5769,52.3822,140
581,383.6071,53705,135.575,480,135.71,46.0063,52.5175,140
582,378.1348,53317,135.175,488,134.72,45.7088,52.4555,141
583,381.4789,54170,135.3375,482,134.43,45.6487,52.4627,142
584,379.773,53548,135.0125,469,134.52,45.6291,52.4021,141
585,379.9577,53954,137.2,458,135.7,45.3322,52.0164,142
586,378.2897,54852,138.1875,477,135.69,45.4021,52.8218,145
587,376.7286,52742,136.525,449,134.73,45.9335,52.4125,140
588,375.9429,52632,134.5875,479,134.32,45.7861,52.9874,140
589,375.6127,53337,136,477,134.19,45.5095,52.5042,142
590,376.9787,53154,135.725,464,134.55,45.5158,52.7139,141
591,373.4714,52286,136.3125,469,134.78,45.9488,52.4481,140
592,374.9793,54372,134.8375,457,135.74,45.6922,52.72,145
593,372.9371,53330,136.2625,460,135.37,45.9724,52.5646,143
594,376.0141,53394,134.7875,470,135.68,46.1143,52.6497,142
595,373.7273,53443,135.025,470,134.17,45.7881,52.7304,143
596,377.7,52878,135.6875,499,136.12,45.5304,52.6539,140
597,376.9231,53900,135.4,487,133.18,45.8468,52.37,143
598,373.6111,53800,136.425,450,135.16,45.6192,52.7575,144
599,380.9858,53719,134.3875,491,134.12,45.8055,52.4275,141
600,376.8714,52762,135.775,454,134.21,45.7785,52.8269,140
601,376.7643,52747,136.2375,479,133.41,45.6229,52.5746,140
602,379.5603,53518,135.45,464,133.45,45.6384,52.5932,141
603,376.5887,53099,136.575,465,135.47,45.3776,52.5745,141
604,376.15,52661,137.0625,470,135.56,46.2382,52.674,140
605,377.3662,53586,135.4,468,135.33,46.0472,52.8944,142
606,374.3571,52410,137.25,485,135.68,46.2583,52.8282,140
607,375.5664,53706,134.675,485,134.97,45.6881,52.8266,143
608,373.5986,53051,136.25,482,134.96,45.6486,52.3063,142
609,375.4184,52934,135.925,501,133.69,45.5923,52.4397,141
610,378.9143,53048,136.675,505,135.41,45.8181,52.6138,140
611,376.619,55363,135.7625,481,134.48,45.9283,52.1076,147
612,375.1348,52894,134.1875,471,134.75,45.9328,52.446,141
613,375.6383,52965,135.8,461,135.81,45.8597,52.4795,141
614,376.6901,53490,138.0375,464,136,45.8443,52.5877,142
615,378.7571,53026,136.3,474,134.33,45.6147,52.2037,140
616,373.0709,52603,135.4875,458,134.66,46.1263,52.6812,141
617,376.5248,53090,135.025,483,135.01,45.2641,52.2384,141
618,382.8369,53980,138,463,135.74,45.9237,52.7409,141
619,376.5833,54228,134.95,459,134.31,45.9615,52.5858,144
620,378.7021,53397,135.4375,457,134.18,45.3867,52.5495,141
621,374.1528,53878,135.575,465,135.35,45.5436,52.3486,144
622,380.0986,53974,136.4875,480,137.05,45.7925,52.4857,142
623,376.9643,52775,136.6,486,136.2,45.9161,52.5472,140
624,377.1448,54686,138.475,489,137.94,45.235,52.3349,145
625,378.05,52927,135.35,469,133.72,45.444,52.307,140
626,378.1408,53696,137.15,473,133.6,45.6612,52.59,142
627,375.6571,52592,136.3125,461,134.84,45.4477,52.6137,140
628,378.2746,53715,137.4625,479,135.86,45.6252,52.4159,142
629,380.6667,53674,135.575,466,134.27,45.2656,51.9467,141
630,377.8714,52902,135.7625,480,137.16,45.4409,52.6665,140
631,375.8643,52621,135.0125,475,136.71,45.6667,52.5337,140
632,375.9214,52629,136.7375,495,134.69,45.7546,52.4572,140
633,374.4859,53177,136.725,453,135.13,45.1322,52.2907,142
634,378.3028,53719,135.15,477,133.66,45.9585,52.4627,142
635,376.9929,53156,134.6125,487,134.9,45.5916,52.3906,141
636,378.1786,52945,136.0875,464,134.49,45.8318,52.5017,140
637,380.9648,54097,135.75,461,134.21,45.7921,52.5623,142
638,379.8369,53557,136.1875,458,135.4,45.5291,52.4893,141
639,379.1678,54221,133.8875,488,134.61,45.9486,52.5282,143
640,374.4414,54294,135.7375,456,134.83,44.9509,51.9364,145
641,382.3333,53909,134.65,465,134.24,45.3594,52.4138,141
642,381.5,54936,136.2625,494,134,45.4948,52.1141,144
643,379.5068,55408,137.1,494,135.05,45.3339,52.5323,146
644,380.7234,53682,136.025,461,134.75,45.5587,52.6951,141
645,381.7143,53440,136.725,465,136.45,45.0929,51.9983,140
646,379.3429,53108,135.225,461,136,45.6088,52.2123,140
647,378.8786,53043,135.1625,454,135.22,45.1259,52.3157,140
648,380.5764,54803,137.7,468,134.58,44.9856,52.1132,144
649,378.8873,53802,136.875,458,136.15,45.2149,52.239,142
650,376.0208,54147,135.3625,479,133.98,45.4343,52.2083,144
651,377.6429,52870,136.125,463,133.89,45.688,52.4157,140
652,381.8857,53464,136.2,456,135.21,45.461,52.4269,140
653,379.0704,53828,140.475,473,135.69,45.2914,51.8863,142
654,376.5035,53087,136.325,476,135.01,46.056,52.1778,141
655,378.1761,53701,135.425,480,133.22,45.2325,51.9394,142
656,377.75,52885,138.4375,488,134.42,45.1123,52.0374,140
657,376.1655,54544,135.875,484,133.25,45.0679,51.7532,145
658,382.3357,53527,135.425,469,134.2,45.0517,52.3005,140
659,384.1357,53779,138.275,505,134.77,45.8037,52.1629,140
660,384.0139,55298,137.25,499,135.26,44.8205,51.9764,144
661,388.7,54418,135.775,518,135.5,45.3351,51.9765,140
662,382.2808,55813,136.025,488,134.59,45.1598,52.5831,146
663,387.7714,54288,138.925,490,136.6,45.2227,51.9942,140
664,387.2837,54607,134.75,488,135.05,45.7568,52.3593,141
665,388.1844,54734,134.75,493,133.49,44.8701,52.0703,141
666,388.9155,55226,135.85,473,134.68,44.9824,51.6764,142
667,394.9437,56082,134,514,135.22,45.277,52.0806,142
668,390.9172,56683,136,503,135.45,45.1462,52.3508,145
669,388.9241,56394,136.35,478,133.78,44.8523,51.7897,145
670,388.5957,54792,135.7625,492,135.24,45.0068,52.7185,141
671,390.0709,55000,136.3875,527,135.48,45.4044,52.4404,141
672,380.7324,54064,136.0125,458,133.92,45.0552,52.191,142
673,387.9149,54696,135.475,481,134.92,45.8137,52.2072,141
674,381.4718,54169,135.2125,457,133.91,44.9887,52.5477,142
675,383.493,54456,136.125,483,134.75,45.6164,52.5062,142
676,379.2797,54237,133.7,468,135.41,45.672,52.3187,143
677,374.3082,54649,135.0625,477,133.03,45.4896,52.3987,146
678,382.3571,53530,136.15,485,135.23,45.6076,52.5823,140
679,376.6761,53488,136.2125,497,134.89,45.9176,52.2746,142
680,373.8099,53081,136.525,473,135.67,46.2373,52.289,142
681,375.8028,53364,136.4375,434,135.38,45.2424,52.5217,142
682,373.4155,53025,137.2625,455,135.16,45.9565,52.5679,142
683,370.4859,52609,134.0875,468,133.39,45.6608,52.4881,142
684,373.7413,53445,137.0625,460,135.79,45.8678,52.2524,143
685,373.5704,53047,135.6,456,134.62,45.4547,51.8419,142
686,370.4097,53339,135.5375,457,134.51,45.8478,52.4072,144
687,374.5069,53929,136.2875,464,135.2,46.1407,52.8149,144
688,371.4276,53857,135.5125,472,134.67,45.8472,52.9111,145
689,372.5319,52527,135.9875,468,135.16,45.5027,52.5081,141
690,367.6571,51472,136.6125,442,134.77,45.4609,52.4467,140
691,371.5704,52763,136.625,479,134.83,45.8234,52.5331,142
692,370.05,51807,136.825,475,136.36,45.5003,52.4265,140
693,369.3191,52074,136.05,462,134.81,46.478,52.7652,141
694,367.8828,53343,136.875,485,133.7,45.8555,52.539,145
695,367.8014,53699,135.6625,455,134.42,46.4114,52.8326,146
696,367.0476,53956,135.525,449,136.16,45.6877,52.5292,147
697,371.305,52354,134.5375,477,135.41,46.1559,52.6216,141
698,371.1702,52335,134.1375,455,134.23,45.7763,52.4317,141
699,370.0643,51809,135.725,466,133.27,45.7259,52.5721,140
700,369.7857,51770,136.85,451,135.72,45.6058,52.287,140
701,370.9225,52671,135.2,468,134.54,45.9182,52.2471,142
702,370.3071,51843,134.4125,466,134.74,45.6883,51.8809,140
703,370.6571,51892,135.5125,474,133.75,46.0001,52.9652,140
704,371.4718,52749,134.5,452,134.09,45.7344,52.1714,142
705,373.1429,52240,135.75,451,134.52,45.5164,52.3139,140
706,371.5486,53503,134.8875,451,134.75,45.6914,52.1588,144
707,375.2394,53284,136.425,460,134.63,45.6966,52.4331,142
708,374.8897,54359,136.45,467,135.55,46.1179,52.8993,145
709,373.021,53342,135.6125,446,133.99,45.3288,52.2285,143
710,373.2624,52630,136.35,475,136.37,45.1349,52.1921,141
711,376.8542,54267,135.725,491,134.35,45.3921,52.1993,144
712,378.1786,52945,135.775,471,136.13,45.5333,52.2743,140
713,382.1786,53505,135.6,489,135.26,45.5574,52.4603,140
714,383.2361,55186,135.6625,488,135.61,45.4688,52.3637,144
715,383.0486,55159,135.6,490,134.27,45.6144,52.3235,144
716,384.7305,54247,135.9375,470,134.07,45.0025,52.2574,141
717,379.8,53172,137.4125,463,135.39,45.2098,52.8295,140
718,384.0903,55309,135.5625,488,135.04,45.0893,52.3845,144
719,384.7273,55016,135.3375,470,135.51,45.8699,52.5572,143
720,382.5177,53935,135.4125,454,135.04,44.8264,52.0836,141
721,386.7143,54140,134.725,462,134.06,44.8404,52.367,140
722,391.6783,56010,136.275,479,135.09,45.3483,52.0748,143
723,393.1571,55042,135.0625,469,134.32,45.0167,52.2259,140
724,391.4444,56368,135.4125,467,134.04,45.1615,52.4578,144
725,392.8227,55388,136.275,464,135.89,45.6411,52.6659,141
726,393.6759,57083,135.55,487,134.21,45.1858,52.71,145
727,393.3793,57040,137.2,522,135.11,44.8608,52.2445,145
728,393.6268,55895,135.4875,506,134.09,45.025,52.0534,142
729,388.9797,57569,135.65,485,134.36,44.5804,52.0752,148
730,389.2929,54501,135.325,472,135.15,45.2709,52.2161,140
731,386.6738,54521,135.05,483,135.33,44.7053,52.2645,141
732,386.8936,54552,138.85,471,134.14,45.4797,52.3936,141
733,384.7606,54636,135.7,459,133.57,45.1834,52.3479,142
734,380.8767,55608,135.875,451,134.46,45.1582,51.8915,146
735,380.3429,53248,137.375,480,136.39,45.2201,52.2345,140
736,383.4468,54066,136.7875,468,135.19,45.5382,52.7102,141
737,377.7606,53642,138.425,475,136.5,45.1902,52.2286,142
738,378.0903,54445,137.0875,491,135.01,45.9657,52.422,144
739,381.5106,53793,136.9,473,134.74,45.9556,52.7078,141
740,381.1643,53363,134.45,464,134.31,45.9671,52.3596,140
741,384.0979,54926,136.825,490,134.63,45.1893,52.5721,143
742,383.5714,53700,137.225,452,134.26,45.793,52.4167,140
743,385.6571,53992,135.725,485,135.95,45.544,52.6082,140
744,388.958,55621,136.1875,493,134.75,45.6051,52.2495,143
745,386.0929,54053,138.0625,460,137.03,45.4779,52.2831,140
746,381.0355,53726,136.9625,469,133.32,45.0782,52.2945,141
747,383.5071,53691,137.2125,475,134,45.2184,52.6892,140
748,381.9014,54230,135.7625,476,135.1,45.3601,52.5236,142
749,380.8643,53321,135.5875,452,133.73,45.5696,52.279,140
750,378.8571,53040,135.3375,453,135.12,45.9203,52.5802,140
751,377.9571,52914,135.4375,473,134.12,45.9522,53.0755,140
752,376.6071,52725,135.4,484,134.59,45.2523,52.0744,140
753,378.3357,54102,135.6875,465,134.44,45.3445,51.947,143
754,375.7986,54115,136.725,474,133.69,45.3947,52.5743,144
755,376.6483,54614,137.125,441,136.05,45.6125,52.7644,145
756,375.383,52929,135.4875,463,135.48,45.5399,52.5342,141
757,373.8227,52709,137.8875,470,135.51,46.01,52.5153,141
758,370.9648,52677,136.175,477,133.53,45.8032,52.7826,142
759,368.2643,51557,137.225,452,135.05,46.1762,52.2845,140
760,369.9149,52158,135.9125,457,136.06,45.9917,53.1116,141
761,369.2676,52436,135.8,448,134.6,45.8947,52.7046,142
762,370.078,52181,136.7125,436,135.12,45.9912,52.7726,141
763,369.6138,53594,134.6875,450,135.05,46.1322,53.1529,145
764,370.8881,53037,136.775,451,134.93,45.9492,52.3875,143
765,371.2887,52723,134.9375,470,134.9,45.541,52.7396,142
766,367.7429,51484,135.5,463,134.76,46.0104,52.565,140
767,368.0347,52997,135.0125,451,135.8,45.83,52.7421,144
768,368.3239,52302,136.6125,434,134.58,45.706,52.4024,142
769,367.9577,52250,136.1375,469,134.76,45.8926,52.8988,142
770,368.3,51562,136.825,440,135.11,46.1139,52.7471,140
771,367.8936,51873,134.75,455,134.37,45.648,53.135,141
772,367.8699,53709,134.0125,457,133.6,45.8644,53.116,146
773,367.8357,51497,135.3625,473,133.07,45.9855,52.8932,140
774,367.539,51823,135.9375,454,135.99,46.3035,52.6915,141
775,365.8904,53420,135.7375,453,134.76,46.0094,53.0538,146
776,364.7887,51800,137.1,492,135.55,45.9499,52.6161,142
777,366.5248,51680,135.8,456,134.36,45.6612,52.8481,141
778,367.3475,51796,136.6125,449,135.52,45.9337,53.0838,141
779,366.8143,51354,136.0125,466,134.14,46.2689,52.9096,140
780,367.4468,51810,135.0625,464,134.09,46.0574,53.0026,141
781,370.9034,53781,133.625,449,134.58,46.047,53.0192,145
782,372.0214,52083,134.0875,441,134.44,45.8912,52.9159,140
783,374.45,52423,136.075,468,135.37,45.4645,52.5478,140
784,375.1027,54765,135.1875,476,134.84,45.4748,52.7506,146
785,377.7014,54389,135.2375,453,136.47,45.5454,52.3966,144
786,383.3662,54438,135.1875,476,134.43,45.6599,52.4069,142
787,381.1429,53360,135.2,465,136.04,45.3532,52.6393,140
788,379.6972,53917,134.4375,462,134.29,45.4361,52.7224,142
789,383.2071,53649,136.4875,471,135.38,45.8766,52.5083,140
790,381.0207,55248,133.6625,445,132.71,45.2795,52.2605,145
791,385.5352,54746,135.5625,459,134.39,45.4308,52.6588,142
792,382.1357,53499,136.125,479,134.38,45.433,52.4768,140
793,380.1408,53980,135.3125,471,133.82,45.3374,52.3684,142
794,376.6479,53484,136.0625,464,133.97,45.7129,52.587,142
795,376.3451,53441,136.1625,451,135.4,45.7527,52.928,142
796,374.85,52479,135.8,462,135.03,45.3186,52.4073,140
797,373.4965,52663,134.4125,461,132.94,45.6494,53.0223,141
798,371.1824,54935,135.8,453,134.9,45.868,52.5404,148
799,372.4577,52889,135.375,464,135.03,45.8205,52.9634,142
800,373.4643,52285,133.975,449,134.24,45.4433,52.6137,140
801,371.1806,53450,135.7375,465,133.85,45.9758,52.9133,144
802,373,53339,136.5,477,135.66,45.8304,52.7391,143
803,373.0857,52232,136.675,454,135.96,46.0927,52.9115,140
804,369.8865,52154,134.825,475,134.52,46.0972,52.6651,141
805,368.0214,51523,136.6875,449,136.27,45.8983,52.7924,140
806,369.7571,51766,136.525,464,135.25,45.8335,53.0398,140
807,366.7643,51347,135.3125,434,134.36,45.8914,52.8087,140
808,371.4113,52369,136.2,460,135.19,46.1143,52.9142,141
809,371.6879,52408,135.2,460,134.96,46.488,53.1871,141
810,369.0612,54252,136.525,451,135.56,45.7036,52.8205,147
811,371.7143,52040,138.525,452,136.14,46.1988,52.9421,140
812,373.3143,52264,134.7375,460,134.49,45.8333,52.9419,140
813,372.7643,52187,134.5625,468,134.61,46.2553,52.8898,140
814,367.7083,52950,135.0625,469,134.24,45.5313,53.27,144
815,373.922,52723,135.2,461,133.36,46.1731,53.0216,141
816,370.7786,51909,136.125,437,134.42,45.8049,53.0083,140
817,370.1214,51817,135.3875,444,135.17,46.5064,52.8936,140
818,364.8357,51077,134.4875,449,133.9,45.9764,53.0011,140
819,369.4,51716,137.25,435,134.14,46.2227,52.7722,140
820,366.9643,51375,135.475,431,133.41,46.1174,53.2181,140
821,363.2138,52666,134.5375,443,133.32,46.5335,53.2815,145
822,368.0634,52265,135.25,442,135.24,46.2495,53.1971,142
823,368.4113,51946,134.8375,465,134.94,46.36,52.7909,141
824,366.1277,51624,137.175,445,135.9,46.4813,53.5107,141
825,363.9085,51675,135.7625,432,134.72,46.2732,52.9663,142
826,369.05,51667,135.5125,452,134.47,45.9723,52.563,140
827,364.4071,51017,137.525,429,134.38,45.7797,53.1592,140
828,368.7801,51998,136.1,467,134.69,46.1458,53.0251,141
829,369.7133,52869,135.7625,493,134.86,46.5223,53.0338,143
830,373.8571,52340,137.175,446,134.71,45.9055,52.5696,140
831,371.6549,52775,136.125,434,134.82,45.8937,52.3751,142
832,371.922,52441,136.2375,459,135.04,45.8693,53.0948,141
833,375.3972,52931,136.5125,452,134.38,45.6476,53.0778,141
834,380.3099,54004,136.475,451,135.01,45.6466,52.6903,142
835,385.8357,54017,135.2625,476,134.68,44.9841,52.4893,140
836,384.4184,54203,137.425,475,134.74,45.4129,52.4107,141
837,385.1844,54311,135.55,458,135.3,45.9529,52.7769,141
838,383.0211,54389,136.375,455,134.89,45.1353,52.5639,142
839,383.6879,54100,136.1375,481,135.93,45.784,52.9782,141
840,378.5571,52998,134.7375,457,134.21,45.763,52.8185,140
841,376.7376,53120,136.7,473,135.02,45.5478,52.7503,141
842,377.4894,53226,137.7,468,137.18,45.8903,52.8179,141
843,373.7635,55317,135.325,452,134.1,45.7447,52.8325,148
844,369.6871,54344,135.575,469,135.7,45.6473,52.7375,147
845,367.7808,53696,135.0125,472,134.88,45.8633,53.1523,146
846,371.7786,52049,136.45,476,137.03,46.1772,53.0259,140
847,370.5461,52247,136.6,466,134.27,45.8838,53.095,141
848,369.2465,52433,138.025,443,136.78,46.4683,53.0962,142
849,369.5141,52471,135.9875,445,133.86,46.5248,52.8529,142
850,366.7483,52445,136.2,438,134.94,46.0041,53.1596,143
851,367.3521,52164,135.4375,463,135.38,46.1343,52.6641,142
852,366.6667,51700,138.0875,448,134.12,46.4722,53.46,141
853,367.4552,53281,136.775,473,135.98,46.1973,52.9412,145
854,366.4861,52774,135.2375,448,134.96,46.2376,53.1757,144
855,364.6267,54694,136.3625,438,134.56,45.732,52.9054,150
856,365.6667,51559,134.4125,447,135.01,46.1678,53.3248,141
857,367.4444,52912,133.1,458,133.02,45.7636,53.0804,144
858,366.531,53147,136.625,445,135.68,46.4741,52.5997,145
859,371.7042,52782,136.6,458,134.89,46.275,52.6135,142
860,368.7972,52738,136.1625,455,134.04,45.7703,52.8811,143
861,367.1418,51767,135.375,445,133.47,46.2499,53.1202,141
862,369.2429,51694,135.4375,443,133.99,45.7304,53.2781,140
863,367.65,51471,134.65,466,133.1,45.9126,52.8959,140
864,365.7431,52667,134.675,444,135.92,46.2014,52.9647,144
865,369.2897,53547,136.7875,437,134.2,46.2554,53.078,145
866,368.6389,53084,135.3625,439,134.89,45.6029,53.0954,144
867,365.1781,53316,135.8875,437,134.75,45.8313,52.8551,146
868,369.1549,52420,135,459,132.89,45.8483,52.746,142
869,366.9362,51738,135.5875,455,135.36,45.8866,53.1092,141
870,370.85,51919,135.35,458,136.46,46.4952,52.7422,140
871,373.1119,53355,137.7875,452,135.4,45.6223,53.0201,143
872,375.9643,52635,135.8875,467,135.7,45.5968,53.0812,140
873,375.8462,53746,136.35,466,134.71,45.2168,52.4537,143
874,375.9384,54887,136.1,459,135.47,45.8905,53.1503,146
875,380.5594,54420,137.675,462,134.63,45.7598,52.4882,143
876,387.8571,54300,135.15,482,133.66,44.8525,52.25,140
877,385.2183,54701,136.225,479,135,45.166,52.273,142
878,388.0775,55107,136.5125,498,134.63,45.1401,52.5114,142
879,388.1724,56285,135.2625,458,134.82,45.347,52.6099,145
880,385.5845,54753,136.1,470,133.64,45.0011,52.6612,142
881,385.9789,54809,135.1,504,134.16,45.2588,52.7803,142
882,385.2897,55867,135.05,476,135.44,44.9847,52.6097,145
883,390.5524,55849,137.1625,493,135.92,45.307,52.6163,143
884,389.1643,54483,135.4,458,134.63,45.1417,52.7851,140
885,387.1972,54982,135.35,496,134.99,45.5603,52.9917,142
886,387.7254,55057,136.4375,451,134.28,45.0482,52.7196,142
887,388.1786,54345,135.175,473,134.19,45.3465,52.5716,140
888,387.2571,54216,136.825,494,135.21,44.8592,52.5134,140
889,386.25,54075,136.925,461,133.34,45.3909,52.3941,140
890,394,56342,136.325,499,135.27,45.1757,52.4676,143
891,394.15,55181,136.8,493,134.53,45.0863,52.7825,140
892,393.8643,55141,136.025,470,134.56,45.0751,52.2719,140
893,391.6,54824,135.5875,480,135.53,44.3223,52.4307,140
894,398.2857,55760,133.575,516,133.87,45.3563,52.7523,140
895,393.1027,57393,135.175,484,133.3,44.7767,52.2618,146
896,393.3857,55074,136.4625,496,135.81,44.8343,52.5852,140
897,397.8643,55701,136.4625,500,135.28,45.1754,52.3143,140
898,393.4653,56659,136.2,515,134.3,44.963,52.4773,144
899,394.9859,56088,134.9,507,134.55,44.9141,52.5029,142
900,392.3857,54934,137.5625,475,133.38,44.8465,52.4647,140
901,393.4857,55088,134.4625,489,134.74,45.1935,52.7751,140
902,393.1277,55431,135.7125,478,133.85,45.194,52.6181,141
903,394.6525,55646,137.5875,474,134.79,45.5653,52.7791,141
904,394.3028,55991,137.775,509,135.08,45.2004,52.7275,142
905,394.6966,57231,136.5875,477,134.04,45.067,52.8067,145
906,399.5493,56736,136.6125,485,134.69,44.9081,52.5598,142
907,399.2624,56296,135.5125,488,134.43,44.8564,52.2048,141
908,404.8652,57086,135.4875,497,134.91,45.2147,52.4257,141
909,402.6944,57988,136.4375,486,133.56,44.7294,52.535,144
910,405.2571,56736,137.1375,490,135.45,45.2335,52.5381,140
911,403.7021,56922,136.1875,494,134.21,44.6941,52.6643,141
912,401.6099,56627,134.775,534,134.31,44.5238,52.4855,141
913,397.1268,56392,137.2875,498,136.08,44.9651,52.3597,142
914,399.6429,55950,138.225,525,133.54,44.8602,52.5923,140
915,394.6993,56442,138.7,481,134.16,45.1214,52.1911,143
916,397.2624,56014,135.075,487,135.19,45.5011,52.7735,141
917,398.162,56539,135.85,490,135.16,45.3283,52.5359,142
918,397.0709,55987,134.5125,472,134.92,45.3132,52.7368,141
919,396.3077,56672,135.3375,494,135.37,45.3792,53.0531,143
920,388.2933,58244,136.7625,492,134.31,45.6012,53.0195,150
921,387.9161,55472,135.0875,469,134.41,45.3797,53.0062,143
922,390.0143,54602,136.5875,476,134.65,45.29,52.5767,140
923,389.2887,55279,136.9625,471,133.76,45.5984,52.6763,142
924,385.9078,54413,135.625,489,134.6,46.1524,53.0048,141
925,385.8936,54411,134.9875,474,134.19,45.275,52.8933,141
926,389.0643,54469,135.4875,467,134.15,45.6871,52.4742,140
927,395.2,55328,135.7625,492,135.52,45.1114,52.6657,140
928,397.0496,55984,135.825,488,133.42,45.8076,52.7689,141
929,395.0993,55709,135.7375,496,134.41,45.257,52.7949,141
930,402.3357,56327,135.425,486,134,45.5602,52.8421,140
931,401.6786,56235,136.5125,477,134.69,45.6942,52.5902,140
932,398.4429,55782,137.6125,477,135.81,45.3435,52.4517,140
933,404.1143,56576,135.1625,500,134.78,45.2708,52.2451,140
934,405.2778,58360,138.275,485,135.82,44.7475,52.5514,144
935,407.8,57092,137.875,495,134.34,45.4256,52.4193,140
936,404.4857,56628,136.125,477,134.42,45.2412,52.5774,140
937,400.3873,56855,137.1375,498,134.31,45.1904,52.5894,142
938,401.7708,57855,135.675,495,135.03,44.7857,52.7167,144
939,398.9504,56252,137.3125,479,135.64,45.3231,52.5849,141
940,397.8944,56501,136.0125,514,133.61,44.9162,52.3676,142
941,401.2553,56577,136.025,490,133.49,45.2819,52.6173,141
942,392.979,56196,137.0875,498,135.15,45.115,53.1139,143
943,394.0643,55169,134.725,480,135.49,45.3526,52.643,140
944,397.0567,55985,137.2875,484,134.53,45.7885,52.8697,141
945,395.0284,55699,134.525,466,133.8,45.3576,52.8166,141
946,392.2887,55705,136.4125,501,134.31,45.4506,52.8345,142
947,390.4718,55447,135.0125,489,135.04,45.3016,52.3827,142
948,389.1268,55256,136.1375,471,134.38,45.016,52.4937,142
949,391.8462,56034,136.325,469,135.28,45.6532,52.6167,143
950,391.8298,55248,135.0125,491,134.75,45.0315,52.678,141
951,395.3071,55343,136.95,477,135.06,45.8778,52.9883,140
952,393.8951,56327,135.1625,486,135.5,45.6056,52.8772,143
953,389.4113,54907,135.6125,459,133.99,45.6819,52.9027,141
954,390.662,55474,136.8,475,134.92,45.6304,52.8355,142
955,393.0143,55022,135,491,134.41,45.536,52.8857,140
956,390.3944,55436,135.25,486,134.99,45.6148,52.8874,142
957,388.1103,56276,134.9875,487,133.86,46.2315,53.3725,145
958,384.493,54598,135.9125,470,135.84,46.088,53.026,142
959,382.8936,53988,137.85,473,136.06,45.89,53.5076,141
960,383.0069,55153,135.9375,461,136.49,45.7777,52.8227,144
961,375.7429,52604,136.5625,463,135.13,46.0976,53.3521,140
962,382.6738,53957,134.7625,473,134.07,46.1819,53.5984,141
963,382.9929,54002,135.3,474,134.67,46.2684,53.7079,141
964,385.3427,55104,135.1625,468,135.02,45.7324,53.0455,143
965,389.2966,56448,138.35,464,136.32,45.6296,52.9255,145
966,391.539,55207,135.325,491,135.44,45.844,53.0673,141
967,392.7183,55766,137.9875,467,137.07,46.1163,53.1383,142
968,388.9155,55226,138.15,485,135.29,45.5128,52.9354,142
969,396.4286,55500,135.6625,482,134.85,45.6233,52.7938,140
970,395.1489,55716,135.65,477,135,45.2162,52.8277,141
971,399.5071,55931,136.425,512,135.12,44.662,52.5025,140
972,401.1224,58965,137.55,483,134.21,44.6636,52.545,147
973,402.8671,57610,134.175,501,134.36,45.5777,52.9875,143
974,403.0071,56421,137.125,509,134.87,44.6969,52.5817,140
975,405.8298,57222,135.35,503,134.39,45.2265,52.6822,141
976,402.0993,56696,136.7875,495,136.76,44.2644,52.573,141
977,400.2069,58030,137.8375,484,136.65,45.0039,52.7307,145
978,399.0929,55873,137.525,491,136.45,44.8878,52.6064,140
979,397.9071,55707,137.5125,488,134.2,45.3345,52.7345,140
980,396.7241,57525,137.675,501,134.73,44.6772,52.5012,145
981,398.0493,56523,134.7625,479,136.32,45.6025,52.6713,142
982,398.2411,56152,135.0625,494,135.08,45.1827,52.4109,141
983,399.5286,55934,135.275,506,135.09,45.2528,52.9079,140
984,396.773,55945,136.0625,499,135.89,45.5027,53.0578,141
985,389.695,54947,136.0375,505,134.53,45.7544,53.1017,141
986,389.8085,54963,139.0375,471,135.27,45.6405,53.3146,141
987,387.1724,56140,137.325,483,134.95,45.6924,52.7136,145
988,384.9786,53897,135.45,476,135.37,45.6124,52.9824,140
989,380.6154,54428,136.5375,462,134.5,45.5082,52.7265,143
990,376.8621,54645,136.125,468,135.1,45.9752,53.3834,145
991,376.6993,53868,135.025,456,133.23,45.7753,52.916,143
992,379.2199,53470,137.5125,465,135.32,46.4487,53.2058,141
993,379.2199,53470,136.8375,462,135.39,46.1765,53.2418,141
994,376.2168,53799,136.325,470,135.45,46.4879,53.3831,143
995,377.9589,55182,136.4875,458,134.23,45.9047,53.4804,146
996,376.6929,52737,135.1,453,134.31,46.2743,53.2906,140
997,376.2482,53051,134.0625,452,135.23,45.8918,53.2856,141
998,382.8239,54361,135.6,478,135.1,45.966,53.462,142
999,382.986,54767,136.775,485,134.99,45.7516,53.0931,143
1000,379.9301,54330,136.475,453,135.68,46.0719,53.1771,143
1001,378.6923,54153,132.325,507,133.16,45.8126,53.1229,143
1002,377.2817,53574,133.7625,452,133.17,45.7628,53.2679,142
1003,377.539,53233,135.3875,446,133.57,45.993,53.4417,141
1004,378.2517,54090,135.25,480,134.9,46.0733,53.2319,143
1005,378.3214,52965,135.1875,492,133.1,45.8719,52.8955,140
1006,376.4786,52707,136.5,480,134.91,46.0632,53.3029,140
1007,375.5804,53708,135.4,454,133.97,45.7169,53.5001,143
1008,373.3404,52641,137,437,135.71,45.4264,52.7494,141
1009,382.3714,53532,136.725,470,134.89,45.4288,53.1457,140
1010,390.4126,55829,134,484,133.56,45.4382,52.8728,143
1011,398.383,56172,135.7125,509,133.73,45.4283,52.2947,141
1012,398.5643,55799,136.675,461,135.46,45.0877,52.5034,140
1013,397.4755,56839,136.325,492,134.79,44.6407,52.6136,143
1014,398.5423,56593,136.225,482,133.23,45.4651,52.9903,142
1015,401.234,56574,136.4125,500,135.07,44.9899,52.9293,141
1016,395.6071,55385,136.075,477,133.72,45.6433,53.0632,140
1017,402.0571,56288,136.35,539,134.29,45.0939,52.8119,140
1018,400.5211,56874,137.075,481,136,44.5981,52.6968,142
1019,402.0213,56685,136.0375,491,133.65,45.71,52.7119,141
1020,410.8732,58344,137.125,536,136.1,44.3237,52.3731,142
1021,403.2535,57262,136.6875,528,134.85,44.5911,52.3759,142
1022,404.35,56609,136.2625,498,135.11,44.8931,52.5356,140
1023,408.7,57218,137.65,497,135.39,44.6529,52.0917,140
1024,399.5357,55935,136.925,477,135.42,44.8731,52.8486,140
1025,400.9366,56933,136.6875,504,136.62,44.9012,52.2357,142
1026,400.8369,56518,135.775,486,135.14,44.7899,52.8215,141
1027,395.4236,56941,135.6875,493,134.36,45.2621,52.7099,144
1028,398.4685,56981,135.7125,524,135.29,45.0138,52.3346,143
1029,410.4397,57872,137.6,504,134.61,44.8036,52.6252,141
1030,409.2837,57709,135.3875,504,134.36,44.9028,52.3338,141
1031,408.0563,57944,137.95,489,133.82,44.8829,52.1775,142
1032,414.6714,58054,138.1,529,135.37,44.6705,52.4961,140
1033,408.8662,58059,135.05,507,136.08,44.8163,53.1334,142
1034,407.4406,58264,137.3875,526,135.82,44.6449,52.435,143
1035,409.6713,58583,136.0875,498,135.02,44.9822,52.2397,143
1036,408.6294,58434,136.1,521,135.68,45.1075,52.8341,143
1037,407.9521,59561,137.2875,556,134.6,44.9417,52.7583,146
1038,408.461,57593,136.85,484,136.03,44.8313,52.5269,141
1039,409.8936,57795,136.925,532,134.68,45.0372,52.8168,141
1040,402.1857,56306,136.8125,499,134.2,45.2779,52.6722,140
1041,402.4894,56751,137.3375,485,136.06,44.791,52.8078,141
1042,402.662,57178,137.8375,514,135.33,45.7491,53.1291,142
1043,391.979,56053,136.2,522,135.15,45.2349,52.9918,143
1044,393.0071,55021,136.7875,497,134.94,45.4971,52.666,140
1045,390.5786,54681,136.3,494,135.02,45.6666,53.0056,140
1046,389.9789,55377,137.5,475,134.17,45.6735,53.1569,142
1047,391.8214,54855,136.725,477,135.52,45.6932,53.1051,140
1048,388.4,54376,137.4125,478,135.28,45.4913,52.9518,140
1049,390.3929,54655,135.4125,487,133.3,45.6535,52.8038,140
1050,392.6084,56143,136.325,476,134.92,45.1028,53.004,143
1051,394.2357,55193,135.8,505,134.92,45.6006,53.068,140
1052,402.6099,56768,136.075,496,134.75,45.4618,52.8141,141
1053,406.9362,57378,135.9125,490,134.15,44.8964,52.9103,141
1054,407.0786,56991,136.375,507,135.53,45.338,52.5677,140
1055,409.6357,57349,134.7875,486,134.37,45.1128,52.8819,140
1056,406.2042,57681,136.675,487,135.29,45.5015,53.0337,142
1057,410.1135,57826,136.975,484,135.39,45.3103,52.7304,141
1058,404.4752,57031,136.8375,498,134.77,44.9468,52.6507,141
1059,403.5357,56495,136.8875,514,134.31,45.6169,53.1323,140
1060,398.2431,57347,134.8,482,133.51,45.4379,53.0541,144
1061,402.7552,57594,138,555,136.85,45.4383,53.4284,143
1062,400.9214,56129,133.25,494,133.43,45.6726,52.9859,140
1063,399.8786,55983,134.7125,526,133.68,45.6847,53.0577,140
1064,399.65,55951,134.95,469,132.75,45.5779,53.104,140
1065,399.7714,55968,134.45,513,133.94,45.3665,53.4601,140
1066,396.3239,56278,138.35,484,135.51,45.5377,53.2978,142
1067,396.0282,56236,135.4,515,133.76,46.4195,53.2766,142
1068,396.9078,55964,135.8,488,133.74,46.0449,53.109,141
1069,393.7092,55513,137.425,497,136.97,45.5411,53.0113,141
1070,393.6143,55106,134.7125,483,133.3,45.7642,53.1508,140
1071,391.1769,57503,136.35,471,135.2,45.4806,53.0323,147
1072,388.48,58272,137.0625,469,135.01,45.8887,53.6562,150
1073,390.8741,55895,135.2125,497,133.69,46.0678,53.3549,143
1074,388.227,54740,134.475,484,134.19,45.8515,53.4528,141
1075,391.9214,54869,135.85,495,134.72,46.1889,53.1405,140
1076,386.6434,55290,136.8125,494,135.53,45.7816,53.1063,143
1077,391.2786,54779,135.775,492,134.82,45.9649,53.1622,140
1078,389.1844,54875,137.4125,461,135.86,45.9165,53.5205,141
1079,386.7214,54141,135.925,467,135.45,46.1623,53.3489,140
1080,385,53900,134.575,492,133.44,45.5773,53.5369,140
1081,381.8069,55362,135.875,455,135.63,45.98,52.7791,145
1082,378.6738,53393,133.9875,440,133.25,46.0322,53.4594,141
1083,378.8857,53044,136.4625,449,135.24,46.2381,52.8131,140
1084,381.2867,54524,134.3875,490,134.19,45.862,53.1948,143
1085,376.0833,58669,136.6375,461,136.21,46.377,53.9219,156
1086,377.25,52815,137.5875,465,135.53,46.0535,53.2033,140
1087,377.6383,53247,137.05,468,135.76,45.7013,52.8525,141
1088,379.7817,53929,135.8375,451,134.14,46.2596,53.407,142
1089,377.9324,55934,136.9,451,134.46,45.7369,53.6036,148
1090,381.0571,53348,138.5625,459,136.96,46.0502,53.9347,140
1091,382.2727,54665,137.075,474,134.96,46.0793,53.6745,143
1092,379.1929,53087,136.7,472,135.55,45.7413,53.3722,140
1093,381.3217,54529,136.4875,448,134.67,46.1608,53.5982,143
1094,380.7643,53307,136.1375,441,135.95,46.0886,53.8322,140
1095,384.8671,55036,136.275,463,136.12,45.2529,53.4405,143
1096,388.4097,55931,136.175,480,134.76,46.078,53.5845,144
1097,389.6383,54939,137.8375,469,135.94,45.7536,53.1644,141
1098,391.8298,55248,136.4875,492,135.27,45.6899,53.3352,141
1099,396.2606,56269,135.8375,503,136.23,45.3138,53.0745,142
1100,399.7929,55971,137.6,511,135.9,45.905,53.2038,140
1101,403.8322,57748,136.925,496,135.15,44.5589,53.2836,143
1102,405.6831,57607,135.2125,501,135.25,45.1689,52.7911,142
1103,407.6454,57478,137.3625,496,135.36,45.3347,53.4467,141
1104,407.2113,57824,136.0875,500,133.62,44.7158,52.9276,142
1105,409.6853,58585,138,522,134.69,45.1389,52.9425,143
1106,407,57387,134.7125,500,134.5,44.8577,53.0406,141
1107,402.5214,56353,137.1625,504,134.86,44.7459,52.9919,140
1108,401.2857,56180,136.3375,515,134.15,45.2016,52.8857,140
1109,404.6571,56652,136.1125,511,136.41,45.6361,53.2081,140
1110,400.2676,56838,135.8875,500,134.98,44.7786,52.8697,142
1111,403.078,56834,136.6625,486,134.67,45.0309,53.1885,141
1112,401.9857,56278,138.0875,486,136.03,45.0172,52.7691,140
1113,401.0786,56151,135.2375,495,135.85,45.5506,53.0901,140
1114,395.3546,55745,135.725,492,134.57,45.4002,53.6054,141
1115,393.0986,55820,136.2,476,134.25,45.4682,52.936,142
1116,395.4468,55758,135.7875,469,135.11,45.4777,53.0114,141
1117,387.1586,56138,137.625,465,134.95,44.8676,53.1833,145
1118,384.8662,54651,135.775,493,134.13,45.4164,53.2484,142
1119,380.3944,54016,136.725,443,134.81,45.8639,52.8979,142
1120,379.1571,53082,135.5875,465,134.45,45.9922,53.6951,140
1121,374.8794,52858,134.9375,448,132.54,45.6417,53.27,141
1122,372.5248,52526,137.0875,462,135.8,46.058,53.665,141
1123,371.5357,52015,135.9625,466,136.7,45.892,53.695,140
1124,372,54312,136.075,467,133.48,45.8268,53.3463,146
1125,371.8865,52436,137.175,450,136.12,46.1736,53.4444,141
1126,367.3571,51430,134.55,455,133.6,46.2426,53.3754,140
1127,367.9143,51508,136.0625,440,134.56,45.6953,53.1726,140
1128,365.6667,51559,135.75,454,134.19,46.1425,53.6857,141
1129,364.3451,51737,136.5375,473,135.32,46.3788,53.3343,142
1130,362.6643,51861,135.6375,422,134.24,46.7467,53.8833,143
1131,364.3071,51003,134.5625,435,134.12,46.5886,53.4803,140
1132,365.3714,51152,134.725,438,134.22,46.3478,53.5427,140
1133,365.2695,51503,135.15,461,133.77,46.7399,53.4315,141
1134,366.9214,51369,135.9375,475,134.75,46.369,53.5924,140
1135,367.7143,51480,135.9125,451,134.51,46.0316,53.7837,140
1136,372.1781,54338,135.7375,444,133.92,45.8925,53.3055,146
1137,378.2143,52950,136.5625,486,134.63,45.7573,53.6074,140
1138,374.1571,52382,138.55,444,135.71,46.0184,53.7197,140
1139,374.3239,53154,137.325,458,135.05,45.5059,52.8737,142
1140,375.8014,52988,134.375,468,133.25,46.0003,53.2579,141
1141,370.9071,51927,136.8,451,135.51,45.9719,53.1147,140
1142,368.0714,51530,137.8,447,137.42,46.1276,53.2943,140
1143,372.4357,52141,135.35,452,134.85,46.2013,53.582,140
1144,372.0638,52461,136.65,441,134.28,45.7857,53.5289,141
1145,372.1786,52105,136.4625,455,136.39,46.1134,53.4721,140
1146,377.1164,55059,136.15,456,135.11,45.6646,53.6472,146
1147,379.9291,53570,136.4625,452,134.66,45.7415,53.2346,141
1148,381.6714,53434,137.55,453,134.4,46.0434,54.1338,140
1149,388.1399,55504,136.525,459,135.91,45.4716,53.5012,143
1150,389.1736,56041,135.4375,468,133.65,45.5569,53.3787,144
1151,399.3944,56714,135.925,515,134.13,45.2904,53.0281,142
1152,398.5493,56594,137.575,498,135.84,45.4015,53.1421,142
1153,399.4392,59117,136.45,489,135.55,45.4175,53.3232,148
1154,398.6268,56605,135.4625,485,133.53,45.8064,53.1514,142
1155,394.8,55272,136.0375,482,134.91,45.2774,53.5789,140
1156,396.6286,55528,135.85,484,134.45,45.6488,53.2912,140
1157,393.8873,55932,134.35,482,133.68,45.3817,53.321,142
1158,389.8071,54573,136.15,475,134.81,45.2578,53.5463,140
1159,391.1538,55935,137.15,478,135.84,45.4294,53.2586,143
1160,391.5211,55596,136.6,484,134.13,45.2855,52.947,142
1161,394.2746,55987,137.2,505,135.49,45.5151,53.3886,142
1162,388.4366,55158,136.8,473,135.36,45.4945,53.2702,142
1163,387.3191,54612,137,487,135.48,45.1486,52.9916,141
1164,388.4071,54377,137.6125,479,135.06,45.3895,52.8008,140
1165,383.2929,53661,137.95,487,134.92,45.5765,53.2782,140
1166,383.7917,55266,135.8375,459,134.05,45.6667,53.8585,144
1167,377.6357,52869,135.425,493,134.17,45.5037,53.4828,140
1168,382.1786,53505,136.6125,487,135.12,45.722,53.0718,140
1169,382.9028,55138,136.8375,469,136.45,45.8031,53.4997,144
1170,381.1342,56789,136.3375,458,136.33,45.3922,53.4833,149
1171,376.9797,55793,135.9125,465,136.19,45.3381,53.3393,148
1172,376.1429,52660,138.8625,463,136.61,46.0686,53.5158,140
1173,377.773,53266,137.125,459,135.68,46.0944,53.7829,141
1174,372.5563,52903,135.875,447,135.07,45.9186,53.6045,142
1175,373.6027,54546,135.8,461,134.55,46.5163,53.6338,146
1176,371.2986,53467,134.075,437,133.94,45.9577,53.6771,144
1177,371.65,52031,137.575,457,135.36,46.1096,53.5217,140
1178,373.331,53013,137.05,439,136.49,45.9443,53.5355,142
1179,374.9929,52874,137.85,446,135.3,46.242,53.5054,141
1180,371.0851,52323,137.2375,441,136.09,45.7877,53.1838,141
1181,371.4965,52381,135.3375,446,135.13,46.1126,53.7653,141
1182,373.6028,52678,134.575,438,134.08,46.0917,53.3899,141
1183,375.4825,53694,137.9625,466,135.04,45.4618,53.4385,143
1184,374.1429,52380,138.2125,456,135.98,46.5167,53.3141,140
1185,378.75,53025,134.725,460,135.08,45.5559,53.5421,140
1186,380.0426,53586,135.2875,498,134.54,45.5308,53.3182,141
1187,381.8429,53458,137.125,460,135.23,45.4166,53.2861,140
1188,379.993,54339,136.6375,456,135.63,45.1919,53.1736,143
1189,378.6389,54524,135.9875,463,133.07,46.4675,54.0089,144
1190,379.8,53172,138.9375,470,136.09,45.9794,53.4378,140
1191,378.3239,53722,137,452,135.12,45.1999,53.6267,142
1192,380.2639,54758,135.875,492,133.26,45.4962,53.2521,144
1193,376.2448,53803,137.775,469,136.6,46.2423,54.1991,143
1194,379.1135,53455,136.3,471,135.16,45.7337,53.7419,141
1195,379.6294,54287,136.5375,475,135.51,45.9051,53.3267,143
1196,381.3077,54527,137.0375,506,134.77,45.6997,53.321,143
1197,384.3973,56122,134.3625,456,134.32,45.4186,53.6419,146
1198,386.4595,57196,137.5375,465,134.4,45.7857,53.4996,148
1199,389.9444,56152,137.4125,499,135.52,45.5299,53.4239,144
1200,389.5931,56491,136.375,485,137.01,45.6998,53.5988,145
1201,393.5594,56279,136.6875,514,134.08,45.3555,53.7305,143
1202,395.85,55419,137.8625,469,136.59,45.2466,53.2363,140
1203,393.8828,57113,137.2,490,136.56,45.6467,53.5847,145
1204,398.3655,57763,135.6375,536,133.84,45.7497,53.6775,145
1205,392.8082,57350,135.4875,469,134.9,45.3767,53.5369,146
1206,398.4326,56179,138.85,516,136.27,45.3391,52.723,141
1207,397.8643,55701,138.575,472,134.84,45.2647,53.2079,140
1208,398.9858,56257,136.5375,506,134.22,45.3825,53.609,141
1209,402.1986,56710,140.075,507,135.48,45.5121,53.2017,141
1210,407.2857,57020,135.7875,521,134.99,45.1523,53.2219,140
1211,402.9858,56821,135.9625,502,136.07,45.5165,53.355,141
1212,405.5957,57189,135.35,484,134.27,45.2186,53.4827,141
1213,407.7483,59939,136.025,518,136.41,44.8864,53.2516,147
1214,411.8239,58479,136.4875,523,135.76,45.1414,53.244,142
1215,413.1748,59084,136.225,543,135.72,44.6154,52.6402,143
1216,415.5319,58590,136.875,516,135.52,44.5305,53.235,141
1217,418.0714,58530,136.9625,511,135.15,44.4869,52.8768,140
1218,416.5,59143,138.3875,501,135.08,44.7378,53.2038,142
1219,410.986,58771,137.4,510,134.63,44.9609,52.9972,143
1220,413.5857,57902,139.475,522,136.49,44.5519,52.8357,140
1221,412.0141,58506,137.6375,524,134.71,44.6532,52.8493,142
1222,411.3857,57594,136.4125,514,135.09,45.0382,52.855,140
1223,414.8214,58075,136.875,513,134.61,44.7927,53.2015,140
1224,413.1277,58251,135.775,503,133.6,45.0644,52.995,141
1225,413.0143,57822,137.65,535,135.05,44.6002,53.0982,140
1226,410.2482,57845,138.0125,512,136.88,44.5718,52.7838,141
1227,414.2695,58412,135.025,491,136.88,44.6252,53.1747,141
1228,412.1,57694,137.8,516,135.07,44.7004,53.035,140
1229,416.695,58754,136.3375,513,135.52,44.8929,52.9239,141
1230,421.1418,59381,137.125,547,133.94,44.6082,52.6859,141
1231,418.8014,59051,136.9,521,135.44,44.0235,52.4722,141
1232,421.4898,61959,139.3625,538,136.16,44.8454,52.8537,147
1233,428.2238,61236,136.0625,521,135.52,44.075,52.6561,143
1234,431.6286,60428,137.7875,573,136,44.0221,52.6271,140
1235,428.6,60004,138.75,534,136.64,43.8599,52.8397,140
1236,429.7887,61030,138.1875,531,135.72,44.2688,52.5818,142
1237,431.0643,60349,137.1625,542,134.48,44.2338,52.4761,140
1238,426.4214,59699,137.1375,531,136.06,44.0445,52.4307,140
1239,428.5429,59996,139.3375,539,135.16,44.4448,52.6792,140
1240,428.2143,59950,139.375,524,135.35,44.2766,52.8075,140
1241,420.2394,59674,137.0625,512,134.63,44.5325,52.6087,142
1242,421.9714,59076,136.8625,530,135.86,44.8498,53.1369,140
1243,411.3032,63752,139.0875,503,136.35,44.9042,53.4749,155
1244,411.4648,58428,138.0625,510,135.69,44.7673,52.9273,142
1245,409.8582,57790,138.2375,497,135.89,44.6026,52.6912,141
1246,406.9658,59417,135.825,486,134.25,45.0948,52.8861,146
1247,405.7571,56806,138.6125,496,135.77,45.3265,53.0927,140
1248,404.5105,57845,137.575,504,136.42,45.7109,53.2996,143
1249,400.6738,56495,136.65,493,136.8,45.1389,53.2649,141
1250,397.9859,56514,137.4875,473,135.81,44.6039,52.9498,142
1251,394.5177,55627,137.925,491,136,45.2626,53.3732,141
1252,393.2714,55058,136.3,492,134.38,45.1857,53.0168,140
1253,388.6714,54414,137.1,462,134.66,45.4427,53.4757,140
1254,388.9858,54847,137.15,459,135.53,45.2213,53.672,141
1255,383.5786,53701,137.7125,486,135.76,45.326,53.3283,140
1256,377.7606,53642,136.425,452,134.99,45.058,53.3318,142
1257,379.7042,53918,135.75,471,134.93,45.3165,53.3914,142
1258,379.7943,53551,136.475,450,134.19,45.3032,53.2325,141
1259,380.2797,54380,137.5875,466,136.77,45.2585,53.5521,143
1260,376.4,54578,137.2625,443,135.34,45.831,53.131,145
1261,376.1571,52662,135.5875,446,135.37,45.3963,53.4222,140
1262,374.7214,52461,137.6125,455,135.67,45.6149,53.3747,140
1263,381.6849,55726,135.7375,468,134.21,45.0083,52.9906,146
1264,382.2571,53516,134.6125,446,135.45,45.1606,53.3412,140
1265,387.4266,55402,138.2625,491,135.07,45.4155,53.6261,143
1266,389.2411,54883,137.4,487,136.67,45.4634,53.3472,141
1267,397.5929,55663,137.2625,478,135.65,44.8974,53.1977,140
1268,388.8105,59488,138.375,519,135.01,44.9445,53.0698,153
1269,392.4626,57692,137.65,497,136.02,45.3035,52.9559,147
1270,396.0282,56236,137.1125,475,135.86,45.1019,53.6688,142
1271,395.951,56621,137.025,499,135.29,45.1722,53.6919,143
1272,398.669,57807,135.475,499,134.82,44.8677,52.9664,145
1273,398.6143,55806,137.8625,492,136.86,45.0063,53.0856,140
1274,394.9225,56079,135.65,468,134.53,44.8718,53.1128,142
1275,394.2183,55979,135.6375,472,135.73,45.1661,52.8038,142
1276,397.6871,58460,137.975,466,137.23,45.1712,53.4566,147
1277,395.2153,56911,136.175,484,134.99,45.4853,52.942,144
1278,404.2857,56600,137.4375,485,134.85,44.159,53.0505,140
1279,408.6549,58029,138.3625,527,137,44.8093,52.5991,142
1280,408.274,59608,137.9875,502,134.33,44.5275,52.7838,146
1281,409.9178,59848,136.875,501,135.75,44.5255,52.7964,146
1282,412.4643,57745,136.375,523,134.26,44.3003,52.8914,140
1283,413.0972,59486,137.5625,508,135.32,44.4599,53.0071,144
1284,415.2553,58551,136.6625,535,137.21,44.7839,52.8289,141
1285,413.1277,58251,134.8375,507,134.92,44.9362,53.271,141
1286,413.7357,57923,137.0125,489,134.61,45.1533,53.5328,140
1287,409.5105,58560,138.75,504,135.47,45.2766,53.0529,143
1288,411.35,57589,136.6375,528,134.28,44.9331,53.3657,140
1289,407.2482,57422,136.275,517,136.72,45.2575,53.4538,141
1290,408.3403,58801,135.4875,489,135.5,44.8807,52.9922,144
1291,407.069,59025,136.2375,484,135.44,45.2617,52.8711,145
1292,408.831,58054,133.875,502,134.72,44.793,52.8499,142
1293,408.8723,57651,137.825,495,134.85,45.1766,53.48,141
1294,408.4071,57177,135.8875,497,133.16,45.3213,53.1253,140
1295,409.6944,58996,139.525,493,136.26,45.075,53.3809,144
1296,410.6071,57485,138.125,512,136.52,44.7488,52.7409,140
1297,415.0282,58934,137.8,508,135.14,44.8751,53.1815,142
1298,413.3034,59929,136.9375,507,135.61,45.2588,53.497,145
1299,415.6214,58187,136.3625,539,135.13,44.4974,52.9063,140
1300,419.0211,59501,139.8875,534,136.08,44.8128,53.1381,142
1301,417.9021,59760,136.35,503,135.54,45.4524,53.0026,143
1302,417.9437,59348,136.975,553,136.46,45.0097,52.9207,142
1303,419.5172,60830,136.0625,520,135.13,45.4637,53.44,145
1304,419.5423,59575,136.775,510,135.17,45.2219,53.2776,142
1305,416.6783,59585,137.55,516,135.4,45.2857,53.2943,143
1306,418.9714,58656,135.8875,520,135.6,45.0801,53.3125,140
1307,410.4714,57466,136.7125,492,135.79,45.3818,52.9789,140
1308,415.5143,58172,137.625,513,135.44,45.3759,53.3224,140
1309,407.6276,59106,136.725,492,135.42,46.2003,53.4168,145
1310,405.5655,58807,136.525,504,135.9,45.9481,53.9755,145
1311,405.1064,57120,137.675,492,136.05,45.6946,53.5595,141
1312,403.4722,58100,137.125,526,135.66,45.5736,53.5229,144
1313,401.958,57480,138.1375,504,137.18,46.3232,53.6371,143
1314,404.05,56567,136.85,504,136.03,45.7374,53.7264,140
1315,399.9786,55997,136.5875,466,136.27,46.0983,53.8398,140
1316,398.844,56237,137.2125,498,136.32,45.9282,53.7258,141
1317,396.7183,56334,137.2375,457,136.08,45.5286,53.5586,142
1318,397.4792,57237,136.9125,519,136.04,46.4179,53.7778,144
1319,398.9716,56255,137.6125,482,136.69,45.8663,53.5592,141
1320,396.9862,57563,136.0125,509,134.81,46.1959,53.9969,145
1321,392.223,58049,136.975,481,135.43,46.5345,54.325,148
1322,399.7943,56371,137.225,497,135.37,46.5583,54.2496,141
1323,396.3077,56672,137.5,478,137.15,46.3673,54.2991,143
1324,401.5352,57018,136.95,487,135.75,46.7963,54.4264,142
1325,393.4071,55077,136.275,476,135.4,46.6314,54.0383,140
1326,398.8929,55845,135.8375,474,134.59,46.1558,53.8822,140
1327,396.1135,55852,136.4,472,136.02,45.9081,53.8851,141
1328,389.8356,56916,138.575,492,136.44,46.904,53.6427,146
1329,391.9787,55269,136.0375,485,134.7,46.5857,54.5341,141
1330,390.8681,56285,137.1125,464,136.45,47.1402,54.7181,144
1331,390.4214,54659,136.7375,475,136.81,46.7496,54.6669,140
1332,386.4,54096,136.1875,465,136.31,46.2318,53.4959,140
1333,391.4,54796,136.1375,496,135.44,46.5627,54.6287,140
1334,386.5517,56050,138.7125,453,138.51,47.1055,54.0863,145
1335,389,54460,136.6,474,136.37,47.2674,54.547,140
1336,385.4296,54731,137.725,457,136.25,47.0088,54.4103,142
1337,385.9786,54037,135.9625,467,135.06,46.9947,54.0788,140
1338,384.4452,56129,135.725,474,136.02,47.2256,54.5729,146
1339,381.3288,55674,135.975,483,135.73,47.0257,54.7267,146
1340,378.5172,54885,135.25,457,134.05,47.5721,54.8575,145
1341,382.5214,53553,135.725,468,135.33,47.5134,54.5297,140
1342,380.4043,53637,137.725,450,137.27,47.3011,54.0192,141
1343,379.0704,53828,135.45,467,135.87,47.427,54.9074,142
1344,378.8367,55689,135.825,459,135.13,47.5278,54.9666,147
1345,379.6939,55815,136.8875,449,135.42,47.8196,54.9095,147
1346,381.4056,54541,138.1,456,137.43,47.6502,54.6489,143
1347,374.9858,52873,136.975,451,136.73,47.7366,54.683,141
1348,379.0071,53440,137.2,471,135.71,47.3478,54.6391,141
1349,374.0929,52373,136.05,453,136.26,47.7314,55.2716,140
1350,382.0694,55018,137.0375,462,135.9,48.1128,54.5911,144
1351,375.4897,54446,136.35,479,137.02,47.8818,54.7059,145
1352,374.8369,52852,136.25,440,135.08,48.3185,54.7874,141
1353,374.9643,52495,136.7,436,136.06,47.8151,54.7223,140
1354,372.5385,53273,136.6375,446,136.23,47.8873,55.1886,143
1355,379.7571,53166,135.4375,476,134.73,47.9019,54.5207,140
1356,377.7,52878,135.275,465,135.01,47.8174,54.8049,140
1357,379.383,53493,136.65,440,135.49,47.7153,54.4575,141
1358,379.8369,53557,138.6125,470,136,48.1277,54.9882,141
1359,379.6667,53533,136.4,456,136.85,48.0808,55.1217,141
1360,372.3986,53253,136.625,459,136.41,47.9937,54.3256,143
1361,377.9214,52909,136.1875,480,135.18,48.5645,55.1543,140
1362,375.8138,54493,137.1125,454,136.94,48.0167,55.0915,145
1363,375.2057,52904,137.9,467,137.44,48.4684,55.0409,141
1364,370.7778,53392,135.8875,434,134.53,48.1704,55.0188,144
1365,364.64,54696,136.65,441,135.71,47.8628,54.5998,150
1366,368.1631,51911,133.875,450,134.89,48.7076,55.1601,141
1367,366.9091,52468,134.975,457,134.95,48.8238,55.3565,143
1368,364.7616,55079,136.0625,458,135.86,48.56,55.0109,151
1369,363.0556,52280,135.7,442,135.25,48.6583,55.4541,144
1370,363.2727,51948,136.05,474,136.26,48.7121,55.3392,143
1371,367.0714,51390,135.7875,448,136.23,48.3847,55.1127,140
1372,364.8392,52172,137.775,437,137.04,48.7315,55.8133,143
1373,367.0352,52119,136.8625,442,137.27,48.2757,54.9801,142
1374,365.4545,52260,138.9,436,137.92,48.8896,55.705,143
1375,364.6712,53242,134.525,441,134.8,48.4902,55.3563,146
1376,366.2214,51271,135.5,436,134.87,49.0639,55.4832,140
1377,364.6429,51050,134.675,419,134.47,49.2052,55.5873,140
1378,362.8759,52617,135.775,455,135.76,48.4613,55.4316,145
1379,366.7,51338,135.725,436,134.94,49.2649,56.2481,140
1380,365.3451,51879,135.1625,460,134.34,49.071,55.4637,142
1381,365.9014,51958,136.0625,441,136.12,48.5186,55.2382,142
1382,364.0071,51325,136.3,464,135.82,48.6583,54.9561,141
1383,367.6,51464,134.7875,448,134.49,48.6331,55.4069,140
1384,365.7092,51565,137.4875,447,137.27,49.1295,55.4337,141
1385,365.7571,51206,135.2625,424,135.55,49.2709,55.8046,140
1386,365.162,51853,136.6,436,136.87,47.875,54.3301,142
1387,365.5603,51544,136.6125,446,136.14,48.1938,54.9299,141
1388,363.8451,51666,136.7375,449,135.04,48.7814,55.8687,142
1389,359.1268,50996,137.525,432,136.78,48.9643,56.0392,142
1390,360.9716,50897,136.525,418,136.47,49.0599,54.7415,141
1391,360.3776,51534,134.3125,441,135.24,48.5977,55.4368,143
1392,359.0634,50987,138.075,430,137.61,49.8865,55.9373,142
1393,360.078,50771,134.4125,446,133.85,48.9238,55.551,141
1394,359.1643,50283,136.8,421,136.15,49.362,55.6112,140
1395,354.12,53118,137.2,427,136.52,49.5873,55.686,150
1396,352.2214,49311,135.8,418,136.54,49.3547,55.299,140
1397,350.5548,51181,136.55,437,135.68,49.2174,55.9913,146
1398,351,49140,138.1375,421,136.81,49.4045,56.1946,140
1399,354.3427,50671,139.1875,422,137.67,49.7249,55.4289,143
1400,352.7518,49738,135.6,434,134.91,49.351,55.9034,141
1401,350.7986,50515,137.1,419,137.24,49.4775,55.7849,144
1402,352.6127,50071,136.7875,411,136.8,49.4188,55.4838,142
1403,351.234,49524,136.8375,398,136.54,49.5111,55.5642,141
1404,350.5369,52230,135.4125,431,135.37,49.0389,55.5663,149
1405,353.4113,49831,136.7625,427,136.33,49.1891,55.7851,141
1406,356.5,50623,135.325,424,134.72,49.4196,56.1876,142
1407,355.2759,51515,135.2375,430,135.76,49.7569,55.5374,145
1408,351.6357,49229,136.125,432,135.83,49.339,56.2222,140
1409,349.8414,50727,136.8125,404,137.93,49.1878,55.4566,145
1410,352,49280,134.7875,418,134.37,49.6576,55.9146,140
1411,352.2482,49667,134.75,407,135.17,49.3595,55.6427,141
1412,349.2746,49597,135.2,416,134.71,49.3734,55.6972,142
1413,347.3611,50020,136.825,410,136.76,49.2073,55.3624,144
1414,348.6071,48805,135.15,418,135.19,49.0612,55.7918,140
1415,350.1127,49716,136.275,425,136.34,49.7731,55.9091,142
1416,346.3933,51959,135.0125,408,134.88,49.7165,56.0292,150
1417,345.2621,50063,134.8,417,134.71,49.8648,56.1341,145
1418,347.3857,48634,138.125,418,138.46,49.8943,55.9984,140
1419,347.6809,49023,136.6,402,136.73,49.7325,55.9159,141
1420,346.3681,49877,135.975,424,136.75,49.7465,55.8165,144
1421,349.0214,48863,134.5875,402,134.32,50.3278,56.0561,140
1422,345.9085,49119,135.5875,409,134.82,50.6917,56.3221,142
1423,341.7305,48184,138.525,396,139.03,49.736,55.9779,141
1424,345.1348,48664,135.5,426,135.33,50.3215,56.3301,141
1425,339.4468,47862,138.2875,400,137.73,49.9259,56.1464,141
1426,345.4384,50434,138.1875,414,137.45,50.3726,56.2371,146
1427,340.4221,52425,136.3375,415,135.82,50.7081,56.1904,154
1428,342.4825,48975,137.35,404,138.16,49.8452,56.3071,143
1429,344.2671,50263,136.6625,398,136.06,50.8028,56.5386,146
1430,343.411,50138,136.5375,421,136.5,50.2483,56.5299,146
1431,343.0069,49736,135.2125,404,134.99,50.2228,56.6834,145
1432,347.0709,48937,134.325,436,134.67,50.5305,56.3098,141
1433,340.2908,47981,137.45,403,136.86,51.0236,56.8404,141
1434,338.4167,52793,137.1,406,137.37,50.8967,57.0875,156
1435,340.1143,47616,134.9125,407,135.33,51.0553,56.4144,140
1436,342.18,51327,134.9,424,135.35,51.2431,56.772,150
1437,340.7114,50766,136.55,410,137.16,50.9378,56.4481,149
1438,342.7908,52447,136.05,419,136.36,49.9407,56.7346,153
1439,342.7671,50044,135.95,392,136.28,50.775,56.5989,146
1440,343.931,49870,136.3875,386,136.13,50.7721,57.0328,145
1441,341.9718,48560,138.1125,406,137.98,50.4839,56.4949,142
1442,340.9357,47731,135,421,134.54,51.0347,56.9519,140
1443,343.1429,48040,137.1375,404,136.9,50.6082,56.1417,140
1444,343.7589,48470,136.4875,417,136.37,50.5014,56.1156,141
1445,341.1224,50145,136.5,411,136.37,50.8243,56.1412,147
1446,346.2897,50212,136.9875,408,137.28,51.0661,56.2315,145
1447,344.2714,48198,135.725,394,135.84,50.5204,56.3892,140
1448,347.4894,48996,135.5875,410,136.48,49.8456,55.8099,141
1449,346.4468,48849,137.5625,412,137.43,50.3551,56.4709,141
1450,344.8467,51727,138.55,411,137.87,50.4391,56.7124,150
1451,347.234,48960,136.4,430,136.52,50.884,56.4968,141
1452,347.4648,49340,135.8625,405,136.34,50.5993,56.6352,142
1453,349.75,48965,136.1,412,137.01,51.1154,56.7979,140
1454,347.8865,49052,137.225,416,136.71,50.5486,56.5406,141
1455,343.2759,49775,137.6625,403,137.64,50.8965,56.6468,145
1456,346.9357,48571,137.65,449,136.71,50.7802,56.9643,140
1457,345.3922,52845,138.3125,445,138.43,49.652,56.1408,153
1458,348.1565,51179,138,404,137.83,50.1841,56.5774,147
1459,351.5106,49563,138.15,412,137.29,49.7776,55.9629,141
1460,347.8643,48701,136.125,405,135.84,50.4363,56.0208,140
1461,349.169,49582,138.1125,413,136.85,50.4549,55.8016,142
1462,347.8169,49390,136.9625,404,136.72,49.9659,57.1021,142
1463,347.9149,49056,137.35,426,137.34,50.4404,55.9833,141
1464,343.404,51854,136.3125,396,137.12,50.2752,56.4071,151
1465,346.7431,49931,138.025,416,137.5,50.6221,56.6904,144
1466,345.4437,49053,138.575,404,138.11,50.5234,56.6687,142
1467,346.6809,48882,138.5125,406,138.58,50.3586,56.4514,141
1468,342.9034,49721,136.4375,431,136.34,50.8088,57.0434,145
1469,346.85,48559,137.2125,410,137.17,51.4132,57.0439,140
1470,345.7379,50132,135.7125,393,136.31,50.8977,57.5566,145
1471,345.7895,52560,136.35,410,136.53,50.9606,56.9339,152
1472,346.6853,49576,136.7,423,136.73,50.1519,56.347,143
1473,352.1111,50704,135.275,411,135.22,50.5671,57.258,144
1474,355.3357,49747,134.65,414,135.34,49.9601,56.1924,140
1475,358.8649,53112,138.6375,422,137.86,49.8805,56.5949,148
1476,361.0795,54523,137.55,421,137.86,49.6964,55.8528,151
1477,370.5175,52984,137.7375,505,137.19,49.2294,56.3576,143
1478,363.0066,55177,138.1125,442,137.9,49.8528,55.5799,152
1479,367.7211,54055,136.775,433,136.3,49.8059,56.118,147
1480,364.3217,52098,135.7,448,135.61,49.3564,56.3761,143
1481,369.4143,51718,136.575,420,135.25,48.7726,55.8159,140
1482,368.7986,53107,138.3875,449,137.73,49.7734,55.7544,144
1483,368.4384,53792,135.9375,440,135.79,49.2052,56.044,146
1484,361.8028,51376,136.55,413,136.52,50.1071,55.9465,142
1485,365.3958,52617,135.925,431,135.72,49.7027,56.1616,144
1486,359.7415,52882,136.8,445,136.33,49.1646,55.9051,147
1487,361.3,50582,135.8375,429,135.38,48.9287,56.0064,140
1488,354.3537,52090,137.55,414,136.56,50.1236,56.4184,147
1489,355.1286,49718,135.625,416,135.12,50.0963,56.7967,140
1490,358.3655,51963,138.675,417,138.57,50.5349,56.4235,145
1491,353.4823,49841,136.35,403,136.33,50.6026,56.9547,141
1492,352.6454,49723,137.5625,415,137.37,50.8928,56.861,141
1493,353.3759,49826,137.35,414,137.47,50.3702,56.6654,141
1494,347.8919,51488,137.525,407,137.26,50.795,57.1897,148
1495,349.7113,49659,136.225,435,135.24,50.1838,56.8338,142
1496,345.4823,48713,137.6125,416,136.9,50.0273,56.125,141
1497,346.0556,49832,136.7,416,136.45,50.7497,56.159,144
1498,345.1286,48318,137.875,415,138.34,50.6453,56.6331,140
1499,343.1448,49756,136.1875,407,136.48,51.2449,56.4507,145
1500,342.1259,48924,138.425,386,138.68,51.4729,57.4385,143
