1,318.1152,85573,142.9625,540,143.68,40.7314,80.3312,269
2,318.1292,86213,143.825,565,142.92,40.7681,80.6788,271
3,318.8141,85761,143.9875,573,142.92,40.8359,80.5348,269
4,317.9703,85534,142.825,561,143.32,40.8661,80.6611,269
5,316.5056,85140,146.875,541,146.05,40.6667,80.669,269
6,311.941,84536,144.2125,536,144.3,40.6368,80.6082,271
7,309.5874,83279,143.95,561,143.13,40.7106,80.5772,269
8,306.5294,83376,143.65,548,143.71,41.0467,80.5386,272
9,303.8996,81749,142.4625,543,142.28,40.9467,80.5284,269
10,299.9185,80978,144.875,519,144.34,40.9632,80.5362,270
11,299.737,80929,144.975,545,145.24,40.773,80.6445,270
12,298.6357,80333,144.95,554,144.56,40.8715,80.4462,269
13,297.0259,80197,144.3625,531,144.31,40.6723,80.3266,270
14,294.3309,79175,142.8625,552,143.34,40.6364,80.4995,269
15,292.6766,78730,145.1875,540,144.13,40.9883,80.3908,269
16,288.9891,79183,143.3875,522,142.75,41.0019,80.5404,274
17,291.8926,78811,143.375,552,143.21,40.87,80.4934,270
18,293.3162,79782,146.25,554,145.65,40.7997,80.5044,272
19,293.5576,78967,144.825,516,143.96,40.8779,80.6644,269
20,288.1741,77807,144.8,494,143.99,40.9502,80.5263,270
21,289.6506,77916,143.225,515,143.72,40.8603,80.4944,269
22,289.1152,77772,144.7,566,144.1,40.9188,80.5408,269
23,288.2509,78116,145.0125,516,144.8,41.0029,80.3312,271
24,289.1277,79221,144.075,556,143.1,40.7855,80.5373,274
25,287.4649,77903,145.5375,527,145.27,41.1959,80.371,271
26,287.2778,77565,143.8875,549,144.54,40.7609,80.3299,270
27,289.114,78639,143.15,481,142.93,40.6995,80.5904,272
28,290.7985,79388,143.775,500,144.08,40.6237,80.372,273
29,290.1328,78626,142.8125,517,143.02,41.1597,80.5018,271
30,290.137,78337,142.6125,494,142.37,40.6865,80.4553,270
31,288.7904,78551,144.0375,522,145.1,40.7104,80.511,272
32,288.8376,78275,143.525,500,143.61,40.6486,80.5518,271
33,289.1513,78360,144.25,500,144.13,40.7335,80.657,271
34,293.0593,79126,145.2375,503,143.94,40.6776,80.5209,270
35,290.6519,78476,145.075,533,144.99,40.8019,80.592,270
36,292.0889,78864,146.3375,537,145.09,40.6834,80.6921,270
37,292.9667,79101,144.1875,517,144.65,40.6694,80.5885,270
38,291.7978,79369,143.675,549,143.68,40.5064,80.6406,272
39,291.7786,79072,145,508,144.62,40.7135,80.4658,271
40,293.6704,79291,143.9375,510,144.02,40.8139,80.4937,270
41,288.9744,78890,144.575,510,143.33,40.8885,80.3739,273
42,293.4164,78929,144.1875,507,143.88,40.9832,80.6336,269
43,292.9,79083,144.95,518,144.75,40.4781,80.6126,270
44,292.5407,78986,144.9875,524,145.92,40.4641,80.6497,270
45,292.8476,78776,146.2625,509,145.4,40.6355,80.5455,269
46,292.1784,78596,146.0625,526,145.65,40.6509,80.5887,269
47,295.1933,79407,146.2375,519,145.01,40.5715,80.6139,269
48,293.2862,78894,143.675,525,142.8,40.7578,80.8646,269
49,295.8815,79888,142.9375,540,142.74,40.7097,80.4789,270
50,294.6703,80445,144.8,528,143.33,40.4703,80.6035,273
51,293.8259,79333,145.275,495,144.7,40.8186,80.8696,270
52,290.6861,79648,146.475,498,144.79,40.5955,80.7507,274
53,293.3603,79794,146.175,518,145.92,40.6653,80.4509,272
54,293.4,79218,145.0625,497,143.97,40.5408,80.4769,270
55,294.3792,79188,144.025,531,143.81,40.8177,80.7391,269
56,295.1882,79996,143.65,557,143.52,40.7586,80.2965,271
57,297.0148,80194,144.5,501,145.02,40.6982,80.3071,270
58,296.3123,79708,142.4875,513,142.47,40.7191,80.5605,269
59,297.6568,80665,143.5,526,143.81,40.4767,80.7008,271
60,297.4201,80006,143.925,529,143.37,40.5248,80.6486,269
61,296.4529,81821,145.225,528,145.39,40.5953,80.4548,276
62,301.4424,81088,144.45,510,144.9,40.4816,80.5349,269
63,304.0623,83009,144.425,520,144.58,40.7366,80.4156,273
64,303.2325,82176,143.875,508,142.75,40.3036,80.5489,271
65,299.9744,81893,144.15,518,144.31,40.7845,80.5498,273
66,302.1319,82482,142.7875,531,142.21,40.3568,80.6296,273
67,304.6074,82244,144.0625,525,142.77,40.4919,80.6292,270
68,305.4815,82480,143.4125,511,142.46,40.5149,80.6042,270
69,307.8309,83730,145.1875,501,144.56,40.3232,80.7897,272
70,310.9628,83649,143.75,546,143.41,40.4379,80.4925,269
71,315.5387,85511,142.35,505,142.68,40.193,80.5763,271
72,314.5576,84616,145.5125,529,144.35,40.3467,80.6937,269
73,313.044,85461,144.8375,532,144.22,40.3074,80.701,273
74,312,85176,144.6875,539,143.19,40.3296,80.5753,273
75,309.5321,86669,145.7875,532,145.24,40.2464,80.6451,280
76,312.4275,84043,144.4125,557,144.46,40.3307,80.7499,269
77,310.7519,83903,144,553,144.62,40.573,80.462,270
78,306.6287,83403,142.4,533,142.13,40.4236,80.4998,272
79,305.7546,82248,144.05,529,143.29,40.3603,80.4998,269
80,305.4465,82776,144.4,515,143.72,40.5267,80.5278,271
81,305.6873,84064,144.2875,569,143.99,40.5495,80.4165,275
82,306.7546,82517,142.725,511,143.02,40.3464,80.5352,269
83,307.2815,82966,145.7875,547,145.17,40.4261,80.4513,270
84,307.0112,82586,142.7125,529,143.61,40.2727,80.5921,269
85,302.4453,82870,144.425,531,144.45,40.4732,80.4963,274
86,302.9037,81784,144.7125,515,144.6,40.4919,80.7393,270
87,300.3829,80803,143.8375,494,143.75,40.2233,80.6822,269
88,302.7749,82052,143.5375,509,143.1,40.4575,80.5614,271
89,303.6236,82282,143.3875,518,143.23,40.4566,80.6166,271
90,304.2111,82137,146.5125,548,145.43,40.4187,80.5838,270
91,307.1661,83242,145.1125,542,144.24,40.5629,80.5162,271
92,304.1444,82119,143.8625,523,144.2,40.3282,80.3787,270
93,305.0556,82365,144.525,530,143.59,40.4801,80.3941,270
94,305.2074,82406,144.8375,492,144.16,40.2923,80.7644,270
95,304.7926,82294,145.5625,514,144.22,40.2119,80.6785,270
96,300.5756,81456,143.5625,525,142.93,40.1308,80.4302,271
97,300.438,82320,144.25,562,142.76,40.0959,80.7895,274
98,298.7732,80370,144.2125,558,143.92,40.3813,80.4832,269
99,300.4349,80817,145.6375,512,144.28,40.2786,80.417,269
100,300.636,81773,142.0875,576,143.08,40.3374,80.5017,272
101,296.1029,80540,143.1,521,143.18,40.3778,80.509,272
102,298.4945,80892,144.325,506,143.51,40.1873,80.6009,271
103,296.037,79930,146.05,513,146.09,40.4918,80.3759,270
104,293.3309,79786,144.8875,490,144.13,40.3248,80.6054,272
105,295.845,80174,143.65,523,142.91,40.4357,80.4855,271
106,297.1455,81715,142.3125,494,141.71,40.4638,80.5679,275
107,297.4354,80605,143.2,518,142.98,40.0996,80.5301,271
108,296.0297,79632,142.7,499,142.19,40.6124,80.389,269
109,293.9635,80546,145.1375,508,145.25,40.0305,80.5986,274
110,296.7472,79825,144.3375,540,143.63,40.6185,80.4845,269
111,299.2601,81698,142.9375,509,143.32,40.3733,80.4328,273
112,301.1041,80997,143.8625,500,143.91,40.5072,80.5753,269
113,300.6134,80865,143.35,532,143.27,40.5016,80.4216,269
114,296.7018,81593,145.5375,502,145.3,40.4989,80.582,275
115,298.3934,81163,144.85,496,145.07,40.3915,80.466,272
116,295.9926,79622,144.1,498,143.18,40.4267,80.586,269
117,296.9444,80175,142.825,552,143.33,40.3805,80.5491,270
118,298.5203,80899,144.35,476,144.54,40.0453,80.7489,271
119,300.7732,80908,145.0875,486,144.74,40.2219,80.7188,269
120,296.7698,82502,144.7125,497,143.66,40.3429,80.3949,278
121,297.0074,80786,144.2375,459,144.02,40.2629,80.6918,272
122,294.2878,79752,143.975,478,143.6,40.2386,80.5108,271
123,294.3382,80060,142.1,478,141.47,40.1895,80.6893,272
124,294.6,79542,143.05,473,142.45,40.2933,80.6981,270
125,290.7249,78205,143.5875,495,142.99,40.4672,80.3911,269
126,292.1259,78874,142.75,489,142.74,40.2157,80.5528,270
127,289.1838,78658,144.225,484,143.12,40.016,80.7134,272
128,287.6704,77671,146.6875,530,145.6,40.4189,80.5902,270
129,289.777,77950,144.225,490,143.78,40.4662,80.5726,269
130,289.5613,77892,143.575,495,143.1,40.5985,80.51,269
131,285.1345,78412,142.475,450,143.06,40.2482,80.8446,275
132,287.6222,77658,145.1,491,143.65,40.3018,80.5537,270
133,283.2628,77614,143.5875,497,144.21,40.3597,80.9192,274
134,283.6403,78852,145.2375,474,145.65,40.4892,80.4137,278
135,282.989,77256,143.6125,501,144.02,40.491,80.5499,273
136,284.6729,76577,144.55,472,143.79,40.5137,80.4319,269
137,283.0372,76137,144.025,490,143.45,40.2844,80.5325,269
138,282.9407,76394,145.05,503,144.11,40.5188,80.4614,270
139,284.5257,77391,144.325,464,143.65,40.5954,80.5015,272
140,286.5993,77955,144.9625,476,143.93,40.3718,80.7825,272
141,287.1413,77241,145.9625,485,144.14,40.6123,80.6499,269
142,286.8593,77452,145.1375,489,144.44,40.2152,80.9103,270
143,288.145,77511,144.7375,481,143.86,40.4461,80.6328,269
144,288.8229,78271,144.0875,456,143.93,40.6598,80.6406,271
145,293.6236,79572,144.1875,496,144.31,40.3056,80.4873,271
146,292.7122,79325,144.425,474,144.13,40.4734,80.7004,271
147,291.1172,79475,144.35,495,144.28,40.2926,80.7305,273
148,290.3519,78395,145,489,144.8,40.5168,80.7217,270
149,286.0952,78104,142.9125,486,143.58,40.4558,80.6782,273
150,286.6766,77116,144.375,469,144.37,40.4634,80.6686,269
151,284.3913,78492,144.8625,506,143.85,40.665,80.6853,276
152,286.3271,77022,144.0125,499,144.16,41.1043,80.6589,269
153,281.5093,75726,144.3375,482,144.43,41.3497,80.4898,269
154,283.2788,76202,146.225,465,145.05,40.9895,80.8246,269
155,283.3516,77355,144.075,471,143.1,41.3641,80.6056,273
156,280.6095,76887,145.075,483,144.37,41.1866,80.7946,274
157,282.8662,76091,143.9625,496,144.36,41.4617,80.277,269
158,280.84,77231,144.375,495,143.9,41.5983,80.772,275
159,278.8885,75021,145.0375,467,144.61,41.8655,80.7085,269
160,278.8358,76401,144.1125,483,144.35,42.2786,80.6786,274
161,281.4835,76845,143.2125,476,143.5,42.1685,80.4299,273
162,282.0595,75874,143.525,511,143.53,42.2022,80.6133,269
163,278.5415,77156,144.3,469,145.09,41.8893,80.6609,277
164,280.011,76443,147.4,480,146.24,42.3017,80.3934,273
165,279.0882,75912,144.7875,473,143.47,42.4339,80.3906,272
166,281.2185,75929,144.05,468,143.78,42.3846,80.5898,270
167,279.7037,75520,143.4375,490,143.28,42.3562,80.4566,270
168,278.3964,76559,143.05,473,143.39,42.193,80.7152,275
169,280.4704,75727,143.5625,503,143.98,42.6505,80.4136,270
170,280.7472,75521,145.5375,464,145.32,42.3299,80.6079,269
171,279.7704,75538,143.975,484,143.77,42.7207,80.5089,270
172,278.4816,75747,143.7375,492,143.31,42.8995,80.445,272
173,279.3717,75151,143.8875,464,143.49,42.6197,80.4682,269
174,277.4891,76032,144.6125,457,143.55,42.6898,80.3228,274
175,281.3321,76241,144.6,471,144.39,42.2862,80.6993,271
176,277.8625,74745,143.9125,461,143.87,42.8021,80.3375,269
177,275.5,76038,142.9125,464,143.62,42.3166,80.613,276
178,277.7802,75834,143.8875,466,143.97,42.3401,80.5957,273
179,275.7762,76390,144.1125,468,144.08,42.2205,80.3546,277
180,276.1855,75951,144.5125,448,144.5,42.3875,80.5276,275
181,278.8996,75024,144.9125,461,144.32,42.3968,80.4495,269
182,276.8513,74473,144.1,436,143.23,42.1641,80.6717,269
183,277.6875,75531,144.4625,468,143.9,42.5954,80.2663,272
184,277.7326,75821,145.35,483,144.47,42.2216,80.4714,273
185,276.641,75523,144.2875,453,143.51,42.2715,80.4897,273
186,276.148,76493,143.5875,477,144.31,42.0658,80.3483,277
187,276.6037,74683,144.4375,467,143.52,41.9528,80.6734,270
188,275.5,74385,143.6625,471,143.69,42.1082,80.6526,270
189,278.1476,75378,143.4125,455,143.33,41.8176,80.4775,271
190,275.2107,77059,142.1625,451,141.95,41.8051,80.6713,280
191,275.9634,75338,144.1625,457,143.6,42.089,80.4589,273
192,273.3679,76543,144.1125,464,143.74,42.0452,80.3902,280
193,277.0556,74805,142.5,486,141.79,42.0307,80.4075,270
194,281.1933,75641,146.7,469,145.71,42.0012,80.6051,269
195,277.6989,77478,144.0125,497,143.79,41.9759,80.1955,279
196,275.8346,75027,143.025,475,142.92,41.7434,80.569,272
197,275.1538,75117,144.125,503,143.59,41.7641,80.6349,273
198,279.6185,75497,144.05,456,143.15,41.6787,80.3819,270
199,278.5167,74921,143.1625,458,142.34,41.4974,80.5115,269
200,275.1011,76203,144.05,460,144.09,41.2377,80.5815,277
201,280.2825,75396,145.2875,485,145.18,41.2725,80.9506,269
202,276.4207,74910,142.125,460,141.21,41.1019,80.7537,271
203,277.3346,75435,143.075,440,143.82,40.7691,80.8213,272
204,279.5904,75769,144.5,482,143.84,41.0509,80.6122,271
205,277.1,74817,144.275,467,144.27,40.8471,80.684,270
206,275.5812,76336,144.275,464,144.6,40.6217,80.6028,277
207,279.022,76173,143.6875,497,143.36,41.0178,80.7153,273
208,278.1434,75655,146.625,468,144.8,40.7699,80.4841,272
209,278.2528,74850,142.075,471,142.05,40.651,80.8514,269
210,279.8225,77231,144.775,461,143.91,40.8043,80.7326,276
211,280.6029,76324,146.45,449,146,40.7977,80.7049,272
212,277.2731,75141,144.1875,472,142.81,40.9598,80.4844,271
213,278.5441,75764,144.875,488,143.46,40.5851,80.8326,272
214,277.4234,76014,142.9,484,143.19,40.6283,80.3994,274
215,278.8266,75562,143.3875,464,143.24,40.4677,80.6516,271
216,280.4613,76005,143.25,482,142.93,40.8021,80.6698,271
217,278.5056,74918,144.6875,470,144.02,40.8164,80.8695,269
218,276.3801,74899,144.6375,469,143.51,40.172,80.6802,271
219,276.1882,74847,144.775,464,143.66,40.3535,80.7157,271
220,278.7185,75254,144.8625,499,143.83,40.5399,80.5416,270
221,277.8407,75017,145.4375,468,145.96,40.1247,80.6085,270
222,278.3148,75145,143.275,457,143.35,40.3336,80.6101,270
223,281.0926,75895,144.3,480,143.97,40.1892,80.6986,270
224,278.3015,75698,145.05,458,144.57,40.1927,80.5925,272
225,279.3792,75153,145.5875,442,144.88,40.2172,80.66,269
226,277.8248,76124,143.0875,461,142.51,40.1777,80.7526,274
227,278.792,76389,144.525,476,144.31,40.0388,80.7667,274
228,278.9926,75607,141.2625,449,141.53,40.0013,80.8106,271
229,275.9743,75065,140.775,442,139.86,40.17,80.3746,272
230,281.1333,75906,144.75,451,143.71,40.1785,80.9918,270
231,278.739,75817,145.25,460,144.45,40.0911,80.5381,272
232,278.8029,76392,143.975,468,143.36,40.0089,80.618,274
233,277.8745,75304,145.3125,448,144.65,40.0721,80.7302,271
234,275.8,74466,145.4,427,144.79,39.8468,80.4801,270
235,277.1654,75389,144.0625,451,143.95,39.6289,80.6084,272
236,276.3271,74332,142.0375,460,142.27,39.4182,80.9326,269
237,276.5815,74677,143.8875,446,144.81,39.9328,80.843,270
238,277.4852,74921,143.925,465,143.13,39.6287,80.5828,270
239,276.5204,74384,142.75,467,141.43,39.8408,80.6852,269
240,277.5018,75203,142.8875,461,142.6,40.1623,80.5174,271
241,277.4465,75188,144.4125,448,143.78,39.4191,80.9381,271
242,278.1978,75948,142.4375,446,142.93,39.4437,80.8407,273
243,279.0855,75074,142.85,479,143.08,39.6022,80.7864,269
244,275.6487,76906,144.175,456,142.28,39.7312,80.7138,279
245,277.6982,76367,142.9125,437,142.91,39.5042,80.7297,275
246,276.5735,75228,146.05,433,145.09,39.4515,80.7058,272
247,279.4723,75737,143.95,461,143.19,39.6168,80.9758,271
248,277.0297,74521,142.45,439,141.86,39.4062,80.4009,269
249,279.2416,75116,143.75,452,143.3,39.4133,80.8397,269
250,277.2952,75147,143.6125,451,142.68,39.3004,80.6849,271
251,276.5882,75232,143.8875,464,144.24,39.2764,80.8516,272
252,279.337,76259,144.6375,437,144.9,39.3208,80.875,273
253,276.9446,75052,144.6,441,144.28,39.4534,80.7744,271
254,277.136,75381,143.1,477,142.19,39.3222,80.8994,272
255,274.9783,76169,142.525,452,142.69,39.7904,80.7557,277
256,277.6421,75241,142.7125,447,142,39.4394,80.9373,271
257,278.1648,75939,144.35,457,144.42,39.6347,80.723,273
258,279.0519,75344,144.35,475,143.66,39.8007,80.7727,270
259,277.0223,74519,144.3375,457,144.79,39.6628,80.7815,269
260,279.3606,75148,144.3625,467,144.76,39.6458,80.6538,269
261,274.8732,75865,145.1,451,144.9,39.3742,80.639,276
262,277.4582,76301,143.325,456,142.49,39.9425,80.585,275
263,277.0446,74525,144.475,438,144.4,39.6086,80.7031,269
264,279.0372,75061,143.25,439,142.5,39.6441,80.8483,269
265,278.7138,74974,145.3,465,145.71,39.5372,80.571,269
266,278.4275,74897,145.0625,478,145.28,39.6537,80.3069,269
267,278.4265,75732,142.05,470,142.5,39.2375,80.5868,272
268,279.0691,76744,142.7625,486,143.01,39.2482,80.4602,275
269,279.3519,75425,143.45,454,143.15,39.5843,80.2999,270
270,279.2336,76510,145.55,446,145.57,39.2188,80.7456,274
271,279.4889,75462,143.9625,471,143.51,39.5267,80.6841,270
272,278.9818,76441,143.5875,512,142.04,39.4291,80.7985,274
273,278.9188,75587,140.4375,457,141.11,39.2657,80.9359,271
274,282.0074,75860,142.95,445,142.4,39.5715,80.5614,269
275,279.6471,76064,143.6375,466,144.16,39.2158,80.8498,272
276,280.0812,75902,142.4875,462,143.6,39.5657,80.742,271
277,277.5055,75204,143.2,475,142.6,39.3817,80.7546,271
278,280.3063,75963,143.55,468,143.45,39.4058,80.7927,271
279,282.2509,76490,143.7125,472,144.02,39.6392,80.5116,271
280,279.9926,76158,144.0375,451,144.52,39.2537,80.7713,272
281,280.4704,75727,144.325,465,145.24,39.3713,80.4835,270
282,278.7664,76382,143.9625,440,145.13,39.2995,80.685,274
283,282.3111,76224,145.075,479,144.56,39.3951,80.6829,270
284,283.0145,77829,145.1375,481,143.71,39.4852,80.5644,275
285,280.4103,76552,143.3125,446,143.48,39.2883,80.8626,273
286,279.1569,76489,144.275,466,144.32,39.1486,80.8194,274
287,280.619,76609,143.7625,448,143.94,39.3329,80.7208,273
288,281.5948,75749,146.625,481,145.42,39.3893,80.5913,269
289,282.7286,76054,144.6125,463,143.64,39.2852,80.6151,269
290,278.9704,75322,145.1375,468,143.47,39.547,81.1429,270
291,280.1832,76490,143.5625,453,144.48,39.6924,80.8617,273
292,279.1222,75363,145.1625,490,144.78,39.3359,80.8109,270
293,280.6052,76044,144.0875,476,143.53,39.7955,80.4202,271
294,280.5535,76030,145.8875,457,146.52,39.3775,80.7514,271
295,278.7363,76095,142.975,464,144.46,39.4244,80.5124,273
296,279.7658,75257,145.9625,429,145.07,39.3257,80.6806,269
297,279.3889,75435,143.0875,461,143.17,39.6779,80.4622,270
298,280.3741,75701,143.975,451,144.18,40.0514,80.5473,270
299,278.9559,75876,144.3125,444,143.35,39.4663,80.5535,272
300,280.0517,75894,144.825,451,144.43,39.5094,80.8063,271
301,282.2852,76217,142.575,448,143.4,39.5584,80.8468,270
302,280.3718,77663,145.1,496,143.65,39.7723,80.7741,277
303,281.125,76466,142.6125,442,142.55,39.5758,80.5015,272
304,281.2288,76213,143.7875,447,144.77,39.1912,80.9489,271
305,281.0183,76718,143.775,456,142.32,39.6568,80.6576,273
306,282.7732,76066,144.3625,475,144.04,39.4342,80.6975,269
307,284.5204,76536,143.725,471,143.19,39.4734,81.0349,269
308,284.9889,76947,145.4125,459,145.88,39.7347,80.7314,270
309,287.9294,77453,144.6625,471,144.35,39.5812,80.6376,269
310,285.0294,77528,144.325,457,143.65,39.7601,80.7995,272
311,281.4526,77118,144.25,452,144.59,39.7798,80.5459,274
312,285.0365,78100,145.7125,480,146.23,39.658,80.673,274
313,286.5593,77371,143.1125,491,144.01,39.4754,80.8896,270
314,286.0996,77533,145.2,459,145.94,39.7026,80.6925,271
315,284.1971,77870,144.8,505,143.35,39.718,80.5988,274
316,284.4535,76518,144.225,480,143.91,39.2401,80.786,269
317,283.08,77847,143.1375,490,143.67,39.5701,80.8827,275
318,281.3768,77660,144.0875,470,143.52,39.5548,80.6975,276
319,283.3247,76781,145.0625,460,145.07,39.6557,80.6016,271
320,283.637,76582,146.8375,457,145.81,39.8969,80.6539,270
321,282.8493,76935,144.3,449,144.11,39.7262,80.6825,272
322,283.8148,76630,145.2125,456,145.62,39.6285,80.4127,270
323,281.7323,75786,144.2625,426,142.59,40.0479,80.7998,269
324,282.4908,76555,144.8625,461,145.18,39.6808,80.9201,271
325,278.2283,76791,143.6,466,143.66,39.7913,80.6249,276
326,282.3037,76222,141.8875,441,142.49,39.3896,80.7927,270
327,280.8926,75841,143.425,440,143.77,40.0146,80.8177,270
328,283.6777,77444,144.425,451,143.69,39.7323,80.5142,273
329,281.1341,77593,145.05,499,144.51,39.826,80.5559,276
330,283.1963,76463,142.3375,445,141.4,39.7482,80.666,270
331,284.8192,77186,142.9875,480,142.94,39.5271,80.6449,271
332,287.0963,77516,142.6625,483,141.98,39.7304,80.5376,270
333,286.2342,76997,143.0875,482,143.02,39.8458,80.5482,269
334,287.8178,77423,145.4625,486,144.88,39.8384,80.6238,269
335,285.1778,76998,144.375,477,143.94,39.7969,80.6824,270
336,286.7232,77702,145.3125,464,144.99,39.7146,80.7568,271
337,288.1144,78079,142.3875,449,142.06,39.6738,80.6436,271
338,288.3792,77574,143.55,453,143.25,39.5702,80.8657,269
339,288.1259,77794,143.4125,501,143.73,39.4648,80.9546,270
340,286.0257,77799,143.725,452,143.67,40.235,80.4548,272
341,285.2904,77599,142.95,457,142.38,39.7827,80.6382,272
342,285.1905,77857,146.2375,451,145.98,40.2039,80.6799,273
343,284.1581,77291,144.95,499,143.79,39.7521,80.8493,272
344,283.7844,76338,143.875,457,143.42,39.8606,80.5619,269
345,283.8681,77496,141.2125,442,141.36,39.7903,80.7874,273
346,285.537,77095,145.7125,466,146.02,39.8231,80.4839,270
347,284.9855,78656,145.1625,453,144.17,39.9471,80.7427,276
348,288.7206,78532,143.0375,475,142.65,39.623,80.5673,272
349,287.3741,77591,142.2,457,141.41,39.8839,80.6937,270
350,288.4238,77586,144.3625,469,144.27,39.9645,80.8058,269
351,287.9963,78047,142.9625,444,141.67,39.5894,80.6537,271
352,290.9519,78557,144.775,449,144.13,39.7333,80.8132,270
353,289.5037,78745,142.05,453,142.81,39.7569,80.6061,272
354,289.9667,78291,144.7,471,144,39.4392,80.9533,270
355,292.4797,79262,144.175,473,143.87,39.5672,80.9725,271
356,295.1292,79980,145.425,473,145.79,39.3605,80.9392,271
357,293.9145,79063,142.775,461,142.18,39.9213,80.5177,269
358,296.7695,79831,145.2625,497,144.36,39.7314,80.8364,269
359,292.0513,79730,142.225,482,141.61,39.5286,80.8291,273
360,291.262,78932,144.2,460,145.35,39.5067,80.638,271
361,290.2894,79249,143.45,489,142.94,39.8095,80.8329,273
362,289.9853,78876,142.05,451,142.46,39.9609,80.8165,272
363,288.971,79756,143.1,461,143.58,39.8421,80.6358,276
364,290.4981,78144,144.7125,439,143.66,39.9475,80.7964,269
365,288.31,78132,144.8875,450,144.21,39.6106,80.7368,271
366,287.6,77652,143.8875,462,142.22,39.9648,80.5347,270
367,292.8309,79650,144.375,477,145.27,39.7984,80.4841,272
368,289.777,77950,144.8625,463,144.26,39.7425,80.6994,269
369,289.3148,78115,144.5125,480,143.86,39.8038,80.5707,270
370,288.476,78177,144.3375,456,143.98,39.5978,80.9301,271
371,289.4613,78444,146.0625,480,145.01,40.0638,80.689,271
372,287.337,78443,145.45,472,144.34,39.5205,80.5579,273
373,287.7889,77703,143.4375,460,142.99,39.6278,80.6891,270
374,287.9963,78047,144.6125,459,144.21,40.0145,80.8342,271
375,290.3333,78390,142.6,452,143.47,39.4483,80.77,270
376,283.88,78067,143.2,459,142.79,40.0216,80.4634,275
377,285.641,77980,144.35,444,144.18,39.6134,80.6775,273
378,288.6531,78225,143.8625,456,143.09,39.8051,80.7927,271
379,284.4762,77662,145.7125,444,145.48,39.8214,80.6404,273
380,289.9852,78296,143.3375,472,144.52,39.9988,80.8613,270
381,290.2103,78647,143.8875,493,143.4,39.9286,80.6011,271
382,291.2399,78926,143.3,465,143.22,40.1421,80.6698,271
383,292.6394,78720,142.3375,459,143.23,40.0781,80.6237,269
384,295.7993,79570,145.1375,461,145.05,39.8403,80.7384,269
385,293.7897,79617,144.375,454,142.16,39.8838,80.5255,271
386,295.137,79687,145.25,481,145.08,39.9109,80.8873,270
387,292.9851,78813,145.325,446,143.9,40.0399,80.6895,269
388,292.9405,78801,145.1625,458,144.85,40.0016,80.7171,269
389,291.7302,81101,144.0875,478,143.78,39.8658,80.5981,278
390,293.2111,79167,145.025,454,143.91,39.9712,80.6625,270
391,291.8148,78790,145.125,456,144.03,40.1142,80.7308,270
392,291.5882,79312,143.1875,469,142.51,39.8377,80.6474,272
393,295.6852,79835,143.6,470,143.09,39.7641,80.6121,270
394,295.7926,79864,143.3875,514,142.96,40.2347,80.7071,270
395,293.5148,79249,145.0625,458,144.24,40.1552,80.5601,270
396,296.6117,80975,144.8,487,144.19,39.7477,80.79,273
397,299.163,80774,143.8625,479,142.98,39.7377,80.7448,270
398,296.368,79723,145.7875,468,144.96,40.1898,80.7584,269
399,296.5166,80356,142.15,499,141.81,39.8718,80.7319,271
400,295.2774,80906,142.575,476,142.28,39.9906,80.5137,274
401,295.1728,80287,145.5625,446,144.42,39.8807,80.8732,272
402,295.7361,79553,143.3,467,144.01,40.0513,80.6333,269
403,294.0667,79398,143.175,450,142.97,39.5077,80.6594,270
404,292.0109,80303,144.6,456,143.56,39.8724,80.6078,275
405,290.9161,79711,143.85,477,143.95,39.6751,80.8102,274
406,292.9817,79984,142.9875,480,142.66,39.974,80.74,273
407,293.5074,79247,143.525,466,141.61,40.05,80.5135,270
408,291.6347,79033,143.025,469,142.17,40.0416,80.659,271
409,291.9048,79690,141.9375,473,143.36,39.6986,81.0101,273
410,291.5547,79886,143.3625,486,143.06,40.2059,80.5708,274
411,292.9517,78804,143.1,480,142.65,39.9837,80.6682,269
412,292.7026,78737,143.4125,469,143.52,39.9462,80.869,269
413,291.8598,79094,142.525,496,141.61,39.844,80.6418,271
414,288.864,78571,143.5375,451,142.7,39.614,80.8794,272
415,292.8593,79072,142.4375,468,141.73,39.8634,80.8382,270
416,289.3284,78408,141.425,463,142.85,39.7506,80.8311,271
417,288.6264,78795,143.9125,451,143.66,39.7318,80.7326,273
418,288.0259,77767,145.2125,464,142.83,39.8263,80.6853,270
419,288.3284,78137,142.5375,465,142.27,40.156,80.7549,271
420,286.5651,77086,143.3375,490,142.77,39.9404,80.7396,269
421,283.2214,76753,147.8,426,144.71,40.271,80.7048,271
422,286,76934,143.75,439,143.56,39.8716,80.8947,269
423,282.3069,78199,144.925,464,144.34,40.0492,80.6185,277
424,282.0112,75861,143.875,472,143.66,40.2305,80.6527,269
425,280.7455,78328,144.125,449,142.7,39.9093,80.8032,279
426,282.381,77090,142.4625,452,142.77,40.1588,80.7644,273
427,282.6447,77162,143.6,439,143.25,40.1061,80.6911,273
428,282.3383,75949,144.1875,467,142.74,39.8442,80.8043,269
429,282.9963,76126,142.675,451,142.32,40.2061,80.6241,269
430,282.3948,76529,144.675,475,144.23,39.835,80.8444,271
431,284.5867,77123,145.2,435,144.16,40.2778,80.7537,271
432,287.4387,77321,144.15,500,143.61,40.1598,80.7238,269
433,282.738,76622,143.8375,441,143.34,39.7458,80.6175,271
434,286.8148,77440,144.8875,441,144.51,39.8987,80.8621,270
435,282.0614,78131,143.4375,434,143.18,39.9879,80.7413,277
436,288.3717,77572,146.775,462,145.5,40.0848,80.4713,269
437,286.6458,77681,144.225,460,145.03,39.6891,80.8749,271
438,289.6333,78201,144.175,468,143.22,39.9374,80.7966,270
439,291.3741,78671,142.925,457,142.6,39.8593,80.9636,270
440,292.5576,78698,144.8875,448,142.97,39.8463,80.7852,269
441,296.4375,80631,144.5,490,143.36,40.1803,80.8482,272
442,298.4259,80575,145.5,467,144.44,39.9817,80.5848,270
443,301.6863,81757,144.7125,483,143.27,40.0327,80.8094,271
444,300.2148,81058,142.6,472,142.29,39.8342,80.7623,270
445,301.3247,81659,142.4625,480,142.91,40.0351,80.7667,271
446,300.5588,81752,144.425,465,143.94,39.982,80.9979,272
447,298.6838,81242,144.275,464,143.13,39.6551,80.7692,272
448,297.6593,80368,144.4875,484,142.64,39.594,80.6805,270
449,298.9294,80412,143.95,482,142.31,40.0939,80.6288,269
450,294.6,79542,143.7625,462,143,40.0732,80.8466,270
451,292.6873,80489,145.6875,474,144.08,40.2626,80.8532,275
452,296.4469,80930,142.75,478,143.3,40.3251,80.8383,273
453,296.037,79930,142.275,459,141.55,40.5817,80.5535,270
454,297.0335,79902,144.3125,501,143.65,40.1598,80.8014,269
455,300.8253,80922,144.8875,467,144.4,40.1543,80.7318,269
456,297.5547,81530,143.925,497,144.38,40.7511,80.733,274
457,296.3926,80026,143.25,466,142.94,40.2964,80.9281,270
458,294.6582,81031,142.4625,484,142.22,40.7733,80.7813,275
459,297.037,80200,143.425,466,142.91,40.4289,80.7953,270
460,295.855,79585,144.2625,465,143.91,40.6707,80.8435,269
461,294.5201,80404,143.35,477,143.24,40.8794,80.4558,273
462,294.4982,80987,143.3125,487,143.29,40.6153,80.7702,275
463,294.69,79861,144.1125,470,142.57,40.9062,80.7018,271
464,291.8942,79979,143.175,458,142.88,40.7572,80.7432,274
465,291.8185,78791,144.775,448,143.93,41.0022,80.7006,270
466,291.223,78339,145.5875,445,144.05,40.9578,80.8761,269
467,287.6534,79680,143.4125,437,143.93,40.4844,81.0275,277
468,288.8603,78570,143.1375,472,142.95,40.7651,80.55,272
469,288.5,78472,144.9375,471,143.93,41.0915,80.5547,272
470,290.1919,78642,144.0875,477,143.92,41.1166,80.7415,271
471,289.3542,78415,144.8875,449,144.87,40.8108,80.6751,271
472,289.7472,77942,144.9625,476,144,41.0079,80.5128,269
473,291.0558,78294,143.5125,452,143.14,40.8234,80.5747,269
474,291.0659,79461,145.325,462,144.72,40.8457,80.651,273
475,287.8885,77442,144.1375,476,143.63,40.9763,80.9718,269
476,288.9033,77715,144.05,434,143.34,40.8616,80.7307,269
477,288.8081,78267,144.2375,473,143.62,41.088,80.4967,271
478,286.0764,78671,144.7875,469,143.69,40.7007,80.6946,275
479,287.7852,77702,143.6375,448,143.53,40.9329,80.7333,270
480,287.2831,78141,144.2625,453,144.09,41.0052,80.4954,272
481,289.1771,78367,144.475,449,143.17,40.8327,80.7582,271
482,286.4669,77919,142.6625,435,142.12,40.8145,80.8264,272
483,285.7964,78594,143.8625,480,142.73,41.0285,80.6673,275
484,288.5874,77630,143.3125,478,142.59,40.7749,80.5646,269
485,286.5106,80796,144.1125,454,143.58,41.0397,80.5986,282
486,292.6716,79314,142.6625,457,142.36,40.7512,81.0149,271
487,293.5429,82192,144.625,464,143.71,40.9786,80.7379,280
488,298.1838,81106,143.6375,482,142.86,40.7193,80.7164,272
489,299.8593,80962,145.4875,475,144.13,40.7662,80.7551,270
490,301.0662,81890,143.9125,456,143.34,40.6785,80.6271,272
491,303.6543,81683,141.45,450,141.57,40.5008,80.8189,269
492,305.0696,83284,143.35,475,143.14,40.8559,80.644,273
493,306.8067,82531,143.3625,486,142.79,40.7963,80.7116,269
494,305.71,82236,142.9375,494,142.88,40.8849,80.8267,269
495,306.7,82809,143.0375,492,143.69,40.6696,80.9544,270
496,302.9442,81492,141.8375,448,141.96,40.8549,80.8156,269
497,303.6934,83212,141.575,476,142.23,40.4348,80.9473,274
498,303.8618,83562,144.3375,474,144.36,40.8087,80.7013,275
499,299.5985,82090,144.25,480,143.17,40.7907,80.8324,274
500,299.2626,83195,142.1875,451,143.63,40.5937,80.9165,278
501,299.5772,81485,143.6375,494,142.6,40.7933,80.8972,272
502,302.3125,82229,147.25,486,146.18,40.9509,80.6927,272
503,302.9782,83319,144.425,476,144.2,40.375,80.9116,275
504,305.9926,82312,144.45,490,144.27,40.6521,80.6751,269
505,305.9194,83516,142.425,459,142.77,40.4919,80.8979,273
506,301.8893,81812,144.9125,470,143.4,40.0769,80.8798,271
507,306,82620,143.9625,473,143.5,40.4142,80.6636,270
508,301.476,81700,142.5375,479,142,40.7328,80.5805,271
509,304.1213,82721,142.4625,472,142.92,40.6197,80.5535,272
510,305.6208,82212,142.6125,470,142.56,40.6764,80.5852,269
511,307.6,83052,144.625,488,144.51,40.3663,80.8457,270
512,308.6384,83641,144.05,460,142.56,40.1291,80.9962,271
513,312.1277,85523,143.05,489,142.12,40.5873,80.7516,274
514,309.145,83160,144.0375,466,143.38,40.4929,80.6989,269
515,310.5056,83526,142.5625,457,141.99,40.3375,80.8882,269
516,308.5584,84545,143.5375,472,143.12,40.1974,80.9132,274
517,309.5296,83573,143.775,459,143.46,40.4764,80.8823,270
518,307.0945,84451,143.75,474,142.83,40.4003,80.7995,275
519,304.7844,81987,144.0875,471,143.51,40.8188,80.6159,269
520,306.6103,83398,144.7125,472,143.57,40.5942,81.0131,272
521,305.9368,82297,143.4375,455,143.44,40.2289,80.8606,269
522,307.2491,82650,142.6875,470,141.93,40.4315,81.0954,269
523,307.0443,83209,143.825,465,143.67,40.6112,80.86,271
524,301.6022,81131,144.525,479,143.84,40.4891,80.6382,269
525,302.8819,82081,142.575,461,143.33,40.4177,80.893,271
526,300.0185,81005,143,475,141.77,40.5987,80.768,270
527,296.4982,82130,144.325,484,144.04,40.6237,80.849,277
528,298.9963,80430,142.35,476,143.33,40.8176,80.7917,269
529,297.8141,80112,144.8375,451,143.62,40.5378,80.6062,269
530,298.1618,81100,143.8875,472,142.97,41.0919,80.7952,272
531,298.2804,80834,144.5625,449,144.25,40.7006,80.9035,271
532,299.9781,82194,144.35,467,143.44,40.5226,80.6371,274
533,300.026,80707,143.8875,453,143.17,40.3835,80.8138,269
534,299.7169,81523,143.8125,471,143.64,40.3924,80.9703,272
535,300.5678,82055,144.9875,473,144.44,40.6821,80.7113,273
536,305.7417,82856,144.4375,461,143.03,40.4827,80.8205,271
537,303.5799,81663,143.8125,470,143.79,40.4433,80.72,269
538,300.25,82869,145.4625,471,144.54,40.3527,80.6589,276
539,299.1375,80468,143.4,473,143.53,40.6543,80.6058,269
540,296.9299,80468,144.825,435,143.98,40.4222,80.6956,271
541,294.7372,80758,142.4,446,141.95,40.3375,80.8096,274
542,292.4465,79253,142.3125,445,141.94,40.9988,80.6778,271
543,291.5576,78429,141.8125,452,141.13,40.738,80.665,269
544,291.1375,78316,143.1,464,143.5,40.6661,80.6819,269
545,286.4874,79357,144.5125,436,143.5,40.6027,80.7852,277
546,287.948,77458,143.95,437,144.19,40.256,80.6647,269
547,284.3773,77635,142,461,142.4,41.0452,80.6438,273
548,285.3971,77628,144.1875,423,143.31,40.5969,80.6019,272
549,282.9778,76404,145.8625,431,144.41,40.73,80.6307,270
550,283.4058,78220,144.875,418,144.95,40.7532,80.8609,276
551,281.7528,76355,143.975,419,141.71,40.8868,80.5449,271
552,282.5688,76011,142.4375,432,142.04,40.5224,80.6456,269
553,279.6089,75774,143.55,410,142.47,41.2492,80.5577,271
554,279.4444,75450,144.25,443,143.19,41.0625,80.7293,270
555,277.9526,76159,143.8375,436,142.57,40.9489,80.7702,274
556,275.9707,75340,142.3625,443,142.56,40.8177,80.654,273
557,277.5688,74666,143.4875,449,142.66,40.876,80.8188,269
558,277.0186,74518,142.7625,426,142.34,41.4307,80.5846,269
559,276.2015,75403,144.9875,403,144.12,40.8177,80.7175,273
560,275.1292,74560,144.5375,418,143.63,40.8634,80.9109,271
561,276.3717,74344,143.05,436,142.4,40.7224,80.7775,269
562,275.4412,74920,145.2125,442,144.71,41.1748,80.498,272
563,275.6654,74981,144.4375,437,143.54,40.7131,80.6983,272
564,275.5219,75493,144.0875,410,142.98,41.0299,80.6421,274
565,273.295,75976,144.65,419,143.87,40.645,80.8232,278
566,276.417,74909,143.7125,426,144.07,41.1927,80.6693,271
567,276.0221,74802,142.2125,434,142.36,41.0898,80.9136,271
568,276.0741,74540,145,444,144.35,41.0521,80.6759,270
569,276.263,74591,143.8875,414,143.32,40.8268,80.8443,270
570,277.4343,76017,144.2,434,143.81,41.0687,80.4855,274
571,277.1661,75112,144.4125,434,144.51,41.0555,80.508,271
572,275.9044,75046,143.9625,412,144.02,41.2822,80.468,272
573,275.7296,74447,142.55,408,141.75,41.1509,80.7286,270
574,278.3197,74868,143.5875,410,143.28,41.4657,80.4732,269
575,276.5793,74953,145.375,419,144.54,40.802,80.6488,271
576,275.8481,74479,143.65,415,144.29,41.2667,80.4167,270
577,276.5568,75500,143.65,412,142.54,41.159,80.5528,273
578,278.4908,75471,141.9875,423,141.71,40.8306,80.5569,271
579,279.1747,75098,142.1625,442,141.32,40.8935,80.6016,269
580,275.967,75339,142.075,414,142.2,41.3944,80.7034,273
581,279.6287,76059,143.325,406,143.13,41.0196,80.6962,272
582,282.2342,75921,143.5625,421,143.58,40.9759,81.0279,269
583,284.0886,76988,143.4625,457,144.02,40.6706,80.6928,271
584,283.3626,77358,144.4,429,143.47,40.5562,80.9578,273
585,281.1429,76752,146.625,418,145.25,40.753,80.8934,273
586,281.3934,76539,143.5,448,142.78,40.764,80.786,272
587,281.4265,76548,142.75,435,142.63,40.9129,80.6414,272
588,282.9442,76112,144.9,454,144.57,41.0145,80.7034,269
589,279.7574,76094,143.275,424,142.55,40.9174,80.7729,272
590,280.539,75465,144.6375,427,144.04,40.9697,80.573,269
591,280.8561,76112,143.275,410,142.95,40.6008,81.0604,271
592,282.6877,76043,142.7125,436,141.5,40.8918,80.9141,269
593,279.5407,75476,144.275,450,143.88,40.6656,81.0945,270
594,277.9963,75337,143.9625,425,143.09,40.6296,80.7786,271
595,283.197,76180,144.4625,425,143.82,40.7428,80.8266,269
596,284.8815,76918,142.35,438,141.97,40.8586,80.8052,270
597,283.8613,77778,142.6,415,141.88,40.695,80.6405,274
598,282.2751,75932,143.075,426,142.7,40.699,80.3092,269
599,285.8419,77749,143.7,440,143.78,40.9286,80.7809,272
600,286.5519,77369,144.7125,430,144.22,40.9738,80.7924,270
601,285.9219,76913,142.275,428,142.76,40.6692,80.9956,269
602,290.5688,78163,144.825,474,144.26,40.9342,80.6645,269
603,287.5588,78216,144.1625,473,144.63,40.6291,80.8326,272
604,288.0149,77476,146.0875,438,144.49,40.9692,80.595,269
605,284.8909,78345,142.375,438,142.8,40.7981,80.8019,275
606,284.3978,76503,143.6,453,143.12,40.9301,80.5364,269
607,286.1739,78984,140.75,426,141.32,41.145,80.5269,276
608,287.2454,78418,142.6875,427,143.24,41.0139,80.7793,273
609,287.6347,77949,141.8375,439,141.81,40.601,81.0096,271
610,289.5093,77878,141.95,429,142.34,40.7377,80.7444,269
611,289.1041,77769,141.6625,430,141.32,40.8273,80.9622,269
612,294.0444,79392,142.1,436,142.38,40.8556,80.8125,270
613,294.1859,79136,143.375,471,143.03,41.1403,80.7759,269
614,293.2279,79758,144.375,432,143.56,40.824,80.884,272
615,294.9522,80227,143.3125,443,143.04,40.7705,80.9847,272
616,294.1413,79124,144.4875,441,143.05,40.7535,81.0379,269
617,294.9004,79918,142.1875,462,142.22,40.6654,80.8301,271
618,293.6296,79280,143.475,451,143.03,40.5776,81.0516,270
619,293.3063,79486,142.2625,425,143.51,40.7432,80.7201,271
620,300.5166,81440,140.9875,457,140.89,40.5648,80.8557,271
621,303.0296,81818,143.8,446,143.51,40.6945,80.6676,270
622,303.9888,81773,141.975,452,141.57,40.723,80.7695,269
623,301.9559,82132,143.5875,445,144.11,40.7671,80.7071,272
624,299.7601,81235,142.6375,435,142.11,40.6626,80.9537,271
625,298.2132,81114,142.925,475,142.18,40.7365,80.8309,272
626,299.9446,81285,143.1875,480,142.9,40.7376,80.6628,271
627,297.9077,80733,145.4625,445,144.24,40.7798,80.7603,271
628,295.2268,79416,143.175,452,142.28,41.1914,80.524,269
629,293.5037,79833,143.075,457,141.77,40.4486,80.8189,272
630,295.0667,79668,144.3,461,144.21,40.8148,80.9991,270
631,291.7574,79358,145.275,462,144.44,40.6257,80.8703,272
632,293.1259,79144,142.525,481,143.12,40.8755,80.8873,270
633,290.658,78187,145.9,441,144.8,40.7808,80.5719,269
634,292.7565,79337,143.725,437,143.12,40.4333,80.6731,271
635,289.4015,77849,140.8,427,141.46,40.3742,80.8199,269
636,288.6273,78218,144.625,436,143.28,40.6094,80.7337,271
637,290.9265,79132,144.1625,422,143.47,40.7821,80.9191,272
638,291.8216,78500,142.9125,464,142.41,40.567,80.7798,269
639,289.4118,78720,144.3625,444,144.12,40.7007,80.8446,272
640,292.1319,79752,142.475,435,142.33,40.7385,80.7184,273
641,291.9631,79122,142.725,447,141.69,40.9402,80.9946,271
642,289.5331,78753,142.875,417,143.67,40.4118,80.674,272
643,293.4044,79806,142.65,447,143.28,40.8029,80.9421,272
644,291.7509,78481,142.3875,449,142.05,41.1257,80.8247,269
645,291.063,78587,142.9875,445,142.08,40.9843,80.7226,270
646,291.2509,78929,143.3125,456,142.8,40.7849,80.7122,271
647,290.4982,78725,142.3,438,142.81,40.7784,80.8263,271
648,292.3941,78654,143.6875,431,143.17,40.4898,80.8894,269
649,290.3566,78977,142.7625,442,141.77,40.9005,80.792,272
650,292.632,78718,143.125,429,142.31,40.9259,80.8458,269
651,292.2454,78614,143.7375,448,144.05,40.7996,80.6994,269
652,290.574,80489,140.4625,458,141.14,40.9293,80.7875,277
653,296.0074,79922,144.525,447,144.44,40.3924,80.9262,270
654,298.9927,81924,144.45,465,142.96,40.7878,80.7476,274
655,300.7482,82405,143.1625,450,143.34,40.3124,81.0475,274
656,298.3713,81157,142.6625,439,143.55,40.9756,80.8082,272
657,299.0403,81638,141,470,141.82,40.5845,80.8556,273
658,296.6245,79792,141.825,466,141.95,40.6411,80.6534,269
659,295.214,80003,143.5375,452,143.6,40.8432,80.8207,271
660,292.6471,79600,145.8375,451,144.17,40.5157,80.8487,272
661,292.845,79361,140.0125,448,140,40.8104,80.8988,271
662,297.5646,80640,144.3875,502,143.5,40.6617,80.8906,271
663,301.011,81875,145.575,450,144.57,40.8055,80.8664,272
664,301.7398,81168,142.525,491,142.94,40.7005,80.7673,269
665,303.2007,81561,143.4875,453,142.51,40.3808,80.921,269
666,305.1037,82378,144.625,483,143.53,40.605,80.6352,270
667,303.0515,82430,144.475,441,144.13,40.5735,80.7621,272
668,303.7232,82309,143.8,440,143.69,40.7883,80.8882,271
669,301.4599,82600,143.45,473,142.4,40.6379,80.6595,274
670,301.6778,81453,144.375,436,143.81,40.479,81.0746,270
671,300.6753,81483,143.3625,481,143.59,40.7546,81.0104,271
672,297.8699,80127,142.7875,438,143.24,40.7731,81.0227,269
673,294.9449,80225,142.75,451,143.06,40.9377,80.8365,272
674,293.32,80663,145.0375,465,144.89,40.4795,80.7842,275
675,291.6506,78454,143.6,440,143.78,40.7768,81.1272,269
676,287.4746,79343,143.5,458,143,40.9383,81.0933,276
677,290.2088,79227,145.375,427,144.41,40.5903,80.7793,273
678,287.5651,77355,144.9375,432,144.29,40.9333,80.958,269
679,284.3358,77908,143.825,457,144.11,40.6287,80.8159,274
680,281.8007,79186,143.7625,439,144.02,40.6227,80.6219,281
681,285.3824,77624,143.2,446,142.69,41.0231,80.6782,272
682,283.3764,76795,142.85,438,142.97,40.7834,81.1678,271
683,281.9704,76132,145.3625,443,144.31,40.9763,80.6024,270
684,276.5993,76618,141.8875,417,142.01,40.4382,81.1735,277
685,276.5487,76604,144.15,418,143.92,41.3383,80.526,277
686,278.145,74821,141.5625,417,141.5,40.8618,80.9859,269
687,274.6895,76089,143.1625,405,143.88,40.7898,81.0675,277
688,278.4089,74892,143.3375,450,143.02,40.6675,80.5988,269
689,276.363,74618,143.1875,422,142.95,40.6802,80.8221,270
690,276.9778,74784,142.575,411,142.66,41.3111,80.8204,270
691,274.9709,75617,146.975,432,146.44,40.4945,80.8799,275
692,276.2066,74852,143.7625,462,144.29,40.7092,80.7804,271
693,274.5699,74683,145.8875,442,144.45,40.8073,80.7877,272
694,276.7889,74733,142.2125,450,141.46,40.6987,80.7329,270
695,277.9309,76431,144.6375,435,144.71,40.8818,80.5314,275
696,276.1387,75662,142.8625,410,142.5,40.7507,81.2284,274
697,275.0181,75905,144.275,406,143.92,40.7097,81.2,276
698,275.4873,75759,144.9125,431,144.63,40.997,80.8462,275
699,275.4593,74374,143.275,454,143.24,40.7198,80.9978,270
700,275.2482,75418,142.2375,448,143.16,40.8422,80.7894,274
701,273.8713,74493,141.6,408,141.9,41.0149,80.8984,272
702,275.4489,75473,144.3875,420,143.52,40.8499,80.5931,274
703,274.2022,74583,144.875,404,143.42,40.9314,80.5621,272
704,277.5073,76037,144.025,445,143,40.8388,80.9587,274
705,276.2555,75694,142.1875,408,142.82,40.7998,80.6969,274
706,277.0963,74816,144.125,411,143.9,40.8234,80.676,270
707,280.5093,75457,144.3375,415,143.76,40.9736,80.6962,269
708,278.0558,74797,143.675,401,143.68,40.5769,80.8891,269
709,279.7749,75819,141.825,416,140.83,40.9726,80.9242,271
710,278.0733,75914,142.8125,408,142.1,40.5926,80.8241,273
711,279.6949,76077,142.8375,389,142,40.6242,80.6961,272
712,279.4854,76579,144.2625,405,143.98,40.2596,80.8818,274
713,277.1429,75660,142.425,410,141.85,40.4964,80.9216,273
714,277.9118,75592,144.1,400,142.85,40.4218,81.0972,272
715,277.0365,75908,143.9,409,144.33,40.8062,80.9591,274
716,277.0037,74791,143.5625,435,142.24,40.4792,80.7225,270
717,277.3432,75160,142.6,390,143.22,40.936,80.5652,271
718,278.0223,74788,142.95,422,142.4,40.759,80.7822,269
719,275.7398,74174,143.65,420,143.68,40.5777,80.6642,269
720,276.8141,74463,144.6125,413,142.95,40.3923,80.7862,269
721,276.3185,74606,143.2875,414,142.18,40.7736,80.698,270
722,275.0842,75098,142.525,402,142.67,40.6198,80.9456,273
723,281.8922,75829,144.0625,435,144.47,40.6466,80.5898,269
724,285.0923,77260,143.4625,419,143.28,40.3028,80.774,271
725,282.5799,76014,143.5625,434,143.82,41.1426,80.6789,269
726,282.7519,76343,144.2875,411,143.45,40.5742,80.8421,270
727,281.137,75907,143.6875,426,143.03,40.7718,80.6835,270
728,282.2926,76219,144.7,411,144.46,41.0112,80.7088,270
729,281.4375,76551,144.9,413,144.16,40.2099,80.9938,272
730,283.7316,77175,145.475,429,145.32,40.7228,80.6456,272
731,279.9517,75307,146.175,424,145.63,40.4016,80.8119,269
732,279.5884,77446,143.8375,419,143.37,41.0252,80.7337,277
733,277.369,75167,142.725,420,143.24,40.8843,80.7868,271
734,277.5331,75489,143.425,404,143.55,40.9231,80.7623,272
735,277.4669,75471,143.5125,413,143.36,40.7065,80.7348,272
736,275.9412,75056,145.8,401,145.52,40.5291,80.8861,272
737,276.3407,75441,142.5875,417,143.05,40.7674,80.4639,273
738,276.0989,75375,145.3,398,144.59,40.8272,80.7273,273
739,277.6522,76632,144.1,407,143.53,40.7716,80.6661,276
740,277.9265,75596,144.3875,410,143.79,40.8675,80.6709,272
741,278.1728,75663,144.7375,440,143.84,40.8604,80.7374,272
742,275.4182,75740,143.675,402,143.56,40.6975,80.7544,275
743,277.6074,74954,143.0625,408,142.19,40.6436,80.7333,270
744,277.1301,74548,143.225,423,142.78,40.7216,80.7633,269
745,275.0741,74270,143.575,431,142.51,40.6277,80.7973,270
746,277.1685,75667,145.25,419,144.14,40.7427,80.9328,273
747,277.5535,75217,141.7375,406,142.4,40.9954,80.7365,271
748,276.6985,75262,142.5375,428,143.25,40.8298,80.6083,272
749,274.7509,76106,142.5125,403,142.29,40.9161,80.7239,277
750,275.6095,75517,142.3125,397,142.97,41.0335,80.654,274
751,278.1496,76213,142.3125,430,142.46,40.6134,80.6671,274
752,276.3815,74623,142.6625,407,142.6,40.6752,80.7946,270
753,278.5502,74930,143.1625,407,142.85,40.9401,80.8014,269
754,277.136,75381,143.4,447,142.92,41.1834,80.6288,272
755,274.3406,75718,142.25,415,142.11,40.5489,80.8627,276
756,273.8996,73679,142.5625,408,142.82,41.2861,80.8737,269
757,273.2302,75958,142.875,408,141.89,40.5384,81.0607,278
758,276.9219,74492,143.5,412,143.26,40.8708,80.7028,269
759,274.7138,73898,141.975,403,142.21,41.1119,80.4269,269
760,274.7472,73907,145.275,413,144.55,40.7665,80.7435,269
761,274.5693,75232,145.2625,431,145.42,41.1859,80.7839,274
762,276.4126,74355,142.425,410,142.6,40.588,80.8575,269
763,274.7889,74193,142.675,429,141.7,40.5906,81.0369,270
764,276.1026,75376,142.1625,410,142.24,40.994,80.6933,273
765,276.4873,76034,143.7125,414,143.41,41.169,80.7351,275
766,280.7941,76376,145.6875,406,143.74,40.9725,80.9246,272
767,277.7067,78591,143.9625,400,144.25,40.9102,80.6665,283
768,284.2491,76463,141.1875,427,141.59,40.5019,80.5129,269
769,284.3713,77349,144.3,406,143.82,40.0803,79.1021,272
770,285.5793,77392,145.525,431,144.29,40.9315,80.3923,271
771,287.1375,77240,143.85,418,142.77,40.8644,80.209,269
772,288.119,77504,141.925,435,142.02,40.4371,80.3923,269
773,293.1852,79160,143.625,444,144.25,40.457,80.4368,270
774,291.8481,78799,143.75,433,143.85,40.7865,80.6941,270
775,289.1319,78933,145.675,420,144.26,40.5488,80.6635,273
776,291.1218,78894,143.5375,405,143.68,40.9061,80.5739,271
777,290.8456,79110,144.925,441,144.55,40.6312,80.5736,272
778,296.6568,80394,143.1125,434,143.73,40.5651,80.7448,271
779,294.0037,79969,142.625,444,142.1,40.826,80.5656,272
780,296.9033,79867,143.825,442,142.92,40.4566,80.7142,269
781,296.7454,80418,144.0125,459,143.72,40.8054,80.61,271
782,295.2952,80025,143.15,441,142.8,40.7168,80.7446,271
783,296.513,79762,142.575,429,142.61,40.7792,80.3356,269
784,294.1741,79427,143.2375,456,143.64,40.771,80.7047,270
785,291.6937,79049,141.6375,417,140.77,40.6625,80.6802,271
786,291,78570,145.225,434,144.74,40.8087,80.7388,270
787,289.0558,77756,142.3875,428,142.3,40.9569,80.7211,269
788,289.6327,79649,144.1875,463,143.67,40.5501,80.8678,275
789,291.3164,80112,142.8875,432,142.09,40.7629,80.848,275
790,292.2169,79483,143.7875,444,144.29,40.9037,80.7449,272
791,292.0223,78554,144.6625,432,142.81,40.6117,80.8915,269
792,294.4741,79508,144.3625,440,144.57,40.9488,80.9529,270
793,297.0333,80199,144.1625,440,144.21,40.802,80.7787,270
794,297.948,80148,141.7625,442,142.69,40.8037,80.5539,269
795,298.0818,80184,143.675,437,142.03,40.4756,80.9073,269
796,297.4424,80012,145.9125,439,145.54,40.4552,80.8979,269
797,297.9259,80440,144.0875,449,142.66,40.7057,80.8602,270
798,299.9481,80986,143.65,450,143.85,40.7319,80.7935,270
799,300.8545,82735,143.4125,464,143.37,40.5625,80.7953,275
800,301.7232,81767,144.4375,462,144.74,40.4766,80.7008,271
801,301.6618,82052,145.0625,457,143.97,40.6468,80.473,272
802,302.625,82314,143.4125,443,143.22,40.6709,80.6725,272
803,305.8216,82266,145.4375,448,144.75,40.5438,80.8148,269
804,303.0037,82417,144.05,467,144.48,40.5169,80.8383,272
805,300.3395,81392,143.3375,468,143.26,40.3606,80.8238,271
806,303.5204,81647,144.35,487,143.68,40.5773,80.9733,269
807,301.5257,82015,142.925,440,142.01,40.578,80.6262,272
808,300.5092,81438,145.025,464,144.13,40.5655,80.8007,271
809,300.9526,82461,142.8125,493,142.44,40.8245,80.6646,274
810,302.8938,82690,142.8125,449,141.65,40.5063,80.6817,273
811,303.0406,82124,143.875,452,143.61,40.401,80.8772,271
812,300.9345,82757,143.0625,428,143.61,40.3509,81.0464,275
813,305.5444,82497,144.175,441,144.2,40.4688,80.8056,270
814,302.5316,81381,143.2625,438,142.74,40.5237,80.808,269
815,298.1673,80207,143.875,431,143.41,40.6271,81.0439,269
816,293.777,79026,143.375,441,143.69,40.5147,80.7084,269
817,292.7436,79919,144.1125,421,143.06,40.6007,80.9532,273
818,290.5882,79040,142.5,429,142.97,40.5213,80.8119,272
819,292.803,78764,144.4375,438,143.55,40.6386,80.8808,269
820,286.9094,79187,144.125,417,143.87,40.5906,80.8674,276
821,289.7196,78514,144.8125,430,143.47,40.5393,81.1861,271
822,288.9852,78315,144.2625,439,144.21,40.459,80.907,271
823,286.8346,78019,142.85,432,142.6,40.5608,80.9517,272
824,284.3345,78192,143.6875,447,143.77,40.7127,80.7746,275
825,283.76,78034,142.9375,422,143.37,40.369,81.0119,275
826,287.1822,77252,142.9125,408,143.48,40.7234,80.8352,269
827,287.0074,77492,144.275,409,143.53,40.6465,80.952,270
828,288.2135,80988,146.1,449,144.38,40.7206,80.6973,281
829,292.8773,78784,142.6,422,142.24,40.4269,80.8337,269
830,289.9709,79742,144.7,445,143.85,40.5955,80.9971,275
831,293.1074,79139,143.8375,448,143.33,40.5206,80.7531,270
832,294.0372,79096,144.6,436,144.04,40.6205,80.9133,269
833,292.4545,80425,144.0375,446,142.12,40.8477,80.8336,275
834,290.6245,78178,142.475,432,142.19,40.9284,80.8609,269
835,289.9058,80014,144.2625,430,143.31,40.8263,80.7684,276
836,291.2831,79229,143.175,419,143.08,40.3522,80.8769,272
837,291.6029,79316,143.725,409,143.09,40.3465,81.0442,272
838,296.8439,79851,144.85,442,144.26,40.3635,80.956,269
839,297.4723,80615,143.9125,441,142.9,40.4564,80.7026,271
840,299.7875,81842,143.0875,436,143.24,40.6932,80.979,273
841,300.0332,81309,140.8625,438,141.73,40.418,80.7316,271
842,302.0545,83065,141.9,422,142.44,40.4933,81.0913,275
843,304.6691,81956,141.6875,477,142.32,40.5921,81.0803,269
844,303.4539,82236,141.2,436,142.17,40.5657,80.762,271
845,304.8044,82602,143.7375,442,142.78,40.5293,80.9816,271
846,301.8242,82398,142.65,441,142.62,40.5173,81.129,273
847,302.9517,81494,142.475,443,142.33,40.3248,80.966,269
848,301.4963,81404,143.6375,442,143.3,40.443,80.7075,270
849,301.2528,81037,143.575,464,142.5,40.6145,80.9377,269
850,298.7196,80953,145.4875,412,143.85,40.5391,80.9166,271
851,302.696,82636,143.125,457,142.13,40.629,80.9626,273
852,303.9145,81753,146.1625,439,145.02,40.523,80.8708,269
853,299.4558,84746,141.5125,439,141.26,40.5099,80.9977,283
854,301.9108,81214,143.3375,434,143.06,40.202,80.8756,269
855,298.1222,80493,143.375,445,143.13,40.5849,81.0795,270
856,296,80512,143.525,416,143.98,40.8245,80.9696,272
857,291.261,79223,143.6,412,142.81,40.7585,80.8317,272
858,292.5037,79561,144.8375,404,143.77,40.6022,81.0593,272
859,293.4238,78931,144.4625,433,144.14,40.682,80.9732,269
860,287.4333,77607,143.675,430,142.79,40.2952,81.0935,270
861,286.0222,77226,142.325,419,142.38,40.3331,80.6683,270
862,285.4945,78511,143.7625,427,143.11,40.6927,80.5312,275
863,289.261,78679,142.025,430,142.62,40.7524,80.9836,272
864,289.6273,78489,144.8875,399,143.68,40.6889,81.0125,271
865,287.4816,78195,144.1875,393,142.84,40.6302,80.8065,272
866,286.2145,78709,141.625,420,140.47,40.4717,80.8716,275
867,286.7584,77138,142.7625,407,142.98,40.7789,81.1043,269
868,286.5535,77656,143.9125,415,143.32,40.7246,80.9978,271
869,283.8481,76639,141.4375,407,141.73,40.893,80.741,270
870,282.1264,75892,141.825,420,140.9,40.9975,81.1504,269
871,282.5535,76572,143.8125,429,144.29,40.802,80.9023,271
872,278.5926,75220,141.6,433,142.45,40.7225,80.6866,270
873,280.5093,75457,144.1,396,143.45,40.4378,80.9334,269
874,278.7409,76375,144.1,412,143.39,40.7812,80.7646,274
875,275.7698,76664,143.025,390,142.57,40.508,80.9835,278
876,274.7692,75012,142.45,400,142.67,40.9042,80.7399,273
877,274.8178,73926,142.2125,387,142.64,40.9725,80.8602,269
878,273.927,75056,143.95,394,143.48,40.6598,80.9222,274
879,274.5613,73857,142.7875,408,142.36,41.271,80.8741,269
880,274.8132,75024,142.9,384,142.45,40.613,80.9172,273
881,275.696,75265,142.8125,381,141.84,41.084,80.7944,273
882,277.8066,76119,143.7125,406,143.49,40.7014,80.6463,274
883,278.7844,74993,142.8,388,141.98,40.5385,81.0057,269
884,278.145,74821,143.7375,375,143.08,40.7892,80.8213,269
885,277.1524,74554,143.925,393,143.24,40.5319,80.8865,269
886,275.3801,74628,143.0875,398,142.51,40.7665,81.0283,271
887,274.1227,75932,143.8875,375,142.94,40.8707,80.8394,277
888,273.9705,74246,144.075,410,142.95,41.0271,80.7037,271
889,270.8869,74223,142,391,141.23,40.7343,80.8119,274
890,273.0037,74257,143.5,389,142.92,40.9273,80.8419,272
891,271.3261,74886,143.9875,376,143.38,40.7632,80.8946,276
892,273.8074,73928,143.45,401,142.86,40.7397,80.7797,270
893,273.7556,73914,144.2,397,143.22,40.9179,80.7506,270
894,273.2952,74063,142.6,397,142.47,40.6065,80.8355,271
895,273.1739,75396,143.8875,398,142.6,40.6807,80.6972,276
896,272.5809,74142,143.2875,387,143.5,41.0303,80.7646,272
897,271.2825,72975,144.1625,394,142.66,40.7586,80.6329,269
898,272.8996,73410,143.1875,393,143.01,40.9463,80.759,269
899,272.4081,74095,143.9875,404,143.6,40.5921,80.8739,272
900,271.2222,75671,143.9375,413,143.72,40.8976,80.9987,279
901,273.1255,74017,143.8875,399,143.62,41.3029,80.8224,271
902,270.0614,74807,143.8875,373,142.69,40.7381,80.991,277
903,268.7692,73374,142.1375,382,141.27,41.4936,80.6417,273
904,270.4833,72760,144.05,394,143.11,40.7335,80.6696,269
905,270.9071,72874,142.3375,373,142.21,41.0898,80.9346,269
906,268.696,73354,142.0125,361,142.3,41.0073,80.7151,273
907,268.7647,73104,144.2,381,143.73,41.024,80.8753,272
908,269.6498,74693,145.3,385,143.48,40.9273,80.9965,277
909,269.69,73086,140.375,418,139.57,40.7666,80.8034,271
910,270.8462,73941,142.9125,419,143.13,40.7978,81.0726,273
911,270.7306,73368,143.35,387,143.25,40.8299,80.8179,271
912,271.619,74152,144.4,379,143.41,40.9012,81.1857,273
913,272.4212,74371,141.4375,394,142.61,40.8834,80.7772,273
914,273.2915,74062,145.0125,389,144.62,40.9451,80.606,271
915,275.5279,74117,143.2625,389,142.89,40.4982,80.5637,269
916,274.5418,75499,144.0125,383,144.23,40.8582,80.5154,275
917,274.5806,76608,143.925,381,143.7,40.9265,80.7078,279
918,277.5107,77703,143.4125,402,143.15,40.8696,80.7217,280
919,280.0556,75615,142.2125,393,142.94,40.3788,80.8035,270
920,281.4833,75719,143.55,410,143.45,40.9172,80.5462,269
921,279.8007,75826,144.05,398,143.94,40.7406,80.6988,271
922,281.8655,77513,143.0125,417,143.47,40.6948,80.6779,275
923,282.9674,78099,143.7,435,143.52,40.9291,80.9696,276
924,287.8934,78307,144.5875,416,143.68,40.6886,80.78,272
925,291.1375,78316,143.2875,433,142.93,40.8787,80.8964,269
926,296.0259,79927,144.3125,417,143.64,40.5527,80.8894,270
927,296.368,79723,141.425,417,141.27,40.4229,80.9403,269
928,297.2259,80251,144.225,423,143.72,40.5892,80.8732,270
929,299.5148,80869,142.225,452,142.24,40.3017,81.0903,270
930,298.7963,80675,142.025,415,142.62,40.6152,80.9112,270
931,298.8713,81293,143.3875,445,143.23,40.3083,81.0563,272
932,297.4333,80307,144.9,427,144.01,40.5089,80.9395,270
933,296.6,81565,143.6875,421,143.46,40.543,80.7611,275
934,295.155,79987,143.075,424,142.54,40.4568,80.8533,271
935,291.7664,79944,143.95,439,142.53,40.7271,80.7102,274
936,292.8809,81128,142.975,436,143.45,40.1254,80.9785,277
937,291.6208,78446,141.5375,434,142.04,41.0012,80.7559,269
938,288.4596,78461,144.025,432,142.64,40.4399,81.1685,272
939,287.6185,77657,142.9625,399,143.63,40.5185,80.8812,270
940,284.8864,77774,142.7125,412,142.02,40.9917,80.95,273
941,284.2737,77891,142.2125,396,142.93,40.6824,81.066,274
942,282.4856,78531,143.4625,406,143.2,40.6465,80.757,278
943,283.2288,76755,143.2875,416,142.86,40.8235,80.6371,271
944,283.4815,76540,143.5125,402,143.87,40.5939,80.8489,270
945,280.8132,76662,143.7,384,143.15,40.9241,81.0593,273
946,278.7985,76112,141.5,393,142.04,40.6391,80.8723,273
947,279.2022,75943,142.9,387,142.7,40.9472,80.8803,272
948,279.5444,75477,142.9125,397,142.54,40.8623,80.9259,270
949,274.7721,74738,143.1875,415,143.09,40.2367,81.0164,272
950,276.7786,75007,143.2625,407,142.33,41.1074,80.8182,271
951,276.0547,75639,143.5875,409,144.02,40.4792,81.0339,274
952,273.9892,76169,143.575,399,144.29,40.8679,80.8424,278
953,275.9926,74794,144.525,408,142.96,40.5489,81.014,271
954,272.9375,74239,144.4375,373,143.74,40.8225,80.6237,272
955,271.562,74408,143.175,393,143.21,40.642,81.0877,274
956,269.552,75205,144.6125,371,143.56,40.8982,81.0777,279
957,271.3235,73800,143.5125,394,143.25,41.1372,80.9332,272
958,269.8303,73124,141.9,411,141.79,41.1943,80.9755,271
959,271.5812,75228,142.475,373,142.3,40.7323,80.9653,277
960,271.3556,73266,142.2125,373,142.35,41.1999,80.7717,270
961,268.8561,72860,144.3625,396,144.08,40.7322,80.9102,271
962,267.1292,72392,142.275,368,142.55,40.7526,80.6892,271
963,264.0866,73152,143.575,356,143.79,40.99,80.7189,277
964,267.5164,73567,145.5625,388,144.48,40.9485,80.7918,275
965,267.0996,72384,143.0875,361,143.08,40.5955,80.6239,271
966,269.3309,72450,142.7125,387,141.13,40.9111,81.195,269
967,266.9889,72087,141.9625,369,141.91,40.9529,80.9277,270
968,266.8216,71775,145.0875,364,143.9,41.1972,80.8052,269
969,266.1026,72646,143.225,381,142.07,40.8623,80.5876,273
970,266.7164,73347,142.0125,382,143.12,41.1051,80.8189,275
971,265.9114,72062,143.675,382,142.67,40.7414,80.7424,271
972,268.2537,72965,143.125,409,141.52,40.9508,80.5014,272
973,267.4576,72481,145.65,368,143.92,41.2157,80.7928,271
974,266.6439,74127,143.6125,379,143.85,40.8894,80.7635,278
975,269.8303,73124,141.2375,370,141.52,40.6427,81.2173,271
976,268.4945,73836,141.8875,386,141.73,40.8577,81.1517,275
977,271.8704,73405,141.925,367,143.32,41.0403,80.7867,270
978,273.763,73916,142.5875,383,142.47,40.7056,81.206,270
979,271.3934,73819,142.3625,373,142.58,40.6833,80.8345,272
980,274.9037,74224,143.525,418,143.47,40.6953,80.7645,270
981,279.6384,75782,141.55,397,140,40.5214,80.7438,271
982,279.0879,76191,145.3875,411,143.21,40.9548,80.9098,273
983,280.4778,75729,144.2625,396,143.16,40.8274,80.7222,270
984,282.2426,76770,145.875,397,145.27,40.6134,80.949,272
985,284.6815,76864,143.7125,421,143.9,40.7304,81.0361,270
986,285.5657,78245,143.275,393,142.88,40.4283,80.8238,274
987,286.0593,77236,142.025,400,142.36,40.8851,80.8528,270
988,286.0743,76954,145.0875,407,143.84,40.5976,80.8299,269
989,285.6134,76830,143.475,405,142.38,40.6568,80.7979,269
990,286.223,76994,144.3875,389,143.07,40.1868,80.8092,269
991,287.2704,77563,144.1,424,143.03,40.0598,80.7906,270
992,287.3481,77584,142.475,405,142.71,40.5716,81.0269,270
993,285.9483,77492,141.425,423,141.72,40.6126,80.8939,271
994,283.9815,76675,143.5875,399,143.91,40.7249,80.6944,270
995,283.1471,77016,143.6625,392,142.28,40.4744,80.9872,272
996,281.3481,75964,142.9875,388,142.85,40.6447,80.6473,270
997,282.9011,77232,144.425,408,143.43,40.346,80.9338,273
998,282.5018,76558,143.3125,381,142.48,40.2887,80.8205,271
999,283.6691,76307,145.3125,399,143.42,40.4746,80.7223,269
1000,282.8613,77504,143.2625,393,143.28,40.3422,80.9643,274
1001,284.1496,77857,142.1,423,141.79,40.4413,80.8658,274
1002,283.3863,78498,144.475,407,143.53,40.406,80.8661,277
1003,282.3123,75942,143.2,414,143.71,40.9058,80.7223,269
1004,279.8773,75287,143.7,419,143.94,40.3798,80.9425,269
1005,281.7509,75791,141.25,394,140.61,40.8488,80.9453,269
1006,279.7022,76079,144.975,370,144.25,40.8438,80.9227,272
1007,279.8303,77513,142.525,408,143.24,40.2317,80.9061,277
1008,279.7372,76648,143.425,392,142.62,39.9882,80.9202,274
1009,281.348,76808,144.45,398,143.53,40.396,80.7066,273
1010,284.3978,76503,144.675,408,144.43,40.5148,80.9537,269
1011,286.9108,77179,142.0375,417,141.49,40.4351,80.938,269
1012,287.6264,78522,142.5625,441,142.15,40.6465,80.9673,273
1013,287.1033,77805,143.95,389,143.3,40.0906,80.9695,271
1014,286.8364,77159,143.5875,415,142.91,40.4432,81.0218,269
1015,287.8216,77424,142.225,422,141.99,40.5361,81.0544,269
1016,288.2647,78408,144.5625,436,144.39,40.4145,80.9423,272
1017,283.5782,77984,140.8,400,141.09,40.3339,81.0651,275
1018,286.8037,77437,142.175,385,142.37,40.4995,81.0154,270
1019,287.6886,78539,143.5125,425,142.78,40.4265,80.7326,273
1020,286.6431,77107,143.1625,413,142.21,40.4258,80.8263,269
1021,290.0259,78307,143.675,400,144.12,40.2309,80.9356,270
1022,289.4684,77867,143.0125,431,142.42,40.2937,80.9272,269
1023,293.1524,78858,144.3,402,143.55,40.3987,80.8845,269
1024,294.1218,79707,144.575,419,142.91,40.3772,80.809,271
1025,293.0963,79136,142.825,414,142.66,40.1801,80.9087,270
1026,294.1,79407,143.75,431,143.35,40.3831,80.8518,270
1027,297.223,79953,144.3875,408,144.17,40.1576,80.7805,269
1028,294.7011,79864,144.375,404,144.38,40.2938,81.0075,271
1029,295.2045,79410,141.725,428,143.04,40.205,81.0227,269
1030,293.36,80674,143.125,428,143.29,40.3135,81.0874,275
1031,290.9495,80593,142.6125,420,142.5,40.4974,80.7518,277
1032,292.107,79161,143.3875,418,142.55,40.3673,80.9477,271
1033,293.171,78863,144.6875,424,143.5,40.4903,80.9981,269
1034,290.845,78819,143.2875,414,143.01,40.2443,80.6805,271
1035,289.9338,78862,145.025,418,144.2,40.3615,80.7658,272
1036,294.2407,79445,142.7875,422,142.91,40.0651,80.8515,270
1037,297.4764,81806,143.2,414,143.63,40.5746,80.8123,275
1038,300.239,81665,142.7375,409,143.17,40.6081,81.0472,272
1039,303.2527,82788,142.625,431,142.34,40.0746,81.0308,273
1040,304.9148,82327,142.075,422,142.34,40.1738,80.8862,270
1041,304.4907,81908,146.3625,426,144.13,40.3543,80.649,269
1042,303.8225,83855,144.25,431,144.4,40.2527,80.9101,276
1043,305.4059,82765,144.775,436,145.13,40.0815,81.1292,271
1044,301.787,83595,141.925,427,141.82,40.3027,80.7945,277
1045,301.2082,81025,142.825,431,141.81,39.8175,80.9963,269
1046,299.9741,80993,143.0875,421,141.91,39.9697,80.9212,270
1047,298.837,80686,144.625,447,143.51,39.9938,81.0452,270
1048,294.0295,79682,142.675,432,143.47,40.1258,81.0557,271
1049,297.6605,80666,141.9125,469,142.64,40.5021,80.9184,271
1050,298.2454,80228,143.075,420,142.82,40.0749,80.9644,269
1051,297.3653,80586,141.5875,453,142.1,40.298,81.0806,271
1052,295.4758,79483,143.55,416,143.32,40.069,80.861,269
1053,297.5055,80624,142.1625,422,141.95,39.9305,81.098,271
1054,299.2915,81108,143.375,440,142.94,40.3282,81.0561,271
1055,298.7599,83354,144.675,434,144.44,40.1635,81.2872,279
1056,299.1292,81064,142.45,452,143.33,40.3657,80.8768,271
1057,297.9744,81347,142.0125,410,141.45,40.2515,81.0202,273
1058,294.952,79932,144.2875,420,144.88,40.1497,81.165,271
1059,294.2481,79447,141.3,418,141.15,40.6389,80.9053,270
1060,292.2036,80356,143.025,420,142.74,40.5619,80.9708,275
1061,290.5181,80183,144.3125,418,143.69,40.3065,81.1272,276
1062,292.6703,79899,142.75,464,143.71,40.2163,81.3285,273
1063,291.3236,80114,143.0625,415,143.45,40.0495,81.0391,275
1064,293.0111,79113,144.1375,421,144.18,40.6065,81.0792,270
1065,290.7926,78514,143.3625,425,143.87,40.4775,80.7349,270
1066,289.7862,79981,142.3125,441,141.56,40.0558,81.31,276
1067,292.0474,80021,144.325,409,144.77,40.337,81.2083,274
1068,289.4981,77875,142.9375,419,142.78,39.8494,81.0248,269
1069,288.8476,77700,142.2625,411,142.68,40.4354,80.9657,269
1070,286.2852,77297,143.675,401,143.37,39.9357,80.8036,270
1071,287.4667,77616,142.775,401,142.23,40.7551,80.7664,270
1072,289.3,78111,141.9375,403,142.55,40.3143,80.9837,270
1073,286.1795,78127,141.8875,411,140.13,40.3948,81.1328,273
1074,288.7283,79689,143.35,389,143.54,40.3552,81.083,276
1075,292.2857,79794,141.8125,420,142.37,40.3106,81.1027,273
1076,292.4725,79845,144.6125,409,143.99,40.5628,80.6993,273
1077,293.137,79147,144.9125,408,144.88,40.3344,81.0423,270
1078,290.6341,80215,142.4625,418,142.53,40.7228,80.7728,276
1079,295.5387,80091,142.925,425,141.6,40.1174,81.0506,271
1080,294.437,79498,143.15,415,142.57,40.3073,80.9311,270
1081,293.7399,80191,143.5,415,142.73,40.287,80.9687,273
1082,291.263,78641,143.4,420,142.47,39.9605,80.7851,270
1083,290.5,80178,142.6875,437,141.77,40.1168,80.8459,276
1084,293.0586,80005,144.275,440,144.48,40.1637,80.9521,273
1085,293.1896,78868,143.8125,414,143.59,40.6374,80.9847,269
1086,290.8773,78246,143.8,419,143.39,40.8249,80.8037,269
1087,290.263,78371,143.1375,431,143.94,40.0438,80.8637,270
1088,292.9665,78808,143.15,428,143.65,40.4101,80.8751,269
1089,289.8938,79141,144.6875,402,144.74,40.1386,81.1074,273
1090,288.0638,81234,143.8375,405,143.38,40.6997,80.8149,282
1091,288.2463,78403,142.575,404,142.25,40.5137,80.8783,272
1092,283.2051,77315,143.2375,391,142.25,40.0037,80.8403,273
1093,282.8462,77217,144.45,410,144.14,39.9791,80.9359,273
1094,281.5037,76569,144,398,145.09,40.4746,80.9464,272
1095,279.2145,76784,142.2375,402,142.36,40.7201,80.8144,275
1096,281.4539,76274,143.2625,390,142.2,40.4892,80.6456,271
1097,276.9219,74492,143.175,372,143.78,40.4582,80.7564,269
1098,275.4562,75475,143.6375,376,143.21,40.8695,80.7473,274
1099,274.1771,74302,142.4625,399,142.3,40.4084,80.7596,271
1100,274.8967,74497,144.4125,387,143.36,40.9934,80.7327,271
1101,276.0662,75090,143.3375,378,142.78,40.7729,80.7941,272
1102,274.4485,74650,143.65,420,142.66,40.3266,80.8006,272
1103,274.1018,75378,142.6875,385,142.9,40.6754,80.4095,275
1104,275.6963,74438,142.3125,380,141.65,40.157,80.7992,270
1105,272.106,77006,143.2625,391,142.07,40.6133,80.8093,283
1106,270.6863,73356,143.2375,401,142.67,40.3485,80.7609,271
1107,272.4852,73571,143.8,383,144.48,41.0325,80.4635,270
1108,269.0509,73989,141.7875,378,141.68,40.995,80.6256,275
1109,270.7555,74187,143.4875,392,143.97,41.0893,80.5125,274
1110,269.213,74572,142.875,376,141.9,40.8442,80.6372,277
1111,269.6074,72794,144.2375,373,144.5,40.5609,80.878,270
1112,267.9194,73142,142.05,386,141.65,41.3005,80.5046,273
1113,267.2463,72691,144.775,390,143.74,40.5794,80.9076,272
1114,268.304,73247,142.5375,381,141.79,40.8783,80.6246,273
1115,268.4465,72749,142.4875,366,142.48,40.7811,80.5307,271
1116,267.2701,73232,144.5375,371,143.57,40.59,80.8277,274
1117,265.4,71658,143.2125,369,143.27,40.6466,80.8287,270
1118,263.1181,71305,143.4625,370,141.89,40.6771,80.5303,271
1119,264.1375,71053,144.2125,365,143.9,40.6999,80.8269,269
1120,265.8303,72040,143.3,350,143.5,41.2614,80.6663,271
1121,264.361,73228,141.2,380,140.52,40.8074,80.7113,277
1122,263.3792,70849,142.975,349,143.11,40.7269,80.4026,269
1123,264.048,71557,146.7625,371,145.1,40.7833,80.5632,271
1124,261.9336,70984,143.525,375,143.11,40.7669,80.6128,271
1125,263.2428,72655,142.975,377,141.52,40.2511,80.6145,276
1126,262.7778,70950,142.275,358,141.92,41.2014,80.3481,270
1127,262.7026,70667,141.625,374,141.97,40.801,80.5118,269
1128,263.0818,70769,144.225,353,144.58,40.839,80.7524,269
1129,262.5465,70625,144.5375,342,143.43,40.8933,80.6663,269
1130,262.7435,70678,141.5875,360,140.73,40.7518,80.9229,269
1131,262.0295,71010,144.8625,375,143.66,40.808,80.5754,271
1132,263.0221,71279,145.3625,348,144.33,40.6869,80.6302,271
1133,264.3247,71632,143.2625,362,143.48,41.1117,80.4054,271
1134,262.0775,71023,146.4625,353,146.01,41.3605,80.7126,271
1135,261.9784,72830,146.85,376,145.14,41.3654,80.4733,278
1136,263.3773,71902,143.7125,385,142.38,41.3472,80.479,273
1137,263.5556,71160,144.475,371,144.78,40.8269,80.6853,270
1138,262.5604,71679,145.175,373,143.82,40.9244,80.9556,273
1139,261.6044,71418,144.45,350,142.7,40.8265,80.564,273
1140,261.7993,71733,143.25,356,144.03,41.2557,80.6101,274
1141,260.6364,71675,144.8125,343,144.15,40.9922,80.5743,275
1142,261.8909,72020,144.425,359,143.8,40.9576,80.5014,275
1143,264.6593,71458,142.5875,367,142.58,41.0625,80.5731,270
1144,264.8182,72825,143.7375,353,142.92,41.1031,80.4806,275
1145,263.685,71986,145.375,362,144.54,40.9511,80.6423,273
1146,267.0691,73444,142.6125,376,142.79,41.4895,80.9702,275
1147,266.2007,71608,144.4375,372,144.31,40.8495,80.6818,269
1148,266.9111,72066,144.9875,360,144.02,40.9761,80.776,270
1149,268.8102,73654,144.35,378,143.87,40.7443,80.7204,274
1150,269.8535,73670,141.6625,373,142.2,40.7531,80.5576,273
1151,268.737,72559,143.5375,374,143.06,40.5616,81.0201,270
1152,268.5535,72778,142.875,371,142.89,40.616,80.8884,271
1153,270.4161,74094,142.8125,376,142.31,40.7658,80.5553,274
1154,266.2509,72154,143.825,364,144.34,40.6486,80.7026,271
1155,269.3102,73791,142.2875,384,142.37,41.0118,80.7402,274
1156,269.4109,74088,142.35,361,142.46,41.0336,80.8539,275
1157,267.7029,73886,144.5375,378,144.06,40.436,80.4922,276
1158,268.3481,72454,143.1625,367,142.31,40.9754,80.9033,270
1159,268.7206,73092,144.3875,352,144.61,41.1286,80.4778,272
1160,267.6357,71994,142.8375,374,141.83,40.9599,80.325,269
1161,269.6617,72539,142.4375,363,141.21,40.5913,80.4601,269
1162,270.6029,73604,143.4375,386,143.35,40.7616,81.0447,272
1163,267.7407,72290,142.75,405,142.22,41.3914,80.6505,270
1164,269.5277,73042,142.6,378,142.1,40.9842,80.9674,271
1165,265.65,74382,142.375,365,141.85,41.1187,80.5761,280
1166,266.9007,72597,142.775,357,142.25,41.0701,80.7735,272
1167,265.4871,71947,143.1625,363,143.95,41.0402,80.5172,271
1168,265.7546,72551,142.8,345,142.84,40.999,80.7728,273
1169,264.8315,72299,142.6375,382,142.72,40.865,80.7446,273
1170,264.5368,71954,142.2125,369,142.57,40.9288,80.5893,272
1171,263.1319,71835,142.05,373,141.64,41.6044,80.758,273
1172,263.4229,73495,143.3375,350,142.94,41.1032,80.6687,279
1173,263.4396,71919,143.6875,349,143.04,41.3704,80.7172,273
1174,262.3321,71092,141.5125,368,140.78,41.4725,80.9055,271
1175,263.119,70779,140.95,357,141.01,41.3313,80.8655,269
1176,262.2945,72131,145.5875,358,144.86,41.1669,80.9725,275
1177,262.1747,70525,144.6875,379,144.75,41.2563,80.8337,269
1178,263.5641,71953,143.1875,364,142.57,41.6297,80.3646,273
1179,263.2537,71605,143.3625,368,143.05,41.6746,80.6249,272
1180,261.3333,70560,144.375,366,143.42,41.3783,81.2275,270
1181,263.6974,71462,142.4,353,141.61,41.8073,81.0741,271
1182,259.5584,71119,142.9875,379,142.65,41.0444,80.8948,274
1183,261.6111,70635,141.8125,366,142.97,41.2549,81.323,270
1184,260.3732,71863,143.3125,352,143.8,41.6261,81.0209,276
1185,260.8967,70703,141.425,357,141.42,41.6952,80.9509,271
1186,260.0919,70745,143.1875,369,143.36,41.6532,80.8745,272
1187,260.875,70958,144.75,343,143.82,41.4419,80.7904,272
1188,257.5563,73146,141.9875,357,142.31,41.533,80.6978,284
1189,260.9593,70459,142.825,354,142.01,41.1091,80.7132,270
1190,259.059,70205,142.5375,351,141.08,41.6548,80.6201,271
1191,260.0219,71246,142.45,351,141.76,41.3662,80.4843,274
1192,259.337,71577,142.4,346,142.45,41.5174,80.8906,276
1193,258.8638,72223,144.5375,378,144.02,41.2433,80.8526,279
1194,261.0253,72304,144.1875,361,143.99,41.4965,80.5837,277
1195,261.4238,70323,143.375,364,143.07,41.5335,80.9515,269
1196,258.3004,73099,142.6625,345,142.56,40.9883,80.7146,283
1197,260.3877,71867,141.425,352,142.66,41.6548,80.578,276
1198,259.4908,70322,144.975,352,144.41,41.4494,81.1429,271
1199,258.6066,70341,143.05,368,142.86,40.9517,81.072,272
1200,261.6877,70394,143.475,345,143.14,41.3355,80.9,269
1201,260.3272,70809,143.525,355,143.3,41.1829,80.9692,272
1202,259.7417,70390,143.225,339,143.12,41.4712,80.7021,271
1203,261.5166,70871,142.2,352,142.35,41.3345,80.6708,271
1204,260.4647,70065,141.25,341,141.29,41.1,81.1638,269
1205,259.0435,71496,142.675,353,142.69,41.3494,80.8732,276
1206,258.0727,70970,142.4625,370,142.23,40.8655,81.0135,275
1207,258.5551,70327,142.6,358,142.82,41.7081,80.9781,272
1208,257.5678,70316,143.0625,370,142.75,41.0577,80.94,273
1209,259.9779,70714,144.8,348,144.31,41.497,80.5079,272
1210,257.7657,73721,141.15,358,141.87,41.5529,80.767,286
1211,260.2407,70265,141.425,350,141.67,41.4331,81.0375,270
1212,258.1667,69705,142.625,350,142.53,41.2748,80.9218,270
1213,257.8094,71671,142.025,348,141.78,40.9436,80.8188,278
1214,258.1382,70988,143.1875,380,143.33,41.4268,80.8528,275
1215,257.5699,70059,142.1625,344,142.34,41.4514,80.816,272
1216,257.721,71131,144.125,361,143.69,41.2895,80.9968,276
1217,257.9424,71708,143.125,339,142.99,41.426,81.0384,278
1218,258.8473,71183,142.05,381,141.32,41.4322,80.8524,275
1219,255.8007,69322,141.4875,352,142.3,41.8472,80.8864,271
1220,259.4721,69798,141.6,350,141.77,41.3737,80.8725,269
1221,259.5147,70588,143.7125,342,143.14,41.382,80.758,272
1222,258.7185,69854,141.125,353,141.35,41.4212,80.8306,270
1223,258.6953,72176,142.05,344,141.73,41.3189,80.7127,279
1224,256.8974,70133,142.6,350,142.42,41.529,80.6618,273
1225,259.8796,71207,143.6875,350,142.41,41.6783,80.7187,274
1226,258.6287,70347,143.0625,366,142.7,41.3906,80.8599,272
1227,258.0108,71469,143.15,363,142.73,41.6121,80.8678,277
1228,257.8456,70134,142.775,356,142.7,41.1381,80.9154,272
1229,258.354,70789,144.2875,349,144.31,41.2808,80.8541,274
1230,259.4296,70046,143.1875,358,142.7,41.447,80.5193,270
1231,256.1516,70954,141.8375,340,141.53,41.1741,80.8978,277
1232,259.0369,70199,143.8,362,142.66,41.5258,80.5193,271
1233,258.9219,69650,142.9875,351,143.31,41.4091,80.5801,269
1234,257.8162,70126,142.4375,345,142.44,41.4867,80.8785,272
1235,258.6593,69838,144.2875,339,143.64,41.3006,80.6057,270
1236,257.4081,70015,141.7875,345,142.24,41.7041,80.9231,272
1237,258.0111,69921,142.7625,345,141.39,41.9197,80.3656,271
1238,257.4725,70290,143.25,352,142.37,40.9167,80.8265,273
1239,259.6716,70371,141.775,353,142.41,41.7408,80.7923,271
1240,256.9255,72453,142.0125,354,141.62,41.5674,80.7817,282
1241,260.8388,71209,142.2,344,141.86,41.5294,80.386,273
1242,256.5108,71310,142.5625,355,141.42,41.092,80.8272,278
1243,259.0223,69677,141.8375,350,141.74,41.5247,80.5907,269
1244,257.3406,71026,142.5875,345,142.36,41.4681,80.9036,276
1245,259.0659,70725,141.5,379,141.4,41.6274,80.5317,273
1246,258.8051,71689,144.125,366,144.11,41.4005,80.6211,277
1247,256.4222,69234,143.45,364,142.84,41.7021,80.7305,270
1248,258.9111,69906,144.1875,335,142.76,41.0076,80.7676,270
1249,259.0855,69694,143.025,347,142.32,41.7308,81.0004,269
1250,255.7393,71607,143.05,341,142.27,41.4719,80.851,280
1251,258.7216,70631,143.525,370,142.52,41.7094,80.7713,273
1252,257.8321,70646,142.8375,352,141.86,41.6518,80.7298,274
1253,258.8436,71182,144.0375,367,144.24,41.4505,80.5037,275
1254,258.9564,71213,142.6375,347,142.6,41.4606,80.9691,275
1255,257.9077,69893,141.575,359,141.66,41.7786,80.6787,271
1256,258.3481,69754,143.5,352,143.87,41.5457,81.0139,270
1257,259.0963,69956,142.0625,357,141.99,41.2228,80.938,270
1258,258.6863,70104,142.875,361,142.18,41.3763,80.662,271
1259,258.6471,70352,142.2375,366,142.23,41.6174,81.1503,272
1260,257.6985,70094,142.0125,347,142.53,41.8457,80.8995,272
1261,259.8755,70946,141.55,363,141.2,41.3927,80.8213,273
1262,259.4797,70319,142.6625,358,142.8,41.1461,81.0901,271
1263,258.4469,70556,141.825,370,141.65,41.6258,81.1996,273
1264,259.646,71143,142.95,345,142.95,41.6177,81.0027,274
1265,259.9451,70965,141.5625,362,141.78,41.7434,80.6084,273
1266,259.1301,69706,144.1125,352,143.6,41.7916,80.7182,269
1267,256.7722,72153,142.1375,356,141.8,41.5854,80.9119,281
1268,256.5762,69019,141.4125,341,140.44,41.6514,80.5362,269
1269,258.8145,71174,143.4875,366,142.77,42.0984,80.6289,275
1270,258.342,69494,143.2375,356,143.34,41.3173,80.8282,269
1271,259.0558,69686,142.8625,350,142.93,41.4979,80.9577,269
1272,257.4317,69764,142.8375,356,142.58,41.1524,80.8792,271
1273,259.2015,70762,141.4875,387,141.59,41.3893,81.0268,273
1274,258.4982,70570,141.9625,340,141.66,41.2669,81.0581,273
1275,257.9749,71975,142.5,341,142.3,41.706,80.9328,279
1276,259.5688,69824,143.6125,348,142.61,41.6154,80.8668,269
1277,257.0657,70436,143.95,345,143.4,41.6524,81.0555,274
1278,259.3037,70012,143.0875,352,142.52,41.1548,81.0705,270
1279,255.048,69118,141.9375,355,142.82,41.4398,80.9021,271
1280,257.9259,69640,141.375,359,142.08,41.2731,80.7979,270
1281,256.263,69191,142.575,349,142.7,41.7972,80.6443,270
1282,256.8015,69850,144.65,361,143.68,41.5717,80.7056,272
1283,258.6753,70101,143,365,142.11,41.4416,80.9843,271
1284,260.8088,70940,144.0375,365,143.37,41.4842,81.0925,272
1285,259.1654,70493,145.3875,351,145.16,41.1789,81.0354,272
1286,261.363,70568,144.1375,355,143.84,41.2087,81.2003,270
1287,258.0806,70456,142.7,338,142.84,41.6779,80.5825,273
1288,259.8959,69912,142.2875,348,141.9,41.3325,80.6936,269
1289,259.4317,70306,142.3625,354,142.07,41.2633,80.6031,271
1290,257.3705,71549,142.8125,349,142,41.258,80.8209,278
1291,257.1942,71500,143.7375,354,143.79,41.3683,81.0587,278
1292,258.2243,70237,142.15,338,142.79,41.1627,80.6495,272
1293,259.3086,69754,142.4125,358,142.68,41.3142,80.6748,269
1294,257.0504,71460,143.7625,338,142.35,41.404,80.8483,278
1295,257.2889,69468,141.225,356,140.03,41.4334,80.8852,270
1296,256.0565,72464,143.25,347,142.82,41.1441,80.7374,283
1297,257.6914,69319,144.6125,338,143.61,41.7966,81.051,269
1298,257.9928,71206,141.0875,361,141.62,41.1579,80.9457,276
1299,257.295,71528,142.925,336,142.88,41.3508,80.5641,278
1300,258.8413,70146,143.225,350,142.99,41.278,80.8802,271
1301,256.5539,69013,141.1,360,140.55,41.5592,80.7826,269
1302,257.5809,70062,143.6625,353,143.07,41.324,81.2776,272
1303,258.2694,69991,143.7875,351,143.51,41.0539,80.8277,271
1304,258.927,70946,143.3375,327,142.71,41.2911,80.6967,274
1305,256.845,69605,141.675,366,141.64,41.405,81.107,271
1306,256.7289,70087,141.4375,349,141.85,41.1882,80.9425,273
1307,256.5766,70302,143.375,331,143.04,41.6468,80.8779,274
1308,259.0037,69672,143.025,346,142.79,41.3474,80.9804,269
1309,258.8118,70138,142.3875,366,142.77,41.0568,80.8277,271
1310,256.0509,70414,142.125,332,141.63,41.3097,80.7813,275
1311,258.3838,70022,144.0625,371,143.81,41.378,81.0476,271
1312,256.8901,70131,141.35,349,141.91,41.4884,80.9705,273
1313,258.2059,70232,142.575,354,142.42,41.3892,80.8983,272
1314,257.0037,69391,143.5625,344,142.1,41.984,80.5487,270
1315,260.0652,71778,144.825,369,143.57,41.7795,81.1508,276
1316,259.6926,70117,142,350,142.25,41.3983,80.6582,270
1317,259.6655,72966,143.1125,356,143.43,40.7998,81.184,281
1318,261.761,71199,142.75,348,141.75,41.4477,80.8966,272
1319,261.1556,70512,144.575,358,144.91,41.3262,81.3046,270
1320,259.6827,70374,142.65,359,143.37,41.3277,80.8802,271
1321,261.6255,71947,143.7875,363,142.69,40.9416,80.9421,275
1322,261.471,72166,143.5,357,142.51,41.4482,80.9698,276
1323,259.9567,72008,144.6375,355,143.59,41.476,80.7245,277
1324,261.1556,70512,142.525,350,142.71,41.4178,81.4186,270
1325,261.8022,71472,142.4375,350,143.17,41.0732,81.2628,273
1326,259.9891,71237,140.525,331,141.42,41.4189,81.1003,274
1327,261.4222,70584,142.3875,337,142.56,41.7059,80.938,270
1328,258.5199,71610,141.4625,349,141.35,41.2406,80.8295,277
1329,259.7249,69866,141.6125,348,141.13,41.1192,81.0892,269
1330,260.1919,70512,144.75,338,144.64,41.2469,81.2139,271
1331,263.0259,71017,142.8625,349,142.61,41.3925,81.0521,270
1332,261.4359,71372,141.55,333,142.05,41.0101,81.0709,273
1333,261.1392,71291,141.075,351,140.67,41.014,80.8881,273
1334,260.1434,70759,143.6625,339,143.58,41.4333,80.8607,272
1335,259.0916,70732,143.2375,335,143.16,41.8019,81.1067,273
1336,260.914,72795,143.7375,348,143.5,41.546,81.2618,279
1337,258.837,71439,142.9625,334,143.35,41.5638,80.8494,276
1338,258.6654,70357,143.525,357,143.16,41.5103,81.0326,272
1339,261.7,70659,141.6125,370,141.48,41.0942,81.2654,270
1340,260.0406,70471,142.1125,337,142.86,41.2839,80.9604,271
1341,260.6185,70367,141.5625,344,140.5,41.2575,81.3272,270
1342,258.5766,70850,141.925,343,141.45,41.5552,80.8704,274
1343,258.7934,70133,143.7125,335,142.53,41.254,81.0324,271
1344,259.1136,70738,144.425,343,144.44,41.7095,80.9211,273
1345,256.2519,69188,142.4375,350,142.66,41.7522,81.1692,270
1346,259.0815,69952,143.8375,341,142.95,41.6872,81.1101,270
1347,258.0404,70187,145.1,357,144.1,41.6592,81.3985,272
1348,256.658,69041,142.65,347,142.91,41.0513,80.847,269
1349,259.3569,69767,143.2375,349,142.32,41.3123,81.3568,269
1350,255.737,69049,144.05,339,144.31,41.6428,81.3855,270
1351,258.7063,69592,143.55,359,142.84,42.2102,80.8713,269
1352,257.3432,69740,142.8,334,143.13,41.8969,80.9708,271
1353,258.1583,71768,142.8375,361,142.98,41.649,80.9528,278
1354,258.04,70961,142.3375,351,142.36,41.5844,81.5046,275
1355,259.0889,69954,142.3625,333,141.95,41.3611,81.1967,270
1356,260.1861,71291,143.15,360,143.18,41.5742,80.8025,274
1357,257.5126,71331,141.45,367,141.86,41.61,81.1603,277
1358,258.8199,70399,142.9,347,142.66,41.5356,81.2188,272
1359,259.4286,70824,143.05,339,142.64,41.5103,81.2975,273
1360,260.5963,70361,141.9875,346,142.4,41.7275,80.9049,270
1361,261.6241,71685,143.6125,351,143.37,41.2108,81.1418,274
1362,258.9048,70681,142.65,335,142.34,41.7162,80.6071,273
1363,260.7473,71184,142.925,343,143.27,41.6155,80.7978,273
1364,259.1062,70736,141.3875,348,141.39,41.4381,80.9503,273
1365,260.7174,71958,143.3875,361,143.56,41.4339,81.2245,276
1366,260.1151,72312,143.775,372,143.08,40.9715,80.9679,278
1367,258.845,70147,141.8375,343,141.7,41.3589,81.2866,271
1368,260.6949,70909,142.65,344,142.17,41.8068,80.7737,272
1369,261.7259,70666,143.65,351,142.68,42.0014,80.9244,270
1370,258.0659,70452,142.175,345,141.62,41.5499,81.1308,273
1371,259,70966,143.425,356,142.65,41.4392,81.027,274
1372,259.4908,70841,144.8,336,143.73,41.7768,80.8538,273
1373,258.48,71082,144.15,336,142.92,41.9964,80.9119,275
1374,257.219,70478,144.1125,337,143.91,41.4121,81.261,274
1375,259.4154,70561,141.325,352,141.99,41.8501,80.9477,272
1376,259.208,71023,141.675,342,141.63,41.6955,80.9044,274
1377,260.4244,70575,140.45,362,140.24,41.8427,81.136,271
1378,256.7446,71375,141.9875,354,141.73,41.7346,81.1376,278
1379,257.7407,69590,142.75,348,142.77,41.3509,81.0982,270
1380,255,70635,143.5375,345,143.27,41.9358,80.5956,277
1381,257.7353,70104,144.15,343,143.18,41.9223,80.8505,272
1382,258.9593,69919,142.65,348,141.93,41.6706,81.3366,270
1383,259.9296,70181,142.1625,345,142.01,41.3176,81.051,270
1384,259.145,69710,142.3125,355,142.71,41.6812,81.0967,269
1385,257.7839,70375,142.775,342,142.38,41.8214,80.7815,273
1386,258.7296,69857,141.1,343,141.08,41.8177,81.0233,270
1387,256.9242,71168,142.45,331,142.19,41.7711,80.7375,277
1388,259.3015,70530,142.4125,353,142.32,41.9317,80.8483,272
1389,258.0806,70456,142.75,376,142.72,41.8976,81.1406,273
1390,259.0407,69941,143.1625,350,142.87,41.7675,80.9284,270
1391,256.5221,69774,142.125,343,142.81,41.9521,80.9578,272
1392,257.4591,72346,142.6375,353,142.57,41.941,80.8328,281
1393,257.8059,70381,142.8375,337,141.6,41.9915,81.0354,273
1394,259.1444,69969,144.2625,350,144.37,41.7518,80.9737,270
1395,256.7509,71120,141.4,347,141.46,41.6522,80.7475,277
1396,260.5852,70358,143.275,373,142.79,41.7605,81.1332,270
1397,260.3007,71843,142.3125,365,142.26,41.8732,81.0353,276
1398,259.2841,70266,142.45,346,142.22,41.583,81.0607,271
1399,260.292,71320,142.275,345,142.45,42.1653,81.1645,274
1400,262.1747,70525,143.7125,365,142.62,41.8169,80.8379,269
1401,258.4982,71087,144.975,390,144.6,42.257,81.142,275
1402,259.4265,72380,141.6375,371,141.93,41.9919,81.4708,279
1403,258.7259,69856,141.1,339,141.48,42.2186,80.9266,270
1404,259.1599,69714,144,352,143.54,41.4112,81.0305,269
1405,260.9665,70200,141.9625,375,142.08,41.5046,81.1864,269
1406,258.4823,72892,143.2375,366,142.84,41.6079,80.8998,282
1407,259.7684,70657,141.075,363,141.48,41.9613,81.0708,272
1408,262.1213,71297,145.8,345,144.67,41.7841,80.9652,272
1409,260.08,71522,142.8625,348,142.27,41.7492,81.2417,275
1410,259.7361,69869,142.6625,364,142.94,42.1302,80.8399,269
1411,258.6704,69841,144.925,354,143.66,41.5086,81.2481,270
1412,259.5867,70348,145.7625,351,144.74,42.4279,81.2931,271
1413,259.6989,69859,143.3875,353,143.03,41.7804,80.8921,269
1414,257.6498,71369,142.675,337,142.78,41.8997,81.0037,277
1415,261.9888,70475,141.9375,367,142.28,42.224,81.1786,269
1416,258.0662,70194,143.3625,345,143.95,42.3426,80.345,272
1417,257.9927,70690,143.5125,351,142.43,41.3395,81.2653,274
1418,257.6989,69321,142.15,344,142.62,42.2195,80.8378,269
1419,257.3123,69217,142.425,345,141.63,41.625,81.1075,269
1420,257.4081,70015,141.075,352,141.54,41.9696,80.9684,272
1421,258.6333,69831,143.4,358,142.65,42.3291,80.9741,270
1422,256.0772,69653,142.6625,325,142.77,42.2423,81.2331,272
1423,255.7949,69832,142.4,364,142.91,41.9041,80.9586,273
1424,256.9926,69131,141.95,349,141.62,41.5246,80.9673,269
1425,256.3297,70747,144.2625,353,143.4,42.0394,81.1539,276
1426,256.0818,68886,141,342,140.77,41.9538,81.0544,269
1427,256.1818,70450,143.3375,335,143.22,41.5683,81.1613,275
1428,254.5636,70005,144.0875,370,142.94,41.9542,81.2872,275
1429,256.8111,69339,140.85,337,141.43,42.3535,81.2764,270
1430,257.5751,70318,143.5625,334,143.65,42.2238,81.2375,273
1431,254.6357,68497,140.9375,349,140.87,41.8285,81.0228,269
1432,256.0588,69648,142.1,351,140.98,41.9927,81.3241,272
1433,257.5778,69546,143.3875,328,143.31,42.3081,80.8743,270
1434,256.572,69531,142.3875,337,142.38,42.1763,81.2346,271
1435,256.5219,70287,143.525,361,143.94,42.0916,80.9548,274
1436,256.0558,68879,143.4,343,142.69,41.7762,81.0243,269
1437,256.3165,71256,141.3,347,140.65,42.364,81.1238,278
1438,255.2825,68671,142.5625,330,141.9,41.7807,81.1836,269
1439,255.952,69363,141.925,341,141.25,42.1625,81.1227,271
1440,258.6569,70872,143.25,346,142.57,42.0534,80.9992,274
1441,256.5018,70025,141.6125,345,141.64,41.8338,81.118,273
1442,258.1822,69451,143.3375,354,143.63,41.6717,81.1628,269
1443,258.2788,69477,142.075,360,141.39,42.44,81.1547,269
1444,258.1222,69693,142.7125,361,142.66,42.2416,81.1003,270
1445,256.9964,70417,142.625,330,142.93,42.5,80.9134,274
1446,258.646,70869,144.5375,349,142.9,42.1872,81.3028,274
1447,257.0474,70431,139.6125,357,139.69,41.8436,81.3356,274
1448,259.9265,70700,143.275,343,143.63,42.1771,81.1021,272
1449,259.3494,69765,142.9375,340,142.92,41.8479,81.0912,269
1450,257.8786,72206,143.4375,337,142.81,41.9288,80.8413,280
1451,259.4021,72892,141.575,349,142.09,42.3141,81.3717,281
1452,256.9781,70412,141.9375,349,142.66,42.3387,80.8833,274
1453,261.364,71091,144.95,362,144.66,41.9634,81.3391,272
1454,259.5803,71125,142.8,343,142.42,42.1482,81.0015,274
1455,258.3656,72084,142.3,346,142.93,41.7201,81.0896,279
1456,260.8893,70701,143.625,367,143.63,42.1193,80.9114,271
1457,261.4944,70342,142.725,356,141.84,41.7045,81.2592,269
1458,259.1898,71018,141.7125,354,141.97,41.737,81.4392,274
1459,260.5978,70622,143.05,376,143.37,41.9958,81.0184,271
1460,261.1771,70779,141.475,357,142.18,41.7483,81.5046,271
1461,260.8796,71481,142.65,349,142.37,42.3881,81.1285,274
1462,259.6227,70877,142.9625,361,142.87,41.9042,81.0656,273
1463,259.2924,71824,142.275,340,141.67,41.6559,81.1157,277
1464,260.6484,71157,143.25,360,143.1,42.0049,80.883,273
1465,262.4834,71133,141.425,338,140.36,41.7029,80.835,271
1466,259.7734,72217,141.725,360,142.27,41.6111,80.8209,278
1467,260.4368,72141,142.675,351,141.77,41.7118,81.3867,277
1468,258.9018,71198,143.825,333,142.86,41.7331,80.763,275
1469,261.1778,70518,140.9625,353,140.79,41.6456,81.2182,270
1470,259.6777,70892,141.4125,338,141.88,42.0324,81.2321,273
1471,259.4746,71615,142.1125,361,141.92,41.7474,81.176,276
1472,260.7018,71693,140.7875,340,140.71,42.0671,81.1229,275
1473,260.9855,71771,141.15,345,140.4,41.8492,81.3561,275
1474,259.9554,69928,143.0375,347,142.79,41.9587,81.0309,269
1475,259.5815,70087,142.2,350,141.74,41.6345,81.2008,270
1476,259.7022,70639,140.725,351,141.92,41.5521,81.3043,272
1477,259.3778,70032,141.825,344,141.42,41.4027,81.3233,270
1478,258.3285,71557,142.2375,356,142.61,41.4582,81.3247,277
1479,259.5128,70847,143.6625,345,143.09,41.8237,81.1061,273
1480,258.9037,69904,141.5875,339,141.29,41.2629,81.2335,270
1481,257.2546,69716,143.0375,379,142.87,41.9301,81.0561,271
1482,256.2179,71741,140.8375,347,141.09,41.7028,81.0865,280
1483,257.4453,70540,141.725,386,141.42,41.767,81.2735,274
1484,259.7831,70661,144.7,336,144.22,41.6013,81.2356,272
1485,259.1301,69706,142.475,342,142.29,41.4513,81.081,269
1486,260.4522,70843,142.45,341,143.45,41.2937,81.3487,272
1487,259.3469,70283,139.7625,348,140.31,41.3312,81.1737,271
1488,258.6201,72155,140.525,339,140.74,41.8,80.8601,279
1489,258.8303,71696,141.5,348,141.01,41.9221,80.7509,277
1490,259.3432,70282,144.0375,344,143.17,41.7116,81.1824,271
1491,259.0366,70717,142.0375,351,142.18,41.8042,80.8828,273
1492,259.9853,70716,145.6625,331,145.96,41.5645,81.4963,272
1493,260.5167,70079,141.775,379,141.32,41.5555,81.1144,269
1494,260.0409,69951,141.8125,343,142.19,41.912,80.9609,269
1495,259.7647,70656,142.4,353,141.77,41.8318,81.46,272
1496,260.3248,71329,142.65,359,142.59,41.1677,80.9211,274
1497,258.5897,70595,143.1875,361,142.24,41.9461,81.3729,273
1498,258.2202,71527,141.2375,342,141.27,41.65,81.407,277
1499,260.2945,71581,144.075,367,144.16,41.3159,81.1706,275
1500,258.6222,69828,141.975,344,141.69,41.6969,81.3459,270
