1,329.2688,83305,114.8375,512,115.37,137.2605,46.3719,253
2,327.9803,83307,113.125,501,113.86,137.5487,46.3452,254
3,323.9023,82919,113.725,529,113.92,136.983,46.4893,256
4,324.437,82407,113.2375,519,114.25,137.5086,46.3967,254
5,323.9843,82292,113.75,473,113.59,137.1021,46.3946,254
6,322.0353,82119,113.5625,522,113.66,137.2361,46.3944,255
7,323.5977,82841,113.95,498,113.82,137.2279,46.4688,256
8,325.2992,82626,115.1375,515,114.77,137.3926,46.5381,254
9,322.3176,82191,113,506,113.4,137.3643,46.443,255
10,327.7087,83238,113.2875,524,113.28,137.4056,46.2749,254
11,327.1739,82775,113.575,525,112.94,137.4551,46.4406,253
12,327.051,83398,113.25,508,113.61,137.4397,46.5411,255
13,324.4664,82090,114.125,503,113.67,137.4279,46.3039,253
14,326.8498,82693,113.4,482,114.02,137.355,46.2949,253
15,325.9449,82790,113.9875,499,113.98,137.2222,46.3065,254
16,326.0236,82810,113.15,510,113.45,137.3471,46.2267,254
17,326.4824,83253,112.6375,496,113.08,137.1765,46.3049,255
18,327.1953,83762,113.225,512,113.57,137.2063,46.4434,256
19,331.3083,83821,113.2625,494,112.54,136.9417,46.561,253
20,327.3569,83476,113.5625,521,114.71,136.7986,46.604,255
21,329.8701,83787,113.3875,506,113.16,136.9555,46.4563,254
22,326.2213,82534,113.7375,522,114.26,136.7188,46.5917,253
23,323.6,82518,113.2625,482,114.25,136.8332,46.5334,255
24,324.1028,81998,114.35,532,113.88,136.4989,46.6403,253
25,320.7598,81473,112.7375,481,113.63,136.671,46.642,254
26,316.7326,81717,113.9625,497,114.74,136.3411,46.6846,258
27,318.4118,81195,113.2125,468,113.14,136.1901,46.9676,255
28,316.685,80438,112.7375,486,113.86,136.4558,46.7982,254
29,314.2953,79831,113.6,465,114.18,136.5454,46.7186,254
30,313.5178,79320,112.6,475,113.79,136.3717,46.8309,253
31,313.4229,79296,113.5625,530,113.94,136.1765,46.8733,253
32,311.2588,79371,113.225,500,113.65,136.3867,46.8372,255
33,310.1067,78457,113.75,504,113.93,136.2056,46.8471,253
34,308.7008,78410,112.325,471,113.81,135.8569,47.054,254
35,307.626,78137,113.9625,473,112.83,136.4564,46.8136,254
36,305.0623,78401,112.8,456,114.02,135.7924,47.0132,257
37,303.8627,77485,114.2,443,113.67,136.1094,47.0533,255
38,305.4625,77282,114.025,472,113.61,136.0722,46.9639,253
39,303.3647,77358,112.5125,464,113.75,136.5206,47.0018,255
40,297.3711,76127,114.325,455,114.34,136.1466,46.898,256
41,300.7273,76084,113.6,457,115.24,136.0567,46.8851,253
42,297.5763,77965,113.625,489,114.55,136.487,46.8937,262
43,300.4685,76319,113.125,435,114.1,136.4495,46.953,254
44,299.2957,76919,111.9875,445,113.22,136.4444,46.9345,257
45,294.5753,76295,112.7625,464,113.34,136.2352,47.0137,259
46,296.5415,75025,112.7,438,112.61,136.2218,47.1131,253
47,295.6023,76561,112.9625,438,113.88,136.142,47.0103,259
48,294.4805,75387,113.3875,447,113.97,136.2256,47.0059,256
49,295,75225,113.2,453,113.26,136.538,46.8519,255
50,291.3346,73999,113.5625,432,112.94,136.1296,47.2247,254
51,291.5529,74346,113.6125,437,112.59,136.0391,46.8659,255
52,292.3451,74548,113.425,427,112.93,136.1284,46.982,255
53,291.0906,73937,112.2125,446,113.18,136.0208,46.9543,254
54,290.75,74432,113.7625,444,113.1,136.1404,47.1386,256
55,291.2205,73970,113.225,470,114.03,136.0966,47.073,254
56,288.2773,73799,114.0625,425,113.24,136.2418,47.2001,256
57,287.5731,72756,113.675,439,113.76,136.2572,46.9422,253
58,288.7795,73350,112.9125,449,113.27,136.0277,46.9825,254
59,286.2422,73278,113.825,444,112.54,136.2953,46.8888,256
60,287.2174,72666,112.8625,417,112.67,135.9401,46.9109,253
61,285.0395,72115,112.8125,430,113.35,136.4656,46.9892,253
62,286.0938,73240,112.4375,462,112.33,136.119,47.0662,256
63,285.5472,72529,112.7625,416,113.23,136.2996,46.974,254
64,287.3123,72690,113.5375,439,113.17,136.314,46.9956,253
65,281.438,72611,113.5375,426,113.72,136.4908,46.8551,258
66,285.7412,72864,114.25,413,113.48,135.9553,47.1084,255
67,286.1581,72398,113.9125,414,112.93,136.3745,46.9283,253
68,287.7305,73659,114.3375,437,114.83,136.3054,46.9218,256
69,285.4922,73086,113.3625,447,113.38,136.8598,46.9225,256
70,286.2559,72709,112.75,418,114.12,136.5401,46.8686,254
71,282.3725,72005,113.9,408,113.19,136.5601,47.0318,255
72,284.5551,72277,113.3625,418,114.02,136.7487,46.7204,254
73,284.7938,73192,112.525,438,115.08,136.9249,46.8547,257
74,280.6496,71285,113.5125,455,114.5,137.0993,46.8771,254
75,280.5692,70984,114.3375,425,114.26,136.7892,46.8693,253
76,280.6824,71574,114.1625,427,113.99,137.1007,46.6811,255
77,277.2996,71266,113.3,417,113.88,137.0589,46.6288,257
78,278.9684,70579,112.7,408,112.63,137.0136,46.9463,253
79,275.2016,71002,113.475,401,113.65,136.7502,46.8951,258
80,274.5977,70297,113.625,406,114.85,136.9642,46.9049,256
81,274.917,69554,112.75,412,114.54,136.9193,47.0344,253
82,276.7451,70570,113.75,400,114.31,137.4754,46.7015,255
83,277.3412,70722,113.025,413,114.12,137.0738,46.842,255
84,274.3516,70234,114.2875,404,114.89,137.2734,46.7371,256
85,276.349,70469,113.2,416,113.34,137.4608,46.6981,255
86,276.0435,69839,113.5625,406,114.58,137.0626,46.7053,253
87,274.7961,70073,113.7375,399,114.21,137.0209,46.7578,255
88,275.6667,70295,113.8375,417,114.28,136.9862,46.8989,255
89,276.9492,70899,113.0625,403,113.58,137.2702,46.7542,256
90,276.6211,70815,112.825,455,113.26,136.9737,46.5837,256
91,277.786,71391,112.5125,407,114.08,136.7348,46.788,257
92,276.1047,71235,115.1375,431,114.4,136.8608,46.5665,258
93,275.6848,70851,113.775,410,113.81,137.0804,46.6128,257
94,274.9883,70397,112.825,414,114.05,136.7143,46.5561,256
95,272.4202,70012,113.65,407,114.91,137.0186,46.4929,257
96,271.6445,69541,113.175,381,114.36,136.9068,46.4182,256
97,275.7795,70048,112.9875,405,114.43,137.4385,45.8621,254
98,274.3696,70513,113.1875,398,112.99,137.9193,46.0227,257
99,275.5039,69978,113.1125,410,112.9,138.1537,45.9795,254
100,272.5564,70047,112.1375,429,112.92,137.9678,46.1578,257
101,274.7283,69781,113.125,424,113.44,137.7163,46.1433,254
102,272.3882,69459,113.375,417,113.25,137.6432,46.242,255
103,274.7708,69517,114.0875,409,114.53,137.3721,46.2383,253
104,274.0775,70712,114.1875,414,114.63,137.1804,46.406,258
105,273.2802,70233,112.6125,427,113,137.2431,46.0258,257
106,273.957,70133,113.175,420,113.49,136.8584,46.2956,256
107,275.5079,69979,112.925,459,114.04,137.3672,46.5136,254
108,274.5455,69460,113.1375,416,113.86,136.9675,46.4038,253
109,276.1976,69878,113.375,391,113.41,137.0563,46.4393,253
110,273.5197,69474,113.275,423,113.15,136.7825,46.5501,254
111,274.5296,69456,113.9375,425,113.37,137.2243,46.6326,253
112,273,70707,113.4375,424,113.41,136.9212,46.6171,259
113,275.311,69929,113.3,409,113.83,137.0948,46.3598,254
114,274.0615,71256,112.475,414,113.46,137.344,46.6717,260
115,273.9016,69571,114.25,400,112.98,137.1707,46.5419,254
116,274.7471,70610,113.675,394,113.57,137.0666,46.6094,257
117,275.1581,69615,112.875,399,113.58,136.9834,46.7435,253
118,274.4141,70250,112.9875,415,114.17,136.9951,46.5619,256
119,276.3488,71298,113.775,420,113.16,136.7155,46.6876,258
120,275.5798,70824,112.9375,420,113.84,137.0959,46.798,257
121,277.2055,70133,112.9125,419,112.95,136.8865,46.5047,253
122,276.6496,70269,114.3625,414,114.54,136.8534,46.7603,254
123,276.0472,70116,112.725,435,113.48,136.5232,46.7273,254
124,275.168,70443,113.375,412,113.64,136.8978,46.9593,256
125,274.6265,70579,112.0375,410,113.15,136.6615,46.7928,257
126,274.3976,69697,111.9875,440,112.64,137.0073,46.7649,254
127,274.9723,69568,112.6,392,114.78,136.8095,47.0377,253
128,274.3701,69690,114.0875,406,113.59,136.4779,46.9325,254
129,272.3043,68893,113.2875,400,113.66,136.6368,46.9092,253
130,272.874,69310,113.8625,412,115,136.8575,46.7603,254
131,272.8425,69302,112.6125,401,113.32,136.9399,46.7083,254
132,273.5494,69208,112.45,389,114.59,136.738,46.8112,253
133,273.3488,70524,112.95,388,113.02,136.6891,46.7092,258
134,274.2598,69662,112.3125,425,112.76,136.8311,46.8213,254
135,273.1299,69375,113.05,401,113.3,136.7125,46.8575,254
136,274.3463,70507,113.25,444,113.43,136.6839,46.8225,257
137,274.3399,69408,112.7625,424,113.19,136.8903,46.8131,253
138,274.5859,70294,112.6125,401,113.61,136.9805,46.7395,256
139,276.7075,70007,112.575,427,113.22,137,46.8718,253
140,273.3176,69696,113.4125,422,112.95,136.4614,46.7807,255
141,274.7126,69777,113.6,408,113.24,136.7932,46.8709,254
142,274.2767,69392,112.775,412,113.89,136.8784,46.7191,253
143,272.0467,69916,113.175,400,113.28,136.8907,46.7543,257
144,276.3035,71010,113.5,408,113.08,136.8331,46.7046,257
145,275.6471,70290,113.4875,420,113.5,137.0504,46.8715,255
146,276.1406,70692,113.575,414,113.33,136.7308,46.8839,256
147,276.2323,70163,113.0875,409,113.91,136.9792,46.716,254
148,274.7743,70617,113.3875,397,114.07,136.9613,46.7485,257
149,275.7431,69763,113.025,416,113.56,137.1471,46.6231,253
150,274.3516,70234,114.2875,421,112.67,137.0672,46.7524,256
151,275.4094,69954,114.4125,399,113.9,137.2828,46.6472,254
152,272.6047,68969,114.325,415,114.74,136.8802,46.9225,253
153,273.6457,69506,112.9875,428,113.21,137.3057,46.6622,254
154,275.9486,69815,113.2125,425,112.96,136.9814,46.7447,253
155,272.4086,70009,115.0125,407,114.53,137.3058,46.63,257
156,277.3557,70171,114.525,410,114.5,137.2892,46.8067,253
157,273.3574,71893,111.5875,430,113.62,137.0581,46.7798,263
158,273.6133,70045,113.9875,396,113.08,136.87,46.8957,256
159,273.8764,70934,113.325,395,113.28,137.4038,46.8636,259
160,274.1412,69906,113.1,409,113.67,136.912,46.834,255
161,272.9112,70684,112.9125,411,112.83,136.8509,46.7555,259
162,275.4803,69972,113.1125,415,113.26,136.9266,46.8824,254
163,274.9333,70108,114.2875,417,114.3,136.7813,46.8056,255
164,275.6235,70284,113.8375,419,113.28,137.1655,46.8886,255
165,276.1686,70423,112.95,417,112.76,136.9373,46.8888,255
166,277.0949,70105,112.7625,436,112.98,136.9813,46.8956,253
167,278.2235,70947,112.8,423,113.01,136.6574,46.9432,255
168,277.8024,70284,112.675,451,112.99,137.0211,46.6854,253
169,279.1575,70906,113.1875,422,113.47,136.9975,46.7698,254
170,278.4264,71834,113.1375,426,114.45,136.9741,46.7867,258
171,278.4535,71841,113.3,418,113.06,136.5799,46.9366,258
172,279.5455,70725,112.7375,404,113.31,136.7248,46.8471,253
173,282.0748,71647,113.3625,437,113.88,136.7404,46.8251,254
174,281.7945,71294,112.525,425,113.79,136.5988,46.8914,253
175,284.9407,72090,113.65,417,114.65,136.2509,46.7724,253
176,292.155,75376,113,423,113.35,136.5832,46.9668,258
177,293.2244,74479,113.8,469,113.67,136.564,46.7738,254
178,301.3622,76546,113.35,472,112.76,136.7619,46.8291,254
179,301.5714,78107,113.625,456,112.61,136.648,46.8173,259
180,298.3602,77872,113.025,453,113.86,136.2772,46.9082,261
181,306.3953,77518,113.1375,486,113.04,136.5973,46.689,253
182,312.0547,79886,113.25,473,113.34,136.7045,46.8084,256
183,309.6798,78349,113.2,466,113.13,136.6974,46.7484,253
184,311.9567,79237,112.375,468,113.16,136.8498,46.7592,254
185,312.4258,79981,113.5,477,114.68,137.0364,46.502,256
186,318.2213,80510,113.075,512,113.28,136.8133,46.5574,253
187,318.1378,80807,113.5,496,113.63,136.6892,46.7126,254
188,317.314,81867,113.075,475,113.55,137.3993,46.5637,258
189,317.1765,80880,112.575,500,113.42,137.2142,46.7897,255
190,317.4724,80638,112.925,486,112.18,137.395,46.5079,254
191,316.0354,80273,112.675,494,114.54,137.6557,46.433,254
192,314.8171,80908,113.25,482,114,137.8288,46.7323,257
193,319.6157,81502,113.875,468,113.65,138.1927,46.5465,255
194,319.3661,81119,112.8375,483,113.35,138.0156,46.4042,254
195,324.0672,81989,113.6625,501,114.9,138.1144,46.3253,253
196,325.8031,82754,112.6,499,113.44,138.7914,46.0339,254
197,329.5059,83365,113.3,455,113.41,139.1868,45.7823,253
198,328.8696,83204,113.675,515,113.12,139.467,45.7382,253
199,333.1779,84294,112.6125,494,112.77,139.684,45.7362,253
200,334.7812,85704,113.4875,484,114.09,140.2816,45.5983,256
201,336.0906,85367,113.5375,507,113.68,140.1193,45.5262,254
202,336.2372,85068,112,476,115.04,140.2493,45.4059,253
203,337.8617,85479,113.5875,502,112.63,140.3858,45.5595,253
204,341.252,86678,113.2875,505,112.73,140.4556,45.5912,254
205,341.8933,86499,112.975,498,113.18,140.5771,45.5057,253
206,340.8263,88274,113.15,527,113.46,140.5298,45.4872,259
207,342.9373,87449,113.8625,501,113.51,140.874,45.4929,255
208,341.2896,88394,113.3375,524,113.01,140.7748,45.3055,259
209,345.2411,87346,112.425,501,113.17,140.6908,45.3727,253
210,342.917,86758,113.4,521,114.55,140.9123,45.1776,253
211,341.7905,86473,112.5875,530,113.38,140.5788,45.3568,253
212,339.07,87141,113.4625,538,114.34,140.8339,45.2882,257
213,338.2314,86249,113.975,510,113.06,140.3308,45.235,255
214,338.7992,86055,112.95,513,113.39,140.5332,45.3446,254
215,334.0157,85174,113.025,474,113.22,140.7833,45.1595,255
216,336.1529,85719,113.4,516,113.64,141.0608,45.2054,255
217,337.2569,85326,112.9875,496,113.76,140.7036,45.0802,253
218,337.7628,85454,113.5875,516,113.5,140.4989,45.2769,253
219,334.9764,85084,112.825,512,114.15,140.8369,45.1515,254
220,338.298,86266,113.4375,498,114.08,141.0681,45.1358,255
221,333.4961,84708,113.9625,513,112.92,141.0452,45.1289,254
222,335.9414,86001,113.225,490,113.84,141.2678,45.2486,256
223,334.1875,85552,113.4125,485,113.31,141.2237,45.21,256
224,333.2292,84307,113.5125,507,113.18,141.436,45.1768,253
225,332.2196,84716,112.9625,508,113.28,141.5528,45.2461,255
226,330.4685,83939,113.275,514,112.55,141.2617,45.2933,254
227,325.4921,82675,113.0875,504,113.75,141.3659,45.1531,254
228,326.4488,82918,113.0125,505,113.72,141.144,45.2842,254
229,321.8458,81427,112.6625,510,113.02,141.0004,45.3518,253
230,321.4331,81644,113.9125,484,112.86,140.6995,45.4148,254
231,319.9565,80949,113.325,464,113.29,140.8152,45.48,253
232,314.9294,80307,113.35,481,112.75,140.5997,45.4001,255
233,314.3543,79846,113.525,470,113.53,140.4563,45.4511,254
234,309.83,78387,112.85,474,112.61,140.5297,45.6318,253
235,309.0356,78186,112.2625,459,114.23,140.1761,45.7592,253
236,306.5984,77876,113.6375,455,113.49,140.5123,45.5987,254
237,304.1172,77854,114.25,445,113.22,140.2168,45.6993,256
238,303.4409,77074,113.5625,472,112.94,140.1245,45.6568,254
239,302.1098,77038,113.5,459,114.13,140.0934,45.6654,255
240,297.3834,75238,113.55,426,114.08,139.991,45.8417,253
241,296.6443,75051,113.425,461,113.35,140.0602,45.8164,253
242,295.2441,74992,113.9375,449,112.9,140.2934,45.6005,254
243,294.3465,74764,112.6,462,114.27,140.2861,45.855,254
244,291.6693,74084,112.0125,442,113.96,140.4136,45.6699,254
245,289.2093,74616,113.525,421,113.1,140.3867,45.776,258
246,288.6848,74192,113.0125,424,113.87,140.2709,45.8298,257
247,288.9144,74251,112.375,461,113.71,140.3494,45.6358,257
248,287.0586,73487,113.6625,433,113.66,140.188,45.861,256
249,287.8661,73118,112.1875,435,113.32,140.0991,45.7529,254
250,287.5255,73319,113.2,448,113.65,140.0956,45.834,255
251,285.572,73392,112.2375,452,113.11,139.9941,45.6922,257
252,283.1758,72493,113.2625,444,113.42,140.0724,45.6991,256
253,283.5216,72298,112.3875,430,113.85,140.2881,45.6139,255
254,281.3843,71753,112.575,422,113.1,140.1704,45.807,255
255,281.9331,71611,114.1125,426,113.11,140.1445,45.7215,254
256,277.7961,70838,112.95,400,113.3,140.1295,45.6728,255
257,280.332,71765,114.025,408,113.68,140.0285,45.8906,256
258,278.6758,71341,112.3625,420,112.27,140.274,45.7543,256
259,281.3176,71736,112.15,414,113.91,139.9275,45.8998,255
260,279.8498,70802,114.85,426,114.18,139.5093,45.9554,253
261,277.4471,70749,112.9,432,113.23,139.7189,45.9752,255
262,278.5508,71309,112.25,437,114.05,139.7564,45.9926,256
263,277.4032,70183,113.225,408,114.23,139.0951,46.1554,253
264,277.8854,70305,113.6625,406,113.81,139.5556,46.0265,253
265,278.6364,70495,113.5375,401,113.82,139.0062,46.2532,253
266,277.8071,70563,114.1375,413,112.51,138.8386,46.3088,254
267,275.2664,71294,114.2625,408,113.44,138.8032,45.986,259
268,276.3346,70189,113.0375,447,112.72,139.083,45.9265,254
269,274.5669,69740,113.1625,439,112.87,138.6274,46.0513,254
270,275.5775,71099,113.775,414,112.69,138.4841,46.0593,258
271,279.0433,70877,113.475,422,113.73,138.7116,46.1276,254
272,273.2773,69959,114.1875,404,113.57,138.5138,46.2035,256
273,276.0392,70390,114.5875,423,115.02,138.7868,45.9879,255
274,277.8379,70293,113.6,425,114.43,138.5339,46.0839,253
275,274.415,69427,112.325,411,113.73,138.2641,46.0629,253
276,272.2031,69684,113.125,404,113.16,138.2862,45.9769,256
277,273.625,70048,112.9125,392,113.07,138.3431,46.1081,256
278,272.965,70152,113.325,407,113.42,138.0789,46.0205,257
279,273.0669,69359,115.3875,405,114.03,138.5867,46.0588,254
280,273.9842,69318,113.25,413,114.86,137.8799,46.1678,253
281,272.6008,68968,113.1,427,113.39,137.9482,46.1668,253
282,271.6996,68740,113.075,394,113.9,137.9932,46.2402,253
283,270.1875,69168,113.3125,396,112.56,138.0594,45.9232,256
284,269.7769,70142,113.225,409,113.32,138.1852,46.0939,260
285,269.8008,69069,112.7,430,112.74,137.9869,46.2592,256
286,269.5771,68203,114.5,411,114.69,137.8487,46.2009,253
287,264.8721,68337,113.5375,419,113.51,137.8123,46.0429,258
288,269.2087,68379,112.45,386,113.03,137.7286,46.1394,254
289,266.8736,69654,112.9,393,113.68,138.1698,46.1974,261
290,267.3813,68717,112.875,407,113.01,137.8703,46.3131,257
291,267.5079,67947,113.4125,416,113.67,137.7691,46.224,254
292,267.3071,67896,112.725,426,113.48,138.0392,46.1936,254
293,264.0118,67059,113.1,410,112.75,137.9195,46.3734,254
294,265.0784,67595,113.5375,380,112.17,138.0748,46.3014,255
295,265.3633,67933,113.225,405,113.49,137.8121,46.3592,256
296,264.9012,67020,113.7125,396,113.37,137.8545,46.2577,253
297,265.2539,67905,113.2,401,113.58,137.6601,46.4116,256
298,264.9648,67831,114.05,393,113.14,137.8598,46.403,256
299,262.4806,67720,112.8,407,113.77,137.8797,46.2211,258
300,263.9023,67559,113.425,414,113.41,138.0627,46.2242,256
301,262.4071,66389,113.3375,419,112.96,137.4728,46.4157,253
302,263.4574,67972,113.8,404,112.62,137.6883,46.3149,258
303,261.5953,67230,113.975,388,112.65,137.9007,46.1533,257
304,262.7451,67000,111.8,413,113.78,137.6482,46.2525,255
305,261.8477,67033,114.1,390,113.28,137.8051,46.3647,256
306,264.7205,67239,113.9125,377,113.92,137.8664,46.1356,254
307,263.7608,67259,113.0875,385,113.38,138.0575,46.1312,255
308,263.6367,67491,112.325,412,112.75,138.1826,46.041,256
309,264.7059,67500,113.5,385,112.45,138.2766,46.1622,255
310,263.6024,66955,112.2625,389,113.58,137.8268,46.0587,254
311,262.4409,66660,112.7875,399,112.42,138.3648,46.21,254
312,264.9449,67296,113.2375,387,114.35,138.1136,46.2873,254
313,264.8906,67812,113.5625,445,113.07,138.011,46.2605,256
314,264.4727,67705,112.6875,430,112.6,137.9829,46.2691,256
315,265.4008,68208,112.3375,395,113.47,138.1485,46.4129,257
316,267.1686,68128,113.65,405,112.61,138.0741,46.3621,255
317,265.8775,67267,113.4625,404,113.23,138.2668,46.286,253
318,268.7312,67989,113.25,406,113.79,137.9339,46.2693,253
319,270.6406,69284,113.3125,393,111.99,137.9542,46.3332,256
320,271.2846,68635,112.6,403,113.52,137.8986,46.1691,253
321,270.3065,70550,112.9125,399,113.3,137.7131,46.2398,261
322,274.4348,69432,112.6375,403,112.92,137.6254,46.1817,253
323,271.4071,68666,112.8875,403,113.22,137.6183,46.2435,253
324,273.8588,69834,112.3875,386,113.17,138.1554,46.1311,255
325,275.0118,69853,113.0375,426,112.79,138.286,46.0874,254
326,275.8307,70061,113.7,410,112.77,138.1521,46.146,254
327,276.2677,70172,113.0125,439,112.61,137.7865,46.3521,254
328,275.9646,70095,112.0625,412,112.6,137.8058,46.1352,254
329,278.7559,70804,113.05,427,112.82,137.5086,46.2281,254
330,275.9051,69804,113.4875,402,112.65,137.4507,46.388,253
331,272.3915,70277,112.575,403,113.32,137.7717,46.2166,258
332,274.498,69997,112.825,418,113.23,137.6215,46.2067,255
333,275.1333,70159,112.5375,409,112.62,138.1751,46.1952,255
334,273.0945,69366,114.0125,414,113.23,138.1131,46.1881,254
335,272.418,69739,113.1625,443,113.04,137.6754,46.3611,256
336,272.2118,69414,112.6625,415,112.66,137.784,46.2607,255
337,274.9882,69847,112.7125,418,113.54,137.8799,46.2977,254
338,274.0906,69619,112.425,432,113.28,137.6613,46.3028,254
339,274.677,70592,112.3875,442,113.3,138.1563,46.2658,257
340,276.0667,70397,113.8875,423,113.95,137.923,46.2984,255
341,277.2795,70429,113.575,423,113.88,138.4973,46.0598,254
342,276.4062,70760,112.45,466,113.47,138.8473,46.0011,256
343,276.2885,69901,114.475,414,113.62,139.3128,45.6684,253
344,276.7383,70845,112.5875,427,112.76,139.2198,45.5151,256
345,278.2008,70663,112.4375,432,113.89,139.2414,45.5759,254
346,279.1098,71173,112.5875,419,113,139.455,45.7382,255
347,278.9646,70857,112.7125,419,114.27,139.2254,45.6296,254
348,278.582,71317,112.95,420,112.02,138.9867,45.8377,256
349,279.2422,71486,114,433,113.55,139.072,45.7985,256
350,275.6289,70561,112.675,424,113.35,138.8888,45.7361,256
351,275.2646,70743,112.6125,415,112.86,138.9899,45.7456,257
352,276.4427,69940,112.3375,399,113.33,138.7659,45.7301,253
353,274.8627,70090,113.1875,413,112.99,139.0775,45.6841,255
354,275.2087,69903,112.0875,425,114.07,138.8067,45.9182,254
355,276.9961,70634,114.5375,404,113.66,138.9431,45.7122,255
356,275.4471,70239,112.2125,418,113.46,139.0046,45.7827,255
357,274.0938,70168,113,432,113.3,138.6354,45.7802,256
358,275.9412,70365,113.1125,423,114.08,138.5835,45.8823,255
359,275.4078,70229,112.5,422,113.4,138.4101,45.9741,255
360,275.9882,70101,113.9,434,113.53,138.4662,46.0456,254
361,274.0856,70440,112.8625,417,112.85,138.2936,46.0152,257
362,271.393,69748,113.0125,428,113.48,138.4948,46.0396,257
363,271.9921,69086,113.5125,430,112.88,138.2913,45.8913,254
364,271.5255,69239,112.5125,425,113.06,138.4754,45.9346,255
365,273.9141,70122,112.7,426,113.27,138.3962,45.9276,256
366,271.5907,70342,113.075,440,112.99,138.2568,46.0786,259
367,271.3333,69190,112.4375,421,113.54,138.2675,45.917,255
368,273.0553,69083,112.625,427,111.88,138.3357,46.0816,253
369,273.502,69196,113.9875,427,114.16,138.54,45.969,253
370,271.4883,69501,112.6,404,113.41,138.6839,45.9221,256
371,269.9565,68299,113.3875,443,113.71,138.3718,45.8512,253
372,269.0039,68865,113.575,434,113.97,138.6632,45.8815,256
373,269.7866,68256,112.875,404,113.31,138.6679,45.9055,253
374,270.1581,68350,114.825,379,113.93,138.4043,46.0322,253
375,268.5859,68758,113.5625,414,113.04,138.6439,45.9729,256
376,268.3359,68694,113.4875,414,113.93,137.924,46.0233,256
377,267.9612,69134,114.5,392,114.24,138.3065,45.8997,258
378,271.5922,69256,113.975,398,114.65,138.6536,45.8568,255
379,272.207,69685,112.025,428,113.89,139.2857,45.8991,256
380,271.1206,69678,113.1625,415,113.41,139.1855,45.7208,257
381,270.5078,69250,114.625,419,113.42,139.5416,45.6416,256
382,268.9961,68863,111.7625,412,113.1,139.9784,45.6322,256
383,271.185,68881,114.1,398,113.98,139.6823,45.8079,254
384,267.0039,67819,112.3375,416,113.12,140.0012,45.5623,254
385,267.122,67849,112.85,404,113.22,139.748,45.6395,254
386,265.9653,68885,112.1125,395,112.97,139.218,45.873,259
387,265.9644,67289,112.6,386,112.7,139.4903,45.8689,253
388,265.1216,67606,112.2,395,112.71,139.3492,45.7706,255
389,261.7529,67794,113.425,402,113.96,139.681,46.0775,259
390,263.3504,66891,113.5,391,113.74,139.1897,46.1518,254
391,263.3083,66617,113.25,394,112.83,139.0571,45.9162,253
392,264.0514,66805,112.3,417,113.8,139.1013,45.9,253
393,263.7391,66726,113.1875,399,113.89,138.9745,46.0457,253
394,264.3804,67417,113.4875,373,114.54,138.7614,46.0953,255
395,261.9883,67331,113.975,388,113.81,138.7373,46.0775,257
396,259.1719,66348,113.475,399,112.02,138.8484,46.2337,256
397,261.9724,66541,112.6125,375,113.85,138.4831,46.155,254
398,261.1836,66863,112.7,391,112.77,138.5297,46.1361,256
399,260.378,66136,111.925,392,113.58,138.3976,46.2578,254
400,260.2335,66880,113.325,369,112.68,137.9501,46.3897,257
401,261.7843,66755,112.8375,387,112.72,138.1786,46.5298,255
402,261.7441,66483,112.8375,398,113.04,138.4654,46.3917,254
403,261.7412,66744,113.4375,378,113.27,138.5271,46.2264,255
404,260.4843,66163,112.95,378,113.78,137.8947,46.306,254
405,261.3976,66395,113.2125,423,113.33,138.4371,46.2246,254
406,261.3858,66392,112.675,396,112.79,138.0944,46.2733,254
407,258.6406,66212,113.175,409,112.88,138.2669,46.209,256
408,261.3228,66376,112.525,376,113.37,138.3515,46.3356,254
409,260.5771,65926,113.725,386,114.12,138.1588,46.2698,253
410,262.1779,66331,112.55,400,114.2,138.1514,46.6313,253
411,261.0512,66307,113.05,383,113.42,138.0022,46.497,254
412,260.8933,66006,113.15,392,113.25,138.3728,46.319,253
413,261.5771,66179,114.05,397,114.49,138.3063,46.2479,253
414,262.1417,66584,112.2125,393,113.47,138.6771,46.2319,254
415,262.2992,66624,112.7875,406,112.85,138.4488,46.3555,254
416,262.874,66770,112.95,390,112.81,138.8709,46.309,254
417,262.1378,66583,113.35,402,113.11,138.8398,46.0831,254
418,261.5292,67213,114.075,398,113.79,138.885,46.1551,257
419,260.0656,67357,112.425,382,113.55,138.7547,46.334,259
420,260.3543,66130,112.9125,378,114.13,138.793,46.1164,254
421,263.3228,66884,112.1625,392,114.02,138.5686,46.3925,254
422,262.2964,66361,112.475,387,113.69,138.35,46.2969,253
423,259.9186,67059,113.2125,382,113.7,138.5825,46.4478,258
424,260.7054,67262,112.4125,383,113,138.065,46.4346,258
425,261.6299,66454,111.3875,405,113.21,138.5573,46.2694,254
426,261.6996,66210,114.1125,394,112.17,138.4879,46.314,253
427,259.2162,67137,112.975,398,113.91,138.515,46.3327,259
428,264.1445,67621,114.4625,406,114.48,139.3607,46.0428,256
429,264.1304,66825,113.65,389,112.35,139.4481,45.7529,253
430,264.419,66898,112.4,413,112.51,139.8066,45.9555,253
431,260.6,66453,112.6875,370,113.46,139.4141,45.7342,255
432,261.4727,66937,113.3625,407,113.11,139.4824,45.9021,256
433,264.9529,67563,112.0625,429,112.56,139.7002,46.019,255
434,261.1907,67126,113.7375,384,113.1,140.0046,45.946,257
435,263.0661,67608,113.175,389,113.63,139.3501,45.8628,257
436,262.2953,66623,112.3125,383,112,139.8912,45.7726,254
437,263.3834,66636,113.9125,375,113.43,139.5071,45.9432,253
438,261.2617,66883,112.0125,455,114.57,139.8605,45.4706,256
439,263.1946,67641,114.2375,414,113.07,140.1005,45.482,257
440,264.7176,67503,113.5875,389,113.69,139.9554,45.6295,255
441,264.2648,66859,112.3625,437,113.38,139.8366,45.7123,253
442,266.0553,67312,112.4,395,113.03,140.189,45.5685,253
443,263.8863,67291,113.825,379,113.08,140.1491,45.4518,255
444,263.8142,66745,112.9875,398,113.14,140.2886,45.5234,253
445,263.8242,67539,112.6125,391,114.26,140.3109,45.5203,256
446,263.5,68510,113.2875,392,113.4,140.717,45.5389,260
447,263.1877,68692,113.15,398,113.65,140.2554,45.5843,261
448,265.6047,68526,113.925,397,113.15,141.0361,45.2525,258
449,264.5968,66943,112.7875,406,112.84,140.7185,45.4814,253
450,267.8275,68296,113.7375,398,114.24,140.6127,45.3276,255
451,267.7115,67731,113.6625,399,112.44,141.121,45.2875,253
452,266.1569,67870,112.8375,422,112.79,140.7821,45.3773,255
453,267.2767,67621,113.1,409,113.42,140.8726,45.3978,253
454,268.0787,68092,113.0125,386,112.88,140.8718,45.491,254
455,268.5394,68209,112.2625,408,112.93,141.2904,45.3436,254
456,271.1818,68609,112.2375,393,113.82,141.0375,45.3393,253
457,271.2829,69991,113,391,112.93,140.9804,45.3875,258
458,268.378,68168,113.025,417,112.8,141.3302,45.4697,254
459,267.2374,68680,113.675,388,113.15,141.2173,45.6154,257
460,269.3594,68956,112.4,409,112.93,141.083,45.5649,256
461,270.7283,68765,112.6875,420,113.47,141.2415,45.3044,254
462,270.3794,68406,112.675,393,113.1,141.3793,45.2606,253
463,268.1506,69451,112.3375,446,113.82,141.3547,45.3384,259
464,267.3867,68451,111.75,404,112.2,141.3812,45.3224,256
465,269.8063,68261,113.975,403,115.85,141.2672,45.4299,253
466,270.1779,68355,112.5125,397,113.5,141.4132,45.3107,253
467,270.3765,68946,112.7875,391,113.8,141.1214,45.376,255
468,268.8656,68023,112.5125,392,112.18,141.2226,45.2481,253
469,272.6047,68969,113.45,398,113.02,141.0283,45.7029,253
470,270.8118,69057,112.5125,406,113.96,140.9896,45.4829,255
471,270.7529,69042,113.4375,409,112.69,141.0434,45.5363,255
472,269.2806,68128,112.6125,391,113.2,141.1389,45.7601,253
473,270.5197,68712,111.3,394,112.6,140.8544,45.716,254
474,269.0902,68618,113.25,386,112.61,140.8866,45.6742,255
475,268.3874,67902,112.1125,395,113.14,140.5022,45.7093,253
476,268.2244,68129,113.1375,393,113.34,140.2395,45.755,254
477,267.2148,68407,112.425,392,112.8,139.9822,45.6987,256
478,266.7333,68017,113.05,395,113.13,140.0169,45.8021,255
479,265.9264,68609,112.0375,395,113.36,139.8888,45.6315,258
480,263.3867,67427,112.25,382,113.56,139.7371,45.9474,256
481,263.0751,66558,111.9375,406,113.34,139.5244,45.8843,253
482,264.563,67199,113.0875,390,112.86,139.1343,45.9259,254
483,264.5194,68246,112.55,403,113.71,139.0389,45.9798,258
484,263.126,66834,113.8,419,113.04,138.6796,46.1457,254
485,261,67077,113.7375,366,112.56,138.8041,46.1792,257
486,262.1181,66578,112.775,379,113.26,138.5431,46.182,254
487,262.3399,66372,112.0625,395,113.32,138.7913,46.1852,253
488,263.7628,66732,113.4625,405,112.88,138.9834,46.2858,253
489,260.4196,66407,113.3875,397,113.3,139.212,45.9823,255
490,261.7992,67806,113.1625,378,112.36,139.451,45.8299,259
491,263.685,66976,112.7625,409,112.57,140.0079,45.6369,254
492,263.6245,66697,113.55,417,112.03,140.5257,45.4918,253
493,264.2625,68444,113.4875,417,112.33,140.8398,45.3094,259
494,265.284,68178,112.725,396,113.57,140.4916,45.3119,257
495,264.8976,67284,112.3125,431,113.1,140.6637,45.6119,254
496,264.8599,68069,113.3125,397,113.04,140.7743,45.1649,257
497,264.7812,67784,112.875,429,113.29,140.2294,45.3466,256
498,264.4646,67174,113.7875,386,112.94,140.554,45.5019,254
499,265.7923,69106,113.5875,408,112.77,140.6049,45.368,260
500,268.1304,67837,113.05,411,112.53,140.705,45.3933,253
501,263.8555,67547,113.2875,406,113.59,140.5197,45.3783,256
502,265.4784,67697,112.8,418,113.77,140.4419,45.2604,255
503,263.1897,66587,113.45,378,113.32,140.8929,45.1638,253
504,265.2087,67363,112.9625,418,112.77,140.5001,45.542,254
505,264.8024,66995,112.7375,369,112.35,140.7038,45.3033,253
506,263.2846,66611,112.9875,397,112.69,140.5124,45.5803,253
507,265.0984,67335,113.275,419,113.34,140.6601,45.4043,254
508,263.2907,67929,111.9125,392,113.85,140.7033,45.3887,258
509,264.9291,67292,113.425,395,113.25,140.7752,45.4212,254
510,265.0474,67057,112.75,398,113.13,140.5696,45.4781,253
511,266.3619,68455,113.0125,444,112.83,140.2814,45.4115,257
512,263.3622,66894,113.2375,387,112.78,140.429,45.4678,254
513,262.9922,67063,113.7125,396,114.06,140.2617,45.5529,255
514,264.2239,68434,113.1,409,112.7,140.8014,45.3009,259
515,266.4545,67413,112.9625,422,114.01,141.0119,45.263,253
516,263.102,67091,113.225,383,113.63,141.444,45.2299,255
517,264.6496,67221,113.2625,401,112.03,141.3163,45.1293,254
518,266.1146,67327,113.075,424,113.42,141.4219,45.0212,253
519,266.082,68117,113.1875,397,113.1,141.2449,45.2831,256
520,264.4173,67162,112.6,394,113.8,141.532,45.3182,254
521,265.7756,67507,112.625,389,112.99,141.0501,45.5224,254
522,266.8656,67517,111.5125,418,112.86,141.0458,45.6863,253
523,262.8984,67302,112.8,414,112.54,140.8392,45.6267,256
524,264.5551,67197,112.5875,425,112.85,140.2543,45.6702,254
525,260.8571,67562,112.6125,401,112.72,140.0641,45.8854,259
526,263.1621,66580,111.75,403,113.56,139.7467,45.8488,253
527,260.2077,67654,111.7375,428,112.11,139.8764,45.8986,260
528,262.83,66496,113.3625,397,113.82,139.698,45.9006,253
529,260.3711,66655,112.8125,394,113.04,140.0314,45.7675,256
530,261.5331,67214,114.225,376,113.89,139.7941,46.1979,257
531,261.498,66682,113.35,378,113.18,139.4337,45.9345,255
532,260.1206,66851,112.4125,368,113.14,139.6175,46.2087,257
533,259.9339,66803,112.0625,385,112.72,139.6665,46.0993,257
534,260.2677,66108,112.875,413,113.14,139.3792,46.129,254
535,261.6824,66729,112.075,385,114.01,139.1111,46.171,255
536,261.6087,66187,112.325,408,111.93,139.5583,46.3361,253
537,263.973,68369,113.4625,386,113.74,139.1575,46.1817,259
538,262.7188,67256,112.875,421,112.2,139.6446,46.0748,256
539,262.4961,67199,112.025,387,112.34,139.2096,46.1795,256
540,259.8633,66525,113.7,385,113.23,139.0578,46.0551,256
541,261.469,67459,113.2,394,112.28,139.2712,46.1397,258
542,262.8118,67017,112.7375,392,113.22,138.7525,46.2861,255
543,261.5098,66685,112.4,372,113.27,139.3479,46.2191,255
544,263.8775,66761,113.2875,394,113.73,138.9861,45.9936,253
545,259.4549,66161,111.6375,386,112.7,139.3405,45.7626,255
546,260.5573,65921,113.475,377,112.09,139.0523,46.0511,253
547,258.069,67356,113.1125,395,112.95,139.3451,46.1199,261
548,261.2085,67653,112.2875,410,112.92,139.2219,46.0592,259
549,260.9569,66544,111.9125,377,112.41,139.143,46.0399,255
550,258.3658,66400,112.25,378,112.9,139.3122,46.003,257
551,260.6667,66470,112.475,410,113.46,139.5252,45.9236,255
552,260.2213,65836,112.4875,379,113.78,139.3333,46.0895,253
553,259.7422,66494,113.075,393,113.65,139.2808,46.0319,256
554,259.5118,65916,112.7375,404,112.73,139.4959,46.0036,254
555,257.1518,66088,113.3375,381,112.5,139.2926,45.9803,257
556,258.7866,65473,113.0625,420,112.8,139.4388,45.9673,253
557,256.7176,67260,112.1625,373,112.64,139.2588,46.1684,262
558,257.9688,66040,112.3375,369,112.88,139.1644,46.2075,256
559,258.3281,66132,112.8,396,113.78,139.1823,46.0425,256
560,256.0395,64778,113.725,403,114.09,139.6157,45.8379,253
561,258.4071,65377,111.475,424,112.24,138.8114,46.2486,253
562,257.9209,65254,111.825,387,114.13,139.0179,46.0178,253
563,260.7804,66499,113.15,401,113.6,139.6124,46.1893,255
564,257.2913,65352,113.35,375,113.79,139.2358,46.1426,254
565,259.0157,65790,113.225,388,113.33,139.3674,46.1365,254
566,257.1797,65838,113.175,396,112.08,139.0648,46.0055,256
567,257.1328,65826,113,371,113.16,139.204,46.1795,256
568,255.9049,67303,113.5375,370,112.9,139.1486,45.9174,263
569,257.965,66297,113.3875,395,112.9,139.1704,45.8848,257
570,258.2795,65603,112.35,375,112.33,138.9411,46.0113,254
571,257.0354,65287,111.975,387,112.66,139.5283,45.9907,254
572,258.253,65338,112.1,403,113.88,138.8267,46.0345,253
573,257.7031,65972,112.2625,377,112.11,139.7983,45.8424,256
574,253.6475,66202,113.1125,382,113,139.5067,45.8339,261
575,258.5787,65679,112.8875,370,113.69,139.2825,46.0681,254
576,256.3633,65629,114.5875,386,113.23,139.1419,46.1753,256
577,257.6008,65173,112.4,371,112.64,139.5825,46.1967,253
578,255.8745,65248,112.725,379,112.32,139.0705,46.1181,255
579,257.5137,65666,112.5,367,113.05,139.2294,45.9789,255
580,257.9409,65517,112.25,371,112.51,139.2395,46.0509,254
581,255.5953,65688,113.6375,365,113.34,138.9695,46.1905,257
582,256.5333,65416,113.7375,367,112.24,139.3494,45.8837,255
583,254.8249,65490,113.025,382,112.09,139.4715,45.7338,257
584,255.1004,66071,113.2,382,112.5,139.0626,46.0292,259
585,254.9261,65516,113.1125,360,112.73,139.1493,46.0414,257
586,255.8217,66002,113.6,376,113.58,139.8039,45.9326,258
587,257.9453,66034,113.6125,377,112.98,139.5554,45.8896,256
588,255.1357,65825,112.1875,376,114.18,139.5251,45.8297,258
589,254.607,65434,112.275,378,113.77,139.052,45.9015,257
590,256.9488,65265,113.0375,381,112.44,139.3504,45.9065,254
591,253.8353,64728,111.875,357,112.79,139.4002,45.6149,255
592,254.1667,65575,112.275,371,112.86,139.4771,45.6783,258
593,257.6206,65178,112.6125,400,111.89,139.9118,45.6387,253
594,255.7782,65735,111.7875,392,112.6,140.0004,45.6357,257
595,257.07,66067,112.4,389,114.45,140.4921,45.5388,257
596,256.8594,65756,112.225,366,111.89,140.6027,45.6419,256
597,259.7961,66248,113,378,114.4,140.4039,45.5186,255
598,256.9234,67057,112.5125,388,113.17,140.2739,45.4091,261
599,258.698,65968,112.3125,379,112.99,140.5592,45.3192,255
600,257.1938,66356,113.4375,365,112.64,140.7359,45.396,258
601,259.6887,66740,112.7375,388,112.81,140.7614,45.1551,257
602,259.9885,67597,112.725,410,112.98,140.459,45.2248,260
603,257.5426,66446,113.5,372,112.94,140.2146,45.5144,258
604,259.7362,65973,112.875,389,112.05,140.4491,45.2134,254
605,258.8084,67549,112.1125,394,111.54,140.4087,45.2846,261
606,259.9494,66807,112.2625,404,112.82,140.4077,45.4143,257
607,259.6078,66200,113.9625,398,113.66,140.3681,45.2587,255
608,259.6039,66199,113.7625,396,113.54,139.8422,45.3896,255
609,258.7899,66509,112.3625,392,112.18,139.8175,45.474,257
610,260.6914,66737,112.7625,399,112.43,139.9909,45.2325,256
611,258.4055,65635,112.5875,383,113.15,139.988,45.5224,254
612,257.2685,66118,112.15,390,111.65,139.9332,45.466,257
613,258.7154,65455,112.9875,399,112.4,139.8354,45.5823,253
614,261.0356,66042,112.1875,368,111.31,139.7742,45.5337,253
615,258.902,66020,112.775,395,111.67,139.8336,45.5587,255
616,260.4431,66413,113.9875,421,113.43,139.7979,45.7723,255
617,259.1186,65557,111.975,392,113.98,139.562,45.7851,253
618,260.9685,66286,113.4375,380,113.55,140.1178,45.408,254
619,257.9572,66295,112.2625,413,113.6,140.0906,45.542,257
620,258.8063,65478,112.625,392,112.41,139.8188,45.4321,253
621,259.9526,65768,112.75,387,113,139.8226,45.5888,253
622,257.4086,66154,113.0625,380,113.12,139.6682,45.5423,257
623,261.9686,66802,112.5375,412,113.86,139.9523,45.4233,255
624,259.0504,66835,112.525,375,112.95,140.233,45.5637,258
625,260.1024,66066,112.025,388,112.54,139.7345,45.6002,254
626,261.0115,67863,112.4375,379,113.1,140.0027,45.3311,260
627,261.4825,67201,111.9375,387,112.82,139.79,45.4878,257
628,259.0038,67341,112.7375,403,113.65,139.8976,45.5435,260
629,259.7043,66744,112,371,112.9,139.6893,45.5887,257
630,259.0039,66046,111.8375,390,113.8,139.5695,45.5608,255
631,263.7725,67262,112.85,415,112.9,139.8213,45.6044,255
632,262.3597,66377,111.675,410,112.77,139.7581,45.3597,253
633,261.3701,66388,113.3875,373,112.54,139.6826,45.4546,254
634,262.5216,66943,112.5125,385,113.3,139.699,45.6327,255
635,259.7315,66751,112.85,373,112.45,140.0422,45.4859,257
636,260.6887,66997,112.8,389,112.35,139.4276,45.7246,257
637,261.4902,66680,112.1375,390,112.69,139.2917,45.6229,255
638,262.5178,66417,112.5125,385,111.89,139.6128,45.6424,253
639,259.8078,66251,111.875,384,112.17,139.6127,45.7214,255
640,265.3086,67919,114.3625,384,113.53,139.979,45.678,256
641,261.457,66933,113.025,382,111.84,139.65,45.4886,256
642,264.2095,66845,112.675,394,113.42,139.5034,45.612,253
643,262.7905,66486,112.625,377,113.14,139.5651,45.8082,253
644,262.9252,66783,112.7875,403,112.11,139.5117,45.7312,254
645,263.7725,67262,113.85,394,112.8,139.5616,45.5217,255
646,263.3992,67957,112.0125,386,113.63,139.6341,45.5945,258
647,261.9567,66537,112.425,385,112.07,140.1205,45.4196,254
648,263.6378,66964,113.15,395,112.88,140.2545,45.4666,254
649,265.1225,67076,113.7875,398,113.55,140.0169,45.2336,253
650,264.1581,66832,111.85,398,112.05,140.5475,45.4265,253
651,264.415,66897,112.7,383,113.57,140.0806,45.3282,253
652,266.0791,67318,112.0625,442,112.49,140.1883,45.5605,253
653,267.4884,69012,112.5,400,112.91,140.1833,45.3975,258
654,267.2174,67606,113.0125,418,113.17,140.649,45.2628,253
655,267.4844,68476,113.8125,410,112.15,139.9554,45.3634,256
656,268.4764,68193,113.1875,377,113.33,139.7051,45.3339,254
657,269.8498,68272,112.6125,386,112.55,139.77,45.1717,253
658,268.6008,67956,112.8,410,112.86,139.8781,45.5136,253
659,267.8784,68309,113.15,399,112.8,140.0612,45.4023,255
660,266.3992,68731,112.9125,422,113.27,139.6667,45.6724,258
661,271.0787,68854,112.2375,393,112.46,139.8084,45.4468,254
662,271.8498,68778,111.775,405,112.49,139.759,45.4265,253
663,269.9249,68291,112.5,396,113.56,140.0424,45.4769,253
664,267.4517,69270,111.4375,388,112.99,139.7605,45.3756,259
665,267.3961,68186,111.975,394,112.37,140.0059,45.5989,255
666,269.6561,68223,112.875,403,113.04,139.8974,45.4603,253
667,267.4766,68474,112.75,422,112.08,139.846,45.559,256
668,267.6911,69332,111.8375,408,113.4,139.9281,45.5939,259
669,268.6211,68767,112.1,383,111.54,139.9817,45.3421,256
670,266.9644,67542,111.625,388,112.83,139.8062,45.5271,253
671,268.5333,68476,112.0875,405,112.96,139.8042,45.45,255
672,265.855,69654,112.65,391,113.42,140.0415,45.5875,262
673,267.4122,70062,112.575,398,113.07,139.6916,45.5642,262
674,268.3083,67882,111.8625,389,113.07,139.7659,45.6365,253
675,266.2812,68168,112.6,437,112.46,139.8339,45.5526,256
676,267.4397,68732,112.1875,374,113.02,139.87,45.3419,257
677,267.6588,68253,112.875,399,112.45,139.7855,45.5968,255
678,266.0745,67849,112.825,375,112.35,139.9783,45.1957,255
679,267.0276,67825,114.275,424,113.73,140.3059,45.2159,254
680,265.4163,68212,113.25,406,113.67,140.1649,45.4049,257
681,267.0039,68353,112.975,402,112.98,140.3795,45.3315,256
682,265.8819,67534,113.2125,395,113.08,140.863,45.3005,254
683,265.3774,68202,114.1125,400,114.09,140.876,45.3554,257
684,265.9409,67549,113.35,394,113.14,140.3399,45.2799,254
685,266.9528,67806,112.5,387,113.22,140.2658,45.2165,254
686,265.9686,67822,111.85,399,113.74,140.9548,45.4303,255
687,267.5157,67949,113.3375,411,112.68,141.0939,45.3024,254
688,265.8696,67265,113.5,385,113.6,141.1944,45.071,253
689,268.1686,68383,112.8375,406,112.73,140.8512,45.0277,255
690,265.6969,67487,111.9375,398,112.59,140.726,45.3005,254
691,266.9219,68332,112.425,383,112.81,140.9999,45.1384,256
692,267.1929,67867,113.375,388,112.91,140.9132,45.252,254
693,268.4609,68726,113.1875,408,113.08,140.6147,45.3621,256
694,266.2706,67899,112.3,395,112.67,140.8111,45.2958,255
695,267.463,68738,113.55,386,112.95,140.8594,45.324,257
696,268.2953,68147,113.3875,402,113.21,140.732,45.2751,254
697,268.8898,68298,111.675,441,113.58,140.6879,45.2222,254
698,267.5455,67689,113.175,382,112.92,140.8663,45.3914,253
699,266.3228,67646,113.2875,393,112.72,140.5179,45.2722,254
700,266.126,67596,113.1,406,113.88,140.6616,45.2585,254
701,267.8419,67764,112.85,387,112.88,140.6319,45.5351,253
702,266.4766,68218,111.7,393,112.02,140.199,45.6421,256
703,267.4387,67662,112.85,384,113.58,140.2984,45.5282,253
704,268.1739,67848,112.175,385,113.33,140.1762,45.4319,253
705,268.7795,68270,113.0875,390,112.59,140.0292,45.4825,254
706,268.4055,68175,111.6,421,113.3,139.9805,45.4522,254
707,268.7773,68807,112.325,418,113.59,140.6225,45.4457,256
708,270.2205,68636,113.3875,437,113.39,140.4688,45.4212,254
709,266.417,69002,112.7375,395,112.17,140.5311,45.5002,259
710,266.9051,67527,112.675,400,113.4,140.5349,45.3839,253
711,267.5059,67679,113.025,416,113.27,140.4914,45.3916,253
712,268.4297,68718,112.5625,437,112.26,140.5383,45.149,256
713,266.752,67755,113.0875,407,113.24,140.6765,45.1741,254
714,268.2253,67861,112.6125,441,112.2,141.3088,45.0458,253
715,266.549,67970,113.0875,394,112.02,141.0586,45.1494,255
716,268.418,68715,112.75,411,113.52,141.1635,44.9423,256
717,267.5731,69569,113.1875,402,113.25,141.3618,44.7777,260
718,265.9453,68082,113.175,438,112.52,141.725,44.6915,256
719,267.3083,67629,112.25,412,112.45,141.8271,44.6187,253
720,266.1984,68413,111.6625,412,112.57,141.7376,44.7721,257
721,266.8071,67769,112.525,384,113.19,142.2921,44.7267,254
722,268.1858,67851,112.5875,427,113.31,141.6755,44.695,253
723,266.7829,68830,112.1,417,113.2,141.9218,44.6846,258
724,267.5273,68487,113.1,415,112.33,142.0762,44.7015,256
725,267.1673,68662,112.3875,412,113.68,141.9728,44.7431,257
726,266.9094,67795,112.5,430,112.62,141.8283,44.6133,254
727,269.7412,68784,111.475,431,112.73,141.9367,44.8588,255
728,268.8819,68296,111.95,420,112.04,142.1919,44.6068,254
729,269.4902,68720,112.7875,412,113.53,142.0763,44.6939,255
730,268.7656,68804,112.35,451,112.84,142.0748,44.5887,256
731,269.0745,68614,112.0375,400,112.32,141.9814,44.6752,255
732,268.4528,68187,112,406,112.61,142.1991,44.5724,254
733,269.1333,68629,112.8125,392,112.2,141.9816,44.6839,255
734,268.1953,68658,112.675,405,113.18,142.4926,44.6815,256
735,267.7816,69891,113.525,396,113.66,142.246,44.8098,261
736,272.7441,69277,113.4375,400,112.84,142.1669,44.656,254
737,270.0745,68869,111.775,417,113.96,141.939,44.7174,255
738,269.8682,69626,111.7625,398,112.73,142.6583,44.4371,258
739,271.8863,69331,112.2375,447,112.33,142.1279,44.4734,255
740,272.3216,69442,112.5625,408,113.22,142.3994,44.4825,255
741,270.9922,69916,111.8125,418,112.85,142.5072,44.597,258
742,272.1776,70494,112.55,413,112.18,142.5694,44.6517,259
743,272.3191,69986,111.9625,413,113.4,142.8493,44.4659,257
744,273.9447,69308,114.3625,400,113.32,142.536,44.5498,253
745,271.8359,69590,112.2625,405,113.45,142.7643,44.6903,256
746,271.4055,68937,112.4125,402,113.47,142.751,44.5406,254
747,273.6087,69223,112.9125,461,113.39,143.0456,44.5915,253
748,272.9803,69337,112.85,421,112.36,143.0444,44.4415,254
749,270.716,69574,112.7875,429,113.5,143.0102,44.416,257
750,271.2016,68614,112,417,113.03,142.8924,44.4612,253
751,270.9529,69093,111.525,422,112.69,143.0487,44.6462,255
752,271.6482,68727,112.2125,413,112.58,142.8153,44.6128,253
753,272.6522,68981,112.6375,424,112.48,143.0215,44.5153,253
754,272.3961,69461,112.775,407,113.13,143.1118,44.657,255
755,269.6163,69561,112.5375,410,113.36,143.2396,44.5391,258
756,269.834,68268,114.1625,424,113.17,143.1984,44.4705,253
757,270.8307,68791,112.4375,442,113.46,143.6016,44.3871,254
758,269.8784,68819,111.6,425,113.2,143.6254,44.5288,255
759,271.8549,69323,113.3625,414,112.69,143.9806,44.3557,255
760,269.4773,71142,113.1125,420,112.25,144.1886,44.337,264
761,270.6063,68734,112.1,394,112.56,143.771,44.2231,254
762,273.1383,69104,111.7875,431,112.48,143.6467,44.375,253
763,269.3074,69212,112.9,416,112.6,143.5879,44.3617,257
764,273.6299,69502,113.1,418,112.94,143.2574,44.4721,254
765,273.5547,70030,113.025,411,112.34,143.2691,44.3296,256
766,274.5551,69737,113.375,428,113.71,143.2848,44.4197,254
767,273.418,69995,113.5,421,112.69,142.9988,44.4087,256
768,271.6047,68716,113.525,423,112.89,142.7482,44.6121,253
769,268.6484,68774,112.725,424,112.26,142.6499,44.6082,256
770,268.7137,68522,112.6125,431,112.37,142.7862,44.6682,255
771,269.3755,68152,111.7375,436,112.24,142.5386,44.5552,253
772,269.1602,68905,112.125,407,112.92,142.8397,44.5307,256
773,269.0853,69424,112.95,406,113.49,142.8296,44.4768,258
774,267.1284,68652,112.5125,408,113.2,142.1944,44.7422,257
775,268.2126,68126,113.375,414,113.84,142.5505,44.3323,254
776,267.6314,68246,112.6375,388,113.01,143.0787,44.542,255
777,268.6339,68233,113.275,427,113.29,143.067,44.3932,254
778,265.0353,67584,112.8,397,113.17,143.057,44.423,255
779,265.8656,67264,112.1875,429,112.33,142.9651,44.4995,253
780,265.5,68499,113.7875,398,113.93,143.0376,44.4921,258
781,264.9567,67299,112.9625,407,111.86,142.9216,44.6338,254
782,266.6031,68517,112.4125,410,112.58,142.9087,44.5786,257
783,263.1289,67361,113.95,409,112.93,143.0986,44.6144,256
784,265.898,67804,112.8375,412,111.96,143.208,44.6287,255
785,267.6615,68789,113.35,387,113.9,142.7702,44.7018,257
786,267.5945,67969,111.825,446,113.68,142.4176,44.6995,254
787,266.9373,68069,112.2875,392,113.69,142.8195,44.4756,255
788,266.8471,68046,111.8875,399,112.04,142.1367,44.9058,255
789,267.1575,67858,112.1625,420,112.99,142.4236,44.784,254
790,264.3202,66873,112.225,389,112.77,142.1776,44.7787,253
791,266.6575,67731,111.025,406,112.91,142.0255,44.7996,254
792,268.0934,68900,111.45,411,112.46,142.1518,44.717,257
793,266.5328,69032,112.5125,424,112.64,141.7833,44.9669,259
794,268.6417,68235,112.8375,408,113.31,141.9949,44.7652,254
795,265.8745,67798,111.6,398,112.93,142.0532,44.7875,255
796,266.2227,68153,112.2875,423,112.24,142.0453,44.888,256
797,266.707,68277,112.2625,402,112.01,141.9458,44.7805,256
798,267.7905,67751,113,393,112.14,142.5139,44.9703,253
799,265.8118,67782,111.6,394,113.11,142.2602,44.6125,255
800,264.5992,68002,113.5125,400,113.42,142.2067,44.7201,257
801,263.8755,67816,112.2125,388,112.13,142.1621,44.6755,257
802,264.4688,67704,112.15,404,112.75,141.5798,44.611,256
803,265.6706,67746,113.05,399,113.18,141.9427,44.9267,255
804,263.0625,67344,113.15,402,114.05,141.9696,44.7145,256
805,264.3984,67686,112.125,404,112.83,141.5855,44.9403,256
806,266.0863,67852,112.6,406,112.73,141.6523,44.9732,255
807,265.2314,67634,112.2625,426,112.99,141.7849,44.7989,255
808,263,66802,113.7125,387,112.6,141.4148,44.8156,254
809,266.8701,67785,111.1375,405,111.94,141.0884,44.8956,254
810,264.3047,67662,111.6,423,112.46,141.0955,45.0035,256
811,265.8661,67530,112.2125,400,113.04,140.8564,45.0024,254
812,265.9922,68626,112.9875,386,112.92,141.0394,45.1899,258
813,265.7946,68575,112.3125,417,112.98,141.1722,45.1024,258
814,264.6615,68018,112.8125,405,113.53,141.3364,44.9549,257
815,265.0711,67063,112.0375,376,113.46,141.451,45.0157,253
816,265.6498,68272,112.85,405,114.46,141.2283,45.1074,257
817,265.5315,67445,112.1875,400,112.18,141.0868,45.1556,254
818,265.6693,67480,112.3375,401,113.19,141.6422,45.0588,254
819,264.8893,67017,111.45,392,112.57,141.9484,44.8473,253
820,267.1569,68125,112.475,414,113.65,141.6982,44.735,255
821,265.6561,67211,111.75,421,112.75,141.8387,44.9017,253
822,264.7569,67513,112.0875,403,113.19,141.7091,44.9531,255
823,264.019,69437,112.6875,410,113.03,141.8224,45.0472,263
824,266.419,67404,113.0375,390,112.92,141.5639,45.0517,253
825,264.5331,67985,112.2625,384,113.41,142.1461,45.0794,257
826,264.2857,68450,112.7625,404,112.46,141.669,45.1293,259
827,265.6824,67749,112.825,404,111.47,141.4135,45.0922,255
828,262.6417,66711,112.3,396,112.35,141.4908,44.9929,254
829,264.8745,67543,114.3375,409,114.09,141.3063,45.2296,255
830,263.1628,67896,112.975,404,111.94,141.519,45.139,258
831,266.415,67403,112.3125,404,113.01,141.542,45.0473,253
832,265.4941,67701,112.4125,399,112.21,141.3966,45.1758,255
833,265.082,67861,112.275,411,112.35,141.7851,44.976,256
834,268.5099,67933,113.1625,387,113.16,141.3213,44.9459,253
835,267.043,68363,113.125,386,111.88,141.425,44.9683,256
836,266.4,67932,112.65,387,112.32,141.5661,45.0414,255
837,265.2598,67376,112.6,392,112.36,141.8205,44.8391,254
838,265.1047,68397,112.4375,393,113.96,141.453,45.0116,258
839,266.8142,67504,112.5625,391,112.67,142.0133,44.8178,253
840,266.6181,67721,112.1375,395,112.95,142.0106,44.8211,254
841,266.6443,67461,112.7125,395,113.18,142.16,44.8767,253
842,265.5703,67986,113.1375,401,112.91,142.0122,44.7638,256
843,266.7273,67482,114.15,391,112.28,142.1603,44.7566,253
844,264.6522,66957,113.875,390,112.33,142.5207,44.6153,253
845,265.6031,68260,111.6875,394,112.65,142.2767,44.6722,257
846,263.5736,68002,112.4375,404,111.95,142.0556,44.6721,258
847,264.3411,68200,112.95,381,112.52,141.8621,44.8442,258
848,265.0553,67059,112.2375,372,112.36,141.8495,44.89,253
849,266.8261,67507,111.8625,393,112.02,141.5991,45.0384,253
850,266.2941,67905,114.075,394,112.44,141.9616,44.9409,255
851,263.6614,66970,112.1125,430,113.02,142.0538,44.8991,254
852,267.5512,67958,112.9,405,113.13,142.0436,44.9078,254
853,263.7273,66723,113.8125,392,113.75,141.5932,45.1187,253
854,263.4375,67440,112.5125,384,111.96,141.981,45.0656,256
855,264.8062,68320,112.3875,419,112.84,142.0568,45.1314,258
856,267.4414,68465,111.2,419,112.71,141.897,45.0004,256
857,267.2727,67620,113.1625,395,113.75,141.6643,45.276,253
858,268.0315,68080,112.5,415,112.69,141.7234,45.1528,254
859,267.376,68983,114,416,113.91,141.2985,45.4036,258
860,265.349,67664,112.3875,407,113.47,141.1126,45.2534,255
861,268.2588,68406,113.075,397,113.65,141.2753,45.2474,255
862,265.0618,68651,111.6625,389,112.45,140.7647,45.5274,259
863,266.3636,67390,112.1875,413,112.91,140.3864,45.4237,253
864,267.9764,68066,111.8625,406,112.33,140.36,45.6053,254
865,265.7205,67493,112.275,387,111.87,140.1035,45.5727,254
866,267.1922,68134,112.4,428,113.56,139.668,45.9195,255
867,266.3083,67376,113.25,372,112.52,139.8507,45.5543,253
868,264.902,67550,112.5375,385,112.17,139.5718,45.6211,255
869,265.0117,67843,111.2625,382,112.71,139.9175,45.7614,256
870,265.8039,67780,112.55,410,112.96,139.6709,45.7477,255
871,263.7461,67519,112.2625,409,113.03,139.6407,45.8501,256
872,261.3004,68722,112.175,366,113.09,139.6419,46.1505,263
873,264.6047,66945,112.3625,383,112.59,139.4313,45.7571,253
874,263.4449,66915,112.275,395,112.08,139.5346,45.9343,254
875,265.3386,67396,112.275,382,112.19,139.4562,45.7856,254
876,265.2148,67895,113.175,386,113.02,139.6317,45.7988,256
877,263.3386,66888,112.45,403,113.5,139.3996,46.1779,254
878,264.9684,67037,112.6,390,112.72,139.3038,46.0887,253
879,264.0698,68130,112.425,375,113.32,139.0754,46.0563,258
880,264.6126,66947,111.7875,374,112.88,139.0905,45.8009,253
881,265.293,67915,112.8875,366,112.36,139.6705,46.1064,256
882,266.1098,67858,112.45,407,112.48,138.8088,46.1101,255
883,262.2374,67395,111.725,385,113.42,138.8688,46.1614,257
884,266.2569,67363,114.3,388,113.79,139.0837,46.0555,253
885,262.2095,66339,111.825,375,112.67,139.495,46.0301,253
886,262.4585,66402,111.95,384,113.23,139.459,45.9282,253
887,262.7843,67010,111.175,388,112.12,139.378,46.0104,255
888,262.7946,67801,113.1125,397,111.98,139.2739,45.8254,258
889,263.7882,67266,111.0375,369,112.74,139.7674,45.6607,255
890,263.5534,66679,111.8875,401,112.16,140.3952,45.449,253
891,261.9531,67060,112.025,408,113.22,140.3596,45.3565,256
892,263.4764,66923,111.85,397,113.2,141.0346,45.3239,254
893,262.5415,66423,113.15,392,112.95,140.6117,45.4073,253
894,263.0469,67340,112.9375,410,111.85,141.0406,45.4184,256
895,260.916,68360,112.3375,387,112.65,140.9457,45.4688,262
896,263.6102,66957,113.0125,398,113.29,141.1133,45.1724,254
897,265.0709,67328,112.6625,378,112.51,140.8878,45.3942,254
898,261.2885,67935,112.95,388,112.95,140.8935,45.5221,260
899,262.7004,67514,111.975,392,112.75,140.6761,45.424,257
900,263.098,67090,111.1625,407,112.96,141.1775,45.1511,255
901,263.0627,67081,111.5375,408,113.7,141.0961,45.2906,255
902,262.5625,67216,112.75,371,112.88,141.0419,45.3724,256
903,265.3715,67139,112.1625,367,112.68,140.696,45.2358,253
904,263.3333,67150,112.5,373,111.72,141.7194,45.2111,255
905,262.5098,66940,112.5,382,113.21,141.4777,44.9082,255
906,265.1323,68139,112.7625,398,112.16,141.9983,44.8882,257
907,263.7354,67780,113.2125,384,112.72,141.8261,44.8662,257
908,263.9213,67036,112.5125,384,112.44,142.0324,44.6718,254
909,263.2332,66598,112.9625,392,111.8,141.5574,44.9783,253
910,265.3008,67917,113,406,113.63,141.8957,44.7144,256
911,263.9151,68354,113.4625,406,113.88,142.0858,44.8867,259
912,263.3451,67153,112.85,409,112.91,142.0616,44.7368,255
913,265,67310,111.225,375,112.89,142.4205,44.8209,254
914,264.6824,67494,112.3125,382,111.74,142.275,44.9766,255
915,264.2031,67636,113.1625,392,111.58,142.3507,44.7027,256
916,264.965,68096,112.8,399,112.84,142.2614,44.9016,257
917,262.1976,66336,111.95,398,112.52,142.2827,44.8614,253
918,264.6719,67756,111.9125,375,111.2,142.3378,44.8549,256
919,262.1739,66330,112.3,403,112.15,142.3983,44.7401,253
920,263.9016,67031,111.8125,395,111.7,142.1685,44.7631,254
921,263.5906,66952,112.9125,381,112.71,142.2027,44.8533,254
922,263.4471,67179,112.05,393,113,142.4135,44.7767,255
923,262.8093,67542,112.325,378,111.1,142.3323,44.8469,257
924,263.5078,67458,112.325,403,112.25,142.6511,44.9721,256
925,263.1589,67895,112.15,389,112.42,142.3567,44.758,258
926,265.3843,67673,111.75,405,112.07,142.7278,44.632,255
927,264.5157,67187,112.875,384,112.81,142.3773,44.8591,254
928,263.1575,66842,111.825,381,112.91,141.9019,45.0838,254
929,262.7402,66736,112.225,388,112.31,141.8012,44.9523,254
930,262.4229,66393,112.4375,390,112.78,141.2499,45.2718,253
931,262.0426,67607,111.6375,385,113.14,140.9673,45.2772,258
932,263.1836,67375,112.6375,405,113.26,140.5982,45.5085,256
933,265.3307,67394,112.775,373,112.99,140.1624,45.8566,254
934,263.2362,66862,112.3375,373,111.9,140.3447,45.6894,254
935,261.4706,66675,112.85,399,111.61,139.7686,45.9489,255
936,259.8659,67825,112.6,399,111.57,139.6223,46.1377,261
937,262.4219,67180,112.6625,370,113,139.1933,45.8647,256
938,260.4341,67192,111.9875,364,112.84,139.3352,45.9389,258
939,260.6206,65937,112.675,363,112.33,139.1075,46.2201,253
940,261.5354,66430,112.45,390,113.03,139.1648,46.0715,254
941,259.7121,66746,112.1125,378,113.36,138.7989,46.0957,257
942,261.751,66223,112.65,380,111.71,138.148,46.3522,253
943,261.3255,66638,112.7375,384,112.14,137.7832,46.5578,255
944,260.0945,66064,111.6375,359,112.43,137.005,46.9125,254
945,263,66802,113.2625,374,114.31,137.107,47.1116,254
946,262.689,66723,111.9375,383,111.91,137.4637,47.0782,254
947,260.6102,66195,112.825,364,112.35,138.084,46.8884,254
948,261.3176,66636,112.3125,390,112.22,138.8587,46.647,255
949,263.3268,66885,112.0375,388,113.58,141.6774,45.97,254
950,264.1783,68158,113.1125,403,112.48,143.5481,45.4752,258
951,264.9723,67038,111.2,385,113.27,144.1263,45.3921,253
952,264.3715,66886,112.05,372,112.44,144.7421,45.313,253
953,261.8549,66773,112.1875,377,112.46,144.9105,45.0042,255
954,262.7198,67519,112.6125,400,111.97,145.3321,44.8885,257
955,259,66045,112.6,362,111.93,145.6676,44.7154,255
956,262.9961,67590,113.0625,384,113.39,145.9763,44.6316,257
957,261.996,66285,113.05,388,112.62,146.1976,44.5547,253
958,265.6126,67200,113.875,385,112.77,145.5902,44.7749,253
959,262.5869,68010,113.375,374,113.2,145.5351,44.8368,259
960,263.1843,67112,111.8,388,113.63,145.7529,44.6638,255
961,263.4805,67451,112.325,404,112.31,145.4798,44.9069,256
962,263.4921,66927,112.2375,386,112.58,145.7229,44.5018,254
963,264.7969,67788,112.875,391,111.71,145.698,44.806,256
964,263.5349,67992,113.2,380,112.53,145.7176,44.6148,258
965,266.0158,67302,112.4625,385,113.55,145.4033,44.5855,253
966,263.315,66882,111.55,380,112.77,145.5387,44.9478,254
967,264.2529,67913,113,380,112.61,145.704,44.9669,257
968,262.8071,66753,112.45,395,113.27,145.5669,44.8314,254
969,264.5,68241,112.975,387,112.41,145.5305,44.8618,258
970,261.6298,68547,112.1125,391,112.02,145.6694,44.8426,262
971,265.6078,67730,113.6875,375,113.35,145.5159,44.6802,255
972,264.9763,67039,112.3125,403,112.6,145.5116,44.6894,253
973,264.3518,66881,113.7875,390,112.64,145.0841,44.8683,253
974,262.7913,66749,111.5,401,111.63,145.338,44.8935,254
975,264.0934,67872,112.0375,397,112.27,145.268,45.079,257
976,264.93,68087,113.3875,385,112.83,145.3368,44.9318,257
977,264.9115,68877,112.45,374,111.5,145.0415,44.9805,260
978,267.1621,67592,112.375,405,112.5,145.4937,44.8576,253
979,265.6498,68272,112.725,398,112.64,145.0289,44.9044,257
980,263.0195,67596,113.2375,382,112.21,145.2428,45.0076,257
981,264.4941,66917,114.4125,404,112.53,145.1968,44.7173,253
982,264.2674,68181,112.6375,399,111.9,145.2461,44.6055,258
983,266.9921,67549,112.15,394,111.99,145.008,44.7923,253
984,264.5669,67200,112.1875,384,111.97,145.1376,44.9271,254
985,266.2165,67619,112.3,403,111.54,144.9832,44.8931,254
986,262.5373,66947,111.95,399,112.74,145.0539,44.8861,255
987,267.2188,68408,113.2,383,112.61,145.3129,44.6824,256
988,264.8504,67272,112.125,386,112.28,145.3362,44.7661,254
989,262.9883,67588,112.975,373,112.34,145.4615,44.6765,257
990,264.7087,67236,111.625,373,111.59,145.0013,44.7781,254
991,265.1569,67615,111.775,392,112.48,145.4592,44.4957,255
992,266.2706,67899,111.15,383,112.2,145.1359,44.746,255
993,264.1284,67881,111.325,379,112.62,145.607,44.4425,257
994,265.4258,67949,112.275,378,112.02,145.2715,44.8571,256
995,263.6471,67230,112.0125,385,112.42,145.2338,44.8109,255
996,264.5097,67979,112.925,394,113.46,145.3538,44.6059,257
997,263.4039,67168,113.3,380,111.72,145.86,44.7216,255
998,265.5257,67178,113.175,375,112.17,145.2323,44.5155,253
999,266.748,67754,112.425,380,114.57,145.0655,44.8209,254
1000,265.3216,67657,113.525,381,113.92,145.5147,44.6932,255
1001,267.0514,67564,111.9625,393,112.95,145.2647,44.8604,253
1002,264.1614,67097,111.575,377,112.7,145.3096,44.6908,254
1003,263.8538,66755,113.0125,381,112.01,145.1445,44.674,253
1004,264.4291,67165,110.75,371,112.3,145.2552,44.6288,254
1005,264.7954,68582,112.65,385,112.28,145.4856,44.4426,259
1006,264.7954,68582,111.925,387,111.92,145.1554,44.499,259
1007,264.1751,67893,113.35,387,112.43,145.561,44.6015,257
1008,264.8444,68065,112.4625,380,113.34,145.327,44.8345,257
1009,264.1206,67879,112.7875,383,112.23,145.4786,44.9246,257
1010,266.4783,67419,113.325,398,111.79,145.2806,44.8278,253
1011,263.2148,67383,113.025,381,112.41,145.7547,44.6265,256
1012,264.7852,67785,112.6375,386,111.89,145.3173,44.778,256
1013,267.6245,67709,112.9,381,111.29,145.4304,44.6444,253
1014,266.9216,68065,112.4625,380,112.47,145.5238,44.7279,255
1015,263.8953,68085,113.4625,386,111.71,145.2713,44.7502,258
1016,264.451,67435,112.5,394,111.78,145.3718,44.6641,255
1017,265.9373,67814,113.1,387,111.98,145.569,44.5959,255
1018,265.9725,67823,113.15,401,111.96,145.5626,44.5515,255
1019,266.0157,67834,112.1875,403,111.6,145.3929,44.6651,255
1020,264.3858,67154,111.4625,401,113.05,145.4431,44.7862,254
1021,264.7945,66993,112.625,382,113.96,144.9121,44.8489,253
1022,266.0706,67848,113.7375,410,113.63,145.1307,44.5735,255
1023,266.5731,67443,111.8,403,112.77,145.0481,44.8376,253
1024,263.7915,68322,112.4625,392,111.98,145.1869,44.8765,259
1025,266.3913,67397,112.9125,391,112.84,145.0589,44.8209,253
1026,264.8379,67004,113.0375,388,111.82,145.2577,44.7279,253
1027,263.0859,67350,111.325,401,112.08,144.7978,44.821,256
1028,265.5486,68246,113.2,395,112.99,145.1666,44.6347,257
1029,264.0973,67873,113.1,401,113.04,145.2758,44.8036,257
1030,265.5953,68258,112.5125,394,112.61,144.8043,44.9007,257
1031,265.4241,68214,112.5125,381,112.31,144.6965,45.0302,257
1032,264.9494,68092,112.1875,402,111.89,144.4178,45.2112,257
1033,265.6693,67480,112.3875,392,111.94,144.4092,45.0211,254
1034,266.0902,67853,112.925,406,112.43,144.4318,44.9603,255
1035,269.2806,68128,110.9875,374,112.19,144.1847,45.129,253
1036,269.3992,68158,111.875,401,111.69,144.0659,45.3108,253
1037,269.0316,68065,112.925,418,113.01,144.3062,45.2229,253
1038,269.8577,68274,112.7,393,113.07,144.3005,45.2295,253
1039,268.9922,68862,111.3625,412,111.69,144.4726,45.3218,256
1040,267.5853,69037,113.9,423,112.81,144.4951,45.2243,258
1041,272.9059,69591,112.6375,386,112.78,143.9619,45.362,255
1042,269.8054,69340,111.9,407,112.15,143.6699,45.5433,257
1043,270.2824,68922,113.0875,439,112.48,143.883,45.3823,255
1044,268.1202,69175,112.9,403,112.6,144.0372,45.3879,258
1045,270.0514,68323,112.45,378,112.78,144.0819,45.4847,253
1046,269.1172,68894,113.2,380,112.99,143.8865,45.5099,256
1047,265.5134,69299,112,408,112.16,143.8281,45.6299,261
1048,268.9842,68053,113.4625,393,112.39,143.5101,45.6256,253
1049,267.7109,68534,112.5625,395,112.71,143.7556,45.745,256
1050,267.6443,67714,112.6,401,112.16,143.2906,45.7864,253
1051,266.3333,67915,112.85,393,112,143.0116,45.5313,255
1052,267.1512,68925,111.65,380,113.7,143.4435,45.6241,258
1053,266.2695,68165,112.075,407,111.73,143.2841,45.6328,256
1054,267.2016,67602,112.3625,406,112.37,143.1251,45.7545,253
1055,265.9608,67820,112.45,394,112.67,143.5545,45.7371,255
1056,265.4213,67417,111.4625,383,112.99,143.0151,45.5323,254
1057,265.3794,67141,111.9375,391,111.8,143.3139,45.796,253
1058,263.6564,68287,112.5,382,112.19,143.5502,45.5486,259
1059,262.6719,66456,112.35,370,111.77,143.3843,45.4979,253
1060,265.4664,67163,112.9,394,112.96,143.2145,45.7049,253
1061,262.144,67371,112.1375,394,112.12,143.343,45.6853,257
1062,263.8425,67016,113.1125,392,112.5,143.389,45.6265,254
1063,260.9122,68359,111.45,378,112.28,143.2676,45.7718,262
1064,262.364,68477,111.275,400,112.99,142.921,45.6843,261
1065,263.437,66913,112.35,375,111.89,143.3886,45.7143,254
1066,265.0119,67048,112.8,396,113,143.0801,45.6295,253
1067,266.1739,67342,112.65,364,112.06,143.4679,45.5717,253
1068,265.2162,68691,112.475,389,112.41,143.3102,45.5673,259
1069,267.1875,68400,113.5,383,112.77,143.6344,45.47,256
1070,269.937,68564,112.1875,399,112.44,143.1807,45.6771,254
1071,268.626,68231,112.6125,390,112.04,143.3619,45.5764,254
1072,265.4492,67955,113.0875,385,113.16,143.5518,45.6383,256
1073,268.0156,68880,112.8,385,112.71,143.2297,45.5893,257
1074,268.581,67951,112.5375,400,112.62,143.0978,45.561,253
1075,266.6693,67734,113.75,386,113.03,143.2096,45.5921,254
1076,269.8577,68274,111.8875,379,112.76,143.2788,45.5777,253
1077,268.1423,67840,112.0125,396,112.37,143.6634,45.4429,253
1078,267.4822,67673,111.7875,389,112.02,143.3122,45.5964,253
1079,266.9685,67810,111.525,375,111.7,143.2351,45.6396,254
1080,266.6719,67468,112.4125,385,111.87,143.1808,45.5524,253
1081,268.8937,68299,111.75,386,112.43,143.1846,45.645,254
1082,266.2677,67632,111.9,382,112.49,143.2313,45.7538,254
1083,268.4921,68197,112.825,380,112.54,143.5486,45.4303,254
1084,266.3399,67384,112.1625,387,112.46,142.9497,45.6838,253
1085,266.4291,67673,111.85,399,112.81,143.2142,45.5903,254
1086,265.8171,68315,112.4,382,113.06,143.3772,45.6341,257
1087,264.3307,67933,111.7625,398,111.66,143.6577,45.5954,257
1088,268.3953,67904,111.4125,405,111.24,143.2502,45.6245,253
1089,265.9091,67275,111.5375,389,112.36,143.288,45.5936,253
1090,268.5099,67933,113.1,403,112.32,143.2669,45.78,253
1091,266.1992,68147,112.85,410,112.33,143.2526,45.6202,256
1092,263.7598,66995,111.4375,386,112.78,143.1341,45.6784,254
1093,265.8854,67269,112.1875,375,111.82,143.0138,45.7428,253
1094,264.9565,67034,111.7,405,112.29,143.454,45.5789,253
1095,263.9249,66773,112.5,392,112.65,143.2936,45.8005,253
1096,264.0775,68132,110.95,391,112.55,143.278,45.8614,258
1097,262.7645,68056,112.1,364,112.52,143.1244,45.6785,259
1098,265.6304,68267,112.2375,381,112.28,143.2071,45.6838,257
1099,262.9535,67842,111.825,430,112.32,143.1765,45.6635,258
1100,264.0695,68394,112.95,387,112.52,143.3457,45.6922,259
1101,269.4941,68182,112.7,393,111.74,143.4015,45.5691,253
1102,268.374,68167,112.525,395,112.48,142.8632,45.6031,254
1103,267.8062,69094,112.3125,399,112.02,143.2395,45.8434,258
1104,269.3086,68943,112.025,394,112.59,142.9712,45.7634,256
1105,268.7962,69887,112.0875,406,111.49,142.9541,45.7596,260
1106,267.7891,68554,112.15,387,113.62,143.291,45.6572,256
1107,269.4213,68433,112.425,392,112.15,143.3459,45.5527,254
1108,269.5642,69278,112.55,386,112.11,142.9217,45.6757,257
1109,269.0039,68865,110.8,387,112.82,143.2048,45.6715,256
1110,269.3385,69220,113.4375,392,111.64,143.4306,45.6607,257
1111,268.7617,68803,113.2375,408,112.34,143.2318,45.5921,256
1112,268.9848,70743,112.3875,399,113.66,143.5854,45.5858,263
1113,271.1344,68597,111.7875,381,112.44,143.2245,45.7385,253
1114,271.8984,69606,111.8875,444,112.46,143.2014,45.6761,256
1115,269.7756,68523,113.4,393,112.1,143.1003,45.8125,254
1116,272.5349,70314,113.7875,392,113.71,143.3721,45.4897,258
1117,271.1395,69954,112.175,406,112.43,143.2355,45.7933,258
1118,273.6969,69519,111.9375,403,112.14,143.4019,45.575,254
1119,277.1067,70108,113.3875,448,113.75,142.778,45.8692,253
1120,275.0934,70699,112.3,413,113.02,143.1467,45.6556,257
1121,273.7269,71169,111.7625,403,112.51,143.0957,45.6845,260
1122,273.716,70345,111.4125,420,112.77,143.0977,45.8178,257
1123,273.3804,69712,111.7,411,113.05,142.8411,45.5751,255
1124,277.004,70082,112.425,401,112.73,142.6129,45.5814,253
1125,275.2688,69643,111.8125,426,112.19,142.8717,45.7956,253
1126,273.1339,69376,112.5625,405,113.24,142.7052,45.8675,254
1127,273.7795,69540,111.2625,390,112.89,142.7278,45.744,254
1128,273.7176,69798,113.1875,397,111.49,142.6198,45.8184,255
1129,270.9341,69901,111.5875,401,112.32,142.448,45.9008,258
1130,273.302,69692,112,418,111.77,142.9231,45.833,255
1131,272.6667,69530,112.0375,408,112.31,142.9416,45.9398,255
1132,273.3789,69985,112.3625,407,111.9,142.8126,45.6992,256
1133,269.4314,68705,111.4,401,112.33,142.9987,45.7898,255
1134,271.0541,70203,112.375,407,111.81,142.6899,45.8188,259
1135,270.3541,69481,112.3375,409,111.87,142.7804,45.9441,257
1136,268.5843,68489,113.125,391,111.68,142.7815,45.8528,255
1137,266.4591,68480,112.4875,370,111.61,142.677,45.7038,257
1138,268.4805,68731,112.1125,403,112.01,142.8339,45.6838,256
1139,266.7364,68818,112.1875,386,112.71,142.6713,45.9423,258
1140,265.0197,67315,112.9625,391,112.94,142.8481,45.6723,254
1141,264.9764,67304,112.6375,381,112.67,143.0575,45.793,254
1142,263.9612,68102,112.275,398,112.59,142.8509,45.6619,258
1143,265.0949,67069,111.7875,366,112.16,142.7087,45.9167,253
1144,262.6758,67245,112.0625,381,111.55,142.6212,46.0688,256
1145,264.8549,67538,112.0625,387,112.44,142.7215,45.8718,255
1146,264.3125,67664,113.7625,403,113.56,143.0625,45.6137,256
1147,266.2411,67359,113.9875,390,112.74,142.7196,45.8703,253
1148,262.5984,66700,111.6375,380,112.64,142.9237,45.8818,254
1149,261.5923,68014,112.2625,381,112.26,142.8685,45.7961,260
1150,262.25,67136,112.15,391,112.55,142.8266,45.746,256
1151,263.918,67563,111.3875,426,111.17,142.7142,45.8669,256
1152,263.5765,67212,113.7875,374,113.55,142.6324,45.9082,255
1153,262.1323,67368,112.725,385,112.91,142.6803,45.919,257
1154,263.1265,66571,112.725,369,112.72,142.4954,46.0128,253
1155,262.6094,67228,113.125,383,113.04,142.8281,45.8769,256
1156,266.9961,68084,112.05,394,111.69,142.4059,46.0585,255
1157,262.668,67243,112.6375,379,112.79,142.4507,45.9433,256
1158,264,67056,113.05,400,112.42,142.3376,45.8831,254
1159,265.0667,67592,112.5,409,112.78,142.5693,45.803,255
1160,266.3333,67915,112.225,396,111.63,142.5917,45.8985,255
1161,265.332,67129,111.65,375,112.47,142.6305,46.0829,253
1162,263.9647,67311,111.925,371,112.35,142.8073,45.9438,255
1163,265.6614,67478,112.0625,364,112.52,142.2925,46.0206,254
1164,266.7638,67758,112.5875,377,112.91,142.5198,46.171,254
1165,265.3583,67401,112.95,378,112.73,142.3634,45.8753,254
1166,266.9688,68344,111.6,399,112.76,142.297,45.9778,256
1167,266.5748,67710,112.875,394,112.69,142.3495,45.9642,254
1168,263.6322,68808,111.6625,393,112.83,142.4991,45.8764,261
1169,267.9535,69132,111.6125,391,112.67,142.2417,46.0346,258
1170,266.5753,69043,112.425,378,112.49,142.429,46.0182,259
1171,266.3031,67641,112.3625,377,113.2,142.7838,46.1026,254
1172,267.1569,68125,112.4125,401,112,142.4434,46.0684,255
1173,269.0354,68335,113.0375,415,112.33,142.459,45.849,254
1174,268.3622,68164,111.7375,385,112.4,142.5115,45.9849,254
1175,267.749,68276,112.85,377,112.38,142.1237,45.9486,255
1176,269.1621,68098,111.8875,415,111.61,142.282,46.0061,253
1177,269.3398,68951,112.5,390,111.32,142.4986,45.9268,256
1178,273.2471,69678,113,395,112.06,142.4686,46.0086,255
1179,272.5059,68944,112.45,403,113.11,142.1674,45.8781,253
1180,273.0751,69088,112.475,429,112.37,142.6357,45.9372,253
1181,272.2957,69980,112.05,413,112.07,142.7412,45.7436,257
1182,272.8735,69037,112.325,385,112.52,142.8256,46.0036,253
1183,270.642,69555,111.8625,386,112.53,142.4956,46.0606,257
1184,271.0553,68577,114.025,407,111.64,142.5545,45.7676,253
1185,271.6877,68737,113.2125,405,111.77,142.5021,45.9697,253
1186,269.8701,68547,112.3625,397,112.61,142.7214,45.9233,254
1187,268.6196,68498,112.7,373,113.03,142.5051,45.8786,255
1188,266.6142,67720,112.125,397,112.49,142.6414,45.8399,254
1189,271.5294,69240,112.0125,401,111.93,142.6186,45.6197,255
1190,270.9881,68560,111.75,382,112.42,142.5157,45.9584,253
1191,271.6838,68736,112.2875,387,111.82,142.5305,45.9046,253
1192,270.6126,68465,112.075,382,112.61,142.4379,45.8921,253
1193,271.5798,69796,111.9875,396,111.8,142.7163,45.7534,257
1194,272.898,69589,112.2125,415,111.55,142.557,45.7471,255
1195,270.6575,68747,114.15,371,112.71,142.5843,45.7848,254
1196,268.6187,69035,111.675,378,112.75,142.4167,45.8298,257
1197,269.5117,68995,112.5,386,111.69,142.6618,45.9386,256
1198,268.6118,68496,111.25,383,112.2,142.5622,46.016,255
1199,270.7137,69032,112.95,388,111.76,142.3799,45.906,255
1200,271.4609,69494,111.8875,401,111.49,142.7545,45.8666,256
1201,271.3913,68662,112.45,374,112.86,142.4545,45.8273,253
1202,271.185,68881,112.675,387,112.58,142.4711,46.0096,254
1203,272.332,68900,112.9125,409,112.25,142.8297,45.7368,253
1204,267.7782,68819,112.95,407,111.93,142.5938,45.7266,257
1205,272.3294,69444,112.1375,397,111.97,142.5641,45.8477,255
1206,269.6824,68769,111.5375,386,111.86,142.7304,45.7773,255
1207,270.9252,68815,112.6125,391,113.05,142.3391,45.807,254
1208,269.6063,68480,112.1875,407,112.39,142.4605,45.7933,254
1209,269.251,68659,113.1125,376,112.62,142.5696,45.7473,255
1210,268.3268,68155,111.6,381,112.24,142.8424,45.7513,254
1211,268.747,67993,111.2125,384,113.01,142.2606,45.741,253
1212,268.9331,68309,111.8625,406,111.46,142.4685,45.8528,254
1213,269.0039,69134,111.875,383,112.2,142.5751,45.6246,257
1214,269.0898,68887,111.6875,399,112.61,142.4463,45.8966,256
1215,270.8473,70962,113.675,404,113.5,142.7328,45.9313,262
1216,269.5569,68737,111.875,379,111.38,142.7331,45.8562,255
1217,270.3867,69219,113.2125,404,112.73,142.5069,45.8951,256
1218,272.3898,69187,112.8,399,113.96,142.735,45.8445,254
1219,275.5255,70259,113.2,405,112.66,142.6573,45.8575,255
1220,275.0706,70143,112.2125,415,112.26,142.814,45.8877,255
1221,274.4764,69717,112.7375,398,112.2,142.752,45.6936,254
1222,274.2326,70752,113.0125,411,111.52,143.1879,45.6983,258
1223,274.0198,69327,112.4375,409,112.6,142.7586,45.7666,253
1224,274.0237,69328,111.85,407,112.49,142.5522,45.5794,253
1225,273.2695,69957,111.775,397,112.62,143.1889,45.8449,256
1226,274.5512,69736,111.825,424,113.5,142.9196,45.6822,254
1227,274.4766,70266,113,412,111.72,142.8014,45.8748,256
1228,274.2688,69390,112.475,423,111.6,142.5943,45.8808,253
1229,274.248,69659,113.4,407,112.61,142.6835,45.7596,254
1230,273.6008,69221,112.5125,402,112.32,142.5277,45.6421,253
1231,274.8696,69542,112.075,401,112.53,142.7868,45.9434,253
1232,272.7782,70104,113.6625,392,114.07,142.8572,45.7404,257
1233,271.438,70031,112.6375,395,112.66,142.5044,45.7238,258
1234,272.8301,70663,111.9625,392,112.79,143.1195,45.7217,259
1235,273.2157,69670,112.2375,401,112.36,142.4942,45.9297,255
1236,276.6206,69985,112.1625,404,112.96,142.9032,45.8088,253
1237,275.9331,70087,111.975,415,111.82,143.1564,45.6309,254
1238,272.3682,70271,112.8875,420,112.75,143.0613,45.496,258
1239,276.0672,69845,111.1,421,112.65,142.8255,45.6601,253
1240,274.8333,70907,113.05,399,114.33,142.6127,45.6755,258
1241,273.5529,69756,112.9125,398,112.53,143.1711,45.4778,255
1242,273.878,69565,111.675,389,111.97,143.0143,45.5741,254
1243,269.3668,69766,112.95,379,112.63,143.048,45.7563,259
1244,272.7255,69545,112.7,397,113.13,142.8399,45.6441,255
1245,271.5197,68966,113.2375,411,112.36,142.66,45.6095,254
1246,275.4269,69683,113.3375,419,113.64,142.7496,45.7001,253
1247,276.4704,69947,112.3625,421,112.21,142.9339,45.806,253
1248,273.5373,69752,113,405,112.64,142.9846,45.63,255
1249,276.6378,70266,112.1375,401,111.53,143.1059,45.5604,254
1250,275.4862,69698,112.0875,421,113.25,142.886,45.6413,253
1251,275.9094,70081,112.95,417,113.44,143.1335,45.6289,254
1252,273.4627,69733,112.675,401,112.9,143.1668,45.446,255
1253,271.7791,70119,112.625,407,112.45,143.3421,45.5511,258
1254,270.0078,69392,111.3125,406,113.17,142.9932,45.6808,257
1255,272.0934,69928,112.6875,399,112.51,142.8669,45.7516,257
1256,272.6926,70082,111.2625,402,112.49,142.7216,45.8226,257
1257,269.3516,68954,111.575,422,112.46,142.9076,45.6649,256
1258,269.902,68825,112.7,384,113.49,142.6002,45.8003,255
1259,270.0118,68853,112.0625,401,112.56,142.8245,45.6631,255
1260,269.9209,68290,112.2125,384,112.68,142.8203,45.5805,253
1261,268.5929,67954,112.6375,383,111.78,142.7312,45.5445,253
1262,267.6473,69053,110.925,381,112.92,142.8839,45.957,258
1263,268.7154,67985,112.7125,391,111.87,142.6942,45.6086,253
1264,267.8024,67754,112.2,384,111.98,142.9898,45.6286,253
1265,266.3834,67395,112.0125,394,111.81,143.052,45.6456,253
1266,266.2008,68946,111.175,399,112.93,143.1701,45.7362,259
1267,267.2638,67885,112.525,383,112.08,142.9362,45.5414,254
1268,267.4585,67667,111.65,388,113.15,142.6094,45.8384,253
1269,268.502,67931,112.425,395,111.76,142.6702,45.6938,253
1270,265.9804,67825,113.275,386,112.14,142.8284,45.7597,255
1271,266.2283,67622,112.575,400,112.94,142.7208,45.7507,254
1272,264.0682,69714,113.625,379,114.21,143.1313,45.6084,264
1273,265.8735,67266,113,405,111.82,142.8858,45.5474,253
1274,265.9567,67553,112.0125,383,112.7,143.1698,45.6428,254
1275,265.2261,69224,112.125,398,112.36,143.2966,45.5595,261
1276,266.4269,67406,112.6875,388,112.04,142.7247,45.7317,253
1277,266.1581,67338,112.65,393,111.81,143.1452,45.5045,253
1278,266.0906,67587,112.2375,387,112.54,143.0537,45.6454,254
1279,265.5647,67719,112.2875,374,112.38,143.1324,45.6379,255
1280,266.2244,67621,113.4,398,113.13,143.5073,45.4067,254
1281,267.4032,67653,111.9375,384,111.89,143.61,45.3611,253
1282,265.7255,67760,111.9125,376,112.54,143.3892,45.4795,255
1283,266.3295,68713,111.6875,399,112.87,143.0338,45.779,258
1284,265.6445,68005,111.7375,434,112.3,143.654,45.3169,256
1285,266.7708,67493,112.5375,400,111.67,143.4133,45.3653,253
1286,266.7717,67760,112.6125,384,112.99,143.2857,45.558,254
1287,268.0315,68080,112.4,377,112.14,143.8531,45.2911,254
1288,266.9528,67806,112.7125,402,111.72,143.3628,45.3799,254
1289,267.1719,68396,113.2125,381,112.05,143.2922,45.3268,256
1290,267.9102,68585,113.225,391,113.13,143.4483,45.3953,256
1291,267.6459,68785,111.5625,384,112.13,143.4441,45.3639,257
1292,267.7843,68285,112.6125,374,111.43,143.3851,45.4088,255
1293,266.8745,68053,111.75,382,113.12,143.2311,45.7684,255
1294,265.502,67703,112.75,404,111.25,143.6495,45.4146,255
1295,266.7954,69100,112.35,387,112.34,143.258,45.3093,259
1296,267.1875,68400,112.1625,414,113.11,143.3839,45.4875,256
1297,268,67804,113.1,387,112.88,143.0823,45.5047,253
1298,268.834,68015,112.5125,393,113.01,143.5157,45.3714,253
1299,267.689,67993,112.375,383,111.43,143.0722,45.5641,254
1300,268.0277,67811,112.175,392,112.31,143.3731,45.4339,253
1301,267.2992,67894,112.3,393,111.66,143.5766,45.5288,254
1302,268.5255,68474,112.2875,409,111.47,143.5481,45.6346,255
1303,265.9609,68086,112.675,387,111.29,143.2788,45.3952,256
1304,266.8775,67520,112.8875,400,111.6,143.4051,45.3353,253
1305,265.3682,68465,112.5625,407,112.41,143.5006,45.4765,258
1306,265.2422,67902,112.8125,401,112.55,143.5728,45.2523,256
1307,265.7674,68568,111.6875,401,111.37,143.5325,45.3185,258
1308,265.0469,67852,112.55,406,113.4,143.7703,45.5307,256
1309,267.2,68136,112.7625,388,112.58,143.5861,45.4117,255
1310,266.7589,67490,112.7375,393,112.62,144.0358,45.445,253
1311,267.9062,68584,112.875,380,113.35,143.7566,45.2495,256
1312,268.004,67805,112.5875,392,111.55,143.4275,45.4575,253
1313,266.6692,69334,112.075,400,112.34,143.8923,45.2789,260
1314,267.7126,67999,112.6125,388,112.45,144.2,45.4386,254
1315,265.2773,67911,113.6375,394,111.9,143.95,45.3611,256
1316,263.8863,67291,111.85,377,112.3,143.7381,45.3907,255
1317,266.2539,68161,112.475,395,112.94,144.0463,45.4612,256
1318,265.3661,67403,112.3375,394,113.01,143.6285,45.6206,254
1319,266.3439,67385,111.8,378,111.96,143.7407,45.4783,253
1320,265.9688,68088,112.5125,384,111.81,143.7677,45.3097,256
1321,267.6941,68262,112.5125,383,112.34,144.0051,45.4131,255
1322,266.0593,67313,111.9375,390,112.15,143.8093,45.4623,253
1323,265.3307,68190,112.775,384,112.57,143.7234,45.4831,257
1324,266.3804,67927,112.85,381,113.23,143.635,45.2995,255
1325,263.8837,68082,111.825,397,112.08,144.0528,45.2971,258
1326,262.3969,67436,112.4625,385,112.15,143.3762,45.5033,257
1327,264.749,67511,113.9375,391,113.36,143.8485,45.4246,255
1328,262.9427,68891,112.6125,389,112.74,143.8529,45.35,262
1329,265.0158,67049,113.2,378,111.5,143.4294,45.6456,253
1330,263.6938,68033,112.55,388,112.03,143.0823,45.7147,258
1331,262.2918,67409,111.2125,389,111.73,143.9468,45.5041,257
1332,263.2188,67384,113.2375,413,111.83,143.5014,45.4419,256
1333,263.1843,67112,111.6125,375,113.38,143.6741,45.4784,255
1334,263.902,67295,112.1,391,111.88,143.7104,45.5542,255
1335,262.702,66989,112.5375,387,111.6,143.8243,45.5719,255
1336,265.0672,67062,112.5375,373,112.37,143.3408,45.3599,253
1337,261.9724,66541,112.8875,395,112.75,143.5667,45.4208,254
1338,265.8706,67797,114.25,386,113.38,143.8552,45.5363,255
1339,260.5217,65912,111.425,368,111.56,143.3678,45.5868,253
1340,264.6024,67209,112.525,362,113.67,143.3854,45.61,254
1341,264.3922,67420,112.2875,379,112.65,143.5052,45.6194,255
1342,261.4567,66410,111.7875,388,112.42,143.6494,45.5184,254
1343,262.9409,66787,112.6625,373,113.52,143.7075,45.4531,254
1344,261.7773,67015,111.1,371,112.18,143.2414,45.531,256
1345,262.9802,66534,111.3875,368,111.59,143.4837,45.6227,253
1346,263.1529,67104,112.7625,377,112.57,143.8066,45.4546,255
1347,261.4862,66156,111.7375,406,112.14,143.7157,45.4307,253
1348,261.1457,66331,113.3375,377,112.78,143.4688,45.4333,254
1349,262.2539,67137,112.1,383,112.17,143.3692,45.5682,256
1350,262.8784,67034,112.9375,393,112.36,143.4612,45.5964,255
1351,262.3518,66375,112.725,373,111.95,143.5696,45.2589,253
1352,262.9575,68106,113.125,402,113.11,144.0151,45.3307,259
1353,263.6055,67483,111.8375,387,112.98,143.89,45.2583,256
1354,262.5804,66958,111.9875,368,113.03,143.6993,45.4007,255
1355,262.4506,66400,112.55,409,112.83,143.6028,45.6257,253
1356,263.3633,67421,112.5625,405,111.89,143.4685,45.3914,256
1357,263.9528,67044,112.9625,399,112.93,143.5303,45.6613,254
1358,262.2283,66606,112.65,404,111.32,143.7041,45.3354,254
1359,264.3438,67672,111.75,373,111.88,143.8836,45.4369,256
1360,263.6929,66978,111.975,392,112.24,143.7612,45.2069,254
1361,263.4215,68753,112.6125,378,112.03,143.8778,45.3714,261
1362,263.3725,67160,113.5875,381,111.92,143.7838,45.2289,255
1363,263.7233,66722,112.1,377,112.78,144.327,44.942,253
1364,263.7787,66736,113.05,396,113.35,144.2532,45.0043,253
1365,264.3086,67663,112.3875,385,111.83,144.302,45.1891,256
1366,264.7036,66970,112.9875,379,111.73,144.1839,45.1837,253
1367,264.996,67044,111.5875,382,111.93,143.9398,45.0679,253
1368,263.4269,66647,113.3125,381,111.61,143.8029,45.1001,253
1369,266.1907,68411,112.4375,390,112.62,144.0627,45.2637,257
1370,265.5178,67176,112.7125,379,112.9,144.0293,45.3689,253
1371,265.1581,67085,112.575,394,112.19,143.8,45.3896,253
1372,265.8379,67257,112.125,402,113.22,143.7348,45.2587,253
1373,266.4071,67401,110.975,371,111.98,143.6819,45.1861,253
1374,266.0157,67568,112.1375,414,111.88,143.81,45.3712,254
1375,264.7403,68303,112.075,390,112.12,144.0744,45.3033,258
1376,266.581,67445,111.6625,389,112.26,143.7783,45.5321,253
1377,266.0277,67305,112.225,388,111.34,143.9842,45.4792,253
1378,265.9921,67296,112.7875,396,112.49,144.164,45.4323,253
1379,266.3834,67395,111.7125,387,112.22,144.0149,45.3491,253
1380,266.7843,68030,113.15,419,111.85,144.0366,45.1925,255
1381,264.5652,66935,112.8625,376,111.63,144.0785,45.312,253
1382,264.9134,67288,112.3875,400,112.1,144.0225,45.3312,254
1383,264.0866,67078,112.775,373,112.53,144.3389,45.0998,254
1384,263.6953,67506,112.9875,397,111.76,144.3131,45.1997,256
1385,264.0625,67600,111.7125,384,112.17,144.1635,45.258,256
1386,263.6457,66966,112.1125,386,112.48,144.2777,45.3308,254
1387,263.9526,66780,112.3,383,111.93,144.3038,45.203,253
1388,266.2648,67365,112.8125,408,110.82,144.1319,45.2354,253
1389,266.1725,67874,112.175,393,112.2,143.9141,45.2311,255
1390,266.3386,67650,113.1625,408,111.87,144.6012,45.308,254
1391,267.6367,68515,112.375,372,112.33,144.2211,45.4697,256
1392,267.6848,68795,112.3125,397,111.75,144.1621,45.5362,257
1393,270.0553,68324,113.0125,409,112.89,144.1997,45.5505,253
1394,268.5294,68475,112.775,413,111.45,144.3883,45.2461,255
1395,268.6417,68235,112.7,404,111.89,144.3514,45.2738,254
1396,270.4229,68417,111.8875,413,111.75,144.0451,45.4835,253
1397,268.1811,68118,111.725,404,112.27,144.2036,45.3123,254
1398,268.7194,67986,112.475,410,111.82,143.9298,45.328,253
1399,267.6759,67722,113.1125,379,113.43,143.9931,45.2593,253
1400,267.4078,68189,112.3375,405,113.3,144.2646,45.3897,255
1401,266.6069,69851,112.5,397,112.8,144.5633,45.209,262
1402,266,67830,112.6125,399,112.58,144.0405,45.4946,255
1403,266.2174,67353,112.2375,375,112.32,144.4133,45.3773,253
1404,265.7804,67774,112.325,378,112.4,144.0515,45.3655,255
1405,265.5039,67969,112.25,397,112.72,144.4855,45.1338,256
1406,265.7216,67759,113.175,392,111.92,144.4001,45.082,255
1407,265.4196,67682,111.9,382,111.76,144.7691,45.0449,255
1408,263.4308,68492,112.3,376,112.48,144.8066,45.0627,260
1409,265.6926,68283,112.4125,385,111.93,145.0703,44.843,257
1410,263.3566,67946,112.9625,391,111.26,144.9637,44.9357,258
1411,265.6,69056,112.025,401,112.45,145.1105,44.965,260
1412,264.2244,67113,112,404,111.9,144.6495,45.1029,254
1413,262.051,66823,111.4125,408,111.92,144.454,45.1626,255
1414,265.1012,68131,113.5375,382,112.6,144.7499,45.0562,257
1415,262.5079,66677,112.8125,373,112.72,144.6409,44.8269,254
1416,261.1457,66331,112.575,374,112.62,145.0211,45.1332,254
1417,262.2806,66357,112.3625,392,111.66,144.8202,44.9179,253
1418,262.7188,67256,113.3375,397,113.78,144.7533,45.0588,256
1419,266.3798,68726,112.6375,404,112.82,144.7594,45.1957,258
1420,265.8281,68052,112.9625,396,113.32,144.6407,44.9797,256
1421,263.4784,67187,113.7875,383,113.34,145.0988,45.0566,255
1422,262.0118,66551,112.625,370,111.89,145.0704,44.9138,254
1423,263.3529,67155,111.9,380,112.32,144.7256,45.2118,255
1424,262.0273,67079,111.9875,391,111.48,144.7842,45.2126,256
1425,263.6364,66700,112.0125,392,110.97,144.923,45.0874,253
1426,265.253,67109,113.1375,385,112.31,144.6372,45.0672,253
1427,261.8164,67025,112,376,111.5,144.941,45.0508,256
1428,264.3633,67677,111.7875,372,112.76,144.6919,45.0123,256
1429,265.1063,67337,112.5125,384,112.13,144.6709,45.1814,254
1430,268.7154,67985,112.9125,398,112.3,144.961,45.2295,253
1431,265.4118,67680,112.625,374,112.12,144.6376,45.0634,255
1432,263.0923,68404,111.9,399,111.49,144.4083,45.0459,260
1433,269.1255,68627,113.05,385,112.98,144.8358,45.1137,255
1434,265.102,67601,111.5,403,112.73,144.2815,45.0485,255
1435,266.8735,67519,112.475,386,112.19,144.6313,45.2026,253
1436,267.2756,67888,112.4125,399,112.66,144.5571,45.2614,254
1437,270.9842,68559,112.05,386,112.13,144.6548,45.3445,253
1438,268.4883,68733,113.15,401,111.95,144.6502,45.2375,256
1439,269.098,68620,111.525,423,111.62,144.6176,45.2824,255
1440,266.2913,67638,112.125,403,112.19,144.8421,45.1248,254
1441,268.1265,67836,112.4,381,112.24,144.9519,44.9533,253
1442,268.6314,68501,111.55,390,112.88,144.5402,45.0528,255
1443,265.9055,67540,112.1125,375,112.18,144.3203,45.1958,254
1444,267.5058,68749,113.925,379,111.01,144.3618,45.377,257
1445,269.8465,68541,112.2625,398,112.69,144.4938,44.9789,254
1446,269.5731,68202,112.2,382,111.83,144.7441,44.9312,253
1447,270.3898,68679,112.6875,408,112.88,144.5536,45.0827,254
1448,270.415,68415,112.9625,421,113.05,144.4404,45.0386,253
1449,268.7181,69598,113.6875,395,111.94,144.6454,44.9606,259
1450,271.5703,69522,113.525,437,113.25,144.8282,44.9812,256
1451,270.9805,69642,111.9875,388,112.9,144.4411,45.1197,257
1452,271.0195,69652,111.85,406,112.2,144.871,45.1687,257
1453,269.0615,69956,112.6125,398,111.84,144.7051,45.0323,260
1454,273.2039,69667,112.3125,421,111.33,144.4876,45.0127,255
1455,270.6759,68481,113.075,387,112.77,144.227,45.2133,253
1456,270.6324,68470,113.225,400,111.9,144.1945,45.1306,253
1457,271.1024,68860,112.475,417,112.57,144.57,45.2024,254
1458,268.7907,69348,112.175,391,112.78,144.0314,45.0897,258
1459,270.9373,69089,112.8,396,111.72,144.2852,44.9965,255
1460,269.7273,68241,112.1125,391,112.18,144.4401,44.9375,253
1461,270.087,68332,111.5875,396,112.01,144.5863,45.0353,253
1462,269.9685,68572,112.85,381,112.5,144.6906,45.2016,254
1463,268.0945,68096,112.1125,395,111.83,144.421,44.9327,254
1464,266.5486,68503,112.2,404,111.99,144.5554,44.9355,257
1465,266.2126,67618,111.7875,406,111.68,144.2039,45.0622,254
1466,267.0391,68362,111.9125,400,111.87,144.2434,45.1838,256
1467,267.7835,68017,112.5125,380,111.76,144.5739,44.9831,254
1468,266.4319,68473,111.7125,418,112.27,144.2461,45.016,257
1469,266.4606,67681,111.9,393,111.15,144.535,45.09,254
1470,265.5294,67710,111.875,407,113.14,144.3589,44.9905,255
1471,266.815,67771,112.7875,384,111.81,144.6948,45.1584,254
1472,267.8189,68026,112.6625,398,112.41,144.5089,45.0998,254
1473,265.9921,67296,112.2875,396,112.23,144.0839,45.0695,253
1474,267.3765,68181,112.5125,395,112.65,144.2751,45.3252,255
1475,266.2209,68685,111.6875,396,112.19,144.3021,45.0582,258
1476,267,67551,111.5625,400,112.13,143.9802,45.2702,253
1477,266.1225,67329,111.5125,385,111.37,144.0393,45.1479,253
1478,266.8261,67507,112.5,375,112.7,144.2988,44.8206,253
1479,267.4625,67668,111.6875,384,111.86,144.3549,44.9893,253
1480,265.7323,67496,112.0875,389,112.73,144.6415,44.892,254
1481,264.7148,67767,111.55,413,111.85,144.6522,44.9693,256
1482,266.1333,67864,112.1375,395,112.13,144.4974,44.9512,255
1483,264.6102,67211,111.2125,385,112.52,144.3085,45.0641,254
1484,263.5725,67211,112.8625,390,112.44,144.3408,45.0293,255
1485,267.3004,67627,112.2125,401,111.97,144.4461,45.1173,253
1486,264.8196,67529,113.0625,401,112.31,144.0184,44.9554,255
1487,265.8538,69122,111.875,394,111.91,144.2656,44.9503,260
1488,264.1614,67097,112.625,396,111.07,144.4393,45.0902,254
1489,265.9608,67820,112.025,409,111.76,144.3417,45.0987,255
1490,264.8984,67814,112.5875,398,112.53,144.0754,45.1613,256
1491,264.4449,67169,113.325,405,113.88,144.5938,44.9957,254
1492,263.5843,67214,111.9875,416,112.12,144.0007,45.2301,255
1493,263.5352,67465,111.6625,382,112.7,144.078,44.8849,256
1494,262.7628,66479,111.9375,402,111.63,143.896,45.1054,253
1495,261.4961,66943,112.5375,392,111.65,144.2228,44.9442,256
1496,261.2752,67409,111.5125,407,112.87,144.1799,45.2603,258
1497,263.6705,68027,112.4,380,113.72,144.127,45.1575,258
1498,263.3789,67425,112.475,395,112.02,144.4006,44.8282,256
1499,262.6,66963,112,379,112.48,144.3814,45.1625,255
1500,266.6339,67725,111.4375,388,111.26,144.7979,45.16,254
